1	0	6
2	0	1
2	1	8
3	0	3
3	1	4
3	2	3
4	0	1
4	1	2
4	2	2
4	3	1
5	0	1
5	1	2
5	3	1
5	4	6
6	1	1
6	3	2
6	4	1
6	5	1
7	1	1
7	2	1
7	3	1
7	4	2
7	5	1
7	6	1
8	0	3
8	2	3
8	3	6
8	4	9
8	5	3
8	6	6
8	7	7
9	1	4
9	2	1
9	3	1
9	4	7
9	6	1
9	7	3
9	8	4
10	1	2
10	3	2
10	4	2
10	6	2
10	7	2
10	8	3
10	9	5
11	0	1
11	1	1
11	2	2
11	3	1
11	4	1
11	6	1
11	7	1
11	8	1
11	10	2
12	1	1
12	2	2
12	3	1
12	4	2
12	5	2
12	6	1
12	7	1
12	8	2
12	10	9
12	11	3
13	0	1
13	1	1
13	2	1
13	4	1
13	8	3
13	9	3
13	10	3
13	11	1
13	12	1
14	2	1
14	3	2
14	5	1
14	6	1
14	10	1
14	11	1
14	12	1
14	13	2
15	2	2
15	3	1
15	4	2
15	5	2
15	6	2
15	7	2
15	8	2
15	9	2
15	10	2
15	12	1
15	13	3
15	14	2
16	2	2
16	3	1
16	4	1
16	5	2
16	8	1
16	10	1
16	11	2
16	12	4
16	13	4
16	14	5
16	15	2
17	3	1
17	4	4
17	5	1
17	6	1
17	7	1
17	8	2
17	9	3
17	10	2
17	11	2
17	12	1
17	13	1
17	14	2
17	15	1
17	16	6
18	0	1
18	3	2
18	4	1
18	5	2
18	6	1
18	7	4
18	8	1
18	9	1
18	10	3
18	13	2
18	14	3
18	15	2
18	16	1
18	17	3
19	2	1
19	4	3
19	5	1
19	6	1
19	7	2
19	8	3
19	10	4
19	11	4
19	12	2
19	13	2
19	14	3
19	15	2
19	16	1
19	18	5
20	1	1
20	2	1
20	3	1
20	4	3
20	5	4
20	6	1
20	7	2
20	8	3
20	9	2
20	10	2
20	12	1
20	14	1
20	15	2
20	16	1
20	18	6
20	19	6
21	5	3
21	6	2
21	7	1
21	8	2
21	9	2
21	10	2
21	11	4
21	12	2
21	13	2
21	14	1
21	16	1
21	17	2
21	18	3
21	19	1
21	20	4
22	1	1
22	2	1
22	3	1
22	4	2
22	5	2
22	7	1
22	8	4
22	13	1
22	16	1
22	17	1
22	18	2
22	20	4
22	21	2
23	3	3
23	5	1
23	6	1
23	7	1
23	8	1
23	11	1
23	12	1
23	13	1
23	19	1
23	20	1
23	21	3
23	22	5
24	1	1
24	2	1
24	4	2
24	5	3
24	6	3
24	7	3
24	8	1
24	10	3
24	14	2
24	15	1
24	17	1
24	18	2
24	20	1
24	21	4
24	22	1
24	23	1
25	5	1
26	2	1
26	3	1
26	8	1
26	13	2
26	14	2
27	3	2
27	5	1
27	8	2
27	9	2
27	10	1
27	11	1
27	13	2
27	14	1
27	15	3
27	17	1
27	18	3
27	19	2
27	20	1
27	21	1
27	23	1
27	24	2
27	26	1
28	0	1
28	2	3
28	5	3
28	6	1
28	7	2
28	8	2
28	9	2
28	10	1
28	11	1
28	12	1
28	13	5
28	14	3
28	15	2
28	16	3
28	17	1
28	18	5
28	19	2
28	20	4
28	21	3
28	22	3
28	23	1
28	24	1
28	26	1
28	27	4
29	1	1
29	2	1
29	3	1
29	4	2
29	8	1
29	11	1
29	12	1
29	16	2
29	17	1
29	18	1
29	20	2
29	21	1
29	22	1
29	23	1
29	24	1
29	27	3
29	28	3
30	1	2
30	2	3
30	3	1
30	4	1
30	5	1
30	6	1
30	10	3
30	13	1
30	14	1
30	16	2
30	18	1
30	20	2
30	21	1
30	22	3
30	24	2
30	26	2
30	28	1
30	29	3
31	3	1
31	5	1
31	9	2
31	11	1
31	12	2
31	13	2
31	14	3
31	19	1
31	21	1
31	22	2
31	26	2
31	27	1
31	28	5
31	29	1
31	30	4
32	0	1
32	1	1
32	6	3
32	13	1
32	14	1
32	15	1
32	16	1
32	19	2
32	20	1
32	23	1
32	24	2
32	27	3
32	28	2
32	31	4
33	2	1
33	3	1
33	4	1
33	5	3
33	6	1
33	8	1
33	9	3
33	10	2
33	11	2
33	13	1
33	15	2
33	18	2
33	20	1
33	21	1
33	22	1
33	24	1
33	26	1
33	27	3
33	28	5
33	29	1
33	30	1
33	31	3
33	32	8
34	2	3
34	3	1
34	4	3
34	5	2
34	6	2
34	7	1
34	8	3
34	9	2
34	10	2
34	11	4
34	12	1
34	13	1
34	14	1
34	15	1
34	18	5
34	19	1
34	20	1
34	21	2
34	22	2
34	23	1
34	24	3
34	27	1
34	28	1
34	30	1
34	31	1
34	32	3
34	33	5
35	1	3
35	4	2
35	5	2
35	8	5
35	9	2
35	12	3
35	13	6
35	14	3
35	15	2
35	16	2
35	17	2
35	18	4
35	19	2
35	20	2
35	21	2
35	22	2
35	23	1
35	26	2
35	28	3
35	29	4
35	30	2
35	32	1
35	33	3
35	34	5
36	2	2
36	3	1
36	4	1
36	5	3
36	6	3
36	8	1
36	9	4
36	10	2
36	12	1
36	13	5
36	14	1
36	15	3
36	18	1
36	19	2
36	21	1
36	24	1
36	27	1
36	28	2
36	29	2
36	30	2
36	35	3
37	1	2
37	5	4
37	10	2
37	11	3
37	12	1
37	13	3
37	15	3
37	16	1
37	17	2
37	19	2
37	20	1
37	21	7
37	22	2
37	23	2
37	24	1
37	25	1
37	26	1
37	27	3
37	28	6
37	29	2
37	30	1
37	31	2
37	34	1
37	35	8
37	36	5
38	0	2
38	1	2
38	2	3
38	4	3
38	5	2
38	6	2
38	7	1
38	8	1
38	9	3
38	10	1
38	11	1
38	12	2
38	13	3
38	14	4
38	15	4
38	17	2
38	18	2
38	19	2
38	20	6
38	21	1
38	23	1
38	24	1
38	26	2
38	27	1
38	28	9
38	29	2
38	30	2
38	31	2
38	32	7
38	33	1
38	34	1
38	35	7
38	36	4
38	37	7
39	1	1
39	3	1
39	4	3
39	5	2
39	6	1
39	7	1
39	8	1
39	9	2
39	10	2
39	11	3
39	12	2
39	13	3
39	14	2
39	15	1
39	16	2
39	17	1
39	18	3
39	19	4
39	20	1
39	21	1
39	22	1
39	23	2
39	24	1
39	27	1
39	28	3
39	29	1
39	32	2
39	34	3
39	35	3
39	36	1
39	37	2
39	38	5
40	2	2
40	5	3
40	6	1
40	10	1
40	11	1
40	13	2
40	15	2
40	17	1
40	18	2
40	19	1
40	21	1
40	27	1
40	28	7
40	29	3
40	30	1
40	31	1
40	32	1
40	33	1
40	34	1
40	35	5
40	36	1
40	37	1
40	38	7
40	39	2
41	2	1
41	4	2
41	5	2
41	7	1
41	8	2
41	9	2
41	10	3
41	12	2
41	13	2
41	15	2
41	16	1
41	17	1
41	19	1
41	26	2
41	28	3
41	29	1
41	30	3
41	31	3
41	33	2
41	35	2
41	36	1
41	38	8
41	39	5
41	40	7
42	4	1
42	5	1
42	7	1
42	9	2
42	10	2
42	12	2
42	13	2
42	14	1
42	17	1
42	18	1
42	19	2
42	20	1
42	21	2
42	22	1
42	23	3
42	24	2
42	26	1
42	28	1
42	30	2
42	31	5
42	32	1
42	33	2
42	34	2
42	35	2
42	36	4
42	38	4
42	39	1
42	40	4
42	41	5
43	1	3
43	4	2
43	5	1
43	7	1
43	9	2
43	10	1
43	11	2
43	13	1
43	14	1
43	15	1
43	19	1
43	21	1
43	22	1
43	24	1
43	26	1
43	27	1
43	28	2
43	30	1
43	31	4
43	32	2
43	33	1
43	34	3
43	35	2
43	36	1
43	37	1
43	39	4
43	40	2
43	41	1
43	42	5
44	3	1
44	7	1
44	8	1
44	9	1
44	11	1
44	12	1
44	16	1
44	17	1
44	18	2
44	20	1
44	21	1
44	26	1
44	27	3
44	28	2
44	29	2
44	30	2
44	31	2
44	32	1
44	35	1
44	36	1
44	40	2
44	41	3
44	42	3
44	43	6
45	1	1
45	2	1
45	4	1
45	5	1
45	6	1
45	9	1
45	10	2
45	14	2
45	17	2
45	18	1
45	19	1
45	24	1
45	26	1
45	28	5
45	31	4
45	33	4
45	34	2
45	35	1
45	38	1
45	39	2
45	40	1
45	41	2
45	43	7
45	44	4
46	0	1
46	1	2
46	2	1
46	3	1
46	4	2
46	5	1
46	10	1
46	12	1
46	14	2
46	18	2
46	19	1
46	28	1
46	29	1
46	30	1
46	31	5
46	33	1
46	35	1
46	37	1
46	38	1
46	39	3
46	40	2
46	41	3
46	42	2
46	43	4
46	44	7
46	45	2
47	1	1
47	3	1
47	5	3
47	8	1
47	12	2
47	19	4
47	20	1
47	23	1
47	24	1
47	27	2
47	28	2
47	29	2
47	30	1
47	31	1
47	33	1
47	34	2
47	37	4
47	38	3
47	39	1
47	40	2
47	41	2
47	44	2
47	46	4
48	1	1
48	2	1
48	3	1
48	7	1
48	8	3
48	10	1
48	11	3
48	12	2
48	13	1
48	14	1
48	20	2
48	23	1
48	28	1
48	30	2
48	35	1
48	36	1
48	37	2
48	38	3
48	40	1
48	41	2
48	42	3
48	43	1
48	44	2
48	45	2
48	46	1
48	47	4
49	0	1
49	1	2
49	4	4
49	5	1
49	8	1
49	10	2
49	13	1
49	14	1
49	15	1
49	16	1
49	17	1
49	18	2
49	19	2
49	20	1
49	23	1
49	24	1
49	27	1
49	28	1
49	29	1
49	33	1
49	37	1
49	38	3
49	39	1
49	40	4
49	41	1
49	43	1
49	45	2
49	46	2
49	47	3
49	48	4
50	4	1
50	5	1
50	9	3
50	13	1
50	15	2
50	22	3
50	23	1
50	27	1
50	29	1
50	30	1
50	31	2
50	37	1
50	38	2
50	39	1
50	40	1
50	41	3
50	42	1
50	43	2
50	44	1
50	47	1
50	48	3
50	49	3
51	1	1
51	4	2
51	7	1
51	10	2
51	11	1
51	12	1
51	13	1
51	14	1
51	15	2
51	16	2
51	17	1
51	19	1
51	20	1
51	24	1
51	27	2
51	28	1
51	32	2
51	33	1
51	34	1
51	35	1
51	36	1
51	37	3
51	38	2
51	39	2
51	40	1
51	41	2
51	43	3
51	45	3
51	47	1
51	49	6
51	50	3
52	7	1
52	8	1
52	9	2
52	10	1
52	12	3
52	15	4
52	16	1
52	19	1
52	20	1
52	26	1
52	28	2
52	30	1
52	31	1
52	32	1
52	35	2
52	36	1
52	38	1
52	39	1
52	40	2
52	41	3
52	43	2
52	45	1
52	47	4
52	49	6
52	50	7
52	51	10
53	4	1
53	5	1
53	6	2
53	7	1
53	8	3
53	10	2
53	11	1
53	12	1
53	13	3
53	16	1
53	18	1
53	20	1
53	22	1
53	24	1
53	27	2
53	28	1
53	29	1
53	30	2
53	31	1
53	33	4
53	35	1
53	38	2
53	40	2
53	41	1
53	42	2
53	43	1
53	44	1
53	45	1
53	46	2
53	47	2
53	49	7
53	50	2
53	51	6
53	52	8
54	3	2
54	4	1
54	8	1
54	10	1
54	11	2
54	12	1
54	16	1
54	17	1
54	19	1
54	27	1
54	29	1
54	32	3
54	33	1
54	34	1
54	35	2
54	37	1
54	38	2
54	39	2
54	40	3
54	41	1
54	44	2
54	45	1
54	46	5
54	47	3
54	48	3
54	49	3
54	50	3
54	51	3
54	52	1
54	53	3
55	0	1
55	1	2
55	2	3
55	3	1
55	8	1
55	9	1
55	11	2
55	12	2
55	16	1
55	18	2
55	19	1
55	21	2
55	24	2
55	25	1
55	28	4
55	30	2
55	32	1
55	33	1
55	34	2
55	35	2
55	36	3
55	37	3
55	38	2
55	39	3
55	40	1
55	41	4
55	42	2
55	43	5
55	44	1
55	45	3
55	46	2
55	47	3
55	48	3
55	49	3
55	50	3
55	51	1
55	52	2
55	53	3
55	54	7
56	3	1
56	4	1
56	6	1
56	8	1
56	10	1
56	11	1
56	12	1
56	17	1
56	18	1
56	23	2
56	26	1
56	28	2
56	30	1
56	32	2
56	33	1
56	35	1
56	36	2
56	37	2
56	38	1
56	39	2
56	40	2
56	42	1
56	44	2
56	45	3
56	46	4
56	47	2
56	48	5
56	49	3
56	51	1
56	52	1
56	53	1
56	54	3
56	55	3
57	4	1
57	6	1
57	11	1
57	18	1
57	27	5
57	28	1
57	29	1
57	30	2
57	31	1
57	32	1
57	33	1
57	35	1
57	36	1
57	38	3
57	39	2
57	40	1
57	41	2
57	43	2
57	44	1
57	45	2
57	46	2
57	47	3
57	48	2
57	49	4
57	50	2
57	51	2
57	53	4
57	54	1
57	55	5
57	56	5
58	1	1
58	4	1
58	12	1
58	15	2
58	17	1
58	18	2
58	19	2
58	26	2
58	27	1
58	29	1
58	30	2
58	32	2
58	35	1
58	37	1
58	38	1
58	39	1
58	40	1
58	41	3
58	43	1
58	45	1
58	46	1
58	47	3
58	48	2
58	49	1
58	50	1
58	51	3
58	52	4
58	53	3
58	54	3
58	55	1
58	56	4
58	57	6
59	2	2
59	3	1
59	4	3
59	5	2
59	8	2
59	9	1
59	11	1
59	13	1
59	14	1
59	16	3
59	17	1
59	19	1
59	21	1
59	22	2
59	28	3
59	29	2
59	30	3
59	31	2
59	32	2
59	33	2
59	34	1
59	35	1
59	37	2
59	38	3
59	39	2
59	40	2
59	41	3
59	42	1
59	43	4
59	44	5
59	46	2
59	47	1
59	48	1
59	49	2
59	50	1
59	51	1
59	52	1
59	53	4
59	54	1
59	55	1
59	56	6
59	57	6
59	58	5
60	3	2
60	4	2
60	5	2
60	6	1
60	7	1
60	8	1
60	10	1
60	11	1
60	13	2
60	14	1
60	15	4
60	18	2
60	19	6
60	24	3
60	27	1
60	28	3
60	30	1
60	31	4
60	32	1
60	34	2
60	37	1
60	38	1
60	39	5
60	40	4
60	41	4
60	42	2
60	43	2
60	45	1
60	47	3
60	48	2
60	49	3
60	50	5
60	51	7
60	52	3
60	53	5
60	54	1
60	55	1
60	56	1
60	57	4
60	58	2
60	59	2
