1	0	2
2	0	2
2	1	4
3	0	1
3	1	2
3	2	5
4	1	1
4	2	3
4	3	1
5	0	1
5	1	3
5	3	2
5	4	3
6	0	1
6	3	2
6	4	4
6	5	1
7	1	2
7	2	1
7	4	2
7	5	2
7	6	8
8	1	1
8	2	2
8	3	1
8	4	5
8	5	3
8	6	2
8	7	3
9	1	1
9	2	1
9	3	1
9	4	1
9	5	2
9	6	1
9	7	2
9	8	7
10	0	1
10	1	2
10	2	3
10	3	1
10	4	1
10	5	2
10	6	2
10	7	3
10	8	1
10	9	5
11	2	1
11	3	1
11	6	3
11	7	2
11	8	3
11	9	1
11	10	7
12	1	1
12	2	1
12	3	4
12	5	2
12	8	3
12	10	5
12	11	6
13	0	2
13	1	1
13	3	1
13	4	2
13	5	1
13	6	1
13	7	2
13	8	5
13	9	2
13	11	2
13	12	4
14	1	1
14	4	2
14	9	1
14	10	4
14	11	3
14	12	2
14	13	2
15	4	1
15	8	4
15	10	3
15	13	2
15	14	3
16	1	1
16	2	1
16	4	1
16	5	1
16	6	1
16	7	1
16	8	2
16	10	2
16	11	1
16	12	1
16	13	3
16	14	3
16	15	1
17	3	2
17	4	1
17	5	2
17	6	3
17	7	2
17	8	3
17	9	2
17	10	3
17	11	1
17	13	4
17	14	1
17	15	1
17	16	3
18	1	1
18	2	2
18	3	2
18	5	4
18	7	1
18	8	1
18	9	2
18	10	2
18	12	2
18	13	1
18	14	3
18	15	4
18	16	2
18	17	4
19	1	1
19	2	1
19	4	3
19	5	1
19	6	1
19	7	4
19	8	1
19	9	1
19	10	4
19	11	1
19	12	2
19	13	4
19	14	2
19	15	1
19	16	3
19	17	5
19	18	4
20	3	2
20	4	3
20	5	1
20	6	1
20	7	3
20	8	2
20	9	1
20	11	1
20	12	1
20	13	1
20	15	3
20	16	5
20	17	2
20	18	4
20	19	7
21	2	1
21	3	1
21	4	2
21	5	2
21	6	1
21	7	2
21	10	1
21	11	3
21	12	1
21	14	2
21	15	2
21	16	2
21	17	1
21	18	5
21	19	3
21	20	6
22	1	1
22	3	1
22	4	1
22	5	1
22	7	2
22	8	1
22	11	1
22	12	2
22	13	2
22	14	2
22	15	2
22	17	1
22	19	2
22	20	3
22	21	1
23	0	1
23	4	2
23	5	1
23	7	1
23	9	1
23	10	2
23	13	2
23	14	1
23	15	1
23	17	1
23	18	2
23	20	4
23	21	2
23	22	3
24	4	1
24	5	2
24	7	2
24	8	4
24	9	1
24	12	1
24	13	2
24	14	1
24	15	2
24	17	1
24	18	1
24	19	3
24	20	1
24	21	2
24	23	7
25	5	1
25	6	1
25	11	2
25	12	1
25	23	1
26	2	1
26	8	1
26	10	1
26	13	1
26	16	1
26	17	1
26	18	1
26	19	2
26	20	1
26	24	1
27	3	2
27	5	1
27	8	1
27	9	2
27	10	2
27	13	4
27	14	1
27	15	1
27	16	3
27	17	2
27	18	2
27	20	1
27	21	1
27	22	1
27	23	2
27	26	2
28	1	3
28	2	2
28	3	3
28	4	1
28	5	3
28	6	3
28	8	1
28	9	1
28	10	2
28	12	3
28	13	5
28	14	3
28	15	3
28	16	4
28	17	2
28	18	4
28	19	2
28	20	2
28	21	1
28	22	2
28	24	3
28	26	2
29	2	1
29	4	2
29	6	1
29	8	2
29	10	1
29	13	3
29	15	1
29	17	1
29	20	1
29	21	1
29	22	1
29	27	1
29	28	5
30	0	1
30	3	2
30	5	2
30	6	1
30	7	1
30	8	2
30	10	1
30	12	1
30	13	1
30	14	1
30	15	4
30	16	1
30	18	2
30	20	1
30	22	1
30	23	1
30	24	1
30	27	1
30	29	5
31	2	3
31	3	2
31	5	1
31	8	1
31	9	2
31	10	1
31	13	1
31	14	1
31	16	4
31	18	2
31	19	1
31	20	1
31	21	1
31	22	3
31	24	2
31	26	1
31	27	2
31	28	5
31	29	6
31	30	3
32	2	2
32	5	1
32	6	2
32	8	2
32	11	1
32	12	1
32	13	4
32	14	1
32	16	1
32	17	1
32	19	3
32	20	1
32	21	1
32	24	1
32	27	2
32	28	4
32	29	2
32	30	1
32	31	2
33	1	1
33	3	2
33	4	1
33	5	1
33	6	1
33	7	1
33	8	2
33	9	2
33	13	2
33	14	2
33	16	1
33	17	1
33	18	2
33	19	1
33	20	2
33	21	3
33	22	1
33	23	2
33	24	3
33	28	5
33	29	1
33	30	1
33	31	6
33	32	3
34	0	2
34	1	1
34	2	1
34	3	1
34	4	3
34	8	1
34	11	3
34	12	1
34	14	2
34	15	1
34	16	1
34	18	2
34	21	2
34	22	2
34	23	1
34	24	4
34	27	1
34	28	2
34	30	1
34	31	2
34	32	6
34	33	1
35	0	1
35	1	2
35	2	1
35	3	1
35	4	2
35	6	1
35	8	2
35	10	3
35	11	1
35	12	1
35	13	2
35	14	3
35	15	2
35	16	2
35	17	1
35	18	5
35	19	1
35	20	1
35	21	3
35	23	3
35	27	2
35	28	9
35	29	2
35	32	1
35	33	1
35	34	5
36	1	2
36	3	1
36	4	2
36	5	1
36	6	1
36	7	2
36	8	1
36	9	3
36	12	1
36	13	2
36	14	1
36	16	2
36	17	1
36	18	1
36	19	1
36	22	3
36	24	1
36	25	1
36	27	2
36	28	2
36	29	1
36	30	1
36	31	1
36	33	1
36	34	2
36	35	2
37	0	1
37	1	1
37	3	2
37	4	1
37	5	3
37	6	1
37	7	1
37	8	1
37	10	2
37	12	2
37	13	4
37	14	5
37	16	3
37	17	3
37	18	1
37	19	2
37	20	3
37	21	2
37	24	3
37	26	1
37	27	3
37	28	1
37	29	2
37	30	1
37	31	1
37	32	1
37	33	2
37	34	2
37	35	8
37	36	4
38	1	1
38	3	1
38	4	1
38	5	1
38	7	3
38	9	4
38	10	1
38	11	1
38	12	2
38	13	5
38	14	4
38	15	1
38	16	3
38	18	3
38	19	3
38	20	1
38	21	1
38	22	1
38	23	1
38	24	1
38	26	2
38	27	1
38	28	3
38	29	2
38	30	2
38	31	3
38	32	1
38	33	1
38	34	5
38	35	8
38	36	1
38	37	4
39	1	2
39	2	2
39	3	2
39	4	2
39	5	2
39	7	1
39	10	3
39	12	2
39	13	5
39	14	3
39	15	2
39	16	1
39	17	6
39	18	2
39	19	1
39	20	1
39	22	1
39	23	2
39	24	1
39	26	2
39	27	2
39	28	6
39	30	2
39	31	1
39	33	2
39	34	1
39	35	8
39	36	3
39	37	5
39	38	10
40	2	2
40	3	1
40	4	1
40	5	1
40	6	2
40	7	1
40	8	1
40	9	3
40	10	1
40	12	4
40	14	2
40	16	4
40	17	2
40	18	1
40	19	2
40	20	1
40	21	2
40	22	1
40	24	1
40	26	1
40	28	8
40	30	5
40	31	4
40	32	4
40	33	3
40	34	1
40	35	2
40	36	3
40	37	6
40	38	14
40	39	2
41	1	1
41	2	3
41	4	1
41	5	1
41	6	1
41	9	1
41	10	2
41	11	1
41	12	2
41	13	4
41	15	2
41	16	3
41	17	1
41	18	2
41	21	1
41	26	1
41	28	3
41	30	2
41	31	2
41	32	3
41	33	3
41	34	1
41	35	1
41	36	1
41	37	2
41	38	6
41	39	2
41	40	5
42	0	1
42	4	1
42	5	2
42	7	2
42	9	3
42	14	1
42	15	1
42	16	1
42	19	1
42	20	1
42	22	2
42	27	1
42	28	3
42	29	3
42	30	1
42	32	2
42	33	1
42	34	2
42	35	2
42	36	1
42	38	2
42	40	3
42	41	4
43	1	1
43	3	1
43	4	2
43	6	1
43	7	2
43	9	1
43	10	1
43	11	1
43	12	1
43	13	2
43	15	1
43	16	1
43	18	1
43	19	1
43	20	1
43	22	1
43	24	1
43	27	1
43	28	2
43	29	2
43	30	3
43	31	2
43	32	1
43	33	1
43	35	1
43	36	2
43	37	4
43	38	2
43	39	2
43	40	2
43	41	1
43	42	5
44	0	1
44	1	2
44	2	2
44	3	1
44	4	1
44	5	2
44	9	1
44	11	1
44	13	1
44	19	1
44	21	3
44	26	1
44	28	1
44	29	2
44	30	4
44	31	2
44	32	2
44	33	2
44	34	2
44	35	1
44	39	2
44	40	3
44	41	2
44	42	2
44	43	9
45	1	1
45	2	1
45	3	2
45	5	1
45	6	1
45	8	2
45	9	2
45	12	1
45	13	2
45	18	2
45	28	1
45	29	1
45	30	1
45	31	1
45	32	1
45	33	1
45	34	1
45	35	2
45	36	3
45	37	2
45	38	1
45	39	2
45	40	4
45	41	1
45	42	2
45	43	4
45	44	6
46	1	1
46	2	1
46	5	1
46	11	2
46	12	1
46	13	1
46	14	1
46	19	1
46	21	1
46	26	2
46	27	1
46	29	1
46	30	1
46	31	1
46	33	1
46	36	2
46	37	1
46	38	2
46	39	2
46	40	1
46	41	1
46	42	2
46	43	3
46	44	2
46	45	3
47	1	1
47	3	2
47	6	1
47	7	1
47	8	1
47	9	1
47	12	1
47	14	2
47	19	2
47	20	1
47	24	2
47	27	1
47	30	2
47	35	1
47	37	2
47	39	2
47	40	2
47	42	1
47	43	1
47	44	3
47	45	3
47	46	5
48	3	1
48	4	1
48	7	2
48	8	1
48	12	1
48	13	1
48	15	2
48	20	2
48	22	1
48	23	1
48	28	2
48	30	3
48	37	1
48	38	5
48	39	3
48	41	3
48	42	1
48	45	2
48	47	9
49	0	2
49	2	2
49	3	1
49	4	2
49	5	1
49	8	1
49	10	1
49	11	2
49	14	1
49	16	1
49	18	3
49	19	1
49	20	1
49	21	1
49	24	1
49	25	1
49	27	1
49	28	2
49	29	2
49	31	1
49	32	1
49	33	3
49	34	1
49	35	1
49	36	3
49	39	1
49	41	1
49	42	2
49	43	1
49	44	3
49	46	2
49	47	2
49	48	1
50	0	1
50	1	2
50	3	2
50	5	1
50	9	1
50	10	3
50	12	2
50	14	1
50	15	1
50	18	1
50	28	2
50	30	1
50	38	2
50	39	1
50	40	1
50	43	1
50	44	1
50	47	2
50	48	1
50	49	5
51	10	2
51	11	3
51	14	2
51	15	2
51	16	3
51	19	3
51	24	2
51	26	2
51	27	2
51	28	3
51	30	1
51	32	2
51	33	2
51	38	2
51	39	2
51	40	2
51	41	2
51	42	1
51	43	1
51	44	1
51	45	2
51	46	1
51	49	3
51	50	2
52	8	1
52	9	1
52	10	1
52	11	2
52	12	3
52	14	1
52	16	3
52	17	2
52	18	3
52	20	1
52	24	2
52	26	2
52	27	1
52	28	1
52	29	1
52	30	1
52	32	1
52	33	1
52	34	2
52	35	3
52	36	1
52	37	2
52	38	3
52	39	1
52	40	2
52	41	1
52	42	1
52	43	2
52	45	1
52	46	2
52	48	1
52	49	5
52	50	4
52	51	9
53	3	1
53	4	1
53	5	1
53	7	1
53	10	1
53	11	1
53	12	1
53	13	1
53	14	1
53	15	2
53	16	1
53	17	1
53	18	1
53	19	1
53	28	1
53	29	1
53	30	1
53	32	1
53	34	1
53	35	1
53	36	1
53	37	2
53	38	1
53	39	1
53	40	2
53	41	3
53	43	1
53	44	3
53	45	1
53	46	2
53	47	2
53	48	1
53	49	5
53	50	2
53	51	7
53	52	1
54	1	1
54	3	1
54	4	1
54	5	1
54	6	1
54	7	1
54	9	1
54	10	1
54	12	1
54	13	3
54	14	2
54	16	2
54	17	1
54	19	2
54	20	1
54	26	2
54	28	1
54	29	3
54	30	1
54	31	2
54	33	2
54	35	2
54	37	1
54	38	3
54	40	1
54	41	3
54	42	3
54	43	4
54	44	1
54	45	5
54	46	3
54	47	2
54	48	4
54	49	2
54	50	5
54	51	4
54	52	2
54	53	3
55	0	1
55	1	1
55	2	2
55	5	2
55	8	2
55	9	1
55	10	1
55	11	6
55	12	2
55	13	1
55	14	1
55	15	2
55	17	1
55	18	2
55	19	1
55	22	2
55	24	2
55	28	4
55	30	3
55	31	1
55	32	1
55	33	2
55	39	3
55	40	1
55	41	2
55	43	3
55	44	3
55	46	3
55	47	5
55	48	2
55	49	3
55	50	2
55	51	3
55	52	2
55	53	2
55	54	6
56	4	1
56	5	1
56	12	1
56	13	3
56	15	1
56	18	1
56	20	1
56	27	1
56	28	4
56	30	2
56	31	2
56	34	2
56	35	2
56	36	1
56	38	2
56	39	1
56	41	1
56	42	2
56	43	4
56	44	1
56	45	4
56	46	3
56	47	6
56	49	2
56	50	1
56	51	1
56	52	2
56	53	3
56	54	2
56	55	3
57	0	2
57	2	1
57	3	2
57	4	1
57	9	1
57	12	2
57	16	1
57	17	1
57	19	1
57	23	1
57	24	1
57	28	2
57	32	2
57	36	1
57	37	2
57	38	1
57	39	2
57	41	1
57	42	1
57	43	1
57	44	2
57	46	2
57	47	2
57	49	8
57	50	3
57	51	2
57	52	4
57	53	5
57	54	2
57	56	3
58	4	1
58	9	1
58	13	3
58	15	1
58	17	1
58	18	1
58	19	1
58	23	1
58	24	1
58	25	1
58	26	1
58	27	2
58	28	2
58	32	1
58	33	1
58	34	1
58	35	1
58	38	2
58	39	2
58	40	3
58	41	3
58	42	3
58	43	3
58	44	1
58	45	1
58	46	7
58	47	2
58	49	1
58	50	1
58	51	2
58	52	1
58	53	3
58	54	1
58	55	1
58	56	3
58	57	6
59	1	1
59	2	1
59	3	1
59	4	1
59	7	1
59	8	1
59	10	1
59	11	2
59	12	1
59	13	1
59	16	1
59	18	2
59	21	1
59	22	1
59	26	1
59	27	1
59	28	4
59	29	1
59	30	3
59	31	1
59	32	2
59	33	2
59	34	1
59	35	4
59	36	2
59	37	1
59	38	3
59	39	2
59	40	2
59	41	3
59	42	6
59	43	4
59	45	2
59	47	2
59	48	2
59	49	2
59	50	2
59	51	1
59	52	1
59	53	2
59	54	1
59	55	3
59	56	4
59	57	1
59	58	4
60	0	1
60	1	1
60	2	2
60	3	2
60	6	3
60	7	1
60	8	3
60	9	1
60	10	2
60	12	1
60	13	1
60	15	2
60	16	1
60	18	1
60	21	3
60	22	2
60	24	1
60	26	1
60	28	1
60	29	1
60	32	4
60	35	4
60	36	2
60	38	4
60	39	3
60	40	3
60	42	6
60	43	2
60	44	1
60	45	1
60	46	2
60	47	3
60	48	1
60	49	6
60	50	1
60	51	2
60	52	8
60	53	7
60	54	2
60	55	2
60	56	3
60	57	2
60	58	5
60	59	2
