1	0	6
2	0	1
2	1	4
3	0	2
3	1	5
3	2	3
4	0	2
4	1	2
4	2	2
5	0	2
5	3	1
5	4	3
6	1	1
6	2	2
6	3	1
6	4	3
6	5	3
7	1	1
7	3	1
7	4	2
7	5	2
7	6	5
8	0	1
8	1	2
8	2	2
8	3	2
8	4	4
8	5	4
8	6	6
8	7	3
9	1	1
9	2	1
9	3	2
9	4	7
9	5	1
9	6	2
9	7	1
9	8	5
10	0	1
10	3	6
10	4	1
10	5	1
10	6	3
10	7	1
10	8	3
10	9	9
11	2	2
11	3	2
11	4	1
11	5	2
11	6	2
11	7	2
11	8	1
11	9	1
11	10	5
12	1	3
12	2	1
12	4	3
12	5	1
12	6	1
12	8	3
12	9	1
12	10	4
12	11	6
13	1	1
13	3	2
13	4	2
13	6	2
13	7	1
13	8	1
13	9	1
13	10	4
13	11	1
13	12	2
14	4	1
14	5	1
14	6	1
14	8	3
14	10	1
14	13	3
15	0	1
15	2	1
15	3	1
15	6	1
15	7	1
15	8	1
15	9	1
15	11	1
15	12	2
15	14	5
16	2	1
16	3	1
16	4	3
16	5	4
16	7	2
16	8	3
16	10	3
16	11	2
16	12	4
16	13	5
16	14	1
16	15	3
17	2	2
17	3	1
17	4	1
17	5	1
17	6	2
17	9	1
17	10	2
17	11	3
17	12	5
17	13	3
17	14	5
17	15	2
17	16	2
18	2	2
18	4	1
18	5	2
18	7	4
18	8	1
18	10	2
18	12	3
18	13	2
18	16	3
18	17	2
19	0	1
19	1	2
19	2	2
19	3	3
19	4	1
19	6	1
19	7	1
19	8	4
19	10	1
19	11	1
19	12	4
19	13	2
19	14	2
19	16	3
19	17	4
19	18	4
20	1	1
20	3	1
20	4	1
20	5	5
20	6	6
20	7	1
20	8	2
20	9	2
20	10	2
20	11	1
20	12	1
20	13	4
20	14	2
20	15	1
20	16	2
20	18	3
20	19	2
21	1	2
21	4	4
21	5	1
21	7	3
21	8	5
21	9	1
21	10	2
21	12	1
21	13	1
21	14	2
21	15	2
21	16	3
21	19	2
21	20	6
22	3	1
22	4	3
22	5	4
22	6	3
22	8	2
22	9	1
22	10	3
22	11	2
22	12	2
22	13	2
22	14	1
22	15	1
22	18	1
22	19	3
22	20	3
22	21	4
23	3	2
23	4	2
23	6	1
23	10	1
23	11	1
23	13	1
23	16	1
23	17	1
23	19	1
23	20	4
23	21	2
23	22	5
24	2	2
24	3	1
24	4	3
24	5	2
24	6	2
24	7	3
24	8	1
24	9	2
24	12	1
24	14	1
24	17	3
24	18	1
24	19	1
24	20	4
24	21	2
24	22	5
24	23	5
25	0	1
25	3	1
25	17	1
26	2	2
26	6	1
26	13	2
26	14	1
26	15	1
26	16	3
26	17	1
26	18	1
26	19	1
26	22	2
26	24	1
27	3	1
27	4	3
27	6	1
27	9	2
27	11	1
27	12	1
27	13	1
27	14	2
27	15	2
27	16	2
27	19	1
27	21	1
27	23	1
27	24	2
28	1	2
28	4	4
28	6	1
28	7	2
28	8	3
28	9	2
28	11	3
28	12	1
28	13	1
28	14	1
28	15	2
28	16	2
28	17	3
28	18	2
28	19	2
28	20	2
28	21	1
28	23	1
28	24	2
28	26	2
28	27	3
29	2	2
29	3	1
29	5	1
29	10	2
29	11	1
29	16	1
29	18	2
29	19	1
29	24	1
30	1	2
30	4	2
30	5	2
30	6	1
30	7	2
30	8	2
30	10	1
30	11	1
30	12	3
30	13	2
30	14	1
30	17	2
30	18	7
30	19	2
30	20	1
30	21	1
30	22	1
30	24	3
30	25	1
30	28	4
30	29	5
31	8	1
31	9	1
31	10	2
31	11	1
31	14	2
31	16	2
31	17	1
31	18	1
31	19	2
31	20	1
31	21	1
31	22	1
31	23	1
31	26	1
31	28	2
31	30	3
32	1	4
32	2	1
32	4	1
32	8	1
32	9	1
32	10	1
32	11	1
32	12	1
32	13	1
32	14	1
32	16	2
32	17	2
32	18	3
32	19	1
32	21	1
32	22	1
32	23	3
32	24	1
32	26	1
32	27	1
32	28	5
32	29	1
32	30	4
32	31	5
33	1	1
33	3	1
33	4	1
33	5	1
33	7	1
33	8	3
33	9	1
33	12	1
33	13	3
33	14	1
33	15	1
33	18	1
33	20	3
33	22	2
33	23	2
33	24	2
33	27	1
33	28	4
33	30	2
33	31	2
33	32	9
34	2	1
34	4	3
34	5	1
34	6	2
34	7	1
34	9	2
34	10	1
34	11	3
34	12	1
34	14	1
34	15	1
34	17	1
34	18	1
34	19	1
34	21	4
34	22	3
34	23	4
34	24	1
34	28	5
34	29	3
34	30	3
34	31	1
34	32	2
34	33	3
35	0	1
35	1	3
35	3	1
35	4	5
35	5	1
35	6	1
35	8	1
35	9	2
35	10	1
35	11	1
35	12	1
35	13	4
35	14	2
35	15	2
35	16	2
35	17	4
35	18	7
35	19	2
35	20	2
35	21	2
35	22	3
35	23	3
35	26	1
35	27	1
35	28	5
35	30	1
35	31	5
35	32	1
35	33	2
35	34	4
36	1	1
36	3	2
36	4	3
36	5	3
36	6	1
36	7	2
36	8	1
36	9	3
36	10	2
36	12	3
36	13	3
36	16	1
36	18	2
36	19	1
36	20	2
36	21	1
36	22	1
36	24	2
36	27	3
36	28	2
36	31	1
36	34	1
36	35	2
37	2	1
37	3	1
37	4	3
37	9	4
37	10	3
37	11	3
37	12	1
37	13	9
37	15	1
37	16	4
37	17	3
37	18	1
37	19	3
37	20	3
37	21	1
37	22	3
37	23	1
37	24	1
37	26	1
37	28	3
37	29	1
37	30	4
37	32	2
37	33	1
37	34	2
37	35	7
37	36	2
38	1	1
38	2	2
38	4	1
38	8	1
38	10	2
38	12	2
38	13	3
38	15	2
38	16	2
38	17	1
38	18	1
38	19	4
38	20	2
38	22	1
38	23	2
38	24	1
38	26	1
38	27	4
38	28	4
38	30	1
38	31	3
38	32	1
38	33	3
38	35	6
38	36	1
38	37	7
39	3	1
39	4	2
39	5	1
39	6	2
39	7	1
39	8	4
39	9	2
39	10	3
39	11	2
39	12	4
39	13	4
39	14	5
39	15	1
39	16	2
39	18	2
39	19	3
39	20	2
39	21	3
39	27	2
39	28	3
39	29	1
39	30	3
39	31	1
39	32	1
39	34	2
39	35	3
39	36	3
39	37	6
39	38	10
40	2	1
40	3	2
40	5	3
40	6	2
40	9	2
40	11	4
40	13	5
40	15	1
40	16	3
40	17	2
40	18	2
40	20	1
40	21	1
40	22	1
40	26	1
40	27	2
40	28	2
40	29	4
40	30	4
40	31	2
40	32	2
40	33	1
40	34	3
40	35	6
40	36	3
40	37	4
40	38	14
40	39	3
41	1	1
41	2	1
41	6	2
41	9	1
41	10	1
41	11	3
41	12	3
41	13	4
41	14	2
41	15	1
41	17	2
41	18	2
41	19	2
41	20	1
41	23	2
41	24	2
41	25	1
41	27	3
41	28	6
41	30	3
41	32	1
41	33	2
41	34	3
41	35	1
41	37	5
41	38	4
41	39	2
41	40	11
42	4	1
42	6	1
42	7	1
42	8	1
42	9	1
42	10	1
42	11	2
42	12	2
42	14	1
42	15	1
42	18	1
42	20	2
42	23	1
42	24	1
42	26	1
42	27	1
42	28	1
42	30	1
42	31	1
42	32	3
42	33	1
42	36	3
42	37	2
42	38	4
42	39	2
42	40	2
42	41	4
43	1	1
43	3	1
43	4	1
43	5	1
43	6	1
43	8	1
43	9	1
43	12	1
43	14	1
43	15	1
43	16	3
43	17	1
43	18	1
43	19	2
43	20	2
43	21	2
43	23	1
43	27	2
43	28	3
43	30	3
43	31	3
43	33	1
43	34	1
43	35	3
43	36	1
43	39	1
43	40	1
43	41	4
43	42	1
44	0	1
44	1	1
44	3	1
44	5	1
44	9	1
44	10	2
44	11	1
44	13	2
44	14	2
44	16	1
44	17	2
44	20	1
44	27	1
44	28	1
44	30	1
44	31	5
44	32	1
44	33	2
44	34	2
44	35	1
44	39	1
44	40	2
44	41	2
44	42	3
44	43	4
45	1	2
45	5	1
45	7	1
45	9	1
45	13	4
45	14	1
45	19	3
45	24	2
45	27	1
45	28	1
45	29	2
45	30	3
45	31	1
45	32	1
45	33	3
45	37	1
45	38	3
45	39	1
45	40	1
45	41	1
45	42	2
45	43	5
45	44	6
46	2	2
46	3	1
46	5	1
46	10	1
46	11	2
46	12	1
46	13	2
46	14	1
46	18	2
46	21	1
46	22	1
46	28	4
46	30	3
46	32	1
46	33	2
46	37	1
46	38	1
46	39	1
46	40	4
46	41	1
46	43	2
46	44	5
46	45	6
47	1	1
47	2	1
47	3	1
47	4	3
47	5	2
47	9	1
47	10	2
47	11	2
47	12	1
47	13	2
47	15	1
47	17	1
47	18	1
47	24	1
47	27	1
47	29	2
47	33	2
47	34	2
47	35	2
47	38	4
47	40	1
47	43	1
47	44	2
47	45	2
47	46	7
48	3	1
48	4	1
48	11	1
48	12	1
48	30	1
48	31	2
48	36	1
48	37	1
48	38	1
48	40	1
48	43	2
48	44	1
48	45	1
48	46	2
48	47	9
49	0	2
49	5	3
49	9	1
49	11	2
49	12	2
49	13	1
49	14	2
49	15	1
49	16	1
49	19	1
49	20	2
49	23	1
49	24	2
49	27	1
49	28	3
49	29	1
49	33	1
49	35	2
49	36	3
49	37	2
49	38	3
49	39	4
49	40	2
49	41	1
49	42	2
49	43	1
49	44	1
49	45	1
49	46	4
49	47	2
49	48	5
50	1	1
50	3	1
50	5	1
50	8	1
50	9	1
50	12	2
50	13	1
50	14	1
50	22	2
50	23	2
50	28	1
50	29	1
50	31	1
50	32	1
50	35	1
50	36	1
50	37	2
50	38	1
50	42	2
50	43	2
50	47	2
50	48	4
50	49	3
51	4	1
51	7	1
51	8	1
51	11	2
51	13	1
51	14	1
51	15	2
51	19	1
51	20	1
51	23	2
51	25	1
51	26	1
51	27	3
51	29	1
51	30	1
51	32	2
51	34	1
51	35	2
51	38	1
51	39	2
51	42	1
51	43	1
51	44	1
51	47	3
51	49	4
51	50	6
52	4	1
52	6	1
52	7	1
52	8	1
52	9	1
52	11	2
52	12	2
52	13	1
52	14	3
52	15	3
52	16	2
52	18	2
52	19	2
52	23	2
52	30	1
52	31	1
52	32	1
52	34	1
52	35	4
52	36	2
52	37	1
52	38	2
52	41	3
52	43	2
52	44	1
52	45	1
52	46	3
52	47	2
52	48	2
52	49	7
52	50	2
52	51	8
53	2	1
53	4	2
53	5	2
53	6	1
53	9	3
53	10	3
53	11	1
53	12	1
53	13	2
53	14	1
53	15	2
53	16	1
53	17	1
53	18	1
53	20	2
53	24	1
53	27	1
53	28	3
53	29	1
53	31	1
53	33	1
53	35	3
53	36	1
53	37	1
53	39	2
53	40	2
53	42	1
53	43	2
53	45	4
53	46	1
53	47	4
53	48	2
53	49	4
53	50	5
53	51	7
53	52	4
54	1	1
54	2	3
54	3	2
54	5	4
54	8	2
54	13	1
54	16	2
54	18	1
54	20	1
54	23	1
54	27	1
54	28	2
54	29	1
54	32	2
54	33	1
54	34	1
54	36	4
54	38	3
54	39	2
54	40	3
54	42	3
54	43	5
54	44	3
54	45	3
54	46	6
54	47	3
54	49	3
54	52	2
54	53	2
55	1	2
55	2	2
55	3	1
55	4	1
55	5	2
55	8	2
55	10	2
55	12	4
55	13	2
55	15	1
55	18	1
55	19	2
55	20	1
55	21	1
55	22	1
55	27	1
55	29	1
55	31	3
55	32	1
55	34	4
55	36	3
55	37	4
55	38	2
55	40	3
55	41	2
55	43	1
55	44	3
55	45	4
55	46	3
55	47	2
55	48	2
55	49	2
55	50	1
55	51	1
55	52	2
55	54	6
56	4	2
56	11	1
56	15	1
56	17	1
56	18	1
56	19	1
56	26	1
56	27	1
56	28	2
56	29	1
56	30	1
56	31	1
56	32	2
56	33	1
56	37	3
56	38	3
56	39	1
56	40	2
56	41	2
56	42	1
56	43	2
56	44	2
56	45	2
56	46	2
56	47	3
56	48	6
56	49	2
56	51	2
56	53	2
56	54	1
56	55	2
57	3	1
57	4	1
57	9	1
57	10	3
57	12	3
57	14	1
57	15	1
57	17	1
57	18	1
57	19	1
57	27	2
57	28	3
57	29	2
57	30	1
57	31	1
57	32	1
57	34	1
57	35	1
57	36	1
57	37	1
57	38	1
57	39	2
57	41	1
57	42	1
57	43	1
57	44	1
57	45	1
57	46	4
57	47	4
57	48	2
57	49	4
57	51	2
57	52	1
57	53	4
57	54	5
57	55	1
57	56	4
58	0	1
58	1	1
58	3	2
58	4	2
58	9	1
58	10	2
58	12	1
58	13	1
58	18	1
58	19	3
58	25	1
58	27	1
58	28	1
58	31	1
58	32	1
58	33	1
58	34	1
58	35	1
58	36	1
58	37	2
58	38	3
58	39	2
58	41	2
58	42	3
58	44	2
58	46	1
58	47	1
58	48	2
58	49	1
58	50	1
58	53	1
58	54	1
58	55	1
58	56	1
58	57	2
59	1	2
59	3	1
59	4	1
59	7	1
59	8	4
59	9	1
59	10	1
59	12	3
59	15	1
59	16	1
59	20	1
59	21	2
59	22	1
59	26	1
59	27	1
59	29	3
59	30	2
59	31	4
59	32	1
59	34	2
59	35	2
59	37	1
59	38	2
59	39	2
59	40	1
59	42	6
59	43	2
59	44	3
59	45	4
59	46	5
59	47	2
59	48	3
59	49	2
59	50	2
59	51	3
59	53	2
59	54	1
59	55	2
59	56	3
59	57	4
59	58	5
60	3	2
60	4	5
60	5	3
60	6	1
60	7	3
60	8	2
60	9	2
60	10	3
60	11	2
60	12	1
60	13	2
60	14	1
60	15	3
60	16	1
60	17	2
60	18	1
60	19	1
60	20	3
60	21	1
60	22	1
60	26	1
60	27	3
60	28	2
60	29	1
60	32	1
60	33	2
60	34	1
60	36	3
60	38	2
60	39	2
60	40	2
60	41	3
60	42	3
60	43	4
60	44	3
60	45	1
60	46	1
60	47	1
60	49	7
60	50	2
60	51	3
60	52	7
60	53	2
60	55	2
60	56	2
60	57	3
60	58	4
60	59	2
