1	0	8
2	0	1
2	1	2
3	0	2
3	1	1
3	2	3
4	0	1
4	1	2
4	2	1
4	3	6
5	1	2
5	3	1
5	4	5
6	1	1
6	4	1
6	5	3
7	3	1
7	4	1
7	5	4
7	6	3
8	2	1
8	3	2
8	4	7
8	5	6
8	6	3
8	7	5
9	1	3
9	3	4
9	4	7
9	5	1
9	6	3
9	7	3
9	8	6
10	0	1
10	1	2
10	2	1
10	4	3
10	6	2
10	7	1
10	8	3
10	9	6
11	1	1
11	2	2
11	4	2
11	6	1
11	8	2
11	9	2
11	10	3
12	1	1
12	2	2
12	3	4
12	4	1
12	5	2
12	7	4
12	8	1
12	9	2
12	10	5
12	11	5
13	0	1
13	6	3
13	7	3
13	8	2
13	9	1
13	10	4
13	12	4
14	1	2
14	4	1
14	5	5
14	8	3
14	9	1
14	10	3
14	11	3
14	12	2
14	13	2
15	2	3
15	3	1
15	4	1
15	5	2
15	6	2
15	8	3
15	9	1
15	11	2
15	12	1
15	13	3
15	14	6
16	1	2
16	2	1
16	3	1
16	4	2
16	5	2
16	6	1
16	7	2
16	8	1
16	10	2
16	11	1
16	13	5
16	14	2
17	3	1
17	4	2
17	5	1
17	6	2
17	10	2
17	11	1
17	12	2
17	13	2
17	14	4
17	15	1
17	16	4
18	0	1
18	1	2
18	2	1
18	3	1
18	4	1
18	5	2
18	6	2
18	7	1
18	8	2
18	10	2
18	11	2
18	13	1
18	15	1
18	16	3
18	17	5
19	2	1
19	3	1
19	4	4
19	5	3
19	6	1
19	7	1
19	8	3
19	10	5
19	11	1
19	12	2
19	13	6
19	14	3
19	15	1
19	16	2
19	17	3
19	18	3
20	4	5
20	5	3
20	6	4
20	7	1
20	8	4
20	9	4
20	11	2
20	12	1
20	13	3
20	15	4
20	17	2
20	18	1
20	19	4
21	1	3
21	3	2
21	4	2
21	5	1
21	6	2
21	8	3
21	9	1
21	10	2
21	12	1
21	14	2
21	15	1
21	16	3
21	17	1
21	18	4
21	20	5
22	3	1
22	4	1
22	7	1
22	8	1
22	9	1
22	10	1
22	11	1
22	13	1
22	14	1
22	16	1
22	17	1
22	18	2
22	19	3
22	20	6
22	21	5
23	0	1
23	1	1
23	2	1
23	4	1
23	5	2
23	6	1
23	8	1
23	10	2
23	11	1
23	12	1
23	13	1
23	14	1
23	16	2
23	17	2
23	18	1
23	19	1
23	20	3
23	21	5
23	22	2
24	3	1
24	5	3
24	6	2
24	7	2
24	8	2
24	10	2
24	12	1
24	13	2
24	14	1
24	19	2
24	20	1
24	21	2
24	23	10
25	5	3
25	11	1
25	16	1
25	22	1
26	2	1
26	3	1
26	13	1
26	18	1
26	19	1
27	3	1
27	4	1
27	5	1
27	6	1
27	8	1
27	9	1
27	10	1
27	11	1
27	13	3
27	14	1
27	15	2
27	16	2
27	17	2
27	18	5
27	20	1
27	21	2
27	22	1
27	23	1
27	24	1
27	26	1
28	1	1
28	4	3
28	5	2
28	6	1
28	8	2
28	9	1
28	10	1
28	11	1
28	12	1
28	13	3
28	14	1
28	15	2
28	16	3
28	17	1
28	18	4
28	19	2
28	20	3
28	21	1
28	22	1
28	27	2
29	1	2
29	3	2
29	5	1
29	7	1
29	8	1
29	9	1
29	10	2
29	12	1
29	13	1
29	15	3
29	16	1
29	18	3
29	19	1
29	24	1
29	27	1
30	2	2
30	4	1
30	5	4
30	7	1
30	8	1
30	10	2
30	11	3
30	14	1
30	15	1
30	16	4
30	17	2
30	18	3
30	21	1
30	22	2
30	27	2
30	28	2
30	29	7
31	3	1
31	8	1
31	9	5
31	10	1
31	15	1
31	18	1
31	19	2
31	20	1
31	21	3
31	22	1
31	27	3
31	28	2
31	29	2
31	30	3
32	2	1
32	4	1
32	10	2
32	11	1
32	12	1
32	13	1
32	15	2
32	16	3
32	18	2
32	24	2
32	26	2
32	27	2
32	28	4
32	29	1
32	30	3
32	31	1
33	2	1
33	3	1
33	4	1
33	5	1
33	6	1
33	7	2
33	8	1
33	12	1
33	13	2
33	14	2
33	16	1
33	18	1
33	19	2
33	20	3
33	21	2
33	22	2
33	23	1
33	26	1
33	28	2
33	29	1
33	31	2
33	32	3
34	2	2
34	3	1
34	4	2
34	5	1
34	6	1
34	8	1
34	12	2
34	14	2
34	16	1
34	17	1
34	18	3
34	19	2
34	20	1
34	21	3
34	22	2
34	23	1
34	24	2
34	26	1
34	27	1
34	28	3
34	29	2
34	30	4
34	31	3
34	32	1
34	33	2
35	1	1
35	2	3
35	3	3
35	4	2
35	5	1
35	8	2
35	9	2
35	10	1
35	11	1
35	12	3
35	13	2
35	14	1
35	15	1
35	16	4
35	17	3
35	18	8
35	19	2
35	20	1
35	21	1
35	22	1
35	23	3
35	24	2
35	27	2
35	28	5
35	30	2
35	31	1
35	32	1
35	33	1
35	34	5
36	3	2
36	4	2
36	5	4
36	6	1
36	8	1
36	10	2
36	12	5
36	13	1
36	14	1
36	17	2
36	19	4
36	25	1
36	27	3
36	28	2
36	29	1
36	31	1
36	34	1
36	35	3
37	5	2
37	7	1
37	8	1
37	9	2
37	10	3
37	13	1
37	15	4
37	16	4
37	17	4
37	18	2
37	19	3
37	20	1
37	21	3
37	22	4
37	27	2
37	28	4
37	29	3
37	31	3
37	33	1
37	34	4
37	35	6
38	3	4
38	4	1
38	5	1
38	9	1
38	12	3
38	13	4
38	14	1
38	15	1
38	16	1
38	17	3
38	18	1
38	19	2
38	20	2
38	21	2
38	22	2
38	23	1
38	26	1
38	28	7
38	29	3
38	30	4
38	31	4
38	32	1
38	33	3
38	34	2
38	35	5
38	36	1
38	37	6
39	2	3
39	5	2
39	7	1
39	9	1
39	10	1
39	11	2
39	12	2
39	13	7
39	14	1
39	15	5
39	16	1
39	17	2
39	18	6
39	19	2
39	20	2
39	21	2
39	22	1
39	24	1
39	27	2
39	28	7
39	29	2
39	32	3
39	33	1
39	34	2
39	35	5
39	36	2
39	37	3
39	38	11
40	2	1
40	5	2
40	6	1
40	7	2
40	8	1
40	9	2
40	10	1
40	12	1
40	13	2
40	14	1
40	15	1
40	16	1
40	18	3
40	19	1
40	22	3
40	24	1
40	26	1
40	28	8
40	29	4
40	30	2
40	31	4
40	32	1
40	33	3
40	34	3
40	35	3
40	36	3
40	37	3
40	38	12
40	39	5
41	4	1
41	6	1
41	8	3
41	9	1
41	10	1
41	11	1
41	12	2
41	13	1
41	15	1
41	16	1
41	17	1
41	18	2
41	19	1
41	24	1
41	26	1
41	27	2
41	28	6
41	29	1
41	30	3
41	32	2
41	33	2
41	34	3
41	35	3
41	36	2
41	38	2
41	39	2
41	40	7
42	5	2
42	8	1
42	10	1
42	13	1
42	17	1
42	18	4
42	19	2
42	21	2
42	26	2
42	27	1
42	30	3
42	31	3
42	32	1
42	33	1
42	34	3
42	35	1
42	36	1
42	38	4
42	39	1
42	40	7
42	41	3
43	0	1
43	2	1
43	3	2
43	7	1
43	8	1
43	12	1
43	13	1
43	14	1
43	15	1
43	16	1
43	17	2
43	18	3
43	19	1
43	20	1
43	22	1
43	23	1
43	25	1
43	28	3
43	30	2
43	31	2
43	32	1
43	33	3
43	34	1
43	35	1
43	37	1
43	38	3
43	40	2
43	41	4
43	42	4
44	1	1
44	3	1
44	5	2
44	8	3
44	11	1
44	12	2
44	16	1
44	20	1
44	26	3
44	27	1
44	29	3
44	30	3
44	31	3
44	32	2
44	35	2
44	36	1
44	37	1
44	38	2
44	39	1
44	40	1
44	42	1
44	43	3
45	2	3
45	3	1
45	5	2
45	6	1
45	7	3
45	8	2
45	9	1
45	14	1
45	17	1
45	19	2
45	27	1
45	29	4
45	30	2
45	31	1
45	32	1
45	36	2
45	37	1
45	39	1
45	41	5
45	42	2
45	43	5
45	44	7
46	3	1
46	9	1
46	10	3
46	12	1
46	13	2
46	14	1
46	15	2
46	19	1
46	21	1
46	27	3
46	28	1
46	29	1
46	30	2
46	31	4
46	32	1
46	34	2
46	35	2
46	36	1
46	37	1
46	38	2
46	39	2
46	40	3
46	41	1
46	43	4
46	44	5
46	45	2
47	1	1
47	2	1
47	5	1
47	8	2
47	9	1
47	10	1
47	11	1
47	12	1
47	15	1
47	17	2
47	19	1
47	20	1
47	23	1
47	27	2
47	28	1
47	29	1
47	32	2
47	35	1
47	38	1
47	39	3
47	41	1
47	42	1
47	43	4
47	44	3
47	45	2
47	46	5
48	4	4
48	10	2
48	13	1
48	28	1
48	30	1
48	31	1
48	37	1
48	39	1
48	40	3
48	42	2
48	43	2
48	45	2
48	46	4
48	47	5
49	0	1
49	1	1
49	2	4
49	7	1
49	9	1
49	10	5
49	12	1
49	13	4
49	14	2
49	16	2
49	17	2
49	19	2
49	20	1
49	24	1
49	25	1
49	29	1
49	31	1
49	33	1
49	34	1
49	38	4
49	40	10
49	41	2
49	42	1
49	43	2
49	45	1
49	46	1
49	47	8
49	48	3
50	1	2
50	3	1
50	4	1
50	9	1
50	10	1
50	12	3
50	13	1
50	14	1
50	23	1
50	25	1
50	28	2
50	29	1
50	30	2
50	31	1
50	32	2
50	38	1
50	39	1
50	40	2
50	41	1
50	43	1
50	45	1
50	46	2
50	47	3
50	48	1
50	49	1
51	1	2
51	9	2
51	12	2
51	13	2
51	14	1
51	15	1
51	16	3
51	17	1
51	18	1
51	20	1
51	23	1
51	24	1
51	26	1
51	27	1
51	30	1
51	31	1
51	32	2
51	33	2
51	34	1
51	36	1
51	37	2
51	38	7
51	39	1
51	40	2
51	41	2
51	42	1
51	44	1
51	45	1
51	46	1
51	47	2
51	48	3
51	49	1
51	50	5
52	4	2
52	6	1
52	8	2
52	9	1
52	10	1
52	11	1
52	12	2
52	13	1
52	15	2
52	18	1
52	19	2
52	20	1
52	21	2
52	23	1
52	28	3
52	30	1
52	31	2
52	32	1
52	33	1
52	34	2
52	35	2
52	36	3
52	37	3
52	38	4
52	40	1
52	41	2
52	42	1
52	43	1
52	44	1
52	45	1
52	46	1
52	47	2
52	48	1
52	49	3
52	50	4
52	51	7
53	1	1
53	2	2
53	5	1
53	7	1
53	8	3
53	10	1
53	11	1
53	12	2
53	13	1
53	15	1
53	18	2
53	22	1
53	27	5
53	28	2
53	29	2
53	32	1
53	34	2
53	35	1
53	36	2
53	37	1
53	38	4
53	39	4
53	40	2
53	41	3
53	43	3
53	44	2
53	47	1
53	48	3
53	49	6
53	50	1
53	51	2
53	52	3
54	2	3
54	3	1
54	4	2
54	5	3
54	8	1
54	9	1
54	10	1
54	12	2
54	14	2
54	17	1
54	18	2
54	19	1
54	23	1
54	27	1
54	29	2
54	30	1
54	31	1
54	34	1
54	36	3
54	38	2
54	39	2
54	40	3
54	41	3
54	43	4
54	46	1
54	47	9
54	48	2
54	49	3
54	51	2
54	53	4
55	1	1
55	2	2
55	3	3
55	4	1
55	9	1
55	10	1
55	19	2
55	20	1
55	28	1
55	29	2
55	30	1
55	31	6
55	33	1
55	35	1
55	36	2
55	38	5
55	39	2
55	40	2
55	41	2
55	42	1
55	43	2
55	44	1
55	45	1
55	46	5
55	48	1
55	49	4
55	50	2
55	51	2
55	54	3
56	4	1
56	8	1
56	9	4
56	11	1
56	15	1
56	18	1
56	26	2
56	27	2
56	28	1
56	30	1
56	31	1
56	35	3
56	36	1
56	37	1
56	38	2
56	39	3
56	40	2
56	41	1
56	42	3
56	43	2
56	44	1
56	45	3
56	46	4
56	47	1
56	48	5
56	49	7
56	50	1
56	51	3
56	52	1
56	54	5
56	55	2
57	2	1
57	3	1
57	4	1
57	9	1
57	10	2
57	12	2
57	15	2
57	17	1
57	18	1
57	19	1
57	24	2
57	25	1
57	28	3
57	30	3
57	31	1
57	35	1
57	37	1
57	38	2
57	39	1
57	41	2
57	43	4
57	44	1
57	45	2
57	46	5
57	47	3
57	48	1
57	49	4
57	50	3
57	51	1
57	52	5
57	53	2
57	54	1
57	55	1
57	56	8
58	0	3
58	9	1
58	10	1
58	15	1
58	17	1
58	23	3
58	24	1
58	26	1
58	27	3
58	28	2
58	29	1
58	30	1
58	31	2
58	32	1
58	33	2
58	39	2
58	40	2
58	41	1
58	42	1
58	43	3
58	44	1
58	46	2
58	47	1
58	49	3
58	50	1
58	51	2
58	52	1
58	55	1
58	57	2
59	4	1
59	7	1
59	11	1
59	12	1
59	14	3
59	16	1
59	17	2
59	18	2
59	20	1
59	22	1
59	26	1
59	28	2
59	29	2
59	30	1
59	31	1
59	32	3
59	33	1
59	34	1
59	35	3
59	36	3
59	38	2
59	40	1
59	41	2
59	42	3
59	43	3
59	44	6
59	45	2
59	46	3
59	47	2
59	49	4
59	50	2
59	51	1
59	52	1
59	53	4
59	54	2
59	55	1
59	56	3
59	57	4
59	58	4
60	1	1
60	3	2
60	4	1
60	5	1
60	6	1
60	8	2
60	9	2
60	10	1
60	11	4
60	12	1
60	13	2
60	16	3
60	18	2
60	19	1
60	20	1
60	21	1
60	28	4
60	29	3
60	30	3
60	31	2
60	32	2
60	33	1
60	34	2
60	35	4
60	36	3
60	37	1
60	38	4
60	39	1
60	40	2
60	41	5
60	42	3
60	43	1
60	44	1
60	46	2
60	47	1
60	48	3
60	49	2
60	50	3
60	51	2
60	52	4
60	53	7
60	54	1
60	55	2
60	56	1
60	57	1
60	58	2
60	59	2
