1	0	3
2	1	4
3	0	3
3	1	1
3	2	6
4	0	2
4	1	2
4	2	1
4	3	3
5	1	2
5	2	2
5	3	1
5	4	1
6	1	1
6	3	3
6	4	5
6	5	3
7	6	1
8	0	1
8	2	1
8	3	2
8	4	7
8	5	5
8	6	5
8	7	2
9	0	2
9	1	1
9	2	2
9	4	5
9	5	4
9	7	1
9	8	4
10	1	3
10	2	2
10	3	2
10	4	4
10	5	1
10	7	2
10	8	2
10	9	9
11	0	1
11	1	1
11	4	2
11	5	3
11	6	1
11	8	2
11	9	2
11	10	1
12	1	1
12	2	1
12	4	2
12	5	1
12	7	1
12	8	3
12	9	4
12	10	8
12	11	8
13	1	1
13	4	2
13	5	1
13	6	2
13	7	1
13	8	1
13	9	6
13	10	4
13	11	1
13	12	7
14	1	1
14	2	1
14	3	2
14	4	1
14	5	1
14	8	3
14	9	1
14	10	3
14	11	1
14	12	1
14	13	4
15	3	1
15	5	1
15	6	2
15	7	1
15	8	1
15	9	2
15	10	2
15	11	1
15	12	3
15	13	4
16	2	1
16	4	2
16	5	2
16	8	1
16	10	3
16	11	1
16	13	3
16	14	4
16	15	5
17	4	2
17	5	2
17	6	1
17	8	3
17	11	2
17	12	2
17	13	1
17	14	3
17	16	3
18	1	1
18	2	1
18	4	2
18	5	3
18	6	1
18	7	2
18	8	3
18	9	2
18	10	2
18	15	1
18	16	1
18	17	5
19	4	1
19	5	1
19	6	1
19	7	3
19	8	1
19	9	1
19	10	3
19	12	1
19	13	6
19	14	1
19	15	1
19	16	1
19	17	2
19	18	4
20	3	1
20	4	1
20	5	3
20	6	3
20	7	2
20	8	4
20	9	2
20	10	2
20	12	2
20	13	1
20	14	4
20	15	1
20	16	4
20	17	1
20	18	1
20	19	6
21	0	1
21	1	1
21	2	3
21	3	1
21	4	2
21	5	1
21	6	1
21	7	1
21	8	2
21	9	1
21	10	1
21	11	1
21	12	1
21	13	2
21	14	3
21	16	1
21	17	2
21	18	4
21	19	3
21	20	4
22	0	1
22	1	1
22	2	1
22	3	2
22	4	2
22	5	3
22	6	3
22	7	2
22	8	5
22	9	3
22	11	1
22	13	1
22	15	1
22	16	1
22	17	3
22	18	2
22	19	3
22	20	4
22	21	1
23	0	1
23	2	1
23	3	1
23	4	2
23	6	3
23	7	1
23	8	1
23	9	1
23	11	2
23	15	1
23	17	1
23	19	2
23	21	1
23	22	6
24	2	1
24	4	1
24	5	2
24	6	1
24	7	2
24	8	2
24	9	1
24	10	1
24	11	3
24	12	1
24	13	2
24	14	3
24	16	1
24	18	4
24	19	2
24	21	1
24	22	2
24	23	6
25	9	1
25	12	1
25	15	1
26	8	2
26	10	2
26	15	2
26	17	1
26	19	1
26	24	1
27	3	1
27	4	2
27	7	1
27	8	2
27	9	2
27	10	2
27	11	1
27	12	2
27	13	3
27	15	1
27	16	2
27	17	2
27	18	3
27	19	4
27	21	2
27	23	1
28	0	1
28	1	4
28	2	2
28	3	2
28	4	3
28	6	2
28	7	2
28	8	1
28	9	5
28	10	1
28	11	5
28	12	1
28	13	4
28	14	2
28	15	1
28	16	3
28	17	2
28	18	3
28	19	3
28	20	4
28	21	3
28	22	1
28	23	4
28	24	3
28	26	1
29	2	1
29	3	2
29	4	1
29	5	1
29	8	3
29	9	1
29	10	2
29	11	1
29	12	1
29	16	3
29	17	1
29	18	1
29	19	2
29	20	1
29	21	4
29	22	2
29	28	2
30	1	3
30	4	2
30	5	1
30	8	1
30	12	1
30	13	3
30	15	1
30	16	2
30	17	1
30	18	1
30	19	1
30	20	1
30	21	2
30	22	1
30	23	1
30	26	1
30	27	1
30	28	4
30	29	5
31	1	1
31	2	2
31	5	2
31	10	1
31	13	1
31	14	1
31	16	1
31	18	1
31	19	1
31	20	1
31	22	2
31	23	1
31	28	1
31	29	3
31	30	4
32	1	1
32	2	2
32	3	2
32	4	2
32	6	1
32	12	1
32	13	1
32	14	3
32	15	1
32	16	1
32	17	1
32	19	1
32	20	4
32	21	1
32	24	1
32	26	1
32	27	2
32	28	4
32	29	1
32	30	4
32	31	3
33	4	3
33	5	1
33	6	1
33	7	2
33	8	1
33	9	2
33	12	1
33	13	1
33	15	6
33	16	2
33	17	3
33	19	4
33	20	1
33	21	3
33	22	1
33	23	1
33	24	2
33	26	1
33	28	2
33	29	4
33	30	3
33	31	2
33	32	9
34	0	1
34	2	2
34	3	1
34	4	1
34	5	2
34	6	3
34	8	4
34	9	2
34	10	1
34	12	1
34	13	2
34	15	3
34	16	2
34	17	2
34	19	2
34	20	5
34	21	6
34	22	1
34	23	3
34	26	1
34	27	4
34	28	3
34	30	1
34	32	7
34	33	2
35	3	1
35	4	1
35	6	2
35	7	2
35	8	1
35	9	1
35	10	6
35	12	1
35	13	2
35	14	1
35	15	1
35	16	3
35	17	2
35	18	5
35	19	4
35	21	3
35	22	1
35	26	1
35	27	1
35	28	6
35	29	2
35	30	3
35	33	1
35	34	4
36	2	3
36	4	2
36	5	2
36	6	2
36	7	1
36	8	2
36	9	1
36	10	1
36	11	2
36	13	2
36	14	2
36	16	1
36	17	3
36	18	1
36	19	1
36	20	2
36	21	1
36	22	1
36	27	1
36	33	1
36	34	3
36	35	2
37	0	1
37	1	1
37	3	1
37	7	1
37	8	1
37	10	4
37	11	1
37	12	4
37	13	6
37	14	3
37	15	2
37	16	5
37	17	5
37	18	3
37	19	1
37	20	2
37	21	2
37	22	2
37	23	2
37	24	2
37	28	7
37	30	2
37	31	1
37	32	2
37	33	1
37	34	1
37	35	6
37	36	2
38	1	2
38	2	1
38	3	5
38	4	2
38	5	3
38	6	1
38	7	4
38	8	1
38	9	1
38	10	3
38	11	3
38	12	2
38	13	3
38	15	3
38	16	3
38	17	2
38	18	3
38	19	2
38	20	1
38	22	3
38	23	3
38	24	1
38	26	1
38	27	5
38	28	6
38	29	3
38	30	2
38	31	3
38	32	4
38	33	3
38	34	1
38	35	5
38	36	1
38	37	2
39	4	1
39	7	2
39	8	2
39	10	3
39	12	2
39	13	5
39	15	7
39	16	1
39	17	2
39	19	4
39	20	1
39	21	1
39	26	1
39	28	1
39	29	1
39	30	1
39	31	2
39	32	1
39	33	7
39	34	3
39	35	2
39	36	2
39	37	4
39	38	7
40	2	2
40	3	1
40	4	3
40	5	1
40	6	1
40	8	1
40	9	1
40	10	3
40	11	3
40	12	3
40	13	3
40	14	2
40	17	2
40	19	2
40	21	2
40	23	1
40	27	3
40	28	7
40	29	2
40	30	2
40	31	5
40	33	2
40	34	5
40	35	3
40	36	3
40	37	5
40	38	10
40	39	5
41	1	1
41	2	1
41	4	3
41	5	2
41	9	3
41	10	2
41	11	1
41	13	1
41	15	1
41	17	2
41	18	1
41	19	1
41	21	1
41	23	1
41	24	2
41	27	3
41	28	2
41	30	2
41	31	2
41	32	3
41	34	3
41	35	1
41	36	1
41	37	2
41	38	2
41	39	3
41	40	8
42	0	1
42	8	1
42	14	2
42	15	1
42	16	1
42	18	1
42	19	1
42	21	1
42	27	2
42	28	1
42	29	1
42	30	4
42	31	5
42	32	1
42	33	4
42	35	1
42	36	1
42	37	2
42	38	3
42	39	2
42	40	6
42	41	7
43	1	1
43	3	1
43	4	1
43	6	1
43	9	2
43	10	1
43	12	1
43	13	1
43	15	2
43	16	2
43	18	1
43	19	2
43	20	2
43	21	1
43	23	2
43	24	3
43	27	2
43	28	2
43	29	1
43	30	3
43	31	2
43	32	1
43	33	2
43	35	1
43	36	3
43	37	1
43	38	2
43	40	2
43	41	2
44	1	1
44	6	1
44	7	1
44	11	1
44	12	2
44	13	1
44	17	1
44	18	1
44	19	2
44	21	2
44	26	1
44	27	1
44	28	3
44	29	3
44	30	1
44	31	2
44	33	1
44	34	1
44	37	1
44	38	1
44	39	1
44	40	2
44	41	1
44	42	2
44	43	5
45	0	2
45	1	3
45	3	1
45	7	1
45	9	1
45	10	1
45	12	3
45	14	1
45	17	1
45	26	1
45	27	2
45	28	3
45	29	1
45	30	1
45	31	1
45	32	1
45	34	1
45	35	3
45	36	2
45	38	1
45	39	2
45	40	2
45	41	3
45	42	2
45	43	5
45	44	5
46	1	1
46	2	3
46	4	1
46	5	2
46	8	1
46	18	2
46	19	1
46	27	1
46	30	3
46	31	1
46	32	1
46	34	1
46	35	1
46	36	1
46	39	1
46	40	3
46	41	3
46	43	3
46	44	3
46	45	9
47	1	1
47	2	1
47	3	1
47	4	1
47	8	2
47	9	2
47	10	3
47	11	1
47	16	2
47	17	1
47	18	1
47	20	2
47	23	1
47	24	1
47	28	1
47	30	1
47	31	2
47	32	4
47	33	1
47	35	1
47	38	2
47	39	1
47	41	4
47	43	1
47	44	1
47	45	2
47	46	1
48	2	1
48	12	1
48	15	1
48	22	1
48	23	1
48	31	2
48	38	1
48	39	2
48	40	1
48	41	2
48	42	1
48	43	2
48	45	3
48	46	3
48	47	4
49	1	1
49	2	1
49	5	2
49	6	1
49	7	2
49	10	2
49	11	1
49	12	3
49	13	2
49	14	1
49	15	2
49	17	2
49	18	1
49	19	3
49	21	1
49	24	2
49	25	2
49	28	1
49	29	1
49	31	1
49	33	3
49	34	3
49	35	2
49	36	2
49	37	1
49	38	1
49	39	1
49	40	2
49	41	3
49	42	1
49	43	1
49	44	1
49	45	4
49	46	4
49	47	4
49	48	4
50	1	1
50	3	1
50	8	3
50	14	1
50	15	1
50	19	1
50	25	1
50	26	1
50	28	1
50	31	2
50	32	1
50	36	1
50	37	2
50	40	2
50	41	2
50	43	1
50	44	1
50	46	1
50	47	1
50	48	2
50	49	5
51	4	1
51	7	1
51	8	1
51	10	2
51	11	1
51	13	2
51	14	2
51	15	2
51	19	2
51	26	1
51	27	3
51	28	2
51	30	1
51	31	1
51	32	1
51	33	1
51	36	1
51	37	1
51	38	2
51	39	1
51	40	2
51	41	2
51	42	1
51	43	1
51	44	2
51	45	1
51	47	1
51	48	2
51	49	4
51	50	1
52	4	1
52	7	2
52	8	1
52	10	4
52	13	2
52	14	1
52	15	1
52	17	1
52	20	1
52	23	1
52	24	2
52	26	1
52	27	3
52	28	4
52	29	1
52	30	1
52	32	1
52	33	1
52	34	2
52	35	1
52	37	3
52	38	2
52	40	2
52	41	1
52	42	1
52	43	1
52	44	1
52	45	2
52	46	1
52	47	1
52	48	1
52	49	2
52	50	3
52	51	7
53	3	1
53	4	2
53	8	1
53	10	1
53	11	4
53	12	1
53	13	2
53	15	3
53	16	1
53	18	1
53	19	1
53	20	1
53	24	1
53	26	1
53	28	4
53	29	1
53	30	1
53	31	1
53	32	3
53	33	2
53	35	2
53	37	1
53	38	3
53	39	2
53	40	2
53	41	1
53	42	3
53	43	1
53	44	1
53	45	4
53	46	2
53	48	1
53	49	9
53	50	1
53	51	2
53	52	4
54	0	1
54	2	2
54	3	1
54	4	1
54	5	2
54	9	2
54	10	2
54	11	1
54	13	1
54	14	1
54	15	3
54	16	1
54	18	2
54	20	1
54	27	2
54	28	1
54	32	1
54	33	1
54	34	2
54	35	2
54	37	3
54	38	1
54	39	2
54	40	3
54	41	1
54	42	1
54	43	3
54	44	3
54	46	3
54	47	4
54	48	1
54	49	5
54	50	1
54	51	2
54	52	1
54	53	2
55	0	1
55	3	1
55	8	2
55	9	2
55	10	2
55	11	1
55	12	1
55	13	2
55	14	3
55	17	4
55	21	2
55	22	1
55	24	1
55	27	1
55	29	3
55	30	2
55	33	2
55	35	3
55	36	3
55	37	1
55	38	2
55	39	3
55	40	3
55	41	2
55	42	2
55	43	5
55	44	2
55	45	2
55	46	4
55	47	3
55	48	1
55	49	5
55	50	1
55	51	3
55	52	2
55	53	1
55	54	5
56	9	2
56	13	1
56	15	2
56	19	1
56	21	2
56	23	1
56	26	1
56	27	3
56	29	1
56	30	1
56	31	1
56	33	1
56	35	1
56	36	2
56	37	1
56	38	1
56	39	2
56	40	2
56	41	6
56	42	1
56	43	1
56	44	3
56	45	5
56	46	7
56	47	4
56	48	4
56	49	3
56	51	1
56	52	1
56	53	2
56	54	2
57	2	1
57	3	3
57	4	1
57	6	1
57	8	1
57	9	1
57	11	1
57	12	1
57	15	1
57	16	1
57	17	2
57	19	1
57	24	1
57	28	1
57	30	1
57	31	1
57	33	1
57	35	1
57	36	1
57	38	3
57	40	3
57	42	2
57	44	1
57	45	1
57	46	1
57	48	1
57	49	4
57	50	2
57	51	2
57	52	2
57	53	6
57	54	2
57	55	2
57	56	4
58	1	2
58	10	1
58	12	1
58	13	1
58	15	2
58	19	2
58	20	2
58	24	1
58	27	1
58	29	2
58	31	1
58	32	1
58	35	1
58	37	2
58	41	1
58	42	1
58	43	2
58	44	1
58	45	3
58	46	3
58	47	2
58	49	3
58	50	2
58	53	1
58	54	2
58	55	1
58	56	2
58	57	3
59	1	1
59	8	2
59	12	1
59	13	1
59	14	1
59	15	4
59	16	3
59	17	1
59	22	1
59	26	4
59	27	2
59	28	2
59	29	4
59	30	1
59	31	3
59	33	1
59	35	2
59	37	4
59	38	2
59	39	1
59	40	3
59	41	2
59	43	4
59	44	2
59	45	4
59	46	2
59	47	2
59	48	1
59	49	1
59	50	2
59	51	2
59	52	1
59	53	3
59	56	3
59	57	3
59	58	3
60	1	1
60	2	1
60	4	3
60	5	1
60	6	1
60	7	1
60	8	1
60	11	2
60	13	2
60	14	2
60	15	1
60	16	1
60	17	1
60	18	1
60	20	1
60	21	1
60	24	1
60	26	1
60	27	1
60	28	1
60	29	1
60	30	5
60	31	1
60	33	2
60	34	3
60	35	3
60	36	3
60	37	1
60	38	4
60	39	4
60	40	2
60	41	1
60	43	3
60	44	2
60	45	2
60	46	1
60	47	2
60	48	2
60	49	4
60	50	3
60	51	5
60	52	14
60	53	9
60	54	4
60	55	4
60	56	1
60	57	2
60	58	3
60	59	2
