1	0	4
2	0	1
2	1	4
3	1	1
3	2	4
4	0	2
4	2	1
4	3	3
5	0	2
5	1	1
5	2	2
5	3	1
5	4	4
6	1	1
6	4	1
6	5	5
7	2	2
7	4	2
7	5	3
7	6	5
8	0	1
8	1	1
8	2	1
8	3	1
8	4	7
8	5	2
8	6	7
8	7	4
9	0	1
9	1	1
9	2	1
9	3	1
9	4	1
9	5	1
9	6	2
9	7	4
9	8	5
10	1	1
10	2	1
10	4	4
10	5	3
10	6	2
10	7	3
10	8	3
10	9	4
11	1	2
11	2	1
11	3	3
11	4	1
11	5	1
11	8	1
11	10	5
12	1	1
12	2	1
12	5	1
12	6	2
12	7	4
12	8	2
12	9	4
12	10	11
12	11	11
13	0	1
13	1	2
13	2	1
13	3	3
13	4	4
13	5	1
13	6	1
13	8	2
13	9	3
13	11	2
13	12	1
14	3	1
14	4	1
14	5	1
14	8	1
14	10	3
14	11	1
14	12	2
14	13	2
15	0	1
15	9	2
15	10	2
15	12	2
15	13	3
15	14	9
16	2	1
16	3	2
16	4	2
16	5	4
16	6	5
16	7	2
16	8	3
16	12	1
16	13	5
16	14	4
16	15	4
17	2	1
17	3	2
17	4	2
17	5	3
17	6	1
17	7	3
17	8	1
17	9	2
17	10	1
17	12	1
17	14	4
17	16	9
18	1	1
18	4	2
18	6	1
18	7	2
18	8	1
18	9	2
18	10	3
18	11	3
18	12	2
18	13	2
18	14	1
18	15	2
18	16	3
18	17	5
19	1	2
19	2	1
19	3	3
19	4	1
19	5	2
19	6	1
19	7	2
19	8	3
19	9	2
19	10	3
19	11	2
19	12	2
19	13	2
19	14	2
19	15	3
19	16	2
19	17	5
19	18	4
20	1	1
20	2	3
20	3	2
20	4	1
20	5	3
20	6	3
20	7	1
20	8	7
20	9	2
20	10	1
20	12	1
20	13	1
20	16	4
20	17	2
20	18	3
20	19	6
21	1	1
21	3	1
21	5	3
21	6	2
21	7	1
21	8	2
21	11	2
21	12	1
21	13	1
21	14	1
21	18	3
21	19	4
21	20	5
22	1	1
22	3	2
22	4	1
22	5	3
22	6	1
22	7	1
22	8	1
22	11	1
22	12	3
22	14	1
22	15	2
22	17	1
22	18	1
22	19	2
22	20	5
22	21	4
23	1	1
23	4	2
23	5	3
23	8	1
23	9	1
23	10	2
23	11	1
23	13	1
23	20	2
23	21	1
23	22	6
24	2	1
24	5	2
24	6	1
24	7	2
24	12	2
24	13	2
24	14	1
24	17	1
24	18	2
24	19	2
24	20	5
24	21	2
24	22	1
24	23	7
25	8	2
25	12	1
26	2	1
26	6	1
26	14	1
26	16	1
26	18	1
26	20	3
26	24	2
27	3	1
27	7	1
27	8	1
27	10	1
27	13	2
27	15	2
27	17	2
27	18	3
27	19	2
27	21	1
27	22	2
27	23	2
27	24	1
27	26	1
28	0	2
28	1	1
28	2	1
28	4	2
28	6	1
28	8	1
28	9	2
28	10	1
28	11	1
28	12	1
28	13	3
28	15	4
28	16	1
28	17	3
28	18	4
28	19	3
28	20	1
28	21	2
28	22	1
28	23	1
28	24	1
28	27	2
29	3	3
29	5	2
29	6	1
29	7	3
29	8	2
29	9	2
29	10	3
29	13	2
29	14	1
29	16	1
29	18	1
29	19	2
29	20	4
29	21	2
29	22	5
29	24	2
30	3	1
30	4	1
30	7	1
30	8	2
30	10	1
30	11	3
30	12	2
30	13	1
30	14	1
30	15	1
30	19	1
30	21	1
30	23	1
30	24	2
30	26	1
30	27	3
30	28	6
30	29	1
31	1	3
31	3	1
31	4	1
31	5	1
31	9	1
31	10	1
31	13	2
31	15	1
31	16	3
31	17	1
31	18	1
31	19	1
31	20	2
31	21	1
31	22	1
31	24	1
31	27	2
31	28	2
31	30	4
32	4	1
32	5	1
32	9	1
32	15	1
32	16	1
32	18	1
32	19	2
32	20	1
32	21	1
32	24	1
32	26	1
32	27	1
32	28	5
32	29	2
32	30	2
32	31	8
33	1	1
33	2	3
33	4	1
33	6	1
33	8	2
33	11	1
33	14	2
33	16	1
33	17	2
33	18	1
33	19	2
33	20	1
33	24	2
33	27	1
33	28	4
33	29	2
33	30	4
33	31	4
33	32	6
34	0	1
34	2	1
34	3	2
34	4	1
34	5	1
34	7	2
34	8	1
34	10	2
34	12	2
34	13	2
34	15	2
34	16	2
34	17	2
34	20	2
34	21	5
34	22	3
34	23	1
34	24	1
34	26	1
34	27	1
34	28	5
34	30	4
34	33	1
35	0	1
35	1	1
35	2	1
35	3	1
35	4	3
35	5	1
35	6	3
35	7	1
35	8	2
35	9	2
35	10	1
35	11	2
35	13	6
35	14	2
35	15	2
35	17	2
35	18	6
35	19	4
35	20	2
35	21	4
35	22	3
35	23	1
35	26	1
35	27	1
35	28	3
35	29	3
35	30	2
35	32	3
35	33	3
35	34	4
36	1	2
36	2	1
36	3	1
36	4	2
36	5	2
36	8	3
36	9	1
36	10	4
36	11	1
36	12	1
36	13	2
36	14	1
36	16	1
36	17	1
36	18	2
36	19	2
36	20	1
36	21	1
36	22	2
36	24	3
36	25	1
36	26	1
36	27	1
36	28	3
36	29	2
36	30	2
36	31	1
36	32	1
36	33	1
36	35	4
37	2	1
37	4	4
37	5	1
37	7	1
37	10	3
37	11	1
37	12	1
37	13	7
37	14	2
37	15	1
37	16	3
37	17	1
37	19	2
37	21	2
37	22	1
37	23	1
37	24	1
37	27	2
37	28	4
37	29	2
37	30	1
37	32	3
37	33	1
37	35	5
37	36	6
38	0	4
38	1	1
38	2	3
38	3	1
38	4	2
38	5	1
38	6	1
38	7	2
38	8	2
38	9	1
38	10	2
38	11	2
38	12	1
38	13	4
38	14	1
38	15	2
38	16	1
38	17	1
38	18	2
38	19	2
38	20	3
38	23	1
38	24	4
38	27	2
38	28	4
38	32	4
38	33	2
38	34	2
38	35	5
38	36	4
38	37	3
39	1	2
39	2	2
39	4	2
39	5	1
39	6	1
39	7	2
39	8	1
39	9	2
39	10	1
39	11	2
39	12	3
39	13	6
39	16	1
39	17	1
39	18	4
39	19	4
39	20	2
39	21	1
39	24	1
39	26	1
39	27	2
39	28	3
39	29	1
39	31	3
39	32	3
39	33	3
39	34	2
39	35	5
39	36	2
39	37	5
39	38	10
40	1	1
40	6	1
40	8	4
40	9	2
40	10	2
40	11	1
40	12	1
40	14	1
40	15	2
40	17	2
40	18	2
40	19	2
40	20	1
40	21	2
40	22	1
40	23	2
40	27	2
40	28	3
40	30	3
40	31	4
40	32	6
40	33	4
40	34	2
40	35	3
40	36	1
40	37	3
40	38	5
40	39	3
41	3	2
41	4	1
41	5	1
41	7	1
41	8	2
41	9	1
41	10	1
41	11	1
41	12	2
41	13	2
41	15	1
41	16	1
41	17	1
41	18	2
41	19	2
41	21	2
41	22	1
41	24	1
41	26	1
41	27	1
41	28	2
41	29	2
41	31	2
41	32	4
41	33	2
41	34	2
41	35	2
41	36	3
41	37	4
41	38	6
41	39	2
41	40	6
42	0	1
42	4	2
42	5	1
42	6	1
42	7	1
42	9	1
42	10	1
42	14	1
42	15	3
42	16	1
42	17	1
42	21	1
42	23	2
42	24	2
42	26	1
42	28	7
42	29	1
42	30	1
42	31	7
42	32	2
42	34	1
42	35	2
42	37	3
42	40	4
42	41	7
43	1	1
43	2	1
43	6	1
43	9	1
43	11	2
43	13	1
43	15	2
43	17	1
43	18	1
43	19	1
43	20	1
43	21	1
43	22	1
43	24	2
43	28	2
43	29	2
43	30	1
43	31	3
43	32	1
43	34	1
43	35	2
43	37	2
43	38	1
43	39	1
43	40	4
43	41	3
43	42	3
44	2	3
44	3	1
44	4	2
44	5	1
44	7	1
44	8	1
44	10	1
44	13	2
44	18	1
44	21	1
44	26	1
44	27	1
44	29	1
44	31	7
44	32	3
44	33	1
44	36	2
44	37	1
44	38	1
44	39	1
44	40	1
44	41	4
44	42	6
44	43	2
45	3	1
45	5	1
45	10	2
45	12	1
45	17	1
45	18	2
45	19	1
45	27	1
45	28	2
45	29	1
45	30	3
45	31	1
45	34	1
45	35	2
45	36	1
45	37	3
45	39	4
45	41	1
45	42	1
45	43	5
45	44	4
46	0	2
46	1	1
46	4	1
46	7	1
46	8	2
46	13	2
46	14	1
46	15	1
46	21	1
46	22	2
46	27	1
46	28	2
46	32	1
46	33	1
46	34	1
46	35	3
46	37	2
46	38	2
46	40	2
46	41	1
46	43	3
46	44	2
46	45	5
47	1	2
47	7	2
47	8	1
47	9	2
47	13	1
47	16	2
47	19	1
47	24	1
47	28	2
47	30	1
47	31	2
47	33	2
47	35	1
47	36	1
47	37	1
47	38	2
47	39	1
47	40	4
47	41	2
47	42	2
47	43	4
47	44	3
47	45	1
47	46	3
48	2	1
48	10	1
48	12	1
48	14	1
48	15	3
48	22	1
48	28	1
48	31	1
48	35	4
48	36	1
48	37	2
48	38	1
48	40	3
48	42	2
48	44	1
48	45	1
48	46	2
48	47	10
49	1	1
49	2	1
49	6	1
49	9	2
49	10	1
49	12	2
49	13	3
49	15	2
49	16	1
49	18	1
49	19	1
49	20	1
49	23	1
49	24	2
49	28	5
49	30	1
49	31	2
49	32	1
49	33	1
49	35	1
49	37	1
49	38	2
49	39	3
49	40	1
49	41	3
49	43	2
49	44	3
49	45	2
49	46	3
49	47	3
49	48	5
50	1	1
50	4	3
50	9	1
50	10	1
50	13	1
50	14	1
50	18	1
50	22	1
50	23	1
50	27	1
50	28	3
50	35	1
50	39	2
50	40	2
50	42	3
50	43	1
50	44	1
50	47	2
50	48	1
50	49	6
51	4	1
51	7	1
51	9	2
51	10	1
51	12	1
51	15	2
51	16	2
51	17	3
51	18	1
51	27	1
51	28	4
51	29	1
51	30	2
51	33	1
51	34	1
51	35	1
51	36	1
51	38	1
51	39	1
51	40	2
51	41	2
51	42	2
51	43	1
51	44	1
51	45	1
51	46	2
51	47	3
51	49	1
51	50	1
52	4	1
52	6	1
52	9	3
52	10	1
52	13	1
52	14	1
52	15	1
52	16	1
52	17	1
52	20	1
52	21	1
52	26	3
52	27	3
52	29	2
52	30	1
52	31	1
52	32	1
52	34	1
52	36	1
52	38	2
52	40	1
52	41	2
52	42	1
52	45	1
52	46	2
52	48	2
52	49	3
52	50	2
52	51	7
53	1	1
53	2	1
53	4	1
53	7	2
53	10	3
53	11	1
53	12	1
53	13	4
53	14	1
53	15	1
53	16	1
53	19	2
53	20	2
53	22	1
53	27	2
53	28	3
53	29	1
53	31	1
53	32	2
53	33	2
53	34	2
53	35	3
53	36	2
53	38	1
53	39	2
53	40	2
53	41	4
53	43	1
53	44	1
53	45	4
53	46	5
53	47	1
53	48	3
53	49	6
53	50	2
53	51	1
53	52	2
54	2	1
54	4	2
54	6	1
54	9	1
54	10	1
54	12	1
54	13	3
54	14	1
54	16	1
54	17	1
54	19	3
54	29	2
54	30	2
54	31	1
54	33	1
54	34	1
54	35	3
54	36	1
54	37	1
54	38	1
54	39	2
54	40	1
54	41	2
54	42	1
54	43	3
54	44	1
54	46	4
54	47	2
54	48	1
54	50	1
54	51	2
54	52	2
54	53	1
55	2	2
55	5	1
55	8	1
55	11	3
55	12	1
55	13	2
55	14	2
55	15	1
55	16	1
55	17	1
55	19	1
55	21	2
55	22	1
55	25	1
55	27	2
55	28	1
55	29	1
55	30	1
55	32	3
55	33	1
55	34	1
55	36	2
55	38	3
55	39	2
55	40	3
55	41	2
55	43	3
55	44	2
55	45	4
55	46	2
55	47	4
55	49	1
55	50	2
55	52	1
55	53	1
55	54	9
56	9	1
56	10	1
56	12	1
56	13	2
56	15	2
56	17	1
56	18	1
56	19	1
56	20	1
56	26	1
56	27	1
56	28	3
56	29	2
56	30	1
56	31	2
56	32	1
56	33	2
56	35	3
56	36	2
56	37	1
56	38	1
56	40	3
56	41	3
56	43	3
56	44	2
56	45	4
56	46	3
56	47	1
56	48	1
56	49	5
56	50	1
56	51	1
56	52	1
56	53	4
56	54	2
56	55	2
57	0	1
57	4	3
57	8	1
57	10	1
57	11	1
57	14	1
57	15	1
57	16	1
57	17	1
57	18	1
57	19	2
57	28	1
57	29	1
57	30	1
57	31	1
57	32	1
57	33	1
57	35	5
57	36	1
57	37	1
57	38	2
57	39	1
57	40	2
57	41	3
57	42	2
57	43	5
57	44	3
57	45	2
57	46	5
57	47	1
57	48	2
57	49	4
57	50	2
57	51	3
57	52	1
57	53	8
57	54	3
57	55	1
57	56	5
58	0	1
58	4	1
58	8	4
58	14	2
58	15	1
58	17	1
58	18	3
58	24	4
58	27	2
58	28	1
58	29	1
58	30	2
58	32	2
58	33	2
58	34	1
58	35	1
58	38	2
58	39	3
58	41	3
58	42	2
58	43	2
58	45	3
58	48	1
58	49	4
58	50	2
58	52	1
58	53	1
58	54	1
58	55	3
58	56	3
58	57	4
59	1	1
59	3	3
59	8	1
59	9	2
59	11	1
59	12	1
59	13	1
59	14	3
59	16	2
59	17	1
59	19	2
59	20	2
59	22	3
59	27	2
59	28	2
59	30	2
59	31	1
59	32	1
59	33	1
59	34	1
59	36	1
59	37	2
59	38	1
59	39	2
59	40	1
59	41	4
59	42	5
59	43	2
59	44	2
59	45	5
59	46	3
59	47	4
59	48	2
59	49	3
59	50	1
59	51	1
59	52	2
59	53	1
59	54	2
59	56	1
59	57	2
59	58	3
60	0	1
60	2	3
60	3	1
60	4	2
60	5	1
60	6	2
60	7	1
60	8	1
60	9	2
60	11	1
60	12	1
60	13	2
60	14	3
60	15	1
60	16	1
60	17	1
60	18	1
60	19	2
60	20	2
60	21	2
60	22	1
60	24	3
60	27	1
60	28	2
60	29	1
60	30	1
60	31	3
60	32	3
60	35	3
60	36	3
60	37	2
60	38	5
60	39	8
60	40	1
60	41	3
60	43	1
60	44	1
60	45	1
60	46	2
60	47	4
60	48	2
60	49	2
60	50	7
60	51	6
60	52	12
60	53	10
60	54	1
60	55	5
60	57	4
60	58	3
60	59	1
