1	0	1
2	0	2
2	1	6
3	0	3
3	1	1
3	2	1
4	0	1
4	1	5
4	2	4
4	3	4
5	0	1
5	1	1
5	2	2
5	4	3
6	0	1
6	1	3
6	2	1
6	3	2
6	4	1
7	1	1
7	3	2
7	4	2
7	5	6
7	6	7
8	2	2
8	3	2
8	4	6
8	5	3
8	6	6
8	7	3
9	0	2
9	1	2
9	2	2
9	3	1
9	4	2
9	5	2
9	6	2
9	7	1
9	8	4
10	0	1
10	1	1
10	3	1
10	4	3
10	5	2
10	6	1
10	7	4
10	8	7
10	9	4
11	2	2
11	4	3
11	5	2
11	8	1
11	9	3
11	10	3
12	1	1
12	3	2
12	4	1
12	6	1
12	7	1
12	8	2
12	9	2
12	10	4
12	11	5
13	2	1
13	4	3
13	5	2
13	6	1
13	7	2
13	8	2
13	9	3
13	10	2
13	11	2
14	2	1
14	3	1
14	5	2
14	8	1
14	9	2
14	10	1
14	11	2
14	12	3
14	13	5
15	0	1
15	2	3
15	4	1
15	6	1
15	7	1
15	8	2
15	9	2
15	10	2
15	11	2
15	13	3
15	14	4
16	1	2
16	5	1
16	6	1
16	7	1
16	8	1
16	9	3
16	10	3
16	11	3
16	12	2
16	13	3
16	14	2
16	15	3
17	2	1
17	3	2
17	4	1
17	5	2
17	6	2
17	7	1
17	9	4
17	10	2
17	12	1
17	13	2
17	14	4
17	16	3
18	4	1
18	5	2
18	6	1
18	8	4
18	9	2
18	11	4
18	12	1
18	13	2
18	15	2
18	16	2
18	17	3
19	1	1
19	2	1
19	4	4
19	5	1
19	6	2
19	7	1
19	8	2
19	9	3
19	10	2
19	11	1
19	12	4
19	13	7
19	14	2
19	15	2
19	16	2
19	17	6
19	18	6
20	4	1
20	5	1
20	6	1
20	7	3
20	8	7
20	9	4
20	10	6
20	12	1
20	13	2
20	14	3
20	15	1
20	16	1
20	17	3
20	18	2
20	19	4
21	1	1
21	4	1
21	8	1
21	9	5
21	11	2
21	12	1
21	14	1
21	16	1
21	17	3
21	18	3
21	19	3
21	20	6
22	1	2
22	2	2
22	3	1
22	4	3
22	6	2
22	8	1
22	10	1
22	12	3
22	13	4
22	15	2
22	16	1
22	18	1
22	19	5
22	20	4
22	21	3
23	0	1
23	1	1
23	2	1
23	3	1
23	4	3
23	5	2
23	6	2
23	8	1
23	9	1
23	13	4
23	14	1
23	15	1
23	20	5
23	21	2
23	22	2
24	2	1
24	3	1
24	4	1
24	5	3
24	7	1
24	8	1
24	9	2
24	14	1
24	16	2
24	17	1
24	20	3
24	21	5
24	22	4
24	23	8
25	8	1
25	11	1
25	16	1
25	17	1
26	10	2
26	13	1
26	14	1
26	15	2
26	18	1
26	22	1
26	24	1
27	4	1
27	5	2
27	6	1
27	8	2
27	9	1
27	10	1
27	11	1
27	13	1
27	14	4
27	17	1
27	18	3
27	20	1
27	21	1
27	22	2
27	23	5
27	26	1
28	1	3
28	2	2
28	3	1
28	4	2
28	5	1
28	10	3
28	12	4
28	13	2
28	14	2
28	15	6
28	16	2
28	18	4
28	19	3
28	20	4
28	22	3
28	24	2
28	27	2
29	2	1
29	4	4
29	6	1
29	7	2
29	8	1
29	9	1
29	14	1
29	15	1
29	16	3
29	17	3
29	18	1
29	19	3
29	20	1
29	22	1
29	23	1
29	28	5
30	0	2
30	4	1
30	6	1
30	8	1
30	9	1
30	10	1
30	11	2
30	12	2
30	13	1
30	15	1
30	18	2
30	19	1
30	20	1
30	21	1
30	22	1
30	23	2
30	27	1
30	28	3
30	29	3
31	3	2
31	4	2
31	8	1
31	9	2
31	14	1
31	15	2
31	17	1
31	18	1
31	20	1
31	21	4
31	22	2
31	27	2
31	28	3
31	30	11
32	3	1
32	4	1
32	5	2
32	6	1
32	8	1
32	9	1
32	10	1
32	13	1
32	14	1
32	15	1
32	16	1
32	18	1
32	22	2
32	26	2
32	27	2
32	28	2
32	29	2
32	30	3
32	31	2
33	2	1
33	4	2
33	6	4
33	7	1
33	8	1
33	12	2
33	13	1
33	16	1
33	17	2
33	18	5
33	19	1
33	21	2
33	22	2
33	24	2
33	27	1
33	28	4
33	29	1
33	30	4
33	31	2
33	32	8
34	0	1
34	1	1
34	3	2
34	4	2
34	6	1
34	8	2
34	9	1
34	10	2
34	12	3
34	13	4
34	17	1
34	18	7
34	19	2
34	20	1
34	21	3
34	22	3
34	23	3
34	24	4
34	26	2
34	28	8
34	29	3
34	30	5
34	31	2
34	32	3
34	33	2
35	2	1
35	3	2
35	4	4
35	8	1
35	9	2
35	10	3
35	11	1
35	12	4
35	13	6
35	14	1
35	15	1
35	16	1
35	17	6
35	18	4
35	19	3
35	20	1
35	21	3
35	22	2
35	23	1
35	24	3
35	26	1
35	27	4
35	28	8
35	29	1
35	30	2
35	31	1
35	32	5
35	33	1
35	34	5
36	1	2
36	3	1
36	4	2
36	6	1
36	7	2
36	8	1
36	9	1
36	10	1
36	11	1
36	12	3
36	13	4
36	16	2
36	17	1
36	19	1
36	22	1
36	24	2
36	27	2
36	28	1
36	29	2
36	30	2
36	32	1
36	33	2
36	34	1
36	35	3
37	0	3
37	1	1
37	2	1
37	4	2
37	6	2
37	7	1
37	8	1
37	9	1
37	10	1
37	11	1
37	12	1
37	13	4
37	14	2
37	15	1
37	16	2
37	17	1
37	18	3
37	19	5
37	20	3
37	21	3
37	23	1
37	26	2
37	27	2
37	28	4
37	30	2
37	31	2
37	32	2
37	33	2
37	35	11
37	36	3
38	0	1
38	1	1
38	2	1
38	3	1
38	4	2
38	5	1
38	6	1
38	7	2
38	8	2
38	9	1
38	10	1
38	11	5
38	13	2
38	14	5
38	15	2
38	16	3
38	17	2
38	18	5
38	19	2
38	21	2
38	22	1
38	25	1
38	26	2
38	27	1
38	28	8
38	29	3
38	30	2
38	31	4
38	32	2
38	34	6
38	35	5
38	36	2
38	37	1
39	1	2
39	2	1
39	4	1
39	6	1
39	7	1
39	8	2
39	12	1
39	13	3
39	14	1
39	15	3
39	16	3
39	17	3
39	18	1
39	19	1
39	21	3
39	22	4
39	26	1
39	27	1
39	28	5
39	29	2
39	30	1
39	31	3
39	32	1
39	33	2
39	35	2
39	36	5
39	37	3
39	38	3
40	2	1
40	3	1
40	4	2
40	5	5
40	6	2
40	7	1
40	9	1
40	10	2
40	11	1
40	13	1
40	14	1
40	15	2
40	18	3
40	21	2
40	22	2
40	23	1
40	24	1
40	26	1
40	27	2
40	28	2
40	29	2
40	33	4
40	34	1
40	35	2
40	37	1
40	38	4
40	39	3
41	1	2
41	3	1
41	4	2
41	5	1
41	6	3
41	7	1
41	11	2
41	12	1
41	13	1
41	15	1
41	16	1
41	17	1
41	19	1
41	22	1
41	24	1
41	26	1
41	27	1
41	28	3
41	29	2
41	31	3
41	33	3
41	35	2
41	37	1
41	39	2
41	40	11
42	3	1
42	4	2
42	6	2
42	7	2
42	8	1
42	9	1
42	11	1
42	12	1
42	13	1
42	14	1
42	15	1
42	18	1
42	20	1
42	21	2
42	24	1
42	26	1
42	27	2
42	28	2
42	30	3
42	31	1
42	33	1
42	34	2
42	35	2
42	36	1
42	37	4
42	38	5
42	39	4
42	40	3
42	41	4
43	2	1
43	4	1
43	5	1
43	8	1
43	9	1
43	10	3
43	11	1
43	12	1
43	15	2
43	16	1
43	17	1
43	19	1
43	21	1
43	22	1
43	23	1
43	26	5
43	27	2
43	28	3
43	30	4
43	31	2
43	32	3
43	33	5
43	35	1
43	36	3
43	37	1
43	38	2
43	39	2
43	40	2
43	41	3
43	42	7
44	0	1
44	2	3
44	4	1
44	5	1
44	7	2
44	10	1
44	11	1
44	13	3
44	16	1
44	19	1
44	20	3
44	26	2
44	27	2
44	28	2
44	29	1
44	30	3
44	31	3
44	32	2
44	33	2
44	34	2
44	35	1
44	36	1
44	37	1
44	39	1
44	40	2
44	41	3
44	42	1
44	43	4
45	0	1
45	5	1
45	6	1
45	7	1
45	8	1
45	10	1
45	11	1
45	13	1
45	18	1
45	23	2
45	24	1
45	26	1
45	28	1
45	29	1
45	31	1
45	32	1
45	33	1
45	35	1
45	37	3
45	38	1
45	40	2
45	41	3
45	42	3
45	43	3
45	44	5
46	3	2
46	4	1
46	7	2
46	9	2
46	10	1
46	12	1
46	15	1
46	19	1
46	21	1
46	22	1
46	29	1
46	30	2
46	31	2
46	33	2
46	34	2
46	35	1
46	37	1
46	38	3
46	40	2
46	41	2
46	42	1
46	43	6
46	44	3
46	45	3
47	2	1
47	4	2
47	6	1
47	8	1
47	9	1
47	11	1
47	12	2
47	13	2
47	18	2
47	20	1
47	24	1
47	27	1
47	28	1
47	29	2
47	32	1
47	33	1
47	36	2
47	38	2
47	40	1
47	43	2
47	44	1
47	45	3
47	46	3
48	3	1
48	4	1
48	13	1
48	24	2
48	28	3
48	35	1
48	38	1
48	39	1
48	40	2
48	42	2
48	43	1
48	44	1
48	45	1
48	46	4
48	47	5
49	1	1
49	2	1
49	5	3
49	6	1
49	7	1
49	8	2
49	9	1
49	10	2
49	11	2
49	13	1
49	14	1
49	16	1
49	17	3
49	18	1
49	19	1
49	25	1
49	27	1
49	29	1
49	30	1
49	31	1
49	33	1
49	36	3
49	38	1
49	39	2
49	40	1
49	41	1
49	42	1
49	43	2
49	44	1
49	45	3
49	46	2
49	47	6
49	48	4
50	4	1
50	9	2
50	13	1
50	15	2
50	23	1
50	38	1
50	39	3
50	40	1
50	41	2
50	43	1
50	44	1
50	46	1
50	47	2
50	49	5
51	5	2
51	7	1
51	8	3
51	9	1
51	11	2
51	12	2
51	13	4
51	16	2
51	17	1
51	20	1
51	24	1
51	27	1
51	28	1
51	31	3
51	35	1
51	38	2
51	39	3
51	41	3
51	43	1
51	45	1
51	47	2
51	48	1
51	49	6
51	50	3
52	0	1
52	4	1
52	6	2
52	7	2
52	8	1
52	9	2
52	11	1
52	12	2
52	15	3
52	16	3
52	18	1
52	19	1
52	20	1
52	21	2
52	23	1
52	24	2
52	26	1
52	27	2
52	29	2
52	31	1
52	32	1
52	34	1
52	35	2
52	36	1
52	38	2
52	39	2
52	40	2
52	41	2
52	42	4
52	43	3
52	46	2
52	49	2
52	50	1
52	51	10
53	2	2
53	5	1
53	8	1
53	10	1
53	12	2
53	14	1
53	15	1
53	16	2
53	17	1
53	18	2
53	27	3
53	28	1
53	30	2
53	33	1
53	35	3
53	37	1
53	38	3
53	39	3
53	40	2
53	41	2
53	42	3
53	43	2
53	45	1
53	46	1
53	47	2
53	48	2
53	49	4
53	50	4
53	51	5
53	52	3
54	2	2
54	4	1
54	6	1
54	9	1
54	10	1
54	12	1
54	13	3
54	14	1
54	18	1
54	19	4
54	20	2
54	26	1
54	28	1
54	29	1
54	30	1
54	32	1
54	33	1
54	34	1
54	39	3
54	40	1
54	41	2
54	43	3
54	44	1
54	45	2
54	46	3
54	47	3
54	48	1
54	49	1
54	50	1
54	52	4
55	0	2
55	1	4
55	2	2
55	3	3
55	10	1
55	11	2
55	13	2
55	14	1
55	15	1
55	16	4
55	17	2
55	18	1
55	19	1
55	20	2
55	21	3
55	22	1
55	27	1
55	29	1
55	30	1
55	33	2
55	34	2
55	35	2
55	36	2
55	37	1
55	38	4
55	40	8
55	41	1
55	42	2
55	43	3
55	44	1
55	45	2
55	46	3
55	48	4
55	49	2
55	50	1
55	51	1
55	52	2
55	53	2
55	54	4
56	8	2
56	9	1
56	10	2
56	11	1
56	19	1
56	23	1
56	26	1
56	27	1
56	28	1
56	29	1
56	30	2
56	31	2
56	32	1
56	34	2
56	37	1
56	38	2
56	39	1
56	40	1
56	41	1
56	42	2
56	43	2
56	44	4
56	45	1
56	46	4
56	47	3
56	49	1
56	50	1
56	51	4
56	52	5
56	53	1
56	54	4
56	55	2
57	4	1
57	9	1
57	11	1
57	12	1
57	13	1
57	15	1
57	16	1
57	17	1
57	18	1
57	28	4
57	29	1
57	30	2
57	33	1
57	34	2
57	36	1
57	38	3
57	39	1
57	40	1
57	41	3
57	42	3
57	44	1
57	45	3
57	46	2
57	47	3
57	48	4
57	49	5
57	50	1
57	51	3
57	53	3
57	54	2
57	56	4
58	8	1
58	10	1
58	12	2
58	13	2
58	14	1
58	15	1
58	17	2
58	19	2
58	23	1
58	24	1
58	25	1
58	26	1
58	27	1
58	29	2
58	30	3
58	34	2
58	35	1
58	37	1
58	38	3
58	39	1
58	40	1
58	41	1
58	42	6
58	43	3
58	44	2
58	46	1
58	47	2
58	51	4
58	52	4
58	56	2
58	57	2
59	2	2
59	5	1
59	7	1
59	9	1
59	10	1
59	11	1
59	16	1
59	17	1
59	18	1
59	24	1
59	26	1
59	27	2
59	28	2
59	29	4
59	30	3
59	31	4
59	32	1
59	34	3
59	35	1
59	37	2
59	38	1
59	39	1
59	40	3
59	41	2
59	42	2
59	43	4
59	44	3
59	45	3
59	46	2
59	47	3
59	49	3
59	51	1
59	52	1
59	53	2
59	54	3
59	56	4
59	57	5
59	58	6
60	0	1
60	1	3
60	8	2
60	9	1
60	10	2
60	11	2
60	12	1
60	13	2
60	14	2
60	15	2
60	17	1
60	18	1
60	19	3
60	21	1
60	26	1
60	27	1
60	29	1
60	30	3
60	31	3
60	32	1
60	33	1
60	34	1
60	36	1
60	37	2
60	38	3
60	39	2
60	40	3
60	41	1
60	42	2
60	43	1
60	44	3
60	45	3
60	46	1
60	47	1
60	48	2
60	49	4
60	50	4
60	51	5
60	52	7
60	53	3
60	54	2
60	55	3
60	57	4
60	58	4
60	59	2
