1	0	8
2	0	3
2	1	4
3	0	1
3	1	4
3	2	1
4	0	1
4	1	5
4	3	3
5	1	1
5	3	1
5	4	6
6	0	1
6	2	1
6	3	4
6	4	2
6	5	3
7	4	1
7	5	2
7	6	4
8	1	1
8	2	1
8	3	2
8	4	10
8	5	5
8	6	4
8	7	6
9	2	2
9	3	1
9	4	6
9	5	2
9	6	3
9	7	3
9	8	4
10	1	4
10	2	1
10	4	3
10	5	1
10	6	1
10	8	4
10	9	11
11	0	1
11	1	1
11	4	1
11	5	2
11	7	1
11	9	1
11	10	3
12	1	2
12	3	1
12	4	2
12	6	1
12	7	3
12	8	2
12	10	5
12	11	7
13	1	3
13	2	1
13	3	1
13	4	1
13	5	1
13	6	2
13	7	2
13	8	1
13	9	1
13	10	2
13	12	1
14	10	2
14	11	1
14	12	1
14	13	4
15	2	2
15	6	1
15	7	1
15	8	1
15	9	1
15	10	1
15	11	1
15	12	1
15	13	3
15	14	1
16	1	1
16	3	1
16	5	2
16	7	2
16	8	2
16	14	6
16	15	1
17	1	2
17	6	2
17	8	1
17	10	2
17	11	1
17	12	1
17	13	6
17	14	2
17	16	1
18	0	1
18	1	1
18	4	4
18	5	1
18	8	1
18	9	1
18	10	1
18	11	6
18	12	4
18	13	6
18	14	1
18	15	3
18	16	3
18	17	6
19	1	1
19	2	1
19	3	1
19	4	3
19	6	2
19	7	2
19	8	3
19	10	1
19	11	3
19	13	2
19	15	2
19	16	1
19	17	4
19	18	3
20	2	1
20	4	3
20	5	1
20	6	1
20	8	5
20	9	2
20	10	3
20	11	2
20	12	1
20	13	2
20	15	1
20	16	3
20	17	2
20	18	4
20	19	5
21	0	2
21	4	5
21	5	1
21	6	1
21	8	2
21	9	1
21	10	2
21	11	1
21	12	2
21	15	3
21	16	3
21	18	2
21	19	5
21	20	7
22	1	1
22	4	2
22	6	5
22	7	1
22	9	1
22	10	2
22	11	1
22	13	2
22	14	2
22	15	1
22	16	1
22	17	1
22	18	3
22	19	1
22	20	3
22	21	2
23	0	1
23	5	2
23	7	1
23	8	2
23	12	1
23	13	1
23	16	1
23	17	1
23	18	1
23	20	2
23	21	1
23	22	1
24	1	1
24	3	1
24	5	1
24	7	2
24	8	1
24	9	4
24	11	2
24	14	1
24	15	1
24	16	1
24	17	4
24	18	2
24	21	1
24	22	3
24	23	7
25	22	1
26	6	1
26	14	2
26	15	1
26	17	1
26	20	1
26	22	1
26	24	1
27	3	1
27	4	1
27	5	1
27	6	1
27	8	1
27	11	2
27	12	1
27	13	3
27	14	2
27	16	1
27	18	1
27	20	1
27	21	1
27	22	2
27	23	1
27	26	1
28	0	3
28	2	1
28	3	1
28	4	2
28	5	1
28	8	2
28	9	2
28	10	2
28	11	2
28	12	5
28	13	3
28	14	1
28	15	7
28	16	1
28	17	2
28	18	2
28	19	1
28	20	1
28	21	2
28	22	1
28	23	1
28	24	4
28	26	1
28	27	3
29	2	2
29	3	1
29	4	2
29	6	1
29	7	1
29	8	2
29	9	4
29	11	1
29	12	1
29	14	1
29	15	3
29	16	4
29	18	4
29	19	1
29	21	1
29	22	1
29	23	1
29	24	2
29	27	1
29	28	2
30	0	2
30	2	1
30	3	3
30	4	2
30	5	1
30	7	1
30	8	6
30	9	3
30	10	1
30	11	1
30	12	2
30	13	1
30	15	2
30	16	1
30	17	2
30	19	2
30	20	1
30	21	1
30	22	2
30	24	1
30	26	1
30	27	1
30	28	9
30	29	3
31	2	1
31	3	1
31	4	3
31	5	3
31	8	1
31	9	1
31	10	1
31	11	2
31	12	1
31	13	1
31	14	2
31	16	2
31	17	2
31	18	2
31	19	1
31	22	2
31	24	1
31	28	3
31	29	1
31	30	6
32	1	2
32	2	1
32	5	1
32	6	1
32	8	1
32	9	1
32	10	2
32	12	1
32	13	1
32	14	1
32	15	1
32	16	1
32	18	2
32	19	3
32	21	1
32	22	1
32	23	3
32	26	3
32	27	3
32	28	2
32	29	2
32	30	2
32	31	3
33	1	1
33	6	1
33	8	1
33	9	4
33	11	2
33	12	3
33	13	2
33	17	1
33	18	1
33	19	4
33	20	2
33	21	1
33	23	3
33	24	1
33	27	1
33	28	5
33	29	3
33	31	1
33	32	7
34	1	1
34	3	1
34	4	1
34	5	3
34	7	1
34	8	2
34	9	1
34	10	2
34	11	1
34	12	1
34	13	3
34	16	1
34	17	3
34	18	1
34	20	1
34	21	3
34	22	1
34	23	2
34	24	4
34	25	1
34	26	1
34	27	2
34	28	1
34	29	1
34	30	4
34	31	1
34	32	1
34	33	8
35	1	1
35	2	3
35	4	2
35	5	1
35	8	6
35	9	1
35	10	2
35	11	2
35	13	4
35	14	2
35	16	1
35	17	3
35	18	1
35	19	1
35	20	1
35	22	4
35	23	1
35	27	2
35	28	5
35	29	2
35	30	1
35	31	1
35	32	3
35	33	5
35	34	1
36	1	1
36	2	1
36	3	2
36	4	2
36	6	1
36	7	1
36	8	1
36	9	1
36	10	1
36	12	2
36	14	1
36	15	1
36	16	1
36	18	2
36	20	1
36	21	1
36	24	1
36	27	2
36	28	2
36	29	2
36	30	3
36	34	1
36	35	2
37	0	2
37	2	1
37	3	3
37	4	2
37	5	1
37	6	3
37	7	1
37	9	1
37	10	2
37	11	1
37	12	1
37	13	4
37	14	1
37	15	1
37	16	1
37	18	2
37	19	1
37	20	1
37	21	2
37	27	2
37	28	3
37	30	2
37	32	2
37	33	1
37	34	2
37	35	5
37	36	3
38	1	4
38	2	2
38	3	4
38	4	2
38	5	4
38	7	2
38	8	3
38	9	2
38	10	2
38	11	1
38	12	3
38	13	1
38	14	3
38	15	1
38	16	2
38	17	5
38	18	2
38	19	2
38	23	2
38	24	1
38	27	3
38	28	5
38	31	1
38	32	4
38	33	1
38	34	1
38	35	3
38	37	5
39	1	1
39	3	1
39	4	1
39	5	1
39	6	3
39	7	2
39	8	1
39	9	2
39	10	1
39	11	1
39	12	2
39	13	5
39	15	4
39	16	2
39	17	5
39	18	2
39	19	2
39	21	1
39	26	2
39	27	4
39	28	5
39	30	2
39	31	1
39	32	2
39	33	2
39	35	3
39	36	1
39	37	6
39	38	13
40	1	2
40	2	1
40	3	1
40	4	2
40	5	1
40	6	2
40	7	1
40	8	2
40	9	3
40	10	1
40	11	1
40	12	2
40	13	2
40	14	1
40	15	3
40	16	1
40	18	1
40	19	2
40	20	2
40	21	2
40	22	2
40	23	2
40	24	3
40	27	1
40	28	12
40	29	1
40	30	1
40	31	3
40	32	2
40	34	1
40	35	4
40	37	4
40	38	10
40	39	8
41	1	1
41	2	3
41	4	1
41	8	2
41	13	1
41	15	1
41	16	1
41	17	1
41	20	2
41	26	2
41	27	4
41	28	1
41	29	4
41	30	5
41	31	2
41	32	2
41	34	1
41	35	1
41	36	2
41	37	2
41	38	3
41	39	4
41	40	3
42	0	1
42	3	1
42	8	1
42	10	2
42	13	1
42	14	3
42	16	1
42	18	1
42	19	1
42	21	1
42	22	1
42	24	1
42	26	1
42	27	1
42	28	3
42	29	1
42	30	5
42	31	3
42	32	2
42	33	4
42	34	1
42	35	1
42	36	1
42	37	1
42	38	5
42	39	3
42	40	3
42	41	5
43	4	1
43	5	1
43	6	1
43	7	2
43	8	1
43	9	1
43	11	1
43	13	2
43	15	1
43	16	1
43	20	1
43	21	1
43	22	4
43	24	2
43	25	1
43	26	1
43	28	5
43	30	6
43	31	5
43	32	1
43	33	2
43	34	1
43	35	1
43	36	3
43	37	2
43	38	2
43	39	1
43	40	2
43	41	4
43	42	4
44	2	1
44	3	2
44	4	2
44	5	2
44	9	1
44	10	1
44	12	1
44	14	1
44	17	2
44	18	1
44	20	1
44	27	1
44	29	2
44	30	2
44	31	4
44	33	1
44	34	1
44	37	1
44	38	2
44	39	1
44	40	2
44	41	3
44	42	1
44	43	6
45	0	1
45	4	1
45	5	2
45	6	1
45	7	1
45	10	1
45	12	1
45	13	2
45	14	3
45	24	1
45	27	1
45	28	2
45	29	1
45	30	1
45	31	1
45	32	1
45	33	2
45	34	1
45	36	2
45	38	4
45	41	2
45	42	2
45	43	6
45	44	7
46	4	1
46	10	4
46	11	3
46	13	1
46	14	1
46	15	1
46	27	3
46	31	1
46	33	2
46	36	3
46	38	2
46	40	2
46	41	2
46	42	3
46	43	4
46	44	2
46	45	3
47	5	1
47	6	1
47	10	4
47	11	1
47	12	2
47	13	2
47	15	1
47	16	1
47	19	1
47	20	1
47	24	1
47	27	2
47	28	1
47	31	1
47	32	1
47	36	1
47	37	1
47	38	1
47	39	2
47	40	1
47	41	2
47	42	1
47	43	3
47	44	2
47	45	2
47	46	3
48	2	1
48	3	1
48	4	2
48	8	1
48	13	1
48	15	1
48	19	1
48	23	2
48	27	1
48	28	2
48	30	1
48	31	1
48	37	2
48	38	1
48	39	1
48	40	1
48	42	1
48	43	1
48	44	4
48	45	1
48	46	2
48	47	7
49	0	3
49	1	1
49	3	1
49	4	2
49	6	2
49	7	1
49	8	1
49	11	1
49	12	1
49	13	2
49	14	2
49	16	2
49	17	2
49	18	2
49	19	2
49	20	1
49	23	2
49	27	1
49	28	2
49	30	1
49	32	2
49	33	1
49	34	1
49	37	2
49	38	4
49	39	5
49	40	2
49	41	1
49	42	2
49	43	1
49	45	2
49	46	3
49	47	8
49	48	6
50	1	3
50	5	1
50	8	2
50	12	1
50	15	1
50	27	1
50	32	2
50	37	1
50	39	2
50	40	1
50	43	3
50	47	1
50	48	1
50	49	1
51	4	2
51	5	3
51	9	1
51	11	1
51	13	1
51	16	3
51	18	1
51	19	1
51	23	1
51	24	1
51	27	1
51	36	2
51	37	1
51	39	3
51	40	2
51	41	2
51	42	4
51	43	1
51	44	4
51	46	1
51	48	2
51	49	1
51	50	2
52	4	1
52	8	1
52	10	2
52	11	3
52	12	2
52	13	1
52	15	1
52	16	2
52	18	4
52	19	2
52	20	2
52	21	2
52	26	2
52	27	1
52	34	1
52	35	1
52	37	1
52	38	4
52	39	2
52	43	1
52	44	1
52	45	1
52	46	1
52	49	3
52	50	8
52	51	6
53	1	1
53	3	1
53	5	1
53	6	1
53	7	1
53	8	1
53	10	1
53	11	1
53	12	2
53	13	1
53	14	1
53	15	1
53	18	2
53	19	1
53	20	1
53	27	1
53	28	1
53	29	1
53	30	2
53	31	2
53	32	1
53	33	1
53	34	1
53	35	1
53	36	1
53	38	2
53	39	2
53	40	2
53	41	2
53	42	1
53	43	6
53	44	1
53	45	1
53	46	5
53	47	1
53	48	2
53	49	7
53	50	1
53	51	1
53	52	6
54	2	1
54	4	1
54	5	1
54	10	1
54	15	1
54	16	1
54	17	2
54	18	2
54	19	1
54	27	1
54	29	2
54	30	1
54	31	1
54	32	1
54	33	2
54	35	2
54	36	1
54	37	2
54	38	5
54	40	1
54	41	4
54	42	2
54	44	1
54	45	3
54	46	4
54	47	4
54	48	4
54	49	3
54	50	1
54	51	2
54	52	2
54	53	1
55	0	1
55	2	2
55	5	1
55	8	3
55	9	6
55	10	2
55	11	1
55	12	1
55	13	1
55	14	1
55	15	1
55	16	2
55	17	1
55	18	2
55	19	1
55	25	1
55	28	3
55	31	4
55	33	1
55	34	1
55	35	1
55	37	2
55	38	4
55	39	2
55	40	4
55	41	2
55	42	1
55	43	5
55	44	5
55	46	3
55	47	7
55	48	5
55	50	3
55	51	3
55	52	1
55	53	1
55	54	4
56	3	2
56	5	1
56	8	2
56	9	2
56	10	1
56	13	1
56	17	1
56	19	2
56	21	1
56	30	1
56	37	1
56	38	3
56	39	1
56	40	1
56	41	2
56	42	1
56	43	1
56	44	2
56	46	3
56	47	2
56	48	3
56	49	3
56	50	3
56	51	2
56	52	2
56	53	2
56	54	2
56	55	2
57	0	2
57	2	1
57	8	1
57	10	2
57	12	1
57	13	1
57	14	1
57	18	1
57	19	1
57	22	1
57	24	2
57	27	1
57	28	3
57	30	1
57	31	1
57	32	2
57	33	1
57	34	1
57	35	3
57	38	2
57	39	3
57	40	2
57	41	1
57	42	1
57	43	4
57	44	2
57	47	1
57	49	1
57	50	1
57	51	1
57	53	4
57	54	2
57	55	3
57	56	5
58	1	1
58	8	2
58	10	1
58	14	3
58	15	1
58	17	1
58	18	1
58	19	2
58	24	1
58	27	2
58	28	1
58	29	2
58	31	2
58	32	1
58	35	2
58	37	2
58	38	3
58	40	5
58	41	2
58	42	1
58	44	1
58	45	3
58	47	2
58	49	2
58	50	2
58	51	3
58	52	1
58	53	2
58	55	2
58	56	5
58	57	2
59	3	2
59	8	1
59	10	2
59	11	1
59	14	1
59	15	1
59	16	2
59	18	2
59	19	1
59	22	2
59	24	1
59	26	2
59	27	2
59	28	2
59	31	3
59	32	1
59	38	2
59	39	1
59	40	3
59	41	2
59	42	4
59	43	4
59	44	5
59	45	6
59	46	1
59	48	1
59	49	2
59	50	1
59	51	2
59	52	1
59	53	1
59	54	3
59	55	1
59	56	2
59	57	5
59	58	2
60	2	1
60	3	2
60	6	1
60	7	2
60	8	3
60	9	3
60	10	5
60	12	3
60	13	2
60	15	2
60	17	2
60	18	1
60	19	3
60	21	1
60	22	2
60	24	1
60	27	2
60	28	2
60	29	1
60	30	1
60	33	2
60	35	2
60	37	1
60	38	4
60	39	3
60	40	4
60	41	1
60	42	1
60	43	1
60	45	2
60	46	2
60	47	2
60	48	1
60	49	1
60	50	1
60	51	7
60	52	6
60	53	7
60	54	1
60	55	4
60	56	1
60	57	5
60	58	5
