1	0	10
2	1	5
3	0	1
3	1	1
3	2	6
4	1	1
4	2	4
4	3	6
5	1	1
5	2	2
5	3	2
5	4	8
6	1	1
6	2	1
6	3	1
6	4	1
6	5	1
7	2	1
7	3	2
7	4	2
7	5	2
7	6	2
8	1	1
8	2	2
8	4	11
8	5	3
8	6	4
8	7	4
9	0	1
9	1	1
9	3	2
9	4	1
9	5	3
9	6	3
9	8	6
10	1	2
10	2	1
10	3	1
10	4	4
10	5	3
10	6	1
10	7	2
10	8	4
10	9	5
11	2	1
11	4	2
11	5	1
11	6	1
11	7	1
11	8	2
11	10	9
12	1	2
12	2	1
12	3	1
12	4	2
12	8	4
12	9	5
12	10	6
12	11	10
13	1	2
13	3	2
13	4	1
13	5	1
13	6	2
13	8	3
13	9	3
13	10	2
13	11	3
13	12	4
14	2	1
14	4	3
14	5	1
14	7	2
14	9	2
14	11	1
14	12	2
14	13	1
15	2	1
15	4	1
15	5	1
15	8	2
15	9	2
15	10	2
15	12	2
15	14	4
16	7	4
16	9	3
16	10	1
16	11	1
16	12	1
16	13	3
16	14	2
16	15	1
17	3	1
17	5	3
17	6	1
17	7	1
17	8	1
17	10	2
17	11	2
17	12	2
17	13	1
17	14	1
17	15	2
17	16	5
18	2	1
18	3	2
18	4	1
18	5	1
18	6	2
18	7	2
18	8	3
18	10	1
18	12	1
18	13	4
18	14	4
18	16	3
18	17	5
19	0	1
19	1	1
19	2	2
19	3	3
19	4	1
19	5	1
19	6	1
19	7	1
19	8	1
19	9	3
19	10	2
19	11	4
19	13	1
19	14	2
19	15	2
19	16	4
19	17	2
19	18	7
20	2	5
20	3	1
20	4	4
20	6	3
20	7	2
20	8	5
20	10	1
20	11	1
20	12	1
20	13	2
20	14	2
20	16	1
20	17	3
20	19	1
21	0	2
21	4	7
21	5	2
21	6	1
21	7	1
21	8	4
21	9	4
21	10	4
21	14	3
21	16	1
21	17	1
21	18	3
21	19	1
21	20	6
22	1	2
22	2	1
22	3	1
22	4	3
22	5	2
22	6	1
22	7	1
22	9	1
22	10	1
22	11	1
22	12	3
22	13	1
22	15	2
22	17	3
22	18	2
22	19	3
22	20	1
22	21	3
23	0	1
23	1	1
23	3	1
23	4	1
23	6	1
23	8	1
23	9	1
23	10	2
23	11	1
23	12	2
23	14	1
23	16	1
23	17	3
23	19	2
23	21	1
23	22	4
24	2	1
24	3	1
24	4	1
24	5	3
24	6	2
24	8	1
24	9	1
24	10	2
24	12	2
24	13	2
24	14	3
24	16	2
24	19	2
24	20	1
24	21	3
24	22	4
24	23	9
25	12	3
26	2	1
26	8	1
26	10	1
26	14	2
26	15	1
26	17	1
26	19	1
27	3	1
27	4	2
27	6	1
27	7	1
27	8	1
27	11	1
27	14	5
27	16	1
27	18	3
27	20	1
27	21	1
27	23	2
27	24	1
27	25	1
27	26	1
28	0	1
28	2	2
28	3	1
28	4	4
28	5	1
28	6	1
28	8	3
28	9	1
28	11	1
28	13	1
28	14	2
28	16	2
28	17	4
28	18	3
28	19	2
28	20	1
28	21	2
28	27	2
29	1	1
29	3	2
29	5	4
29	10	2
29	12	1
29	13	2
29	15	1
29	16	1
29	20	1
29	22	1
29	23	1
29	27	2
29	28	2
30	0	1
30	5	1
30	6	1
30	8	2
30	9	1
30	10	1
30	12	3
30	13	2
30	14	2
30	17	1
30	18	2
30	19	1
30	22	2
30	23	1
30	24	3
30	27	2
30	28	5
30	29	4
31	2	2
31	4	1
31	8	1
31	9	2
31	13	1
31	14	2
31	15	3
31	16	1
31	17	1
31	18	1
31	19	1
31	20	2
31	21	1
31	23	3
31	27	2
31	28	5
31	29	3
31	30	3
32	0	1
32	1	1
32	2	1
32	4	4
32	6	1
32	13	1
32	15	1
32	16	1
32	17	1
32	18	1
32	19	1
32	20	1
32	21	2
32	22	1
32	23	2
32	24	2
32	27	3
32	29	1
32	30	2
32	31	3
33	3	2
33	6	2
33	8	2
33	9	2
33	10	2
33	12	2
33	13	1
33	14	2
33	15	1
33	17	1
33	18	1
33	20	1
33	21	1
33	22	1
33	23	1
33	26	1
33	27	2
33	28	4
33	29	2
33	30	2
33	31	3
33	32	4
34	0	1
34	4	1
34	6	1
34	7	1
34	9	1
34	10	2
34	12	1
34	13	1
34	14	1
34	16	2
34	18	1
34	19	2
34	20	2
34	21	3
34	22	1
34	23	1
34	24	4
34	27	3
34	29	3
34	30	3
34	31	3
34	32	3
34	33	3
35	1	1
35	3	4
35	4	1
35	5	1
35	6	1
35	7	1
35	8	1
35	9	1
35	10	2
35	13	4
35	14	3
35	15	1
35	16	6
35	17	2
35	18	4
35	19	4
35	20	1
35	21	3
35	22	1
35	23	1
35	26	2
35	27	1
35	28	3
35	29	3
35	30	4
35	31	1
35	32	3
35	33	3
35	34	3
36	2	2
36	4	2
36	6	3
36	8	4
36	9	2
36	10	1
36	14	1
36	15	1
36	18	2
36	19	1
36	20	1
36	21	1
36	22	1
36	26	1
36	27	2
36	28	2
36	29	2
36	30	3
36	31	1
36	33	2
36	35	2
37	4	2
37	5	1
37	6	1
37	9	3
37	10	1
37	12	2
37	13	5
37	14	2
37	16	6
37	17	2
37	18	1
37	19	2
37	20	1
37	22	1
37	24	2
37	26	1
37	27	5
37	28	9
37	29	1
37	30	1
37	32	2
37	33	2
37	34	1
37	35	5
38	0	1
38	3	1
38	4	1
38	6	1
38	7	2
38	8	1
38	9	4
38	10	3
38	11	2
38	12	2
38	13	3
38	14	1
38	15	2
38	16	2
38	17	1
38	18	4
38	19	3
38	20	1
38	21	2
38	22	5
38	24	2
38	27	1
38	28	6
38	29	3
38	30	2
38	32	2
38	34	1
38	35	4
38	36	2
38	37	8
39	2	2
39	4	1
39	5	1
39	8	2
39	9	2
39	10	3
39	11	1
39	12	1
39	13	2
39	14	2
39	15	2
39	16	3
39	17	3
39	18	2
39	19	1
39	20	1
39	21	1
39	22	1
39	23	1
39	28	2
39	29	1
39	30	1
39	34	1
39	35	4
39	36	3
39	37	6
39	38	8
40	3	1
40	4	2
40	5	1
40	6	1
40	8	3
40	9	1
40	12	1
40	13	1
40	16	3
40	17	1
40	18	1
40	19	4
40	20	1
40	21	1
40	22	1
40	23	1
40	24	1
40	27	2
40	28	7
40	30	1
40	31	4
40	32	3
40	33	1
40	34	2
40	35	1
40	36	2
40	37	6
40	38	9
40	39	10
41	3	1
41	4	2
41	5	1
41	7	1
41	8	1
41	10	1
41	11	1
41	12	3
41	13	2
41	18	1
41	20	1
41	22	1
41	23	1
41	24	1
41	28	3
41	30	1
41	31	3
41	32	1
41	33	2
41	34	1
41	35	4
41	36	1
41	37	4
41	38	3
41	39	2
41	40	9
42	4	3
42	8	3
42	9	2
42	10	2
42	11	1
42	12	2
42	13	3
42	16	2
42	17	1
42	18	2
42	21	1
42	26	2
42	28	2
42	29	1
42	30	4
42	31	2
42	32	2
42	33	2
42	34	2
42	36	1
42	38	5
42	39	2
42	40	1
42	41	5
43	0	1
43	3	1
43	7	1
43	11	1
43	12	1
43	13	2
43	14	1
43	15	2
43	18	2
43	20	2
43	21	2
43	22	1
43	23	1
43	24	1
43	26	1
43	27	2
43	28	1
43	30	1
43	31	2
43	32	5
43	33	1
43	34	4
43	35	1
43	36	3
43	37	1
43	39	2
43	40	3
43	41	4
44	0	1
44	1	1
44	2	1
44	3	2
44	4	1
44	5	3
44	8	3
44	9	1
44	12	1
44	17	1
44	18	1
44	20	1
44	26	2
44	29	2
44	30	2
44	31	1
44	32	3
44	33	1
44	34	1
44	35	2
44	36	1
44	37	2
44	40	2
44	41	1
44	42	2
44	43	5
45	0	1
45	1	1
45	3	1
45	4	2
45	5	2
45	9	1
45	10	1
45	11	1
45	12	2
45	13	2
45	18	1
45	24	1
45	26	2
45	28	4
45	29	1
45	30	2
45	32	2
45	33	1
45	35	2
45	36	1
45	40	1
45	41	1
45	42	2
45	43	8
45	44	6
46	0	1
46	2	2
46	3	1
46	4	1
46	5	2
46	8	3
46	9	1
46	10	1
46	12	1
46	13	1
46	14	1
46	15	1
46	18	1
46	19	3
46	22	1
46	26	3
46	27	1
46	29	1
46	30	2
46	32	2
46	33	1
46	34	1
46	35	3
46	37	1
46	38	1
46	39	3
46	40	1
46	41	2
46	42	2
46	43	2
46	44	3
46	45	5
47	1	1
47	3	1
47	4	2
47	9	1
47	10	6
47	13	3
47	16	2
47	18	1
47	28	2
47	30	1
47	33	3
47	34	3
47	35	1
47	38	3
47	39	3
47	40	3
47	42	1
47	43	1
47	44	1
47	45	2
47	46	2
48	1	2
48	10	1
48	11	1
48	12	3
48	13	1
48	15	1
48	20	2
48	24	2
48	28	1
48	30	1
48	31	1
48	35	1
48	36	1
48	39	2
48	41	1
48	42	1
48	43	1
48	45	2
48	46	6
48	47	8
49	1	2
49	3	1
49	4	1
49	6	1
49	8	1
49	10	1
49	11	1
49	12	1
49	13	1
49	14	2
49	15	1
49	17	1
49	23	1
49	27	2
49	28	1
49	29	1
49	30	2
49	31	1
49	34	1
49	35	2
49	36	2
49	37	1
49	38	2
49	39	1
49	41	2
49	42	2
49	44	1
49	45	4
49	46	1
49	47	4
49	48	4
50	1	1
50	3	2
50	8	1
50	9	1
50	10	1
50	15	2
50	30	1
50	32	2
50	35	1
50	37	1
50	38	2
50	39	1
50	40	1
50	41	1
50	42	2
50	43	1
50	44	1
50	47	2
50	48	2
50	49	3
51	4	3
51	7	1
51	12	1
51	13	1
51	14	1
51	16	2
51	17	2
51	18	1
51	19	1
51	20	2
51	27	1
51	28	3
51	30	2
51	31	2
51	33	1
51	34	2
51	35	2
51	36	2
51	37	1
51	38	4
51	39	2
51	40	1
51	41	2
51	42	1
51	46	2
51	47	2
51	49	2
51	50	5
52	4	1
52	7	1
52	10	1
52	11	1
52	12	1
52	13	2
52	14	1
52	16	1
52	17	2
52	18	2
52	19	1
52	23	1
52	24	1
52	26	2
52	28	3
52	30	1
52	31	3
52	32	1
52	33	1
52	34	1
52	35	1
52	37	3
52	38	2
52	40	1
52	42	3
52	44	2
52	45	1
52	46	1
52	47	1
52	49	3
52	50	7
52	51	17
53	1	2
53	2	1
53	3	1
53	4	1
53	6	1
53	7	1
53	9	2
53	10	2
53	11	1
53	12	1
53	13	1
53	16	2
53	17	1
53	28	3
53	29	1
53	31	1
53	32	2
53	36	3
53	38	2
53	39	2
53	41	3
53	43	2
53	44	1
53	45	1
53	46	1
53	47	1
53	48	1
53	49	8
53	50	3
53	51	4
53	52	3
54	1	2
54	2	1
54	3	2
54	4	1
54	5	1
54	8	1
54	9	3
54	10	3
54	13	2
54	15	2
54	16	1
54	19	3
54	26	2
54	27	2
54	29	3
54	30	1
54	33	1
54	34	2
54	35	2
54	36	2
54	37	1
54	38	3
54	39	2
54	41	3
54	42	1
54	43	4
54	45	1
54	46	2
54	47	4
54	49	5
54	50	2
54	51	1
54	53	4
55	1	1
55	2	1
55	3	1
55	4	1
55	5	1
55	8	1
55	9	1
55	11	2
55	12	2
55	14	1
55	15	1
55	16	2
55	17	1
55	18	3
55	21	1
55	22	1
55	24	1
55	27	2
55	28	2
55	29	2
55	30	1
55	31	2
55	32	1
55	33	2
55	35	2
55	36	2
55	37	3
55	38	2
55	39	3
55	41	2
55	42	3
55	43	1
55	44	5
55	45	2
55	46	2
55	47	3
55	48	3
55	49	4
55	50	1
55	51	2
55	52	2
55	53	3
55	54	8
56	4	1
56	8	2
56	9	1
56	10	2
56	12	1
56	15	3
56	18	1
56	19	2
56	21	2
56	23	1
56	28	1
56	30	2
56	33	1
56	34	1
56	35	1
56	36	1
56	37	1
56	39	2
56	40	1
56	41	1
56	43	2
56	44	3
56	45	1
56	46	5
56	47	4
56	48	4
56	49	4
56	50	1
56	51	4
56	52	4
56	53	3
56	54	5
56	55	1
57	4	1
57	10	1
57	11	2
57	14	1
57	18	1
57	22	1
57	27	1
57	28	3
57	29	1
57	31	1
57	34	2
57	35	1
57	38	5
57	39	1
57	40	3
57	41	7
57	42	1
57	44	5
57	45	1
57	46	3
57	47	2
57	49	3
57	51	1
57	52	1
57	53	4
57	54	3
57	56	7
58	1	1
58	3	2
58	12	1
58	13	2
58	14	1
58	18	1
58	23	2
58	24	2
58	26	3
58	28	1
58	29	1
58	31	1
58	32	3
58	33	1
58	34	1
58	36	1
58	37	1
58	38	1
58	39	4
58	40	2
58	42	1
58	43	2
58	44	2
58	45	1
58	47	3
58	48	2
58	50	1
58	51	2
58	52	1
58	53	1
58	55	2
58	57	4
59	1	1
59	3	1
59	5	2
59	7	1
59	9	2
59	10	1
59	12	1
59	13	1
59	15	2
59	16	1
59	17	2
59	18	2
59	19	1
59	22	1
59	24	1
59	26	1
59	27	2
59	28	2
59	29	1
59	30	1
59	34	2
59	35	2
59	36	2
59	37	2
59	38	5
59	41	4
59	42	2
59	43	3
59	44	5
59	45	3
59	46	4
59	47	4
59	49	1
59	50	1
59	51	5
59	52	4
59	53	2
59	54	4
59	55	1
59	56	2
59	57	5
59	58	5
60	0	2
60	1	2
60	2	2
60	3	2
60	4	3
60	8	1
60	9	1
60	10	1
60	11	4
60	12	1
60	13	3
60	14	1
60	15	1
60	16	1
60	18	1
60	19	1
60	20	4
60	21	2
60	24	1
60	26	1
60	27	2
60	28	1
60	29	1
60	30	3
60	31	2
60	32	5
60	33	1
60	35	2
60	36	4
60	37	3
60	38	4
60	39	5
60	40	2
60	41	2
60	43	1
60	44	1
60	45	2
60	46	1
60	47	4
60	48	1
60	49	8
60	51	7
60	52	6
60	53	1
60	54	1
60	55	4
60	56	1
60	57	2
60	58	1
60	59	3
