1	0	2
2	0	2
2	1	5
3	0	2
3	1	3
3	2	2
4	2	1
4	3	4
5	1	1
5	2	1
5	3	4
5	4	5
6	0	1
6	3	1
6	4	2
6	5	3
7	1	1
7	3	1
7	4	2
7	5	1
7	6	1
8	1	2
8	3	1
8	4	9
8	5	3
8	6	3
8	7	3
9	1	3
9	2	2
9	3	2
9	4	3
9	5	2
9	7	3
9	8	2
10	2	1
10	3	1
10	4	1
10	5	1
10	6	1
10	8	4
10	9	2
11	1	1
11	4	1
11	5	2
11	6	2
11	8	2
11	9	2
11	10	7
12	4	4
12	6	1
12	7	1
12	8	3
12	9	1
12	10	10
12	11	5
13	1	3
13	2	3
13	4	2
13	5	1
13	7	1
13	9	3
13	10	4
13	11	2
13	12	3
14	1	1
14	5	1
14	6	2
14	7	1
14	9	2
14	11	2
14	13	3
15	0	1
15	2	1
15	3	1
15	4	1
15	6	2
15	8	1
15	9	1
15	10	2
15	11	2
15	12	1
15	13	4
15	14	8
16	3	1
16	4	2
16	5	2
16	7	2
16	8	1
16	9	1
16	10	2
16	11	2
16	12	1
16	13	4
16	14	2
16	15	1
17	3	2
17	4	4
17	5	1
17	6	1
17	7	2
17	8	1
17	9	1
17	10	1
17	11	1
17	12	2
17	14	3
17	15	2
17	16	4
18	0	1
18	3	1
18	4	3
18	5	1
18	6	3
18	7	3
18	8	2
18	9	1
18	10	2
18	11	1
18	12	1
18	13	1
18	14	1
18	15	2
18	16	4
18	17	2
19	1	1
19	4	3
19	6	3
19	8	2
19	9	1
19	10	1
19	11	4
19	12	1
19	13	4
19	14	3
19	16	2
19	17	2
19	18	4
20	4	1
20	5	2
20	6	7
20	7	3
20	13	2
20	14	3
20	15	1
20	16	1
20	17	2
20	18	2
20	19	5
21	0	1
21	1	2
21	3	1
21	4	2
21	7	4
21	8	2
21	9	3
21	12	2
21	13	1
21	14	2
21	16	1
21	17	1
21	18	2
21	19	5
21	20	5
22	2	2
22	3	3
22	4	1
22	5	2
22	6	1
22	8	2
22	12	3
22	13	2
22	15	1
22	16	1
22	17	3
22	18	3
22	19	8
22	20	3
22	21	4
23	5	2
23	6	2
23	8	4
23	10	1
23	12	1
23	13	1
23	14	3
23	16	3
23	17	3
23	18	1
23	20	1
23	21	1
23	22	2
24	1	1
24	2	3
24	3	2
24	4	1
24	5	4
24	6	1
24	7	3
24	8	1
24	9	2
24	13	2
24	17	1
24	18	4
24	19	2
24	20	4
24	22	3
24	23	3
25	5	1
25	8	1
25	21	1
25	22	1
26	10	1
26	14	2
26	17	1
26	19	1
26	24	1
27	3	2
27	5	1
27	10	1
27	11	1
27	12	1
27	13	3
27	15	5
27	16	1
27	17	1
27	20	1
27	21	2
27	22	2
27	24	1
27	26	3
28	2	1
28	3	2
28	4	3
28	5	1
28	8	4
28	10	2
28	11	1
28	13	3
28	14	2
28	15	2
28	16	5
28	18	3
28	19	3
28	20	2
28	21	1
28	22	1
28	23	2
28	24	1
28	27	4
29	1	1
29	4	3
29	6	1
29	7	1
29	8	3
29	10	1
29	13	1
29	14	1
29	15	1
29	16	1
29	18	2
29	19	5
29	20	2
29	21	2
29	27	2
29	28	1
30	0	1
30	1	1
30	3	2
30	4	2
30	8	1
30	10	2
30	11	1
30	13	3
30	14	1
30	15	1
30	16	1
30	17	1
30	19	1
30	21	1
30	22	2
30	23	2
30	24	1
30	26	1
30	27	1
30	28	1
30	29	4
31	4	1
31	5	1
31	8	1
31	9	1
31	11	3
31	13	1
31	14	1
31	15	2
31	17	1
31	18	4
31	19	2
31	20	1
31	23	1
31	24	2
31	27	2
31	28	1
31	29	1
31	30	10
32	2	1
32	4	3
32	5	1
32	10	1
32	14	1
32	15	1
32	18	1
32	20	1
32	21	1
32	27	4
32	28	4
32	29	1
32	30	2
32	31	1
33	1	1
33	3	1
33	4	1
33	5	2
33	6	2
33	7	1
33	8	1
33	9	2
33	10	1
33	12	1
33	13	3
33	15	1
33	16	1
33	17	1
33	18	1
33	19	3
33	20	1
33	21	1
33	23	3
33	24	1
33	26	4
33	27	2
33	28	6
33	29	1
33	30	3
33	31	6
33	32	1
34	1	1
34	2	3
34	3	1
34	4	1
34	7	1
34	8	3
34	10	1
34	11	1
34	12	1
34	13	2
34	14	1
34	15	2
34	18	3
34	20	3
34	21	3
34	24	2
34	26	1
34	27	3
34	28	1
34	29	2
34	30	5
34	31	4
34	32	5
34	33	1
35	1	1
35	4	3
35	6	1
35	7	1
35	8	1
35	9	4
35	10	2
35	11	2
35	12	1
35	13	5
35	14	1
35	15	3
35	16	3
35	17	6
35	18	5
35	19	2
35	20	2
35	21	3
35	22	1
35	23	1
35	24	4
35	27	2
35	28	4
35	29	6
35	30	2
35	32	4
35	33	1
35	34	2
36	0	2
36	2	2
36	3	1
36	4	1
36	5	2
36	6	1
36	7	2
36	8	1
36	9	3
36	10	4
36	11	1
36	12	1
36	13	4
36	14	1
36	15	1
36	17	1
36	18	3
36	21	1
36	22	1
36	25	1
36	26	1
36	28	1
36	30	2
36	31	3
36	32	2
36	33	2
36	34	1
36	35	2
37	6	2
37	7	1
37	8	3
37	9	1
37	10	4
37	11	2
37	12	1
37	13	7
37	14	1
37	15	3
37	16	2
37	17	1
37	18	3
37	19	2
37	20	1
37	21	1
37	22	1
37	23	1
37	24	2
37	27	2
37	28	3
37	29	4
37	30	2
37	31	1
37	32	1
37	34	2
37	35	8
37	36	2
38	1	1
38	4	3
38	5	3
38	6	1
38	7	2
38	8	2
38	9	1
38	10	6
38	11	2
38	12	1
38	13	2
38	14	2
38	15	1
38	16	2
38	20	2
38	21	2
38	22	1
38	27	2
38	28	8
38	30	2
38	31	1
38	32	2
38	33	2
38	35	3
38	36	2
38	37	5
39	1	3
39	3	2
39	4	1
39	6	1
39	7	1
39	8	1
39	9	1
39	10	3
39	11	1
39	12	4
39	13	2
39	16	3
39	17	1
39	18	2
39	19	2
39	20	3
39	24	1
39	26	1
39	27	2
39	28	5
39	29	3
39	30	1
39	32	2
39	33	3
39	35	2
39	36	3
39	37	3
39	38	8
40	1	1
40	3	1
40	4	2
40	5	1
40	6	2
40	7	1
40	10	2
40	11	1
40	12	1
40	13	3
40	14	1
40	15	2
40	16	1
40	19	2
40	21	2
40	26	2
40	27	3
40	28	3
40	29	4
40	30	1
40	31	3
40	32	1
40	33	2
40	34	5
40	35	1
40	36	5
40	37	2
40	38	6
40	39	7
41	1	1
41	2	1
41	4	1
41	5	2
41	6	1
41	7	1
41	9	1
41	10	1
41	12	1
41	13	1
41	14	1
41	15	1
41	17	2
41	19	1
41	20	1
41	21	4
41	22	1
41	28	2
41	29	2
41	30	2
41	31	3
41	34	2
41	35	2
41	36	2
41	38	6
41	39	1
41	40	6
42	4	2
42	5	1
42	6	1
42	9	1
42	10	1
42	12	2
42	13	1
42	16	1
42	17	1
42	18	3
42	19	2
42	21	2
42	22	1
42	23	1
42	26	2
42	30	2
42	31	1
42	32	1
42	33	1
42	34	1
42	35	1
42	37	1
42	38	3
42	39	3
42	40	6
42	41	3
43	2	1
43	4	1
43	5	1
43	6	3
43	7	2
43	9	1
43	11	1
43	12	2
43	13	1
43	15	3
43	17	2
43	18	2
43	19	2
43	20	1
43	23	1
43	24	1
43	25	1
43	26	2
43	27	2
43	28	1
43	29	1
43	30	3
43	31	2
43	33	2
43	34	1
43	35	2
43	37	1
43	38	3
43	39	1
43	40	3
43	41	3
43	42	3
44	1	1
44	3	2
44	4	1
44	7	1
44	9	2
44	13	1
44	18	1
44	20	1
44	21	1
44	26	1
44	27	1
44	28	2
44	29	3
44	30	5
44	31	2
44	32	2
44	33	1
44	34	1
44	35	1
44	36	2
44	37	1
44	38	2
44	39	1
44	41	2
44	42	3
44	43	2
45	2	2
45	6	1
45	8	2
45	10	1
45	11	1
45	12	1
45	13	3
45	14	1
45	17	1
45	19	2
45	20	2
45	24	2
45	26	1
45	29	1
45	30	3
45	31	1
45	34	1
45	35	3
45	37	1
45	39	2
45	41	1
45	42	3
45	43	8
45	44	5
46	2	1
46	3	1
46	4	3
46	5	2
46	8	1
46	9	1
46	10	3
46	12	2
46	13	1
46	18	1
46	21	1
46	22	2
46	26	1
46	27	1
46	28	1
46	29	1
46	30	1
46	31	2
46	32	2
46	33	1
46	34	2
46	38	2
46	40	2
46	41	2
46	42	4
46	43	2
46	45	2
47	2	1
47	4	1
47	9	1
47	10	1
47	12	2
47	13	3
47	14	1
47	15	1
47	16	1
47	17	2
47	18	1
47	23	1
47	24	1
47	29	2
47	30	2
47	34	1
47	36	2
47	37	2
47	38	2
47	41	3
47	42	2
47	43	1
47	45	2
47	46	2
48	0	1
48	3	1
48	7	1
48	8	2
48	13	1
48	20	2
48	22	1
48	24	1
48	28	2
48	30	1
48	31	1
48	35	1
48	37	1
48	38	1
48	40	1
48	41	1
48	42	1
48	43	1
48	44	2
48	46	1
48	47	6
49	1	1
49	6	1
49	12	2
49	13	1
49	14	2
49	15	1
49	16	2
49	17	3
49	19	3
49	24	1
49	27	2
49	28	6
49	35	1
49	36	1
49	37	3
49	38	1
49	39	3
49	40	1
49	41	4
49	42	1
49	43	1
49	44	1
49	45	2
49	46	3
49	47	7
49	48	5
50	0	1
50	1	1
50	3	3
50	5	1
50	8	1
50	14	1
50	15	3
50	26	4
50	31	1
50	35	1
50	37	2
50	38	1
50	39	1
50	40	1
50	44	3
50	45	1
50	47	1
50	48	5
50	49	4
51	4	1
51	5	3
51	7	1
51	10	1
51	11	2
51	12	1
51	14	2
51	15	1
51	16	2
51	17	1
51	18	1
51	19	1
51	20	1
51	24	1
51	26	1
51	27	3
51	28	1
51	29	2
51	30	2
51	32	1
51	33	3
51	34	1
51	36	1
51	37	2
51	38	2
51	39	1
51	40	2
51	41	2
51	42	2
51	47	2
51	48	1
51	49	5
51	50	3
52	0	1
52	4	2
52	6	2
52	7	2
52	8	1
52	10	2
52	13	2
52	15	1
52	16	1
52	17	1
52	18	2
52	20	1
52	26	1
52	29	2
52	30	2
52	31	2
52	32	1
52	36	4
52	38	2
52	39	1
52	40	1
52	41	2
52	42	5
52	43	1
52	46	1
52	47	2
52	48	4
52	49	2
52	50	2
52	51	11
53	2	2
53	4	1
53	8	2
53	9	1
53	10	2
53	11	2
53	13	3
53	18	2
53	20	2
53	24	2
53	26	1
53	27	2
53	28	3
53	29	1
53	30	2
53	31	1
53	32	1
53	33	1
53	35	2
53	37	1
53	38	2
53	42	3
53	44	1
53	45	1
53	46	1
53	47	1
53	48	1
53	49	4
53	50	2
53	51	6
53	52	2
54	0	3
54	1	2
54	2	2
54	4	1
54	5	2
54	8	3
54	9	2
54	12	1
54	13	1
54	15	1
54	16	1
54	17	1
54	19	2
54	20	1
54	26	1
54	27	1
54	28	1
54	30	1
54	32	1
54	33	2
54	35	1
54	37	4
54	38	4
54	39	4
54	41	4
54	42	2
54	43	1
54	44	1
54	45	2
54	46	1
54	47	5
54	48	4
54	49	1
54	50	1
54	52	4
54	53	3
55	1	1
55	2	2
55	3	5
55	4	1
55	5	2
55	10	1
55	15	1
55	16	1
55	17	1
55	18	2
55	19	1
55	20	1
55	24	3
55	27	2
55	28	2
55	30	1
55	31	1
55	33	2
55	35	2
55	37	3
55	38	2
55	39	1
55	40	7
55	41	1
55	43	4
55	46	3
55	47	1
55	48	3
55	49	1
55	50	2
55	54	3
56	3	1
56	4	1
56	5	1
56	8	1
56	9	3
56	12	1
56	17	1
56	19	1
56	20	2
56	26	1
56	28	3
56	29	1
56	30	1
56	31	1
56	35	1
56	36	1
56	37	1
56	38	1
56	40	2
56	41	1
56	44	1
56	46	5
56	47	3
56	48	8
56	49	7
56	50	2
56	52	2
56	53	2
56	55	3
57	4	1
57	6	1
57	8	1
57	9	1
57	10	1
57	11	2
57	12	1
57	13	3
57	14	2
57	16	1
57	18	3
57	22	1
57	23	1
57	27	2
57	28	2
57	29	1
57	31	5
57	32	1
57	33	1
57	34	1
57	35	1
57	36	2
57	37	1
57	38	1
57	39	1
57	40	2
57	41	2
57	42	3
57	44	4
57	45	2
57	46	2
57	47	4
57	48	2
57	49	5
57	50	1
57	51	2
57	52	3
57	53	1
57	54	1
57	55	1
57	56	8
58	0	1
58	4	4
58	8	2
58	9	2
58	10	2
58	13	1
58	18	1
58	20	1
58	23	2
58	24	2
58	25	1
58	26	1
58	27	1
58	28	1
58	30	2
58	31	1
58	32	2
58	33	2
58	34	1
58	35	1
58	37	1
58	38	5
58	40	1
58	43	2
58	45	2
58	47	2
58	49	2
58	52	1
58	53	2
58	54	1
58	55	1
58	57	3
59	2	1
59	3	1
59	4	2
59	5	3
59	8	1
59	9	2
59	11	1
59	13	1
59	14	1
59	15	3
59	16	1
59	17	3
59	20	1
59	24	2
59	26	1
59	27	1
59	28	4
59	30	1
59	31	4
59	32	2
59	33	2
59	34	2
59	35	2
59	36	2
59	37	1
59	38	2
59	39	5
59	40	1
59	41	1
59	42	5
59	43	5
59	44	2
59	45	2
59	46	3
59	48	3
59	49	2
59	50	2
59	51	2
59	52	1
59	53	1
59	54	5
59	55	1
59	56	1
59	57	3
59	58	3
60	2	3
60	5	1
60	8	2
60	9	1
60	10	1
60	11	1
60	12	1
60	13	1
60	14	3
60	15	1
60	16	2
60	17	4
60	18	5
60	19	1
60	20	2
60	21	2
60	22	1
60	26	2
60	27	1
60	28	1
60	29	2
60	30	1
60	31	2
60	32	3
60	33	1
60	35	3
60	36	1
60	37	1
60	39	4
60	40	3
60	41	3
60	42	1
60	45	3
60	46	2
60	47	5
60	48	2
60	49	5
60	50	4
60	51	4
60	52	5
60	53	8
60	54	1
60	55	1
60	56	4
60	58	1
60	59	1
