1	0	5
2	0	3
2	1	6
3	0	2
3	1	1
3	2	3
4	1	1
4	3	3
5	0	1
5	1	3
5	3	3
5	4	6
6	3	2
6	4	3
6	5	1
7	1	1
7	2	3
7	3	3
7	4	1
7	5	4
7	6	1
8	2	2
8	3	1
8	4	11
8	5	3
8	6	4
8	7	4
9	1	2
9	3	4
9	4	6
9	5	3
9	7	1
9	8	3
10	3	1
10	4	4
10	5	1
10	6	3
10	7	1
10	8	1
10	9	6
11	1	1
11	4	3
11	6	1
11	8	4
11	9	1
11	10	4
12	1	3
12	3	4
12	4	1
12	6	1
12	8	4
12	9	1
12	10	9
12	11	4
13	0	1
13	1	1
13	3	1
13	5	1
13	6	1
13	7	2
13	8	2
13	9	2
13	11	1
14	1	1
14	2	2
14	3	1
14	4	1
14	5	2
14	9	1
14	10	3
14	11	1
14	12	2
15	2	1
15	3	1
15	4	1
15	8	1
15	10	4
15	12	1
15	13	1
15	14	4
16	2	1
16	3	1
16	4	3
16	5	1
16	6	1
16	9	1
16	10	4
16	11	2
16	12	2
16	13	3
16	14	1
16	15	2
17	3	5
17	4	4
17	5	1
17	6	4
17	7	1
17	9	2
17	10	1
17	11	1
17	12	2
17	13	4
17	14	1
17	15	1
17	16	4
18	3	3
18	4	2
18	5	2
18	6	1
18	7	3
18	8	2
18	9	2
18	10	2
18	11	1
18	12	3
18	13	5
18	14	5
18	15	2
18	16	2
18	17	6
19	1	1
19	2	1
19	3	2
19	5	1
19	8	2
19	9	3
19	10	3
19	11	1
19	12	3
19	13	2
19	14	2
19	15	3
19	16	2
19	17	3
19	18	10
20	3	2
20	4	2
20	5	5
20	7	4
20	8	3
20	9	3
20	10	3
20	13	1
20	15	2
20	17	1
20	18	2
20	19	7
21	1	2
21	2	2
21	5	1
21	8	1
21	9	1
21	10	1
21	11	3
21	12	4
21	13	1
21	16	4
21	17	1
21	18	5
21	19	5
21	20	4
22	1	2
22	2	1
22	3	3
22	5	5
22	8	3
22	9	2
22	10	2
22	12	1
22	13	1
22	16	1
22	17	4
22	18	2
22	20	2
22	21	4
23	1	3
23	3	1
23	4	2
23	6	1
23	7	1
23	8	1
23	11	2
23	16	1
23	18	1
23	19	2
23	20	1
23	21	2
23	22	4
24	1	1
24	4	2
24	6	1
24	7	1
24	12	1
24	13	1
24	15	1
24	16	2
24	17	2
24	18	1
24	19	1
24	20	2
24	21	3
24	22	1
24	23	9
25	0	1
25	11	1
25	12	1
26	3	1
26	8	2
26	14	1
26	15	2
26	16	1
26	19	1
26	20	2
26	24	1
27	3	2
27	4	5
27	6	2
27	8	1
27	9	1
27	10	2
27	11	1
27	12	1
27	13	2
27	14	5
27	15	2
27	16	1
27	17	2
27	18	1
27	19	2
27	21	1
27	23	1
28	2	1
28	4	3
28	5	1
28	6	1
28	7	1
28	8	2
28	9	2
28	10	1
28	12	1
28	13	4
28	14	1
28	15	2
28	16	1
28	17	2
28	18	1
28	19	1
28	20	3
28	22	4
28	24	2
28	26	2
28	27	4
29	1	1
29	2	1
29	4	2
29	5	2
29	6	2
29	7	2
29	8	2
29	9	1
29	10	2
29	12	1
29	14	1
29	16	1
29	17	4
29	18	1
29	21	3
29	22	1
29	23	1
29	24	1
29	27	1
30	0	1
30	2	3
30	4	2
30	5	2
30	6	1
30	7	2
30	8	1
30	11	1
30	12	2
30	14	2
30	15	1
30	16	1
30	17	1
30	18	2
30	19	1
30	20	1
30	21	1
30	23	5
30	24	3
30	26	1
30	28	1
30	29	2
31	2	2
31	4	2
31	5	1
31	8	3
31	9	2
31	10	2
31	11	1
31	13	1
31	14	2
31	15	1
31	16	1
31	19	1
31	20	2
31	21	1
31	22	1
31	23	1
31	28	2
31	29	3
31	30	3
32	0	1
32	2	2
32	5	1
32	8	2
32	10	2
32	11	1
32	12	1
32	13	1
32	15	1
32	18	1
32	20	1
32	23	2
32	26	1
32	27	2
32	28	3
32	30	2
32	31	1
33	2	1
33	4	1
33	5	1
33	7	1
33	8	2
33	9	1
33	11	1
33	12	2
33	15	1
33	19	1
33	21	3
33	22	2
33	23	1
33	24	2
33	26	1
33	27	2
33	28	2
33	29	2
33	30	1
33	32	5
34	1	2
34	3	1
34	4	2
34	5	1
34	7	1
34	8	1
34	14	1
34	17	5
34	18	3
34	20	1
34	21	1
34	22	4
34	23	1
34	24	1
34	27	5
34	28	1
34	29	1
34	30	7
34	31	1
34	32	3
34	33	7
35	2	1
35	4	1
35	5	2
35	7	3
35	8	2
35	9	3
35	10	1
35	11	2
35	12	2
35	13	5
35	14	1
35	15	1
35	16	2
35	17	1
35	18	4
35	19	3
35	20	2
35	21	4
35	22	1
35	23	1
35	24	3
35	27	2
35	28	8
35	29	5
35	30	3
35	31	3
35	32	1
35	34	5
36	1	1
36	2	1
36	4	2
36	5	3
36	6	1
36	8	3
36	9	1
36	10	3
36	12	2
36	13	2
36	17	1
36	21	2
36	28	1
36	29	1
36	30	2
36	31	2
36	33	1
36	34	1
36	35	4
37	3	1
37	4	2
37	8	2
37	10	1
37	11	2
37	12	3
37	13	11
37	16	1
37	17	3
37	18	10
37	20	2
37	23	2
37	24	2
37	26	1
37	27	4
37	28	3
37	29	1
37	30	2
37	31	1
37	32	1
37	33	2
37	34	2
37	35	5
37	36	1
38	1	2
38	4	2
38	5	2
38	7	1
38	8	5
38	9	1
38	10	1
38	12	1
38	13	2
38	14	3
38	17	2
38	18	3
38	20	2
38	21	2
38	22	1
38	24	1
38	26	1
38	27	2
38	28	7
38	29	4
38	30	1
38	31	1
38	33	1
38	35	5
38	36	4
38	37	5
39	1	1
39	2	1
39	4	2
39	5	1
39	7	2
39	8	2
39	9	2
39	12	4
39	13	5
39	15	1
39	18	3
39	19	3
39	20	1
39	21	3
39	22	1
39	23	3
39	27	4
39	28	2
39	29	2
39	30	3
39	32	1
39	34	2
39	35	4
39	36	2
39	37	6
39	38	11
40	3	1
40	5	1
40	8	3
40	10	4
40	13	4
40	14	2
40	15	1
40	16	3
40	17	1
40	18	4
40	19	2
40	21	1
40	23	1
40	24	1
40	27	3
40	28	3
40	29	5
40	30	3
40	31	2
40	32	2
40	34	1
40	35	6
40	36	1
40	37	3
40	38	10
40	39	7
41	1	2
41	3	1
41	5	3
41	7	1
41	8	1
41	9	4
41	10	1
41	12	3
41	13	3
41	16	1
41	17	3
41	18	1
41	19	2
41	21	1
41	23	1
41	24	2
41	26	2
41	27	1
41	28	3
41	29	1
41	30	2
41	31	4
41	33	2
41	34	1
41	35	3
41	36	2
41	37	1
41	38	10
41	40	10
42	4	1
42	5	1
42	6	1
42	9	1
42	14	1
42	15	4
42	16	1
42	19	5
42	20	2
42	27	1
42	28	1
42	29	1
42	31	3
42	32	3
42	33	1
42	34	2
42	35	2
42	36	1
42	38	4
42	39	3
42	40	2
42	41	8
43	0	1
43	2	2
43	4	2
43	5	1
43	10	1
43	13	3
43	14	1
43	15	2
43	16	1
43	17	1
43	19	1
43	24	1
43	27	2
43	28	1
43	30	1
43	31	1
43	32	1
43	36	3
43	38	4
43	39	2
43	41	2
43	42	3
44	0	1
44	1	1
44	2	1
44	3	2
44	4	4
44	5	1
44	7	1
44	8	2
44	9	1
44	10	1
44	11	1
44	13	1
44	16	2
44	18	1
44	19	1
44	20	1
44	27	2
44	28	1
44	29	1
44	33	2
44	35	2
44	37	2
44	38	1
44	39	1
44	40	1
44	41	2
44	42	2
44	43	3
45	5	2
45	8	1
45	10	1
45	11	2
45	13	2
45	14	2
45	17	2
45	18	1
45	19	1
45	26	1
45	27	1
45	28	3
45	30	1
45	32	3
45	33	2
45	35	2
45	36	2
45	39	3
45	40	5
45	41	6
45	42	1
45	43	6
45	44	7
46	3	1
46	4	3
46	5	1
46	8	1
46	10	3
46	14	1
46	15	2
46	18	1
46	21	2
46	22	1
46	28	1
46	30	2
46	32	1
46	33	1
46	34	1
46	35	2
46	36	2
46	37	1
46	38	5
46	40	1
46	41	2
46	42	3
46	43	1
46	44	2
46	45	4
47	1	1
47	2	3
47	3	1
47	4	1
47	7	3
47	8	1
47	10	1
47	12	1
47	13	1
47	14	1
47	15	1
47	16	2
47	18	3
47	20	2
47	23	1
47	27	1
47	30	3
47	34	2
47	37	2
47	38	1
47	40	2
47	41	2
47	42	4
47	43	5
47	46	4
48	0	2
48	1	1
48	2	1
48	4	1
48	7	1
48	12	2
48	15	1
48	19	1
48	22	1
48	27	1
48	28	1
48	30	1
48	31	2
48	35	2
48	37	2
48	39	2
48	40	3
48	41	1
48	42	2
48	44	1
48	45	1
48	46	2
48	47	7
49	0	1
49	1	1
49	3	2
49	4	2
49	5	4
49	6	2
49	8	1
49	10	1
49	11	3
49	12	1
49	13	1
49	14	1
49	15	1
49	16	2
49	17	2
49	19	2
49	21	3
49	23	5
49	27	1
49	28	1
49	29	1
49	33	1
49	34	1
49	35	1
49	37	2
49	38	1
49	39	4
49	40	1
49	41	2
49	42	1
49	43	2
49	44	2
49	45	2
49	46	5
49	47	7
49	48	6
50	1	1
50	3	1
50	4	1
50	8	1
50	9	2
50	12	1
50	15	1
50	18	1
50	19	1
50	26	1
50	28	1
50	29	1
50	35	2
50	37	1
50	38	1
50	39	2
50	41	1
50	45	2
50	47	2
50	48	2
50	49	1
51	1	2
51	4	1
51	5	1
51	8	1
51	10	1
51	11	1
51	12	1
51	14	2
51	15	1
51	16	2
51	17	1
51	18	1
51	19	1
51	23	1
51	24	1
51	28	1
51	31	2
51	35	2
51	36	2
51	37	2
51	39	4
51	40	2
51	43	2
51	44	2
51	45	2
51	46	1
51	48	3
51	49	5
51	50	5
52	6	1
52	8	1
52	9	1
52	10	1
52	13	1
52	15	2
52	16	2
52	17	1
52	18	3
52	19	2
52	20	1
52	26	1
52	27	3
52	28	2
52	29	1
52	30	1
52	31	1
52	36	5
52	37	1
52	42	3
52	43	2
52	45	2
52	46	2
52	47	1
52	48	2
52	49	7
52	50	4
52	51	10
53	1	2
53	2	1
53	4	1
53	9	2
53	11	2
53	12	3
53	13	2
53	14	2
53	15	1
53	16	1
53	17	3
53	18	2
53	22	2
53	27	1
53	28	3
53	29	2
53	30	1
53	32	1
53	33	1
53	34	3
53	35	1
53	36	1
53	37	2
53	38	1
53	40	2
53	41	3
53	42	1
53	43	1
53	44	1
53	46	1
53	47	5
53	48	3
53	49	8
53	51	2
53	52	5
54	1	1
54	3	1
54	4	2
54	5	1
54	8	1
54	9	2
54	10	2
54	11	1
54	13	1
54	14	1
54	17	2
54	18	1
54	20	1
54	23	1
54	26	1
54	27	2
54	28	3
54	29	1
54	32	2
54	33	1
54	35	2
54	38	1
54	39	3
54	40	2
54	42	1
54	43	2
54	44	1
54	45	3
54	47	2
54	48	4
54	49	4
54	50	1
54	51	1
54	52	2
54	53	2
55	1	3
55	5	1
55	11	4
55	13	4
55	15	1
55	18	2
55	19	1
55	20	1
55	21	1
55	24	2
55	27	1
55	28	1
55	30	2
55	31	2
55	32	2
55	33	1
55	36	1
55	37	1
55	38	2
55	40	3
55	41	1
55	42	2
55	44	5
55	45	2
55	46	5
55	47	4
55	48	2
55	49	2
55	50	1
55	51	2
55	52	1
55	53	2
55	54	7
56	4	1
56	9	1
56	11	1
56	12	1
56	13	2
56	15	2
56	18	1
56	19	1
56	20	3
56	27	2
56	28	1
56	29	2
56	30	1
56	31	1
56	32	1
56	34	1
56	35	4
56	36	1
56	37	1
56	40	2
56	41	2
56	42	1
56	43	2
56	44	1
56	45	2
56	46	2
56	47	3
56	48	1
56	49	1
56	50	2
56	51	3
56	52	2
56	53	1
56	55	1
57	0	1
57	2	1
57	3	2
57	9	1
57	10	1
57	11	1
57	12	1
57	15	1
57	16	1
57	18	1
57	22	1
57	23	1
57	24	2
57	27	1
57	28	1
57	29	1
57	30	2
57	31	2
57	32	2
57	33	1
57	34	3
57	35	1
57	37	1
57	39	1
57	40	3
57	41	2
57	42	2
57	45	3
57	46	3
57	48	3
57	49	6
57	51	2
57	52	1
57	53	3
57	54	3
57	55	2
57	56	7
58	0	1
58	3	1
58	4	2
58	9	1
58	13	2
58	14	1
58	15	1
58	18	1
58	19	1
58	20	2
58	24	2
58	28	1
58	30	1
58	32	2
58	33	1
58	34	1
58	35	2
58	36	1
58	38	1
58	40	1
58	42	1
58	44	2
58	45	1
58	46	2
58	47	2
58	48	1
58	49	1
58	50	1
58	52	1
58	55	1
58	57	1
59	2	2
59	3	1
59	4	2
59	7	3
59	8	4
59	9	3
59	10	1
59	13	2
59	14	4
59	15	2
59	19	1
59	20	3
59	22	1
59	27	2
59	28	1
59	29	3
59	31	3
59	32	1
59	34	1
59	35	2
59	37	1
59	38	2
59	39	2
59	40	2
59	41	1
59	42	3
59	43	4
59	44	2
59	45	3
59	46	3
59	47	2
59	48	2
59	49	3
59	51	1
59	52	1
59	53	2
59	54	1
59	55	3
59	56	1
59	57	5
59	58	2
60	1	1
60	4	4
60	5	1
60	6	2
60	8	1
60	9	3
60	10	1
60	11	2
60	12	1
60	13	3
60	14	3
60	15	1
60	16	3
60	18	3
60	19	2
60	20	2
60	21	2
60	22	1
60	24	1
60	27	2
60	28	1
60	29	4
60	30	1
60	31	1
60	32	2
60	33	1
60	34	1
60	35	1
60	36	2
60	38	1
60	39	3
60	41	2
60	42	1
60	43	2
60	45	4
60	46	1
60	47	2
60	48	2
60	49	7
60	50	2
60	51	3
60	52	10
60	53	7
60	54	3
60	55	1
60	56	1
60	57	4
60	58	2
