1	0	6
2	0	1
2	1	7
3	0	1
3	1	3
3	2	5
4	1	3
4	2	2
4	3	6
5	1	1
5	3	1
5	4	2
6	0	1
6	2	1
6	4	1
6	5	3
7	4	1
7	5	3
7	6	2
8	0	1
8	1	2
8	2	3
8	4	5
8	5	2
8	6	5
8	7	9
9	0	2
9	1	1
9	3	1
9	4	3
9	5	5
9	6	2
9	8	7
10	0	1
10	2	4
10	5	2
10	6	1
10	7	4
10	8	4
10	9	2
11	0	1
11	1	2
11	3	2
11	5	1
11	6	1
11	7	1
11	9	5
11	10	8
12	1	1
12	2	1
12	3	2
12	4	2
12	6	2
12	8	2
12	9	6
12	10	4
12	11	9
13	0	1
13	1	3
13	3	1
13	5	6
13	8	3
13	9	2
13	10	3
13	11	3
13	12	3
14	5	3
14	6	2
14	9	1
14	10	3
14	11	3
14	12	1
14	13	2
15	3	1
15	4	1
15	5	2
15	7	1
15	8	1
15	10	2
15	11	2
15	12	2
15	14	5
16	1	1
16	2	1
16	6	1
16	7	2
16	9	1
16	11	1
16	12	1
16	13	3
16	14	4
16	15	1
17	2	1
17	3	1
17	4	2
17	5	3
17	8	1
17	9	1
17	10	1
17	11	1
17	12	5
17	13	3
17	14	3
17	16	5
18	1	3
18	4	2
18	5	1
18	6	2
18	7	2
18	8	1
18	9	3
18	12	2
18	13	3
18	14	1
18	15	4
18	16	6
18	17	2
19	0	2
19	1	3
19	4	3
19	5	1
19	6	3
19	7	1
19	8	2
19	9	4
19	10	6
19	11	2
19	12	2
19	13	2
19	14	1
19	15	1
19	16	1
19	17	2
19	18	6
20	1	1
20	4	1
20	5	3
20	7	1
20	8	3
20	9	2
20	10	1
20	14	2
20	15	1
20	16	3
20	17	1
20	18	1
20	19	6
21	1	1
21	2	1
21	3	1
21	4	2
21	8	2
21	9	2
21	10	2
21	11	1
21	12	4
21	14	1
21	15	1
21	16	2
21	17	2
21	18	2
21	19	4
21	20	4
22	0	1
22	2	1
22	5	2
22	6	2
22	7	1
22	8	4
22	9	3
22	10	1
22	12	1
22	14	2
22	15	1
22	17	1
22	18	1
22	19	1
22	20	3
22	21	2
23	1	2
23	5	1
23	6	2
23	7	2
23	8	1
23	11	1
23	12	1
23	18	2
23	21	5
23	22	4
24	2	1
24	3	1
24	4	1
24	5	3
24	6	1
24	11	2
24	13	2
24	14	2
24	15	1
24	16	2
24	17	1
24	18	2
24	19	3
24	20	5
24	21	1
24	22	1
24	23	5
25	16	1
26	1	1
26	3	1
26	6	1
26	8	2
26	10	1
26	14	1
26	16	2
26	17	2
26	18	1
26	22	1
27	3	1
27	5	1
27	10	1
27	11	1
27	13	1
27	14	2
27	15	1
27	16	2
27	17	3
27	18	1
27	21	1
27	22	2
27	23	2
27	25	1
27	26	4
28	0	2
28	2	2
28	3	1
28	4	2
28	5	1
28	6	1
28	8	1
28	9	2
28	10	4
28	11	2
28	12	1
28	13	4
28	14	3
28	15	2
28	16	1
28	17	2
28	18	3
28	20	2
28	21	1
28	23	2
28	24	2
28	27	4
29	1	2
29	2	2
29	4	2
29	5	6
29	7	1
29	8	1
29	10	2
29	13	2
29	14	2
29	18	2
29	19	2
29	20	2
29	21	1
29	22	1
29	24	4
29	28	2
30	1	1
30	2	2
30	3	2
30	4	1
30	5	3
30	6	2
30	8	1
30	9	1
30	11	2
30	12	1
30	13	1
30	14	1
30	17	2
30	18	3
30	19	1
30	20	1
30	21	1
30	22	2
30	23	3
30	24	1
30	28	2
30	29	3
31	1	1
31	5	2
31	8	1
31	10	1
31	13	2
31	15	2
31	17	1
31	18	1
31	19	2
31	21	2
31	23	2
31	24	1
31	26	1
31	28	1
31	29	1
31	30	3
32	0	2
32	1	1
32	4	1
32	8	2
32	10	1
32	12	1
32	15	2
32	20	2
32	21	1
32	23	2
32	24	1
32	26	1
32	27	1
32	28	5
32	29	2
32	30	3
32	31	1
33	4	2
33	6	1
33	8	1
33	9	1
33	10	1
33	11	1
33	12	2
33	13	1
33	16	1
33	18	1
33	19	2
33	20	3
33	21	1
33	22	1
33	26	1
33	28	4
33	29	1
33	30	2
33	31	1
33	32	2
34	0	1
34	1	1
34	2	2
34	3	2
34	4	2
34	5	1
34	6	1
34	7	1
34	8	1
34	9	2
34	10	2
34	12	2
34	13	2
34	14	2
34	15	3
34	17	1
34	18	4
34	20	2
34	22	1
34	24	1
34	26	3
34	27	2
34	28	1
34	29	3
34	30	3
34	31	3
34	32	2
34	33	6
35	2	3
35	3	4
35	4	2
35	5	1
35	8	1
35	9	3
35	10	2
35	11	2
35	12	3
35	13	5
35	14	1
35	16	1
35	17	4
35	18	7
35	19	4
35	20	2
35	21	5
35	22	1
35	23	2
35	24	2
35	27	3
35	28	3
35	29	2
35	30	2
35	31	1
35	32	1
35	33	2
35	34	4
36	5	1
36	7	1
36	8	2
36	9	5
36	10	7
36	12	3
36	13	2
36	16	2
36	17	3
36	18	1
36	20	1
36	21	1
36	22	2
36	24	1
36	25	1
36	26	1
36	28	1
36	29	2
36	30	4
36	31	1
36	33	1
37	2	1
37	4	1
37	6	1
37	7	1
37	8	1
37	9	3
37	12	1
37	13	3
37	14	2
37	15	1
37	16	2
37	17	3
37	18	1
37	19	4
37	20	2
37	21	2
37	22	1
37	23	1
37	24	1
37	25	1
37	26	2
37	27	4
37	28	4
37	29	1
37	30	1
37	31	2
37	32	1
37	34	1
37	35	5
38	0	1
38	1	3
38	3	2
38	4	1
38	5	2
38	9	3
38	10	1
38	11	1
38	12	1
38	14	3
38	16	3
38	17	2
38	18	1
38	19	3
38	21	1
38	22	1
38	23	1
38	26	2
38	27	1
38	28	6
38	29	1
38	30	1
38	31	1
38	32	1
38	33	3
38	34	2
38	35	3
38	36	4
38	37	8
39	1	1
39	3	2
39	4	4
39	5	1
39	6	2
39	7	1
39	8	4
39	9	2
39	10	1
39	11	1
39	12	2
39	13	9
39	15	3
39	16	3
39	17	1
39	18	2
39	19	2
39	21	2
39	22	1
39	23	2
39	24	2
39	26	1
39	27	3
39	28	3
39	29	2
39	31	1
39	32	1
39	34	1
39	35	2
39	36	3
39	37	2
39	38	10
40	1	3
40	2	2
40	4	2
40	6	2
40	7	3
40	8	5
40	9	3
40	10	4
40	11	1
40	12	1
40	13	3
40	14	1
40	15	2
40	16	2
40	17	2
40	18	2
40	20	1
40	21	1
40	22	2
40	23	1
40	26	1
40	27	1
40	28	5
40	29	3
40	30	5
40	31	3
40	32	1
40	33	1
40	34	3
40	35	6
40	36	2
40	37	1
40	38	5
40	39	4
41	3	1
41	6	2
41	7	1
41	8	1
41	9	1
41	10	1
41	11	2
41	12	1
41	13	1
41	14	1
41	15	3
41	16	1
41	18	2
41	19	1
41	20	1
41	21	2
41	23	1
41	26	1
41	27	2
41	28	5
41	29	1
41	30	3
41	31	1
41	32	1
41	33	2
41	34	3
41	35	1
41	36	3
41	37	3
41	38	2
41	39	1
41	40	6
42	0	1
42	3	4
42	4	2
42	7	2
42	9	1
42	10	1
42	12	1
42	13	1
42	16	1
42	17	1
42	21	1
42	22	2
42	26	2
42	28	4
42	30	5
42	31	1
42	32	2
42	33	1
42	34	1
42	35	3
42	36	1
42	37	3
42	38	1
42	39	2
42	40	5
42	41	1
43	1	1
43	4	1
43	7	1
43	8	2
43	11	1
43	13	2
43	14	1
43	15	1
43	17	1
43	18	2
43	19	1
43	27	2
43	28	1
43	29	2
43	30	3
43	31	3
43	32	1
43	34	4
43	35	5
43	36	2
43	37	1
43	38	2
43	39	6
43	40	2
43	41	2
43	42	4
44	3	1
44	4	1
44	7	1
44	9	1
44	10	2
44	13	3
44	18	2
44	19	1
44	27	1
44	30	1
44	31	3
44	33	1
44	34	2
44	35	2
44	36	2
44	38	4
44	39	6
44	40	4
44	41	1
44	42	2
45	0	1
45	2	1
45	4	3
45	5	2
45	7	2
45	8	2
45	11	2
45	12	2
45	14	1
45	18	2
45	26	1
45	27	1
45	28	1
45	29	1
45	30	1
45	31	1
45	35	2
45	36	2
45	38	2
45	40	2
45	41	1
45	42	1
45	43	2
45	44	5
46	1	1
46	4	1
46	5	2
46	7	1
46	8	1
46	10	1
46	12	1
46	13	1
46	14	2
46	15	1
46	19	1
46	28	1
46	31	2
46	32	3
46	34	1
46	38	2
46	40	1
46	41	1
46	42	3
46	43	6
46	44	3
46	45	3
47	4	3
47	8	1
47	9	1
47	12	1
47	14	1
47	18	1
47	19	1
47	20	1
47	23	1
47	28	1
47	30	1
47	31	2
47	33	2
47	34	1
47	35	1
47	36	1
47	38	4
47	39	3
47	41	4
47	43	3
47	44	5
47	45	2
47	46	5
48	1	1
48	3	1
48	4	2
48	11	1
48	12	1
48	15	1
48	20	1
48	27	2
48	28	2
48	31	1
48	35	2
48	36	2
48	38	2
48	39	1
48	40	2
48	42	1
48	43	1
48	45	1
48	46	1
48	47	5
49	0	1
49	3	2
49	6	2
49	7	1
49	8	1
49	9	1
49	11	1
49	12	3
49	13	1
49	16	2
49	19	1
49	20	1
49	21	1
49	27	1
49	28	2
49	29	1
49	30	2
49	31	1
49	32	1
49	33	1
49	35	2
49	36	1
49	38	1
49	39	3
49	40	1
49	41	2
49	42	3
49	43	2
49	44	3
49	45	2
49	46	5
49	47	3
49	48	3
50	3	1
50	8	1
50	12	1
50	13	1
50	14	2
50	15	3
50	18	1
50	19	2
50	27	1
50	28	2
50	32	3
50	35	1
50	36	1
50	37	2
50	39	1
50	41	2
50	42	2
50	43	1
50	45	1
50	46	2
50	47	3
50	49	5
51	1	1
51	4	3
51	5	1
51	10	3
51	11	1
51	12	1
51	13	1
51	17	1
51	19	1
51	24	2
51	25	1
51	26	2
51	27	1
51	28	3
51	29	2
51	30	1
51	31	2
51	32	1
51	33	2
51	34	3
51	35	1
51	38	2
51	39	1
51	41	2
51	42	1
51	43	1
51	44	1
51	46	2
51	47	2
51	48	1
51	49	1
51	50	1
52	4	2
52	6	3
52	10	1
52	13	1
52	18	1
52	19	2
52	20	1
52	23	1
52	27	2
52	28	4
52	29	1
52	30	1
52	32	2
52	34	1
52	37	2
52	38	4
52	39	2
52	40	2
52	43	2
52	44	1
52	45	2
52	46	1
52	49	1
52	50	4
52	51	4
53	2	1
53	5	1
53	8	1
53	10	1
53	13	2
53	14	2
53	15	1
53	18	1
53	19	1
53	20	2
53	27	1
53	29	2
53	30	1
53	33	1
53	34	1
53	35	1
53	36	1
53	37	1
53	38	3
53	39	4
53	40	2
53	41	2
53	42	2
53	43	2
53	44	1
53	46	1
53	47	2
53	48	3
53	49	7
53	50	1
53	51	5
53	52	3
54	0	2
54	1	3
54	2	1
54	3	1
54	5	1
54	7	1
54	9	3
54	11	2
54	12	2
54	13	2
54	14	3
54	15	1
54	16	1
54	19	1
54	20	1
54	26	1
54	27	2
54	28	1
54	30	3
54	31	2
54	32	1
54	33	1
54	34	1
54	35	1
54	37	2
54	38	1
54	39	3
54	43	4
54	44	1
54	45	3
54	47	4
54	48	1
54	49	2
54	50	3
54	51	2
54	52	2
54	53	1
55	0	2
55	1	1
55	3	3
55	5	1
55	8	1
55	9	1
55	10	2
55	11	3
55	12	1
55	14	1
55	15	4
55	16	1
55	19	1
55	20	1
55	21	3
55	25	2
55	28	1
55	29	1
55	30	2
55	31	2
55	32	2
55	33	2
55	34	1
55	35	1
55	36	2
55	37	3
55	38	4
55	39	2
55	40	2
55	41	3
55	42	2
55	43	3
55	44	2
55	45	3
55	46	4
55	47	6
55	48	4
55	49	5
55	50	3
55	52	3
55	53	1
55	54	6
56	5	1
56	9	1
56	10	1
56	11	1
56	13	3
56	15	1
56	17	2
56	18	2
56	19	1
56	21	1
56	23	1
56	26	1
56	28	1
56	29	1
56	30	1
56	31	1
56	32	1
56	33	1
56	36	2
56	39	2
56	40	2
56	42	1
56	43	4
56	44	2
56	45	1
56	46	2
56	47	2
56	48	6
56	49	4
56	51	1
56	52	1
56	53	3
56	54	1
56	55	5
57	4	1
57	6	1
57	8	2
57	9	1
57	10	1
57	13	2
57	14	1
57	15	1
57	18	2
57	22	1
57	28	1
57	30	2
57	31	2
57	33	2
57	34	1
57	35	3
57	36	1
57	37	1
57	38	2
57	39	1
57	40	1
57	41	2
57	42	2
57	43	2
57	45	2
57	46	1
57	47	3
57	48	4
57	49	7
57	51	4
57	53	2
57	54	5
57	55	1
57	56	3
58	0	1
58	1	1
58	4	1
58	8	1
58	9	2
58	12	2
58	14	2
58	15	1
58	23	1
58	27	2
58	28	2
58	30	3
58	31	1
58	32	1
58	34	3
58	35	1
58	37	1
58	38	5
58	39	1
58	40	2
58	41	2
58	42	2
58	43	2
58	45	1
58	46	2
58	47	1
58	48	2
58	49	1
58	50	2
58	51	1
58	52	2
58	53	2
58	54	1
58	55	2
58	56	2
58	57	5
59	4	2
59	8	1
59	10	2
59	13	1
59	14	1
59	16	2
59	19	2
59	20	1
59	21	1
59	22	2
59	24	1
59	26	1
59	28	1
59	29	1
59	30	1
59	31	5
59	32	3
59	33	2
59	35	1
59	36	1
59	37	1
59	38	2
59	39	2
59	40	3
59	41	2
59	42	2
59	43	5
59	44	3
59	45	2
59	46	1
59	47	2
59	48	1
59	49	2
59	51	1
59	52	3
59	53	1
59	54	2
59	55	1
59	56	1
59	57	4
59	58	2
60	1	2
60	4	2
60	5	1
60	6	1
60	7	1
60	10	1
60	11	2
60	12	3
60	13	4
60	14	3
60	15	2
60	16	2
60	17	2
60	18	1
60	19	1
60	20	1
60	21	2
60	22	1
60	24	1
60	26	1
60	27	2
60	28	3
60	29	1
60	30	3
60	31	1
60	32	1
60	33	1
60	37	1
60	38	3
60	39	6
60	40	3
60	41	1
60	42	2
60	43	2
60	45	3
60	46	2
60	47	2
60	48	3
60	49	5
60	50	4
60	51	8
60	52	8
60	53	4
60	55	1
60	56	4
60	57	2
60	58	2
60	59	4
