1	0	3
2	0	1
2	1	3
3	0	2
3	1	3
3	2	2
4	0	1
4	1	3
4	2	2
4	3	1
5	0	2
5	1	1
5	2	1
5	3	3
5	4	6
6	0	1
6	2	2
6	4	2
6	5	3
7	1	3
7	4	2
7	5	3
7	6	3
8	0	1
8	1	2
8	2	1
8	3	3
8	4	5
8	5	3
8	6	4
8	7	2
9	0	1
9	1	1
9	2	2
9	3	1
9	4	6
9	5	1
9	7	1
9	8	3
10	0	1
10	1	1
10	2	2
10	3	1
10	5	3
10	6	2
10	7	1
10	8	6
10	9	3
11	2	1
11	4	2
11	6	2
11	8	1
11	9	4
11	10	4
12	1	2
12	3	1
12	4	1
12	5	1
12	6	2
12	9	4
12	10	2
12	11	4
13	4	3
13	6	2
13	7	1
13	8	3
13	9	3
13	10	3
13	12	6
14	1	1
14	2	1
14	3	1
14	4	1
14	6	1
14	8	2
14	9	2
14	10	2
14	11	3
14	12	1
14	13	1
15	2	1
15	3	1
15	5	1
15	8	1
15	9	1
15	10	2
15	12	6
15	13	4
15	14	2
16	3	2
16	4	1
16	5	2
16	7	1
16	8	1
16	9	1
16	10	1
16	11	2
16	12	1
16	13	5
16	14	2
16	15	4
17	2	1
17	3	4
17	4	5
17	5	1
17	6	1
17	7	2
17	9	1
17	10	4
17	11	1
17	12	1
17	13	2
17	14	3
17	16	5
18	1	1
18	3	1
18	5	1
18	6	2
18	7	2
18	8	2
18	9	4
18	10	4
18	11	1
18	12	3
18	13	4
18	14	3
18	16	2
18	17	1
19	0	2
19	1	1
19	3	1
19	4	1
19	5	5
19	6	3
19	7	3
19	8	1
19	9	4
19	10	3
19	11	1
19	12	2
19	13	3
19	15	1
19	16	2
19	17	5
19	18	5
20	1	2
20	2	1
20	4	4
20	5	3
20	6	2
20	7	1
20	8	2
20	9	2
20	10	2
20	12	1
20	14	3
20	15	2
20	16	2
20	18	4
20	19	6
21	0	1
21	1	2
21	2	1
21	3	1
21	4	1
21	5	4
21	6	2
21	7	3
21	8	3
21	10	5
21	11	2
21	12	2
21	13	1
21	15	1
21	16	1
21	18	2
21	19	2
21	20	4
22	1	1
22	5	2
22	8	3
22	9	1
22	10	4
22	13	1
22	17	1
22	18	2
22	19	2
22	20	8
22	21	4
23	0	1
23	3	1
23	4	1
23	5	1
23	8	4
23	9	1
23	10	1
23	12	1
23	14	1
23	17	2
23	18	2
23	19	1
23	21	1
23	22	6
24	2	1
24	3	1
24	4	2
24	5	2
24	7	2
24	8	2
24	11	1
24	13	2
24	14	2
24	15	1
24	16	1
24	17	1
24	18	2
24	19	3
24	20	4
24	21	4
24	22	6
24	23	6
25	0	1
25	5	1
25	9	1
25	12	1
25	15	1
25	17	1
26	10	2
26	13	1
26	14	2
26	16	1
26	19	2
26	24	1
27	3	1
27	4	1
27	6	1
27	8	1
27	9	1
27	11	1
27	12	1
27	16	2
27	19	2
27	20	2
27	22	2
27	23	1
27	24	1
27	26	2
28	0	1
28	1	3
28	2	3
28	3	3
28	5	2
28	6	2
28	8	2
28	9	1
28	10	1
28	13	2
28	14	4
28	15	1
28	16	2
28	17	2
28	18	1
28	19	2
28	20	2
28	21	3
28	22	1
28	23	1
28	24	1
28	26	3
28	27	3
29	2	1
29	3	1
29	4	3
29	5	3
29	7	2
29	9	1
29	10	1
29	12	2
29	13	2
29	15	2
29	18	1
29	19	3
29	27	1
29	28	2
30	0	2
30	1	1
30	2	3
30	4	3
30	5	2
30	8	1
30	9	1
30	11	2
30	12	3
30	13	2
30	15	2
30	16	2
30	18	2
30	19	3
30	20	1
30	23	1
30	24	1
30	26	1
30	28	2
30	29	4
31	2	2
31	9	4
31	14	1
31	15	2
31	17	3
31	18	1
31	19	1
31	20	1
31	24	3
31	26	1
31	27	1
31	28	2
31	29	1
31	30	4
32	2	1
32	4	1
32	8	1
32	9	3
32	13	2
32	14	2
32	21	1
32	23	1
32	24	1
32	26	1
32	27	2
32	28	2
32	29	2
32	30	1
32	31	1
33	1	1
33	2	1
33	3	1
33	4	1
33	5	1
33	6	1
33	7	1
33	8	1
33	9	1
33	11	1
33	12	4
33	13	3
33	14	3
33	17	1
33	18	2
33	19	2
33	20	1
33	22	1
33	23	1
33	24	1
33	26	3
33	27	1
33	28	4
33	29	1
33	30	1
33	31	1
33	32	6
34	2	3
34	3	2
34	5	1
34	7	1
34	8	2
34	9	3
34	12	1
34	14	2
34	16	1
34	17	1
34	18	4
34	19	1
34	20	1
34	21	4
34	22	1
34	24	1
34	26	2
34	27	2
34	28	6
34	30	2
34	31	1
34	32	1
34	33	3
35	1	1
35	2	2
35	4	5
35	6	1
35	7	1
35	8	4
35	9	2
35	10	6
35	12	3
35	13	3
35	14	1
35	15	1
35	16	5
35	17	1
35	18	9
35	19	2
35	20	3
35	21	3
35	22	1
35	24	2
35	26	1
35	27	2
35	28	2
35	29	2
35	30	1
35	32	2
35	33	3
35	34	1
36	2	2
36	4	3
36	5	2
36	9	3
36	10	2
36	12	1
36	13	4
36	16	1
36	17	1
36	18	2
36	19	1
36	22	1
36	27	1
36	28	2
36	29	2
36	31	1
36	32	2
36	34	1
36	35	2
37	1	1
37	2	3
37	4	1
37	5	2
37	7	1
37	9	2
37	10	5
37	11	1
37	12	1
37	13	5
37	15	1
37	16	1
37	17	1
37	18	2
37	19	2
37	20	2
37	21	1
37	23	2
37	26	1
37	27	1
37	28	4
37	29	1
37	30	2
37	32	2
37	33	1
37	35	11
37	36	1
38	0	1
38	1	2
38	2	1
38	6	1
38	8	2
38	9	1
38	10	2
38	11	2
38	12	2
38	13	5
38	14	2
38	15	2
38	16	1
38	18	1
38	19	3
38	20	3
38	22	2
38	23	1
38	26	1
38	28	2
38	29	1
38	30	1
38	31	4
38	32	3
38	33	4
38	35	2
38	36	2
38	37	6
39	1	1
39	3	1
39	4	1
39	5	2
39	7	2
39	10	2
39	11	3
39	12	4
39	13	4
39	14	1
39	15	1
39	16	2
39	17	1
39	18	1
39	19	3
39	22	1
39	24	1
39	27	4
39	28	3
39	30	2
39	31	1
39	32	2
39	33	2
39	34	3
39	35	5
39	36	2
39	37	7
39	38	9
40	1	1
40	2	2
40	3	1
40	4	1
40	5	2
40	6	1
40	8	3
40	9	1
40	10	2
40	12	2
40	13	3
40	14	2
40	16	1
40	19	1
40	20	2
40	22	3
40	23	2
40	27	2
40	28	5
40	29	4
40	30	2
40	31	3
40	32	3
40	33	5
40	34	2
40	35	1
40	36	1
40	37	3
40	38	7
40	39	3
41	1	2
41	2	1
41	3	1
41	6	1
41	8	2
41	10	2
41	12	4
41	13	2
41	14	2
41	15	3
41	16	2
41	19	3
41	20	2
41	21	2
41	22	1
41	26	1
41	28	6
41	29	2
41	30	3
41	31	1
41	32	1
41	33	2
41	34	1
41	35	2
41	36	1
41	37	3
41	38	3
41	39	4
41	40	5
42	0	1
42	4	1
42	6	1
42	8	1
42	9	1
42	10	1
42	11	1
42	12	1
42	13	1
42	14	1
42	15	1
42	17	3
42	18	1
42	19	1
42	20	1
42	22	2
42	27	1
42	28	1
42	31	4
42	32	4
42	33	3
42	34	1
42	35	2
42	36	2
42	37	4
42	38	3
42	39	1
42	40	5
42	41	1
43	1	1
43	9	1
43	11	1
43	13	1
43	16	2
43	17	1
43	18	1
43	19	1
43	20	1
43	21	3
43	26	1
43	28	5
43	29	2
43	31	3
43	33	1
43	34	1
43	35	1
43	36	2
43	37	2
43	38	4
43	39	3
43	40	2
43	41	3
43	42	1
44	1	1
44	2	2
44	4	1
44	8	1
44	9	1
44	10	1
44	12	1
44	14	2
44	16	1
44	17	2
44	18	2
44	19	1
44	21	1
44	28	2
44	29	3
44	30	2
44	31	3
44	32	3
44	33	1
44	34	2
44	35	1
44	37	1
44	38	2
44	39	1
44	40	5
44	41	3
44	42	3
44	43	6
45	0	1
45	1	1
45	4	2
45	5	1
45	6	1
45	9	1
45	20	2
45	27	3
45	28	2
45	29	7
45	30	3
45	31	4
45	32	1
45	35	1
45	37	1
45	40	1
45	41	1
45	42	1
45	43	3
45	44	5
46	0	1
46	1	3
46	2	1
46	3	2
46	4	1
46	5	3
46	7	1
46	10	1
46	13	1
46	14	2
46	19	1
46	26	2
46	27	1
46	28	1
46	29	1
46	30	1
46	31	2
46	32	2
46	34	1
46	35	2
46	39	1
46	40	2
46	41	5
46	42	1
46	44	2
46	45	4
47	1	1
47	3	1
47	8	1
47	9	1
47	11	1
47	12	1
47	13	2
47	14	1
47	16	1
47	17	1
47	20	1
47	24	1
47	27	1
47	28	1
47	30	2
47	33	2
47	35	3
47	36	1
47	38	1
47	42	1
47	43	1
47	44	1
47	45	2
47	46	4
48	4	1
48	10	4
48	14	1
48	15	1
48	19	2
48	23	1
48	27	1
48	28	2
48	31	1
48	38	2
48	39	1
48	40	1
48	41	2
48	42	1
48	43	1
48	46	1
48	47	2
49	1	1
49	2	1
49	3	4
49	4	1
49	5	3
49	8	2
49	10	1
49	13	2
49	14	1
49	15	1
49	16	1
49	18	2
49	19	1
49	20	2
49	21	2
49	23	1
49	27	1
49	28	1
49	29	1
49	30	2
49	31	2
49	32	1
49	33	1
49	35	4
49	36	4
49	37	4
49	38	1
49	39	1
49	40	1
49	41	3
49	42	1
49	43	4
49	44	3
49	45	1
49	46	2
49	47	7
49	48	7
50	8	1
50	12	1
50	14	2
50	15	2
50	23	1
50	27	1
50	31	1
50	32	1
50	36	2
50	37	1
50	38	2
50	39	2
50	41	1
50	44	1
50	45	2
50	46	3
50	47	2
50	49	4
51	4	2
51	5	2
51	10	2
51	11	1
51	13	1
51	14	1
51	15	2
51	16	1
51	17	2
51	18	1
51	19	1
51	20	1
51	26	1
51	27	2
51	28	1
51	30	2
51	31	1
51	32	3
51	33	1
51	34	5
51	35	1
51	38	3
51	39	2
51	40	1
51	41	2
51	42	2
51	43	2
51	44	1
51	45	2
51	46	3
51	47	3
51	48	5
51	49	4
51	50	3
52	7	1
52	8	4
52	9	1
52	11	2
52	12	1
52	13	2
52	14	3
52	15	1
52	18	1
52	19	2
52	20	1
52	24	2
52	26	1
52	30	2
52	32	2
52	33	1
52	34	1
52	35	2
52	37	1
52	38	5
52	40	3
52	41	1
52	42	1
52	43	2
52	44	1
52	45	3
52	46	1
52	47	1
52	48	1
52	49	1
52	50	1
52	51	7
53	1	1
53	2	1
53	4	1
53	11	1
53	12	1
53	13	1
53	14	1
53	15	3
53	17	2
53	18	1
53	22	1
53	26	2
53	30	2
53	31	3
53	33	1
53	34	1
53	35	2
53	37	1
53	38	4
53	39	3
53	40	1
53	41	2
53	42	3
53	43	1
53	44	2
53	45	2
53	46	2
53	47	1
53	49	4
53	51	3
53	52	2
54	1	1
54	2	1
54	3	2
54	4	1
54	8	1
54	9	1
54	12	2
54	13	1
54	15	1
54	16	1
54	19	1
54	26	1
54	27	2
54	28	2
54	30	1
54	31	1
54	32	1
54	33	2
54	34	2
54	36	1
54	37	2
54	38	2
54	39	1
54	40	3
54	41	3
54	42	2
54	44	1
54	45	2
54	46	3
54	47	9
54	48	1
54	49	3
54	50	2
54	51	3
54	52	1
54	53	5
55	0	2
55	1	1
55	2	3
55	3	5
55	8	3
55	9	1
55	10	1
55	11	2
55	12	1
55	15	1
55	17	1
55	18	1
55	19	2
55	21	2
55	24	1
55	25	1
55	27	1
55	28	3
55	29	1
55	31	2
55	33	2
55	35	2
55	36	1
55	38	1
55	39	3
55	40	3
55	41	5
55	42	2
55	43	2
55	44	1
55	45	2
55	46	8
55	47	3
55	48	3
55	49	1
55	50	3
55	51	2
55	52	4
55	53	3
55	54	4
56	3	1
56	10	1
56	11	1
56	12	1
56	13	1
56	15	2
56	17	1
56	18	1
56	28	1
56	30	1
56	31	2
56	34	2
56	37	1
56	38	1
56	39	1
56	40	2
56	41	2
56	42	3
56	43	1
56	45	2
56	46	2
56	47	2
56	48	2
56	50	2
56	52	2
56	53	2
56	54	1
56	55	4
57	2	3
57	3	2
57	6	1
57	9	1
57	11	1
57	12	3
57	15	1
57	16	1
57	18	1
57	22	1
57	27	2
57	28	1
57	32	1
57	33	3
57	34	1
57	35	2
57	36	2
57	37	1
57	38	1
57	39	2
57	40	3
57	42	3
57	43	5
57	44	1
57	45	4
57	46	5
57	48	3
57	49	3
57	50	2
57	51	2
57	52	1
57	53	3
57	54	1
57	55	1
57	56	3
58	1	1
58	4	1
58	15	1
58	17	1
58	18	1
58	24	1
58	26	1
58	29	1
58	31	1
58	33	2
58	35	1
58	38	1
58	39	1
58	41	2
58	42	5
58	43	3
58	44	2
58	45	1
58	47	1
58	48	1
58	49	1
58	50	1
58	51	1
58	52	2
58	56	1
58	57	3
59	1	2
59	2	1
59	3	2
59	4	2
59	5	2
59	10	1
59	11	1
59	12	3
59	14	1
59	15	1
59	16	3
59	18	2
59	20	1
59	22	1
59	27	3
59	29	2
59	30	1
59	31	3
59	32	2
59	33	3
59	34	1
59	38	3
59	41	1
59	42	4
59	43	8
59	44	1
59	45	4
59	46	2
59	47	2
59	49	3
59	50	1
59	51	3
59	53	3
59	54	2
59	55	1
59	56	4
59	57	3
60	2	1
60	4	2
60	5	2
60	7	2
60	8	1
60	9	2
60	12	3
60	13	4
60	15	1
60	16	1
60	18	1
60	19	4
60	20	1
60	21	1
60	22	2
60	24	2
60	27	1
60	28	2
60	30	2
60	31	1
60	33	4
60	34	1
60	35	4
60	36	1
60	38	3
60	39	1
60	40	1
60	41	2
60	43	5
60	44	1
60	45	3
60	46	1
60	47	2
60	48	1
60	49	2
60	50	5
60	51	4
60	52	7
60	53	7
60	54	3
60	56	2
