1	0	4
2	0	2
2	1	4
3	0	2
3	1	2
3	2	3
4	0	1
4	1	3
4	2	3
4	3	4
5	0	3
5	2	2
5	3	1
5	4	3
6	1	2
6	4	5
6	5	2
7	1	1
7	4	5
7	5	3
7	6	5
8	0	1
8	3	2
8	4	7
8	5	7
8	6	7
8	7	7
9	1	1
9	3	1
9	4	3
9	5	6
9	6	2
9	8	8
10	0	1
10	1	1
10	3	1
10	4	5
10	7	2
10	9	3
11	1	1
11	2	1
11	4	2
11	6	2
11	7	2
11	8	2
11	9	2
11	10	2
12	2	1
12	3	1
12	4	2
12	6	1
12	7	1
12	8	2
12	9	1
12	10	7
12	11	6
13	3	3
13	5	2
13	8	1
13	9	3
13	10	1
13	11	2
13	12	1
14	1	1
14	2	1
14	3	1
14	4	3
14	8	3
14	10	1
14	11	1
14	12	1
14	13	3
15	0	1
15	3	1
15	4	3
15	8	3
15	9	1
15	10	2
15	12	3
15	13	3
15	14	2
16	2	3
16	3	1
16	4	1
16	5	1
16	6	1
16	7	1
16	8	1
16	10	2
16	11	1
16	12	3
16	13	3
16	14	6
16	15	4
17	3	1
17	4	3
17	6	1
17	8	1
17	9	2
17	10	3
17	11	3
17	13	7
17	14	4
17	16	3
18	2	1
18	5	3
18	6	1
18	7	1
18	8	2
18	9	2
18	10	1
18	11	1
18	13	2
18	14	2
18	15	4
18	16	2
18	17	1
19	0	1
19	3	1
19	4	2
19	5	2
19	6	2
19	7	7
19	8	4
19	9	1
19	10	1
19	11	2
19	13	4
19	14	3
19	16	4
19	17	7
19	18	3
20	1	1
20	3	1
20	5	1
20	6	1
20	7	1
20	8	1
20	9	1
20	13	2
20	14	2
20	15	4
20	16	1
20	17	2
20	18	2
20	19	3
21	1	1
21	2	3
21	3	2
21	4	1
21	5	1
21	6	1
21	7	1
21	9	1
21	10	1
21	11	1
21	12	1
21	14	2
21	15	3
21	16	2
21	17	5
21	18	5
21	20	5
22	4	1
22	6	2
22	7	1
22	8	1
22	9	2
22	12	2
22	13	2
22	14	3
22	15	1
22	16	3
22	17	1
22	19	2
22	20	4
22	21	1
23	4	2
23	5	1
23	6	2
23	8	4
23	14	1
23	15	1
23	16	2
23	17	2
23	18	1
23	19	1
23	20	1
23	21	2
23	22	4
24	1	2
24	5	2
24	7	1
24	9	1
24	10	3
24	12	2
24	14	1
24	15	1
24	16	1
24	17	1
24	18	4
24	20	4
24	21	1
24	22	2
24	23	5
25	15	1
25	16	1
25	19	1
26	6	1
26	10	1
26	14	1
26	16	1
26	24	3
27	5	1
27	8	2
27	9	2
27	11	3
27	12	2
27	13	2
27	14	1
27	15	3
27	16	2
27	17	3
27	18	4
27	19	1
27	20	2
27	21	1
27	22	2
27	23	1
27	24	1
28	0	1
28	1	2
28	2	1
28	4	5
28	7	1
28	8	1
28	9	1
28	10	4
28	11	1
28	12	1
28	13	4
28	14	2
28	15	2
28	16	2
28	17	2
28	18	2
28	19	2
28	21	2
28	22	2
28	24	2
28	26	3
28	27	2
29	1	3
29	3	1
29	5	1
29	7	1
29	9	1
29	13	1
29	14	1
29	15	2
29	17	1
29	18	1
29	19	3
29	20	3
29	23	1
29	24	1
29	27	3
29	28	3
30	1	2
30	2	2
30	4	1
30	5	2
30	6	2
30	7	4
30	10	2
30	11	1
30	14	4
30	17	2
30	18	3
30	19	1
30	20	1
30	21	5
30	23	4
30	24	4
30	26	2
30	27	1
30	29	3
31	2	1
31	3	2
31	4	3
31	10	2
31	12	1
31	13	2
31	15	1
31	16	2
31	17	2
31	18	2
31	20	1
31	21	1
31	27	3
31	28	2
31	29	1
31	30	8
32	0	1
32	1	3
32	4	1
32	5	1
32	6	1
32	10	1
32	12	1
32	13	1
32	14	1
32	17	2
32	19	1
32	21	4
32	24	2
32	27	1
32	28	6
32	29	1
32	31	3
33	2	2
33	3	1
33	6	1
33	7	2
33	8	1
33	9	1
33	10	1
33	11	1
33	16	2
33	17	2
33	18	1
33	19	2
33	20	3
33	21	4
33	22	2
33	23	2
33	24	1
33	26	1
33	27	1
33	28	3
33	30	4
33	31	2
33	32	5
34	4	1
34	7	1
34	8	3
34	9	4
34	10	1
34	11	1
34	13	2
34	14	2
34	15	1
34	17	2
34	18	4
34	19	2
34	20	1
34	21	2
34	22	2
34	24	2
34	26	2
34	27	2
34	28	5
34	29	2
34	30	1
34	31	2
34	32	2
34	33	3
35	2	1
35	3	2
35	4	4
35	5	1
35	6	1
35	7	1
35	8	2
35	11	1
35	12	1
35	13	3
35	14	2
35	16	2
35	17	4
35	18	5
35	20	4
35	21	1
35	22	3
35	23	2
35	24	2
35	26	1
35	27	1
35	28	3
35	29	3
35	30	2
35	31	2
35	32	2
35	33	3
35	34	2
36	1	2
36	2	2
36	3	2
36	4	1
36	5	2
36	7	3
36	8	1
36	9	1
36	10	3
36	11	1
36	12	2
36	13	1
36	15	2
36	16	2
36	18	1
36	20	3
36	24	1
36	25	1
36	26	2
36	28	1
36	29	4
36	30	6
36	31	1
36	32	1
36	33	3
36	34	1
36	35	2
37	0	3
37	3	1
37	4	3
37	7	1
37	8	4
37	10	1
37	11	2
37	12	4
37	13	4
37	14	1
37	15	3
37	16	2
37	17	1
37	18	3
37	19	3
37	20	1
37	21	3
37	22	3
37	24	2
37	28	2
37	30	1
37	31	1
37	32	1
37	33	1
37	35	4
37	36	3
38	3	4
38	4	2
38	7	2
38	8	1
38	10	4
38	11	1
38	13	3
38	15	3
38	17	2
38	18	3
38	19	1
38	20	4
38	22	1
38	26	1
38	27	4
38	28	5
38	29	3
38	30	3
38	31	2
38	32	3
38	33	2
38	34	2
38	35	3
38	36	1
38	37	2
39	1	1
39	2	1
39	4	2
39	5	1
39	6	3
39	9	1
39	10	1
39	12	2
39	13	3
39	15	2
39	16	2
39	17	3
39	18	3
39	19	2
39	20	1
39	21	2
39	22	2
39	27	1
39	28	1
39	30	1
39	32	1
39	34	1
39	35	2
39	36	1
39	37	3
39	38	12
40	2	2
40	3	2
40	7	1
40	8	1
40	9	2
40	10	1
40	11	1
40	12	2
40	13	2
40	14	3
40	17	2
40	19	4
40	21	2
40	22	2
40	23	1
40	24	1
40	26	1
40	28	4
40	29	3
40	30	3
40	31	4
40	32	3
40	33	2
40	35	7
40	36	3
40	37	2
40	38	14
40	39	4
41	1	2
41	2	2
41	4	1
41	7	1
41	8	4
41	9	2
41	10	4
41	11	2
41	12	3
41	13	1
41	15	1
41	17	1
41	18	2
41	19	1
41	22	1
41	23	1
41	27	1
41	28	4
41	29	3
41	30	5
41	31	3
41	32	4
41	33	2
41	34	4
41	37	3
41	38	2
41	39	1
41	40	7
42	4	2
42	8	3
42	9	2
42	11	1
42	12	1
42	13	1
42	14	1
42	15	3
42	18	1
42	21	1
42	22	1
42	24	1
42	26	1
42	27	3
42	28	2
42	29	2
42	30	1
42	31	4
42	32	2
42	33	1
42	36	3
42	38	2
42	39	3
42	40	8
42	41	6
43	0	1
43	1	2
43	3	1
43	5	1
43	10	1
43	11	1
43	13	2
43	16	1
43	17	1
43	19	1
43	20	2
43	21	1
43	23	1
43	24	1
43	26	2
43	27	2
43	28	1
43	30	1
43	31	4
43	32	1
43	33	3
43	34	2
43	37	2
43	38	1
43	39	1
43	40	2
43	41	6
43	42	4
44	2	3
44	5	1
44	8	1
44	11	1
44	13	1
44	16	1
44	18	1
44	26	1
44	27	1
44	28	4
44	30	1
44	31	2
44	32	1
44	34	2
44	36	1
44	38	1
44	40	1
44	41	3
44	42	3
44	43	2
45	0	2
45	1	1
45	4	2
45	6	2
45	7	1
45	8	2
45	9	1
45	10	1
45	13	2
45	18	2
45	19	1
45	20	1
45	27	2
45	28	2
45	30	3
45	31	1
45	32	1
45	33	1
45	34	1
45	35	1
45	37	1
45	38	1
45	40	1
45	41	2
45	42	2
45	43	3
45	44	4
46	0	1
46	1	2
46	9	1
46	10	1
46	12	1
46	13	1
46	14	2
46	15	1
46	18	1
46	19	1
46	21	2
46	26	2
46	28	1
46	29	2
46	30	2
46	31	2
46	32	1
46	35	3
46	36	1
46	39	2
46	40	1
46	41	3
46	42	1
46	43	2
46	44	3
46	45	5
47	2	1
47	3	1
47	5	3
47	10	2
47	11	3
47	12	2
47	14	1
47	15	1
47	16	1
47	18	1
47	19	2
47	24	1
47	31	1
47	33	4
47	35	1
47	36	1
47	37	1
47	38	2
47	40	2
47	41	2
47	44	1
47	46	1
48	3	1
48	4	1
48	6	2
48	12	1
48	13	1
48	19	1
48	22	1
48	23	1
48	28	1
48	30	2
48	35	2
48	36	3
48	37	1
48	38	2
48	41	2
48	42	1
48	43	1
48	45	2
48	47	8
49	0	3
49	1	2
49	2	1
49	3	1
49	9	1
49	10	1
49	12	1
49	13	3
49	14	1
49	16	1
49	18	1
49	20	2
49	21	1
49	24	1
49	25	1
49	27	2
49	28	2
49	30	1
49	31	1
49	32	1
49	33	5
49	35	1
49	37	2
49	38	4
49	39	2
49	40	2
49	41	1
49	42	1
49	43	3
49	44	1
49	46	3
49	47	6
49	48	6
50	3	1
50	4	2
50	5	1
50	8	1
50	10	1
50	12	2
50	18	1
50	27	1
50	29	1
50	30	1
50	31	1
50	32	3
50	35	2
50	36	2
50	37	3
50	38	1
50	39	4
50	40	1
50	41	1
50	42	1
50	43	2
50	45	1
50	47	2
50	48	3
50	49	4
51	5	1
51	7	1
51	9	1
51	10	1
51	11	1
51	15	1
51	16	1
51	17	2
51	18	1
51	24	2
51	26	1
51	27	3
51	28	3
51	29	2
51	30	1
51	33	2
51	34	1
51	35	2
51	36	1
51	38	2
51	39	2
51	41	1
51	42	2
51	45	2
51	46	3
51	47	1
51	49	4
51	50	4
52	7	1
52	10	2
52	11	1
52	12	2
52	13	5
52	15	4
52	16	3
52	17	1
52	18	1
52	19	1
52	20	2
52	23	1
52	27	3
52	28	2
52	29	1
52	33	6
52	34	1
52	35	3
52	37	2
52	38	2
52	39	3
52	40	1
52	42	1
52	43	1
52	44	1
52	45	2
52	46	3
52	47	3
52	48	4
52	49	6
52	50	4
52	51	8
53	1	2
53	3	2
53	4	2
53	5	1
53	8	1
53	11	1
53	12	1
53	13	3
53	14	2
53	15	1
53	16	2
53	18	2
53	22	1
53	26	1
53	28	2
53	30	1
53	34	1
53	35	1
53	38	4
53	39	1
53	40	2
53	44	2
53	45	2
53	47	1
53	48	1
53	49	1
53	50	5
53	51	4
53	52	4
54	0	1
54	1	2
54	2	2
54	4	1
54	6	1
54	8	1
54	10	3
54	11	2
54	12	1
54	13	2
54	14	1
54	17	1
54	18	2
54	28	3
54	29	1
54	30	2
54	31	4
54	33	1
54	34	4
54	35	2
54	36	1
54	37	1
54	38	2
54	40	3
54	42	3
54	43	1
54	44	2
54	45	3
54	46	3
54	47	9
54	48	1
54	49	1
54	50	2
54	51	1
54	52	4
54	53	1
55	1	1
55	3	2
55	4	2
55	8	3
55	9	1
55	10	1
55	12	1
55	13	1
55	17	2
55	19	2
55	20	1
55	29	1
55	30	2
55	33	2
55	34	2
55	35	1
55	36	1
55	37	2
55	38	6
55	39	4
55	40	5
55	41	1
55	43	1
55	44	2
55	45	1
55	46	2
55	47	1
55	48	2
55	49	2
55	50	5
55	53	2
55	54	9
56	9	1
56	10	1
56	11	1
56	12	2
56	13	1
56	15	1
56	17	2
56	18	1
56	19	1
56	20	2
56	22	1
56	26	1
56	28	1
56	30	1
56	32	1
56	35	2
56	36	2
56	37	1
56	40	1
56	42	1
56	43	1
56	44	3
56	45	1
56	46	4
56	47	3
56	49	8
56	50	4
56	51	1
56	52	1
56	53	1
56	54	3
56	55	4
57	6	2
57	9	1
57	12	2
57	15	1
57	17	1
57	19	2
57	24	1
57	27	3
57	28	1
57	30	2
57	31	2
57	33	3
57	34	1
57	36	3
57	37	1
57	38	4
57	39	1
57	40	2
57	41	2
57	42	1
57	44	2
57	45	2
57	47	1
57	48	2
57	49	6
57	50	3
57	51	2
57	52	2
57	53	4
57	55	1
57	56	4
58	0	2
58	3	2
58	8	1
58	9	1
58	10	2
58	13	2
58	15	2
58	19	2
58	20	2
58	23	1
58	26	1
58	27	1
58	28	4
58	29	1
58	30	1
58	31	2
58	32	3
58	33	1
58	34	1
58	37	1
58	39	1
58	40	1
58	41	5
58	42	3
58	43	2
58	45	1
58	46	4
58	48	1
58	49	1
58	51	1
58	52	1
58	56	1
58	57	3
59	3	1
59	5	4
59	7	1
59	8	3
59	10	2
59	12	1
59	13	1
59	14	1
59	17	2
59	18	2
59	19	1
59	24	1
59	26	1
59	27	1
59	28	1
59	29	2
59	30	2
59	31	2
59	32	3
59	34	2
59	35	3
59	36	1
59	37	1
59	38	1
59	40	2
59	41	1
59	42	2
59	43	3
59	45	5
59	46	1
59	47	3
59	48	1
59	49	3
59	50	1
59	51	3
59	54	2
59	55	2
59	56	3
59	57	2
59	58	5
60	2	2
60	3	2
60	4	1
60	6	1
60	8	1
60	10	2
60	11	6
60	12	1
60	14	1
60	15	5
60	16	1
60	18	1
60	19	2
60	20	1
60	22	1
60	26	1
60	27	2
60	28	2
60	29	1
60	30	2
60	31	3
60	32	1
60	34	1
60	35	2
60	36	1
60	37	3
60	38	5
60	39	1
60	40	2
60	41	3
60	42	1
60	43	1
60	45	3
60	46	2
60	47	1
60	48	2
60	49	2
60	50	1
60	51	4
60	52	12
60	53	4
60	55	1
60	56	2
60	57	2
60	58	1
60	59	1
