1	0	4
2	0	1
2	1	6
3	0	2
3	1	2
3	2	5
4	0	1
4	2	1
4	3	1
5	0	1
5	1	2
5	3	1
5	4	2
6	1	3
6	2	1
6	3	1
6	4	2
7	5	1
7	6	2
8	0	2
8	1	1
8	3	3
8	4	9
8	5	6
8	6	4
8	7	4
9	0	1
9	1	2
9	3	3
9	4	4
9	5	2
9	6	1
9	7	1
9	8	3
10	0	1
10	3	1
10	4	2
10	5	3
10	7	1
10	8	8
10	9	7
11	1	1
11	2	1
11	4	2
11	6	1
11	8	1
11	10	5
12	1	1
12	3	2
12	4	2
12	5	1
12	7	1
12	8	5
12	9	1
12	10	4
12	11	11
13	0	2
13	2	1
13	5	1
13	6	2
13	7	1
13	8	1
13	10	2
13	11	1
13	12	3
14	1	1
14	4	1
14	6	2
14	11	1
14	12	3
14	13	1
15	3	4
15	4	1
15	7	1
15	8	3
15	9	1
15	10	1
15	11	4
15	14	5
16	2	2
16	3	1
16	5	1
16	7	1
16	8	1
16	10	5
16	11	2
16	12	2
16	13	3
16	14	4
16	15	2
17	1	1
17	3	1
17	6	1
17	8	4
17	9	1
17	10	2
17	11	1
17	12	1
17	13	4
17	15	3
17	16	2
18	0	1
18	4	2
18	5	1
18	6	1
18	7	3
18	8	3
18	9	1
18	10	2
18	12	1
18	13	3
18	14	1
18	16	2
18	17	3
19	1	1
19	2	1
19	3	1
19	6	1
19	7	1
19	8	2
19	9	2
19	10	3
19	11	2
19	12	4
19	13	8
19	14	2
19	16	2
19	17	1
19	18	7
20	3	1
20	4	1
20	5	2
20	6	3
20	8	4
20	10	4
20	11	2
20	12	1
20	13	1
20	15	4
20	18	1
20	19	6
21	1	2
21	3	1
21	4	1
21	5	4
21	7	4
21	9	2
21	12	1
21	13	1
21	14	1
21	15	1
21	16	2
21	18	5
21	19	3
21	20	5
22	2	1
22	3	1
22	4	3
22	5	1
22	7	3
22	8	5
22	10	1
22	11	1
22	12	2
22	13	3
22	14	1
22	15	1
22	16	2
22	18	1
22	19	1
22	20	4
22	21	1
23	0	1
23	1	1
23	2	1
23	4	2
23	5	1
23	6	2
23	7	2
23	8	2
23	9	3
23	13	3
23	14	1
23	15	1
23	18	4
23	19	2
23	20	2
23	21	1
23	22	3
24	1	2
24	4	2
24	5	1
24	7	3
24	8	2
24	9	1
24	11	1
24	13	1
24	14	1
24	15	1
24	18	1
24	19	1
24	20	1
24	21	1
24	22	5
24	23	4
25	5	1
25	11	1
25	12	1
25	17	1
26	1	1
26	8	2
26	10	1
26	13	1
26	16	1
26	20	1
26	24	2
27	3	3
27	4	2
27	5	2
27	7	1
27	9	1
27	10	1
27	11	2
27	12	1
27	13	2
27	14	1
27	15	1
27	16	2
27	18	1
27	19	1
27	21	1
27	24	2
27	26	1
28	0	1
28	4	2
28	5	1
28	6	2
28	8	1
28	10	2
28	12	1
28	13	4
28	14	2
28	15	4
28	16	1
28	18	2
28	19	2
28	20	1
28	21	1
28	22	1
28	26	1
28	27	1
29	2	2
29	3	1
29	4	2
29	5	2
29	6	1
29	8	2
29	9	4
29	10	3
29	12	1
29	13	1
29	16	1
29	18	1
29	20	2
29	21	1
29	22	3
29	28	4
30	1	1
30	2	3
30	3	1
30	4	2
30	5	1
30	6	2
30	7	3
30	8	1
30	11	1
30	12	1
30	13	1
30	17	1
30	18	1
30	19	1
30	22	1
30	23	1
30	26	1
30	27	1
30	28	2
30	29	3
31	2	2
31	3	1
31	8	1
31	9	2
31	10	1
31	13	1
31	14	1
31	15	1
31	16	1
31	18	3
31	19	2
31	21	2
31	22	1
31	23	1
31	27	2
31	28	2
31	29	1
31	30	3
32	2	1
32	6	3
32	9	1
32	11	2
32	13	1
32	14	1
32	15	2
32	16	3
32	18	1
32	20	1
32	24	1
32	26	2
32	27	5
32	28	4
32	29	2
32	30	1
32	31	4
33	1	1
33	2	1
33	4	1
33	5	1
33	7	1
33	8	2
33	9	3
33	12	2
33	13	1
33	14	2
33	16	3
33	18	1
33	19	3
33	20	1
33	21	3
33	22	1
33	23	1
33	24	1
33	26	2
33	27	1
33	28	1
33	29	2
33	30	2
33	31	5
33	32	5
34	3	1
34	4	2
34	5	1
34	6	1
34	8	1
34	13	3
34	14	1
34	15	1
34	16	1
34	17	1
34	18	2
34	19	4
34	20	1
34	21	4
34	22	2
34	24	1
34	25	1
34	26	1
34	28	5
34	30	1
34	31	1
34	32	2
34	33	3
35	1	2
35	3	2
35	4	4
35	7	4
35	8	3
35	10	3
35	11	2
35	12	1
35	13	4
35	14	4
35	15	1
35	16	1
35	17	4
35	18	4
35	19	1
35	20	5
35	21	3
35	22	5
35	23	2
35	24	1
35	26	1
35	27	1
35	28	5
35	30	5
35	32	3
35	33	3
35	34	3
36	1	4
36	3	3
36	4	2
36	5	1
36	6	2
36	7	2
36	8	2
36	9	4
36	10	5
36	12	1
36	13	1
36	14	2
36	16	3
36	17	2
36	18	2
36	19	2
36	20	1
36	21	1
36	26	2
36	27	2
36	31	4
36	34	1
36	35	3
37	1	2
37	2	1
37	5	2
37	7	1
37	8	3
37	10	2
37	11	5
37	13	4
37	14	1
37	15	3
37	16	3
37	17	5
37	18	5
37	19	2
37	20	3
37	21	2
37	22	1
37	23	3
37	24	1
37	26	1
37	28	1
37	29	2
37	30	4
37	31	5
37	32	1
37	33	2
37	34	3
37	35	4
38	1	1
38	2	2
38	4	1
38	5	2
38	9	2
38	10	1
38	11	1
38	12	1
38	13	1
38	14	2
38	15	2
38	16	2
38	18	4
38	19	1
38	20	1
38	21	2
38	22	1
38	25	1
38	26	1
38	27	2
38	28	3
38	30	2
38	31	7
38	32	2
38	33	1
38	34	1
38	35	2
38	36	1
38	37	2
39	2	2
39	3	2
39	4	1
39	5	2
39	9	1
39	10	2
39	11	3
39	13	4
39	14	1
39	15	4
39	16	1
39	17	1
39	18	1
39	19	1
39	20	3
39	21	3
39	22	1
39	23	2
39	24	2
39	27	2
39	28	3
39	29	1
39	30	1
39	31	1
39	33	2
39	34	1
39	35	3
39	37	6
39	38	6
40	1	2
40	2	1
40	3	1
40	4	1
40	5	6
40	6	1
40	7	1
40	8	1
40	10	1
40	12	1
40	15	2
40	16	3
40	17	2
40	19	1
40	21	1
40	23	1
40	24	4
40	26	3
40	27	1
40	28	5
40	29	2
40	30	1
40	31	2
40	32	1
40	33	1
40	34	4
40	35	4
40	36	1
40	37	2
40	38	8
40	39	4
41	3	1
41	6	1
41	8	1
41	10	2
41	11	1
41	13	1
41	14	3
41	15	5
41	16	1
41	17	3
41	18	1
41	21	1
41	23	1
41	24	1
41	27	2
41	29	2
41	30	6
41	31	1
41	32	1
41	34	2
41	35	4
41	36	2
41	37	3
41	38	6
41	39	3
41	40	8
42	6	2
42	7	3
42	8	1
42	9	2
42	10	2
42	12	2
42	13	1
42	14	1
42	16	1
42	17	2
42	19	2
42	23	1
42	27	4
42	28	3
42	29	4
42	30	1
42	31	7
42	32	1
42	33	2
42	34	3
42	35	3
42	37	1
42	38	4
42	39	1
42	40	4
42	41	2
43	3	1
43	8	1
43	9	1
43	10	2
43	11	2
43	12	1
43	13	1
43	14	1
43	16	1
43	17	1
43	19	1
43	20	1
43	23	1
43	24	1
43	26	1
43	27	1
43	28	1
43	31	7
43	32	1
43	33	1
43	35	2
43	38	2
43	39	1
43	40	2
43	41	5
43	42	3
44	1	1
44	2	1
44	4	1
44	5	1
44	9	1
44	10	1
44	12	1
44	13	1
44	17	1
44	18	2
44	19	2
44	20	1
44	21	1
44	28	1
44	29	1
44	30	2
44	31	4
44	32	2
44	34	1
44	35	2
44	36	3
44	37	1
44	38	1
44	40	1
44	41	5
44	42	1
44	43	2
45	2	1
45	5	2
45	7	3
45	10	1
45	11	1
45	13	1
45	17	1
45	18	1
45	19	1
45	27	1
45	28	1
45	29	3
45	30	3
45	31	1
45	32	2
45	33	4
45	34	3
45	35	1
45	36	2
45	38	3
45	39	1
45	41	3
45	42	1
45	43	6
45	44	5
46	1	1
46	3	1
46	5	2
46	7	3
46	8	1
46	9	2
46	10	2
46	13	2
46	15	1
46	18	2
46	26	1
46	27	1
46	28	1
46	29	1
46	31	1
46	33	1
46	35	2
46	36	2
46	37	1
46	40	5
46	41	3
46	42	4
46	43	4
46	44	1
46	45	3
47	2	2
47	3	1
47	4	2
47	5	2
47	9	1
47	10	2
47	11	2
47	13	1
47	15	1
47	17	2
47	20	1
47	29	1
47	30	1
47	33	1
47	35	1
47	36	1
47	37	1
47	39	2
47	41	3
47	42	2
47	43	1
47	44	1
47	45	1
47	46	3
48	3	1
48	4	1
48	7	1
48	8	1
48	10	1
48	12	1
48	13	1
48	14	1
48	15	1
48	24	1
48	28	1
48	30	1
48	31	4
48	35	1
48	37	1
48	38	4
48	39	2
48	40	2
48	41	1
48	44	1
48	45	1
48	46	3
48	47	5
49	5	1
49	6	2
49	8	3
49	10	1
49	12	1
49	13	1
49	14	1
49	16	3
49	18	2
49	20	1
49	27	2
49	28	4
49	29	1
49	32	1
49	36	2
49	37	1
49	38	2
49	39	2
49	40	3
49	41	1
49	42	2
49	43	1
49	45	5
49	47	4
49	48	5
50	3	1
50	5	1
50	8	3
50	12	1
50	14	1
50	18	2
50	22	1
50	29	2
50	30	1
50	31	1
50	35	1
50	36	1
50	37	1
50	38	1
50	39	1
50	40	1
50	41	1
50	42	2
50	43	1
50	44	2
50	46	1
50	48	1
50	49	2
51	4	1
51	5	1
51	8	1
51	9	1
51	10	1
51	12	2
51	13	2
51	14	3
51	15	1
51	16	3
51	17	1
51	19	3
51	20	1
51	25	1
51	26	1
51	27	1
51	28	2
51	29	1
51	30	2
51	32	1
51	33	2
51	34	1
51	36	1
51	37	1
51	38	1
51	39	1
51	40	3
51	41	4
51	42	2
51	43	2
51	44	1
51	45	1
51	47	5
51	48	1
51	49	2
51	50	4
52	4	5
52	9	2
52	10	1
52	11	1
52	12	2
52	14	3
52	15	2
52	19	1
52	20	1
52	26	1
52	27	3
52	28	1
52	29	1
52	31	3
52	32	4
52	33	1
52	35	1
52	37	1
52	38	3
52	40	1
52	41	3
52	42	1
52	44	3
52	45	2
52	46	2
52	48	3
52	49	1
52	50	2
52	51	6
53	2	2
53	5	1
53	6	1
53	8	1
53	9	1
53	11	5
53	13	3
53	15	2
53	18	1
53	20	2
53	24	1
53	26	1
53	27	1
53	28	4
53	30	1
53	33	4
53	35	1
53	36	2
53	38	1
53	39	3
53	40	3
53	41	8
53	42	2
53	43	1
53	44	2
53	45	2
53	47	3
53	48	1
53	49	5
53	50	1
53	51	3
53	52	3
54	1	1
54	2	1
54	3	2
54	4	1
54	5	1
54	6	2
54	8	1
54	9	4
54	10	2
54	12	1
54	13	2
54	14	2
54	15	1
54	17	1
54	18	1
54	19	1
54	28	1
54	30	1
54	31	2
54	32	2
54	33	1
54	35	4
54	38	2
54	39	1
54	40	1
54	42	1
54	44	1
54	45	3
54	46	6
54	47	4
54	48	1
54	49	5
54	50	1
54	51	1
54	52	6
54	53	1
55	0	1
55	2	1
55	3	1
55	4	3
55	9	1
55	10	2
55	11	2
55	13	3
55	14	1
55	16	1
55	17	1
55	18	4
55	19	1
55	20	1
55	22	2
55	25	1
55	27	1
55	28	4
55	30	3
55	31	1
55	33	1
55	34	1
55	35	3
55	37	4
55	38	4
55	40	6
55	41	1
55	42	3
55	43	3
55	44	4
55	46	3
55	47	5
55	48	2
55	51	1
55	52	1
55	53	1
55	54	10
56	4	1
56	6	1
56	10	1
56	11	1
56	13	1
56	17	1
56	19	1
56	20	1
56	26	1
56	28	1
56	29	2
56	30	1
56	33	1
56	34	2
56	35	1
56	36	1
56	37	2
56	38	3
56	39	2
56	40	1
56	41	1
56	43	4
56	44	1
56	45	2
56	46	4
56	47	3
56	48	3
56	49	3
56	50	3
56	51	1
56	52	1
56	53	6
56	54	2
56	55	2
57	0	1
57	3	2
57	9	3
57	10	3
57	11	2
57	12	2
57	13	2
57	15	1
57	16	1
57	18	5
57	24	1
57	27	1
57	28	2
57	29	1
57	31	2
57	32	2
57	33	1
57	37	2
57	38	3
57	41	1
57	42	1
57	43	2
57	45	2
57	46	2
57	48	4
57	49	4
57	50	5
57	52	4
57	53	6
57	54	4
57	55	3
57	56	6
58	1	2
58	4	2
58	8	2
58	9	2
58	10	3
58	13	1
58	14	1
58	17	2
58	18	1
58	19	1
58	23	1
58	26	2
58	28	4
58	30	2
58	33	1
58	34	1
58	35	1
58	38	1
58	39	1
58	41	2
58	43	2
58	45	2
58	46	2
58	47	3
58	48	1
58	49	3
58	50	2
58	51	2
58	52	3
58	53	1
58	55	1
58	56	2
58	57	4
59	1	1
59	3	1
59	5	2
59	7	1
59	8	1
59	9	1
59	10	1
59	11	1
59	13	2
59	14	1
59	15	2
59	17	1
59	20	2
59	21	1
59	24	1
59	26	1
59	28	2
59	29	1
59	30	1
59	31	2
59	32	3
59	33	3
59	34	1
59	35	1
59	37	4
59	38	2
59	39	4
59	40	2
59	41	3
59	42	3
59	43	6
59	44	5
59	45	3
59	46	2
59	47	2
59	48	2
59	49	1
59	50	2
59	51	2
59	52	1
59	54	3
59	55	5
59	56	2
59	57	1
59	58	5
60	1	1
60	6	1
60	7	3
60	11	1
60	12	3
60	13	4
60	14	1
60	15	2
60	16	3
60	17	2
60	18	2
60	19	1
60	20	2
60	21	4
60	22	2
60	26	4
60	27	3
60	28	1
60	29	2
60	30	3
60	32	2
60	33	2
60	34	1
60	35	1
60	37	4
60	38	4
60	39	2
60	40	2
60	41	2
60	43	1
60	44	1
60	45	1
60	46	2
60	47	3
60	48	3
60	49	6
60	50	1
60	51	5
60	52	10
60	53	9
60	54	2
60	55	1
60	56	1
60	57	3
60	58	1
