1	0	7
2	0	1
2	1	6
3	0	1
3	1	1
3	2	1
4	0	1
4	1	2
4	2	2
4	3	5
5	0	1
5	1	4
5	2	1
5	4	4
6	0	1
6	2	1
6	4	2
6	5	5
7	1	1
7	2	1
7	3	1
7	4	1
7	5	1
7	6	5
8	2	1
8	3	3
8	4	11
8	5	4
8	6	3
8	7	4
9	0	1
9	1	1
9	2	2
9	3	5
9	4	5
9	5	3
9	6	1
9	7	2
9	8	2
10	0	1
10	2	1
10	3	2
10	4	1
10	7	2
10	8	3
10	9	2
11	1	1
11	2	1
11	3	1
11	4	1
11	5	2
11	7	1
11	8	3
11	9	1
11	10	7
12	1	1
12	2	1
12	3	2
12	4	3
12	8	2
12	9	2
12	10	5
12	11	1
13	1	2
13	2	2
13	3	1
13	5	1
13	6	1
13	7	2
13	9	3
13	10	3
13	11	2
13	12	3
14	6	1
14	8	2
14	9	2
14	11	2
14	12	1
14	13	3
15	2	2
15	3	1
15	4	3
15	5	1
15	7	2
15	9	2
15	10	3
15	11	4
15	12	2
15	13	3
15	14	3
16	2	1
16	3	1
16	6	2
16	9	1
16	13	6
16	14	3
16	15	3
17	3	1
17	4	3
17	7	3
17	8	2
17	9	2
17	10	1
17	11	4
17	12	1
17	13	2
17	14	4
17	15	1
17	16	5
18	0	2
18	1	2
18	2	1
18	3	1
18	4	1
18	5	3
18	10	3
18	11	3
18	13	1
18	14	2
18	15	1
18	16	7
18	17	6
19	1	3
19	3	2
19	5	1
19	6	1
19	7	1
19	8	2
19	9	1
19	10	1
19	11	1
19	12	2
19	13	1
19	14	1
19	15	3
19	16	1
19	17	4
19	18	4
20	3	1
20	4	2
20	5	1
20	6	1
20	7	1
20	8	1
20	9	1
20	10	1
20	12	2
20	13	1
20	14	1
20	15	1
20	16	1
20	18	3
20	19	4
21	0	2
21	2	2
21	3	1
21	4	2
21	6	4
21	7	3
21	8	4
21	9	2
21	10	3
21	12	1
21	13	1
21	16	2
21	17	4
21	18	5
21	19	1
21	20	4
22	1	1
22	2	1
22	4	1
22	5	1
22	6	1
22	7	4
22	10	1
22	11	2
22	12	3
22	13	2
22	14	3
22	15	2
22	17	4
22	18	2
22	19	1
22	20	3
22	21	5
23	4	2
23	5	1
23	6	1
23	7	2
23	8	2
23	11	1
23	13	2
23	14	2
23	18	1
23	19	3
23	20	3
23	21	1
23	22	4
24	2	1
24	4	1
24	5	2
24	6	1
24	7	2
24	9	1
24	10	1
24	11	1
24	12	1
24	14	1
24	15	2
24	17	1
24	18	4
24	19	2
24	20	1
24	21	2
24	22	2
24	23	4
25	0	1
25	4	1
25	5	1
25	9	1
26	8	2
26	10	1
26	14	1
26	15	2
26	22	2
26	24	1
27	5	2
27	6	1
27	7	2
27	8	1
27	10	1
27	12	2
27	13	1
27	14	2
27	15	1
27	16	1
27	17	1
27	19	2
27	21	1
27	22	1
27	23	1
27	24	2
27	26	2
28	1	2
28	2	1
28	3	3
28	4	1
28	5	2
28	9	2
28	12	5
28	13	1
28	14	3
28	15	5
28	16	2
28	17	1
28	20	1
28	22	2
28	23	3
28	24	1
28	27	4
29	3	1
29	4	4
29	5	2
29	6	1
29	7	1
29	9	1
29	11	1
29	12	1
29	13	1
29	14	2
29	16	1
29	18	1
29	19	1
29	21	2
29	24	1
29	27	1
29	28	1
30	1	1
30	2	1
30	3	1
30	4	2
30	5	2
30	8	3
30	10	2
30	12	2
30	16	1
30	17	1
30	18	2
30	19	1
30	20	2
30	21	3
30	22	2
30	24	3
30	27	2
30	28	2
30	29	2
31	1	3
31	5	1
31	9	3
31	10	4
31	12	2
31	13	1
31	18	2
31	19	2
31	22	2
31	26	1
31	27	1
31	29	1
31	30	3
32	0	1
32	1	2
32	4	1
32	11	1
32	12	1
32	15	2
32	16	1
32	18	2
32	20	1
32	21	1
32	22	1
32	23	2
32	24	1
32	26	1
32	27	2
32	28	4
32	30	3
32	31	2
33	3	1
33	5	2
33	6	2
33	7	1
33	8	1
33	9	1
33	11	1
33	12	1
33	13	2
33	14	1
33	15	1
33	18	2
33	19	1
33	21	1
33	22	3
33	24	1
33	26	1
33	27	4
33	28	1
33	30	3
33	31	2
33	32	5
34	0	1
34	2	1
34	5	2
34	6	1
34	9	2
34	10	1
34	11	4
34	12	1
34	13	2
34	15	2
34	16	3
34	17	4
34	18	1
34	19	1
34	20	4
34	21	3
34	22	2
34	24	1
34	25	2
34	26	2
34	27	2
34	28	3
34	29	1
34	30	1
34	31	2
34	32	3
34	33	5
35	1	1
35	2	3
35	3	1
35	4	2
35	5	2
35	7	1
35	8	2
35	9	5
35	11	1
35	12	6
35	13	5
35	14	1
35	15	1
35	16	1
35	17	2
35	18	3
35	19	1
35	20	3
35	21	2
35	22	4
35	23	1
35	24	3
35	27	3
35	28	3
35	29	2
35	30	2
35	31	8
35	32	6
35	33	1
35	34	2
36	2	1
36	3	2
36	4	2
36	5	2
36	9	3
36	10	1
36	12	1
36	13	1
36	14	2
36	15	3
36	16	2
36	17	1
36	18	2
36	19	1
36	20	3
36	21	2
36	22	2
36	26	1
36	28	1
36	31	1
36	32	2
36	35	1
37	2	1
37	3	2
37	5	1
37	7	3
37	9	1
37	10	1
37	11	1
37	12	1
37	13	2
37	14	1
37	15	4
37	16	4
37	17	1
37	18	2
37	19	6
37	22	1
37	24	2
37	26	2
37	27	3
37	28	11
37	29	2
37	31	2
37	32	2
37	33	1
37	34	2
37	35	1
37	36	4
38	0	1
38	1	1
38	2	1
38	3	2
38	5	1
38	6	1
38	8	2
38	9	2
38	10	4
38	11	1
38	12	3
38	13	1
38	14	2
38	16	2
38	17	3
38	18	3
38	19	3
38	20	2
38	21	4
38	23	1
38	24	1
38	26	2
38	27	2
38	28	7
38	29	3
38	30	3
38	31	1
38	32	5
38	34	3
38	35	5
38	36	1
38	37	3
39	3	1
39	4	1
39	5	2
39	7	3
39	9	3
39	10	1
39	12	1
39	13	4
39	14	3
39	15	3
39	16	1
39	17	1
39	19	4
39	20	1
39	21	1
39	22	1
39	27	1
39	28	1
39	29	1
39	30	2
39	31	2
39	33	2
39	34	1
39	35	2
39	37	5
39	38	14
40	1	1
40	2	1
40	4	4
40	5	1
40	6	3
40	7	1
40	8	1
40	9	1
40	11	1
40	12	1
40	13	2
40	14	1
40	16	3
40	17	1
40	19	1
40	22	1
40	23	1
40	24	1
40	26	2
40	27	5
40	28	5
40	29	4
40	30	1
40	31	3
40	34	3
40	35	3
40	36	1
40	37	5
40	38	3
40	39	8
41	1	2
41	2	2
41	3	1
41	4	1
41	5	1
41	7	1
41	8	1
41	9	2
41	11	2
41	12	1
41	13	1
41	14	1
41	16	1
41	20	1
41	21	2
41	22	2
41	23	1
41	26	1
41	27	2
41	28	6
41	29	1
41	30	1
41	31	2
41	32	1
41	33	1
41	34	1
41	35	2
41	36	2
41	37	3
41	38	5
41	39	7
41	40	8
42	7	1
42	8	2
42	12	2
42	13	1
42	14	2
42	16	1
42	17	1
42	21	2
42	22	1
42	26	1
42	27	3
42	28	3
42	30	3
42	31	2
42	32	1
42	35	1
42	37	3
42	38	4
42	39	2
42	40	2
42	41	5
43	1	2
43	2	1
43	3	1
43	4	1
43	5	1
43	9	1
43	10	2
43	13	1
43	14	2
43	15	1
43	19	1
43	21	2
43	23	1
43	24	3
43	26	2
43	27	2
43	29	1
43	30	1
43	31	1
43	32	1
43	33	3
43	34	1
43	35	1
43	38	3
43	40	5
43	41	3
43	42	1
44	0	1
44	1	1
44	3	1
44	4	3
44	5	1
44	10	1
44	11	1
44	17	1
44	18	1
44	19	3
44	20	1
44	21	2
44	28	3
44	30	1
44	31	1
44	33	1
44	35	3
44	38	2
44	39	1
44	40	3
44	41	3
44	42	2
44	43	4
45	1	1
45	2	1
45	3	3
45	4	2
45	5	3
45	6	2
45	8	3
45	9	3
45	10	1
45	12	1
45	14	1
45	17	1
45	19	2
45	26	1
45	29	1
45	30	2
45	31	2
45	32	3
45	36	1
45	37	1
45	38	1
45	41	2
45	42	2
45	43	8
45	44	6
46	1	3
46	3	1
46	8	1
46	9	1
46	11	1
46	12	2
46	13	2
46	14	1
46	18	1
46	19	1
46	22	3
46	28	3
46	30	1
46	31	2
46	32	4
46	33	3
46	35	3
46	36	1
46	37	1
46	38	1
46	39	2
46	40	3
46	41	2
46	42	1
46	43	4
46	44	4
46	45	1
47	1	2
47	2	2
47	3	3
47	4	1
47	5	1
47	8	1
47	12	1
47	14	1
47	16	2
47	18	1
47	20	1
47	24	1
47	27	1
47	28	1
47	29	1
47	30	1
47	34	1
47	36	3
47	38	3
47	39	4
47	40	2
47	42	5
47	43	1
47	44	1
47	45	3
47	46	3
48	0	1
48	1	3
48	2	1
48	3	2
48	4	1
48	6	1
48	11	2
48	12	1
48	13	1
48	14	2
48	15	2
48	20	2
48	22	1
48	28	1
48	36	2
48	39	2
48	40	2
48	41	1
48	43	1
48	44	1
48	46	6
48	47	5
49	0	2
49	2	1
49	4	2
49	6	1
49	7	1
49	12	1
49	13	4
49	14	3
49	15	3
49	17	1
49	19	1
49	20	2
49	28	1
49	31	1
49	33	1
49	36	1
49	38	1
49	39	2
49	40	2
49	41	3
49	42	5
49	43	4
49	44	2
49	45	4
49	47	6
49	48	3
50	1	1
50	3	1
50	4	1
50	5	1
50	8	2
50	10	1
50	12	1
50	14	1
50	15	2
50	18	2
50	22	2
50	25	1
50	27	1
50	29	1
50	32	1
50	35	2
50	36	1
50	39	1
50	40	1
50	41	1
50	42	1
50	43	1
50	44	2
50	46	1
50	47	4
50	48	1
50	49	3
51	1	2
51	9	2
51	10	2
51	12	1
51	13	1
51	14	1
51	15	1
51	17	3
51	18	1
51	23	2
51	24	3
51	27	1
51	28	1
51	29	1
51	30	2
51	31	1
51	32	1
51	33	1
51	35	1
51	37	2
51	38	3
51	39	3
51	41	1
51	42	4
51	43	3
51	48	2
51	49	3
51	50	1
52	4	2
52	6	1
52	8	2
52	9	2
52	10	1
52	12	1
52	13	1
52	14	2
52	15	2
52	16	2
52	21	1
52	27	2
52	30	1
52	32	1
52	33	1
52	34	1
52	35	5
52	37	1
52	38	3
52	39	1
52	41	1
52	43	4
52	44	1
52	45	3
52	47	1
52	48	3
52	49	6
52	51	9
53	1	1
53	2	1
53	4	2
53	5	1
53	6	1
53	9	1
53	10	1
53	11	4
53	12	1
53	13	2
53	14	1
53	15	2
53	18	4
53	24	1
53	27	1
53	28	2
53	30	2
53	31	2
53	34	1
53	35	1
53	36	1
53	37	2
53	38	3
53	39	2
53	40	3
53	41	4
53	42	3
53	43	3
53	44	1
53	45	2
53	46	2
53	47	4
53	48	2
53	49	5
53	50	1
53	51	4
53	52	5
54	1	1
54	2	1
54	3	2
54	4	1
54	5	3
54	8	2
54	9	3
54	11	1
54	12	2
54	13	2
54	14	2
54	15	2
54	23	1
54	27	3
54	28	3
54	29	4
54	30	2
54	31	2
54	32	1
54	33	1
54	35	2
54	36	2
54	38	1
54	39	2
54	40	3
54	41	3
54	42	3
54	43	1
54	44	2
54	45	4
54	46	1
54	47	1
54	48	2
54	49	2
54	50	2
54	51	2
54	52	1
54	53	5
55	0	1
55	1	1
55	2	2
55	9	1
55	10	1
55	11	2
55	14	2
55	16	1
55	17	1
55	18	3
55	19	1
55	21	2
55	24	2
55	28	2
55	29	2
55	31	1
55	32	1
55	33	2
55	35	1
55	36	3
55	37	3
55	38	4
55	39	1
55	41	2
55	42	2
55	43	4
55	44	1
55	45	5
55	46	3
55	47	1
55	48	1
55	49	2
55	50	1
55	51	1
55	52	4
55	54	5
56	8	2
56	9	1
56	10	1
56	13	1
56	15	2
56	17	1
56	18	1
56	20	1
56	21	2
56	27	1
56	28	1
56	29	1
56	31	1
56	32	1
56	38	1
56	39	1
56	40	5
56	41	2
56	42	2
56	43	2
56	44	1
56	45	1
56	46	4
56	47	5
56	48	1
56	49	5
56	51	1
56	52	1
56	53	1
56	54	3
56	55	2
57	0	2
57	6	1
57	8	1
57	10	1
57	11	1
57	12	3
57	15	1
57	16	1
57	17	1
57	19	2
57	22	1
57	23	1
57	24	1
57	27	1
57	28	1
57	31	3
57	34	1
57	35	2
57	37	3
57	38	2
57	39	2
57	40	3
57	41	1
57	45	2
57	46	1
57	47	4
57	48	3
57	49	1
57	50	1
57	51	1
57	52	3
57	53	5
57	54	2
57	55	2
57	56	2
58	8	1
58	18	1
58	28	2
58	30	3
58	32	1
58	33	1
58	34	1
58	35	2
58	36	1
58	38	1
58	39	1
58	40	3
58	41	2
58	42	2
58	43	1
58	44	3
58	45	5
58	46	2
58	47	1
58	48	1
58	51	3
58	52	2
58	53	3
58	54	1
58	56	3
58	57	3
59	1	1
59	2	2
59	3	1
59	5	1
59	8	1
59	10	4
59	11	3
59	12	1
59	13	1
59	15	1
59	16	1
59	17	1
59	19	1
59	21	1
59	28	2
59	30	2
59	31	2
59	32	3
59	33	1
59	35	1
59	37	2
59	38	4
59	40	2
59	41	4
59	42	5
59	43	2
59	44	2
59	45	4
59	46	1
59	47	2
59	51	2
59	52	2
59	53	2
59	55	6
59	56	2
59	57	1
60	2	2
60	3	3
60	5	2
60	8	1
60	10	3
60	11	2
60	12	2
60	13	1
60	14	3
60	16	1
60	17	1
60	18	1
60	19	3
60	20	3
60	24	1
60	26	1
60	27	2
60	28	2
60	29	3
60	30	2
60	31	2
60	32	2
60	34	3
60	35	1
60	36	1
60	37	2
60	38	6
60	40	2
60	41	3
60	42	2
60	43	2
60	45	3
60	46	2
60	47	2
60	48	2
60	49	4
60	50	2
60	51	7
60	52	7
60	53	3
60	54	1
60	55	5
60	56	1
60	57	10
60	58	1
