1	0	3
2	0	4
2	1	2
3	1	1
3	2	4
4	1	1
4	2	3
4	3	4
5	2	2
5	3	1
5	4	3
6	0	2
6	1	1
6	3	2
6	4	4
6	5	2
7	3	2
7	5	1
7	6	3
8	1	2
8	2	1
8	3	1
8	4	4
8	5	7
8	6	5
8	7	4
9	0	1
9	2	3
9	3	1
9	4	1
9	5	3
9	7	1
9	8	4
10	0	1
10	2	2
10	3	1
10	4	1
10	5	2
10	6	1
10	7	5
10	8	2
10	9	3
11	1	1
11	3	3
11	4	1
11	5	1
11	6	2
11	8	1
11	9	1
11	10	6
12	1	1
12	4	2
12	5	2
12	6	5
12	7	1
12	9	2
12	10	7
12	11	4
13	2	1
13	3	3
13	4	1
13	6	2
13	8	2
13	9	1
13	11	1
13	12	3
14	1	1
14	3	1
14	4	1
14	7	1
14	8	2
14	10	2
14	11	1
14	12	2
14	13	1
15	2	1
15	3	1
15	4	1
15	7	1
15	8	1
15	9	4
15	11	1
15	12	2
15	13	2
15	14	3
16	3	1
16	5	1
16	6	1
16	7	1
16	8	2
16	9	1
16	11	2
16	12	1
16	13	1
16	14	4
16	15	3
17	4	1
17	5	1
17	7	3
17	9	4
17	10	1
17	12	3
17	13	4
17	14	2
17	16	3
18	4	3
18	5	2
18	6	2
18	7	1
18	8	2
18	9	2
18	10	2
18	12	2
18	13	5
18	14	3
18	16	2
18	17	4
19	1	1
19	2	2
19	3	2
19	4	3
19	5	1
19	6	4
19	7	2
19	8	4
19	9	4
19	10	2
19	11	2
19	12	2
19	13	2
19	14	2
19	15	1
19	16	5
19	17	6
19	18	6
20	1	1
20	2	2
20	3	1
20	4	1
20	5	3
20	6	2
20	7	1
20	8	8
20	9	2
20	16	3
20	17	3
20	18	3
20	19	3
21	0	1
21	1	1
21	3	1
21	4	1
21	5	1
21	8	1
21	9	1
21	10	2
21	12	3
21	13	3
21	15	2
21	16	3
21	17	3
21	18	3
21	19	1
21	20	4
22	1	2
22	2	1
22	3	1
22	4	1
22	5	2
22	6	5
22	8	2
22	9	1
22	10	1
22	11	2
22	12	1
22	14	2
22	15	2
22	16	1
22	17	1
22	19	3
22	20	7
22	21	5
23	0	1
23	2	1
23	4	4
23	5	5
23	6	2
23	7	1
23	8	2
23	9	1
23	15	2
23	17	1
23	18	3
23	19	4
23	20	1
23	21	2
23	22	6
24	3	1
24	4	1
24	5	2
24	7	3
24	8	2
24	9	1
24	11	1
24	12	2
24	13	1
24	14	1
24	15	1
24	17	1
24	18	3
24	19	2
24	20	2
24	22	3
24	23	4
25	4	1
25	6	1
25	8	1
25	11	2
26	2	1
26	6	1
26	8	1
26	10	1
26	14	1
26	19	1
27	3	1
27	6	1
27	11	1
27	12	2
27	13	3
27	14	2
27	15	4
27	16	3
27	17	1
27	18	2
27	19	2
27	21	1
27	22	1
27	23	1
27	24	1
27	26	1
28	3	5
28	4	1
28	5	2
28	6	1
28	7	1
28	8	1
28	9	2
28	10	2
28	12	3
28	13	3
28	14	2
28	15	1
28	16	2
28	18	3
28	19	7
28	20	3
28	22	1
28	27	4
29	2	1
29	4	1
29	5	2
29	8	1
29	10	1
29	11	1
29	13	3
29	14	2
29	15	1
29	17	1
29	19	1
29	20	2
29	21	2
29	22	1
29	24	2
29	27	1
29	28	2
30	1	1
30	4	3
30	5	1
30	7	2
30	8	3
30	9	1
30	10	1
30	12	1
30	13	1
30	14	1
30	15	2
30	16	2
30	17	2
30	20	2
30	21	1
30	23	1
30	24	1
30	27	1
30	28	1
30	29	6
31	1	1
31	4	3
31	9	1
31	10	2
31	13	2
31	17	1
31	18	2
31	19	1
31	20	2
31	23	1
31	27	1
31	28	4
31	29	2
31	30	7
32	3	2
32	4	1
32	5	1
32	6	2
32	9	3
32	11	1
32	13	3
32	14	1
32	15	2
32	16	1
32	18	4
32	19	1
32	20	4
32	21	1
32	22	1
32	23	1
32	24	1
32	28	3
32	29	1
32	30	4
32	31	2
33	2	2
33	3	1
33	5	2
33	6	2
33	7	1
33	8	1
33	9	1
33	10	1
33	12	2
33	14	1
33	15	1
33	16	2
33	18	2
33	20	1
33	21	1
33	22	1
33	24	1
33	26	2
33	27	1
33	28	4
33	29	1
33	30	6
33	31	2
33	32	6
34	0	2
34	2	1
34	3	1
34	4	2
34	5	1
34	6	1
34	7	3
34	8	1
34	9	3
34	10	2
34	12	2
34	13	1
34	14	2
34	15	1
34	16	2
34	17	1
34	19	2
34	21	5
34	22	2
34	23	1
34	24	4
34	26	1
34	27	1
34	28	3
34	29	2
34	30	2
34	31	1
34	32	1
34	33	5
35	0	1
35	1	1
35	3	1
35	4	2
35	5	1
35	6	2
35	8	1
35	9	3
35	10	1
35	11	1
35	13	5
35	14	5
35	15	1
35	16	3
35	17	4
35	18	3
35	19	2
35	20	4
35	22	2
35	26	1
35	27	3
35	28	7
35	29	1
35	30	1
35	31	2
35	32	1
35	33	2
35	34	2
36	3	2
36	4	1
36	5	1
36	6	5
36	7	1
36	8	2
36	9	3
36	10	2
36	11	2
36	12	1
36	14	1
36	16	3
36	17	1
36	18	2
36	19	1
36	20	3
36	21	1
36	27	5
36	28	1
36	29	1
36	30	1
36	31	4
36	33	2
36	34	2
36	35	6
37	0	1
37	1	1
37	4	4
37	5	2
37	8	2
37	9	3
37	10	1
37	11	2
37	12	3
37	13	5
37	14	1
37	15	1
37	16	2
37	17	4
37	18	4
37	19	3
37	21	1
37	22	1
37	23	2
37	24	2
37	27	4
37	28	2
37	29	1
37	30	1
37	31	2
37	32	2
37	34	2
37	35	5
37	36	7
38	1	1
38	2	1
38	3	1
38	4	3
38	5	3
38	7	1
38	8	2
38	9	1
38	10	4
38	11	2
38	12	4
38	13	3
38	14	2
38	15	1
38	16	1
38	17	1
38	18	1
38	19	1
38	24	1
38	27	2
38	28	5
38	29	2
38	30	2
38	31	2
38	32	1
38	33	5
38	34	3
38	35	4
38	36	4
38	37	6
39	2	1
39	3	2
39	4	2
39	5	1
39	6	2
39	7	1
39	10	2
39	11	4
39	12	1
39	13	5
39	14	1
39	16	4
39	17	1
39	18	2
39	19	1
39	21	1
39	22	2
39	24	2
39	27	1
39	28	4
39	29	1
39	30	5
39	31	1
39	32	1
39	35	3
39	36	1
39	37	3
39	38	8
40	1	2
40	3	6
40	4	1
40	6	2
40	9	2
40	10	2
40	13	2
40	15	1
40	16	2
40	17	2
40	18	3
40	19	1
40	21	2
40	22	2
40	24	1
40	27	2
40	28	3
40	29	4
40	30	2
40	31	4
40	32	1
40	33	2
40	34	2
40	35	4
40	37	4
40	38	6
40	39	6
41	1	1
41	3	2
41	4	5
41	5	2
41	6	1
41	8	1
41	9	1
41	10	1
41	12	2
41	13	3
41	14	1
41	15	4
41	16	1
41	18	2
41	19	2
41	21	1
41	24	1
41	25	1
41	27	2
41	28	7
41	30	3
41	31	2
41	32	5
41	33	1
41	34	1
41	35	3
41	36	3
41	37	4
41	38	4
41	39	2
41	40	8
42	3	1
42	5	1
42	6	2
42	8	1
42	10	1
42	11	1
42	12	3
42	13	1
42	15	1
42	16	2
42	17	1
42	18	1
42	20	2
42	22	1
42	24	1
42	26	1
42	27	4
42	28	4
42	29	1
42	30	3
42	31	2
42	32	4
42	33	2
42	34	1
42	35	1
42	36	1
42	37	1
42	38	3
42	39	2
42	40	2
42	41	2
43	3	3
43	4	1
43	6	1
43	9	3
43	10	1
43	12	2
43	15	2
43	16	1
43	17	1
43	18	3
43	23	2
43	26	1
43	27	4
43	28	3
43	29	1
43	30	1
43	31	4
43	33	1
43	35	2
43	36	2
43	38	2
43	40	2
43	41	2
43	42	3
44	3	1
44	4	1
44	8	1
44	9	1
44	10	2
44	13	3
44	14	1
44	18	2
44	20	2
44	26	1
44	27	1
44	28	1
44	29	3
44	30	3
44	31	1
44	32	2
44	33	2
44	36	2
44	38	1
44	41	1
44	42	2
44	43	8
45	0	1
45	1	1
45	2	2
45	5	3
45	8	1
45	12	3
45	14	1
45	18	1
45	19	1
45	26	2
45	28	2
45	29	2
45	30	1
45	34	1
45	35	1
45	37	2
45	38	2
45	39	2
45	40	2
45	41	2
45	42	1
45	43	3
45	44	9
46	0	1
46	1	1
46	3	1
46	8	1
46	9	2
46	10	2
46	13	1
46	14	1
46	21	1
46	22	1
46	26	1
46	27	1
46	28	2
46	30	1
46	32	1
46	33	1
46	34	2
46	35	2
46	36	2
46	37	1
46	39	1
46	40	1
46	41	2
46	42	1
46	43	3
46	44	4
46	45	6
47	3	1
47	4	1
47	5	1
47	9	1
47	10	1
47	15	2
47	16	1
47	18	1
47	20	1
47	28	1
47	29	2
47	30	2
47	31	2
47	33	3
47	35	2
47	39	2
47	42	1
47	43	1
47	44	2
47	45	2
47	46	1
48	3	1
48	4	1
48	12	1
48	15	1
48	19	1
48	20	1
48	27	2
48	31	1
48	36	2
48	42	1
48	43	1
48	44	2
48	45	3
48	46	2
48	47	8
49	2	1
49	3	2
49	5	1
49	6	1
49	9	2
49	12	1
49	14	2
49	15	1
49	16	1
49	18	3
49	19	2
49	21	2
49	23	1
49	27	1
49	28	3
49	30	1
49	31	1
49	32	1
49	33	2
49	34	1
49	39	1
49	41	1
49	42	3
49	43	3
49	44	2
49	46	8
49	47	7
49	48	5
50	4	1
50	8	1
50	9	2
50	12	2
50	13	1
50	14	2
50	15	1
50	19	1
50	23	1
50	27	3
50	32	1
50	36	1
50	39	1
50	41	2
50	42	1
50	43	1
50	44	1
50	45	1
50	46	1
50	47	2
50	48	3
50	49	4
51	8	1
51	11	2
51	13	1
51	15	4
51	16	2
51	18	1
51	19	1
51	24	1
51	25	1
51	26	2
51	27	2
51	28	1
51	29	1
51	30	4
51	32	2
51	33	1
51	35	1
51	37	1
51	38	1
51	39	1
51	40	2
51	42	1
51	45	1
51	48	2
51	49	3
51	50	1
52	8	1
52	9	1
52	10	2
52	11	1
52	14	1
52	15	1
52	16	1
52	17	1
52	18	1
52	19	1
52	20	1
52	26	1
52	27	1
52	28	3
52	29	1
52	30	1
52	32	1
52	33	5
52	36	3
52	38	1
52	39	3
52	40	2
52	41	2
52	42	1
52	43	1
52	44	1
52	45	2
52	46	2
52	48	1
52	49	2
52	50	5
52	51	13
53	1	1
53	5	1
53	7	1
53	9	1
53	10	1
53	11	1
53	12	2
53	13	1
53	14	1
53	15	2
53	16	2
53	17	1
53	18	1
53	20	1
53	22	1
53	24	2
53	26	2
53	29	1
53	34	1
53	35	2
53	37	1
53	38	4
53	39	4
53	40	2
53	41	2
53	42	3
53	43	1
53	44	1
53	46	4
53	47	5
53	48	1
53	49	1
53	50	6
53	51	2
53	52	5
54	1	1
54	4	4
54	5	2
54	6	1
54	11	1
54	12	2
54	15	2
54	17	3
54	18	1
54	20	1
54	27	2
54	30	1
54	31	1
54	33	1
54	35	2
54	36	2
54	37	2
54	38	2
54	39	2
54	40	2
54	41	1
54	43	3
54	44	3
54	45	2
54	46	5
54	47	5
54	48	2
54	49	3
54	50	2
54	51	2
54	52	1
54	53	3
55	1	2
55	3	2
55	4	3
55	5	2
55	9	2
55	10	1
55	11	1
55	12	2
55	13	2
55	16	3
55	22	1
55	25	1
55	27	2
55	28	1
55	30	2
55	31	1
55	32	1
55	33	1
55	34	1
55	35	3
55	36	2
55	37	1
55	38	1
55	39	1
55	40	6
55	41	4
55	42	1
55	43	3
55	44	1
55	45	2
55	46	2
55	47	3
55	48	2
55	50	4
55	51	3
55	52	2
55	53	1
55	54	2
56	4	1
56	5	1
56	8	1
56	11	1
56	13	2
56	19	1
56	20	1
56	21	1
56	26	1
56	27	1
56	28	2
56	30	1
56	32	1
56	36	1
56	39	3
56	40	1
56	41	2
56	43	2
56	45	3
56	46	4
56	47	2
56	48	3
56	49	1
56	50	2
56	51	2
56	52	2
56	53	2
56	54	5
56	55	1
57	0	1
57	3	1
57	4	1
57	8	2
57	10	1
57	12	1
57	13	1
57	14	1
57	15	1
57	16	1
57	18	1
57	24	2
57	25	1
57	27	1
57	30	1
57	31	3
57	32	1
57	36	1
57	38	3
57	39	1
57	40	1
57	41	2
57	43	1
57	45	1
57	46	4
57	47	1
57	48	3
57	49	5
57	50	1
57	52	1
57	53	1
57	54	1
57	55	3
57	56	7
58	0	1
58	1	1
58	4	2
58	10	1
58	14	1
58	17	1
58	18	2
58	23	1
58	28	2
58	31	1
58	32	2
58	34	1
58	36	1
58	37	1
58	38	3
58	40	1
58	41	2
58	43	2
58	45	2
58	46	2
58	47	2
58	48	1
58	49	2
58	50	3
58	51	1
58	53	2
58	54	1
58	55	1
58	56	1
58	57	3
59	1	1
59	3	1
59	5	1
59	9	1
59	10	1
59	11	2
59	15	2
59	16	1
59	17	1
59	18	1
59	19	4
59	20	2
59	21	1
59	22	1
59	24	3
59	26	3
59	28	4
59	30	1
59	31	3
59	32	4
59	33	2
59	35	1
59	37	3
59	39	2
59	40	3
59	41	2
59	42	3
59	43	4
59	44	3
59	45	1
59	46	4
59	48	1
59	49	3
59	50	1
59	51	2
59	52	1
59	53	2
59	54	2
59	55	2
59	56	2
59	57	6
59	58	3
60	1	2
60	4	4
60	6	3
60	7	2
60	8	1
60	10	2
60	12	4
60	13	4
60	15	3
60	16	2
60	17	2
60	18	1
60	19	1
60	20	1
60	22	2
60	27	2
60	28	5
60	29	1
60	31	3
60	32	2
60	33	2
60	34	1
60	35	2
60	36	1
60	37	2
60	38	4
60	39	2
60	40	2
60	41	4
60	43	2
60	44	2
60	45	3
60	46	4
60	47	2
60	48	3
60	49	4
60	50	5
60	51	5
60	52	6
60	53	7
60	54	3
60	55	4
60	56	3
60	57	4
60	58	2
60	59	2
