1	0	3
2	0	2
2	1	5
3	1	1
3	2	3
4	1	2
4	2	2
4	3	2
5	1	1
5	2	1
5	3	2
5	4	3
6	0	1
6	1	1
6	2	1
6	4	2
7	3	1
7	4	3
7	5	4
7	6	6
8	1	3
8	2	1
8	3	2
8	4	13
8	5	1
8	6	3
8	7	2
9	1	1
9	2	4
9	3	1
9	4	4
9	5	2
9	6	4
9	8	6
10	1	2
10	2	4
10	3	2
10	4	4
10	5	2
10	6	2
10	7	1
10	8	3
10	9	1
11	3	2
11	4	5
11	5	2
11	6	1
11	8	4
11	9	3
11	10	5
12	1	2
12	2	1
12	4	3
12	6	2
12	8	3
12	9	3
12	10	10
12	11	6
13	0	2
13	1	1
13	2	1
13	4	3
13	5	3
13	6	1
13	7	1
13	9	5
13	10	3
13	11	1
13	12	2
14	2	2
14	6	1
14	10	1
14	11	1
14	12	1
15	0	1
15	4	2
15	6	1
15	8	1
15	9	2
15	10	1
15	13	4
15	14	2
16	1	1
16	2	2
16	3	2
16	5	1
16	7	2
16	8	3
16	9	1
16	10	3
16	11	3
16	12	2
16	13	2
16	14	4
17	4	1
17	6	1
17	7	1
17	8	1
17	9	3
17	10	2
17	11	2
17	12	1
17	13	6
17	14	4
17	15	2
17	16	3
18	0	1
18	2	1
18	4	2
18	6	1
18	7	1
18	8	3
18	10	2
18	11	1
18	12	1
18	13	2
18	14	3
18	15	2
18	16	2
18	17	4
19	2	1
19	4	4
19	5	2
19	6	1
19	7	2
19	8	1
19	9	4
19	10	2
19	11	2
19	13	2
19	14	4
19	15	3
19	16	2
19	17	1
19	18	5
20	2	1
20	3	1
20	4	4
20	5	5
20	6	3
20	7	3
20	8	9
20	9	5
20	10	1
20	11	1
20	12	1
20	16	2
20	17	2
20	18	2
20	19	4
21	1	1
21	4	1
21	5	4
21	6	2
21	7	2
21	8	2
21	9	2
21	10	2
21	11	1
21	12	2
21	13	1
21	17	1
21	18	5
21	19	3
21	20	3
22	0	3
22	5	1
22	6	2
22	8	2
22	10	2
22	12	2
22	15	2
22	17	1
22	18	1
22	20	4
22	21	3
23	4	1
23	7	1
23	13	3
23	14	3
23	15	1
23	16	1
23	18	2
23	19	2
23	20	1
23	21	3
23	22	5
24	5	1
24	7	2
24	8	1
24	9	2
24	10	2
24	11	1
24	16	2
24	20	1
24	21	3
24	22	2
24	23	4
25	3	1
25	4	1
25	5	1
25	8	2
25	12	1
25	17	1
25	21	2
26	3	1
26	8	1
26	13	1
26	15	1
26	18	2
26	24	2
27	3	1
27	6	1
27	8	1
27	10	2
27	11	2
27	12	1
27	13	1
27	15	2
27	18	2
27	19	2
27	20	2
27	22	1
27	23	2
27	26	2
28	0	1
28	1	2
28	3	2
28	4	2
28	6	3
28	7	1
28	8	2
28	11	1
28	12	1
28	13	2
28	14	3
28	15	2
28	16	3
28	18	1
28	19	1
28	20	1
28	21	2
28	22	1
28	23	2
28	27	4
29	1	1
29	2	1
29	4	3
29	5	3
29	6	3
29	11	1
29	13	2
29	14	1
29	17	3
29	19	1
29	20	3
29	22	1
29	23	2
29	24	1
29	27	1
29	28	1
30	0	1
30	1	1
30	2	1
30	3	3
30	6	2
30	8	1
30	9	1
30	11	1
30	14	1
30	15	2
30	18	2
30	21	1
30	23	2
30	26	2
30	27	1
30	28	5
30	29	5
31	2	2
31	4	1
31	5	3
31	11	2
31	13	1
31	14	1
31	15	1
31	17	1
31	18	2
31	19	1
31	20	2
31	21	1
31	22	1
31	23	1
31	24	1
31	26	3
31	28	2
31	30	6
32	1	1
32	2	1
32	5	2
32	6	2
32	12	2
32	13	1
32	18	2
32	20	1
32	21	1
32	22	3
32	23	2
32	24	2
32	26	2
32	27	1
32	28	3
32	29	1
32	30	1
32	31	6
33	2	2
33	3	1
33	5	2
33	7	1
33	9	1
33	11	1
33	12	1
33	13	3
33	14	1
33	15	2
33	16	1
33	20	1
33	21	2
33	22	1
33	27	1
33	28	5
33	29	1
33	30	2
33	31	7
33	32	2
34	2	3
34	3	1
34	5	2
34	7	2
34	9	1
34	10	1
34	11	1
34	12	1
34	13	2
34	14	1
34	15	3
34	16	1
34	17	1
34	19	2
34	20	4
34	21	2
34	22	5
34	23	4
34	24	1
34	27	3
34	28	4
34	29	2
34	30	4
34	32	2
34	33	4
35	2	1
35	3	1
35	4	1
35	5	5
35	7	2
35	8	5
35	10	5
35	14	3
35	15	1
35	16	4
35	17	4
35	18	5
35	19	1
35	20	3
35	21	3
35	22	1
35	23	2
35	24	2
35	26	2
35	27	5
35	28	6
35	29	2
35	30	4
35	31	1
35	32	4
35	33	2
35	34	1
36	1	1
36	2	2
36	3	2
36	4	3
36	5	1
36	6	1
36	8	1
36	9	3
36	13	2
36	14	3
36	17	1
36	18	1
36	19	4
36	20	1
36	21	1
36	29	1
36	30	1
36	31	1
36	32	1
36	33	2
36	35	2
37	0	1
37	1	2
37	4	1
37	5	1
37	6	4
37	7	1
37	8	2
37	9	3
37	10	4
37	11	1
37	12	1
37	13	4
37	14	1
37	15	4
37	16	4
37	18	1
37	19	1
37	20	2
37	21	4
37	24	2
37	28	3
37	31	1
37	32	1
37	33	2
37	34	1
37	35	10
37	36	3
38	0	3
38	1	2
38	3	1
38	4	1
38	8	2
38	9	3
38	11	1
38	12	2
38	13	5
38	14	1
38	15	2
38	16	3
38	17	1
38	18	2
38	19	1
38	20	3
38	21	1
38	22	1
38	24	2
38	26	1
38	27	1
38	28	9
38	29	2
38	30	3
38	31	2
38	32	2
38	33	1
38	34	1
38	35	5
38	36	3
38	37	5
39	2	2
39	3	1
39	5	1
39	6	1
39	7	4
39	8	4
39	9	3
39	11	2
39	12	3
39	13	4
39	14	1
39	15	1
39	16	2
39	17	2
39	19	1
39	20	1
39	22	1
39	24	1
39	26	2
39	27	3
39	28	4
39	29	3
39	30	2
39	31	1
39	32	2
39	33	3
39	35	2
39	36	1
39	37	4
39	38	16
40	2	2
40	3	2
40	4	1
40	5	2
40	7	1
40	8	2
40	10	4
40	11	2
40	12	3
40	13	3
40	14	4
40	15	2
40	16	3
40	17	1
40	18	1
40	19	1
40	21	2
40	25	1
40	27	4
40	28	2
40	29	2
40	30	4
40	31	3
40	32	3
40	33	3
40	35	5
40	37	4
40	38	9
40	39	4
41	1	2
41	2	2
41	3	2
41	4	2
41	6	1
41	7	2
41	8	1
41	9	2
41	11	1
41	13	3
41	14	1
41	15	2
41	16	1
41	17	2
41	18	1
41	19	1
41	20	1
41	21	2
41	22	1
41	28	2
41	29	4
41	30	4
41	31	2
41	32	1
41	33	1
41	35	2
41	36	2
41	37	2
41	38	9
41	39	4
41	40	6
42	4	1
42	11	1
42	13	1
42	15	1
42	16	1
42	19	2
42	20	1
42	21	1
42	22	1
42	26	1
42	27	1
42	28	3
42	29	1
42	31	2
42	33	1
42	34	1
42	35	3
42	36	1
42	38	2
42	39	3
42	40	3
42	41	4
43	1	1
43	2	1
43	4	2
43	7	2
43	8	1
43	9	1
43	10	1
43	11	2
43	12	1
43	14	3
43	18	1
43	19	1
43	20	2
43	21	1
43	24	2
43	27	1
43	28	3
43	29	2
43	30	3
43	31	1
43	37	1
43	38	1
43	39	4
43	40	1
43	42	3
44	1	1
44	2	1
44	4	1
44	14	1
44	16	1
44	17	1
44	19	1
44	21	1
44	26	2
44	27	2
44	28	2
44	29	1
44	30	2
44	32	1
44	35	1
44	38	1
44	39	1
44	40	3
44	41	1
44	42	2
44	43	4
45	0	1
45	1	3
45	2	1
45	4	3
45	7	1
45	8	2
45	10	2
45	11	1
45	13	1
45	17	3
45	19	1
45	20	1
45	26	1
45	27	1
45	28	1
45	31	4
45	32	1
45	33	1
45	34	2
45	37	1
45	38	2
45	39	2
45	40	1
45	41	1
45	42	1
45	43	4
45	44	1
46	3	1
46	4	2
46	8	1
46	11	1
46	12	1
46	13	2
46	14	2
46	18	2
46	19	1
46	21	2
46	22	2
46	26	1
46	28	1
46	29	2
46	30	1
46	31	1
46	37	2
46	38	1
46	39	5
46	40	1
46	41	6
46	42	3
46	43	2
46	44	2
46	45	3
47	1	1
47	7	1
47	10	2
47	12	3
47	13	1
47	15	3
47	16	2
47	20	1
47	27	1
47	28	1
47	30	2
47	31	1
47	38	2
47	39	3
47	40	2
47	41	4
47	43	4
47	45	1
48	1	2
48	2	2
48	10	1
48	12	2
48	13	1
48	14	1
48	20	1
48	24	1
48	28	3
48	30	1
48	38	2
48	39	2
48	41	2
48	45	1
48	46	6
48	47	7
49	1	2
49	2	3
49	3	1
49	4	2
49	5	1
49	6	1
49	7	2
49	10	1
49	14	1
49	16	1
49	18	2
49	20	1
49	27	2
49	28	4
49	29	2
49	31	1
49	33	2
49	36	3
49	37	2
49	38	4
49	39	2
49	40	3
49	41	1
49	42	1
49	43	5
49	44	1
49	45	2
49	46	3
49	47	6
49	48	6
50	1	2
50	8	4
50	9	1
50	10	1
50	15	1
50	23	1
50	27	1
50	28	1
50	32	1
50	35	1
50	36	1
50	39	1
50	40	1
50	42	1
50	44	1
50	45	2
50	47	1
50	48	2
50	49	3
51	1	2
51	4	1
51	8	1
51	10	1
51	12	1
51	13	1
51	16	2
51	17	1
51	18	1
51	20	2
51	23	1
51	24	1
51	26	1
51	27	1
51	28	3
51	29	1
51	30	1
51	32	1
51	34	1
51	36	1
51	38	4
51	39	5
51	40	3
51	41	2
51	43	1
51	44	1
51	46	1
51	47	2
51	48	2
51	49	1
51	50	3
52	0	1
52	4	1
52	7	1
52	12	2
52	13	1
52	15	3
52	18	1
52	24	1
52	29	1
52	31	2
52	33	2
52	34	1
52	35	1
52	36	2
52	37	4
52	38	1
52	39	1
52	40	2
52	41	1
52	43	1
52	45	2
52	46	2
52	47	2
52	48	2
52	49	1
52	50	2
52	51	9
53	2	2
53	5	1
53	6	2
53	9	1
53	11	1
53	12	1
53	13	2
53	15	1
53	16	3
53	17	1
53	18	2
53	20	1
53	22	1
53	24	2
53	27	2
53	28	1
53	30	3
53	33	2
53	34	4
53	35	2
53	36	3
53	37	1
53	38	3
53	39	1
53	40	2
53	41	5
53	42	3
53	43	3
53	45	2
53	46	3
53	47	6
53	49	6
53	50	3
53	51	2
53	52	3
54	1	2
54	3	2
54	4	1
54	5	2
54	8	1
54	10	1
54	11	1
54	12	1
54	13	4
54	14	2
54	15	1
54	19	2
54	20	1
54	23	2
54	28	5
54	30	1
54	31	3
54	32	2
54	33	1
54	36	3
54	37	2
54	38	3
54	39	2
54	40	1
54	41	2
54	43	1
54	44	4
54	45	3
54	46	7
54	47	3
54	48	3
54	49	3
54	50	2
54	51	2
54	52	2
54	53	3
55	2	1
55	3	1
55	8	2
55	9	2
55	10	1
55	11	4
55	12	1
55	13	1
55	14	1
55	19	3
55	20	3
55	21	1
55	24	1
55	27	2
55	28	1
55	29	1
55	31	1
55	33	1
55	34	2
55	36	2
55	37	2
55	38	2
55	39	1
55	41	1
55	42	2
55	44	2
55	45	2
55	46	4
55	47	7
55	48	3
55	49	9
55	50	1
55	51	2
55	52	1
55	53	1
55	54	13
56	4	1
56	9	1
56	10	2
56	11	1
56	13	1
56	18	2
56	19	1
56	23	2
56	28	2
56	29	1
56	30	1
56	31	3
56	32	3
56	36	4
56	39	1
56	40	4
56	41	1
56	42	4
56	43	3
56	45	5
56	46	3
56	47	5
56	48	2
56	49	3
56	51	2
56	53	1
56	55	3
57	0	1
57	2	2
57	3	1
57	9	1
57	10	5
57	11	2
57	12	3
57	13	2
57	14	4
57	17	2
57	18	2
57	22	1
57	29	2
57	30	2
57	32	1
57	33	1
57	35	1
57	36	1
57	37	2
57	38	4
57	41	4
57	42	2
57	43	3
57	44	4
57	45	1
57	46	2
57	47	3
57	48	1
57	49	1
57	50	2
57	51	1
57	52	1
57	53	3
57	55	2
57	56	6
58	9	1
58	10	3
58	14	1
58	18	3
58	19	1
58	24	2
58	26	1
58	27	2
58	28	2
58	31	2
58	32	1
58	34	1
58	36	2
58	37	2
58	38	2
58	40	3
58	41	1
58	43	3
58	46	4
58	47	1
58	48	2
58	50	1
58	52	2
58	53	2
58	56	1
59	1	2
59	2	2
59	3	2
59	4	2
59	5	1
59	7	1
59	8	1
59	10	2
59	11	1
59	12	2
59	13	1
59	14	2
59	17	1
59	18	2
59	19	1
59	22	1
59	24	2
59	28	4
59	29	1
59	31	4
59	33	2
59	34	1
59	35	3
59	36	1
59	37	2
59	41	2
59	42	5
59	43	5
59	44	2
59	45	5
59	46	5
59	47	2
59	48	2
59	49	2
59	50	2
59	51	4
59	52	1
59	53	4
59	54	1
59	55	2
59	56	2
59	57	2
59	58	5
60	0	2
60	1	3
60	3	1
60	5	1
60	6	1
60	7	3
60	9	1
60	10	2
60	12	2
60	13	4
60	14	4
60	15	5
60	16	1
60	17	1
60	19	1
60	22	1
60	24	1
60	28	2
60	30	1
60	32	2
60	34	1
60	35	3
60	36	1
60	37	2
60	38	6
60	39	2
60	40	3
60	41	5
60	42	2
60	43	3
60	45	1
60	46	3
60	47	3
60	48	4
60	49	1
60	50	3
60	51	6
60	52	13
60	53	4
60	54	1
60	55	2
60	56	2
60	57	4
