1	0	5
2	0	1
2	1	4
3	0	2
3	1	3
3	2	3
4	0	3
4	1	2
4	2	1
4	3	4
5	1	1
5	2	1
5	3	1
5	4	5
6	3	1
6	4	5
6	5	3
7	2	1
7	4	5
7	5	3
7	6	4
8	2	2
8	3	1
8	4	11
8	5	4
8	6	9
8	7	6
9	2	4
9	3	1
9	4	5
9	5	2
9	6	1
9	7	2
9	8	3
10	1	1
10	3	3
10	4	2
10	5	1
10	6	1
10	7	1
10	9	4
11	1	2
11	2	1
11	3	2
11	5	1
11	7	1
11	8	4
11	9	4
11	10	6
12	2	1
12	4	1
12	5	3
12	6	1
12	8	2
12	9	2
12	10	5
12	11	3
13	0	2
13	1	1
13	2	2
13	3	1
13	4	4
13	5	1
13	6	2
13	7	2
13	8	1
13	9	1
13	10	1
13	12	1
14	1	2
14	2	1
14	3	3
14	4	1
14	5	1
14	6	2
14	7	2
14	8	1
14	11	2
14	12	1
14	13	2
15	0	2
15	3	2
15	4	2
15	7	1
15	10	1
15	11	1
15	12	2
15	13	2
15	14	1
16	2	1
16	5	2
16	8	1
16	9	1
16	10	3
16	11	1
16	13	1
16	14	4
16	15	3
17	3	1
17	5	1
17	6	1
17	8	2
17	9	4
17	10	3
17	11	2
17	12	4
17	13	1
17	14	3
17	15	3
17	16	6
18	1	1
18	2	1
18	3	4
18	4	3
18	5	2
18	7	1
18	9	3
18	10	1
18	12	1
18	13	5
18	16	2
18	17	2
19	0	1
19	1	3
19	4	3
19	5	1
19	6	4
19	8	5
19	9	2
19	10	1
19	11	3
19	13	4
19	14	3
19	15	1
19	16	1
19	17	2
19	18	4
20	1	1
20	2	4
20	3	1
20	4	3
20	5	3
20	6	2
20	7	6
20	8	2
20	9	6
20	10	1
20	11	2
20	13	5
20	14	1
20	16	1
20	17	4
20	19	5
21	2	1
21	4	1
21	6	1
21	7	3
21	8	4
21	10	5
21	11	1
21	12	3
21	13	1
21	17	3
21	18	7
21	19	7
21	20	12
22	1	1
22	3	1
22	5	1
22	6	2
22	7	2
22	8	2
22	10	1
22	11	1
22	12	1
22	14	1
22	15	3
22	18	2
22	19	2
22	20	4
22	21	5
23	4	1
23	6	1
23	7	2
23	8	1
23	11	2
23	12	2
23	13	1
23	14	1
23	15	2
23	16	2
23	17	3
23	19	2
23	20	2
23	21	3
23	22	1
24	3	1
24	4	1
24	6	1
24	7	2
24	8	2
24	9	2
24	10	2
24	11	1
24	12	1
24	14	3
24	15	2
24	17	2
24	18	1
24	19	1
24	20	1
24	21	2
24	22	2
24	23	3
25	0	2
25	8	1
25	9	1
26	1	1
26	3	1
26	14	2
26	15	1
26	16	1
26	17	2
26	18	1
26	19	1
26	24	2
27	5	1
27	6	1
27	8	1
27	9	2
27	10	1
27	13	1
27	14	1
27	15	1
27	17	5
27	18	2
27	19	1
27	20	1
27	21	1
27	22	1
27	23	1
28	0	3
28	1	1
28	3	3
28	4	2
28	5	3
28	7	1
28	9	2
28	10	2
28	11	1
28	12	2
28	14	3
28	15	1
28	16	4
28	17	1
28	18	5
28	19	2
28	20	2
28	21	3
28	22	1
28	24	1
28	26	1
28	27	1
29	1	4
29	2	2
29	3	1
29	4	2
29	5	2
29	6	1
29	8	2
29	9	4
29	10	1
29	11	1
29	12	2
29	13	1
29	15	1
29	19	1
29	21	3
29	23	1
29	24	2
29	27	1
29	28	2
30	0	1
30	2	2
30	3	3
30	4	2
30	5	1
30	6	1
30	7	1
30	8	1
30	9	1
30	11	1
30	13	2
30	14	1
30	17	1
30	18	3
30	19	2
30	20	1
30	21	1
30	24	2
30	26	3
30	27	1
30	28	4
30	29	4
31	1	1
31	2	1
31	3	2
31	4	2
31	5	2
31	16	1
31	17	1
31	18	2
31	19	1
31	20	3
31	21	2
31	22	2
31	23	3
31	24	1
31	26	1
31	28	4
31	29	3
31	30	7
32	1	1
32	3	2
32	8	3
32	11	1
32	12	2
32	14	1
32	15	1
32	17	2
32	18	3
32	20	2
32	24	1
32	26	1
32	27	1
32	28	4
32	29	1
32	30	1
32	31	5
33	1	3
33	5	1
33	6	1
33	8	4
33	13	1
33	14	1
33	15	2
33	16	1
33	17	2
33	18	2
33	19	2
33	20	1
33	22	1
33	23	3
33	24	2
33	26	2
33	27	2
33	28	6
33	30	3
33	31	5
33	32	3
34	1	3
34	2	1
34	3	1
34	4	2
34	6	1
34	8	1
34	10	1
34	12	1
34	14	3
34	15	1
34	16	1
34	17	1
34	18	1
34	19	2
34	20	2
34	21	2
34	22	3
34	23	1
34	24	3
34	26	2
34	28	2
34	30	1
34	31	1
34	32	3
34	33	4
35	1	1
35	3	1
35	4	1
35	5	1
35	7	2
35	8	2
35	9	1
35	10	1
35	11	1
35	12	2
35	13	4
35	14	1
35	15	2
35	16	1
35	17	2
35	18	6
35	19	4
35	20	3
35	21	3
35	23	1
35	24	2
35	27	1
35	28	1
35	29	2
35	30	2
35	31	4
35	32	1
35	34	1
36	2	5
36	4	3
36	5	1
36	6	1
36	7	1
36	8	2
36	9	2
36	10	4
36	11	1
36	12	4
36	13	1
36	14	1
36	15	1
36	16	2
36	17	1
36	18	1
36	19	1
36	24	1
36	26	1
36	27	1
36	29	2
36	30	2
36	33	2
36	35	2
37	1	1
37	2	1
37	3	1
37	6	1
37	8	3
37	11	3
37	12	3
37	13	5
37	14	3
37	15	4
37	16	5
37	17	2
37	18	3
37	19	5
37	20	2
37	21	1
37	22	2
37	23	1
37	26	1
37	27	1
37	28	2
37	29	1
37	30	1
37	31	2
37	32	1
37	33	2
37	34	1
37	35	5
37	36	1
38	0	2
38	1	2
38	2	4
38	3	3
38	4	3
38	5	1
38	9	1
38	10	1
38	11	2
38	12	2
38	13	4
38	14	3
38	16	1
38	17	3
38	18	3
38	19	2
38	20	1
38	21	1
38	23	2
38	24	1
38	27	1
38	28	3
38	30	3
38	31	3
38	32	2
38	33	1
38	34	3
38	35	3
38	36	3
38	37	7
39	1	2
39	3	2
39	4	1
39	5	1
39	7	2
39	8	3
39	9	2
39	12	3
39	13	3
39	14	4
39	15	2
39	16	2
39	17	1
39	18	4
39	21	1
39	22	3
39	23	2
39	27	2
39	28	1
39	29	6
39	30	2
39	31	2
39	32	2
39	33	1
39	34	1
39	35	4
39	36	1
39	37	4
39	38	6
40	1	2
40	2	1
40	4	2
40	5	3
40	6	1
40	8	1
40	10	4
40	11	1
40	12	2
40	13	4
40	15	1
40	16	1
40	17	2
40	20	1
40	21	1
40	23	1
40	24	4
40	27	4
40	28	4
40	29	1
40	30	2
40	31	4
40	32	1
40	33	2
40	34	2
40	35	5
40	36	3
40	37	2
40	38	8
40	39	4
41	3	1
41	4	4
41	5	1
41	6	2
41	7	1
41	8	1
41	9	1
41	10	1
41	12	1
41	13	1
41	15	3
41	16	1
41	17	1
41	19	2
41	22	1
41	26	3
41	28	5
41	29	2
41	30	1
41	31	3
41	32	4
41	33	2
41	34	2
41	35	3
41	36	2
41	37	1
41	38	3
41	39	4
41	40	10
42	4	1
42	5	1
42	9	1
42	10	2
42	13	1
42	14	2
42	15	3
42	16	2
42	18	2
42	19	1
42	21	1
42	23	1
42	26	1
42	28	4
42	29	1
42	30	2
42	31	4
42	35	1
42	37	2
42	38	3
42	40	4
42	41	3
43	3	1
43	4	2
43	5	2
43	7	1
43	8	1
43	9	1
43	10	2
43	11	3
43	12	2
43	13	1
43	15	1
43	16	1
43	17	1
43	19	1
43	20	1
43	22	1
43	23	1
43	24	2
43	26	2
43	28	3
43	29	2
43	30	2
43	31	3
43	32	2
43	33	1
43	34	1
43	36	3
43	37	1
43	38	1
43	39	3
43	40	1
43	41	4
43	42	6
44	1	1
44	3	1
44	5	1
44	10	1
44	12	1
44	13	1
44	16	1
44	18	1
44	19	2
44	21	1
44	26	1
44	27	1
44	28	1
44	29	3
44	30	1
44	31	1
44	34	1
44	36	1
44	37	1
44	39	1
44	40	3
44	41	5
44	42	1
44	43	4
45	0	1
45	2	1
45	4	2
45	5	1
45	6	1
45	7	1
45	8	2
45	13	1
45	14	2
45	18	2
45	20	1
45	27	1
45	28	1
45	29	1
45	31	2
45	34	3
45	35	1
45	38	1
45	39	1
45	40	2
45	41	3
45	42	1
45	43	7
45	44	8
46	1	1
46	2	1
46	3	1
46	4	1
46	7	1
46	8	1
46	10	1
46	11	1
46	13	2
46	14	1
46	18	3
46	19	1
46	22	2
46	26	1
46	27	1
46	28	1
46	29	1
46	30	1
46	31	3
46	35	3
46	36	2
46	37	4
46	38	2
46	39	1
46	41	2
46	42	1
46	43	2
46	45	5
47	3	2
47	7	1
47	8	2
47	10	1
47	14	1
47	24	1
47	27	2
47	30	1
47	31	1
47	33	1
47	39	3
47	40	2
47	41	1
47	42	2
47	43	3
47	44	2
47	45	2
47	46	2
48	8	2
48	12	1
48	13	1
48	14	1
48	20	1
48	27	2
48	35	1
48	36	1
48	37	1
48	38	3
48	39	1
48	40	1
48	41	3
48	42	1
48	43	1
48	44	2
48	45	2
48	47	6
49	0	2
49	2	1
49	4	1
49	5	1
49	6	2
49	9	1
49	11	2
49	12	1
49	15	1
49	16	2
49	17	2
49	19	2
49	20	2
49	28	1
49	29	1
49	30	4
49	35	3
49	36	1
49	37	1
49	38	1
49	39	2
49	40	1
49	41	1
49	42	1
49	43	4
49	44	2
49	45	2
49	46	1
49	47	5
49	48	3
50	1	1
50	5	1
50	10	1
50	13	3
50	15	1
50	18	1
50	27	1
50	29	1
50	30	1
50	31	1
50	35	4
50	36	1
50	37	1
50	39	2
50	44	1
50	45	1
50	46	1
50	47	1
50	48	4
50	49	6
51	4	1
51	5	1
51	8	4
51	9	2
51	10	1
51	12	1
51	13	1
51	15	3
51	16	2
51	19	2
51	20	1
51	26	5
51	27	1
51	28	2
51	29	1
51	31	1
51	35	2
51	36	1
51	38	2
51	39	2
51	41	4
51	42	1
51	43	1
51	44	1
51	46	1
51	47	3
51	49	5
51	50	4
52	6	1
52	8	1
52	9	2
52	11	1
52	12	1
52	13	1
52	14	2
52	15	2
52	16	3
52	17	2
52	18	1
52	21	2
52	27	2
52	33	1
52	35	1
52	36	3
52	37	1
52	38	5
52	39	3
52	40	2
52	41	2
52	44	3
52	46	1
52	47	2
52	48	1
52	50	4
52	51	9
53	1	1
53	2	1
53	3	2
53	4	2
53	5	1
53	8	1
53	9	2
53	10	1
53	11	3
53	12	1
53	13	3
53	14	2
53	15	1
53	16	5
53	18	2
53	19	3
53	26	2
53	27	1
53	28	1
53	31	1
53	32	2
53	34	3
53	35	1
53	36	1
53	38	2
53	39	3
53	40	1
53	41	2
53	43	3
53	47	1
53	48	1
53	49	9
53	50	4
53	51	4
53	52	6
54	0	1
54	1	1
54	2	1
54	3	2
54	4	3
54	5	2
54	8	1
54	10	1
54	11	1
54	12	2
54	13	1
54	16	1
54	17	1
54	18	2
54	20	1
54	23	1
54	27	1
54	30	2
54	32	1
54	35	2
54	36	1
54	38	1
54	40	3
54	41	1
54	42	1
54	43	4
54	45	1
54	46	3
54	47	7
54	48	1
54	49	2
54	50	1
54	51	1
54	53	4
55	1	2
55	2	2
55	3	2
55	4	1
55	8	2
55	9	1
55	10	1
55	11	1
55	12	1
55	13	3
55	14	4
55	16	2
55	18	1
55	19	1
55	21	2
55	22	1
55	24	1
55	27	1
55	28	1
55	30	3
55	31	2
55	33	2
55	35	2
55	38	1
55	40	5
55	42	2
55	43	2
55	45	2
55	46	1
55	47	4
55	49	1
55	50	2
55	51	3
55	52	4
55	53	3
55	54	10
56	3	1
56	4	1
56	9	1
56	10	1
56	12	3
56	13	1
56	15	2
56	19	1
56	20	2
56	21	1
56	23	2
56	26	2
56	28	1
56	30	2
56	31	1
56	32	1
56	33	1
56	34	1
56	35	1
56	37	2
56	38	1
56	39	1
56	40	1
56	42	1
56	43	1
56	45	1
56	46	6
56	47	5
56	48	1
56	53	4
56	54	3
56	55	2
57	0	1
57	2	2
57	8	1
57	9	1
57	12	1
57	13	1
57	15	1
57	19	1
57	22	2
57	24	1
57	25	2
57	27	2
57	28	1
57	30	6
57	31	2
57	32	2
57	33	1
57	35	1
57	36	1
57	37	1
57	38	2
57	39	2
57	40	1
57	41	3
57	45	1
57	46	4
57	47	4
57	48	1
57	49	3
57	50	1
57	51	2
57	52	2
57	53	2
57	54	1
57	55	1
57	56	4
58	1	1
58	4	1
58	8	4
58	9	1
58	10	1
58	13	1
58	14	1
58	15	2
58	17	2
58	23	1
58	26	1
58	27	2
58	28	3
58	29	1
58	35	1
58	38	3
58	39	1
58	40	2
58	41	1
58	42	2
58	43	1
58	45	1
58	47	2
58	49	2
58	50	2
58	52	3
58	53	4
58	54	2
58	56	1
58	57	1
59	1	1
59	4	1
59	5	1
59	8	3
59	10	2
59	13	1
59	14	3
59	16	2
59	18	2
59	20	2
59	22	1
59	24	1
59	27	1
59	30	3
59	31	4
59	32	3
59	33	2
59	35	3
59	36	1
59	38	5
59	39	3
59	40	2
59	41	3
59	42	2
59	43	4
59	44	2
59	45	4
59	46	6
59	47	3
59	48	2
59	49	2
59	50	2
59	51	2
59	52	2
59	53	1
59	54	1
59	55	6
59	57	2
59	58	2
60	1	1
60	3	1
60	4	1
60	5	1
60	6	2
60	9	1
60	11	1
60	13	1
60	15	1
60	16	2
60	17	3
60	18	1
60	19	2
60	24	1
60	26	1
60	27	2
60	28	3
60	29	1
60	30	1
60	31	1
60	32	1
60	33	2
60	35	2
60	36	1
60	37	3
60	38	3
60	39	4
60	40	3
60	41	2
60	42	1
60	44	3
60	45	1
60	47	1
60	48	2
60	49	4
60	50	3
60	51	7
60	52	4
60	53	3
60	54	1
60	55	1
60	56	3
60	57	1
60	58	2
60	59	3
