1	0	5
2	0	2
2	1	5
3	0	1
3	1	3
3	2	4
4	1	8
4	2	1
4	3	3
5	0	2
5	1	2
5	2	2
5	3	1
5	4	3
6	1	2
6	2	2
6	4	3
6	5	2
7	1	1
7	3	2
7	4	2
7	5	2
7	6	3
8	0	3
8	1	1
8	2	1
8	3	1
8	4	12
8	5	4
8	6	2
8	7	3
9	1	2
9	2	1
9	3	1
9	4	7
9	5	2
9	6	1
9	7	3
9	8	4
10	0	2
10	1	1
10	4	3
10	5	1
10	6	2
10	7	3
10	8	4
10	9	2
11	0	1
11	5	1
11	7	2
11	8	2
11	9	1
11	10	2
12	1	1
12	2	1
12	3	2
12	4	1
12	5	2
12	8	2
12	10	5
12	11	6
13	1	2
13	3	4
13	4	1
13	6	1
13	7	1
13	8	2
13	9	3
13	10	4
13	11	3
13	12	1
14	1	2
14	2	1
14	3	1
14	4	1
14	5	1
14	6	1
14	8	1
14	10	2
14	11	2
14	12	4
14	13	1
15	4	1
15	5	1
15	8	2
15	9	1
15	10	6
15	11	2
15	12	2
15	13	1
15	14	1
16	1	1
16	6	1
16	8	1
16	9	3
16	10	4
16	11	1
16	12	1
16	13	1
16	14	7
16	15	2
17	2	1
17	3	2
17	4	1
17	5	3
17	6	2
17	7	1
17	8	2
17	9	2
17	10	2
17	11	1
17	13	4
17	14	5
17	15	1
17	16	4
18	1	1
18	4	2
18	5	1
18	7	2
18	8	3
18	9	1
18	10	2
18	11	1
18	12	1
18	13	2
18	14	1
18	16	2
18	17	2
19	2	2
19	4	1
19	5	2
19	6	1
19	7	2
19	8	6
19	10	2
19	11	4
19	12	1
19	13	3
19	16	1
19	17	1
19	18	4
20	2	1
20	4	1
20	5	1
20	6	1
20	7	3
20	8	3
20	10	1
20	11	1
20	12	2
20	13	2
20	14	1
20	15	2
20	16	3
20	17	1
20	18	3
20	19	5
21	1	1
21	4	3
21	6	3
21	7	5
21	8	4
21	9	4
21	10	1
21	13	4
21	14	1
21	15	3
21	16	3
21	17	4
21	18	2
21	19	4
21	20	5
22	0	2
22	2	1
22	3	1
22	4	1
22	5	2
22	6	1
22	7	1
22	8	1
22	10	3
22	11	2
22	12	1
22	13	1
22	15	1
22	16	2
22	17	1
22	18	2
22	19	3
22	20	6
22	21	10
23	0	1
23	3	2
23	4	3
23	5	1
23	6	1
23	7	2
23	8	4
23	9	1
23	10	2
23	12	1
23	14	1
23	15	1
23	16	2
23	17	1
23	21	1
23	22	5
24	2	1
24	3	1
24	5	3
24	8	1
24	9	2
24	12	2
24	13	1
24	14	2
24	15	2
24	19	3
24	20	1
24	22	2
24	23	5
25	3	1
25	9	1
25	11	1
25	12	1
25	16	1
25	19	1
26	1	1
26	2	3
26	6	1
26	8	1
26	14	1
26	16	1
26	18	1
26	22	1
26	24	1
27	4	1
27	5	2
27	6	2
27	7	1
27	8	4
27	12	3
27	13	3
27	14	2
27	15	3
27	16	1
27	18	2
27	20	3
27	21	2
27	22	1
27	24	3
28	0	1
28	2	1
28	4	2
28	5	3
28	6	1
28	8	1
28	11	2
28	12	1
28	13	2
28	14	4
28	15	3
28	16	2
28	17	5
28	18	4
28	19	3
28	20	1
28	21	3
28	23	5
29	2	1
29	4	1
29	5	1
29	8	1
29	9	1
29	10	4
29	12	2
29	13	1
29	15	1
29	17	1
29	18	1
29	19	2
29	20	2
29	22	2
29	24	1
29	28	1
30	0	2
30	1	1
30	2	1
30	4	1
30	5	3
30	7	1
30	8	3
30	9	2
30	10	2
30	12	2
30	13	1
30	14	3
30	15	1
30	17	3
30	19	4
30	20	2
30	22	1
30	23	3
30	27	1
30	28	3
30	29	5
31	1	2
31	5	1
31	8	1
31	13	1
31	14	2
31	15	1
31	21	3
31	22	2
31	28	2
31	29	5
31	30	6
32	1	1
32	2	2
32	3	1
32	4	1
32	6	1
32	8	1
32	9	2
32	11	4
32	12	2
32	13	1
32	14	3
32	15	3
32	17	3
32	18	1
32	19	2
32	20	2
32	21	2
32	22	1
32	23	1
32	26	2
32	27	2
32	28	4
32	29	1
32	30	3
32	31	2
33	1	1
33	2	1
33	3	2
33	4	3
33	5	2
33	6	1
33	8	2
33	9	1
33	10	1
33	11	1
33	12	2
33	13	1
33	14	2
33	16	1
33	17	3
33	18	1
33	20	1
33	21	2
33	22	1
33	26	2
33	27	4
33	28	2
33	29	1
33	30	1
33	31	1
33	32	5
34	1	1
34	2	2
34	3	1
34	4	1
34	5	1
34	6	1
34	8	1
34	10	4
34	11	1
34	13	2
34	14	5
34	16	1
34	17	2
34	18	1
34	19	6
34	20	3
34	21	3
34	22	2
34	23	4
34	24	4
34	26	1
34	27	3
34	28	1
34	29	3
34	32	2
34	33	1
35	1	1
35	4	2
35	5	2
35	6	1
35	8	1
35	9	1
35	10	3
35	11	2
35	12	2
35	13	1
35	16	1
35	17	2
35	18	2
35	19	1
35	21	7
35	22	2
35	23	1
35	27	5
35	28	6
35	30	2
35	31	3
35	32	4
35	33	1
36	1	1
36	2	2
36	3	1
36	4	2
36	6	1
36	7	2
36	8	1
36	9	3
36	10	1
36	11	2
36	12	2
36	13	4
36	14	2
36	15	1
36	16	2
36	19	2
36	20	1
36	21	1
36	22	3
36	24	2
36	27	1
36	28	1
36	30	2
36	31	1
36	32	1
36	33	1
36	35	3
37	2	1
37	3	1
37	5	1
37	6	2
37	8	1
37	9	1
37	10	3
37	12	2
37	13	3
37	14	1
37	16	1
37	17	1
37	18	6
37	19	1
37	24	2
37	25	1
37	26	2
37	27	3
37	28	4
37	30	1
37	31	2
37	32	3
37	33	1
37	35	5
38	0	2
38	1	2
38	2	1
38	3	2
38	4	3
38	5	2
38	6	1
38	8	1
38	9	4
38	10	2
38	11	2
38	12	1
38	13	4
38	15	1
38	16	1
38	17	3
38	18	2
38	19	1
38	20	3
38	21	5
38	23	2
38	24	1
38	26	2
38	27	1
38	28	2
38	29	1
38	30	2
38	31	2
38	32	2
38	33	2
38	34	3
38	35	2
38	36	2
38	37	4
39	1	2
39	3	1
39	4	2
39	5	1
39	8	2
39	9	1
39	10	1
39	11	1
39	12	1
39	13	1
39	18	1
39	22	3
39	24	1
39	26	1
39	27	2
39	28	3
39	29	2
39	31	1
39	35	4
39	36	3
39	37	7
39	38	8
40	2	2
40	3	1
40	5	2
40	7	2
40	8	2
40	11	2
40	12	3
40	13	1
40	14	1
40	16	4
40	17	1
40	18	1
40	19	2
40	20	3
40	21	2
40	22	2
40	24	1
40	26	1
40	27	4
40	28	7
40	29	2
40	30	1
40	31	2
40	32	1
40	33	2
40	34	3
40	35	2
40	36	2
40	37	1
40	38	8
40	39	5
41	1	1
41	4	2
41	5	1
41	7	2
41	9	2
41	10	2
41	11	1
41	12	1
41	13	5
41	15	2
41	17	1
41	18	2
41	19	1
41	20	2
41	21	1
41	22	1
41	24	4
41	27	2
41	28	2
41	29	2
41	30	1
41	31	3
41	32	2
41	33	2
41	34	4
41	35	3
41	36	1
41	37	2
41	38	5
41	39	3
41	40	8
42	0	1
42	4	1
42	5	1
42	7	1
42	12	2
42	13	3
42	14	2
42	15	1
42	16	1
42	17	2
42	20	1
42	21	1
42	23	1
42	26	1
42	27	2
42	28	1
42	29	1
42	30	3
42	31	1
42	32	1
42	33	2
42	35	3
42	36	3
42	37	1
42	38	3
42	39	3
42	40	3
42	41	7
43	0	1
43	1	3
43	2	1
43	4	1
43	6	1
43	8	3
43	12	2
43	13	1
43	14	1
43	16	1
43	18	1
43	20	1
43	21	1
43	22	1
43	26	2
43	27	1
43	28	5
43	29	1
43	30	3
43	31	1
43	35	2
43	37	1
43	40	2
43	41	4
43	42	4
44	0	2
44	1	2
44	2	2
44	3	1
44	4	4
44	5	1
44	8	1
44	9	2
44	12	1
44	17	1
44	18	1
44	20	1
44	27	1
44	28	1
44	29	2
44	31	2
44	33	2
44	34	1
44	37	1
44	38	2
44	39	1
44	40	1
44	41	2
44	42	6
44	43	9
45	0	2
45	1	1
45	2	2
45	3	2
45	4	2
45	5	1
45	6	1
45	8	1
45	10	2
45	11	1
45	12	1
45	18	2
45	26	3
45	27	2
45	28	2
45	30	1
45	33	1
45	39	1
45	40	1
45	41	2
45	42	3
45	43	5
45	44	5
46	1	1
46	2	1
46	4	2
46	7	2
46	10	2
46	12	1
46	13	1
46	15	1
46	18	1
46	19	1
46	21	2
46	22	2
46	27	1
46	28	1
46	29	2
46	30	1
46	31	1
46	33	1
46	34	1
46	35	2
46	38	2
46	39	1
46	41	1
46	42	4
46	43	1
46	44	2
46	45	8
47	2	2
47	3	1
47	4	1
47	9	1
47	17	1
47	27	2
47	28	1
47	29	2
47	31	2
47	34	1
47	35	2
47	37	1
47	38	2
47	39	1
47	40	3
47	42	3
47	43	1
47	44	2
47	45	3
47	46	4
48	4	1
48	10	1
48	11	1
48	13	3
48	14	1
48	15	1
48	22	1
48	23	1
48	24	1
48	30	1
48	35	2
48	36	1
48	37	2
48	38	2
48	39	2
48	40	1
48	41	2
48	44	1
48	45	3
48	46	2
48	47	7
49	2	1
49	4	2
49	8	1
49	9	1
49	12	2
49	14	1
49	15	1
49	16	1
49	17	1
49	19	1
49	23	1
49	24	1
49	27	1
49	28	2
49	29	1
49	30	1
49	32	1
49	33	1
49	34	1
49	35	1
49	37	4
49	38	2
49	39	2
49	40	2
49	42	4
49	43	6
49	45	1
49	46	1
49	47	14
49	48	9
50	0	1
50	9	2
50	12	2
50	13	1
50	22	1
50	23	2
50	28	1
50	35	3
50	37	2
50	38	1
50	44	1
50	45	3
50	47	3
50	48	2
50	49	1
51	1	1
51	4	1
51	5	1
51	9	2
51	10	1
51	12	3
51	13	1
51	14	1
51	15	2
51	16	1
51	17	1
51	18	1
51	23	1
51	24	1
51	27	1
51	30	1
51	31	1
51	32	1
51	33	1
51	34	1
51	36	1
51	37	1
51	38	1
51	39	1
51	41	1
51	42	2
51	43	5
51	44	1
51	45	1
51	46	1
51	48	1
51	49	2
51	50	2
52	0	2
52	8	2
52	11	2
52	12	4
52	13	1
52	18	1
52	19	2
52	21	1
52	27	1
52	30	1
52	33	3
52	34	5
52	35	1
52	37	2
52	38	1
52	40	2
52	41	2
52	42	1
52	43	2
52	44	2
52	45	1
52	46	1
52	47	3
52	48	2
52	49	2
52	50	2
52	51	10
53	2	2
53	3	2
53	4	1
53	5	1
53	8	1
53	9	3
53	10	2
53	12	4
53	13	2
53	15	1
53	16	1
53	17	1
53	19	3
53	20	1
53	26	1
53	27	2
53	28	1
53	30	1
53	33	2
53	35	2
53	36	1
53	38	4
53	39	4
53	43	2
53	44	1
53	45	1
53	46	2
53	47	6
53	48	3
53	49	4
53	50	3
53	51	4
53	52	7
54	0	2
54	1	2
54	2	1
54	3	1
54	5	1
54	7	1
54	8	1
54	10	2
54	12	1
54	16	3
54	17	2
54	18	1
54	19	1
54	20	1
54	29	3
54	30	1
54	31	3
54	38	1
54	39	2
54	40	2
54	41	5
54	42	1
54	43	1
54	44	1
54	45	2
54	46	3
54	47	4
54	48	3
54	49	3
54	50	5
54	51	2
54	52	2
54	53	3
55	1	1
55	2	1
55	3	1
55	4	2
55	9	1
55	10	3
55	12	2
55	14	3
55	15	2
55	16	3
55	17	2
55	19	3
55	21	1
55	22	1
55	24	3
55	27	1
55	28	1
55	31	3
55	33	1
55	34	3
55	35	1
55	36	1
55	37	1
55	38	5
55	39	2
55	40	1
55	41	3
55	42	3
55	43	3
55	44	1
55	45	2
55	46	6
55	47	3
55	49	4
55	50	4
55	51	1
55	53	1
55	54	7
56	3	1
56	5	1
56	9	1
56	10	1
56	11	1
56	15	2
56	17	2
56	18	2
56	19	1
56	20	1
56	21	1
56	29	1
56	30	2
56	32	1
56	33	1
56	35	1
56	37	1
56	39	3
56	41	1
56	42	1
56	43	2
56	44	1
56	45	2
56	46	3
56	47	4
56	48	3
56	49	3
56	50	1
56	51	2
56	52	1
56	53	1
56	54	4
56	55	2
57	10	1
57	13	2
57	14	1
57	17	1
57	19	1
57	24	1
57	27	1
57	29	1
57	30	4
57	31	3
57	33	1
57	34	1
57	35	5
57	36	1
57	39	4
57	40	4
57	41	1
57	42	2
57	43	3
57	44	2
57	45	2
57	46	2
57	47	3
57	48	2
57	49	2
57	51	1
57	52	3
57	53	2
57	55	1
57	56	7
58	0	1
58	4	1
58	8	1
58	12	2
58	13	2
58	14	1
58	15	1
58	17	2
58	19	1
58	20	2
58	24	1
58	27	2
58	28	3
58	30	1
58	31	2
58	32	1
58	33	3
58	35	2
58	36	1
58	37	1
58	39	2
58	40	1
58	41	1
58	42	1
58	43	1
58	44	2
58	46	3
58	47	1
58	49	3
58	51	1
58	52	1
58	54	3
58	55	1
58	56	5
58	57	2
59	1	2
59	2	1
59	5	1
59	8	1
59	9	1
59	10	1
59	14	1
59	15	2
59	16	1
59	18	1
59	19	1
59	21	2
59	22	1
59	26	1
59	27	4
59	29	2
59	30	2
59	31	3
59	33	4
59	35	2
59	36	1
59	37	1
59	38	2
59	40	2
59	41	2
59	42	3
59	43	3
59	44	1
59	45	2
59	46	2
59	47	2
59	48	3
59	49	3
59	53	1
59	54	4
59	55	1
59	56	5
59	57	2
59	58	3
60	1	1
60	3	1
60	4	3
60	5	1
60	6	1
60	8	2
60	9	1
60	10	1
60	13	2
60	15	2
60	16	1
60	18	1
60	19	1
60	21	2
60	27	1
60	28	2
60	29	1
60	30	3
60	32	3
60	35	3
60	36	3
60	37	4
60	38	5
60	39	2
60	40	2
60	41	1
60	42	3
60	43	1
60	44	2
60	45	4
60	46	1
60	47	1
60	48	1
60	49	1
60	50	4
60	51	7
60	52	8
60	53	4
60	54	7
60	57	5
60	59	1
