1	0	4
2	0	3
2	1	5
3	0	3
3	1	5
3	2	3
4	0	2
4	1	4
4	2	3
4	3	9
5	1	3
5	2	3
5	3	2
5	4	3
6	0	1
6	1	1
6	2	2
6	4	2
6	5	3
7	2	1
7	3	1
7	4	2
7	6	4
8	1	1
8	3	4
8	4	7
8	5	1
8	6	3
8	7	5
9	0	2
9	1	2
9	2	1
9	3	2
9	4	2
9	6	2
9	7	3
9	8	3
10	2	3
10	3	1
10	4	3
10	5	1
10	6	1
10	7	3
10	8	3
10	9	3
11	1	2
11	2	1
11	3	1
11	4	1
11	5	1
11	7	1
11	8	1
11	9	2
11	10	6
12	2	1
12	4	4
12	5	2
12	6	1
12	8	2
12	9	1
12	10	14
12	11	9
13	0	2
13	2	1
13	5	2
13	6	1
13	9	2
13	10	1
13	11	2
13	12	2
14	4	2
14	8	2
14	9	2
14	10	1
14	11	1
14	12	1
14	13	4
15	2	1
15	3	2
15	4	3
15	5	2
15	6	2
15	8	1
15	9	1
15	10	2
15	11	3
15	12	2
15	13	3
15	14	3
16	1	1
16	2	1
16	3	2
16	4	2
16	5	3
16	6	1
16	7	2
16	8	2
16	9	4
16	10	3
16	12	2
16	13	2
16	14	2
16	15	1
17	3	1
17	6	1
17	7	2
17	8	1
17	9	2
17	10	4
17	11	1
17	12	3
17	13	3
17	14	3
17	15	2
17	16	8
18	0	1
18	1	1
18	2	1
18	5	3
18	6	1
18	8	4
18	9	1
18	10	2
18	12	1
18	13	5
18	14	2
18	15	1
18	16	1
18	17	5
19	0	1
19	1	1
19	4	2
19	6	6
19	7	1
19	8	5
19	9	2
19	10	4
19	12	4
19	13	3
19	14	1
19	15	2
19	16	2
19	17	3
19	18	3
20	1	1
20	3	1
20	4	1
20	5	2
20	6	1
20	8	3
20	9	3
20	10	3
20	11	3
20	12	2
20	13	1
20	15	3
20	16	4
20	17	2
20	18	5
20	19	2
21	4	1
21	5	2
21	6	2
21	7	2
21	8	2
21	9	1
21	11	1
21	12	1
21	13	2
21	14	1
21	15	1
21	17	5
21	18	6
21	19	3
21	20	6
22	1	2
22	3	4
22	5	2
22	6	1
22	7	2
22	8	1
22	10	4
22	11	1
22	12	3
22	13	2
22	16	3
22	17	1
22	19	3
22	20	4
22	21	6
23	5	1
23	6	1
23	10	1
23	11	2
23	13	1
23	14	3
23	15	1
23	17	3
23	22	6
24	1	1
24	3	2
24	6	2
24	7	2
24	12	1
24	13	4
24	14	2
24	16	2
24	17	3
24	18	2
24	19	3
24	20	2
24	21	1
24	22	4
24	23	5
25	0	1
25	3	2
25	8	2
25	12	1
25	16	1
26	6	1
26	15	1
26	16	2
26	17	1
26	18	2
26	19	4
26	20	1
27	4	1
27	5	1
27	6	1
27	7	1
27	10	2
27	12	1
27	13	1
27	15	1
27	16	1
27	17	4
27	18	1
27	19	3
27	21	2
27	23	1
27	24	1
27	25	2
27	26	3
28	1	1
28	2	3
28	5	2
28	7	2
28	8	1
28	10	2
28	12	2
28	13	4
28	14	1
28	16	3
28	17	2
28	18	3
28	19	4
28	20	3
28	22	2
28	26	3
28	27	2
29	1	3
29	2	2
29	3	2
29	4	2
29	5	4
29	7	1
29	8	4
29	9	3
29	11	1
29	12	1
29	13	2
29	16	1
29	17	1
29	18	3
29	20	1
29	21	2
29	22	1
29	27	1
29	28	1
30	1	1
30	4	3
30	5	1
30	8	3
30	9	1
30	10	2
30	11	1
30	12	1
30	15	1
30	17	1
30	21	2
30	26	1
30	27	1
30	28	1
30	29	3
31	1	1
31	2	2
31	4	1
31	9	2
31	10	1
31	11	1
31	13	3
31	15	3
31	16	1
31	17	2
31	18	2
31	19	1
31	23	3
31	24	1
31	26	2
31	29	2
31	30	6
32	0	1
32	1	5
32	4	1
32	8	1
32	9	1
32	10	1
32	12	1
32	13	1
32	14	2
32	15	1
32	16	1
32	18	1
32	19	2
32	20	2
32	22	2
32	23	1
32	26	1
32	27	3
32	28	2
32	31	3
33	2	2
33	5	1
33	6	1
33	8	1
33	10	2
33	11	1
33	14	1
33	15	1
33	17	1
33	18	1
33	19	1
33	20	3
33	21	3
33	23	1
33	24	3
33	26	1
33	27	1
33	28	4
33	30	3
33	31	2
33	32	3
34	3	1
34	4	1
34	5	1
34	6	1
34	10	3
34	12	4
34	13	1
34	14	5
34	16	1
34	17	3
34	18	2
34	19	3
34	20	1
34	21	2
34	22	1
34	24	2
34	25	1
34	28	1
34	30	2
34	31	1
34	32	2
34	33	5
35	2	2
35	3	1
35	4	1
35	9	1
35	10	1
35	11	1
35	12	3
35	13	3
35	14	2
35	15	1
35	16	2
35	18	5
35	19	2
35	20	3
35	22	3
35	23	4
35	24	1
35	26	1
35	27	1
35	28	2
35	29	2
35	31	3
35	32	2
35	33	2
35	34	5
36	1	1
36	3	1
36	5	1
36	6	1
36	8	4
36	9	3
36	10	2
36	11	1
36	12	1
36	13	1
36	14	1
36	15	1
36	17	2
36	18	1
36	19	1
36	21	2
36	27	1
36	29	4
36	30	4
36	31	2
36	33	1
36	34	1
36	35	2
37	1	1
37	2	2
37	3	2
37	4	3
37	5	1
37	7	3
37	8	2
37	9	1
37	10	2
37	11	1
37	12	1
37	13	4
37	14	1
37	16	2
37	17	5
37	18	4
37	21	2
37	22	2
37	23	2
37	27	4
37	28	5
37	29	1
37	30	2
37	32	1
37	33	2
37	34	1
37	35	5
37	36	1
38	2	1
38	4	4
38	5	1
38	7	1
38	9	2
38	10	2
38	11	1
38	12	1
38	13	6
38	16	1
38	17	5
38	18	2
38	19	1
38	22	2
38	23	1
38	27	2
38	28	9
38	29	4
38	30	1
38	31	3
38	32	4
38	33	1
38	34	1
38	35	2
38	36	1
38	37	4
39	1	3
39	3	1
39	4	2
39	5	1
39	6	2
39	8	2
39	9	2
39	10	4
39	11	2
39	12	1
39	13	2
39	14	3
39	15	1
39	16	3
39	17	1
39	18	1
39	20	3
39	21	1
39	27	1
39	28	7
39	29	3
39	30	2
39	31	1
39	32	1
39	33	1
39	34	1
39	35	3
39	36	3
39	37	7
39	38	6
40	1	2
40	2	1
40	4	4
40	5	2
40	6	1
40	8	1
40	9	1
40	11	2
40	12	1
40	13	2
40	14	3
40	15	2
40	16	3
40	17	3
40	18	1
40	19	2
40	21	2
40	22	1
40	23	1
40	26	1
40	27	1
40	28	3
40	29	2
40	30	2
40	31	3
40	32	1
40	33	1
40	34	2
40	35	3
40	36	1
40	37	3
40	38	9
40	39	3
41	3	1
41	7	3
41	8	1
41	9	1
41	10	2
41	11	1
41	12	3
41	13	1
41	14	1
41	15	1
41	16	1
41	18	2
41	20	2
41	22	1
41	24	1
41	26	3
41	27	1
41	28	1
41	29	3
41	30	2
41	31	3
41	33	2
41	34	3
41	35	2
41	36	1
41	37	1
41	38	8
41	39	4
41	40	6
42	3	1
42	4	1
42	5	1
42	8	2
42	9	1
42	10	1
42	11	3
42	12	1
42	15	2
42	16	1
42	21	3
42	23	1
42	24	1
42	27	1
42	28	2
42	30	3
42	31	3
42	32	1
42	33	3
42	34	2
42	35	1
42	36	1
42	37	1
42	38	1
42	39	2
42	40	5
42	41	3
43	1	4
43	3	1
43	6	3
43	7	1
43	8	4
43	9	1
43	10	1
43	11	1
43	14	1
43	16	1
43	20	1
43	21	1
43	22	1
43	27	2
43	28	1
43	29	1
43	30	4
43	31	4
43	33	1
43	34	1
43	35	2
43	36	1
43	37	3
43	38	5
43	39	1
43	40	3
43	42	5
44	1	1
44	3	1
44	5	1
44	8	1
44	10	2
44	11	2
44	12	3
44	13	1
44	14	1
44	17	1
44	20	3
44	26	1
44	27	2
44	29	2
44	30	1
44	31	1
44	32	1
44	33	2
44	34	1
44	36	2
44	38	2
44	39	2
44	40	4
44	41	2
44	42	1
44	43	7
45	1	3
45	2	2
45	4	1
45	7	1
45	11	1
45	12	1
45	14	1
45	19	1
45	30	2
45	31	1
45	35	1
45	36	3
45	37	2
45	38	3
45	42	1
45	43	6
45	44	2
46	2	1
46	3	3
46	4	1
46	8	1
46	9	1
46	12	6
46	14	2
46	18	1
46	22	1
46	27	2
46	28	2
46	30	1
46	31	1
46	32	3
46	37	2
46	38	3
46	39	1
46	40	1
46	41	1
46	42	3
46	43	3
46	44	2
46	45	6
47	1	1
47	3	1
47	6	2
47	8	1
47	9	1
47	10	1
47	13	1
47	15	2
47	16	1
47	17	1
47	19	1
47	20	1
47	27	1
47	33	2
47	36	1
47	37	1
47	38	3
47	39	1
47	40	1
47	41	2
47	42	4
47	43	3
47	44	2
47	46	1
48	1	1
48	2	2
48	3	1
48	8	2
48	13	2
48	14	1
48	22	1
48	28	1
48	35	1
48	36	1
48	37	1
48	38	1
48	40	2
48	42	1
48	43	2
48	44	3
48	45	1
48	46	5
48	47	4
49	1	1
49	2	1
49	3	1
49	4	1
49	6	1
49	7	2
49	8	2
49	9	1
49	10	1
49	11	1
49	12	2
49	16	4
49	18	2
49	19	2
49	20	1
49	21	1
49	23	1
49	30	2
49	31	1
49	32	2
49	35	2
49	38	2
49	39	1
49	40	2
49	41	3
49	42	2
49	44	3
49	45	2
49	46	3
49	47	8
49	48	4
50	1	1
50	4	2
50	8	1
50	10	2
50	13	1
50	14	1
50	27	1
50	28	1
50	30	1
50	32	1
50	38	1
50	41	1
50	42	2
50	45	1
50	46	2
50	47	2
50	48	3
50	49	4
51	8	1
51	12	1
51	13	1
51	14	3
51	15	1
51	18	2
51	20	1
51	23	1
51	24	1
51	26	1
51	30	1
51	34	1
51	35	2
51	37	1
51	38	3
51	39	2
51	40	2
51	41	1
51	42	1
51	43	1
51	44	2
51	45	1
51	46	3
51	48	1
51	49	3
51	50	3
52	9	3
52	11	2
52	12	2
52	14	1
52	15	1
52	19	2
52	20	1
52	24	2
52	27	1
52	28	1
52	29	1
52	30	2
52	34	1
52	35	1
52	37	1
52	38	4
52	39	3
52	42	2
52	44	1
52	46	1
52	47	1
52	48	2
52	49	3
52	50	4
52	51	7
53	1	1
53	3	2
53	4	1
53	5	1
53	6	1
53	7	2
53	8	2
53	9	2
53	11	2
53	14	2
53	15	2
53	16	1
53	18	1
53	22	2
53	28	1
53	32	1
53	34	1
53	35	1
53	36	1
53	37	3
53	38	8
53	39	4
53	40	1
53	41	2
53	42	3
53	43	4
53	44	1
53	46	1
53	47	4
53	48	2
53	49	4
53	50	2
53	51	6
53	52	9
54	0	1
54	1	2
54	2	1
54	6	2
54	8	1
54	9	1
54	10	1
54	13	1
54	15	2
54	18	2
54	19	1
54	20	1
54	26	1
54	28	2
54	29	1
54	30	3
54	31	3
54	34	1
54	35	2
54	36	1
54	38	3
54	40	1
54	41	2
54	42	2
54	43	4
54	44	1
54	45	3
54	46	3
54	47	4
54	48	1
54	49	2
54	50	2
54	51	1
54	53	2
55	1	1
55	2	3
55	13	1
55	14	1
55	15	2
55	16	3
55	17	1
55	19	2
55	22	1
55	24	2
55	25	1
55	27	1
55	31	1
55	32	3
55	33	2
55	34	2
55	35	2
55	36	1
55	38	2
55	39	1
55	40	5
55	41	4
55	43	2
55	44	1
55	45	3
55	46	1
55	47	5
55	48	4
55	49	8
55	51	3
55	52	3
55	53	2
55	54	10
56	3	1
56	4	1
56	10	1
56	12	2
56	15	1
56	17	1
56	19	1
56	20	1
56	21	1
56	22	1
56	26	1
56	27	1
56	30	2
56	31	1
56	32	1
56	33	1
56	34	1
56	35	1
56	38	2
56	39	1
56	40	3
56	41	2
56	42	2
56	43	2
56	44	1
56	45	6
56	46	3
56	47	2
56	48	1
56	49	5
56	50	3
56	51	2
56	52	2
56	53	3
56	54	1
57	2	2
57	4	2
57	9	1
57	12	2
57	15	1
57	16	1
57	17	2
57	18	1
57	19	2
57	24	2
57	25	1
57	27	2
57	28	1
57	29	1
57	34	1
57	35	1
57	38	5
57	39	1
57	40	3
57	41	1
57	42	1
57	43	1
57	45	4
57	46	2
57	47	1
57	48	2
57	49	5
57	51	3
57	52	2
57	54	2
57	55	3
57	56	6
58	0	1
58	12	1
58	13	2
58	15	1
58	17	1
58	18	1
58	19	3
58	20	1
58	23	1
58	27	2
58	29	2
58	30	2
58	32	2
58	35	1
58	37	2
58	38	2
58	39	3
58	40	1
58	41	1
58	43	3
58	44	2
58	45	2
58	47	2
58	48	1
58	49	2
58	50	1
58	53	2
58	54	2
58	56	1
58	57	4
59	1	1
59	2	2
59	3	2
59	5	1
59	10	1
59	11	1
59	12	1
59	13	3
59	15	1
59	16	1
59	17	1
59	19	1
59	20	4
59	24	1
59	26	1
59	27	2
59	28	3
59	29	4
59	30	2
59	31	3
59	33	3
59	34	2
59	35	1
59	36	1
59	38	1
59	39	1
59	40	1
59	41	2
59	42	6
59	43	3
59	44	4
59	45	2
59	48	1
59	49	2
59	50	1
59	52	3
59	53	1
59	54	3
59	55	3
59	56	3
59	57	1
59	58	2
60	0	1
60	1	1
60	2	1
60	3	1
60	6	1
60	7	2
60	10	2
60	11	1
60	12	1
60	14	1
60	15	3
60	16	2
60	17	1
60	18	1
60	19	3
60	20	2
60	21	1
60	22	1
60	24	1
60	27	3
60	28	5
60	29	2
60	30	1
60	31	3
60	32	1
60	34	2
60	35	2
60	36	2
60	37	3
60	38	1
60	39	2
60	40	2
60	41	3
60	42	3
60	43	1
60	44	1
60	46	1
60	47	1
60	49	3
60	50	3
60	51	8
60	52	10
60	53	8
60	54	1
60	56	2
60	57	3
60	58	5
60	59	2
