1	0	3
2	0	1
2	1	5
3	0	3
3	2	6
4	1	2
4	3	1
5	0	2
5	1	3
5	3	3
5	4	1
6	1	1
6	3	1
6	5	5
7	2	1
7	3	3
7	4	2
7	5	1
7	6	5
8	1	1
8	3	4
8	4	13
8	5	6
8	6	3
8	7	1
9	1	3
9	2	3
9	4	8
9	5	1
9	6	2
9	7	1
9	8	9
10	0	3
10	1	5
10	2	1
10	3	1
10	4	6
10	5	2
10	6	3
10	7	2
10	8	3
10	9	3
11	4	3
11	6	1
11	7	1
11	9	1
11	10	6
12	3	2
12	4	1
12	6	1
12	7	4
12	9	5
12	10	8
12	11	7
13	0	2
13	2	1
13	3	1
13	4	3
13	5	3
13	7	2
13	8	2
13	9	2
13	10	4
13	11	2
13	12	3
14	4	2
14	5	2
14	7	2
14	8	1
14	9	2
14	11	1
14	12	2
14	13	5
15	3	2
15	6	2
15	7	1
15	8	1
15	9	1
15	10	1
15	11	2
15	12	2
15	14	5
16	3	1
16	5	1
16	8	2
16	9	2
16	11	1
16	12	1
16	13	5
16	14	3
16	15	1
17	3	1
17	4	1
17	5	3
17	6	1
17	7	1
17	8	3
17	9	4
17	10	2
17	11	2
17	12	2
17	14	2
17	15	2
17	16	3
18	0	1
18	1	3
18	3	1
18	4	2
18	5	1
18	7	1
18	8	1
18	9	4
18	10	4
18	11	2
18	12	1
18	13	3
18	16	1
18	17	6
19	1	1
19	4	3
19	5	2
19	6	1
19	7	1
19	8	5
19	9	4
19	10	3
19	12	1
19	13	5
19	14	1
19	15	3
19	16	2
19	17	3
19	18	3
20	3	2
20	4	2
20	5	1
20	6	2
20	7	3
20	8	4
20	10	1
20	13	2
20	15	4
20	16	3
20	17	2
20	18	3
20	19	4
21	1	1
21	4	3
21	5	1
21	6	1
21	7	2
21	8	2
21	9	3
21	10	2
21	13	1
21	15	1
21	16	2
21	17	2
21	18	3
21	19	6
21	20	3
22	1	1
22	3	2
22	4	1
22	5	4
22	6	2
22	8	1
22	10	1
22	11	2
22	12	3
22	13	2
22	14	1
22	15	2
22	16	1
22	17	1
22	18	3
22	19	1
22	20	4
22	21	6
23	1	1
23	4	1
23	5	2
23	7	1
23	8	2
23	11	1
23	13	1
23	14	1
23	15	2
23	16	1
23	18	3
23	19	2
23	20	2
23	21	1
23	22	3
24	1	1
24	2	1
24	3	2
24	4	1
24	5	3
24	6	2
24	9	2
24	10	4
24	13	1
24	15	3
24	17	1
24	18	4
24	19	1
24	20	2
24	22	4
24	23	6
25	3	1
25	4	1
25	8	1
26	1	1
26	8	2
26	13	1
26	14	1
26	16	2
26	18	1
26	20	1
26	22	1
26	24	1
27	5	2
27	8	1
27	9	3
27	10	2
27	13	1
27	14	2
27	15	1
27	16	1
27	19	1
27	20	1
27	22	1
27	23	1
28	2	2
28	6	1
28	8	2
28	10	3
28	12	1
28	13	7
28	14	1
28	15	1
28	16	2
28	18	2
28	19	1
28	20	1
28	21	4
28	22	1
28	27	8
29	1	2
29	2	2
29	3	2
29	5	1
29	6	1
29	7	1
29	8	1
29	9	1
29	14	1
29	15	1
29	16	3
29	17	2
29	18	2
29	23	2
29	27	1
29	28	1
30	0	1
30	2	1
30	3	1
30	4	2
30	6	1
30	7	1
30	8	2
30	10	2
30	11	1
30	12	2
30	13	2
30	14	2
30	15	1
30	17	1
30	19	1
30	22	1
30	24	1
30	28	3
30	29	3
31	1	1
31	3	1
31	5	1
31	8	2
31	15	2
31	16	2
31	17	4
31	18	1
31	19	1
31	20	1
31	21	1
31	22	1
31	23	1
31	24	2
31	26	1
31	27	1
31	28	5
31	29	3
31	30	5
32	1	1
32	2	1
32	4	1
32	8	1
32	10	2
32	11	3
32	13	1
32	15	2
32	16	2
32	17	2
32	18	1
32	19	3
32	20	2
32	21	1
32	22	3
32	23	2
32	27	4
32	28	2
32	29	1
32	30	3
32	31	1
33	2	1
33	6	1
33	7	1
33	8	2
33	9	1
33	10	2
33	12	1
33	15	1
33	16	2
33	19	3
33	21	3
33	22	2
33	23	3
33	24	2
33	26	2
33	27	4
33	28	5
33	29	2
33	31	2
33	32	2
34	4	1
34	5	2
34	7	3
34	9	1
34	10	2
34	11	2
34	12	2
34	13	1
34	16	4
34	18	3
34	20	1
34	21	3
34	22	2
34	23	4
34	24	1
34	27	2
34	28	2
34	29	1
34	30	1
34	31	1
34	33	1
35	1	2
35	2	2
35	3	2
35	4	6
35	5	1
35	6	1
35	8	1
35	9	3
35	10	1
35	11	2
35	13	2
35	14	1
35	15	2
35	16	2
35	17	1
35	18	8
35	19	3
35	20	4
35	21	5
35	22	2
35	23	1
35	26	2
35	27	2
35	28	4
35	29	3
35	30	5
35	31	4
35	32	4
35	33	4
35	34	4
36	0	1
36	3	1
36	4	4
36	5	1
36	6	2
36	7	2
36	8	1
36	9	1
36	10	3
36	11	3
36	12	1
36	13	5
36	14	1
36	15	2
36	16	1
36	18	4
36	20	1
36	24	1
36	28	4
36	29	2
36	30	2
36	31	1
36	33	2
36	34	1
36	35	1
37	3	1
37	4	2
37	5	1
37	6	2
37	8	2
37	9	2
37	10	3
37	12	1
37	13	3
37	15	2
37	16	1
37	17	2
37	18	1
37	19	1
37	20	3
37	23	1
37	24	1
37	25	1
37	27	3
37	28	2
37	30	1
37	31	1
37	32	1
37	33	2
37	34	3
37	35	7
37	36	1
38	0	2
38	2	1
38	4	2
38	5	1
38	7	2
38	8	1
38	11	1
38	12	5
38	13	8
38	14	3
38	15	3
38	16	1
38	17	1
38	18	3
38	19	2
38	20	2
38	21	1
38	23	1
38	24	2
38	27	2
38	28	3
38	30	3
38	31	5
38	32	3
38	33	2
38	34	1
38	35	6
38	36	1
38	37	11
39	3	1
39	4	1
39	5	3
39	7	1
39	8	1
39	9	1
39	10	1
39	11	3
39	12	3
39	13	4
39	14	3
39	15	1
39	16	1
39	17	3
39	18	2
39	19	2
39	20	1
39	22	1
39	23	3
39	26	1
39	27	2
39	28	4
39	29	2
39	32	1
39	33	1
39	34	2
39	35	6
39	36	4
39	37	7
39	38	7
40	1	1
40	2	1
40	3	1
40	4	2
40	8	1
40	9	3
40	11	1
40	12	1
40	13	1
40	14	1
40	15	2
40	21	2
40	23	2
40	24	3
40	26	2
40	27	2
40	28	4
40	29	4
40	30	4
40	31	2
40	32	2
40	33	2
40	34	3
40	35	3
40	36	3
40	37	1
40	38	7
40	39	5
41	1	1
41	2	1
41	3	1
41	4	4
41	5	2
41	7	2
41	8	1
41	9	1
41	10	1
41	12	2
41	13	2
41	14	2
41	15	1
41	16	1
41	17	1
41	18	3
41	19	1
41	20	2
41	21	1
41	22	1
41	24	1
41	27	2
41	28	2
41	29	5
41	30	4
41	31	2
41	32	1
41	35	2
41	36	3
41	37	1
41	38	4
41	39	2
41	40	6
42	3	1
42	4	1
42	5	2
42	8	1
42	9	1
42	10	2
42	12	2
42	13	2
42	14	1
42	15	1
42	16	3
42	18	2
42	21	2
42	24	2
42	27	2
42	28	4
42	29	1
42	30	1
42	31	2
42	32	1
42	33	5
42	37	5
42	38	4
42	39	2
42	40	2
42	41	4
43	3	1
43	4	4
43	7	1
43	8	4
43	9	3
43	10	1
43	11	3
43	12	1
43	14	1
43	15	1
43	18	1
43	19	1
43	20	3
43	24	1
43	26	1
43	27	1
43	28	4
43	30	2
43	31	2
43	34	2
43	35	2
43	37	3
43	38	5
43	39	2
43	40	3
43	41	1
43	42	5
44	0	3
44	1	2
44	2	1
44	4	2
44	5	2
44	7	2
44	9	1
44	13	4
44	14	1
44	16	1
44	18	1
44	20	1
44	21	3
44	28	1
44	29	2
44	30	1
44	31	2
44	32	2
44	34	2
44	35	1
44	36	1
44	37	3
44	39	1
44	41	3
44	42	3
44	43	7
45	0	1
45	1	4
45	2	1
45	6	1
45	8	1
45	11	2
45	14	1
45	17	1
45	19	1
45	24	1
45	27	2
45	28	1
45	29	1
45	30	1
45	31	1
45	34	1
45	37	1
45	38	1
45	39	2
45	40	2
45	41	2
45	43	7
45	44	7
46	0	1
46	2	1
46	3	1
46	4	1
46	7	1
46	8	1
46	12	1
46	13	2
46	15	4
46	19	5
46	21	1
46	27	1
46	30	1
46	31	1
46	32	1
46	35	1
46	37	1
46	38	1
46	39	1
46	40	2
46	41	3
46	42	1
46	43	5
46	44	5
46	45	5
47	1	1
47	3	2
47	8	1
47	11	1
47	12	1
47	14	2
47	15	2
47	16	1
47	18	2
47	28	4
47	31	1
47	33	3
47	35	1
47	36	2
47	37	2
47	38	4
47	40	1
47	41	1
47	42	1
47	43	1
47	44	2
47	45	4
47	46	3
48	8	1
48	10	3
48	12	2
48	13	1
48	14	2
48	23	1
48	30	3
48	41	1
48	42	2
48	43	1
48	44	3
48	45	2
48	46	3
48	47	6
49	0	2
49	3	1
49	4	4
49	5	1
49	6	2
49	7	2
49	8	3
49	9	1
49	11	2
49	13	1
49	16	1
49	17	2
49	20	1
49	27	1
49	28	3
49	29	1
49	30	1
49	32	2
49	33	1
49	34	1
49	36	1
49	38	2
49	39	2
49	40	1
49	42	3
49	43	2
49	44	1
49	45	1
49	46	1
49	47	4
49	48	4
50	4	1
50	9	1
50	13	2
50	28	1
50	38	2
50	39	2
50	41	2
50	43	2
50	44	1
50	46	1
50	47	1
50	48	2
50	49	2
51	4	2
51	8	2
51	9	1
51	11	2
51	13	1
51	14	3
51	15	2
51	18	2
51	24	1
51	31	2
51	32	1
51	35	2
51	37	2
51	38	6
51	39	3
51	40	1
51	41	3
51	42	1
51	44	1
51	45	1
51	46	2
51	47	3
51	48	1
51	50	1
52	8	1
52	10	1
52	11	1
52	12	4
52	13	2
52	14	1
52	15	1
52	20	1
52	21	1
52	26	2
52	27	2
52	28	2
52	29	1
52	30	3
52	32	1
52	35	1
52	37	1
52	38	2
52	39	1
52	40	5
52	41	4
52	42	3
52	43	1
52	44	2
52	45	2
52	46	1
52	47	2
52	48	1
52	49	8
52	50	2
52	51	6
53	2	2
53	4	1
53	5	2
53	6	1
53	7	1
53	8	1
53	9	1
53	10	2
53	11	1
53	12	1
53	13	1
53	14	2
53	15	1
53	16	1
53	20	1
53	24	1
53	27	1
53	28	3
53	29	1
53	30	1
53	31	1
53	33	1
53	34	2
53	35	2
53	37	2
53	38	1
53	39	1
53	40	2
53	41	3
53	42	2
53	44	2
53	45	2
53	47	1
53	48	1
53	49	4
53	50	6
53	51	2
53	52	7
54	1	1
54	4	1
54	5	1
54	7	1
54	8	3
54	12	1
54	13	2
54	16	1
54	17	2
54	18	2
54	20	2
54	23	2
54	27	1
54	28	1
54	31	1
54	35	2
54	36	3
54	37	2
54	38	2
54	39	2
54	40	3
54	41	1
54	42	1
54	43	1
54	45	2
54	46	2
54	47	7
54	48	2
54	49	1
54	50	2
54	53	3
55	1	2
55	5	2
55	8	1
55	9	1
55	10	3
55	11	3
55	12	1
55	13	2
55	14	1
55	15	2
55	16	1
55	19	1
55	20	3
55	21	2
55	22	1
55	24	2
55	25	1
55	27	2
55	28	3
55	29	2
55	31	2
55	32	2
55	33	1
55	36	1
55	38	7
55	39	4
55	40	1
55	41	2
55	42	1
55	43	2
55	44	1
55	45	3
55	47	5
55	48	1
55	49	2
55	50	1
55	52	2
55	53	4
55	54	5
56	3	1
56	4	1
56	5	1
56	6	3
56	8	3
56	11	1
56	12	1
56	13	1
56	15	2
56	17	1
56	19	2
56	20	1
56	23	1
56	26	2
56	27	1
56	29	1
56	30	2
56	31	1
56	33	1
56	36	1
56	38	1
56	39	2
56	40	2
56	43	3
56	44	2
56	45	3
56	47	4
56	48	2
56	49	4
56	52	2
56	53	4
56	54	2
56	55	2
57	2	1
57	3	1
57	6	1
57	9	1
57	13	2
57	14	1
57	19	1
57	25	1
57	28	1
57	30	1
57	31	2
57	32	1
57	36	1
57	37	2
57	39	2
57	41	1
57	43	2
57	44	1
57	45	1
57	46	2
57	47	3
57	48	4
57	49	10
57	50	1
57	51	2
57	53	3
57	55	4
57	56	4
58	8	2
58	9	1
58	10	2
58	13	1
58	14	1
58	15	1
58	17	1
58	19	2
58	20	2
58	26	2
58	27	1
58	28	4
58	30	2
58	31	1
58	32	1
58	33	1
58	35	1
58	36	1
58	37	1
58	38	5
58	39	2
58	40	2
58	41	2
58	42	3
58	44	4
58	47	2
58	48	2
58	49	4
58	50	1
58	51	1
58	53	2
58	55	1
58	56	1
58	57	2
59	3	2
59	4	2
59	5	1
59	8	1
59	9	1
59	10	2
59	11	2
59	12	3
59	15	2
59	17	1
59	18	1
59	21	1
59	22	1
59	24	1
59	26	1
59	27	3
59	28	2
59	29	1
59	30	2
59	31	2
59	32	3
59	33	5
59	34	3
59	35	1
59	36	1
59	37	1
59	39	2
59	41	3
59	42	3
59	43	2
59	45	3
59	46	2
59	47	1
59	48	2
59	51	4
59	52	4
59	53	1
59	54	2
59	55	2
59	56	2
59	57	3
59	58	3
60	1	1
60	2	1
60	8	1
60	9	1
60	10	2
60	12	2
60	13	2
60	14	3
60	16	1
60	18	2
60	19	1
60	21	2
60	24	2
60	26	2
60	27	1
60	28	3
60	29	2
60	30	1
60	32	2
60	33	1
60	35	3
60	37	2
60	38	3
60	39	7
60	40	3
60	41	1
60	42	2
60	43	3
60	44	3
60	46	2
60	47	2
60	48	3
60	49	3
60	50	1
60	51	10
60	52	10
60	53	6
60	54	2
60	55	6
60	56	5
60	57	4
60	58	2
60	59	2
