1	0	4
2	0	1
2	1	2
3	0	1
3	1	2
3	2	3
4	1	1
4	2	3
4	3	6
5	2	2
5	3	3
5	4	6
6	1	1
6	2	1
6	4	1
6	5	5
7	1	1
7	2	1
7	3	1
7	4	1
7	6	3
8	1	1
8	3	3
8	4	10
8	5	5
8	6	6
8	7	4
9	0	1
9	3	4
9	4	3
9	5	1
9	6	1
9	8	1
10	0	1
10	1	2
10	2	3
10	3	1
10	4	1
10	5	2
10	6	2
10	7	1
10	8	6
10	9	5
11	0	2
11	1	1
11	2	2
11	3	1
11	4	1
11	5	1
11	6	2
11	7	1
11	8	4
11	10	7
12	1	1
12	2	4
12	4	1
12	5	1
12	6	3
12	7	1
12	8	1
12	10	6
12	11	9
13	0	1
13	2	1
13	4	3
13	7	3
13	8	2
13	9	2
13	10	3
13	11	1
13	12	1
14	2	1
14	3	1
14	4	1
14	5	1
14	6	2
14	8	3
14	13	2
15	0	1
15	3	4
15	4	2
15	5	1
15	6	1
15	7	1
15	9	3
15	10	4
15	11	2
15	12	1
15	14	3
16	1	1
16	4	1
16	5	1
16	6	1
16	7	3
16	8	3
16	9	2
16	10	1
16	12	3
16	13	3
16	14	4
16	15	2
17	3	1
17	4	3
17	5	2
17	6	1
17	8	1
17	9	1
17	10	6
17	12	1
17	13	2
17	14	3
17	15	2
17	16	2
18	0	1
18	1	2
18	2	2
18	3	1
18	4	2
18	6	1
18	7	2
18	8	4
18	10	2
18	11	3
18	12	2
18	13	1
18	14	1
18	16	4
18	17	1
19	1	1
19	2	2
19	3	4
19	4	3
19	5	1
19	7	1
19	8	3
19	9	2
19	10	2
19	12	2
19	13	2
19	14	4
19	15	1
19	17	3
19	18	2
20	1	2
20	2	1
20	3	1
20	4	1
20	5	2
20	6	2
20	7	1
20	8	2
20	9	3
20	10	4
20	12	1
20	13	2
20	14	1
20	16	3
20	17	2
20	18	3
20	19	6
21	0	2
21	1	1
21	4	4
21	5	3
21	6	2
21	8	4
21	10	2
21	11	2
21	12	1
21	13	1
21	14	2
21	17	1
21	18	4
21	19	3
21	20	4
22	1	3
22	2	2
22	3	1
22	4	1
22	5	4
22	6	1
22	7	4
22	8	1
22	9	1
22	10	2
22	12	1
22	15	1
22	16	1
22	17	1
22	19	3
22	20	2
22	21	10
23	4	1
23	5	4
23	6	1
23	7	4
23	8	2
23	12	1
23	13	1
23	16	1
23	17	1
23	18	1
23	19	2
23	20	2
23	21	5
23	22	3
24	2	1
24	5	1
24	6	1
24	7	2
24	8	1
24	10	1
24	13	1
24	14	1
24	15	2
24	16	1
24	17	1
24	18	1
24	19	3
24	20	3
24	21	2
24	22	3
24	23	11
25	12	1
25	16	1
25	22	1
26	2	1
26	8	3
26	10	1
26	13	3
26	14	1
26	15	3
27	3	3
27	4	1
27	5	2
27	6	1
27	7	2
27	9	1
27	10	1
27	11	1
27	12	1
27	13	1
27	14	3
27	15	2
27	16	2
27	18	1
27	19	2
27	21	2
28	1	1
28	3	1
28	6	1
28	7	2
28	9	2
28	10	2
28	13	1
28	14	5
28	15	1
28	16	3
28	17	4
28	18	3
28	19	1
28	20	2
28	21	2
28	22	1
28	24	1
28	27	6
29	1	1
29	3	3
29	4	4
29	5	2
29	6	1
29	7	1
29	9	2
29	10	2
29	11	1
29	13	2
29	15	2
29	18	1
29	19	1
29	20	1
29	21	2
29	23	1
29	24	1
29	28	2
30	0	1
30	1	1
30	2	3
30	4	2
30	5	1
30	6	1
30	9	2
30	10	2
30	12	1
30	13	1
30	14	2
30	15	2
30	18	1
30	19	3
30	21	4
30	22	1
30	23	1
30	27	1
30	28	2
30	29	5
31	1	1
31	2	2
31	3	1
31	4	2
31	5	2
31	8	1
31	9	2
31	10	1
31	12	1
31	13	1
31	17	1
31	18	2
31	19	2
31	21	3
31	23	1
31	24	2
31	26	1
31	28	9
31	29	2
31	30	10
32	2	1
32	4	1
32	5	2
32	8	1
32	10	1
32	13	2
32	15	2
32	16	1
32	17	1
32	18	2
32	19	3
32	20	2
32	23	1
32	24	1
32	27	1
32	28	1
32	30	1
32	31	2
33	2	1
33	4	1
33	5	1
33	6	1
33	8	2
33	10	2
33	11	1
33	12	1
33	13	2
33	14	3
33	15	2
33	16	1
33	17	2
33	18	3
33	19	2
33	20	1
33	21	2
33	23	2
33	27	2
33	28	2
33	29	1
33	30	5
33	31	2
33	32	4
34	1	2
34	3	3
34	4	1
34	5	2
34	6	3
34	7	2
34	8	1
34	10	2
34	11	2
34	13	2
34	14	1
34	17	1
34	18	4
34	19	1
34	20	2
34	21	1
34	24	1
34	27	1
34	28	2
34	29	1
34	32	3
34	33	7
35	1	1
35	2	2
35	3	1
35	4	1
35	5	1
35	8	3
35	9	1
35	10	2
35	11	1
35	12	5
35	13	4
35	14	1
35	15	1
35	16	5
35	17	2
35	18	2
35	19	2
35	20	1
35	21	3
35	22	1
35	23	3
35	24	2
35	26	2
35	27	4
35	28	8
35	29	1
35	31	1
35	32	3
35	33	1
35	34	2
36	0	1
36	2	1
36	4	2
36	9	1
36	10	1
36	11	4
36	12	1
36	13	2
36	15	1
36	16	1
36	18	1
36	19	2
36	20	2
36	21	1
36	27	1
36	28	1
36	29	1
36	30	1
36	33	2
36	34	1
37	1	1
37	2	2
37	4	4
37	6	2
37	9	3
37	10	2
37	12	3
37	13	6
37	14	5
37	15	1
37	16	3
37	17	2
37	18	5
37	19	1
37	21	1
37	24	2
37	26	1
37	27	1
37	28	4
37	32	1
37	33	1
37	34	1
37	35	5
37	36	1
38	1	1
38	2	2
38	3	2
38	4	3
38	5	2
38	7	1
38	8	1
38	9	2
38	10	1
38	11	1
38	12	1
38	13	5
38	14	3
38	15	1
38	17	2
38	18	2
38	20	4
38	21	1
38	22	3
38	24	2
38	25	1
38	26	1
38	28	9
38	29	2
38	30	3
38	31	1
38	32	2
38	33	3
38	34	1
38	35	2
38	36	2
38	37	6
39	1	1
39	3	2
39	4	1
39	5	1
39	6	1
39	7	2
39	8	2
39	9	3
39	10	5
39	12	2
39	13	4
39	14	6
39	15	3
39	16	3
39	17	2
39	18	1
39	19	1
39	20	3
39	21	2
39	22	3
39	23	1
39	28	4
39	29	1
39	31	3
39	32	3
39	33	3
39	35	6
39	36	5
39	37	3
39	38	10
40	3	3
40	4	3
40	6	3
40	8	2
40	13	2
40	14	3
40	16	3
40	17	1
40	18	2
40	19	3
40	20	1
40	21	1
40	22	1
40	23	1
40	26	1
40	28	8
40	29	4
40	30	3
40	31	4
40	32	1
40	33	4
40	34	1
40	35	4
40	36	1
40	37	1
40	38	10
40	39	2
41	1	1
41	2	1
41	5	1
41	6	2
41	7	1
41	8	1
41	9	2
41	11	1
41	12	4
41	13	4
41	14	1
41	16	2
41	18	2
41	19	1
41	20	3
41	21	2
41	24	1
41	27	1
41	28	7
41	29	3
41	30	1
41	31	2
41	32	5
41	33	1
41	34	1
41	35	4
41	37	2
41	38	6
41	39	3
41	40	7
42	3	1
42	4	1
42	9	2
42	10	2
42	13	3
42	15	2
42	17	3
42	18	3
42	22	2
42	23	1
42	26	1
42	28	1
42	29	1
42	30	3
42	31	3
42	32	1
42	34	2
42	35	3
42	36	1
42	37	3
42	38	4
42	39	3
42	41	2
43	4	3
43	6	1
43	9	1
43	10	1
43	12	2
43	13	2
43	14	1
43	15	1
43	18	3
43	19	1
43	20	2
43	23	1
43	26	1
43	27	1
43	28	3
43	29	1
43	30	4
43	31	2
43	32	2
43	36	1
43	38	1
43	39	1
43	40	1
43	41	4
43	42	3
44	0	1
44	1	1
44	2	2
44	3	1
44	5	1
44	6	1
44	7	1
44	8	1
44	9	1
44	11	1
44	13	1
44	14	1
44	18	1
44	28	1
44	30	2
44	31	3
44	32	1
44	33	1
44	34	1
44	35	3
44	36	1
44	37	1
44	41	1
44	42	2
44	43	1
45	0	1
45	1	1
45	2	1
45	4	1
45	5	1
45	6	1
45	7	2
45	10	2
45	12	2
45	13	3
45	17	1
45	26	1
45	28	2
45	29	2
45	30	1
45	31	1
45	32	1
45	33	1
45	36	1
45	37	2
45	39	2
45	40	1
45	42	2
45	43	5
45	44	7
46	0	1
46	8	1
46	9	1
46	10	2
46	11	1
46	12	1
46	15	1
46	18	1
46	19	1
46	27	4
46	29	1
46	30	1
46	32	1
46	33	1
46	34	1
46	35	2
46	36	1
46	37	1
46	38	2
46	40	2
46	43	2
46	44	4
46	45	8
47	1	1
47	2	1
47	4	1
47	7	2
47	8	1
47	9	1
47	10	2
47	11	1
47	12	1
47	13	2
47	15	2
47	18	1
47	20	2
47	24	1
47	28	3
47	29	1
47	32	1
47	34	1
47	35	1
47	37	1
47	38	2
47	39	2
47	40	4
47	41	2
47	42	3
47	43	2
47	45	1
47	46	7
48	2	1
48	3	2
48	4	1
48	25	1
48	27	1
48	28	1
48	30	1
48	35	1
48	36	1
48	38	1
48	39	3
48	41	1
48	42	1
48	43	3
48	44	2
48	46	2
48	47	7
49	2	1
49	4	2
49	9	1
49	10	1
49	11	1
49	12	1
49	13	3
49	14	1
49	15	1
49	16	1
49	17	1
49	20	1
49	23	1
49	24	1
49	27	1
49	28	1
49	29	2
49	30	1
49	31	1
49	32	2
49	34	1
49	35	3
49	36	3
49	37	2
49	38	5
49	39	1
49	41	1
49	42	2
49	43	4
49	44	2
49	45	2
49	46	5
49	47	4
49	48	3
50	1	1
50	4	2
50	5	1
50	9	1
50	10	3
50	12	2
50	23	1
50	26	2
50	27	2
50	31	1
50	32	1
50	35	1
50	36	2
50	38	1
50	39	2
50	45	3
50	46	2
50	47	3
50	48	1
50	49	1
51	1	1
51	4	2
51	8	1
51	9	2
51	10	1
51	12	1
51	13	1
51	14	3
51	15	1
51	16	1
51	17	1
51	23	1
51	24	2
51	26	1
51	27	2
51	28	3
51	33	2
51	35	1
51	36	4
51	37	1
51	38	2
51	39	2
51	40	1
51	41	1
51	42	3
51	43	3
51	45	1
51	46	1
51	47	1
51	48	3
51	49	2
52	7	1
52	9	2
52	10	2
52	11	1
52	12	1
52	13	2
52	14	3
52	15	2
52	16	2
52	17	1
52	19	1
52	21	2
52	24	1
52	26	2
52	27	1
52	28	2
52	29	1
52	31	3
52	32	1
52	34	1
52	35	3
52	36	2
52	37	1
52	38	1
52	40	4
52	41	2
52	42	1
52	43	2
52	44	3
52	46	1
52	47	4
52	48	1
52	49	3
52	50	5
52	51	10
53	1	1
53	2	2
53	3	1
53	4	1
53	7	1
53	8	1
53	11	1
53	13	3
53	14	2
53	16	2
53	17	2
53	18	2
53	19	3
53	20	1
53	24	1
53	26	2
53	27	1
53	29	1
53	32	2
53	35	2
53	36	1
53	37	4
53	38	1
53	39	2
53	40	1
53	41	3
53	43	1
53	44	1
53	45	3
53	46	2
53	47	1
53	48	3
53	49	5
53	50	3
53	51	1
53	52	4
54	1	1
54	2	2
54	3	1
54	4	1
54	5	3
54	6	1
54	7	1
54	8	2
54	10	1
54	12	1
54	13	2
54	14	1
54	15	1
54	17	1
54	19	1
54	29	3
54	30	3
54	31	2
54	33	1
54	34	1
54	36	1
54	37	1
54	42	2
54	43	3
54	44	2
54	45	6
54	46	4
54	47	8
54	48	3
54	49	2
54	51	1
54	52	1
54	53	3
55	0	2
55	1	2
55	2	1
55	3	1
55	4	1
55	8	1
55	9	2
55	10	1
55	11	1
55	14	2
55	15	1
55	17	1
55	19	1
55	21	2
55	22	1
55	28	1
55	29	2
55	30	1
55	33	1
55	37	2
55	38	2
55	39	3
55	40	1
55	41	4
55	42	1
55	43	1
55	45	4
55	46	6
55	47	5
55	48	3
55	49	4
55	50	3
55	53	7
55	54	5
56	4	1
56	6	1
56	9	1
56	10	2
56	18	2
56	19	1
56	20	1
56	23	2
56	26	1
56	27	1
56	32	1
56	34	1
56	37	1
56	38	1
56	40	3
56	41	2
56	42	4
56	43	3
56	44	1
56	45	3
56	46	1
56	47	2
56	48	1
56	49	1
56	51	2
56	52	1
56	53	1
57	0	2
57	3	1
57	10	1
57	11	2
57	14	2
57	15	1
57	18	1
57	19	1
57	23	1
57	27	1
57	28	1
57	29	2
57	30	2
57	31	1
57	32	1
57	33	2
57	34	2
57	35	4
57	36	2
57	37	3
57	38	2
57	39	1
57	40	1
57	41	3
57	43	2
57	44	1
57	45	3
57	46	6
57	47	1
57	48	3
57	49	2
57	50	1
57	52	3
57	53	3
57	54	5
57	55	2
57	56	5
58	0	1
58	4	1
58	12	1
58	13	1
58	14	1
58	15	1
58	17	1
58	19	2
58	23	1
58	27	1
58	28	2
58	29	2
58	30	2
58	32	1
58	35	2
58	38	2
58	40	1
58	41	2
58	42	3
58	43	1
58	44	3
58	45	1
58	46	2
58	47	3
58	48	3
58	50	2
58	51	2
58	53	2
58	55	1
58	56	7
58	57	3
59	1	2
59	2	1
59	3	3
59	4	2
59	9	1
59	10	1
59	12	1
59	14	1
59	16	1
59	19	1
59	20	1
59	26	1
59	27	3
59	28	2
59	31	2
59	32	2
59	33	1
59	34	2
59	36	1
59	38	3
59	39	2
59	42	5
59	43	4
59	44	3
59	45	1
59	46	4
59	48	3
59	49	2
59	51	4
59	52	2
59	53	2
59	54	1
59	55	1
59	56	3
59	57	3
59	58	3
60	0	2
60	1	1
60	2	1
60	4	1
60	5	5
60	6	2
60	8	1
60	9	1
60	11	3
60	13	2
60	15	2
60	16	3
60	18	3
60	20	1
60	21	2
60	22	1
60	24	2
60	26	3
60	27	3
60	28	3
60	29	1
60	31	2
60	34	3
60	35	2
60	37	2
60	38	3
60	39	5
60	40	3
60	41	4
60	43	2
60	44	1
60	45	2
60	47	1
60	48	1
60	49	3
60	50	7
60	51	5
60	52	6
60	53	4
60	54	2
60	55	2
60	57	1
60	58	1
