1	0	8
2	0	2
2	1	3
3	1	2
3	2	3
4	0	1
4	1	2
4	3	1
5	0	1
5	1	1
5	2	1
5	3	2
5	4	4
6	4	3
6	5	1
7	3	2
7	5	1
7	6	5
8	1	1
8	2	1
8	3	1
8	4	5
8	5	3
8	6	2
8	7	7
9	0	3
9	1	2
9	2	3
9	3	3
9	4	7
9	5	1
9	6	1
9	7	2
9	8	3
10	0	2
10	1	1
10	2	2
10	4	4
10	5	3
10	6	1
10	7	2
10	8	1
10	9	3
11	1	1
11	4	1
11	6	1
11	8	1
11	9	2
11	10	4
12	1	1
12	4	2
12	6	1
12	8	1
12	9	3
12	10	5
12	11	7
13	0	1
13	1	1
13	3	1
13	4	5
13	5	3
13	8	4
13	9	5
13	10	4
13	12	3
14	2	1
14	6	2
14	7	2
14	8	6
14	10	1
14	11	3
14	12	3
14	13	5
15	0	1
15	2	1
15	3	1
15	4	1
15	6	1
15	8	2
15	10	2
15	12	2
15	13	1
15	14	7
16	1	2
16	3	2
16	5	2
16	6	1
16	7	1
16	8	1
16	9	5
16	12	2
16	13	2
16	14	7
16	15	2
17	4	2
17	6	1
17	7	1
17	8	1
17	11	1
17	12	1
17	13	1
17	14	1
17	15	2
17	16	2
18	0	2
18	4	1
18	5	2
18	6	1
18	7	3
18	8	1
18	9	3
18	10	3
18	11	2
18	12	2
18	13	5
18	14	2
18	15	2
18	16	1
18	17	5
19	0	1
19	4	5
19	5	1
19	6	1
19	7	2
19	8	4
19	9	1
19	10	4
19	11	1
19	12	4
19	13	2
19	16	2
19	17	6
19	18	6
20	3	3
20	4	2
20	5	3
20	7	1
20	8	2
20	9	2
20	10	1
20	11	1
20	12	2
20	13	4
20	14	1
20	15	2
20	17	2
20	18	2
20	19	4
21	1	1
21	2	1
21	3	2
21	5	1
21	6	2
21	7	1
21	8	6
21	9	2
21	10	1
21	11	1
21	12	3
21	13	3
21	14	2
21	15	4
21	18	3
21	19	1
21	20	7
22	1	1
22	2	1
22	4	1
22	5	2
22	6	1
22	7	3
22	8	4
22	9	1
22	10	1
22	12	3
22	15	1
22	16	2
22	17	1
22	18	1
22	19	1
22	20	5
22	21	3
23	1	1
23	4	2
23	5	4
23	7	2
23	9	3
23	13	3
23	15	1
23	17	3
23	18	2
23	19	2
23	20	1
23	22	2
24	3	2
24	4	1
24	5	2
24	6	2
24	8	2
24	11	2
24	12	2
24	14	1
24	16	1
24	17	3
24	19	1
24	20	3
24	21	2
24	22	3
24	23	4
25	3	1
25	4	1
25	6	1
25	15	2
25	21	1
26	1	1
26	15	2
26	16	1
26	18	1
26	19	1
26	24	1
27	5	3
27	6	1
27	8	2
27	9	2
27	10	4
27	11	2
27	12	1
27	13	5
27	14	1
27	15	2
27	17	3
27	18	2
27	19	1
27	20	1
27	21	1
27	22	2
27	23	1
27	24	1
27	26	1
28	2	2
28	4	2
28	5	2
28	8	1
28	9	2
28	11	2
28	12	2
28	13	1
28	14	2
28	15	1
28	16	1
28	18	2
28	19	3
28	20	2
28	21	4
28	22	4
28	27	3
29	1	1
29	3	1
29	5	1
29	7	2
29	9	1
29	10	1
29	13	3
29	14	2
29	15	1
29	18	4
29	20	2
29	22	1
29	28	2
30	0	1
30	1	4
30	3	3
30	5	2
30	8	1
30	10	2
30	12	1
30	13	1
30	16	2
30	19	1
30	22	2
30	23	2
30	24	2
30	26	2
30	27	1
30	28	2
30	29	6
31	1	2
31	2	1
31	3	2
31	5	1
31	9	4
31	10	1
31	12	1
31	13	1
31	15	1
31	16	1
31	17	1
31	18	2
31	19	1
31	20	3
31	21	1
31	22	1
31	24	2
31	26	2
31	27	1
31	28	4
31	29	2
31	30	5
32	1	1
32	4	2
32	5	1
32	6	1
32	10	2
32	13	1
32	16	2
32	18	4
32	19	2
32	22	1
32	26	1
32	27	3
32	28	2
32	30	3
32	31	1
33	1	1
33	2	2
33	3	1
33	4	1
33	5	1
33	6	2
33	7	1
33	8	3
33	10	2
33	12	1
33	14	2
33	15	1
33	16	1
33	17	2
33	18	1
33	19	1
33	20	1
33	21	1
33	22	1
33	24	1
33	26	2
33	27	2
33	28	6
33	29	1
33	30	5
33	31	3
33	32	5
34	3	1
34	4	2
34	5	2
34	8	1
34	10	3
34	12	1
34	13	1
34	14	2
34	15	1
34	17	1
34	18	2
34	19	2
34	20	1
34	21	6
34	22	3
34	23	1
34	24	5
34	26	2
34	27	4
34	28	2
34	29	3
34	31	2
34	32	1
34	33	2
35	1	1
35	3	1
35	4	2
35	5	1
35	6	2
35	8	1
35	9	1
35	10	2
35	12	3
35	13	3
35	15	2
35	16	5
35	18	9
35	19	3
35	20	5
35	21	2
35	22	2
35	23	1
35	24	2
35	27	3
35	28	5
35	29	2
35	30	2
35	31	3
35	32	3
35	33	4
35	34	2
36	1	1
36	2	1
36	4	1
36	5	2
36	6	1
36	7	1
36	8	2
36	11	1
36	13	2
36	14	1
36	15	1
36	16	3
36	17	2
36	18	2
36	19	1
36	20	2
36	21	1
36	27	1
36	28	3
36	29	1
36	30	1
36	31	4
36	33	3
37	0	2
37	2	2
37	5	1
37	6	1
37	7	1
37	8	1
37	9	1
37	11	2
37	12	3
37	13	5
37	14	5
37	15	1
37	16	2
37	17	3
37	19	1
37	20	3
37	21	1
37	22	2
37	28	3
37	30	2
37	32	2
37	33	2
37	34	1
37	35	9
37	36	1
38	1	1
38	3	3
38	4	1
38	6	1
38	9	2
38	10	4
38	12	4
38	13	4
38	14	1
38	16	3
38	17	2
38	19	1
38	20	1
38	21	1
38	22	2
38	23	1
38	24	4
38	25	1
38	27	4
38	28	6
38	30	1
38	31	4
38	32	3
38	33	2
38	34	1
38	35	4
38	36	3
38	37	3
39	1	1
39	2	1
39	4	2
39	5	1
39	6	1
39	7	1
39	8	1
39	9	3
39	10	2
39	12	2
39	13	3
39	14	3
39	15	4
39	16	1
39	17	1
39	18	4
39	19	2
39	20	1
39	21	1
39	22	1
39	26	1
39	27	1
39	28	2
39	29	2
39	31	1
39	32	2
39	33	2
39	35	6
39	36	2
39	37	4
39	38	9
40	1	1
40	3	1
40	4	3
40	5	2
40	6	1
40	7	1
40	9	1
40	11	1
40	12	2
40	13	5
40	14	1
40	15	1
40	17	2
40	18	1
40	19	2
40	20	1
40	24	4
40	27	4
40	28	8
40	29	1
40	30	1
40	31	2
40	32	2
40	35	3
40	37	4
40	38	8
40	39	4
41	2	1
41	4	2
41	5	1
41	8	2
41	10	3
41	12	1
41	13	1
41	15	2
41	16	4
41	17	2
41	19	2
41	24	1
41	25	1
41	26	1
41	28	4
41	29	1
41	30	1
41	31	5
41	32	3
41	34	2
41	35	3
41	36	2
41	37	3
41	38	4
41	39	4
41	40	5
42	6	2
42	7	1
42	8	1
42	9	1
42	12	1
42	13	1
42	14	1
42	16	1
42	17	2
42	18	1
42	19	1
42	20	1
42	22	1
42	23	1
42	27	2
42	28	4
42	29	3
42	30	2
42	31	4
42	32	2
42	33	1
42	34	1
42	35	1
42	38	4
42	39	1
42	40	3
42	41	3
43	1	2
43	3	1
43	4	1
43	5	1
43	6	1
43	8	3
43	12	1
43	13	1
43	16	1
43	19	2
43	20	1
43	23	1
43	27	2
43	28	3
43	29	1
43	30	4
43	31	3
43	33	4
43	35	3
43	37	1
43	38	1
43	40	6
43	41	3
43	42	2
44	0	1
44	2	1
44	7	1
44	9	1
44	13	2
44	17	1
44	21	3
44	27	1
44	29	2
44	30	5
44	31	3
44	33	3
44	35	1
44	38	4
44	40	2
44	41	2
44	42	2
44	43	4
45	0	1
45	2	1
45	3	1
45	5	1
45	6	1
45	8	1
45	9	1
45	12	1
45	18	2
45	19	2
45	20	1
45	29	1
45	30	2
45	31	2
45	32	1
45	33	1
45	34	1
45	35	1
45	37	2
45	38	2
45	39	1
45	41	2
45	43	9
45	44	3
46	8	1
46	9	1
46	10	1
46	18	1
46	21	2
46	22	1
46	26	1
46	27	1
46	30	3
46	32	1
46	33	2
46	35	1
46	36	2
46	38	1
46	39	2
46	40	1
46	42	1
46	44	5
46	45	4
47	3	1
47	4	1
47	5	2
47	9	3
47	11	2
47	13	1
47	15	1
47	16	1
47	18	1
47	20	1
47	23	2
47	27	1
47	28	4
47	29	4
47	31	3
47	34	1
47	35	2
47	36	1
47	38	1
47	41	1
47	42	1
47	45	3
47	46	6
48	1	1
48	3	1
48	4	1
48	6	1
48	7	1
48	10	2
48	13	1
48	15	2
48	27	1
48	30	1
48	31	3
48	35	2
48	37	2
48	38	1
48	40	1
48	41	4
48	42	2
48	44	1
48	45	2
48	46	2
48	47	7
49	0	1
49	1	1
49	3	1
49	5	1
49	6	1
49	10	1
49	14	2
49	17	2
49	18	2
49	19	1
49	27	1
49	28	2
49	30	1
49	31	2
49	33	1
49	34	1
49	35	2
49	36	1
49	37	1
49	38	1
49	39	2
49	40	3
49	41	1
49	42	2
49	43	1
49	44	3
49	46	3
49	47	5
49	48	6
50	3	1
50	5	3
50	13	1
50	18	1
50	26	2
50	35	2
50	36	1
50	37	1
50	39	2
50	40	6
50	41	1
50	42	2
50	43	1
50	44	2
50	45	2
50	46	1
50	47	2
50	48	2
50	49	8
51	5	1
51	8	2
51	13	2
51	15	1
51	17	4
51	18	1
51	19	1
51	27	1
51	31	1
51	32	1
51	35	1
51	38	2
51	40	4
51	41	2
51	43	1
51	44	1
51	45	3
51	48	2
51	49	2
52	0	1
52	4	1
52	8	3
52	9	1
52	10	1
52	11	2
52	13	2
52	14	1
52	15	2
52	16	1
52	19	3
52	21	1
52	23	1
52	24	1
52	26	1
52	27	2
52	29	2
52	36	1
52	37	1
52	38	2
52	40	2
52	41	1
52	43	4
52	44	2
52	45	1
52	47	3
52	48	2
52	49	2
52	50	3
52	51	10
53	3	1
53	4	1
53	6	1
53	9	1
53	10	1
53	11	1
53	12	1
53	13	1
53	15	1
53	16	2
53	20	1
53	29	2
53	30	1
53	31	1
53	32	2
53	33	1
53	34	3
53	36	1
53	37	3
53	38	2
53	39	1
53	41	3
53	42	2
53	43	5
53	45	1
53	46	1
53	47	1
53	48	3
53	49	9
53	50	3
53	51	5
53	52	7
54	0	1
54	4	2
54	5	1
54	8	2
54	9	2
54	10	1
54	12	1
54	16	2
54	28	1
54	29	3
54	30	2
54	31	3
54	32	1
54	33	1
54	34	1
54	35	2
54	36	1
54	37	2
54	38	3
54	40	2
54	41	3
54	42	2
54	43	4
54	44	2
54	45	4
54	46	4
54	47	4
54	48	3
54	49	3
54	50	2
54	51	1
54	52	3
54	53	1
55	3	1
55	4	1
55	5	1
55	8	1
55	10	1
55	11	2
55	13	4
55	14	1
55	16	5
55	21	3
55	27	3
55	29	1
55	30	2
55	31	2
55	32	1
55	33	1
55	34	2
55	35	1
55	36	2
55	37	1
55	38	3
55	39	3
55	40	1
55	41	3
55	42	1
55	43	3
55	44	2
55	45	3
55	46	6
55	47	4
55	48	1
55	49	5
55	50	1
55	51	4
55	52	1
55	53	5
55	54	6
56	3	1
56	4	2
56	5	1
56	9	3
56	10	1
56	11	1
56	12	1
56	17	1
56	23	1
56	26	1
56	27	1
56	29	1
56	30	1
56	31	3
56	32	1
56	36	2
56	37	1
56	38	1
56	39	2
56	41	1
56	42	2
56	43	2
56	44	2
56	45	2
56	46	4
56	47	5
56	48	2
56	49	4
56	51	5
56	53	1
57	3	1
57	6	1
57	8	1
57	9	1
57	11	1
57	12	1
57	13	2
57	15	1
57	27	1
57	28	1
57	29	1
57	30	2
57	31	2
57	32	4
57	33	1
57	34	3
57	35	1
57	36	1
57	37	1
57	38	2
57	39	3
57	40	2
57	41	1
57	42	2
57	43	2
57	44	2
57	45	1
57	46	1
57	47	2
57	48	4
57	49	3
57	50	3
57	51	3
57	52	3
57	53	1
57	54	2
57	55	3
57	56	7
58	1	1
58	9	2
58	10	1
58	14	1
58	17	2
58	23	1
58	24	1
58	27	1
58	29	2
58	30	1
58	31	2
58	36	1
58	37	1
58	38	2
58	40	1
58	41	1
58	42	1
58	43	4
58	44	2
58	45	2
58	46	1
58	47	1
58	50	1
58	51	1
58	53	2
58	54	1
58	55	1
58	57	2
59	3	1
59	5	3
59	7	1
59	8	1
59	10	1
59	11	2
59	12	2
59	13	4
59	17	1
59	18	1
59	19	2
59	22	1
59	24	1
59	26	2
59	27	1
59	28	2
59	31	2
59	32	5
59	33	2
59	34	2
59	35	2
59	36	1
59	37	1
59	38	4
59	39	7
59	40	2
59	42	3
59	43	6
59	44	3
59	45	3
59	46	3
59	47	1
59	48	2
59	49	1
59	51	1
59	52	1
59	53	2
59	54	1
59	56	1
59	57	1
59	58	3
60	3	3
60	4	2
60	5	1
60	7	1
60	9	1
60	10	1
60	11	2
60	12	1
60	13	5
60	14	1
60	15	2
60	16	1
60	17	3
60	22	1
60	26	3
60	27	3
60	28	5
60	29	3
60	30	1
60	33	1
60	34	1
60	35	4
60	36	3
60	37	4
60	38	8
60	39	2
60	40	2
60	41	2
60	42	2
60	43	2
60	44	2
60	45	1
60	47	1
60	48	2
60	49	3
60	50	5
60	51	4
60	52	4
60	53	5
60	54	3
60	55	3
60	56	1
60	57	2
60	59	2
