1	0	3
2	0	2
2	1	11
3	1	1
3	2	1
4	0	4
4	1	1
4	2	2
5	0	1
5	1	1
5	3	2
5	4	9
6	0	1
6	1	3
6	2	1
6	3	1
6	5	2
7	1	1
7	3	2
7	4	2
7	5	3
7	6	1
8	2	1
8	3	2
8	4	6
8	5	3
8	6	5
8	7	3
9	0	1
9	1	1
9	2	2
9	3	1
9	4	1
9	5	2
9	7	1
9	8	1
10	1	3
10	2	2
10	3	1
10	4	3
10	5	2
10	6	1
10	8	1
10	9	4
11	0	2
11	1	3
11	3	2
11	4	2
11	5	1
11	8	3
11	9	2
11	10	9
12	2	3
12	4	2
12	5	3
12	6	1
12	7	3
12	8	1
12	9	2
12	10	7
12	11	8
13	0	2
13	1	1
13	3	1
13	4	1
13	5	2
13	7	2
13	8	2
13	9	1
13	10	2
13	11	3
13	12	3
14	1	2
14	4	2
14	5	1
14	7	1
14	8	1
14	9	1
14	10	3
14	11	1
14	13	6
15	2	1
15	6	2
15	7	1
15	8	1
15	10	2
15	11	2
15	12	4
15	13	7
15	14	3
16	1	1
16	5	2
16	6	3
16	7	2
16	11	2
16	13	7
16	14	3
16	15	2
17	1	1
17	3	3
17	4	2
17	6	2
17	7	1
17	8	3
17	10	1
17	11	2
17	12	3
17	14	2
17	15	3
17	16	6
18	1	1
18	2	1
18	4	1
18	5	1
18	6	2
18	7	1
18	9	1
18	10	1
18	13	3
18	14	2
18	15	1
18	16	2
18	17	4
19	4	1
19	5	2
19	6	3
19	7	3
19	8	3
19	9	3
19	10	2
19	11	1
19	12	2
19	13	3
19	14	1
19	15	1
19	16	4
19	17	1
19	18	5
20	2	1
20	3	1
20	4	1
20	5	1
20	6	2
20	7	3
20	8	5
20	9	1
20	10	2
20	12	1
20	13	1
20	14	2
20	15	3
20	17	6
20	18	2
20	19	3
21	0	1
21	1	2
21	2	1
21	3	1
21	4	1
21	5	2
21	6	2
21	7	2
21	8	3
21	9	1
21	10	2
21	13	1
21	14	1
21	17	2
21	18	5
21	19	3
21	20	5
22	1	1
22	3	1
22	4	1
22	5	1
22	6	3
22	7	1
22	8	5
22	9	3
22	10	4
22	11	1
22	12	1
22	14	2
22	16	3
22	17	1
22	18	1
22	19	5
22	20	5
23	0	1
23	1	1
23	2	1
23	6	2
23	7	2
23	9	1
23	12	1
23	14	1
23	15	2
23	16	1
23	18	2
23	19	2
23	20	1
23	21	4
23	22	5
24	4	4
24	6	1
24	8	2
24	9	1
24	10	1
24	13	1
24	14	1
24	18	1
24	20	2
24	22	4
24	23	2
25	4	1
25	8	1
25	12	1
25	16	1
25	17	2
26	1	1
26	13	2
26	15	1
26	17	2
26	19	1
26	22	2
26	24	1
27	3	2
27	4	2
27	5	1
27	6	1
27	7	1
27	8	2
27	11	1
27	13	2
27	14	1
27	16	2
27	18	2
27	19	3
27	23	1
27	24	1
28	0	1
28	3	2
28	4	4
28	8	1
28	9	1
28	10	1
28	14	1
28	15	1
28	17	1
28	18	2
28	20	2
28	21	1
28	22	3
28	24	2
28	26	4
28	27	4
29	2	1
29	3	1
29	4	2
29	5	1
29	7	1
29	8	1
29	9	1
29	10	3
29	11	2
29	12	5
29	13	2
29	15	1
29	17	2
29	19	1
29	20	2
29	21	1
29	22	2
29	23	1
29	24	1
29	28	4
30	2	1
30	3	1
30	4	1
30	5	1
30	6	2
30	7	1
30	8	1
30	9	1
30	10	1
30	11	1
30	12	1
30	15	1
30	16	1
30	19	1
30	20	1
30	21	4
30	22	1
30	24	1
30	28	2
30	29	1
31	1	2
31	3	1
31	8	2
31	9	1
31	11	1
31	12	1
31	14	3
31	15	1
31	16	1
31	17	1
31	19	3
31	20	1
31	22	2
31	24	3
31	26	1
31	27	1
31	28	3
31	29	4
31	30	3
32	4	2
32	5	3
32	6	2
32	9	2
32	12	2
32	13	3
32	15	1
32	17	1
32	20	1
32	21	1
32	22	1
32	23	1
32	24	2
32	26	1
32	27	2
32	28	7
32	29	1
32	30	1
32	31	2
33	1	1
33	3	1
33	4	1
33	9	1
33	10	1
33	11	1
33	14	2
33	15	1
33	17	2
33	18	1
33	19	3
33	20	1
33	22	2
33	23	2
33	24	1
33	27	3
33	28	3
33	29	2
33	30	5
33	32	4
34	0	1
34	2	1
34	3	1
34	4	1
34	5	2
34	6	2
34	7	1
34	10	2
34	12	1
34	13	1
34	14	3
34	16	1
34	18	3
34	21	2
34	22	3
34	23	1
34	24	3
34	25	1
34	27	2
34	28	3
34	29	1
34	30	4
34	31	1
34	33	2
35	0	3
35	3	1
35	4	4
35	5	3
35	7	2
35	8	2
35	9	2
35	10	2
35	11	1
35	12	2
35	13	4
35	14	2
35	15	1
35	16	2
35	17	1
35	18	7
35	19	2
35	20	1
35	21	3
35	22	2
35	23	1
35	28	6
35	30	2
35	31	2
35	32	2
35	33	4
35	34	2
36	1	1
36	2	1
36	3	2
36	4	2
36	6	2
36	7	1
36	8	1
36	9	2
36	10	1
36	11	1
36	12	2
36	13	1
36	14	4
36	15	3
36	16	1
36	17	1
36	18	1
36	19	1
36	21	1
36	24	2
36	26	1
36	27	3
36	28	2
36	29	3
36	30	2
36	31	2
36	32	1
36	33	1
36	35	2
37	1	1
37	4	1
37	5	1
37	7	1
37	9	2
37	10	2
37	11	2
37	12	1
37	13	4
37	14	2
37	15	1
37	16	3
37	17	3
37	18	3
37	19	2
37	20	2
37	21	2
37	22	1
37	23	2
37	26	1
37	27	1
37	28	5
37	29	1
37	31	2
37	32	1
37	33	4
37	34	2
37	35	6
37	36	1
38	2	1
38	3	2
38	4	2
38	7	1
38	8	2
38	9	2
38	10	2
38	11	2
38	12	2
38	13	3
38	14	1
38	16	3
38	17	1
38	18	1
38	19	2
38	20	1
38	21	2
38	22	2
38	23	1
38	24	1
38	26	2
38	27	2
38	28	11
38	29	2
38	31	1
38	33	1
38	35	3
38	36	4
38	37	4
39	1	1
39	2	2
39	3	2
39	4	2
39	6	2
39	7	1
39	10	1
39	12	8
39	13	6
39	14	1
39	15	1
39	16	2
39	17	1
39	18	2
39	19	2
39	20	2
39	21	3
39	23	1
39	26	1
39	27	2
39	28	5
39	30	2
39	32	1
39	33	3
39	35	6
39	36	2
39	37	5
39	38	18
40	1	1
40	2	2
40	3	2
40	4	3
40	6	2
40	7	1
40	9	1
40	10	3
40	12	2
40	14	3
40	15	1
40	16	3
40	18	2
40	19	2
40	22	1
40	23	2
40	24	1
40	26	2
40	28	7
40	29	1
40	30	2
40	31	5
40	32	2
40	33	3
40	34	2
40	35	3
40	36	1
40	37	5
40	38	4
40	39	10
41	6	2
41	8	1
41	9	2
41	12	3
41	15	1
41	16	1
41	17	2
41	18	2
41	19	2
41	20	1
41	21	1
41	22	1
41	23	1
41	24	1
41	27	1
41	28	3
41	29	4
41	30	3
41	31	3
41	32	2
41	33	1
41	34	1
41	35	7
41	37	1
41	38	5
41	39	2
41	40	6
42	0	1
42	3	1
42	8	1
42	9	1
42	12	1
42	13	1
42	14	1
42	20	2
42	21	1
42	24	1
42	28	3
42	29	1
42	30	3
42	33	1
42	34	2
42	35	1
42	36	2
42	38	3
42	39	1
42	40	2
42	41	4
43	1	1
43	3	1
43	4	2
43	10	2
43	14	2
43	15	3
43	17	4
43	18	1
43	20	2
43	24	1
43	25	1
43	26	2
43	27	1
43	28	2
43	29	2
43	30	2
43	31	4
43	32	1
43	33	1
43	36	2
43	37	1
43	38	1
43	39	2
43	40	4
43	41	1
43	42	7
44	1	1
44	4	2
44	5	1
44	10	1
44	11	1
44	12	1
44	14	1
44	17	1
44	18	2
44	19	3
44	21	1
44	28	1
44	29	1
44	30	4
44	31	1
44	32	1
44	34	3
44	36	2
44	37	1
44	38	1
44	39	1
44	40	1
44	41	3
44	42	2
44	43	5
45	0	1
45	3	1
45	5	2
45	8	2
45	9	2
45	10	1
45	11	1
45	13	2
45	14	2
45	19	1
45	20	1
45	24	1
45	27	2
45	29	3
45	30	2
45	31	1
45	32	1
45	33	3
45	34	1
45	35	3
45	36	1
45	37	2
45	39	1
45	40	1
45	41	2
45	42	3
45	43	2
45	44	4
46	3	2
46	4	1
46	5	1
46	8	1
46	12	1
46	13	1
46	15	1
46	18	1
46	21	1
46	27	1
46	28	1
46	30	1
46	31	1
46	32	2
46	33	1
46	34	1
46	35	2
46	38	3
46	40	1
46	41	1
46	42	2
46	43	2
46	44	2
46	45	5
47	2	2
47	4	1
47	6	1
47	9	1
47	10	1
47	11	2
47	12	1
47	15	3
47	18	2
47	19	1
47	20	2
47	24	1
47	27	3
47	28	2
47	29	1
47	30	1
47	31	2
47	32	1
47	35	1
47	37	2
47	38	2
47	39	2
47	40	1
47	41	1
47	42	1
47	43	1
47	44	2
47	45	1
47	46	6
48	0	1
48	1	1
48	2	1
48	3	1
48	4	1
48	8	2
48	11	2
48	15	1
48	30	1
48	37	1
48	38	1
48	42	1
48	43	1
48	44	2
48	45	2
48	46	3
48	47	4
49	1	1
49	2	1
49	3	3
49	5	2
49	6	1
49	8	1
49	9	1
49	10	1
49	12	4
49	13	1
49	14	1
49	15	2
49	16	1
49	17	1
49	18	1
49	20	3
49	27	1
49	28	2
49	34	1
49	35	1
49	36	1
49	37	1
49	38	1
49	39	1
49	40	1
49	43	3
49	44	3
49	45	2
49	46	2
49	47	4
49	48	2
50	3	1
50	5	1
50	10	1
50	12	1
50	13	4
50	15	1
50	22	1
50	27	2
50	28	1
50	31	2
50	35	2
50	36	1
50	38	2
50	39	2
50	40	1
50	41	1
50	42	1
50	43	3
50	44	1
50	45	2
50	46	3
50	47	2
50	48	1
50	49	2
51	1	1
51	4	2
51	10	1
51	11	2
51	12	1
51	13	1
51	14	2
51	17	1
51	19	4
51	24	1
51	26	1
51	27	1
51	28	4
51	29	1
51	31	2
51	34	1
51	35	3
51	36	1
51	37	3
51	38	2
51	39	2
51	40	3
51	41	1
51	42	2
51	43	1
51	45	3
51	46	1
51	47	1
51	48	1
51	49	5
51	50	4
52	4	2
52	7	1
52	9	1
52	10	1
52	11	2
52	12	1
52	17	1
52	19	1
52	20	2
52	24	1
52	27	2
52	29	2
52	32	2
52	34	1
52	35	2
52	36	2
52	38	1
52	39	1
52	40	2
52	42	1
52	45	1
52	47	1
52	49	4
52	50	3
52	51	7
53	1	1
53	4	2
53	5	2
53	6	1
53	7	2
53	10	2
53	13	3
53	16	1
53	17	2
53	18	3
53	24	1
53	27	1
53	28	1
53	29	1
53	30	1
53	32	1
53	35	1
53	36	1
53	37	1
53	38	3
53	39	2
53	40	1
53	42	1
53	46	1
53	47	2
53	48	1
53	49	7
53	50	3
53	51	5
53	52	1
54	1	1
54	2	2
54	6	2
54	7	1
54	12	3
54	14	1
54	16	1
54	17	1
54	23	1
54	26	1
54	27	1
54	28	2
54	29	1
54	31	3
54	33	1
54	34	1
54	35	1
54	37	2
54	38	2
54	39	1
54	40	1
54	41	2
54	44	2
54	45	5
54	47	5
54	48	1
54	49	2
54	50	2
54	51	2
54	52	1
54	53	3
55	0	1
55	1	3
55	3	2
55	4	1
55	5	1
55	9	2
55	10	1
55	12	1
55	13	1
55	14	1
55	15	3
55	16	2
55	17	1
55	19	2
55	20	1
55	21	2
55	27	1
55	28	4
55	30	2
55	32	1
55	33	1
55	34	1
55	38	1
55	39	4
55	41	3
55	42	4
55	43	3
55	44	2
55	45	2
55	46	6
55	47	7
55	48	1
55	49	2
55	50	4
55	53	4
55	54	4
56	3	3
56	5	2
56	8	1
56	11	1
56	12	2
56	13	2
56	17	1
56	20	1
56	21	1
56	23	1
56	26	3
56	28	2
56	29	2
56	30	1
56	32	1
56	35	1
56	36	1
56	37	1
56	39	1
56	40	1
56	41	1
56	42	2
56	43	2
56	44	2
56	45	1
56	46	4
56	47	3
56	48	1
56	49	1
56	51	1
56	52	2
56	54	1
56	55	8
57	9	1
57	10	1
57	13	2
57	14	1
57	16	1
57	18	1
57	19	1
57	23	1
57	27	1
57	28	1
57	29	2
57	30	1
57	32	2
57	33	1
57	34	1
57	35	3
57	37	1
57	38	2
57	40	5
57	41	4
57	42	1
57	43	1
57	44	2
57	45	2
57	46	2
57	47	4
57	48	2
57	49	2
57	50	2
57	51	7
57	52	1
57	53	1
57	54	2
57	55	1
57	56	6
58	1	1
58	4	2
58	8	1
58	9	1
58	13	1
58	15	2
58	23	1
58	24	2
58	26	1
58	27	2
58	28	3
58	29	1
58	31	4
58	32	1
58	33	1
58	34	1
58	35	1
58	36	1
58	40	2
58	41	1
58	42	2
58	43	1
58	44	1
58	45	2
58	46	2
58	47	2
58	48	1
58	49	3
58	50	1
58	51	1
58	52	3
58	53	1
58	54	2
58	55	1
58	56	3
59	3	4
59	5	1
59	9	1
59	10	1
59	12	1
59	13	1
59	14	2
59	15	1
59	16	1
59	17	3
59	19	1
59	20	1
59	22	1
59	24	1
59	27	3
59	28	1
59	30	5
59	31	1
59	32	3
59	33	2
59	34	4
59	36	2
59	37	1
59	38	1
59	40	1
59	41	4
59	42	5
59	43	5
59	44	4
59	45	1
59	46	1
59	47	2
59	48	2
59	49	2
59	50	2
59	51	2
59	53	3
59	54	1
59	55	1
59	56	2
59	57	6
59	58	5
60	0	1
60	3	1
60	4	2
60	6	2
60	7	1
60	8	1
60	9	1
60	10	3
60	12	3
60	13	2
60	14	2
60	15	1
60	16	2
60	18	2
60	19	1
60	20	1
60	21	2
60	22	2
60	24	2
60	27	1
60	28	4
60	29	3
60	30	2
60	31	3
60	32	1
60	33	2
60	34	1
60	35	1
60	36	1
60	37	5
60	38	5
60	39	7
60	40	3
60	41	6
60	42	2
60	43	2
60	44	2
60	46	1
60	47	4
60	48	2
60	49	5
60	50	4
60	51	4
60	52	6
60	53	7
60	54	2
60	55	2
60	56	1
60	57	3
60	58	2
60	59	4
