1	0	6
2	0	2
2	1	3
3	0	1
3	1	2
3	2	2
4	1	3
4	2	1
4	3	3
5	0	1
5	1	3
5	2	1
5	3	2
5	4	8
6	1	2
6	5	3
7	1	1
7	3	4
7	4	2
7	5	1
7	6	2
8	1	2
8	3	2
8	4	5
8	5	8
8	6	4
8	7	5
9	0	2
9	1	1
9	2	1
9	4	5
9	7	1
9	8	1
10	0	1
10	1	1
10	2	1
10	3	2
10	4	4
10	6	2
10	7	1
10	8	5
10	9	4
11	0	2
11	1	1
11	3	1
11	4	2
11	5	1
11	8	2
11	9	1
11	10	2
12	1	2
12	4	2
12	5	2
12	8	2
12	9	2
12	10	12
12	11	5
13	1	2
13	4	1
13	6	4
13	8	3
13	9	4
13	10	3
13	11	4
13	12	1
14	4	3
14	6	3
14	9	2
14	10	1
14	12	1
15	2	1
15	3	1
15	4	1
15	5	2
15	6	1
15	8	2
15	9	1
15	10	2
15	11	1
15	12	2
15	13	2
15	14	6
16	1	2
16	2	1
16	3	1
16	4	2
16	5	4
16	7	1
16	8	2
16	9	2
16	11	2
16	12	2
16	13	4
16	14	7
16	15	4
17	1	2
17	3	2
17	4	1
17	5	3
17	8	3
17	9	2
17	11	4
17	12	3
17	13	3
17	14	3
17	15	2
17	16	4
18	1	1
18	2	1
18	4	2
18	5	2
18	6	1
18	7	2
18	8	2
18	9	3
18	10	1
18	11	2
18	12	3
18	13	8
18	14	4
18	15	4
18	17	4
19	2	1
19	3	3
19	4	4
19	5	2
19	6	1
19	7	3
19	8	1
19	10	3
19	12	1
19	13	3
19	15	1
19	16	3
19	17	4
19	18	5
20	4	4
20	5	3
20	6	2
20	7	3
20	9	1
20	11	1
20	13	2
20	14	1
20	15	2
20	17	3
20	18	2
20	19	3
21	0	1
21	1	1
21	3	2
21	4	1
21	5	3
21	7	1
21	8	3
21	9	1
21	10	1
21	12	3
21	15	2
21	16	1
21	17	2
21	18	3
21	19	6
21	20	6
22	0	1
22	2	1
22	4	1
22	5	3
22	6	1
22	7	1
22	10	2
22	11	1
22	13	2
22	16	2
22	17	2
22	18	3
22	19	4
22	21	3
23	2	2
23	3	1
23	4	1
23	5	1
23	8	2
23	10	2
23	12	1
23	13	1
23	15	1
23	17	1
23	18	1
23	19	1
23	20	1
23	21	5
23	22	1
24	3	1
24	4	3
24	5	1
24	7	4
24	11	1
24	12	2
24	13	1
24	14	1
24	16	1
24	19	2
24	20	3
24	21	2
24	22	2
25	8	1
25	9	1
25	16	1
25	19	1
26	2	1
26	6	3
26	16	1
26	18	2
26	19	2
26	22	1
26	24	2
27	5	1
27	7	4
27	9	2
27	11	3
27	12	1
27	14	5
27	15	2
27	17	1
27	18	2
27	19	2
27	20	3
27	21	1
27	22	1
27	23	1
27	24	1
27	26	1
28	2	2
28	5	6
28	8	2
28	9	2
28	10	4
28	11	2
28	13	2
28	14	1
28	15	1
28	16	1
28	17	3
28	18	3
28	19	1
28	21	2
28	22	3
28	27	4
29	1	2
29	4	1
29	5	1
29	8	4
29	9	2
29	10	1
29	12	1
29	14	4
29	16	1
29	17	1
29	18	2
29	19	3
29	20	2
29	21	1
29	22	2
29	24	2
29	27	2
29	28	1
30	0	2
30	1	2
30	2	1
30	3	1
30	5	1
30	7	1
30	8	2
30	9	1
30	11	2
30	16	1
30	17	2
30	18	2
30	19	2
30	20	2
30	21	2
30	22	1
30	23	1
30	26	1
30	27	1
30	28	7
30	29	5
31	3	2
31	8	1
31	10	1
31	11	1
31	15	1
31	16	1
31	17	2
31	19	3
31	20	1
31	21	1
31	22	1
31	23	2
31	24	1
31	26	2
31	27	1
31	28	3
31	29	1
31	30	5
32	0	1
32	5	1
32	6	1
32	8	1
32	12	2
32	13	1
32	14	1
32	16	2
32	18	1
32	19	2
32	24	3
32	27	5
32	28	4
32	29	1
32	30	2
33	2	2
33	3	1
33	4	1
33	5	1
33	7	2
33	9	1
33	10	2
33	11	1
33	13	1
33	14	3
33	17	4
33	18	3
33	19	1
33	20	2
33	21	1
33	23	1
33	24	1
33	26	1
33	27	8
33	28	2
33	29	2
33	30	2
33	31	6
34	1	1
34	2	1
34	3	2
34	4	2
34	6	6
34	8	5
34	9	1
34	10	2
34	11	1
34	13	1
34	15	1
34	16	1
34	17	3
34	18	1
34	19	1
34	20	4
34	21	2
34	22	2
34	23	4
34	24	6
34	25	1
34	26	1
34	28	4
34	29	2
34	31	2
34	32	1
34	33	2
35	1	2
35	3	2
35	4	4
35	5	1
35	6	1
35	7	1
35	8	3
35	9	5
35	10	5
35	11	2
35	12	2
35	13	4
35	14	3
35	16	3
35	17	2
35	18	6
35	19	4
35	20	4
35	21	2
35	22	1
35	23	3
35	24	1
35	26	1
35	27	3
35	28	4
35	29	1
35	30	2
35	31	5
35	33	1
35	34	5
36	2	2
36	4	1
36	5	1
36	6	2
36	10	1
36	11	1
36	13	4
36	14	2
36	16	3
36	18	1
36	19	1
36	21	2
36	27	2
36	28	2
36	29	3
36	30	1
36	31	2
36	32	2
36	33	1
36	34	1
36	35	2
37	1	2
37	2	2
37	8	2
37	10	5
37	11	3
37	13	7
37	16	2
37	18	3
37	19	2
37	20	1
37	21	2
37	22	1
37	26	1
37	29	1
37	30	1
37	31	2
37	33	4
37	35	4
37	36	1
38	2	3
38	4	5
38	5	1
38	8	1
38	9	2
38	10	1
38	11	1
38	12	1
38	13	6
38	14	4
38	15	1
38	16	1
38	17	2
38	18	2
38	19	1
38	22	3
38	23	1
38	24	2
38	26	1
38	27	1
38	28	1
38	29	1
38	30	4
38	31	3
38	32	3
38	35	2
38	36	1
38	37	5
39	3	1
39	5	1
39	6	3
39	9	2
39	10	2
39	11	1
39	12	3
39	13	6
39	14	1
39	15	1
39	16	3
39	17	1
39	18	1
39	19	5
39	20	1
39	21	2
39	22	3
39	23	3
39	24	1
39	26	1
39	27	1
39	28	7
39	29	1
39	30	1
39	31	2
39	32	1
39	34	1
39	35	5
39	36	6
39	37	6
39	38	7
40	1	2
40	2	1
40	3	4
40	4	1
40	5	3
40	8	2
40	9	1
40	10	2
40	11	1
40	12	2
40	13	2
40	15	1
40	17	1
40	18	3
40	19	2
40	21	2
40	24	1
40	26	1
40	27	1
40	28	1
40	29	1
40	31	3
40	32	3
40	33	1
40	34	3
40	35	2
40	37	2
40	38	8
40	39	2
41	1	2
41	3	2
41	8	2
41	10	1
41	12	1
41	13	1
41	15	1
41	16	1
41	19	1
41	20	2
41	22	2
41	23	1
41	24	3
41	26	3
41	27	1
41	28	3
41	30	3
41	31	1
41	32	1
41	33	1
41	35	1
41	36	1
41	37	3
41	38	3
41	39	2
41	40	4
42	4	2
42	5	1
42	6	1
42	9	3
42	11	1
42	12	1
42	13	2
42	15	1
42	17	1
42	18	2
42	19	2
42	20	1
42	21	1
42	23	2
42	24	1
42	26	2
42	27	1
42	28	2
42	29	1
42	30	2
42	31	5
42	32	3
42	34	1
42	35	1
42	36	2
42	37	2
42	38	2
42	40	1
42	41	3
43	2	2
43	4	1
43	8	1
43	11	1
43	14	2
43	15	1
43	18	1
43	19	1
43	20	1
43	22	1
43	23	1
43	24	1
43	26	2
43	27	2
43	28	3
43	30	3
43	31	1
43	32	1
43	33	2
43	34	1
43	35	2
43	36	2
43	38	2
43	39	2
43	40	1
43	41	6
43	42	1
44	0	1
44	1	1
44	2	1
44	3	1
44	4	3
44	8	1
44	9	1
44	10	4
44	12	4
44	16	4
44	20	3
44	21	1
44	26	2
44	28	2
44	29	2
44	30	1
44	31	1
44	32	1
44	33	1
44	35	1
44	36	2
44	38	1
44	40	3
44	41	2
44	42	2
44	43	4
45	0	1
45	2	2
45	4	1
45	5	1
45	8	1
45	9	1
45	11	2
45	13	4
45	14	2
45	17	1
45	20	1
45	24	1
45	27	1
45	29	1
45	30	3
45	31	2
45	35	1
45	36	3
45	38	1
45	40	1
45	41	2
45	42	1
45	43	3
45	44	3
46	1	3
46	2	1
46	3	1
46	7	1
46	9	1
46	11	1
46	12	2
46	13	2
46	14	1
46	15	1
46	18	3
46	21	1
46	27	1
46	28	1
46	31	1
46	33	2
46	34	1
46	35	2
46	37	1
46	38	1
46	39	1
46	41	3
46	42	1
46	43	5
46	44	1
46	45	4
47	1	2
47	4	3
47	5	1
47	6	1
47	9	2
47	11	1
47	13	1
47	15	2
47	16	1
47	17	1
47	19	1
47	20	1
47	24	1
47	28	1
47	31	2
47	32	1
47	35	1
47	36	1
47	37	2
47	38	2
47	39	2
47	41	1
47	42	3
47	43	3
47	44	4
47	45	2
47	46	5
48	0	2
48	1	1
48	11	2
48	12	1
48	15	1
48	22	1
48	23	1
48	24	1
48	27	1
48	28	1
48	30	1
48	31	1
48	35	1
48	37	1
48	38	1
48	39	1
48	40	1
48	41	2
48	42	1
48	43	2
48	44	1
48	46	4
48	47	5
49	2	1
49	3	1
49	7	2
49	8	2
49	9	1
49	12	1
49	13	1
49	15	2
49	16	2
49	21	1
49	25	1
49	27	2
49	28	1
49	29	2
49	30	1
49	31	2
49	33	1
49	34	2
49	35	1
49	37	1
49	38	3
49	39	4
49	40	4
49	41	4
49	42	7
49	43	1
49	44	1
49	46	3
49	47	2
49	48	3
50	3	1
50	4	2
50	13	2
50	14	1
50	15	1
50	18	1
50	23	2
50	26	1
50	27	1
50	30	1
50	31	1
50	32	1
50	35	1
50	40	2
50	41	2
50	44	1
50	46	1
50	47	1
50	48	1
50	49	2
51	4	1
51	8	2
51	9	1
51	12	1
51	13	1
51	14	1
51	17	2
51	23	1
51	24	1
51	29	2
51	33	1
51	34	1
51	37	1
51	38	2
51	40	2
51	41	1
51	42	2
51	43	1
51	45	3
51	46	1
51	47	2
51	48	1
51	49	3
51	50	2
52	4	1
52	6	1
52	7	1
52	9	2
52	12	1
52	16	1
52	17	1
52	18	2
52	21	1
52	26	1
52	27	1
52	28	1
52	29	1
52	30	2
52	31	1
52	32	2
52	34	1
52	35	1
52	39	1
52	40	2
52	41	2
52	42	1
52	43	2
52	45	3
52	46	3
52	47	6
52	50	2
52	51	3
53	1	1
53	4	2
53	5	2
53	9	2
53	10	2
53	12	3
53	13	3
53	14	2
53	16	1
53	27	1
53	28	1
53	29	1
53	30	2
53	32	1
53	37	2
53	38	6
53	40	6
53	42	1
53	43	1
53	44	2
53	45	2
53	47	1
53	48	3
53	49	7
53	50	4
53	51	3
53	52	5
54	0	2
54	1	2
54	3	1
54	5	1
54	8	1
54	9	3
54	10	3
54	12	1
54	13	2
54	16	2
54	17	1
54	18	1
54	28	1
54	29	1
54	31	2
54	32	1
54	35	1
54	36	2
54	38	1
54	39	2
54	40	2
54	41	1
54	42	1
54	43	6
54	44	3
54	45	2
54	46	4
54	47	3
54	48	5
54	49	5
54	52	2
54	53	3
55	1	1
55	2	1
55	4	2
55	5	1
55	8	1
55	9	2
55	10	1
55	11	2
55	12	1
55	14	1
55	17	1
55	19	1
55	22	2
55	25	1
55	27	2
55	28	2
55	29	1
55	30	1
55	34	1
55	35	2
55	36	2
55	37	2
55	40	2
55	41	1
55	42	3
55	43	4
55	44	1
55	45	3
55	46	4
55	47	6
55	48	2
55	49	1
55	50	3
55	51	1
55	52	4
55	53	2
55	54	10
56	4	1
56	8	1
56	9	1
56	11	1
56	12	1
56	13	3
56	15	2
56	17	1
56	18	3
56	19	1
56	23	1
56	30	1
56	32	1
56	33	2
56	34	1
56	35	1
56	36	1
56	39	1
56	40	2
56	41	5
56	42	2
56	43	2
56	44	2
56	45	4
56	46	4
56	47	5
56	48	3
56	49	4
56	50	1
56	51	2
56	52	2
56	54	2
56	55	3
57	3	1
57	4	1
57	8	1
57	10	1
57	12	2
57	14	2
57	15	2
57	16	1
57	19	2
57	22	1
57	23	1
57	24	1
57	27	3
57	29	1
57	30	3
57	35	1
57	36	2
57	38	3
57	39	2
57	40	4
57	41	1
57	42	1
57	43	2
57	44	2
57	46	2
57	47	1
57	48	1
57	49	2
57	50	3
57	51	3
57	52	2
57	53	1
57	54	5
57	55	3
57	56	9
58	0	1
58	4	2
58	8	1
58	17	1
58	25	1
58	26	1
58	27	2
58	29	2
58	30	3
58	31	1
58	32	1
58	35	1
58	36	1
58	39	1
58	42	2
58	43	2
58	44	3
58	45	2
58	46	1
58	47	3
58	49	2
58	50	1
58	51	3
58	53	4
58	54	2
58	56	2
58	57	1
59	1	1
59	2	2
59	3	1
59	4	1
59	5	1
59	7	2
59	8	2
59	10	2
59	13	2
59	14	1
59	15	1
59	17	2
59	21	1
59	26	1
59	27	2
59	28	3
59	29	3
59	30	2
59	31	2
59	32	2
59	33	4
59	35	1
59	36	1
59	37	2
59	38	1
59	39	2
59	40	2
59	41	2
59	42	3
59	43	8
59	44	2
59	47	2
59	48	1
59	50	1
59	51	4
59	53	1
59	54	3
59	55	1
59	56	6
59	57	5
59	58	8
60	4	2
60	5	1
60	10	1
60	11	1
60	12	3
60	13	2
60	14	1
60	15	2
60	16	3
60	17	3
60	18	2
60	19	1
60	20	1
60	22	1
60	24	2
60	26	1
60	28	2
60	31	2
60	33	1
60	34	1
60	35	1
60	36	4
60	37	1
60	38	1
60	39	1
60	40	6
60	41	1
60	43	1
60	45	1
60	46	3
60	47	2
60	48	2
60	49	6
60	50	3
60	51	4
60	52	13
60	53	9
60	55	1
60	56	2
60	57	4
60	58	4
60	59	1
