1	0	4
2	0	2
2	1	3
3	0	1
3	1	4
3	2	6
4	1	1
4	3	2
5	0	3
5	2	1
5	4	1
6	2	4
6	3	2
6	5	3
7	2	1
7	3	3
7	4	4
7	6	4
8	1	2
8	3	1
8	4	5
8	5	2
8	6	2
8	7	3
9	1	2
9	3	1
9	4	3
9	5	2
9	6	1
9	7	1
9	8	4
10	0	2
10	1	1
10	2	1
10	3	1
10	4	5
10	6	1
10	7	2
10	8	2
10	9	3
11	0	1
11	1	1
11	2	2
11	4	5
11	5	2
11	6	2
11	7	2
11	8	1
11	9	3
11	10	6
12	1	1
12	2	2
12	3	2
12	4	2
12	5	1
12	6	1
12	8	3
12	9	1
12	10	5
12	11	6
13	0	1
13	1	1
13	4	1
13	6	5
13	7	1
13	8	1
13	9	1
13	10	3
13	12	3
14	1	1
14	5	1
14	7	2
14	9	3
14	10	4
14	11	1
14	13	4
15	2	1
15	4	1
15	5	1
15	6	1
15	8	2
15	9	1
15	10	1
15	11	3
15	12	1
15	13	4
15	14	5
16	3	2
16	4	2
16	5	3
16	6	1
16	8	4
16	9	3
16	11	1
16	12	1
16	13	4
16	14	4
16	15	2
17	1	2
17	4	4
17	6	1
17	8	4
17	9	2
17	10	4
17	11	6
17	13	3
17	14	3
17	15	1
17	16	4
18	1	1
18	4	1
18	5	1
18	6	1
18	7	2
18	8	2
18	9	1
18	10	3
18	11	3
18	13	4
18	15	2
18	16	1
18	17	3
19	1	1
19	2	2
19	3	1
19	4	1
19	5	8
19	6	1
19	7	3
19	8	1
19	9	1
19	10	3
19	11	1
19	12	1
19	13	3
19	15	1
19	16	4
19	18	5
20	2	1
20	3	1
20	4	1
20	5	5
20	6	3
20	7	3
20	8	1
20	9	1
20	10	1
20	11	2
20	12	2
20	13	2
20	14	2
20	15	1
20	16	2
20	17	1
20	18	3
20	19	2
21	2	2
21	3	1
21	4	1
21	5	4
21	6	3
21	7	1
21	8	2
21	9	1
21	10	1
21	11	3
21	13	1
21	16	1
21	18	2
21	19	5
21	20	3
22	0	1
22	2	1
22	3	1
22	4	1
22	5	2
22	7	1
22	9	1
22	11	2
22	12	1
22	13	1
22	16	1
22	17	3
22	18	4
22	19	1
22	20	4
22	21	6
23	4	2
23	5	3
23	6	1
23	7	1
23	8	2
23	10	2
23	11	1
23	12	1
23	15	1
23	17	2
23	18	1
23	19	2
23	20	1
23	21	3
23	22	2
24	2	2
24	3	2
24	5	1
24	6	1
24	7	3
24	8	3
24	12	1
24	16	4
24	17	1
24	18	1
24	20	1
24	21	3
24	22	1
24	23	5
25	12	2
25	16	1
26	1	2
26	3	1
26	8	1
26	15	1
26	19	1
26	20	2
26	22	1
26	24	5
27	3	1
27	4	1
27	5	1
27	6	1
27	8	2
27	10	4
27	11	2
27	12	1
27	13	2
27	14	3
27	16	1
27	18	2
27	19	3
27	20	1
27	21	1
27	22	1
27	23	1
27	26	3
28	2	2
28	3	1
28	4	3
28	5	1
28	7	1
28	8	1
28	10	2
28	11	2
28	13	5
28	14	2
28	15	2
28	16	1
28	17	1
28	18	1
28	19	2
28	20	2
28	22	4
28	23	1
28	27	7
29	2	1
29	4	4
29	6	1
29	7	1
29	8	1
29	9	1
29	11	1
29	13	2
29	14	1
29	16	1
29	17	1
29	18	2
29	19	1
29	21	1
29	22	1
29	23	1
29	24	1
30	0	1
30	1	2
30	2	1
30	3	1
30	5	3
30	7	1
30	8	1
30	10	1
30	11	6
30	13	3
30	14	2
30	16	2
30	18	4
30	19	3
30	20	2
30	21	4
30	22	1
30	23	3
30	24	3
30	26	1
30	27	3
30	28	2
30	29	5
31	4	2
31	5	1
31	8	1
31	9	1
31	10	1
31	11	1
31	12	1
31	13	2
31	15	1
31	16	2
31	17	2
31	18	1
31	19	1
31	21	3
31	22	2
31	24	1
31	26	1
31	28	3
31	29	3
31	30	3
32	0	1
32	1	2
32	6	2
32	9	1
32	10	1
32	13	1
32	15	1
32	17	1
32	18	3
32	19	2
32	21	1
32	22	2
32	23	2
32	24	1
32	26	1
32	27	3
32	28	1
32	30	4
32	31	4
33	1	1
33	2	1
33	3	2
33	4	2
33	5	1
33	6	1
33	7	1
33	8	1
33	10	3
33	11	1
33	13	2
33	14	2
33	15	1
33	16	1
33	18	4
33	19	1
33	20	2
33	21	1
33	23	1
33	26	1
33	27	3
33	28	3
33	29	1
33	30	2
33	31	1
33	32	6
34	1	2
34	2	1
34	4	2
34	5	2
34	6	1
34	7	1
34	8	1
34	9	1
34	11	3
34	12	2
34	13	1
34	16	3
34	17	2
34	18	1
34	19	1
34	20	3
34	21	3
34	22	1
34	23	1
34	24	4
34	26	1
34	28	1
34	31	2
34	32	2
34	33	7
35	1	2
35	2	1
35	4	2
35	5	1
35	6	2
35	8	3
35	10	2
35	11	2
35	12	3
35	13	4
35	14	1
35	15	2
35	16	3
35	17	3
35	18	6
35	19	4
35	20	2
35	21	3
35	23	2
35	24	1
35	26	2
35	27	1
35	28	8
35	29	2
35	30	1
35	31	2
35	32	3
35	33	2
35	34	3
36	2	2
36	3	3
36	4	1
36	5	1
36	6	1
36	7	1
36	8	5
36	10	1
36	11	1
36	13	3
36	14	2
36	15	1
36	17	1
36	18	2
36	19	2
36	21	3
36	22	2
36	24	1
36	26	1
36	27	2
36	28	2
36	29	1
36	30	1
36	32	1
36	33	2
36	34	2
36	35	4
37	2	1
37	3	1
37	4	2
37	7	1
37	8	1
37	9	2
37	10	2
37	11	2
37	12	2
37	13	7
37	14	2
37	15	2
37	17	1
37	18	8
37	19	4
37	20	2
37	21	2
37	22	6
37	23	1
37	24	1
37	26	1
37	27	1
37	28	5
37	30	2
37	31	1
37	33	4
37	34	2
37	35	8
37	36	4
38	0	1
38	1	1
38	2	2
38	3	1
38	4	2
38	5	3
38	6	3
38	9	2
38	10	1
38	11	2
38	12	1
38	13	5
38	14	5
38	15	2
38	16	2
38	17	1
38	18	6
38	19	2
38	20	2
38	21	2
38	23	2
38	25	1
38	26	1
38	27	3
38	28	4
38	29	2
38	30	3
38	31	2
38	33	2
38	35	2
38	37	4
39	1	1
39	3	1
39	4	2
39	5	1
39	6	1
39	7	1
39	8	4
39	9	1
39	10	4
39	11	2
39	12	2
39	13	4
39	14	3
39	15	5
39	16	2
39	17	1
39	18	2
39	19	5
39	21	1
39	22	2
39	23	1
39	26	1
39	27	4
39	28	1
39	29	2
39	30	1
39	32	1
39	33	2
39	34	1
39	35	2
39	36	3
39	37	5
39	38	10
40	1	2
40	4	1
40	5	2
40	7	1
40	8	1
40	9	1
40	10	2
40	12	2
40	13	4
40	14	1
40	15	1
40	19	2
40	20	2
40	22	1
40	23	1
40	24	2
40	27	5
40	28	4
40	29	3
40	30	2
40	31	4
40	33	3
40	35	6
40	36	2
40	37	3
40	38	7
40	39	3
41	2	2
41	3	1
41	4	1
41	7	1
41	8	1
41	9	3
41	10	2
41	11	3
41	14	3
41	15	1
41	16	3
41	18	1
41	19	1
41	20	1
41	21	2
41	23	1
41	24	1
41	25	1
41	26	1
41	27	1
41	28	1
41	30	4
41	31	5
41	32	1
41	34	2
41	35	2
41	36	4
41	37	3
41	38	5
41	39	3
41	40	6
42	4	1
42	5	1
42	6	1
42	8	3
42	11	3
42	12	1
42	13	2
42	14	1
42	15	1
42	16	1
42	17	3
42	18	1
42	19	1
42	20	1
42	21	1
42	22	1
42	24	1
42	26	2
42	27	1
42	28	2
42	29	1
42	30	2
42	31	3
42	33	1
42	34	1
42	37	3
42	38	2
42	39	3
42	40	3
42	41	5
43	1	3
43	3	1
43	4	1
43	5	1
43	10	2
43	11	2
43	12	1
43	13	1
43	14	3
43	16	3
43	18	1
43	23	1
43	24	1
43	26	1
43	28	2
43	29	1
43	30	2
43	31	5
43	33	2
43	34	3
43	38	1
43	39	1
43	40	1
43	41	5
43	42	4
44	2	1
44	3	1
44	4	2
44	5	2
44	16	1
44	27	1
44	28	1
44	29	3
44	30	5
44	31	1
44	32	1
44	33	2
44	35	2
44	38	1
44	39	1
44	40	2
44	41	2
44	43	6
45	0	2
45	1	2
45	3	2
45	6	2
45	9	2
45	12	2
45	14	1
45	17	2
45	18	1
45	27	1
45	28	1
45	29	1
45	30	1
45	32	2
45	33	2
45	34	1
45	35	2
45	37	1
45	38	1
45	41	3
45	43	6
45	44	2
46	2	1
46	3	1
46	4	1
46	7	2
46	8	1
46	9	1
46	13	3
46	14	1
46	15	1
46	27	3
46	30	1
46	31	1
46	32	2
46	33	1
46	34	1
46	35	1
46	36	1
46	37	1
46	38	2
46	39	3
46	40	1
46	41	2
46	42	1
46	43	2
46	44	2
46	45	6
47	1	1
47	3	1
47	4	1
47	5	1
47	7	1
47	11	1
47	13	1
47	15	1
47	19	1
47	20	1
47	27	1
47	28	1
47	29	1
47	30	1
47	31	1
47	33	1
47	34	1
47	36	2
47	38	1
47	40	3
47	41	1
47	43	4
47	44	2
47	45	3
47	46	6
48	2	1
48	3	1
48	7	1
48	8	1
48	10	1
48	11	2
48	13	1
48	25	2
48	28	1
48	30	1
48	31	2
48	35	2
48	36	2
48	43	3
48	44	1
48	46	3
48	47	3
49	0	2
49	5	3
49	6	1
49	7	1
49	9	1
49	10	1
49	11	2
49	12	1
49	14	3
49	15	1
49	18	2
49	19	1
49	21	3
49	24	1
49	27	1
49	28	1
49	30	1
49	31	2
49	33	1
49	36	1
49	37	1
49	39	1
49	41	2
49	42	3
49	43	3
49	46	1
49	47	4
49	48	3
50	1	1
50	3	2
50	4	1
50	5	1
50	10	2
50	15	1
50	18	2
50	22	1
50	27	1
50	28	2
50	29	2
50	30	1
50	31	1
50	32	1
50	36	1
50	37	2
50	38	1
50	39	2
50	40	2
50	42	2
50	43	1
50	44	1
50	45	1
50	46	2
50	47	1
50	48	2
50	49	2
51	4	1
51	5	1
51	9	1
51	10	2
51	12	2
51	13	3
51	14	2
51	15	3
51	19	1
51	20	2
51	27	1
51	28	3
51	31	2
51	33	1
51	35	2
51	37	1
51	38	3
51	39	4
51	40	1
51	42	1
51	44	2
51	45	3
51	47	1
51	48	4
51	49	3
51	50	2
52	0	1
52	4	1
52	6	1
52	7	1
52	8	1
52	10	2
52	11	1
52	12	1
52	13	3
52	16	1
52	18	1
52	20	1
52	21	1
52	24	1
52	28	1
52	29	1
52	30	1
52	31	2
52	35	1
52	36	2
52	37	1
52	38	2
52	39	3
52	40	2
52	41	7
52	42	1
52	43	1
52	44	1
52	45	2
52	47	2
52	48	1
52	49	2
52	50	1
52	51	6
53	3	1
53	4	1
53	6	1
53	7	1
53	8	1
53	10	1
53	11	1
53	12	3
53	14	2
53	16	4
53	17	2
53	18	1
53	20	2
53	26	1
53	27	3
53	28	2
53	29	1
53	31	1
53	32	2
53	33	1
53	34	1
53	36	1
53	38	3
53	39	2
53	40	2
53	43	3
53	44	2
53	47	2
53	49	8
53	50	5
53	51	5
53	52	5
54	0	1
54	1	2
54	2	2
54	4	1
54	5	1
54	6	2
54	14	1
54	15	1
54	17	3
54	19	3
54	20	3
54	26	1
54	27	2
54	28	1
54	29	1
54	30	2
54	31	2
54	32	1
54	35	2
54	36	1
54	37	2
54	38	1
54	39	1
54	40	1
54	41	1
54	42	1
54	43	1
54	44	1
54	45	1
54	46	4
54	47	6
54	48	1
54	49	5
54	51	3
54	52	3
54	53	2
55	2	4
55	3	1
55	4	2
55	8	2
55	9	1
55	10	1
55	11	1
55	12	2
55	13	1
55	14	1
55	17	2
55	18	2
55	19	1
55	20	1
55	21	3
55	24	1
55	27	2
55	28	1
55	30	1
55	31	2
55	32	1
55	33	1
55	34	3
55	35	1
55	36	1
55	37	1
55	39	2
55	40	3
55	41	1
55	42	1
55	43	1
55	45	1
55	46	4
55	47	5
55	48	1
55	49	2
55	50	3
55	52	1
55	53	3
55	54	4
56	4	1
56	5	1
56	9	1
56	11	1
56	12	1
56	15	1
56	18	2
56	21	1
56	26	1
56	28	2
56	30	3
56	31	2
56	33	1
56	35	1
56	39	1
56	40	1
56	41	3
56	42	1
56	45	2
56	46	4
56	47	3
56	48	1
56	49	6
56	50	1
56	53	2
56	54	1
57	2	1
57	4	2
57	6	2
57	8	2
57	9	1
57	10	1
57	11	1
57	13	1
57	14	1
57	17	1
57	18	2
57	22	1
57	23	2
57	24	2
57	29	1
57	33	1
57	38	2
57	39	2
57	41	1
57	42	1
57	44	1
57	46	1
57	47	2
57	48	1
57	49	4
57	50	2
57	51	1
57	55	1
57	56	6
58	3	1
58	4	1
58	10	1
58	12	1
58	13	2
58	18	1
58	20	2
58	26	2
58	27	1
58	28	4
58	29	1
58	30	2
58	33	1
58	35	1
58	37	1
58	38	1
58	39	1
58	40	1
58	42	1
58	43	1
58	45	1
58	46	2
58	47	1
58	48	1
58	49	1
58	51	3
58	52	1
58	53	1
58	56	2
58	57	1
59	2	1
59	4	1
59	9	1
59	10	1
59	11	1
59	12	2
59	13	1
59	14	3
59	15	3
59	18	3
59	19	3
59	24	1
59	27	2
59	28	1
59	29	1
59	30	4
59	31	3
59	32	1
59	33	2
59	34	3
59	36	1
59	37	1
59	38	4
59	40	2
59	41	3
59	42	3
59	43	6
59	44	7
59	45	4
59	47	2
59	48	1
59	49	2
59	51	5
59	53	1
59	54	3
59	55	1
59	56	3
59	57	4
59	58	3
60	4	3
60	6	1
60	8	2
60	9	1
60	10	2
60	11	1
60	13	4
60	14	2
60	15	2
60	16	1
60	17	3
60	18	2
60	19	1
60	20	1
60	21	1
60	22	1
60	24	2
60	26	1
60	27	1
60	28	1
60	30	3
60	31	1
60	32	1
60	33	1
60	34	2
60	35	4
60	37	1
60	38	3
60	39	3
60	40	1
60	41	3
60	42	3
60	45	5
60	46	1
60	47	1
60	48	4
60	49	5
60	50	2
60	51	5
60	52	6
60	53	5
60	54	4
60	55	1
60	57	4
60	58	2
60	59	4
