1	0	4
2	0	2
2	1	2
3	0	1
3	1	4
3	2	5
4	0	1
4	1	2
4	2	1
4	3	3
5	1	1
5	2	1
5	3	5
5	4	3
6	0	1
6	1	2
6	3	3
6	4	6
6	5	2
7	1	1
7	3	1
7	4	2
7	5	3
7	6	1
8	1	2
8	2	1
8	3	1
8	4	7
8	5	5
8	6	7
8	7	4
9	0	1
9	1	4
9	2	1
9	3	2
9	4	5
9	5	3
9	6	1
9	7	1
9	8	7
10	2	4
10	3	2
10	4	5
10	5	1
10	6	1
10	7	2
10	8	6
10	9	5
11	1	1
11	2	1
11	4	4
11	5	2
11	7	2
11	8	2
11	9	5
11	10	7
12	2	2
12	3	2
12	4	1
12	5	1
12	6	2
12	7	1
12	8	2
12	9	4
12	10	3
12	11	1
13	0	3
13	1	1
13	2	2
13	4	1
13	5	1
13	9	1
13	10	2
13	11	5
13	12	1
14	1	1
14	2	3
14	3	2
14	4	1
14	7	2
14	8	2
14	9	3
14	10	2
14	12	3
14	13	3
15	2	1
15	6	1
15	7	1
15	8	2
15	11	2
15	13	5
15	14	5
16	5	1
16	6	1
16	7	2
16	8	3
16	9	1
16	11	1
16	12	2
16	13	4
16	14	6
16	15	3
17	2	2
17	4	1
17	5	1
17	7	2
17	9	1
17	10	3
17	11	1
17	12	1
17	13	2
17	14	2
17	15	3
17	16	5
18	1	3
18	2	1
18	4	1
18	7	2
18	8	4
18	9	4
18	13	3
18	14	1
18	16	1
18	17	2
19	1	4
19	2	1
19	3	2
19	4	1
19	6	3
19	7	2
19	8	3
19	9	2
19	10	1
19	12	2
19	13	3
19	14	1
19	15	2
19	16	1
19	17	9
19	18	10
20	1	2
20	4	1
20	5	3
20	6	4
20	7	1
20	8	5
20	9	2
20	10	3
20	12	1
20	13	2
20	14	2
20	15	1
20	16	1
20	17	3
20	18	7
20	19	6
21	3	1
21	4	2
21	5	2
21	6	4
21	7	2
21	8	1
21	10	1
21	11	1
21	13	3
21	14	2
21	16	2
21	17	2
21	18	5
21	19	4
21	20	5
22	0	1
22	2	1
22	4	1
22	5	1
22	6	1
22	7	2
22	9	2
22	10	2
22	11	1
22	12	1
22	13	1
22	14	3
22	15	1
22	17	6
22	18	2
22	19	1
22	20	5
22	21	9
23	2	2
23	3	2
23	4	1
23	5	1
23	6	1
23	9	1
23	11	1
23	14	1
23	16	1
23	19	1
23	20	3
23	21	5
23	22	3
24	1	1
24	6	1
24	7	1
24	8	2
24	9	1
24	10	1
24	11	1
24	13	1
24	14	1
24	16	1
24	17	2
24	18	2
24	19	1
24	20	1
24	21	2
24	22	2
24	23	7
25	5	1
25	6	1
25	11	1
25	22	1
26	2	1
26	13	1
26	20	1
27	3	3
27	4	2
27	8	3
27	11	1
27	12	3
27	14	4
27	15	2
27	16	2
27	17	1
27	18	1
27	19	2
27	20	2
27	21	1
27	22	1
27	23	1
27	26	1
28	3	2
28	4	2
28	6	1
28	7	1
28	8	2
28	9	2
28	10	1
28	11	1
28	12	1
28	13	1
28	14	2
28	15	2
28	16	2
28	18	3
28	21	1
28	22	5
28	24	1
28	27	4
29	1	1
29	2	1
29	3	1
29	4	2
29	6	1
29	7	1
29	8	1
29	10	2
29	11	1
29	12	1
29	13	1
29	14	1
29	15	3
29	17	1
29	19	2
29	20	2
29	23	2
29	24	1
29	27	1
29	28	5
30	1	1
30	3	3
30	4	1
30	5	2
30	7	2
30	8	1
30	9	1
30	10	3
30	12	1
30	15	1
30	16	1
30	19	1
30	21	1
30	22	1
30	23	1
30	24	3
30	28	2
30	29	3
31	4	1
31	5	1
31	8	1
31	9	1
31	11	1
31	12	1
31	14	1
31	15	1
31	17	1
31	18	2
31	24	1
31	26	2
31	28	5
31	29	2
31	30	7
32	5	1
32	6	1
32	8	2
32	9	1
32	10	2
32	14	1
32	16	1
32	17	1
32	18	1
32	19	1
32	20	1
32	21	2
32	24	2
32	27	1
32	28	1
32	29	2
32	30	4
32	31	1
33	1	1
33	3	1
33	4	1
33	5	1
33	8	1
33	10	1
33	11	1
33	12	1
33	15	1
33	16	1
33	17	3
33	19	1
33	22	2
33	24	2
33	27	1
33	28	5
33	30	2
33	31	5
33	32	1
34	1	1
34	2	3
34	3	1
34	4	3
34	5	2
34	7	1
34	8	1
34	9	3
34	10	1
34	14	1
34	15	1
34	17	1
34	18	1
34	19	2
34	20	3
34	21	6
34	22	2
34	23	1
34	24	2
34	26	1
34	27	1
34	28	2
34	29	5
34	30	2
34	31	3
34	32	1
34	33	2
35	0	2
35	2	2
35	4	3
35	5	2
35	6	2
35	7	3
35	9	2
35	10	3
35	12	2
35	13	2
35	14	3
35	15	3
35	16	2
35	18	7
35	19	3
35	20	1
35	21	2
35	22	1
35	23	3
35	24	1
35	26	1
35	27	2
35	28	3
35	29	4
35	30	3
35	32	2
35	33	3
35	34	2
36	3	2
36	4	3
36	5	3
36	6	2
36	8	1
36	9	1
36	10	3
36	12	1
36	13	3
36	15	1
36	16	1
36	17	2
36	18	1
36	19	1
36	21	2
36	22	1
36	24	1
36	26	1
36	27	2
36	28	3
36	29	1
36	33	1
36	34	1
36	35	1
37	1	1
37	4	1
37	6	1
37	7	1
37	8	1
37	9	1
37	10	3
37	12	1
37	13	4
37	17	1
37	19	2
37	21	1
37	22	3
37	23	2
37	26	1
37	27	4
37	28	4
37	29	3
37	30	1
37	31	3
37	34	2
37	35	7
37	36	1
38	1	2
38	2	3
38	4	1
38	5	1
38	6	1
38	9	2
38	10	2
38	13	2
38	15	2
38	16	2
38	18	2
38	19	1
38	20	1
38	22	1
38	23	1
38	27	1
38	28	1
38	29	2
38	30	3
38	31	5
38	32	2
38	33	3
38	34	2
38	35	6
38	36	4
38	37	8
39	4	3
39	7	4
39	8	3
39	9	1
39	10	4
39	11	1
39	14	2
39	15	1
39	16	1
39	17	1
39	18	2
39	20	2
39	21	2
39	23	1
39	26	2
39	27	3
39	28	9
39	29	2
39	30	1
39	31	2
39	32	2
39	33	1
39	34	1
39	35	3
39	36	4
39	37	9
39	38	11
40	1	1
40	2	1
40	5	1
40	6	3
40	9	1
40	11	1
40	12	3
40	13	1
40	15	1
40	16	2
40	17	3
40	18	4
40	21	1
40	22	1
40	23	2
40	24	1
40	27	1
40	28	6
40	29	2
40	30	4
40	31	2
40	32	4
40	33	1
40	34	2
40	35	4
40	36	1
40	37	3
40	38	4
40	39	4
41	4	2
41	5	1
41	6	1
41	7	2
41	10	3
41	11	1
41	12	2
41	14	1
41	15	1
41	16	1
41	17	3
41	18	1
41	21	4
41	23	2
41	27	2
41	28	1
41	30	3
41	31	2
41	32	3
41	34	2
41	35	6
41	36	1
41	37	1
41	38	3
41	39	1
41	40	10
42	6	2
42	7	1
42	10	1
42	12	2
42	15	3
42	16	1
42	18	1
42	19	2
42	21	2
42	22	2
42	23	1
42	24	1
42	26	1
42	27	2
42	28	1
42	29	2
42	30	4
42	31	1
42	32	5
42	34	2
42	35	2
42	36	1
42	37	2
42	38	4
42	40	1
42	41	3
43	1	2
43	3	1
43	4	1
43	8	3
43	9	4
43	11	1
43	12	2
43	13	1
43	15	3
43	16	1
43	19	1
43	21	1
43	23	1
43	24	1
43	26	1
43	27	3
43	28	3
43	29	1
43	30	1
43	31	7
43	32	1
43	33	1
43	35	2
43	37	1
43	38	2
43	39	3
43	40	2
43	41	2
43	42	6
44	0	2
44	1	3
44	2	1
44	3	3
44	4	3
44	5	2
44	7	1
44	9	1
44	11	2
44	13	1
44	14	2
44	17	1
44	20	1
44	21	1
44	26	2
44	29	2
44	30	2
44	31	2
44	33	2
44	37	1
44	38	3
44	39	1
44	40	1
44	42	1
44	43	4
45	0	1
45	1	3
45	2	1
45	3	1
45	4	1
45	5	1
45	6	1
45	8	1
45	12	1
45	14	1
45	17	1
45	18	1
45	20	2
45	23	1
45	24	1
45	26	2
45	28	2
45	29	3
45	31	1
45	32	2
45	33	2
45	35	1
45	36	1
45	37	2
45	38	2
45	39	1
45	40	1
45	41	1
45	42	2
45	43	6
45	44	3
46	1	2
46	3	2
46	4	2
46	7	2
46	8	1
46	9	1
46	11	2
46	13	1
46	15	2
46	18	1
46	19	1
46	21	1
46	29	1
46	30	1
46	31	1
46	33	1
46	34	1
46	36	4
46	37	1
46	38	1
46	39	1
46	40	2
46	42	1
46	43	6
46	44	3
46	45	3
47	1	2
47	2	1
47	4	1
47	5	2
47	6	2
47	9	2
47	13	3
47	16	1
47	17	2
47	18	1
47	19	1
47	27	1
47	28	1
47	29	1
47	32	1
47	33	1
47	36	1
47	38	2
47	39	2
47	42	2
47	43	3
47	45	3
47	46	5
48	0	1
48	1	1
48	2	1
48	8	1
48	11	1
48	15	2
48	22	3
48	27	1
48	28	1
48	35	2
48	37	2
48	38	2
48	40	1
48	41	2
48	43	3
48	44	1
48	45	1
48	46	1
48	47	2
49	1	1
49	4	1
49	8	1
49	9	3
49	12	2
49	13	1
49	15	1
49	16	1
49	19	1
49	20	1
49	23	1
49	24	2
49	25	1
49	27	3
49	28	1
49	29	1
49	30	3
49	31	1
49	32	2
49	34	2
49	35	1
49	36	1
49	38	2
49	40	2
49	43	2
49	44	4
49	45	1
49	46	4
49	47	4
49	48	5
50	3	1
50	8	3
50	15	2
50	18	2
50	25	1
50	26	1
50	31	1
50	32	1
50	35	2
50	37	2
50	39	2
50	40	2
50	45	2
50	46	1
50	47	1
50	48	4
50	49	2
51	1	1
51	4	1
51	5	1
51	9	1
51	10	3
51	11	2
51	12	1
51	13	1
51	17	2
51	19	2
51	20	2
51	26	1
51	27	1
51	28	1
51	30	2
51	32	1
51	33	1
51	36	2
51	37	1
51	38	1
51	39	1
51	40	3
51	41	1
51	42	3
51	44	1
51	45	1
51	46	1
51	47	1
51	48	4
51	49	1
51	50	4
52	4	1
52	7	1
52	8	1
52	11	1
52	12	5
52	13	1
52	14	1
52	15	2
52	16	1
52	17	2
52	18	3
52	23	1
52	26	2
52	27	1
52	30	3
52	32	1
52	34	1
52	36	1
52	37	1
52	38	1
52	39	2
52	41	1
52	42	1
52	43	1
52	45	1
52	46	1
52	47	2
52	49	3
52	50	5
52	51	8
53	1	1
53	3	1
53	4	2
53	5	1
53	9	1
53	10	1
53	11	1
53	13	1
53	14	3
53	15	1
53	16	2
53	19	1
53	22	3
53	27	2
53	28	2
53	29	1
53	30	1
53	31	6
53	32	2
53	33	1
53	36	1
53	37	4
53	38	1
53	39	2
53	40	2
53	41	2
53	42	2
53	43	5
53	46	1
53	47	4
53	48	2
53	49	5
53	50	5
53	51	6
53	52	6
54	0	3
54	8	1
54	10	2
54	12	1
54	15	1
54	19	2
54	20	1
54	26	1
54	27	3
54	28	4
54	31	1
54	33	1
54	35	2
54	37	3
54	38	3
54	39	3
54	41	3
54	42	2
54	43	1
54	44	1
54	46	4
54	47	6
54	48	1
54	49	4
54	50	2
54	51	1
54	52	1
54	53	2
55	1	1
55	2	1
55	8	3
55	9	1
55	12	1
55	14	2
55	15	1
55	19	2
55	20	1
55	21	1
55	22	3
55	24	1
55	28	2
55	29	4
55	33	1
55	34	3
55	35	2
55	36	1
55	37	2
55	38	1
55	39	1
55	40	1
55	43	2
55	44	2
55	45	3
55	46	1
55	47	5
55	48	4
55	50	1
55	51	2
55	52	3
55	53	2
55	54	9
56	3	2
56	4	1
56	5	1
56	8	2
56	9	1
56	12	1
56	13	2
56	20	2
56	21	2
56	26	2
56	31	3
56	32	1
56	33	2
56	35	2
56	36	2
56	37	1
56	38	1
56	39	1
56	40	1
56	41	1
56	42	2
56	43	1
56	44	2
56	45	1
56	46	4
56	47	2
56	48	3
56	49	4
56	52	1
56	53	3
56	54	1
57	0	1
57	3	2
57	6	1
57	8	1
57	10	1
57	11	1
57	12	2
57	13	1
57	14	1
57	15	3
57	18	2
57	23	1
57	24	2
57	28	1
57	29	1
57	30	1
57	31	1
57	32	1
57	33	1
57	34	1
57	35	3
57	36	1
57	37	2
57	38	2
57	39	2
57	41	2
57	42	2
57	43	1
57	44	1
57	45	4
57	46	2
57	47	2
57	48	2
57	49	2
57	50	1
57	51	4
57	52	2
57	53	3
57	54	1
57	55	1
57	56	8
58	3	1
58	4	1
58	8	1
58	9	1
58	12	1
58	13	1
58	14	2
58	19	2
58	27	2
58	28	1
58	30	2
58	31	1
58	33	1
58	34	1
58	35	1
58	38	3
58	39	1
58	41	4
58	42	1
58	43	1
58	46	2
58	48	1
58	49	1
58	51	1
58	52	1
58	53	2
58	54	1
58	55	2
58	56	3
58	57	5
59	1	2
59	4	2
59	5	2
59	7	2
59	9	1
59	11	3
59	14	1
59	15	1
59	17	1
59	18	2
59	19	1
59	20	1
59	22	2
59	28	1
59	29	2
59	30	2
59	31	1
59	32	2
59	33	1
59	35	1
59	36	3
59	37	1
59	38	2
59	39	1
59	42	6
59	43	6
59	44	2
59	45	2
59	46	2
59	47	1
59	48	6
59	51	1
59	52	2
59	53	1
59	55	2
59	56	1
59	57	2
59	58	4
60	1	2
60	2	1
60	3	1
60	4	1
60	5	1
60	8	2
60	10	1
60	11	2
60	13	3
60	14	2
60	15	2
60	16	2
60	17	1
60	19	2
60	20	1
60	22	2
60	26	3
60	27	2
60	30	2
60	31	3
60	33	1
60	34	1
60	36	2
60	37	3
60	38	5
60	39	3
60	40	5
60	42	1
60	44	3
60	45	1
60	47	4
60	49	3
60	50	6
60	51	7
60	52	8
60	53	6
60	55	1
60	58	1
60	59	1
