1	0	4
2	0	1
2	1	7
3	1	5
3	2	6
4	3	1
5	0	3
5	1	2
5	2	2
5	3	4
5	4	7
6	0	1
6	4	3
6	5	7
7	1	1
7	2	1
7	4	3
7	5	3
7	6	3
8	1	2
8	2	2
8	3	1
8	4	10
8	5	5
8	6	6
8	7	2
9	3	2
9	4	5
9	5	3
9	6	3
9	7	2
9	8	3
10	0	1
10	2	3
10	3	1
10	4	1
10	5	4
10	6	2
10	7	3
10	8	4
10	9	5
11	1	1
11	2	1
11	4	2
11	5	2
11	6	2
11	8	2
11	9	3
11	10	5
12	1	4
12	2	1
12	4	3
12	5	1
12	6	1
12	7	2
12	8	4
12	9	1
12	10	2
12	11	5
13	1	1
13	2	1
13	3	1
13	4	3
13	6	3
13	7	1
13	8	2
13	9	3
13	10	2
13	11	1
13	12	3
14	3	2
14	4	1
14	6	1
14	8	2
14	9	1
14	10	2
14	11	2
14	12	2
14	13	6
15	2	2
15	3	2
15	4	1
15	5	1
15	6	1
15	7	1
15	11	2
15	12	3
15	13	3
15	14	4
16	1	2
16	3	1
16	5	3
16	8	2
16	9	2
16	10	1
16	11	2
16	12	1
16	13	7
16	14	1
16	15	3
17	1	1
17	3	1
17	4	2
17	5	3
17	7	2
17	9	3
17	10	3
17	11	1
17	12	3
17	13	2
17	14	8
17	15	2
17	16	3
18	1	1
18	2	1
18	3	2
18	4	3
18	6	1
18	8	1
18	9	1
18	10	3
18	12	2
18	13	5
18	14	4
18	15	1
18	16	2
18	17	7
19	0	1
19	2	2
19	3	1
19	4	2
19	5	2
19	7	1
19	8	1
19	10	1
19	11	1
19	12	1
19	13	5
19	14	1
19	15	1
19	16	3
19	17	7
19	18	3
20	4	2
20	5	3
20	7	1
20	8	2
20	9	3
20	10	4
20	13	1
20	14	1
20	15	1
20	17	2
20	18	3
20	19	3
21	0	1
21	2	2
21	4	3
21	5	2
21	7	1
21	8	2
21	10	1
21	11	1
21	13	1
21	14	2
21	15	2
21	16	4
21	17	1
21	18	1
21	19	3
21	20	7
22	1	1
22	3	1
22	4	2
22	6	2
22	7	1
22	8	2
22	10	1
22	11	1
22	12	2
22	13	3
22	14	2
22	17	2
22	18	2
22	19	1
22	20	9
22	21	4
23	4	2
23	6	2
23	7	1
23	8	1
23	9	1
23	10	3
23	11	2
23	12	1
23	15	2
23	17	1
23	19	5
23	20	2
23	21	5
23	22	2
24	2	1
24	4	2
24	5	4
24	7	2
24	8	3
24	10	2
24	13	1
24	14	1
24	15	5
24	16	2
24	20	2
24	21	5
24	22	3
24	23	4
25	9	2
25	16	1
25	19	1
26	1	1
26	2	1
26	10	1
26	13	1
26	14	4
26	16	1
26	20	1
26	22	2
27	3	2
27	4	1
27	5	1
27	8	1
27	9	1
27	10	1
27	15	1
27	19	2
27	20	1
27	22	2
27	24	1
27	26	1
28	0	1
28	1	1
28	3	1
28	4	4
28	5	3
28	6	1
28	7	1
28	9	1
28	10	2
28	13	4
28	15	1
28	16	3
28	17	3
28	18	1
28	19	3
28	20	1
28	21	1
28	22	1
28	23	2
28	24	2
28	27	4
29	4	2
29	6	1
29	7	1
29	8	3
29	9	1
29	11	2
29	13	1
29	15	1
29	16	1
29	17	2
29	18	1
29	19	1
29	20	2
29	21	3
29	24	1
29	27	1
29	28	1
30	2	3
30	3	1
30	4	2
30	5	1
30	6	2
30	7	2
30	9	1
30	10	1
30	12	1
30	14	1
30	15	1
30	16	1
30	18	3
30	19	5
30	20	1
30	21	1
30	22	2
30	24	1
30	27	2
30	29	4
31	3	3
31	4	2
31	8	1
31	9	1
31	10	2
31	11	1
31	12	1
31	13	1
31	15	2
31	16	1
31	19	1
31	21	1
31	22	3
31	24	1
31	26	1
31	27	2
31	28	4
31	29	2
31	30	3
32	1	1
32	4	2
32	5	1
32	6	2
32	11	1
32	13	1
32	14	1
32	16	2
32	17	1
32	18	2
32	19	1
32	20	2
32	21	1
32	22	1
32	26	1
32	27	2
32	28	7
32	29	1
32	30	1
32	31	1
33	2	1
33	4	1
33	9	1
33	10	1
33	12	1
33	14	2
33	15	1
33	17	2
33	19	2
33	20	2
33	21	4
33	22	3
33	26	1
33	27	1
33	28	1
33	29	1
33	30	2
33	32	3
34	1	1
34	2	1
34	4	2
34	5	3
34	6	4
34	8	1
34	9	4
34	10	1
34	11	1
34	12	1
34	13	3
34	14	1
34	15	1
34	16	1
34	18	4
34	19	3
34	21	1
34	22	2
34	23	2
34	24	3
34	27	2
34	28	2
34	29	3
34	30	4
34	31	3
34	32	3
34	33	3
35	3	1
35	4	2
35	5	3
35	6	1
35	7	1
35	9	3
35	11	1
35	12	3
35	13	3
35	14	4
35	15	3
35	16	1
35	17	3
35	18	2
35	19	2
35	20	3
35	21	2
35	22	2
35	23	1
35	26	1
35	27	1
35	28	6
35	29	5
35	30	1
35	31	1
35	33	5
35	34	5
36	3	1
36	6	2
36	7	1
36	8	4
36	9	1
36	10	4
36	12	2
36	13	1
36	14	2
36	16	2
36	17	1
36	18	3
36	19	2
36	20	1
36	21	3
36	24	1
36	26	1
36	28	3
36	30	1
36	31	2
36	34	2
36	35	1
37	0	1
37	4	1
37	5	3
37	7	1
37	8	3
37	9	3
37	10	1
37	13	5
37	14	2
37	16	4
37	17	1
37	18	5
37	19	1
37	20	1
37	21	1
37	22	3
37	23	1
37	24	1
37	26	1
37	27	2
37	28	3
37	29	1
37	30	2
37	32	2
37	33	1
37	34	1
37	35	3
37	36	2
38	0	1
38	2	1
38	3	2
38	4	4
38	6	1
38	7	2
38	8	3
38	9	2
38	11	2
38	12	2
38	13	4
38	14	1
38	16	5
38	17	1
38	18	1
38	19	7
38	21	2
38	22	2
38	23	3
38	24	2
38	25	1
38	26	1
38	27	5
38	28	4
38	29	3
38	30	3
38	31	3
38	32	3
38	34	1
38	35	6
38	36	3
38	37	5
39	1	1
39	3	1
39	5	3
39	7	1
39	8	3
39	9	1
39	10	2
39	12	1
39	13	4
39	15	2
39	16	4
39	19	3
39	20	2
39	21	1
39	23	2
39	26	3
39	28	4
39	29	1
39	30	2
39	32	1
39	34	1
39	35	5
39	36	1
39	37	7
39	38	9
40	1	1
40	2	1
40	4	2
40	5	2
40	7	1
40	9	1
40	10	2
40	11	1
40	12	1
40	15	1
40	17	1
40	18	2
40	21	1
40	22	1
40	27	1
40	28	1
40	29	3
40	30	3
40	31	2
40	32	1
40	34	3
40	35	1
40	37	2
40	38	6
40	39	4
41	1	1
41	2	2
41	3	1
41	4	3
41	6	1
41	8	2
41	10	2
41	11	2
41	12	1
41	13	4
41	14	1
41	15	1
41	19	1
41	20	1
41	21	1
41	22	1
41	26	1
41	27	2
41	28	3
41	29	3
41	30	2
41	31	2
41	32	1
41	33	1
41	34	1
41	36	4
41	37	2
41	38	2
41	39	3
41	40	9
42	4	1
42	6	1
42	10	1
42	11	1
42	12	1
42	13	5
42	17	2
42	18	1
42	24	2
42	26	3
42	27	1
42	28	1
42	29	3
42	30	1
42	31	2
42	32	1
42	34	1
42	35	2
42	37	3
42	38	6
42	39	4
42	40	2
42	41	3
43	1	1
43	3	1
43	4	2
43	6	1
43	7	1
43	8	2
43	10	1
43	11	3
43	13	3
43	19	3
43	21	4
43	24	1
43	27	2
43	28	1
43	29	1
43	30	2
43	31	9
43	32	1
43	33	4
43	34	1
43	35	1
43	37	1
43	38	3
43	40	1
43	41	5
43	42	7
44	0	2
44	1	1
44	4	3
44	7	2
44	9	1
44	14	1
44	16	3
44	17	1
44	19	1
44	26	2
44	27	2
44	28	3
44	29	1
44	31	3
44	32	1
44	34	2
44	35	1
44	36	1
44	37	3
44	38	4
44	39	2
44	40	2
44	41	3
44	42	1
44	43	4
45	0	1
45	3	1
45	6	1
45	10	1
45	12	3
45	14	1
45	18	1
45	19	2
45	20	2
45	23	1
45	27	1
45	28	1
45	29	2
45	30	1
45	31	2
45	32	1
45	33	1
45	34	1
45	35	1
45	36	2
45	37	1
45	38	3
45	39	1
45	40	2
45	41	2
45	43	3
45	44	3
46	3	1
46	4	2
46	5	2
46	7	1
46	9	1
46	13	3
46	14	1
46	19	1
46	29	1
46	31	2
46	32	1
46	33	1
46	34	1
46	35	1
46	38	2
46	39	2
46	40	2
46	41	1
46	42	2
46	43	2
46	44	6
46	45	3
47	1	1
47	2	1
47	3	2
47	4	2
47	5	1
47	6	1
47	11	1
47	12	1
47	13	1
47	15	1
47	17	1
47	18	1
47	19	1
47	24	1
47	27	1
47	30	2
47	31	1
47	32	2
47	35	3
47	36	1
47	38	2
47	39	1
47	43	1
47	44	1
47	45	2
47	46	1
48	2	1
48	4	1
48	10	2
48	13	1
48	14	2
48	15	2
48	27	1
48	28	2
48	35	1
48	36	1
48	37	1
48	38	5
48	41	2
48	43	2
48	44	1
48	45	5
48	46	3
48	47	5
49	0	2
49	1	3
49	4	1
49	5	1
49	6	3
49	7	2
49	10	2
49	13	1
49	14	1
49	15	1
49	16	1
49	20	1
49	21	1
49	23	2
49	24	1
49	27	3
49	28	1
49	31	1
49	32	2
49	33	1
49	34	3
49	35	3
49	36	1
49	37	1
49	38	1
49	39	2
49	40	1
49	43	1
49	44	1
49	45	1
49	46	1
49	47	5
49	48	4
50	0	3
50	1	1
50	4	1
50	5	1
50	9	2
50	12	1
50	13	2
50	14	1
50	18	2
50	22	1
50	27	1
50	30	1
50	36	1
50	37	1
50	38	2
50	39	1
50	41	1
50	43	2
50	44	2
50	46	2
50	48	1
50	49	5
51	1	1
51	4	1
51	7	1
51	9	2
51	10	4
51	12	3
51	14	2
51	15	1
51	16	1
51	17	2
51	18	1
51	19	1
51	20	2
51	26	1
51	27	3
51	28	1
51	29	2
51	30	1
51	31	1
51	32	1
51	33	1
51	34	2
51	35	1
51	37	1
51	38	1
51	40	1
51	42	4
51	44	1
51	45	1
51	46	1
51	47	3
51	48	4
51	49	2
51	50	1
52	0	1
52	7	1
52	8	2
52	9	1
52	10	1
52	11	2
52	13	1
52	15	2
52	18	3
52	19	1
52	20	1
52	23	1
52	24	1
52	28	3
52	30	1
52	33	1
52	38	2
52	39	3
52	40	2
52	41	5
52	43	5
52	44	1
52	46	1
52	47	3
52	48	3
52	49	7
52	50	9
52	51	14
53	3	1
53	4	1
53	6	2
53	7	2
53	8	2
53	9	1
53	11	1
53	12	4
53	13	2
53	15	2
53	16	1
53	18	1
53	24	2
53	27	1
53	28	2
53	30	2
53	31	1
53	32	2
53	33	2
53	35	1
53	37	1
53	38	3
53	39	1
53	40	1
53	41	5
53	42	1
53	43	1
53	45	1
53	47	1
53	49	5
53	50	3
53	51	4
53	52	5
54	1	1
54	2	4
54	9	1
54	13	3
54	15	1
54	16	1
54	17	1
54	18	1
54	19	1
54	20	1
54	27	1
54	30	2
54	31	2
54	33	1
54	36	1
54	38	1
54	39	3
54	40	3
54	41	3
54	42	2
54	43	3
54	44	3
54	45	1
54	46	3
54	47	5
54	48	2
54	49	4
54	51	3
54	52	1
54	53	2
55	0	1
55	1	1
55	3	1
55	9	1
55	10	1
55	11	2
55	12	3
55	13	3
55	14	1
55	17	1
55	18	1
55	27	3
55	28	3
55	30	1
55	31	1
55	32	1
55	34	1
55	36	2
55	37	1
55	38	3
55	40	3
55	41	4
55	42	3
55	44	3
55	45	1
55	46	2
55	47	4
55	48	1
55	49	4
55	51	1
55	52	1
55	54	5
56	3	1
56	4	1
56	5	3
56	8	1
56	10	1
56	12	1
56	18	1
56	20	1
56	26	1
56	27	1
56	28	1
56	31	1
56	32	2
56	35	1
56	36	2
56	37	1
56	38	2
56	39	1
56	41	2
56	42	3
56	43	4
56	45	2
56	46	1
56	47	6
56	48	3
56	49	3
56	50	2
56	51	2
56	52	1
56	53	3
56	55	3
57	2	1
57	3	1
57	4	2
57	6	1
57	8	1
57	10	1
57	12	3
57	13	3
57	14	1
57	15	2
57	16	1
57	17	1
57	18	2
57	22	2
57	23	1
57	27	1
57	28	3
57	30	1
57	35	3
57	36	1
57	37	3
57	41	2
57	42	1
57	43	3
57	44	2
57	45	2
57	46	3
57	47	3
57	48	2
57	49	4
57	50	1
57	51	2
57	52	3
57	56	4
58	0	1
58	4	3
58	8	1
58	14	3
58	15	1
58	17	2
58	19	1
58	23	1
58	26	1
58	27	3
58	28	4
58	29	1
58	31	1
58	32	1
58	33	4
58	34	2
58	35	1
58	36	2
58	38	1
58	40	1
58	41	2
58	42	1
58	43	2
58	44	3
58	45	2
58	47	1
58	48	2
58	49	1
58	50	1
58	53	3
58	55	1
58	56	2
58	57	3
59	1	2
59	2	3
59	3	1
59	5	1
59	7	2
59	8	1
59	9	1
59	10	2
59	13	1
59	15	1
59	17	1
59	18	1
59	19	1
59	24	2
59	26	2
59	27	1
59	28	3
59	29	3
59	30	5
59	31	1
59	32	4
59	33	1
59	34	1
59	35	3
59	36	3
59	37	4
59	38	3
59	39	1
59	40	1
59	41	2
59	42	4
59	43	4
59	44	5
59	45	4
59	47	3
59	48	4
59	49	3
59	50	1
59	51	3
59	52	2
59	53	1
59	54	3
59	55	1
59	56	5
59	57	2
59	58	5
60	0	2
60	2	1
60	3	1
60	6	1
60	7	3
60	8	2
60	9	1
60	10	1
60	11	2
60	12	3
60	13	3
60	14	5
60	15	4
60	16	3
60	17	1
60	18	1
60	19	1
60	20	2
60	21	3
60	26	1
60	28	3
60	30	4
60	32	1
60	33	1
60	34	1
60	35	3
60	36	2
60	37	1
60	38	1
60	40	2
60	41	2
60	42	1
60	43	2
60	45	3
60	46	2
60	47	1
60	48	2
60	49	2
60	50	4
60	51	6
60	52	3
60	53	8
60	54	3
60	55	2
60	56	2
60	57	4
60	58	2
60	59	2
