1	0	4
2	0	4
2	1	4
3	0	1
3	1	3
3	2	5
4	1	1
4	3	4
5	0	1
5	1	2
5	2	3
5	4	3
6	0	1
6	1	1
6	3	2
6	4	3
6	5	3
7	1	1
7	2	4
7	4	4
7	6	1
8	1	2
8	3	2
8	4	11
8	5	4
8	6	5
8	7	4
9	0	1
9	1	2
9	2	1
9	3	6
9	4	3
9	5	2
9	6	3
9	7	1
9	8	2
10	2	1
10	3	3
10	4	2
10	5	2
10	7	2
10	8	4
10	9	10
11	1	1
11	3	1
11	6	1
11	7	1
11	8	2
11	9	4
11	10	2
12	2	1
12	4	1
12	5	1
12	6	3
12	7	2
12	8	2
12	9	1
12	10	4
12	11	7
13	0	2
13	1	2
13	4	3
13	5	1
13	6	4
13	7	1
13	8	6
13	9	1
13	10	5
13	11	1
13	12	2
14	3	1
14	5	1
14	6	2
14	8	1
14	11	4
14	12	1
14	13	2
15	2	1
15	3	1
15	4	1
15	5	2
15	7	1
15	8	3
15	11	1
15	12	1
15	13	2
15	14	4
16	2	1
16	3	2
16	6	2
16	7	1
16	8	1
16	9	3
16	10	2
16	11	1
16	12	2
16	13	8
16	14	4
16	15	3
17	3	1
17	4	2
17	6	1
17	7	1
17	8	1
17	9	1
17	10	2
17	11	2
17	12	1
17	13	3
17	14	3
17	15	1
17	16	8
18	2	1
18	3	1
18	4	1
18	5	1
18	6	1
18	7	1
18	8	4
18	10	2
18	11	2
18	13	2
18	14	2
18	16	2
18	17	2
19	0	1
19	2	1
19	3	2
19	5	2
19	6	3
19	7	3
19	8	2
19	9	3
19	10	4
19	11	2
19	12	5
19	13	2
19	15	3
19	16	3
19	17	3
19	18	2
20	1	2
20	2	2
20	4	4
20	5	2
20	6	3
20	7	1
20	8	2
20	9	1
20	10	1
20	11	1
20	12	2
20	13	2
20	15	2
20	16	3
20	17	3
20	18	5
20	19	5
21	1	2
21	3	1
21	4	1
21	6	1
21	7	1
21	8	1
21	10	1
21	12	3
21	13	1
21	14	2
21	15	5
21	17	2
21	18	3
21	19	3
21	20	7
22	1	1
22	3	1
22	5	2
22	6	1
22	8	2
22	9	2
22	10	2
22	11	3
22	12	1
22	14	1
22	15	1
22	16	2
22	18	5
22	19	3
22	20	5
22	21	3
23	0	1
23	3	2
23	4	2
23	5	1
23	6	1
23	8	2
23	9	2
23	11	1
23	13	1
23	14	1
23	16	2
23	17	2
23	18	2
23	19	2
23	20	5
23	21	2
23	22	4
24	1	1
24	3	1
24	4	1
24	5	3
24	6	1
24	7	2
24	8	3
24	10	1
24	17	1
24	18	2
24	19	1
24	20	2
24	21	1
24	22	1
24	23	7
25	4	2
25	6	1
25	16	1
26	3	1
26	10	1
26	13	2
26	14	2
26	15	2
26	19	1
26	20	1
26	24	1
27	4	2
27	5	1
27	6	3
27	8	1
27	10	1
27	12	1
27	14	4
27	15	2
27	16	3
27	18	2
27	19	5
27	20	1
27	21	1
27	22	1
27	23	1
27	24	1
27	26	1
28	0	1
28	4	2
28	5	3
28	6	1
28	7	1
28	8	6
28	10	3
28	11	1
28	12	4
28	13	1
28	14	2
28	16	3
28	17	3
28	18	1
28	19	3
28	20	4
28	21	4
28	22	2
28	24	2
28	26	2
29	1	2
29	2	2
29	3	2
29	4	1
29	5	2
29	6	1
29	9	1
29	13	1
29	16	2
29	18	4
29	19	2
29	20	3
29	21	1
29	23	1
29	27	1
29	28	2
30	1	1
30	2	1
30	4	3
30	5	1
30	6	2
30	8	3
30	10	2
30	11	1
30	12	1
30	14	2
30	16	1
30	18	1
30	19	3
30	20	1
30	21	1
30	24	3
30	26	1
30	27	3
30	28	2
30	29	4
31	1	1
31	4	1
31	5	1
31	10	2
31	12	2
31	13	2
31	14	1
31	15	1
31	16	1
31	17	1
31	18	1
31	20	1
31	22	2
31	23	2
31	24	1
31	26	2
31	27	2
31	28	1
31	29	2
31	30	7
32	1	1
32	8	2
32	10	2
32	11	1
32	17	1
32	19	2
32	20	1
32	23	2
32	24	1
32	26	2
32	27	3
32	28	4
32	29	2
32	30	2
32	31	4
33	2	1
33	4	3
33	5	3
33	6	1
33	8	4
33	11	3
33	13	2
33	14	1
33	16	1
33	17	1
33	19	2
33	20	1
33	21	2
33	22	2
33	26	1
33	27	1
33	28	4
33	29	4
33	30	6
33	31	2
33	32	4
34	0	1
34	2	1
34	3	3
34	6	4
34	8	2
34	10	1
34	13	2
34	14	3
34	15	1
34	17	4
34	18	2
34	19	2
34	21	3
34	23	1
34	24	2
34	27	1
34	28	3
34	29	1
34	31	4
34	32	1
34	33	3
35	2	1
35	3	1
35	4	5
35	5	2
35	6	1
35	8	2
35	10	2
35	11	1
35	12	1
35	13	4
35	14	4
35	16	4
35	17	2
35	18	4
35	19	4
35	20	2
35	21	1
35	22	6
35	23	4
35	24	2
35	26	1
35	27	4
35	28	4
35	30	3
35	31	2
35	32	1
35	33	2
35	34	2
36	1	1
36	2	1
36	3	2
36	4	3
36	5	1
36	6	1
36	7	2
36	9	2
36	10	1
36	12	1
36	13	4
36	15	2
36	16	2
36	17	2
36	18	1
36	19	3
36	21	2
36	24	1
36	27	1
36	28	3
36	30	2
36	31	1
36	32	1
36	33	1
36	34	2
36	35	1
37	1	1
37	2	2
37	5	1
37	8	2
37	9	1
37	11	2
37	13	2
37	15	1
37	16	2
37	17	3
37	18	2
37	19	3
37	21	1
37	22	1
37	24	1
37	26	2
37	28	7
37	29	3
37	30	1
37	31	4
37	33	1
37	34	3
37	35	2
37	36	2
38	1	1
38	2	1
38	4	2
38	5	1
38	6	2
38	13	4
38	16	2
38	18	1
38	19	3
38	20	1
38	21	1
38	23	1
38	24	1
38	26	2
38	27	4
38	28	5
38	29	3
38	30	3
38	32	3
38	33	1
38	34	6
38	35	4
38	37	6
39	1	1
39	2	4
39	3	2
39	4	3
39	6	1
39	8	2
39	9	1
39	10	1
39	11	3
39	12	2
39	13	3
39	14	3
39	15	1
39	16	2
39	17	3
39	18	2
39	19	3
39	20	2
39	23	2
39	24	1
39	26	1
39	28	2
39	29	1
39	30	2
39	31	2
39	32	1
39	34	1
39	35	1
39	36	2
39	37	7
39	38	6
40	1	1
40	3	2
40	4	5
40	5	2
40	6	1
40	8	2
40	9	2
40	11	1
40	12	2
40	13	1
40	14	1
40	16	3
40	17	1
40	18	3
40	19	2
40	20	2
40	21	1
40	22	3
40	27	1
40	28	4
40	29	4
40	30	2
40	31	3
40	32	2
40	33	2
40	34	3
40	35	2
40	36	2
40	37	3
40	38	6
40	39	1
41	2	1
41	4	1
41	5	1
41	9	1
41	10	1
41	13	1
41	14	1
41	17	1
41	18	4
41	20	1
41	21	1
41	22	1
41	24	2
41	26	1
41	27	3
41	28	2
41	29	2
41	30	1
41	31	1
41	32	2
41	33	1
41	34	2
41	35	2
41	36	1
41	37	2
41	38	3
41	39	3
41	40	8
42	0	2
42	4	1
42	5	1
42	6	1
42	7	2
42	8	2
42	10	2
42	13	2
42	14	1
42	15	1
42	16	1
42	18	1
42	19	1
42	20	1
42	21	1
42	22	1
42	24	1
42	27	4
42	28	3
42	30	4
42	31	3
42	32	1
42	33	1
42	34	1
42	35	2
42	37	1
42	39	2
42	40	3
42	41	3
43	2	1
43	5	2
43	6	1
43	7	1
43	8	1
43	10	1
43	12	2
43	13	3
43	16	1
43	17	1
43	18	1
43	19	2
43	20	3
43	22	1
43	24	2
43	25	1
43	27	1
43	28	1
43	29	2
43	32	1
43	33	2
43	35	1
43	36	2
43	38	2
43	41	7
43	42	2
44	0	1
44	1	1
44	3	4
44	5	3
44	6	1
44	8	1
44	9	1
44	11	1
44	16	1
44	19	1
44	27	1
44	28	2
44	29	1
44	30	1
44	31	3
44	32	2
44	34	1
44	38	1
44	39	1
44	40	1
44	41	4
44	42	5
44	43	7
45	2	2
45	3	1
45	4	3
45	5	1
45	8	1
45	9	1
45	11	1
45	14	3
45	17	1
45	20	1
45	26	1
45	28	2
45	29	1
45	30	2
45	31	3
45	32	1
45	33	2
45	34	2
45	36	2
45	37	1
45	38	3
45	39	2
45	41	1
45	42	4
45	43	2
45	44	2
46	0	1
46	1	1
46	4	2
46	5	1
46	7	2
46	11	2
46	12	1
46	14	3
46	15	3
46	18	2
46	22	1
46	30	1
46	31	1
46	33	1
46	34	1
46	35	1
46	38	2
46	39	2
46	40	2
46	41	2
46	42	1
46	43	2
46	45	6
47	1	1
47	2	1
47	3	1
47	7	1
47	8	2
47	9	1
47	11	2
47	13	1
47	15	2
47	16	2
47	18	1
47	20	1
47	23	1
47	24	2
47	27	1
47	28	1
47	29	4
47	33	2
47	35	2
47	36	3
47	38	2
47	40	1
47	41	1
47	42	1
47	43	5
47	44	4
47	45	1
47	46	5
48	4	2
48	11	1
48	12	3
48	27	3
48	28	2
48	35	1
48	37	2
48	39	2
48	40	1
48	41	1
48	42	2
48	43	1
48	44	1
48	45	1
48	46	1
48	47	7
49	1	3
49	4	1
49	5	1
49	9	1
49	10	1
49	12	1
49	13	1
49	15	1
49	16	3
49	17	1
49	19	2
49	23	1
49	24	1
49	28	3
49	30	1
49	31	1
49	32	1
49	35	1
49	37	2
49	38	3
49	39	5
49	40	3
49	41	4
49	42	3
49	43	4
49	44	5
49	47	5
49	48	2
50	1	1
50	4	1
50	8	1
50	10	1
50	13	1
50	15	3
50	26	1
50	31	1
50	35	1
50	38	1
50	39	3
50	41	3
50	42	3
50	43	1
50	44	1
50	45	3
50	46	1
50	47	2
50	48	1
50	49	1
51	1	1
51	5	1
51	7	1
51	9	1
51	10	1
51	11	1
51	12	1
51	13	1
51	15	1
51	16	2
51	18	3
51	27	1
51	28	4
51	29	1
51	30	1
51	34	1
51	35	1
51	36	1
51	37	1
51	38	2
51	39	1
51	40	1
51	42	3
51	43	1
51	45	3
51	47	1
51	48	3
51	49	4
51	50	4
52	9	3
52	10	3
52	11	3
52	12	4
52	13	1
52	19	1
52	28	2
52	30	2
52	32	1
52	33	1
52	35	1
52	36	1
52	37	1
52	38	2
52	39	2
52	40	4
52	41	2
52	42	1
52	43	1
52	46	2
52	47	1
52	49	2
52	51	11
53	7	1
53	8	1
53	10	1
53	12	2
53	13	2
53	14	1
53	15	2
53	16	2
53	17	2
53	18	1
53	19	1
53	22	1
53	29	2
53	30	1
53	31	1
53	32	1
53	33	1
53	34	1
53	35	2
53	36	2
53	37	1
53	38	3
53	39	3
53	40	2
53	41	2
53	42	1
53	43	1
53	45	1
53	46	1
53	47	2
53	48	2
53	49	4
53	50	5
53	51	5
53	52	5
54	1	1
54	2	1
54	5	1
54	6	2
54	12	1
54	13	2
54	15	1
54	17	1
54	18	1
54	19	2
54	20	1
54	28	2
54	29	1
54	30	2
54	32	1
54	33	2
54	35	1
54	37	1
54	38	3
54	40	2
54	41	4
54	42	1
54	43	2
54	44	1
54	45	1
54	46	6
54	47	2
54	49	2
54	50	2
54	51	1
54	52	3
54	53	2
55	0	1
55	1	1
55	2	1
55	3	3
55	5	1
55	8	1
55	10	2
55	11	1
55	13	3
55	17	1
55	18	2
55	20	1
55	21	1
55	22	1
55	24	1
55	25	1
55	28	1
55	29	1
55	30	2
55	31	4
55	32	1
55	33	1
55	34	1
55	35	1
55	36	5
55	39	2
55	40	4
55	41	1
55	42	1
55	44	1
55	45	2
55	46	3
55	47	3
55	48	3
55	49	5
55	50	3
55	53	4
55	54	11
56	4	1
56	8	1
56	10	1
56	15	3
56	18	1
56	19	1
56	20	1
56	27	1
56	28	4
56	29	2
56	30	2
56	31	2
56	32	1
56	33	1
56	34	1
56	35	2
56	36	2
56	37	1
56	38	3
56	39	2
56	40	2
56	41	2
56	42	3
56	43	3
56	44	1
56	45	1
56	46	1
56	47	1
56	48	2
56	49	2
56	51	1
56	52	2
56	53	3
56	54	2
56	55	4
57	0	1
57	2	1
57	4	2
57	9	1
57	10	1
57	11	2
57	12	1
57	16	1
57	18	2
57	19	2
57	24	1
57	27	2
57	29	2
57	31	3
57	32	1
57	33	1
57	35	1
57	36	1
57	37	2
57	38	1
57	39	1
57	40	2
57	41	2
57	42	2
57	43	3
57	44	3
57	45	2
57	46	2
57	48	1
57	49	4
57	51	1
57	52	3
57	53	1
57	55	2
57	56	6
58	4	2
58	8	2
58	9	1
58	10	2
58	13	2
58	15	1
58	23	1
58	25	1
58	27	2
58	28	1
58	29	1
58	30	2
58	31	3
58	32	1
58	34	1
58	35	1
58	38	1
58	40	2
58	41	2
58	43	1
58	44	2
58	45	1
58	46	1
58	47	3
58	48	3
58	50	4
58	51	2
58	52	2
58	53	3
58	54	1
58	55	3
58	56	2
58	57	3
59	1	2
59	2	1
59	3	2
59	7	1
59	8	1
59	9	1
59	10	2
59	12	2
59	13	1
59	14	1
59	15	2
59	19	1
59	21	1
59	24	1
59	27	3
59	28	2
59	29	2
59	30	1
59	31	4
59	32	2
59	33	1
59	34	1
59	36	3
59	37	2
59	38	4
59	39	1
59	40	4
59	41	4
59	42	5
59	43	6
59	44	1
59	45	4
59	46	4
59	47	2
59	48	2
59	49	4
59	50	2
59	51	2
59	52	3
59	53	1
59	54	1
59	55	1
59	56	3
59	57	2
59	58	3
60	0	1
60	2	1
60	3	1
60	6	1
60	7	1
60	8	3
60	9	1
60	10	4
60	11	1
60	13	1
60	16	3
60	17	2
60	18	1
60	19	1
60	24	1
60	27	2
60	28	1
60	30	2
60	31	3
60	32	3
60	33	1
60	35	1
60	36	2
60	37	1
60	38	4
60	39	4
60	40	1
60	41	7
60	42	2
60	43	2
60	44	1
60	45	3
60	46	1
60	47	2
60	49	4
60	50	3
60	51	6
60	52	4
60	53	11
60	54	1
60	55	1
60	56	5
60	57	5
60	58	1
