1	0	3
2	0	5
2	1	8
3	0	1
3	1	2
3	2	1
4	0	3
4	1	2
4	2	2
4	3	1
5	1	3
5	2	2
5	3	4
5	4	3
6	0	1
6	2	1
6	4	1
6	5	5
7	2	2
7	4	2
7	5	3
7	6	4
8	3	2
8	4	7
8	5	2
8	6	6
8	7	3
9	1	2
9	2	2
9	4	6
9	5	1
9	6	1
9	7	1
9	8	3
10	0	1
10	1	2
10	2	3
10	3	2
10	4	2
10	5	2
10	6	1
10	7	3
10	8	5
10	9	3
11	0	1
11	1	1
11	2	1
11	3	1
11	5	1
11	6	2
11	7	1
11	8	5
11	9	2
11	10	4
12	1	1
12	3	1
12	4	3
12	6	1
12	7	2
12	8	1
12	9	1
12	10	8
12	11	6
13	1	2
13	7	2
13	8	2
13	9	8
13	10	3
13	11	2
13	12	3
14	2	2
14	4	5
14	7	1
14	12	1
14	13	1
15	0	1
15	3	1
15	4	3
15	7	2
15	9	1
15	10	1
15	11	1
15	12	5
15	13	1
15	14	5
16	1	1
16	4	2
16	7	3
16	8	2
16	10	3
16	11	3
16	12	2
16	13	1
16	14	4
16	15	2
17	3	1
17	4	3
17	5	1
17	7	1
17	8	3
17	9	3
17	10	1
17	11	1
17	12	3
17	13	3
17	14	4
17	15	1
17	16	5
18	0	1
18	1	1
18	2	1
18	4	1
18	5	1
18	6	1
18	7	1
18	8	2
18	9	3
18	10	3
18	11	2
18	12	1
18	13	1
18	14	2
18	15	1
18	16	3
18	17	4
19	0	1
19	2	1
19	3	1
19	4	2
19	8	2
19	9	2
19	10	3
19	12	1
19	13	1
19	14	2
19	15	1
19	16	6
19	17	5
19	18	7
20	2	1
20	4	3
20	5	1
20	6	3
20	7	1
20	8	1
20	9	1
20	10	1
20	11	1
20	13	4
20	15	4
20	16	2
20	17	2
20	18	6
20	19	10
21	0	2
21	2	1
21	3	1
21	4	3
21	5	1
21	6	1
21	7	3
21	8	3
21	9	1
21	12	3
21	14	2
21	15	1
21	16	1
21	17	2
21	18	1
21	19	6
21	20	6
22	0	1
22	1	2
22	3	2
22	4	1
22	7	3
22	8	2
22	9	3
22	12	2
22	13	4
22	14	1
22	16	1
22	20	8
22	21	1
23	3	1
23	4	4
23	5	2
23	6	1
23	10	2
23	11	2
23	12	2
23	13	1
23	15	2
23	16	1
23	19	2
23	20	1
23	22	7
24	1	1
24	3	4
24	4	1
24	5	2
24	6	2
24	7	1
24	8	3
24	9	1
24	11	1
24	14	1
24	15	1
24	16	1
24	19	4
24	20	4
24	21	3
24	22	2
24	23	3
25	8	3
25	17	2
26	3	1
26	10	1
26	13	1
26	15	1
26	16	1
27	4	1
27	5	1
27	6	1
27	9	1
27	10	2
27	11	1
27	12	1
27	13	2
27	14	1
27	15	2
27	16	1
27	17	1
27	18	2
27	19	2
27	20	2
27	21	4
27	24	3
27	26	2
28	2	3
28	3	2
28	4	1
28	5	1
28	7	2
28	8	2
28	9	1
28	10	1
28	11	1
28	12	1
28	13	4
28	14	2
28	15	1
28	16	1
28	17	2
28	18	2
28	19	1
28	21	4
28	23	2
28	24	2
28	27	1
29	3	2
29	5	2
29	8	1
29	11	1
29	12	2
29	13	2
29	15	1
29	18	1
29	19	2
29	20	2
29	21	1
29	22	1
29	23	1
29	24	2
29	27	1
29	28	4
30	0	1
30	1	1
30	3	3
30	4	1
30	5	2
30	6	1
30	9	1
30	10	1
30	13	4
30	15	1
30	16	1
30	18	2
30	19	1
30	20	4
30	21	1
30	22	3
30	23	1
30	26	2
30	27	1
30	28	6
30	29	6
31	3	1
31	4	3
31	5	2
31	8	1
31	12	1
31	15	1
31	16	1
31	17	1
31	18	1
31	21	1
31	22	1
31	24	1
31	27	1
31	28	5
31	30	4
32	0	1
32	1	1
32	2	3
32	6	2
32	8	1
32	9	3
32	11	1
32	13	1
32	15	2
32	16	3
32	18	1
32	21	1
32	22	2
32	24	1
32	26	2
32	27	1
32	28	5
32	29	1
32	30	2
32	31	2
33	3	2
33	4	1
33	5	2
33	6	1
33	7	2
33	9	2
33	14	1
33	15	1
33	18	1
33	21	1
33	22	2
33	23	1
33	24	1
33	26	1
33	27	5
33	28	6
33	29	1
33	30	2
33	32	4
34	0	2
34	2	3
34	4	1
34	5	2
34	6	2
34	8	2
34	9	1
34	10	5
34	13	1
34	15	2
34	16	3
34	17	1
34	19	3
34	20	3
34	21	2
34	22	4
34	23	2
34	24	2
34	26	1
34	27	2
34	28	3
34	29	2
34	30	4
34	31	1
34	32	2
34	33	6
35	1	2
35	2	1
35	3	1
35	4	2
35	5	4
35	6	1
35	8	1
35	9	2
35	10	4
35	13	2
35	14	2
35	15	2
35	16	1
35	17	4
35	18	6
35	19	1
35	20	1
35	21	5
35	22	1
35	23	2
35	24	3
35	27	3
35	28	5
35	30	1
35	31	4
35	32	5
35	34	3
36	0	1
36	1	1
36	3	2
36	6	1
36	8	3
36	9	4
36	10	2
36	12	2
36	13	2
36	15	1
36	17	2
36	18	2
36	22	2
36	25	2
36	27	1
36	28	3
36	29	4
36	32	1
36	33	2
36	34	2
36	35	2
37	1	4
37	3	2
37	4	4
37	5	1
37	6	1
37	7	1
37	8	2
37	9	2
37	10	2
37	11	1
37	12	1
37	13	3
37	14	3
37	16	1
37	17	2
37	18	2
37	20	3
37	21	1
37	22	1
37	23	1
37	26	1
37	27	1
37	28	3
37	29	1
37	31	1
37	32	1
37	33	2
37	34	2
37	35	3
37	36	3
38	1	1
38	3	1
38	6	1
38	9	4
38	10	3
38	11	2
38	12	1
38	13	3
38	14	1
38	15	1
38	16	3
38	17	1
38	18	6
38	19	3
38	20	2
38	21	2
38	24	2
38	25	1
38	27	4
38	28	8
38	30	2
38	32	2
38	33	1
38	34	5
38	35	7
38	36	5
38	37	9
39	1	1
39	4	1
39	5	2
39	6	4
39	7	1
39	8	6
39	9	2
39	12	1
39	13	5
39	14	4
39	15	3
39	16	2
39	18	4
39	20	1
39	21	1
39	22	1
39	24	2
39	27	2
39	28	2
39	29	1
39	30	2
39	31	3
39	32	3
39	35	5
39	36	1
39	37	5
39	38	5
40	1	1
40	2	4
40	4	1
40	5	1
40	7	3
40	9	3
40	10	1
40	11	1
40	12	3
40	13	2
40	14	1
40	16	5
40	18	3
40	19	3
40	21	1
40	22	3
40	24	3
40	26	3
40	27	2
40	28	5
40	29	2
40	30	3
40	31	2
40	32	2
40	33	4
40	34	3
40	35	1
40	36	1
40	37	2
40	38	4
40	39	6
41	4	2
41	5	1
41	6	1
41	8	1
41	9	2
41	10	1
41	12	1
41	13	4
41	14	1
41	17	1
41	18	1
41	19	1
41	25	1
41	26	2
41	27	1
41	28	4
41	29	1
41	30	2
41	31	3
41	32	1
41	33	1
41	34	4
41	35	1
41	36	2
41	37	1
41	38	4
41	39	2
41	40	6
42	4	2
42	5	1
42	8	1
42	9	1
42	10	1
42	14	1
42	15	1
42	16	1
42	17	2
42	19	1
42	21	1
42	30	2
42	31	2
42	32	2
42	33	1
42	35	3
42	36	1
42	37	1
42	38	3
42	39	3
42	40	5
42	41	6
43	0	1
43	1	1
43	2	1
43	5	1
43	6	1
43	7	1
43	8	2
43	9	1
43	10	2
43	11	1
43	12	1
43	13	1
43	15	1
43	16	1
43	17	1
43	18	1
43	20	1
43	22	1
43	23	1
43	26	1
43	27	1
43	28	1
43	30	1
43	31	1
43	32	4
43	33	1
43	34	1
43	35	1
43	37	4
43	38	3
43	39	3
43	40	2
43	41	2
43	42	3
44	0	1
44	2	1
44	3	2
44	4	2
44	5	1
44	7	1
44	10	1
44	12	3
44	13	1
44	18	1
44	19	3
44	21	1
44	28	1
44	29	3
44	30	1
44	31	2
44	32	1
44	33	1
44	34	1
44	35	1
44	36	2
44	37	1
44	38	5
44	39	2
44	40	4
44	41	3
44	43	1
45	0	1
45	3	1
45	4	1
45	5	1
45	6	1
45	7	1
45	11	2
45	14	1
45	17	1
45	19	1
45	20	1
45	23	2
45	26	1
45	27	1
45	29	3
45	30	4
45	31	2
45	32	1
45	33	1
45	34	1
45	37	1
45	39	1
45	40	4
45	41	6
45	42	2
45	43	2
45	44	2
46	1	1
46	4	1
46	5	1
46	9	1
46	12	1
46	13	1
46	15	3
46	18	1
46	19	2
46	21	1
46	22	2
46	26	1
46	28	2
46	29	3
46	30	3
46	34	1
46	39	1
46	40	1
46	41	2
46	42	1
46	43	3
46	44	1
46	45	5
47	1	2
47	2	3
47	4	1
47	5	1
47	9	2
47	10	2
47	14	1
47	16	2
47	17	1
47	23	2
47	24	1
47	27	3
47	30	1
47	31	1
47	32	1
47	33	2
47	34	2
47	35	1
47	36	1
47	37	1
47	39	1
47	41	6
47	42	3
47	43	4
47	46	2
48	2	1
48	4	1
48	8	1
48	10	1
48	13	2
48	20	1
48	23	1
48	24	1
48	27	1
48	28	4
48	35	2
48	37	1
48	38	2
48	39	3
48	40	1
48	42	1
48	43	2
48	45	2
48	47	6
49	0	1
49	1	1
49	4	1
49	6	1
49	8	2
49	9	2
49	10	2
49	11	2
49	14	3
49	15	1
49	16	1
49	19	2
49	20	3
49	28	1
49	29	3
49	30	1
49	31	1
49	33	1
49	35	2
49	36	3
49	37	2
49	39	4
49	40	3
49	41	2
49	42	1
49	43	2
49	45	2
49	46	8
49	47	6
49	48	5
50	1	2
50	3	1
50	8	1
50	9	1
50	12	1
50	13	1
50	31	1
50	37	1
50	38	2
50	39	1
50	40	4
50	41	2
50	43	2
50	45	1
50	46	1
50	48	1
50	49	2
51	1	1
51	5	1
51	8	2
51	9	1
51	10	1
51	11	1
51	12	1
51	13	1
51	14	1
51	15	2
51	16	1
51	17	4
51	19	1
51	24	2
51	26	1
51	27	2
51	30	2
51	35	2
51	36	2
51	37	2
51	38	1
51	41	1
51	42	1
51	43	1
51	45	1
51	46	1
51	49	4
51	50	2
52	0	1
52	4	1
52	7	1
52	9	1
52	10	1
52	12	1
52	14	2
52	15	3
52	16	1
52	17	1
52	18	1
52	19	1
52	23	1
52	26	1
52	27	2
52	28	1
52	30	1
52	31	1
52	32	1
52	33	1
52	34	1
52	35	2
52	36	2
52	37	1
52	39	3
52	40	1
52	41	2
52	45	3
52	46	3
52	47	1
52	49	1
52	50	3
52	51	10
53	1	3
53	3	1
53	5	1
53	6	1
53	10	1
53	12	2
53	13	1
53	14	1
53	16	2
53	18	2
53	20	1
53	24	1
53	26	1
53	30	2
53	31	3
53	32	3
53	33	1
53	36	1
53	37	1
53	38	4
53	39	5
53	40	3
53	42	1
53	44	1
53	46	1
53	47	6
53	48	2
53	49	7
53	51	5
53	52	1
54	0	2
54	2	3
54	3	1
54	4	4
54	6	3
54	8	3
54	10	2
54	12	1
54	13	2
54	16	2
54	20	1
54	23	2
54	26	2
54	29	1
54	30	1
54	31	2
54	33	1
54	34	1
54	35	2
54	38	1
54	39	1
54	40	3
54	41	2
54	42	1
54	43	2
54	44	1
54	45	2
54	46	5
54	47	3
54	48	4
54	49	4
54	50	1
54	51	2
54	52	3
54	53	2
55	0	1
55	1	1
55	4	1
55	8	1
55	11	1
55	12	1
55	13	1
55	14	2
55	16	1
55	18	2
55	19	1
55	27	1
55	31	3
55	32	1
55	34	1
55	35	2
55	36	1
55	37	1
55	38	1
55	39	1
55	40	3
55	41	3
55	43	2
55	44	3
55	45	3
55	46	4
55	47	5
55	48	2
55	49	3
55	50	3
55	52	1
55	53	2
55	54	8
56	3	2
56	9	3
56	10	1
56	15	3
56	18	1
56	19	1
56	20	1
56	21	1
56	23	1
56	27	1
56	28	1
56	30	2
56	31	1
56	33	2
56	35	1
56	36	2
56	37	1
56	38	3
56	39	3
56	40	2
56	41	3
56	42	2
56	43	4
56	44	3
56	45	4
56	46	5
56	47	1
56	48	2
56	49	3
56	50	3
56	51	5
56	52	1
56	54	2
56	55	3
57	2	1
57	6	1
57	12	1
57	15	1
57	16	1
57	19	1
57	22	2
57	23	1
57	24	2
57	27	2
57	28	1
57	31	2
57	32	1
57	34	1
57	35	1
57	37	4
57	38	1
57	40	2
57	42	1
57	43	1
57	44	1
57	45	2
57	46	2
57	47	1
57	48	5
57	49	3
57	51	3
57	52	1
57	53	2
57	54	4
57	55	1
57	56	5
58	0	1
58	3	2
58	4	1
58	10	1
58	12	2
58	13	1
58	17	1
58	19	1
58	26	1
58	28	1
58	29	2
58	30	2
58	31	1
58	32	1
58	35	2
58	37	1
58	38	1
58	39	2
58	40	3
58	41	2
58	43	2
58	44	2
58	45	1
58	46	1
58	47	1
58	49	2
58	51	1
58	52	2
58	53	1
58	54	1
58	55	2
58	56	1
58	57	4
59	2	1
59	3	1
59	4	1
59	8	1
59	10	1
59	11	2
59	13	1
59	17	2
59	18	1
59	20	3
59	21	2
59	22	1
59	24	3
59	26	3
59	27	1
59	28	3
59	29	2
59	30	2
59	31	2
59	32	3
59	33	1
59	34	3
59	35	1
59	37	1
59	38	4
59	40	2
59	41	3
59	42	2
59	43	5
59	44	6
59	45	2
59	46	4
59	47	2
59	50	3
59	52	2
59	53	2
59	54	1
59	55	3
59	56	8
59	57	4
59	58	2
60	0	1
60	2	1
60	3	1
60	8	2
60	10	3
60	11	2
60	13	1
60	14	2
60	15	3
60	16	3
60	17	1
60	19	1
60	20	1
60	21	1
60	24	2
60	27	1
60	28	2
60	30	2
60	31	1
60	32	1
60	35	1
60	37	1
60	38	4
60	39	3
60	40	4
60	41	1
60	42	3
60	43	3
60	44	3
60	45	3
60	46	1
60	48	2
60	49	7
60	50	2
60	51	7
60	52	5
60	53	6
60	54	2
60	55	1
60	56	3
60	57	1
60	59	2
