1	0	7
2	0	6
2	1	7
3	0	2
3	1	5
3	2	2
4	0	2
4	1	1
4	2	1
5	0	2
5	2	4
5	3	2
5	4	9
6	1	1
6	2	1
6	3	3
6	4	6
7	1	2
7	3	1
7	4	1
7	5	2
7	6	1
8	0	1
8	1	3
8	2	1
8	3	2
8	4	11
8	5	3
8	6	4
8	7	6
9	1	1
9	2	2
9	3	5
9	4	7
9	5	1
9	6	2
9	7	4
9	8	10
10	0	1
10	1	2
10	3	2
10	4	3
10	5	2
10	7	2
10	8	2
10	9	7
11	1	1
11	2	1
11	4	1
11	5	2
11	6	1
11	8	1
11	9	2
11	10	2
12	1	1
12	4	1
12	5	2
12	6	2
12	7	2
12	8	2
12	9	6
12	10	5
12	11	7
13	2	1
13	5	2
13	6	2
13	7	2
13	8	3
13	10	1
13	11	1
13	12	1
14	1	4
14	8	1
14	9	2
14	10	2
14	11	1
14	12	4
14	13	3
15	0	1
15	3	1
15	6	2
15	8	4
15	11	2
15	12	2
15	13	4
15	14	4
16	3	2
16	4	1
16	5	1
16	8	1
16	10	1
16	11	2
16	12	2
16	13	4
16	14	3
16	15	2
17	2	1
17	3	2
17	5	1
17	8	2
17	9	2
17	10	2
17	12	1
17	13	3
17	14	2
17	15	3
17	16	3
18	0	1
18	1	1
18	2	2
18	3	1
18	4	2
18	6	1
18	8	1
18	9	2
18	10	5
18	12	1
18	13	4
18	14	6
18	15	3
18	16	3
18	17	1
19	1	2
19	3	1
19	4	2
19	5	2
19	6	2
19	7	1
19	8	3
19	9	2
19	10	2
19	11	2
19	13	3
19	16	2
19	17	2
19	18	5
20	1	2
20	2	1
20	3	1
20	4	1
20	5	3
20	6	1
20	7	2
20	10	2
20	11	2
20	13	1
20	14	2
20	15	1
20	16	1
20	17	1
20	18	3
20	19	4
21	0	1
21	2	1
21	4	1
21	7	1
21	8	1
21	10	1
21	12	1
21	14	1
21	15	1
21	16	1
21	17	3
21	18	2
21	19	3
21	20	7
22	0	2
22	4	1
22	6	2
22	7	1
22	8	2
22	9	1
22	10	1
22	11	1
22	12	1
22	13	1
22	14	1
22	16	2
22	18	2
22	19	2
22	20	5
22	21	4
23	2	1
23	5	1
23	6	1
23	7	1
23	8	2
23	9	2
23	10	4
23	14	1
23	16	2
23	18	2
23	20	3
23	21	3
23	22	4
24	1	2
24	2	2
24	5	1
24	6	2
24	7	4
24	8	3
24	9	1
24	12	2
24	13	1
24	14	4
24	15	1
24	16	2
24	18	1
24	19	4
24	20	2
24	21	2
24	22	5
24	23	8
25	8	1
25	16	1
26	6	2
26	14	1
26	15	1
26	16	1
26	19	2
26	20	2
27	3	1
27	6	1
27	7	1
27	10	1
27	11	2
27	12	1
27	13	2
27	14	1
27	15	3
27	16	2
27	17	2
27	18	3
27	19	4
27	20	3
27	21	1
27	24	2
28	1	3
28	2	1
28	7	1
28	8	2
28	9	2
28	10	1
28	11	3
28	12	2
28	13	4
28	17	3
28	18	4
28	19	3
28	20	2
28	21	1
28	22	1
28	23	2
28	24	4
28	26	1
28	27	2
29	1	2
29	4	2
29	5	2
29	9	4
29	12	2
29	13	2
29	14	1
29	16	1
29	17	2
29	18	2
29	20	1
29	22	1
29	23	1
29	24	2
29	27	1
29	28	3
30	0	2
30	1	1
30	4	2
30	6	1
30	9	4
30	10	2
30	13	2
30	15	1
30	17	2
30	18	2
30	19	2
30	21	1
30	27	1
30	28	5
30	29	3
31	2	1
31	3	1
31	5	2
31	8	2
31	10	4
31	11	1
31	12	1
31	13	2
31	14	1
31	15	1
31	16	2
31	17	2
31	18	1
31	20	1
31	21	1
31	22	2
31	23	1
31	27	1
31	28	4
31	29	2
31	30	7
32	1	1
32	2	2
32	4	4
32	5	1
32	6	1
32	9	3
32	10	1
32	15	2
32	16	1
32	19	2
32	20	1
32	21	2
32	22	3
32	27	1
32	28	3
32	29	2
32	30	2
33	1	1
33	2	3
33	4	1
33	7	1
33	8	2
33	9	2
33	10	1
33	18	4
33	19	2
33	20	2
33	21	2
33	22	3
33	24	1
33	26	1
33	27	4
33	28	4
33	29	2
33	30	5
33	32	12
34	0	1
34	1	1
34	4	2
34	8	2
34	9	2
34	10	1
34	11	2
34	12	1
34	14	2
34	16	2
34	17	2
34	18	3
34	19	1
34	20	1
34	21	1
34	22	4
34	23	3
34	24	3
34	27	1
34	28	5
34	29	1
34	31	1
34	32	1
34	33	4
35	1	1
35	3	2
35	4	2
35	5	4
35	6	1
35	9	2
35	11	1
35	13	6
35	14	2
35	15	2
35	16	4
35	17	5
35	18	7
35	20	1
35	21	1
35	23	1
35	24	2
35	27	2
35	28	3
35	29	3
35	30	4
35	31	2
35	32	2
35	33	3
35	34	5
36	1	1
36	2	4
36	3	4
36	6	1
36	9	1
36	10	2
36	12	2
36	13	1
36	15	2
36	16	1
36	17	3
36	18	1
36	19	1
36	20	2
36	21	1
36	22	3
36	24	2
36	27	1
36	31	2
36	35	1
37	1	3
37	3	2
37	7	2
37	8	2
37	9	1
37	10	3
37	11	1
37	13	2
37	14	1
37	15	1
37	16	2
37	17	2
37	18	1
37	19	7
37	20	1
37	22	1
37	23	2
37	24	2
37	26	3
37	27	1
37	28	4
37	29	1
37	30	1
37	31	1
37	32	1
37	33	1
37	34	4
37	35	4
37	36	2
38	1	1
38	2	1
38	3	1
38	4	2
38	6	1
38	8	3
38	9	2
38	10	1
38	11	2
38	12	1
38	13	4
38	15	2
38	16	4
38	17	1
38	18	4
38	20	1
38	21	1
38	22	2
38	23	1
38	24	1
38	26	2
38	27	4
38	28	6
38	29	3
38	30	2
38	31	3
38	32	2
38	33	2
38	34	3
38	35	6
38	36	5
38	37	5
39	4	2
39	5	1
39	6	1
39	8	3
39	9	2
39	10	2
39	11	3
39	12	1
39	13	4
39	14	5
39	15	2
39	16	3
39	17	2
39	18	3
39	19	1
39	20	2
39	23	2
39	27	2
39	28	2
39	29	2
39	30	4
39	31	1
39	32	1
39	33	1
39	34	2
39	35	2
39	36	1
39	37	4
39	38	7
40	1	2
40	3	2
40	4	2
40	5	1
40	7	1
40	8	1
40	9	2
40	10	2
40	13	1
40	14	2
40	15	2
40	16	2
40	17	1
40	18	3
40	19	4
40	23	1
40	24	1
40	26	1
40	27	1
40	28	2
40	29	1
40	30	5
40	31	2
40	33	1
40	34	4
40	35	2
40	36	4
40	37	3
40	38	7
40	39	2
41	2	3
41	3	1
41	4	2
41	6	1
41	7	1
41	8	2
41	9	1
41	10	1
41	11	1
41	12	1
41	14	1
41	15	1
41	16	1
41	17	1
41	18	1
41	21	4
41	22	1
41	23	1
41	24	1
41	30	6
41	31	3
41	32	2
41	33	4
41	34	1
41	35	2
41	36	4
41	37	1
41	38	7
41	39	5
41	40	11
42	0	1
42	3	1
42	4	2
42	6	2
42	8	3
42	9	1
42	12	1
42	13	1
42	14	1
42	15	2
42	16	4
42	17	2
42	19	1
42	20	1
42	21	1
42	22	1
42	23	2
42	24	1
42	27	1
42	28	1
42	29	1
42	30	4
42	31	1
42	32	4
42	33	2
42	34	2
42	35	1
42	36	2
42	37	2
42	38	3
42	39	2
42	40	4
42	41	5
43	1	1
43	2	1
43	4	4
43	6	1
43	8	1
43	11	2
43	13	2
43	14	1
43	15	2
43	16	1
43	18	2
43	20	1
43	23	1
43	26	1
43	28	1
43	30	3
43	33	1
43	34	2
43	35	2
43	36	1
43	37	1
43	38	1
43	39	2
43	40	3
43	41	2
43	42	4
44	0	1
44	2	2
44	3	1
44	5	2
44	6	1
44	8	1
44	12	2
44	13	1
44	18	3
44	28	2
44	29	1
44	30	3
44	31	2
44	32	3
44	34	3
44	36	2
44	37	1
44	38	1
44	40	1
44	43	2
45	0	1
45	1	1
45	4	1
45	5	1
45	10	1
45	12	1
45	14	1
45	18	1
45	19	1
45	24	3
45	26	1
45	27	1
45	28	1
45	31	1
45	32	2
45	33	2
45	34	1
45	36	1
45	38	1
45	39	1
45	40	2
45	41	2
45	42	1
45	43	2
45	44	7
46	0	1
46	2	1
46	4	1
46	7	1
46	9	1
46	10	3
46	11	1
46	12	1
46	13	1
46	14	3
46	19	1
46	21	2
46	22	3
46	26	1
46	27	1
46	28	2
46	30	2
46	31	1
46	32	1
46	33	1
46	34	1
46	35	2
46	37	1
46	38	1
46	39	2
46	41	1
46	42	2
46	43	3
46	45	4
47	1	1
47	2	1
47	4	1
47	5	1
47	8	2
47	9	1
47	12	1
47	15	1
47	16	3
47	17	1
47	18	3
47	19	1
47	20	1
47	23	2
47	27	3
47	28	2
47	29	1
47	31	1
47	32	1
47	34	1
47	35	4
47	36	2
47	37	3
47	38	3
47	40	3
47	41	2
47	42	1
47	43	1
47	44	3
47	45	1
47	46	3
48	1	1
48	8	2
48	10	3
48	15	1
48	19	1
48	25	1
48	27	2
48	35	3
48	37	2
48	38	3
48	40	2
48	41	1
48	44	2
48	45	1
48	46	1
48	47	5
49	0	1
49	3	1
49	4	1
49	7	2
49	8	1
49	9	2
49	10	2
49	11	2
49	14	1
49	16	1
49	19	1
49	20	1
49	23	1
49	24	1
49	28	1
49	29	2
49	31	1
49	33	1
49	35	1
49	36	1
49	38	2
49	39	2
49	40	2
49	41	1
49	42	2
49	44	1
49	45	3
49	46	3
49	47	5
49	48	7
50	1	2
50	3	1
50	4	1
50	9	2
50	10	1
50	12	1
50	13	1
50	14	1
50	15	2
50	19	2
50	27	2
50	29	1
50	32	1
50	35	1
50	36	3
50	37	1
50	39	1
50	40	1
50	43	2
50	44	2
50	45	2
50	47	1
50	48	2
50	49	3
51	4	2
51	5	1
51	7	1
51	8	2
51	12	1
51	13	1
51	15	1
51	16	2
51	17	1
51	18	1
51	19	2
51	20	1
51	25	1
51	27	2
51	28	2
51	29	3
51	30	2
51	33	2
51	35	2
51	38	2
51	39	2
51	40	3
51	41	1
51	42	4
51	44	1
51	46	3
51	48	3
51	49	4
51	50	2
52	4	3
52	6	1
52	11	3
52	12	1
52	15	4
52	17	4
52	18	2
52	24	2
52	28	1
52	33	2
52	35	2
52	36	1
52	37	2
52	38	5
52	39	3
52	41	1
52	42	2
52	43	2
52	44	1
52	46	4
52	47	2
52	48	3
52	49	3
52	50	3
52	51	5
53	2	1
53	3	1
53	5	3
53	7	2
53	8	1
53	9	1
53	13	1
53	14	1
53	15	3
53	16	1
53	17	2
53	18	1
53	19	3
53	20	1
53	27	2
53	28	2
53	29	3
53	30	1
53	31	2
53	32	2
53	34	4
53	38	2
53	40	1
53	41	1
53	42	2
53	43	3
53	45	1
53	48	3
53	49	6
53	50	1
53	51	4
53	52	4
54	1	1
54	3	2
54	5	2
54	8	2
54	9	1
54	10	2
54	11	3
54	13	1
54	14	1
54	15	1
54	16	2
54	18	1
54	20	1
54	27	2
54	28	1
54	29	2
54	30	2
54	31	1
54	33	1
54	34	2
54	35	2
54	36	5
54	38	2
54	39	1
54	42	3
54	43	1
54	44	2
54	45	1
54	46	3
54	47	4
54	48	2
54	49	2
54	50	2
54	51	4
54	52	4
54	53	2
55	0	2
55	1	2
55	2	2
55	4	3
55	5	2
55	8	2
55	9	1
55	10	3
55	11	1
55	13	1
55	15	1
55	17	1
55	18	1
55	19	3
55	21	1
55	22	1
55	28	3
55	29	1
55	30	2
55	35	1
55	36	1
55	38	1
55	40	3
55	41	1
55	42	1
55	43	3
55	45	1
55	47	8
55	48	2
55	49	1
55	50	1
55	51	3
55	52	4
55	53	2
55	54	7
56	3	1
56	8	3
56	9	1
56	11	1
56	13	1
56	19	2
56	20	1
56	22	1
56	26	1
56	27	1
56	28	1
56	29	2
56	30	2
56	32	1
56	38	2
56	39	3
56	42	1
56	43	2
56	44	3
56	45	4
56	46	2
56	47	3
56	48	1
56	49	6
56	53	2
56	54	1
56	55	2
57	4	1
57	8	1
57	10	1
57	14	1
57	15	1
57	16	1
57	17	1
57	18	1
57	19	1
57	23	3
57	27	1
57	29	1
57	30	2
57	35	3
57	36	1
57	38	1
57	39	1
57	40	2
57	41	1
57	43	2
57	44	5
57	46	2
57	47	4
57	48	3
57	49	5
57	50	1
57	51	1
57	53	2
57	54	2
57	55	1
57	56	6
58	0	1
58	1	2
58	10	2
58	14	1
58	15	2
58	17	2
58	18	2
58	23	1
58	24	1
58	26	4
58	28	3
58	29	3
58	31	1
58	32	2
58	33	1
58	34	1
58	38	3
58	40	1
58	41	1
58	43	1
58	44	2
58	45	1
58	46	4
58	49	1
58	51	1
58	52	1
58	54	1
58	56	1
58	57	5
59	1	3
59	2	1
59	4	2
59	5	1
59	8	1
59	9	1
59	12	2
59	14	3
59	15	1
59	16	3
59	17	2
59	19	1
59	20	1
59	21	1
59	26	4
59	28	2
59	30	3
59	31	3
59	33	4
59	35	1
59	36	1
59	37	1
59	38	1
59	39	2
59	41	1
59	42	4
59	43	5
59	44	4
59	45	1
59	46	3
59	47	1
59	48	1
59	49	2
59	50	1
59	52	2
59	53	6
59	54	1
59	56	2
59	57	3
59	58	6
60	1	1
60	2	1
60	3	1
60	7	1
60	11	2
60	12	2
60	13	1
60	14	1
60	15	4
60	18	1
60	19	1
60	20	1
60	22	1
60	24	1
60	26	2
60	27	4
60	28	1
60	29	3
60	30	1
60	32	2
60	34	2
60	35	1
60	36	2
60	37	2
60	38	6
60	39	5
60	40	4
60	41	6
60	43	3
60	44	1
60	45	2
60	47	2
60	49	9
60	50	2
60	51	3
60	52	6
60	53	8
60	54	2
60	55	3
60	56	2
60	57	4
