1	0	1
2	0	1
2	1	6
4	3	4
5	4	3
6	3	1
6	4	1
6	5	1
7	4	1
7	6	2
8	4	1
8	6	4
8	7	4
9	0	1
9	3	1
9	4	1
9	5	1
9	6	1
9	8	3
10	8	1
10	9	3
11	4	1
11	5	1
11	7	1
11	8	2
11	9	2
11	10	1
12	1	1
12	8	2
12	9	9
12	10	4
13	2	1
13	6	2
13	7	1
13	9	3
13	12	2
14	5	1
14	6	2
14	8	3
14	10	2
14	12	1
14	13	1
15	0	1
15	3	1
15	5	1
15	7	1
15	9	2
15	10	1
15	12	1
15	13	1
15	14	3
16	6	1
16	7	2
16	8	2
16	9	1
16	13	1
16	15	4
17	3	1
17	5	2
17	8	1
17	9	1
17	10	1
17	11	1
17	12	1
17	14	1
17	15	2
17	16	1
18	3	1
18	6	1
18	8	1
18	10	1
18	12	1
18	15	1
18	17	1
19	4	1
19	6	1
19	8	1
19	10	1
19	12	1
19	14	2
19	15	1
19	16	1
19	17	3
19	18	5
20	4	2
20	8	1
20	9	2
20	11	1
20	13	2
20	15	2
20	16	3
20	17	3
20	18	1
21	7	2
21	15	2
21	16	2
21	18	2
21	19	4
21	20	3
22	5	1
22	6	1
22	7	1
22	10	1
22	11	1
22	16	2
22	17	2
22	18	1
22	19	1
22	21	1
23	3	1
23	6	1
23	8	1
23	9	1
23	11	1
23	12	2
23	17	1
23	18	2
23	21	1
24	3	2
24	4	3
24	5	1
24	6	1
24	8	1
24	9	5
24	11	1
24	13	1
24	14	1
24	17	2
24	18	1
24	19	1
24	21	1
24	22	2
24	23	1
25	0	1
25	3	1
25	4	3
25	7	1
25	8	1
25	9	1
25	11	1
25	14	1
25	17	1
25	22	2
25	23	4
26	12	1
26	15	1
26	18	2
26	19	1
26	21	3
26	24	1
26	25	4
27	2	1
27	3	1
27	5	2
27	7	1
27	11	1
27	12	5
27	15	1
27	16	1
27	17	1
27	19	2
27	22	1
27	25	1
28	2	1
28	5	1
28	7	1
28	9	2
28	10	1
28	11	1
28	12	2
28	13	1
28	15	1
28	18	2
28	19	1
28	22	3
28	23	1
28	24	2
28	25	2
28	26	1
28	27	1
29	9	1
29	25	1
29	28	1
30	8	1
30	10	1
30	11	1
30	12	1
30	19	1
30	25	1
30	27	1
31	1	2
31	5	1
31	8	2
31	11	2
31	12	1
31	23	1
31	28	1
31	30	2
32	5	3
32	6	2
32	9	1
32	17	1
32	24	2
32	25	1
32	27	1
32	30	1
32	31	1
33	2	2
33	25	1
33	27	1
33	28	3
33	30	1
33	31	1
33	32	1
34	1	1
34	4	1
34	9	1
34	10	1
34	13	1
34	16	1
34	27	1
34	30	1
34	31	1
34	33	2
35	6	1
35	8	1
35	9	1
35	10	1
35	11	1
35	25	4
35	26	1
35	27	1
35	28	1
35	29	2
35	30	1
35	32	1
36	3	1
36	5	1
36	6	1
36	7	1
36	8	2
36	10	1
36	11	1
36	12	2
36	15	1
36	21	2
36	22	1
36	23	1
36	24	2
36	28	1
36	29	1
36	31	3
36	33	1
36	35	3
37	5	1
37	6	1
37	9	3
37	10	1
37	11	1
37	12	2
37	17	1
37	22	1
37	23	4
37	24	1
37	25	2
37	26	1
37	28	2
37	29	1
37	30	1
37	33	2
37	34	1
37	35	4
38	8	1
38	9	4
38	10	1
38	11	3
38	12	1
38	14	1
38	15	1
38	19	1
38	21	1
38	22	3
38	25	1
38	27	2
38	28	1
38	33	1
38	35	2
38	37	3
39	11	1
39	18	2
39	20	1
39	22	3
39	24	2
39	25	1
39	28	1
39	31	1
39	33	1
39	34	2
39	36	1
39	37	5
39	38	3
40	3	1
40	4	1
40	9	2
40	12	1
40	13	1
40	18	1
40	23	2
40	25	5
40	28	3
40	29	2
40	31	1
40	35	1
40	37	1
40	38	2
41	4	1
41	10	1
41	12	2
41	18	2
41	19	2
41	23	2
41	24	1
41	26	1
41	27	1
41	28	2
41	29	1
41	30	2
41	31	3
41	33	1
41	34	2
41	35	1
41	38	1
41	39	1
41	40	1
42	5	2
42	11	1
42	15	1
42	30	1
42	32	3
42	35	1
42	36	1
42	37	1
42	38	1
42	41	3
43	5	1
43	8	1
43	12	1
43	13	1
43	15	1
43	18	1
43	25	1
43	29	2
43	32	2
43	33	2
43	34	1
43	37	2
43	42	1
44	2	1
44	6	1
44	9	1
44	11	1
44	12	1
44	13	2
44	15	1
44	16	1
44	20	1
44	27	1
44	28	1
44	30	1
44	33	3
44	34	2
44	36	1
44	43	4
45	9	1
45	15	1
45	22	1
45	25	1
45	29	1
45	32	1
45	33	3
45	41	1
45	43	2
45	44	2
46	2	1
46	5	1
46	6	1
46	8	1
46	18	1
46	29	2
46	31	1
46	33	1
46	34	2
46	38	1
46	40	2
46	42	1
46	43	1
46	44	2
46	45	3
47	3	1
47	4	1
47	5	2
47	6	1
47	7	1
47	8	3
47	10	1
47	11	1
47	15	1
47	18	2
47	19	1
47	20	1
47	23	1
47	25	1
47	28	3
47	30	2
47	31	2
47	33	1
47	36	1
47	38	2
47	41	2
47	43	1
47	44	1
47	45	1
47	46	1
48	3	1
48	4	1
48	5	2
48	8	2
48	9	1
48	10	2
48	12	3
48	13	1
48	16	1
48	28	1
48	29	1
48	30	2
48	33	1
48	34	1
48	35	1
48	38	1
48	39	1
48	40	1
48	41	2
48	42	1
48	43	1
48	44	1
48	47	2
49	4	1
49	6	2
49	7	1
49	8	8
49	9	3
49	10	3
49	11	3
49	12	3
49	13	4
49	14	2
49	15	1
49	16	2
49	21	1
49	24	1
49	27	2
49	28	1
49	29	2
49	30	2
49	31	1
49	34	1
49	35	1
49	39	2
49	41	1
49	44	1
49	46	1
49	47	1
50	4	1
50	5	1
50	6	3
50	8	2
50	9	2
50	10	1
50	11	1
50	12	1
50	13	3
50	15	1
50	17	1
50	20	1
50	21	2
50	27	3
50	28	1
50	31	1
50	38	2
50	41	1
50	42	1
50	44	1
50	47	2
50	49	4
51	4	2
51	5	2
51	6	1
51	10	1
51	12	1
51	13	1
51	14	1
51	15	1
51	16	1
51	18	2
51	22	1
51	25	1
51	27	1
51	30	1
51	31	1
51	36	1
51	41	2
51	43	1
51	47	1
51	48	1
51	49	1
51	50	3
52	5	1
52	7	1
52	8	1
52	9	1
52	13	2
52	15	2
52	18	1
52	19	1
52	20	1
52	21	1
52	22	1
52	23	1
52	24	2
52	25	1
52	33	2
52	35	1
52	37	1
52	42	1
52	45	1
52	48	1
52	50	1
52	51	3
53	5	1
53	6	1
53	7	1
53	11	1
53	12	3
53	16	1
53	17	2
53	23	1
53	25	1
53	26	1
53	27	2
53	28	1
53	29	1
53	30	1
53	31	2
53	34	1
53	35	1
53	37	1
53	39	1
53	40	1
53	42	1
53	43	1
53	45	1
53	47	1
53	48	1
53	49	4
53	50	1
53	51	1
53	52	2
54	0	1
54	3	1
54	5	2
54	6	4
54	7	1
54	8	2
54	9	1
54	10	2
54	11	1
54	13	1
54	14	1
54	22	1
54	27	1
54	29	1
54	30	1
54	32	2
54	38	2
54	40	1
54	42	1
54	44	2
54	46	1
54	49	1
54	51	1
54	52	1
55	5	1
55	7	5
55	10	2
55	12	1
55	18	2
55	19	1
55	24	2
55	27	1
55	29	1
55	30	1
55	31	2
55	32	1
55	36	1
55	37	1
55	39	2
55	40	1
55	41	1
55	42	1
55	43	2
55	46	2
55	49	1
55	54	4
56	3	2
56	5	1
56	6	3
56	7	1
56	8	2
56	9	1
56	12	2
56	13	1
56	15	1
56	16	3
56	21	1
56	28	2
56	37	3
56	45	1
56	47	1
56	48	1
56	49	1
56	50	3
56	51	1
56	55	2
57	5	1
57	6	5
57	7	1
57	8	3
57	9	1
57	10	1
57	11	1
57	12	3
57	13	1
57	14	1
57	15	1
57	19	1
57	20	1
57	23	1
57	24	1
57	25	1
57	26	1
57	35	1
57	38	1
57	39	2
57	44	1
57	45	1
57	47	2
57	52	1
57	55	4
57	56	2
58	1	1
58	5	2
58	6	1
58	7	1
58	10	2
58	12	1
58	13	1
58	14	1
58	18	1
58	20	2
58	24	2
58	31	1
58	32	1
58	34	1
58	35	1
58	39	1
58	41	1
58	43	1
58	47	1
58	50	1
58	51	1
58	53	1
58	54	4
58	56	2
58	57	2
59	6	1
59	13	1
59	22	1
59	29	1
59	35	1
59	38	1
59	47	1
59	52	1
59	53	2
59	56	1
60	5	1
60	11	1
60	22	1
60	30	2
60	31	1
60	32	1
60	33	1
60	34	1
60	36	1
60	38	2
60	41	1
60	42	2
60	44	2
60	46	1
60	49	1
60	57	2
60	58	1
60	59	1
