1	0	3
2	0	2
2	1	1
4	3	3
5	4	3
6	3	1
6	5	1
7	0	1
7	1	1
7	3	1
7	6	2
8	3	1
8	4	2
8	5	1
8	6	4
8	7	2
9	4	1
9	5	1
9	7	3
9	8	2
10	3	1
10	4	1
10	5	1
10	8	5
10	9	3
11	7	2
11	8	1
11	9	2
12	3	1
12	4	1
12	8	2
12	9	2
12	10	2
12	11	1
13	8	2
13	9	3
13	10	2
13	12	2
14	5	1
14	9	1
14	10	1
14	12	2
15	0	1
15	5	1
15	7	2
15	9	2
15	10	2
15	13	2
15	14	6
16	1	1
16	4	2
16	5	2
16	6	2
16	7	1
16	8	1
16	11	1
16	15	3
17	3	1
17	5	1
17	6	1
17	7	1
17	8	1
17	10	1
17	11	1
17	14	1
17	15	1
18	3	4
18	4	1
18	6	1
18	7	2
18	8	1
18	10	1
18	15	2
18	17	3
19	3	1
19	4	1
19	5	1
19	7	1
19	8	1
19	9	1
19	12	1
19	13	1
19	15	1
19	17	2
19	18	3
20	3	2
20	5	1
20	9	1
20	10	1
20	11	2
20	14	1
20	15	1
20	17	2
20	19	1
21	6	1
21	8	2
21	10	1
21	11	1
21	12	1
21	14	1
21	19	1
21	20	2
22	5	1
22	13	1
22	14	1
22	17	2
22	18	2
22	19	1
22	21	1
23	4	1
23	10	2
23	11	1
23	17	1
23	20	1
24	4	1
24	6	2
24	7	1
24	8	1
24	9	2
24	10	2
24	11	1
24	16	1
24	20	1
24	21	1
24	22	1
25	2	1
25	3	2
25	4	2
25	9	3
25	10	1
25	11	1
25	12	1
25	14	1
25	17	2
25	19	1
25	21	1
25	23	1
25	24	1
26	9	1
26	18	2
26	23	1
26	24	1
27	5	1
27	6	1
27	8	2
27	11	1
27	12	1
27	13	2
27	14	1
27	16	1
27	20	1
27	21	1
27	23	1
27	24	3
28	3	1
28	4	1
28	8	1
28	10	1
28	12	1
28	18	1
28	19	3
28	23	1
28	25	2
28	26	1
28	27	1
29	6	1
29	9	1
29	10	1
29	13	1
29	17	1
29	27	2
29	28	2
30	1	1
30	2	2
30	4	1
30	9	1
30	10	1
30	11	2
30	12	1
30	16	2
30	17	1
30	27	3
30	28	1
31	1	1
31	6	2
31	8	1
31	12	1
31	13	1
31	18	1
31	29	2
31	30	2
32	4	2
32	6	1
32	11	2
32	15	1
32	19	2
32	27	1
32	30	1
33	2	1
33	7	1
33	8	1
33	15	1
33	24	2
33	25	1
33	32	3
34	5	1
34	8	2
34	13	1
34	25	1
34	31	1
34	33	5
35	1	2
35	4	1
35	5	1
35	6	1
35	8	1
35	9	3
35	10	1
35	11	1
35	12	1
35	13	3
35	18	2
35	20	1
35	21	2
35	22	1
35	23	3
35	25	4
35	26	1
35	29	1
35	32	2
35	34	1
36	6	1
36	9	1
36	10	1
36	11	3
36	13	1
36	14	1
36	23	3
36	24	2
36	25	1
36	26	1
36	27	2
36	29	1
37	3	2
37	6	1
37	10	2
37	12	1
37	13	1
37	14	2
37	21	1
37	25	2
37	28	1
37	29	1
37	35	3
38	4	2
38	5	1
38	6	1
38	9	2
38	10	1
38	11	1
38	12	1
38	14	1
38	18	1
38	20	1
38	21	1
38	24	1
38	25	3
38	26	1
38	27	2
38	29	1
38	30	1
38	31	1
38	32	1
38	35	2
38	37	5
39	6	1
39	9	3
39	10	1
39	11	1
39	13	2
39	16	1
39	18	2
39	20	2
39	24	3
39	28	1
39	30	2
39	31	1
39	35	1
39	36	2
39	37	3
39	38	3
40	1	1
40	9	1
40	10	1
40	11	2
40	12	2
40	13	1
40	18	1
40	20	2
40	24	2
40	25	1
40	26	2
40	27	2
40	28	2
40	33	1
40	35	3
40	36	1
40	37	1
40	38	2
41	4	1
41	9	1
41	10	1
41	11	1
41	12	1
41	20	1
41	23	2
41	28	1
41	29	2
41	30	1
41	31	2
41	32	1
41	33	1
41	35	1
41	38	1
41	39	1
41	40	1
42	8	2
42	10	1
42	11	1
42	15	3
42	27	1
42	30	3
42	31	1
42	34	3
42	36	1
42	37	1
42	38	2
42	39	1
42	41	1
43	4	2
43	8	1
43	9	1
43	11	1
43	13	1
43	14	1
43	18	1
43	25	1
43	28	2
43	30	1
43	31	1
43	32	1
43	34	1
43	35	1
43	39	1
43	40	1
43	41	1
43	42	1
44	2	1
44	4	1
44	6	1
44	9	1
44	17	1
44	33	1
44	36	1
44	42	2
44	43	2
45	2	2
45	7	1
45	12	1
45	13	1
45	18	1
45	22	1
45	28	1
45	31	1
45	34	1
45	43	1
45	44	2
46	2	1
46	10	1
46	11	1
46	22	1
46	23	1
46	27	1
46	30	1
46	31	1
46	32	1
46	33	1
46	34	1
46	36	1
46	41	1
46	43	2
46	45	2
47	2	1
47	4	1
47	7	1
47	8	1
47	10	1
47	12	3
47	16	1
47	17	1
47	18	1
47	21	1
47	22	1
47	25	1
47	28	1
47	30	1
47	31	1
47	32	2
47	33	1
47	34	1
47	35	2
47	37	1
47	41	2
47	42	1
47	44	1
47	46	1
48	4	1
48	6	1
48	8	1
48	10	4
48	15	1
48	17	1
48	18	1
48	19	1
48	22	1
48	24	1
48	25	1
48	29	1
48	30	2
48	31	1
48	32	1
48	33	2
48	35	2
48	43	1
48	45	1
48	46	2
49	4	1
49	6	2
49	8	5
49	9	3
49	10	1
49	11	3
49	12	2
49	13	2
49	16	1
49	18	3
49	20	1
49	23	3
49	25	2
49	35	1
49	39	1
49	40	1
49	41	3
49	43	1
49	46	1
49	47	2
49	48	3
50	4	1
50	6	2
50	7	1
50	8	2
50	9	1
50	10	2
50	13	2
50	14	2
50	15	1
50	17	2
50	18	1
50	22	1
50	24	1
50	31	1
50	35	1
50	36	1
50	37	1
50	39	1
50	40	1
50	49	4
51	5	1
51	7	2
51	8	4
51	10	1
51	11	1
51	12	1
51	13	1
51	15	3
51	19	1
51	23	1
51	24	1
51	25	2
51	39	2
51	40	1
51	43	2
51	44	1
51	45	1
51	46	1
51	50	2
52	4	1
52	5	1
52	7	1
52	11	1
52	12	1
52	13	1
52	14	1
52	15	1
52	16	2
52	21	1
52	22	1
52	24	3
52	25	2
52	28	2
52	29	3
52	34	1
52	36	1
52	37	1
52	38	1
52	40	2
52	41	1
52	43	1
52	45	1
52	47	3
52	49	1
52	50	6
52	51	5
53	4	1
53	6	1
53	7	1
53	8	1
53	9	2
53	10	1
53	11	1
53	13	1
53	14	2
53	15	1
53	18	1
53	20	1
53	21	2
53	25	3
53	28	1
53	29	1
53	31	3
53	33	2
53	34	1
53	37	1
53	38	1
53	41	1
53	45	1
53	46	1
53	47	2
53	48	2
53	49	3
53	51	1
53	52	2
54	4	1
54	6	1
54	8	3
54	10	1
54	11	1
54	12	1
54	14	1
54	15	1
54	17	2
54	19	2
54	23	1
54	27	3
54	33	1
54	35	1
54	40	1
54	41	4
54	43	1
54	47	1
54	48	2
54	49	2
54	50	1
54	52	1
54	53	2
55	0	1
55	3	1
55	6	2
55	7	2
55	8	1
55	9	1
55	10	1
55	11	1
55	12	1
55	14	1
55	16	1
55	17	1
55	18	2
55	19	1
55	23	1
55	24	1
55	25	1
55	27	2
55	29	1
55	33	2
55	35	1
55	36	1
55	37	1
55	38	1
55	41	2
55	42	1
55	44	1
55	45	1
55	46	1
55	48	3
55	49	1
55	51	1
55	53	2
55	54	3
56	6	1
56	8	2
56	9	1
56	12	1
56	13	3
56	16	1
56	17	2
56	19	1
56	21	2
56	23	1
56	24	2
56	25	1
56	26	1
56	37	1
56	38	1
56	40	2
56	41	1
56	43	1
56	44	1
56	45	2
56	48	1
56	49	1
56	50	2
56	51	3
56	52	2
56	53	1
56	54	1
56	55	3
57	3	1
57	4	1
57	5	1
57	6	1
57	7	2
57	8	2
57	9	2
57	11	2
57	13	1
57	16	2
57	18	1
57	20	1
57	23	1
57	24	1
57	27	2
57	29	1
57	32	1
57	33	1
57	35	1
57	36	1
57	40	1
57	42	1
57	43	1
57	44	1
57	47	1
57	49	1
57	50	1
57	51	1
57	54	3
57	55	2
57	56	6
58	3	2
58	7	1
58	8	2
58	10	1
58	11	1
58	14	1
58	15	1
58	16	1
58	18	1
58	23	1
58	26	1
58	29	1
58	30	1
58	33	1
58	38	1
58	40	1
58	41	1
58	45	1
58	46	1
58	47	2
58	49	2
58	53	1
58	55	2
58	56	1
58	57	4
59	8	1
59	10	1
59	12	1
59	13	2
59	15	1
59	19	1
59	22	1
59	26	1
59	33	1
59	35	2
59	50	1
59	56	1
59	58	1
60	0	1
60	1	1
60	5	1
60	10	1
60	11	1
60	12	1
60	13	1
60	15	1
60	20	1
60	28	1
60	33	1
60	34	2
60	41	1
60	42	3
60	43	2
60	44	2
60	45	1
60	48	1
60	51	1
