2	1	3
4	3	4
5	2	1
5	3	4
5	4	4
6	5	4
7	5	2
7	6	2
8	2	1
8	3	1
8	4	2
8	5	1
8	6	1
8	7	6
9	2	1
9	4	2
9	5	1
9	6	2
9	8	1
10	3	1
10	6	1
10	7	2
10	8	1
10	9	3
11	0	1
11	5	1
11	10	3
12	4	1
12	6	2
12	8	1
12	9	1
12	10	2
12	11	2
13	1	2
13	3	1
13	4	1
13	5	1
13	7	1
13	8	2
13	9	3
13	11	2
14	5	1
14	9	1
14	11	2
15	3	1
15	6	1
15	7	2
15	8	1
15	10	1
15	13	1
15	14	1
16	4	1
16	8	1
16	9	1
16	10	2
16	12	2
16	13	1
16	14	1
16	15	2
17	3	1
17	4	1
17	5	1
17	6	1
17	7	1
17	8	2
17	9	1
17	13	4
17	15	1
18	5	1
18	6	2
18	8	1
18	11	2
18	12	1
18	15	1
18	17	2
19	6	1
19	8	1
19	13	1
19	14	2
19	15	1
19	17	1
19	18	5
20	3	1
20	10	1
20	13	1
20	15	1
20	16	1
20	17	1
20	18	1
20	19	2
21	8	3
21	10	1
21	14	1
21	15	2
21	18	1
21	19	1
21	20	5
22	4	1
22	5	1
22	10	1
22	11	1
22	13	1
22	14	1
22	16	1
22	17	2
22	19	2
22	20	5
22	21	1
23	3	1
23	4	2
23	5	1
23	6	1
23	8	2
23	9	1
23	10	1
23	13	1
23	16	1
23	21	3
23	22	4
24	5	2
24	6	2
24	9	1
24	14	1
24	17	3
24	19	1
24	23	2
25	4	1
25	6	2
25	7	1
25	8	1
25	9	1
25	10	2
25	11	1
25	16	1
25	23	1
26	8	1
26	9	1
26	17	1
26	20	1
26	22	1
26	23	2
26	25	1
27	5	2
27	7	1
27	8	3
27	10	1
27	12	1
27	14	1
27	16	1
27	17	3
27	18	1
27	19	1
27	21	2
27	23	1
27	24	1
27	26	1
28	2	1
28	3	2
28	5	2
28	8	1
28	11	1
28	18	2
28	19	2
28	22	2
28	23	2
28	24	1
28	26	1
28	27	2
29	6	1
29	8	2
29	9	1
29	13	1
29	19	1
29	26	1
29	27	1
30	3	1
30	7	1
30	11	1
30	13	1
30	15	2
30	16	1
31	2	1
31	10	1
31	12	2
31	13	3
31	16	1
31	23	1
31	24	1
31	29	1
31	30	1
32	4	2
32	5	1
32	16	2
32	27	1
32	30	1
32	31	1
33	1	1
33	6	1
33	8	1
33	9	1
33	10	1
33	13	3
33	24	1
33	31	3
33	32	1
34	1	1
34	2	1
34	4	1
34	7	1
34	8	1
34	9	1
34	10	2
34	12	2
34	13	1
34	23	1
34	25	1
34	27	2
34	31	2
34	33	1
35	3	1
35	4	1
35	7	1
35	8	1
35	9	1
35	10	2
35	12	1
35	13	2
35	14	1
35	17	1
35	18	1
35	19	1
35	20	1
35	24	2
35	25	1
35	27	1
35	28	1
35	32	1
35	33	1
35	34	2
36	5	1
36	8	1
36	10	1
36	13	3
36	15	2
36	22	1
36	25	1
36	26	1
36	27	2
36	28	2
36	32	1
36	35	3
37	3	2
37	6	1
37	7	1
37	9	2
37	10	1
37	12	2
37	13	1
37	17	1
37	19	2
37	22	3
37	25	2
37	27	1
37	35	3
37	36	1
38	1	1
38	3	1
38	4	2
38	7	1
38	8	1
38	10	1
38	11	2
38	12	1
38	16	1
38	17	1
38	21	1
38	23	1
38	24	2
38	25	3
38	26	1
38	27	1
38	35	4
38	36	5
38	37	4
39	6	1
39	8	1
39	9	2
39	10	1
39	11	2
39	13	1
39	17	1
39	19	1
39	20	1
39	27	1
39	29	2
39	32	1
39	35	2
39	36	1
39	38	1
40	0	1
40	1	1
40	10	2
40	11	1
40	12	2
40	13	1
40	17	2
40	18	1
40	23	1
40	24	2
40	25	1
40	26	1
40	27	1
40	28	1
40	29	1
40	31	2
40	35	1
40	36	1
40	38	5
40	39	1
41	3	1
41	6	1
41	9	2
41	11	1
41	13	2
41	17	1
41	20	2
41	23	1
41	25	1
41	27	1
41	29	1
41	30	3
41	31	1
41	34	2
41	35	1
41	40	2
42	4	1
42	6	1
42	13	1
42	17	1
42	25	1
42	27	2
42	28	1
42	30	1
42	31	1
42	33	1
42	34	1
42	35	1
42	37	1
42	38	2
42	39	1
42	41	1
43	2	1
43	7	1
43	8	1
43	10	2
43	12	1
43	13	2
43	28	1
43	29	1
43	30	2
43	34	1
43	42	2
44	12	1
44	17	1
44	22	1
44	23	1
44	24	1
44	27	1
44	32	1
44	33	3
44	38	1
44	42	1
44	43	1
45	2	1
45	10	1
45	14	1
45	15	1
45	17	2
45	27	1
45	31	1
45	32	1
45	33	1
45	35	1
45	42	1
45	43	2
45	44	2
46	1	1
46	6	1
46	9	2
46	32	2
46	35	1
46	39	1
46	43	2
46	44	1
46	45	3
47	6	1
47	7	1
47	8	1
47	10	2
47	11	2
47	12	1
47	15	1
47	16	2
47	18	1
47	20	1
47	21	1
47	27	1
47	28	1
47	32	1
47	35	2
47	45	1
48	8	4
48	9	3
48	15	2
48	16	1
48	17	1
48	24	1
48	27	1
48	28	2
48	29	1
48	30	3
48	32	1
48	35	1
48	36	1
48	41	3
48	43	1
48	45	1
48	46	1
48	47	3
49	3	1
49	5	1
49	7	2
49	8	2
49	9	2
49	11	4
49	12	1
49	15	1
49	16	1
49	17	1
49	18	1
49	21	2
49	22	2
49	24	2
49	25	2
49	27	1
49	30	1
49	34	1
49	35	1
49	36	1
49	38	2
49	43	2
49	44	1
49	46	1
49	47	1
49	48	3
50	3	1
50	7	3
50	8	4
50	11	1
50	13	1
50	16	1
50	17	2
50	18	1
50	23	1
50	24	2
50	25	1
50	28	1
50	34	1
50	37	1
50	47	1
50	48	1
50	49	2
51	1	1
51	3	1
51	4	2
51	6	3
51	12	1
51	13	1
51	14	2
51	15	2
51	16	2
51	18	1
51	19	1
51	20	1
51	21	1
51	22	1
51	25	1
51	31	1
51	32	1
51	33	1
51	35	1
51	41	1
51	42	1
51	44	1
51	47	1
51	48	2
51	49	2
51	50	8
52	6	2
52	7	3
52	8	2
52	9	2
52	10	1
52	12	3
52	13	2
52	14	1
52	16	1
52	24	2
52	25	1
52	27	2
52	28	2
52	29	1
52	33	1
52	38	1
52	40	1
52	41	1
52	42	1
52	43	3
52	44	1
52	45	1
52	46	1
52	49	1
52	50	3
52	51	4
53	4	2
53	7	1
53	9	2
53	10	2
53	11	2
53	13	1
53	15	1
53	16	2
53	19	1
53	21	1
53	25	2
53	26	1
53	28	1
53	30	1
53	31	1
53	32	1
53	33	1
53	35	2
53	39	2
53	40	1
53	42	1
53	47	2
53	48	1
53	51	1
54	3	1
54	4	2
54	6	1
54	7	1
54	8	1
54	9	1
54	11	1
54	12	2
54	15	2
54	17	2
54	20	1
54	24	1
54	29	4
54	30	4
54	32	1
54	33	1
54	38	2
54	40	1
54	41	1
54	42	2
54	47	1
54	49	2
54	51	3
55	3	1
55	4	1
55	5	1
55	6	1
55	7	2
55	8	2
55	11	2
55	12	2
55	14	1
55	17	1
55	18	1
55	24	1
55	25	2
55	29	2
55	35	2
55	36	1
55	37	1
55	41	4
55	42	1
55	43	1
55	44	1
55	45	2
55	47	1
55	49	2
55	50	2
55	51	3
55	52	1
55	53	3
56	3	2
56	5	2
56	6	2
56	7	1
56	9	1
56	12	1
56	13	2
56	16	1
56	17	1
56	22	1
56	27	1
56	30	2
56	32	1
56	33	1
56	37	1
56	40	1
56	42	2
56	43	1
56	44	1
56	45	1
56	47	1
56	48	1
56	49	1
56	50	1
56	51	3
56	53	1
56	54	1
56	55	4
57	6	1
57	8	2
57	9	1
57	10	2
57	13	1
57	14	2
57	16	1
57	24	2
57	25	1
57	27	1
57	29	1
57	30	1
57	32	1
57	36	1
57	37	1
57	39	1
57	43	1
57	48	1
57	50	1
57	51	1
57	52	1
57	53	1
57	54	2
58	3	1
58	5	2
58	6	2
58	8	2
58	13	1
58	15	1
58	19	1
58	24	2
58	29	1
58	38	1
58	40	4
58	44	1
58	47	1
58	48	2
58	49	1
58	50	2
58	51	1
58	55	3
58	56	3
58	57	1
59	24	1
59	27	1
59	33	2
59	34	1
59	35	1
59	36	1
59	39	1
59	51	3
59	56	2
59	57	1
60	7	1
60	15	1
60	25	1
60	32	1
60	34	1
60	36	1
60	40	1
60	41	1
60	43	1
60	44	1
60	45	1
60	46	1
60	53	1
