2	0	1
4	1	1
4	3	1
5	3	2
7	3	2
7	5	2
7	6	2
8	2	1
8	4	1
8	6	1
8	7	1
9	3	1
9	4	1
9	6	1
9	7	1
10	1	1
10	5	2
10	6	1
10	7	1
10	8	2
10	9	4
11	1	1
11	2	1
11	3	1
11	9	2
12	3	1
12	4	2
12	5	1
12	6	1
12	7	3
12	9	2
12	10	4
13	2	1
13	4	1
13	5	1
13	8	1
13	9	3
13	10	4
13	11	2
13	12	3
14	3	1
14	5	1
14	6	1
14	7	3
14	9	2
14	10	1
14	12	2
15	3	1
15	5	1
15	6	2
15	8	1
15	11	1
15	14	2
16	4	1
16	7	3
16	8	2
16	9	2
16	11	1
16	12	2
16	13	1
16	15	1
17	4	3
17	6	1
17	7	3
17	8	1
17	11	1
17	15	1
18	2	1
18	3	4
18	4	1
18	5	2
18	6	1
18	8	1
18	13	1
18	15	1
18	16	1
18	17	1
19	2	1
19	4	2
19	7	1
19	8	1
19	9	1
19	11	1
19	12	1
19	13	2
19	15	3
19	17	1
19	18	5
20	3	2
20	5	2
20	8	1
20	9	1
20	11	1
20	12	1
20	14	1
20	16	1
20	19	1
21	2	1
21	3	1
21	5	1
21	12	1
21	14	4
21	15	1
21	16	1
21	18	2
21	20	1
22	2	1
22	7	1
22	11	2
22	17	2
22	19	1
22	21	2
23	4	2
23	8	1
23	9	1
23	11	1
23	13	1
23	14	1
23	21	2
23	22	2
24	3	2
24	4	1
24	5	2
24	6	1
24	8	3
24	10	1
24	12	1
24	13	1
24	14	1
24	15	1
24	16	1
24	17	1
24	18	1
24	19	1
24	20	1
24	23	2
25	3	1
25	5	2
25	7	1
25	8	1
25	9	1
25	12	3
25	14	2
25	18	2
25	19	2
25	23	2
26	1	1
26	3	2
26	4	1
26	10	1
26	17	1
26	18	1
26	25	2
27	1	1
27	3	1
27	5	1
27	8	1
27	9	1
27	11	2
27	12	3
27	13	1
27	17	1
27	18	2
27	19	1
27	21	1
27	22	1
27	24	3
27	25	1
28	5	3
28	8	4
28	9	1
28	12	1
28	14	1
28	16	1
28	23	3
28	26	1
28	27	1
29	0	1
29	5	2
29	8	1
29	10	1
29	17	1
29	27	3
29	28	1
30	1	1
30	2	1
30	3	1
30	4	2
30	7	2
30	8	1
30	11	1
30	12	1
30	15	1
30	27	1
30	28	1
31	4	2
31	5	2
31	8	1
31	10	1
31	15	1
31	23	1
31	24	1
31	27	1
31	28	1
31	29	1
31	30	2
32	2	2
32	8	1
32	18	1
32	29	4
32	30	2
32	31	1
33	3	1
33	8	1
33	12	2
33	15	1
33	22	2
33	23	1
33	24	1
33	27	1
33	28	1
33	29	1
33	32	2
34	7	2
34	8	1
34	11	1
34	21	1
34	23	1
34	24	1
34	30	2
34	31	4
34	32	1
34	33	3
35	1	1
35	2	1
35	3	1
35	4	1
35	6	1
35	7	1
35	8	1
35	10	3
35	11	2
35	12	2
35	13	1
35	14	1
35	15	1
35	16	1
35	20	1
35	23	2
35	25	1
35	27	1
35	29	1
35	30	1
35	31	1
35	32	1
35	34	1
36	4	1
36	8	1
36	9	1
36	10	4
36	11	2
36	12	1
36	13	1
36	16	1
36	17	2
36	21	2
36	24	1
36	27	1
36	28	1
36	29	2
36	30	1
36	31	1
36	35	3
37	10	2
37	11	3
37	15	1
37	17	1
37	18	1
37	19	2
37	21	1
37	23	1
37	25	3
37	26	1
37	33	1
37	35	1
37	36	1
38	3	1
38	7	1
38	8	2
38	9	1
38	10	1
38	11	3
38	12	1
38	14	1
38	15	2
38	18	1
38	19	1
38	21	1
38	23	2
38	25	2
38	27	2
38	28	2
38	29	1
38	35	5
38	36	3
38	37	4
39	0	1
39	5	1
39	10	2
39	11	1
39	12	1
39	13	1
39	17	1
39	18	1
39	22	1
39	23	1
39	24	2
39	25	3
39	28	1
39	29	1
39	30	1
39	31	1
39	36	1
39	37	2
39	38	3
40	1	1
40	4	2
40	5	1
40	6	1
40	7	2
40	8	2
40	10	1
40	13	1
40	16	1
40	17	1
40	20	1
40	25	2
40	26	1
40	27	1
40	29	1
40	31	1
40	36	2
40	37	1
40	38	1
41	4	1
41	8	1
41	12	1
41	15	1
41	21	1
41	22	1
41	24	1
41	30	1
41	31	1
41	32	2
41	34	2
41	35	1
41	37	1
42	6	1
42	9	1
42	10	1
42	11	2
42	12	1
42	18	1
42	24	1
42	25	1
42	28	1
42	30	2
42	31	1
42	33	2
42	40	2
42	41	1
43	2	1
43	5	1
43	7	1
43	8	1
43	11	1
43	12	2
43	13	1
43	15	2
43	18	1
43	19	1
43	30	2
43	31	1
43	33	2
43	34	1
43	38	2
43	39	2
43	40	1
43	42	1
44	1	1
44	2	1
44	4	1
44	5	2
44	6	1
44	7	1
44	8	1
44	9	1
44	11	1
44	12	1
44	14	1
44	15	2
44	17	1
44	20	1
44	29	3
44	30	1
44	31	2
44	32	2
44	33	2
44	34	2
44	35	2
44	40	1
44	41	1
44	42	1
44	43	5
45	9	1
45	14	1
45	30	2
45	33	2
45	34	2
45	38	1
45	43	2
45	44	3
46	0	1
46	2	1
46	9	1
46	10	1
46	27	1
46	28	1
46	29	1
46	30	2
46	31	1
46	32	1
46	34	1
46	42	1
46	43	3
46	44	1
47	4	1
47	6	1
47	7	1
47	8	1
47	11	1
47	12	1
47	15	1
47	21	1
47	23	1
47	27	3
47	28	2
47	30	2
47	31	1
47	33	2
47	34	1
47	38	2
47	41	1
47	44	1
47	45	1
47	46	1
48	7	2
48	8	1
48	9	3
48	11	1
48	13	1
48	16	1
48	22	1
48	24	2
48	25	1
48	27	1
48	29	1
48	30	2
48	31	2
48	32	1
48	35	1
48	36	1
48	39	3
48	40	2
48	42	1
48	43	3
48	44	1
48	47	1
49	2	1
49	3	1
49	5	1
49	6	2
49	7	1
49	8	6
49	9	5
49	11	3
49	12	2
49	13	4
49	14	2
49	16	3
49	17	1
49	18	1
49	22	2
49	24	1
49	25	1
49	27	1
49	28	1
49	29	1
49	30	3
49	31	2
49	32	1
49	33	1
49	34	2
49	40	1
49	41	1
49	42	2
49	43	2
49	45	1
49	46	1
49	47	1
49	48	7
50	4	1
50	5	2
50	6	2
50	7	3
50	8	4
50	10	1
50	13	1
50	15	2
50	19	2
50	21	2
50	23	1
50	25	1
50	28	1
50	29	1
50	33	1
50	34	1
50	36	1
50	37	1
50	49	4
51	4	1
51	6	1
51	7	4
51	8	1
51	10	2
51	11	1
51	12	1
51	13	1
51	14	2
51	16	1
51	18	1
51	19	1
51	28	2
51	32	1
51	34	1
51	37	2
51	38	1
51	40	1
51	42	3
51	43	1
51	44	1
51	46	2
51	47	2
51	49	3
51	50	2
52	2	1
52	3	1
52	5	2
52	7	1
52	8	4
52	9	1
52	10	1
52	11	2
52	13	2
52	14	1
52	15	4
52	16	1
52	17	1
52	21	1
52	23	1
52	24	1
52	34	1
52	35	1
52	36	1
52	37	1
52	40	2
52	45	1
52	47	2
52	48	2
52	49	3
52	50	1
52	51	3
53	4	1
53	5	1
53	6	1
53	7	3
53	8	3
53	9	1
53	11	2
53	14	1
53	15	2
53	17	1
53	18	1
53	19	1
53	21	1
53	25	1
53	26	2
53	27	3
53	28	1
53	30	1
53	36	1
53	37	1
53	38	2
53	40	1
53	42	1
53	47	1
53	49	2
53	51	2
54	8	3
54	10	2
54	12	2
54	14	1
54	18	1
54	24	1
54	26	1
54	27	1
54	28	2
54	29	2
54	30	1
54	31	1
54	36	1
54	37	1
54	40	1
54	41	1
54	42	2
54	47	1
54	49	1
54	50	1
54	51	4
54	52	1
54	53	2
55	2	1
55	3	1
55	5	1
55	6	5
55	7	2
55	8	2
55	9	1
55	14	1
55	15	1
55	16	2
55	17	3
55	18	1
55	23	1
55	28	2
55	29	1
55	30	2
55	31	1
55	33	1
55	35	3
55	38	1
55	41	1
55	42	2
55	43	1
55	44	1
55	46	1
55	49	1
55	50	1
55	54	2
56	3	2
56	6	3
56	8	2
56	9	2
56	13	1
56	14	2
56	15	1
56	16	1
56	18	1
56	19	1
56	22	1
56	24	1
56	28	2
56	29	1
56	30	2
56	37	1
56	38	1
56	39	1
56	46	1
56	47	1
56	49	1
56	51	1
56	52	2
56	53	1
56	54	3
56	55	1
57	3	1
57	4	1
57	6	2
57	7	1
57	11	1
57	13	1
57	15	1
57	20	1
57	21	2
57	22	1
57	23	1
57	25	2
57	27	1
57	28	2
57	33	1
57	36	1
57	38	1
57	39	2
57	41	1
57	45	2
57	46	1
57	49	3
57	50	1
57	51	2
57	53	2
57	55	2
57	56	2
58	5	1
58	7	1
58	14	1
58	15	1
58	16	1
58	18	1
58	19	1
58	21	1
58	23	1
58	27	1
58	29	1
58	31	1
58	36	2
58	37	2
58	38	1
58	45	1
58	49	2
58	50	1
58	51	1
58	54	2
58	55	2
58	56	2
58	57	2
59	6	1
59	9	1
59	15	1
59	18	1
59	22	2
59	24	1
59	27	2
59	28	1
59	29	1
59	43	1
59	45	2
59	53	1
59	55	1
59	56	2
60	0	2
60	2	1
60	7	1
60	8	1
60	11	2
60	13	1
60	27	1
60	30	1
60	40	1
60	41	1
60	43	2
60	44	1
60	45	1
60	46	1
60	47	1
60	52	2
60	53	1
60	57	1
60	58	3
