1	0	1
2	0	1
2	1	4
4	1	2
4	3	3
5	1	1
5	3	1
5	4	1
6	3	1
6	4	1
6	5	1
7	4	1
7	6	3
8	2	1
8	4	2
8	6	5
8	7	1
9	6	1
9	7	1
9	8	3
10	2	1
10	7	2
10	8	3
10	9	4
11	3	1
11	8	3
11	9	2
11	10	1
12	5	1
12	6	1
12	8	2
12	9	2
12	10	1
12	11	2
13	2	2
13	5	1
13	7	1
13	8	1
13	10	1
13	11	1
13	12	2
14	0	1
14	6	1
14	7	1
14	11	1
14	13	1
15	0	1
15	4	1
15	6	2
15	9	2
15	10	1
15	11	1
15	13	1
15	14	4
16	1	1
16	3	1
16	6	2
16	7	1
16	8	2
16	10	1
16	12	1
16	13	1
16	15	2
17	3	2
17	5	2
17	7	1
17	8	1
17	9	1
17	10	1
17	11	1
17	12	2
17	13	1
17	16	2
18	4	1
18	5	1
18	8	3
18	9	1
18	13	1
18	14	1
18	15	1
19	1	1
19	4	1
19	5	1
19	8	2
19	15	2
19	16	1
19	17	1
19	18	2
20	4	2
20	5	2
20	6	1
20	8	1
20	11	1
20	12	1
20	14	1
20	18	2
20	19	3
21	5	2
21	8	1
21	15	2
21	16	1
21	18	3
21	20	3
22	3	1
22	6	2
22	8	1
22	9	2
22	11	1
22	14	1
22	15	1
22	18	1
22	19	1
23	4	1
23	6	1
23	8	2
23	9	1
23	11	2
23	16	1
23	17	1
23	19	1
23	20	1
23	21	1
23	22	3
24	6	2
24	7	1
24	8	2
24	12	2
24	13	1
24	14	1
24	17	1
24	18	1
24	21	1
24	22	1
24	23	3
25	3	1
25	4	1
25	5	1
25	6	2
25	8	2
25	9	2
25	10	1
25	13	1
25	15	1
25	16	2
25	18	1
25	21	1
25	22	1
25	23	1
26	4	2
26	9	2
26	13	2
26	14	1
26	15	1
26	17	1
26	19	2
26	21	1
26	24	2
26	25	1
27	3	2
27	5	2
27	6	2
27	7	2
27	8	2
27	9	2
27	10	1
27	11	2
27	15	2
27	17	3
27	20	1
28	2	1
28	4	2
28	5	1
28	12	1
28	16	1
28	18	3
28	19	1
28	22	1
28	23	2
28	24	2
28	25	4
28	26	1
28	27	2
29	9	1
29	14	1
29	26	1
29	28	4
30	4	2
30	6	1
30	8	2
30	9	1
30	13	1
30	18	1
30	23	1
30	27	1
31	4	1
31	5	1
31	9	2
31	10	1
31	13	2
31	15	1
31	16	1
31	20	1
31	22	1
31	24	1
31	28	1
31	29	1
31	30	1
32	6	1
32	8	1
32	10	1
32	14	1
32	22	1
32	27	2
32	29	1
32	31	1
33	1	1
33	7	3
33	9	1
33	10	1
33	30	2
33	32	2
34	7	2
34	10	2
34	13	3
34	15	1
34	24	3
34	26	2
34	28	1
34	30	1
34	31	1
34	32	2
34	33	3
35	5	1
35	6	1
35	7	1
35	8	1
35	9	8
35	10	3
35	11	2
35	12	1
35	14	1
35	19	1
35	20	2
35	22	1
35	24	2
35	28	1
35	29	1
35	30	2
35	31	1
36	4	1
36	6	1
36	8	2
36	9	1
36	10	2
36	11	1
36	12	1
36	23	1
36	24	1
36	25	2
36	26	1
36	27	1
36	28	1
36	29	1
36	33	1
36	35	3
37	7	3
37	9	1
37	10	2
37	11	1
37	12	1
37	13	1
37	14	2
37	15	1
37	22	1
37	24	1
37	25	1
37	26	1
37	28	2
37	31	1
37	35	1
37	36	1
38	5	1
38	6	4
38	9	1
38	11	4
38	12	1
38	13	1
38	14	1
38	17	2
38	21	1
38	23	1
38	24	2
38	25	2
38	26	1
38	27	5
38	28	1
38	30	1
38	31	1
38	34	1
38	35	4
38	36	3
38	37	1
39	9	1
39	11	1
39	12	1
39	13	2
39	19	1
39	21	1
39	23	1
39	25	2
39	26	2
39	27	1
39	29	1
39	30	1
39	35	3
39	36	3
39	37	1
39	38	4
40	4	1
40	10	1
40	11	1
40	16	1
40	17	1
40	20	1
40	22	1
40	24	1
40	25	1
40	27	1
40	29	3
40	35	1
40	37	1
40	38	1
41	3	1
41	4	2
41	6	2
41	7	1
41	8	1
41	12	2
41	13	2
41	24	1
41	25	1
41	27	1
41	28	1
41	29	1
41	30	2
41	31	1
41	33	3
41	35	3
41	36	1
41	38	2
41	39	1
41	40	1
42	1	1
42	4	2
42	7	3
42	8	1
42	9	1
42	10	2
42	13	1
42	15	1
42	16	3
42	18	2
42	22	1
42	25	1
42	29	1
42	32	1
42	33	1
42	34	1
42	38	3
42	41	1
43	8	1
43	12	1
43	14	1
43	15	1
43	17	2
43	27	3
43	30	2
43	32	2
43	33	1
43	34	1
43	39	1
44	0	1
44	9	2
44	13	2
44	17	2
44	23	1
44	24	1
44	27	1
44	33	3
44	34	1
44	36	1
44	43	4
45	2	1
45	3	1
45	12	1
45	16	1
45	30	1
45	33	2
45	41	1
45	43	2
45	44	4
46	2	1
46	9	1
46	12	1
46	31	1
46	32	2
46	38	1
46	40	1
46	41	1
46	43	2
46	45	3
47	3	1
47	7	2
47	8	2
47	9	4
47	10	2
47	11	1
47	14	1
47	15	1
47	16	1
47	17	1
47	24	2
47	25	2
47	27	3
47	33	1
47	34	1
47	41	1
47	42	2
47	46	1
48	3	2
48	4	1
48	6	1
48	7	2
48	8	1
48	9	2
48	11	1
48	13	2
48	14	1
48	18	1
48	19	1
48	22	2
48	28	1
48	29	1
48	30	1
48	31	2
48	32	1
48	34	1
48	36	2
48	38	1
48	39	1
48	41	1
48	43	1
48	44	1
48	46	1
49	4	2
49	5	1
49	6	2
49	8	1
49	9	2
49	10	1
49	14	2
49	17	1
49	18	1
49	20	1
49	22	2
49	25	1
49	28	2
49	30	1
49	34	1
49	35	2
49	36	1
49	37	2
49	38	1
49	39	1
49	40	1
49	42	1
49	43	1
49	44	2
49	45	1
49	47	1
49	48	3
50	2	1
50	4	1
50	5	1
50	6	2
50	8	2
50	9	2
50	10	1
50	12	1
50	15	1
50	25	1
50	27	1
50	28	1
50	29	1
50	33	1
50	39	2
50	43	1
50	46	1
50	47	2
50	48	2
50	49	4
51	4	1
51	5	1
51	7	1
51	10	2
51	11	1
51	12	1
51	16	2
51	19	1
51	21	2
51	28	1
51	31	1
51	38	1
51	39	1
51	41	2
51	42	1
51	44	2
51	46	2
51	49	3
51	50	3
52	6	1
52	8	2
52	9	1
52	10	2
52	11	1
52	12	2
52	15	1
52	16	1
52	23	1
52	36	1
52	38	1
52	39	1
52	42	1
52	43	1
52	45	1
52	47	1
52	48	1
52	49	1
52	51	6
53	5	1
53	6	1
53	7	3
53	8	1
53	10	1
53	12	2
53	13	1
53	15	2
53	18	1
53	20	1
53	21	2
53	24	1
53	25	1
53	29	1
53	30	2
53	31	1
53	32	1
53	33	1
53	35	1
53	36	2
53	40	2
53	41	1
53	42	1
53	44	1
53	47	1
53	48	1
53	49	1
53	50	3
53	51	2
54	3	1
54	4	1
54	6	1
54	9	1
54	12	2
54	19	1
54	20	2
54	21	1
54	23	2
54	24	1
54	26	1
54	32	1
54	33	2
54	34	2
54	40	1
54	43	1
54	44	1
54	46	2
54	48	1
54	49	1
54	50	1
54	51	2
54	52	1
55	2	1
55	5	2
55	7	2
55	11	1
55	12	2
55	15	1
55	21	2
55	22	1
55	26	1
55	27	2
55	29	2
55	30	1
55	31	1
55	35	4
55	38	1
55	40	1
55	42	1
55	43	3
55	44	2
55	48	1
55	49	1
55	51	3
55	52	3
55	53	1
55	54	2
56	1	1
56	4	2
56	5	2
56	9	2
56	13	3
56	14	1
56	15	1
56	18	1
56	19	1
56	21	1
56	23	1
56	25	1
56	27	2
56	32	1
56	35	2
56	37	2
56	38	2
56	40	1
56	42	1
56	43	2
56	46	1
56	47	1
56	48	2
56	49	1
56	50	1
56	51	1
56	52	1
56	53	2
56	54	3
56	55	3
57	5	1
57	6	1
57	7	1
57	8	3
57	9	1
57	10	2
57	12	3
57	16	1
57	17	1
57	19	1
57	21	1
57	24	1
57	27	1
57	30	1
57	35	1
57	38	1
57	45	1
57	47	3
57	48	2
57	49	4
57	50	1
57	52	1
57	54	3
57	56	1
58	1	1
58	3	1
58	5	2
58	6	3
58	7	1
58	9	1
58	11	1
58	17	1
58	20	1
58	21	1
58	25	1
58	27	1
58	30	1
58	34	2
58	35	1
58	37	1
58	38	1
58	39	1
58	40	1
58	41	2
58	46	1
58	49	1
58	50	2
58	53	3
58	54	1
58	55	1
58	56	4
58	57	2
59	3	1
59	4	1
59	8	1
59	10	1
59	14	1
59	17	2
59	19	2
59	39	2
59	43	1
59	51	1
59	54	1
59	58	2
60	0	1
60	1	1
60	2	1
60	10	1
60	15	1
60	16	1
60	21	2
60	27	1
60	33	1
60	35	1
60	43	2
60	46	2
60	51	1
60	54	1
60	58	2
