2	0	1
2	1	2
4	3	3
5	3	2
5	4	1
6	3	1
6	5	1
7	3	1
7	5	2
7	6	2
8	3	1
8	4	1
8	6	3
8	7	1
9	5	3
9	8	1
10	3	1
10	4	1
10	9	1
11	5	2
11	10	4
12	3	1
12	4	1
12	7	1
12	8	3
12	9	1
12	10	2
12	11	3
13	7	1
13	8	2
13	10	4
13	11	1
13	12	2
14	3	1
14	7	2
14	8	1
14	10	1
14	12	1
14	13	1
15	5	1
15	7	1
15	10	1
15	11	1
15	12	1
15	13	2
15	14	2
16	0	1
16	3	1
16	7	2
16	8	2
16	10	1
16	11	1
16	12	1
16	13	1
16	14	5
16	15	1
17	3	1
17	4	2
17	5	2
17	11	2
17	15	1
18	3	5
18	4	1
18	8	2
18	17	1
19	1	1
19	3	1
19	4	1
19	13	1
19	14	1
19	17	1
20	8	1
20	9	3
20	10	2
20	12	1
20	13	1
20	14	2
20	15	2
20	19	1
21	3	4
21	4	2
21	7	1
21	10	1
21	11	1
21	12	2
21	13	1
21	15	1
21	16	5
21	18	1
21	20	1
22	4	1
22	6	1
22	7	1
22	8	1
22	9	1
22	10	2
22	13	1
22	14	2
22	19	1
23	5	1
23	6	2
23	7	1
23	9	1
23	10	1
23	12	2
23	13	1
23	15	1
23	16	1
23	19	1
23	22	1
24	6	1
24	8	1
24	9	1
24	10	2
24	13	1
24	14	2
24	15	3
24	16	1
24	17	1
24	19	1
24	23	1
25	4	1
25	8	1
25	9	2
25	10	1
25	13	1
25	14	1
25	15	2
25	17	2
25	23	5
26	3	1
26	5	1
26	12	2
26	23	1
26	24	1
26	25	2
27	3	1
27	6	2
27	9	2
27	10	2
27	11	1
27	12	1
27	14	1
27	16	1
27	17	1
27	18	1
27	19	3
27	21	1
27	22	1
27	23	1
27	24	2
27	25	4
28	4	1
28	5	1
28	7	1
28	9	2
28	10	2
28	11	1
28	12	1
28	13	2
28	14	1
28	15	3
28	19	1
28	24	1
28	27	1
29	3	1
29	6	1
29	9	1
29	14	1
29	21	1
29	22	2
29	23	1
29	24	1
29	26	1
29	28	3
30	1	1
30	2	1
30	14	1
30	19	1
30	24	1
30	29	2
31	9	1
31	10	1
31	13	1
31	16	1
31	24	1
31	30	1
32	6	1
32	9	1
32	11	1
32	30	1
33	4	2
33	7	3
33	8	1
33	15	3
33	17	1
33	24	1
33	26	1
33	27	2
33	28	2
33	30	1
33	31	1
34	0	1
34	4	1
34	9	1
34	11	1
34	15	1
34	17	1
34	22	1
34	24	1
34	27	1
34	29	2
34	30	1
34	31	2
34	32	2
34	33	2
35	5	2
35	9	1
35	12	1
35	13	1
35	15	2
35	17	1
35	19	1
35	21	1
35	23	1
35	24	1
35	25	2
35	28	3
35	30	2
35	31	2
35	34	1
36	8	1
36	9	1
36	12	1
36	13	2
36	14	1
36	16	2
36	21	1
36	25	1
36	35	4
37	2	1
37	4	1
37	6	2
37	9	1
37	10	1
37	12	2
37	14	1
37	17	1
37	18	1
37	19	1
37	22	1
37	25	3
37	29	1
37	34	1
37	35	4
38	3	2
38	4	1
38	7	1
38	9	1
38	10	2
38	11	2
38	12	1
38	13	1
38	15	1
38	18	1
38	23	1
38	24	1
38	25	1
38	26	1
38	27	3
38	28	3
38	29	1
38	31	1
38	35	1
38	37	7
39	5	1
39	9	1
39	10	1
39	12	2
39	15	1
39	20	1
39	24	1
39	25	1
39	26	1
39	27	1
39	30	1
39	31	1
39	32	1
39	33	1
39	34	1
39	35	2
39	36	1
39	38	1
40	3	1
40	8	3
40	9	2
40	10	1
40	21	2
40	24	1
40	25	2
40	28	1
40	29	2
40	34	2
40	38	4
40	39	2
41	6	1
41	8	1
41	11	1
41	15	1
41	16	1
41	21	1
41	23	2
41	25	1
41	27	2
41	28	1
41	29	2
41	32	1
41	33	1
41	36	1
41	38	1
41	40	1
42	1	1
42	6	1
42	8	1
42	9	1
42	11	1
42	12	1
42	13	1
42	16	1
42	18	1
42	25	2
42	28	1
42	29	1
42	30	4
42	31	1
42	33	1
42	34	2
42	37	1
43	5	1
43	12	1
43	18	1
43	19	2
43	24	1
43	28	1
43	30	1
43	31	2
43	32	1
43	33	1
43	34	2
43	38	1
43	39	1
43	40	1
43	41	1
44	4	1
44	9	2
44	11	1
44	27	1
44	28	2
44	30	2
44	32	1
44	33	1
44	34	1
44	36	1
44	38	1
44	41	2
44	43	1
45	7	1
45	9	1
45	10	1
45	16	1
45	27	1
45	30	1
45	31	1
45	33	1
45	40	1
45	41	1
45	44	4
46	5	1
46	8	2
46	19	1
46	22	1
46	28	1
46	31	2
46	32	1
46	35	1
46	36	1
46	43	1
46	44	4
47	11	1
47	12	1
47	14	2
47	24	1
47	27	1
47	28	2
47	30	1
47	38	1
47	39	2
47	41	1
47	43	2
47	44	1
47	46	1
48	4	1
48	5	1
48	6	2
48	7	3
48	8	2
48	10	1
48	13	2
48	15	2
48	16	2
48	19	1
48	24	1
48	28	2
48	30	1
48	31	1
48	37	2
48	41	1
48	43	2
48	46	2
49	3	2
49	4	3
49	5	2
49	6	1
49	8	5
49	9	2
49	10	1
49	11	2
49	12	2
49	13	1
49	15	1
49	16	1
49	17	1
49	18	2
49	21	1
49	22	1
49	27	1
49	29	1
49	32	1
49	33	2
49	43	1
49	47	4
49	48	2
50	6	1
50	7	2
50	8	3
50	11	2
50	14	2
50	15	1
50	16	1
50	18	1
50	19	1
50	24	1
50	25	1
50	27	1
50	28	1
50	29	1
50	35	1
50	37	2
50	39	1
50	40	1
50	43	1
50	45	2
50	49	4
51	4	2
51	5	1
51	7	2
51	8	1
51	11	2
51	12	1
51	13	2
51	16	1
51	17	1
51	18	2
51	20	1
51	21	1
51	22	1
51	23	1
51	24	2
51	28	1
51	32	1
51	34	1
51	38	1
51	48	3
52	6	1
52	7	2
52	8	1
52	9	1
52	10	1
52	13	2
52	14	1
52	15	1
52	16	2
52	18	2
52	24	2
52	26	1
52	32	1
52	35	1
52	36	1
52	41	1
52	45	1
52	46	2
52	49	2
52	51	5
53	2	1
53	6	3
53	7	2
53	8	3
53	10	3
53	11	2
53	14	1
53	15	1
53	17	1
53	19	1
53	22	2
53	24	1
53	27	3
53	30	4
53	31	3
53	34	2
53	35	1
53	36	1
53	39	1
53	43	1
53	45	1
53	46	2
53	47	1
53	48	2
53	49	4
53	50	2
54	3	2
54	4	1
54	6	1
54	7	2
54	8	1
54	10	1
54	11	1
54	12	2
54	13	1
54	15	1
54	16	1
54	28	1
54	29	1
54	30	2
54	32	1
54	34	2
54	37	2
54	38	1
54	39	1
54	40	2
54	42	1
54	49	2
54	51	1
54	52	2
55	3	1
55	5	1
55	8	2
55	10	2
55	11	1
55	12	1
55	13	2
55	17	1
55	18	1
55	19	1
55	20	1
55	21	1
55	22	2
55	24	1
55	25	2
55	26	1
55	28	2
55	29	1
55	30	1
55	33	1
55	34	1
55	39	1
55	41	1
55	42	2
55	44	1
55	46	1
55	48	1
55	49	2
55	50	2
55	51	1
55	52	1
55	53	1
56	3	1
56	5	3
56	6	1
56	7	2
56	8	1
56	14	1
56	15	1
56	24	1
56	26	1
56	27	1
56	30	1
56	32	1
56	33	1
56	38	1
56	39	1
56	42	1
56	43	1
56	44	1
56	45	2
56	47	1
56	49	2
56	51	2
56	53	1
56	54	4
56	55	1
57	6	1
57	7	1
57	8	1
57	9	3
57	13	2
57	14	1
57	15	1
57	16	1
57	17	1
57	22	1
57	23	1
57	27	1
57	30	1
57	31	1
57	32	1
57	33	2
57	35	1
57	37	1
57	41	1
57	42	1
57	43	3
57	47	1
57	50	1
57	51	1
57	53	2
57	54	1
57	56	1
58	5	2
58	6	2
58	7	1
58	8	1
58	9	1
58	10	2
58	15	2
58	18	1
58	20	1
58	21	1
58	22	1
58	28	2
58	33	1
58	34	1
58	43	3
58	55	2
58	56	1
58	57	2
59	22	1
59	24	4
59	27	1
59	28	1
59	30	1
59	34	1
59	38	1
59	45	1
59	46	1
59	49	1
59	55	1
59	57	2
59	58	1
60	2	1
60	9	1
60	10	3
60	20	1
60	22	1
60	30	1
60	32	1
60	33	2
60	39	1
60	45	2
60	46	2
60	47	1
60	52	1
60	53	1
