2	0	1
2	1	6
4	3	1
5	4	3
6	4	3
7	1	1
7	3	1
7	5	1
7	6	4
8	2	2
8	6	2
9	4	1
9	5	2
9	6	1
9	8	2
10	1	1
10	4	1
10	6	3
10	8	1
10	9	1
11	0	1
11	2	1
11	3	1
11	9	2
11	10	2
12	1	1
12	3	1
12	7	2
12	8	3
12	9	1
12	10	1
12	11	3
13	5	1
13	6	1
13	7	4
13	9	2
13	10	1
14	8	1
14	9	1
14	10	3
14	11	2
14	13	1
15	5	1
15	6	2
15	7	1
15	9	2
15	10	1
15	12	3
15	13	2
15	14	5
16	5	1
16	7	1
16	8	1
16	10	1
16	11	1
16	14	2
16	15	4
17	3	2
17	5	1
17	6	1
17	8	1
17	12	1
17	16	1
18	3	3
18	7	1
18	8	1
18	9	1
18	15	1
18	17	2
19	6	2
19	14	1
19	15	2
19	17	3
19	18	5
20	3	1
20	6	2
20	7	1
20	8	1
20	9	1
20	10	1
20	11	1
20	13	1
20	14	1
20	15	3
20	16	1
20	18	1
20	19	4
21	2	1
21	16	2
21	17	1
21	18	1
21	19	1
22	2	1
22	4	3
22	6	1
22	7	1
22	13	1
22	16	1
22	17	1
22	18	2
22	20	1
22	21	2
23	7	1
23	9	1
23	12	1
23	17	3
23	21	1
23	22	2
24	3	1
24	4	1
24	5	1
24	9	2
24	10	1
24	13	1
24	14	2
24	17	2
24	18	1
24	19	1
24	20	2
24	22	1
24	23	2
25	1	1
25	3	1
25	4	2
25	6	1
25	7	1
25	9	2
25	11	1
25	12	1
25	13	1
25	14	1
25	15	1
25	20	1
25	22	2
25	23	1
25	24	1
26	8	2
26	17	2
26	21	1
26	22	1
26	24	1
26	25	1
27	4	1
27	5	3
27	6	5
27	8	2
27	9	4
27	11	3
27	14	1
27	17	1
27	18	1
27	19	1
27	20	1
27	21	2
27	23	1
28	3	2
28	4	1
28	6	1
28	8	1
28	9	1
28	10	3
28	12	1
28	14	1
28	17	1
28	18	1
28	20	2
28	24	1
28	25	1
28	27	3
29	3	1
29	4	1
29	5	1
29	6	1
29	9	1
29	15	1
29	22	1
29	27	1
29	28	2
30	2	1
30	8	2
30	9	1
30	10	1
30	11	2
30	16	1
31	2	1
31	7	1
31	11	1
31	12	1
31	19	1
31	21	1
31	24	1
31	28	1
31	30	2
32	4	2
32	5	1
32	6	3
32	8	2
32	12	1
32	15	1
32	28	1
32	30	1
33	1	1
33	2	1
33	4	1
33	8	2
33	22	2
33	25	1
33	27	1
33	30	1
33	32	2
34	11	3
34	24	1
34	25	1
34	28	1
34	31	1
34	32	1
35	3	1
35	5	1
35	6	1
35	9	3
35	10	1
35	11	3
35	14	2
35	15	1
35	17	1
35	18	1
35	22	1
35	24	2
35	26	1
35	30	1
35	31	1
35	33	1
36	6	1
36	9	2
36	10	2
36	12	2
36	17	2
36	25	2
36	28	3
36	29	2
37	3	1
37	4	1
37	5	1
37	8	1
37	9	2
37	15	1
37	17	1
37	19	1
37	21	1
37	22	1
37	25	2
37	27	1
37	35	7
38	1	1
38	3	2
38	10	3
38	11	1
38	12	1
38	19	1
38	20	1
38	22	2
38	23	1
38	26	1
38	27	2
38	28	2
38	29	1
38	30	1
38	31	1
38	34	1
38	35	5
38	36	1
38	37	1
39	0	1
39	6	2
39	9	1
39	12	1
39	14	1
39	16	1
39	21	2
39	22	1
39	26	2
39	29	1
39	33	1
39	34	2
39	35	1
39	37	2
39	38	5
40	5	1
40	6	1
40	9	1
40	14	1
40	25	1
40	26	1
40	27	2
40	28	1
40	29	3
40	30	2
40	34	1
40	35	3
40	37	1
40	38	1
40	39	2
41	2	2
41	4	2
41	5	1
41	7	1
41	8	1
41	11	2
41	12	1
41	13	1
41	15	1
41	18	1
41	25	1
41	27	1
41	28	3
41	29	1
41	31	1
41	32	1
41	35	3
41	38	3
41	39	1
41	40	1
42	5	2
42	8	1
42	11	3
42	12	2
42	13	1
42	16	1
42	27	1
42	28	1
42	30	4
42	31	1
42	32	1
42	33	1
42	35	1
42	36	2
43	4	1
43	5	2
43	16	1
43	29	1
43	30	1
43	33	2
43	34	1
43	35	1
43	39	1
44	2	1
44	5	1
44	6	1
44	7	1
44	8	2
44	9	1
44	14	2
44	20	1
44	27	1
44	30	2
44	31	2
44	32	1
44	34	1
44	36	1
44	40	1
44	41	1
44	42	1
44	43	4
45	1	1
45	7	1
45	13	1
45	14	2
45	18	1
45	30	1
45	31	1
45	32	1
45	38	1
45	41	1
45	42	1
45	44	2
46	6	1
46	8	1
46	9	1
46	24	1
46	25	1
46	27	3
46	28	1
46	29	1
46	30	1
46	32	1
46	33	3
46	43	1
46	44	2
46	45	2
47	7	2
47	8	2
47	9	1
47	11	1
47	17	1
47	22	2
47	24	1
47	29	1
47	31	1
47	32	1
47	34	1
47	39	1
47	40	1
47	41	1
47	42	1
47	44	2
48	0	1
48	3	1
48	6	2
48	8	2
48	10	1
48	12	3
48	14	1
48	16	1
48	18	1
48	22	2
48	24	1
48	25	2
48	27	1
48	31	1
48	40	1
48	41	1
48	47	5
49	3	1
49	5	2
49	6	1
49	8	1
49	10	3
49	11	3
49	12	3
49	13	1
49	15	2
49	16	1
49	18	1
49	26	1
49	27	1
49	32	1
49	35	1
49	37	2
49	38	1
49	39	3
49	40	2
49	41	2
49	46	2
49	47	3
49	48	1
50	4	1
50	6	2
50	7	1
50	8	3
50	10	2
50	14	1
50	24	1
50	25	1
50	28	1
50	29	1
50	30	1
50	33	1
50	36	1
50	42	2
50	43	1
50	44	1
50	45	1
50	47	1
50	48	1
50	49	2
51	3	1
51	7	1
51	12	2
51	13	1
51	14	1
51	15	4
51	16	1
51	18	2
51	19	1
51	20	1
51	22	1
51	31	1
51	33	1
51	34	1
51	36	1
51	39	1
51	50	4
52	4	2
52	6	1
52	13	1
52	14	2
52	16	3
52	17	1
52	24	1
52	25	1
52	26	1
52	28	1
52	30	1
52	41	1
52	45	1
52	47	1
52	48	1
52	50	3
52	51	4
53	3	1
53	5	1
53	6	5
53	7	1
53	10	1
53	15	2
53	17	1
53	18	1
53	24	1
53	26	2
53	27	2
53	28	2
53	29	1
53	30	1
53	31	1
53	32	1
53	34	4
53	39	1
53	42	4
53	43	1
53	48	1
53	49	4
53	50	1
53	51	1
54	0	1
54	4	2
54	8	1
54	11	2
54	14	1
54	15	1
54	19	1
54	21	1
54	26	1
54	27	1
54	28	1
54	29	1
54	30	2
54	31	1
54	39	2
54	40	1
54	41	1
54	42	1
54	43	2
54	44	1
54	46	1
54	47	1
54	50	1
54	51	2
55	0	1
55	1	1
55	4	1
55	5	2
55	6	3
55	9	1
55	12	1
55	17	1
55	18	1
55	20	2
55	24	2
55	26	1
55	27	3
55	28	1
55	29	2
55	34	1
55	38	2
55	39	1
55	41	1
55	43	1
55	44	1
55	46	1
55	49	1
55	50	1
55	51	2
55	52	1
55	53	2
55	54	1
56	0	2
56	4	1
56	5	2
56	6	1
56	8	3
56	10	2
56	12	1
56	13	1
56	14	2
56	17	2
56	22	1
56	28	1
56	32	1
56	38	1
56	40	1
56	41	1
56	42	1
56	43	1
56	46	1
56	49	1
56	50	1
56	51	1
56	53	1
56	55	5
57	3	1
57	4	1
57	5	1
57	6	1
57	7	2
57	8	1
57	13	1
57	14	2
57	15	1
57	16	4
57	17	1
57	18	1
57	19	1
57	23	1
57	30	1
57	33	2
57	36	1
57	37	1
57	39	1
57	42	2
57	43	1
57	46	1
57	48	1
57	50	1
57	51	1
57	52	1
57	54	2
57	55	2
57	56	3
58	5	2
58	8	4
58	13	2
58	14	1
58	16	2
58	24	1
58	26	1
58	28	1
58	32	1
58	34	1
58	37	1
58	46	1
58	48	1
58	49	2
58	50	2
58	57	2
59	2	1
59	4	1
59	8	2
59	10	1
59	15	3
59	17	1
59	18	2
59	19	1
59	24	1
59	25	2
59	26	1
59	29	1
59	36	1
59	41	1
59	45	1
59	49	1
59	55	1
59	58	1
60	1	1
60	13	1
60	15	2
60	17	1
60	20	1
60	25	3
60	35	1
60	40	1
60	42	1
60	43	1
60	46	2
60	47	1
60	51	1
60	58	1
