1	0	5
2	0	1
2	1	4
4	3	1
5	3	2
5	4	3
6	1	2
6	5	2
7	3	1
7	5	2
7	6	2
8	4	1
8	5	1
8	6	2
8	7	2
9	2	1
9	3	1
9	4	1
9	5	1
9	8	1
10	4	1
10	6	1
10	7	2
10	8	2
10	9	1
11	2	1
11	4	2
11	5	1
11	7	1
11	8	1
11	9	2
11	10	3
12	4	2
12	5	1
12	6	2
12	8	1
12	11	3
13	2	1
13	4	1
13	7	3
13	9	2
13	10	4
13	11	1
13	12	1
14	4	1
14	5	1
14	7	1
14	8	2
14	10	1
14	12	1
14	13	4
15	1	1
15	7	1
15	10	1
15	13	1
15	14	3
16	6	2
16	8	2
16	10	1
16	11	1
16	12	1
16	13	1
16	14	1
16	15	1
17	4	1
17	6	1
17	7	1
17	8	1
17	14	1
17	16	1
18	2	1
18	4	1
18	5	1
18	6	1
18	8	1
18	10	1
18	11	1
18	14	2
18	15	1
19	3	1
19	5	2
19	6	1
19	8	1
19	9	1
19	14	2
19	15	3
19	16	1
19	17	2
19	18	6
20	9	2
20	11	2
20	12	1
20	13	1
20	15	1
20	17	1
20	19	2
21	3	2
21	4	1
21	6	1
21	8	1
21	10	1
21	12	1
21	13	1
21	15	2
21	17	1
21	19	2
21	20	3
22	3	2
22	4	1
22	6	2
22	7	1
22	17	2
22	18	1
22	20	1
23	3	4
23	8	1
23	9	2
23	10	1
23	12	1
23	15	1
23	17	4
23	18	1
23	19	1
23	20	2
23	21	1
23	22	2
24	4	1
24	5	1
24	6	4
24	8	2
24	12	1
24	16	3
24	18	1
24	19	1
24	20	2
24	21	1
24	22	3
25	4	2
25	6	2
25	7	3
25	9	1
25	10	1
25	11	2
25	14	1
25	16	2
25	17	1
25	22	3
25	23	2
25	24	2
26	4	3
26	10	2
26	11	1
26	13	2
26	17	2
26	24	2
27	1	1
27	4	1
27	6	1
27	7	1
27	8	1
27	9	1
27	10	4
27	11	2
27	12	2
27	15	1
27	19	1
27	22	1
27	23	2
27	24	1
27	25	1
28	3	1
28	4	3
28	5	1
28	6	2
28	10	1
28	12	1
28	15	1
28	16	1
28	19	1
28	20	1
28	21	1
28	25	2
28	26	1
28	27	1
29	5	1
29	10	1
29	26	1
29	28	5
30	1	1
30	3	1
30	5	1
30	6	1
30	8	2
30	9	1
30	10	1
30	12	1
30	13	1
30	17	1
30	18	1
30	25	2
30	29	4
31	4	1
31	7	1
31	8	2
31	9	1
31	11	1
31	13	1
31	22	1
31	24	1
31	25	1
31	27	2
31	29	2
31	30	3
32	8	1
32	11	1
32	12	1
32	19	1
32	28	1
32	30	2
33	8	1
33	11	1
33	25	1
33	26	1
33	30	2
33	31	2
33	32	3
34	7	1
34	10	1
34	11	1
34	13	1
34	15	1
34	24	1
34	31	4
34	32	3
34	33	3
35	3	1
35	6	1
35	9	1
35	10	1
35	13	1
35	20	1
35	21	1
35	25	4
35	26	1
35	27	3
35	28	2
36	3	1
36	7	1
36	8	3
36	9	1
36	10	1
36	11	1
36	12	1
36	13	1
36	15	2
36	21	1
36	24	1
36	26	1
36	27	1
36	28	1
36	30	1
37	2	1
37	4	2
37	9	2
37	10	2
37	11	1
37	12	1
37	13	1
37	14	1
37	16	1
37	21	1
37	22	1
37	24	1
37	25	3
37	26	1
37	27	1
37	28	1
37	30	1
37	35	3
38	4	1
38	5	3
38	6	1
38	8	2
38	10	1
38	11	1
38	17	1
38	18	1
38	23	1
38	27	1
38	28	2
38	29	1
38	31	1
38	32	1
38	35	4
38	37	4
39	3	1
39	6	1
39	10	2
39	11	1
39	12	3
39	19	1
39	24	2
39	26	1
39	28	1
39	29	1
39	37	3
39	38	1
40	4	1
40	5	1
40	6	1
40	9	2
40	11	2
40	12	1
40	13	2
40	18	1
40	19	1
40	20	1
40	22	1
40	25	1
40	26	1
40	27	3
40	29	2
40	30	1
40	31	1
40	34	1
40	37	3
40	38	4
40	39	2
41	2	1
41	4	3
41	6	2
41	7	1
41	8	2
41	10	1
41	12	2
41	16	2
41	19	1
41	24	2
41	25	2
41	27	1
41	28	2
41	29	2
41	30	1
41	31	1
41	33	1
41	35	1
41	36	1
41	38	2
41	39	2
41	40	1
42	0	1
42	6	2
42	7	1
42	8	1
42	9	2
42	12	1
42	14	1
42	15	2
42	16	1
42	24	1
42	25	1
42	27	1
42	30	4
42	34	2
42	38	1
42	40	1
42	41	1
43	9	2
43	10	1
43	13	3
43	17	1
43	20	2
43	30	2
43	31	2
43	32	1
43	33	2
43	34	2
43	35	1
43	41	1
43	42	3
44	4	1
44	11	1
44	16	1
44	17	1
44	20	1
44	23	2
44	32	1
44	34	1
44	43	4
45	2	1
45	32	1
45	33	1
45	38	2
45	41	3
45	44	1
46	1	1
46	4	2
46	5	1
46	12	1
46	18	1
46	27	2
46	30	1
46	32	1
46	33	4
46	34	1
46	38	1
46	39	1
46	43	3
46	44	3
46	45	4
47	3	1
47	5	2
47	6	2
47	9	1
47	11	1
47	13	1
47	16	1
47	17	1
47	18	1
47	19	1
47	21	2
47	28	2
47	30	1
47	34	2
47	35	1
47	40	1
47	41	1
47	42	3
47	43	1
47	46	1
48	5	1
48	6	2
48	7	1
48	9	2
48	10	2
48	15	1
48	16	1
48	18	1
48	20	1
48	21	1
48	24	1
48	28	1
48	34	2
48	35	1
48	37	1
48	38	1
48	42	2
48	43	1
48	46	1
48	47	1
49	3	1
49	4	3
49	5	1
49	6	2
49	7	1
49	8	2
49	9	1
49	11	1
49	12	1
49	13	1
49	15	1
49	16	3
49	17	2
49	19	1
49	22	2
49	26	1
49	27	1
49	29	2
49	30	2
49	32	1
49	34	2
49	35	2
49	37	1
49	38	3
49	39	2
49	40	3
49	42	1
49	44	1
49	47	1
49	48	2
50	4	1
50	7	3
50	8	1
50	9	1
50	10	2
50	11	1
50	13	2
50	16	1
50	19	1
50	20	1
50	22	1
50	23	1
50	29	1
50	31	1
50	35	3
50	48	2
50	49	2
51	3	1
51	5	1
51	7	1
51	13	1
51	14	1
51	15	2
51	16	1
51	18	1
51	20	1
51	22	1
51	24	1
51	27	2
51	31	2
51	35	1
51	36	1
51	37	1
51	38	1
51	42	1
51	43	1
51	44	1
51	47	2
51	48	1
51	50	2
52	3	1
52	5	1
52	6	1
52	8	1
52	9	1
52	10	2
52	11	2
52	12	1
52	13	3
52	14	1
52	15	2
52	19	2
52	20	1
52	23	2
52	27	2
52	30	2
52	31	1
52	34	1
52	38	1
52	40	1
52	43	1
52	47	1
52	51	3
53	2	1
53	3	1
53	5	1
53	6	1
53	7	1
53	8	4
53	11	3
53	13	2
53	15	1
53	16	1
53	21	1
53	24	1
53	27	1
53	28	3
53	30	1
53	31	1
53	33	1
53	34	1
53	36	1
53	38	1
53	40	1
53	41	1
53	42	1
53	43	2
53	48	2
53	49	2
53	50	1
53	52	3
54	4	1
54	6	1
54	8	3
54	12	1
54	13	4
54	16	1
54	18	1
54	24	2
54	25	2
54	31	1
54	33	1
54	35	1
54	36	2
54	38	2
54	40	2
54	42	1
54	43	4
54	45	1
54	47	2
54	48	1
54	49	2
54	50	4
54	51	1
54	53	2
55	4	1
55	6	1
55	8	3
55	9	1
55	10	1
55	11	1
55	12	1
55	18	1
55	20	1
55	23	1
55	24	1
55	26	1
55	27	1
55	28	1
55	30	1
55	33	1
55	35	1
55	40	1
55	41	1
55	42	1
55	45	1
55	46	1
55	49	2
55	51	3
55	52	1
55	53	2
55	54	3
56	2	1
56	4	1
56	5	1
56	6	4
56	22	1
56	24	2
56	25	1
56	28	1
56	29	1
56	31	2
56	32	1
56	35	1
56	41	1
56	42	1
56	43	1
56	47	1
56	48	1
56	49	1
56	50	2
56	51	2
56	53	3
56	54	3
56	55	2
57	2	1
57	3	1
57	4	1
57	7	1
57	8	2
57	12	3
57	13	1
57	16	1
57	19	2
57	22	1
57	24	1
57	27	2
57	29	1
57	38	1
57	40	1
57	41	2
57	44	2
57	45	1
57	47	1
57	48	1
57	52	1
57	53	1
57	55	1
57	56	3
58	4	1
58	12	1
58	17	1
58	19	1
58	21	1
58	24	1
58	25	2
58	27	1
58	34	2
58	35	1
58	36	1
58	40	1
58	41	1
58	43	2
58	44	1
58	49	1
58	51	1
58	53	1
58	54	1
58	57	1
59	3	1
59	5	1
59	10	1
59	13	1
59	16	1
59	24	1
59	29	1
59	33	2
59	43	1
59	44	2
59	49	1
59	52	1
59	54	1
59	56	1
60	1	1
60	2	1
60	10	2
60	15	1
60	16	1
60	32	1
60	33	2
60	34	1
60	41	1
60	42	1
60	43	1
60	45	1
60	46	3
60	47	1
60	48	1
60	56	1
60	57	1
