1	0	1
2	0	1
2	1	1
4	3	3
5	4	5
6	4	1
6	5	3
7	3	2
7	6	1
8	0	1
8	6	6
8	7	1
9	3	1
9	6	1
9	8	4
10	1	1
10	4	1
10	5	1
10	9	1
11	8	2
11	9	1
11	10	2
12	4	1
12	7	1
12	8	1
12	9	3
12	10	4
12	11	3
13	2	1
13	4	1
13	5	1
13	6	1
13	7	2
13	8	1
13	11	1
13	12	1
14	7	1
14	8	1
14	9	1
14	11	1
14	12	2
15	3	1
15	4	2
15	6	1
15	7	1
15	12	1
15	13	1
15	14	2
16	1	1
16	4	1
16	5	1
16	6	2
16	11	2
16	12	1
16	13	1
16	14	3
16	15	3
17	3	3
17	4	1
17	5	1
17	6	2
17	7	2
17	8	1
17	9	1
17	13	2
17	15	1
18	3	4
18	5	1
18	6	1
18	8	2
18	12	2
18	13	1
19	8	3
19	14	1
19	17	2
19	18	2
20	6	1
20	7	1
20	11	1
20	12	1
20	13	2
20	15	1
20	16	1
20	17	1
20	19	4
21	4	1
21	5	1
21	6	1
21	7	1
21	8	1
21	11	1
21	13	2
21	14	3
21	15	2
21	17	2
21	19	1
21	20	1
22	4	1
22	6	1
22	7	1
22	9	1
22	10	2
22	15	2
22	17	1
22	18	1
22	19	1
22	20	2
23	3	1
23	4	1
23	5	1
23	7	1
23	8	1
23	9	1
23	11	1
23	13	2
23	21	1
23	22	1
24	0	2
24	5	1
24	7	1
24	8	2
24	9	1
24	11	1
24	12	4
24	15	1
24	16	1
24	17	1
24	20	1
24	22	1
24	23	2
25	3	1
25	4	1
25	6	1
25	8	2
25	9	1
25	10	1
25	11	1
25	14	1
25	15	2
25	18	1
25	22	2
25	23	1
26	8	1
26	9	2
26	12	1
26	22	1
26	24	1
26	25	1
27	4	1
27	5	1
27	6	2
27	7	3
27	9	2
27	10	3
27	12	1
27	13	5
27	14	1
27	18	3
27	20	1
27	22	2
27	23	1
27	24	5
27	25	2
28	2	1
28	5	3
28	6	2
28	7	3
28	9	2
28	10	1
28	11	4
28	13	1
28	16	1
28	19	2
28	20	2
28	21	1
28	24	1
28	26	1
28	27	2
29	3	1
29	4	2
29	5	1
29	7	1
29	12	1
29	13	1
29	23	1
29	25	2
29	28	3
30	1	1
30	7	1
30	8	1
30	12	2
30	16	1
30	21	2
30	25	1
30	28	2
31	6	1
31	9	1
31	13	1
31	18	1
31	22	1
31	28	1
32	10	1
32	22	1
32	25	1
32	30	5
32	31	1
33	1	2
33	2	1
33	8	1
33	13	2
33	24	1
33	29	1
33	30	4
33	31	1
33	32	3
34	7	1
34	17	1
34	21	1
34	24	1
34	28	1
34	30	3
34	31	2
34	33	4
35	4	2
35	6	2
35	7	1
35	8	1
35	10	2
35	11	2
35	14	1
35	15	1
35	16	1
35	18	2
35	23	1
35	25	2
35	27	1
35	28	3
35	34	2
36	5	1
36	8	1
36	12	1
36	14	1
36	15	1
36	19	1
36	20	1
36	25	1
36	28	1
36	32	1
36	35	1
37	4	3
37	8	1
37	10	1
37	11	1
37	13	1
37	18	1
37	19	1
37	22	1
37	23	2
37	26	1
37	27	2
37	35	4
37	36	1
38	3	1
38	5	1
38	6	2
38	7	3
38	8	3
38	9	1
38	11	3
38	12	1
38	13	1
38	16	1
38	17	1
38	19	1
38	20	2
38	23	1
38	24	3
38	25	3
38	26	2
38	27	3
38	28	1
38	29	2
38	31	2
38	33	1
38	34	1
38	35	6
38	37	3
39	3	2
39	6	2
39	9	2
39	10	1
39	11	1
39	12	2
39	13	1
39	22	2
39	24	2
39	25	2
39	26	1
39	27	1
39	33	1
39	35	3
39	36	1
39	38	1
40	0	1
40	3	1
40	5	1
40	9	1
40	10	1
40	11	1
40	12	2
40	13	1
40	15	1
40	16	1
40	17	1
40	20	1
40	22	1
40	23	1
40	25	2
40	28	2
40	29	1
40	30	1
40	31	1
40	32	2
40	33	1
40	34	1
40	35	2
40	36	1
40	37	1
41	2	1
41	3	1
41	4	1
41	6	1
41	7	1
41	8	1
41	9	1
41	11	2
41	13	1
41	15	1
41	16	1
41	24	1
41	28	2
41	30	1
41	31	1
41	33	1
41	35	2
41	36	2
41	37	1
41	39	1
41	40	4
42	10	1
42	15	1
42	18	1
42	25	1
42	27	1
42	29	1
42	30	3
42	31	4
42	32	1
42	33	3
42	34	1
43	8	5
43	9	1
43	15	1
43	24	2
43	27	1
43	28	1
43	31	1
43	32	3
43	33	3
43	38	1
43	39	1
43	42	1
44	8	2
44	11	1
44	12	1
44	13	1
44	15	1
44	17	1
44	22	1
44	24	2
44	28	1
44	30	2
44	33	1
44	34	1
44	41	1
44	43	3
45	1	1
45	2	1
45	4	1
45	8	1
45	16	1
45	31	1
45	32	3
45	33	1
45	35	1
45	38	1
45	39	1
45	41	1
45	44	3
46	0	1
46	2	1
46	8	1
46	10	2
46	12	1
46	15	1
46	18	1
46	20	1
46	25	1
46	30	1
46	32	3
46	34	1
46	39	1
46	41	1
46	42	1
46	44	1
46	45	2
47	0	1
47	5	1
47	6	1
47	7	1
47	8	1
47	9	1
47	12	1
47	17	2
47	22	1
47	23	1
47	27	1
47	29	1
47	30	1
47	35	2
47	36	2
47	39	1
47	41	1
47	42	2
47	43	2
47	45	2
48	4	2
48	5	1
48	6	2
48	7	1
48	8	2
48	9	2
48	10	1
48	11	1
48	12	5
48	13	4
48	18	3
48	19	1
48	20	2
48	21	1
48	28	1
48	30	2
48	36	2
48	39	2
48	42	2
48	43	2
48	45	1
48	46	2
48	47	3
49	4	2
49	7	1
49	8	6
49	9	1
49	10	1
49	13	1
49	16	3
49	17	1
49	18	1
49	20	1
49	21	1
49	24	1
49	25	1
49	29	1
49	30	2
49	35	2
49	36	1
49	37	2
49	38	1
49	39	2
49	40	1
49	41	1
49	45	1
49	46	1
49	47	2
49	48	1
50	4	2
50	5	1
50	8	2
50	9	2
50	10	2
50	12	1
50	13	1
50	16	1
50	21	1
50	23	1
50	24	1
50	30	1
50	31	1
50	41	1
50	42	1
50	43	2
50	44	1
50	45	1
50	47	1
50	48	3
50	49	1
51	3	1
51	5	1
51	6	3
51	11	2
51	12	3
51	14	1
51	15	1
51	18	1
51	21	1
51	23	1
51	24	3
51	27	1
51	29	2
51	34	2
51	35	1
51	38	1
51	39	1
51	41	1
51	43	1
51	44	1
51	45	1
51	46	1
51	48	1
51	49	2
51	50	1
52	2	1
52	4	1
52	7	1
52	8	1
52	10	1
52	14	1
52	16	2
52	17	1
52	24	2
52	32	1
52	34	1
52	35	1
52	36	2
52	39	1
52	43	1
52	47	2
52	48	1
52	49	1
52	51	5
53	3	1
53	4	2
53	5	2
53	6	1
53	8	3
53	9	1
53	11	2
53	14	1
53	15	1
53	17	2
53	23	1
53	24	3
53	25	2
53	28	2
53	31	2
53	35	2
53	37	1
53	38	1
53	40	1
53	41	2
53	43	1
53	47	1
53	49	1
53	52	1
54	3	1
54	4	1
54	7	1
54	10	1
54	14	1
54	16	1
54	17	1
54	18	1
54	21	1
54	25	1
54	28	1
54	30	1
54	31	1
54	33	1
54	34	2
54	35	2
54	36	1
54	40	2
54	42	3
54	44	1
54	47	1
54	49	2
54	53	4
55	6	2
55	9	1
55	12	1
55	16	1
55	18	1
55	25	1
55	27	1
55	28	3
55	39	2
55	40	1
55	41	1
55	44	1
55	45	2
55	47	1
55	49	1
55	50	1
55	51	2
55	52	1
55	53	3
55	54	4
56	1	1
56	5	2
56	8	2
56	9	2
56	10	1
56	11	1
56	12	1
56	17	1
56	19	1
56	27	1
56	30	3
56	31	2
56	33	1
56	35	1
56	39	1
56	47	1
56	48	1
56	51	1
56	52	2
56	53	1
56	54	1
56	55	8
57	4	1
57	5	4
57	6	4
57	7	4
57	10	2
57	13	1
57	16	1
57	19	2
57	23	2
57	27	1
57	29	1
57	33	2
57	34	1
57	42	1
57	44	1
57	45	1
57	46	1
57	47	3
57	48	1
57	49	1
57	53	1
57	55	1
57	56	1
58	3	1
58	4	1
58	9	1
58	15	1
58	25	2
58	27	1
58	28	1
58	30	1
58	31	1
58	32	1
58	34	1
58	35	2
58	37	1
58	40	1
58	42	1
58	43	1
58	45	1
58	49	2
58	50	2
58	51	1
58	52	1
58	55	1
58	56	2
58	57	3
59	4	1
59	6	1
59	8	1
59	19	1
59	27	1
59	28	1
59	40	1
59	41	1
59	50	1
59	54	2
59	57	1
59	58	1
60	2	2
60	5	1
60	10	2
60	20	1
60	27	1
60	34	2
60	39	1
60	40	1
60	41	1
60	42	2
60	43	1
60	45	1
60	46	1
60	55	1
60	57	1
