1	0	3
2	0	1
2	1	3
5	3	2
5	4	4
6	4	1
6	5	3
7	6	4
8	2	1
8	4	2
8	5	1
8	6	3
8	7	1
9	0	1
9	3	2
9	6	2
9	7	1
9	8	3
10	1	1
10	5	1
10	9	1
11	0	1
11	2	1
11	3	1
11	4	1
11	8	2
11	9	4
11	10	4
12	7	1
12	8	2
12	9	2
12	10	2
12	11	4
13	6	1
13	7	2
13	9	3
13	10	2
13	11	1
14	3	1
14	6	2
14	7	2
14	8	1
14	10	3
14	11	2
14	13	2
15	1	1
15	4	1
15	7	2
15	10	2
15	13	2
15	14	2
16	5	2
16	6	1
16	7	1
16	8	5
16	12	1
16	13	2
16	14	1
16	15	1
17	3	4
17	6	1
17	8	2
17	9	2
17	14	1
17	15	1
17	16	2
18	3	2
18	7	1
18	13	1
18	15	1
18	16	1
18	17	1
19	4	1
19	5	1
19	7	1
19	8	1
19	10	2
19	14	1
19	17	4
19	18	5
20	8	1
20	9	1
20	13	1
20	16	1
20	17	1
20	18	1
20	19	3
21	3	2
21	5	1
21	9	2
21	10	2
21	13	1
21	14	1
21	15	1
21	18	1
21	19	2
21	20	1
22	3	1
22	4	1
22	5	1
22	6	1
22	7	2
22	11	1
22	13	1
22	15	1
22	17	1
22	18	1
22	19	1
22	21	3
23	3	1
23	4	1
23	5	1
23	7	2
23	22	2
24	4	2
24	6	1
24	8	1
24	9	1
24	10	1
24	14	1
24	15	1
24	16	2
24	17	1
24	22	1
24	23	1
25	5	1
25	10	1
25	12	2
25	13	1
25	16	1
25	17	2
25	19	1
25	20	1
25	23	1
26	5	1
26	14	1
26	21	1
26	23	1
26	25	1
27	7	1
27	8	1
27	9	1
27	10	1
27	12	1
27	13	1
27	15	1
27	17	1
27	18	1
27	19	2
27	22	1
27	23	1
27	24	2
27	25	2
28	3	2
28	4	1
28	5	2
28	6	1
28	7	1
28	8	1
28	9	2
28	10	1
28	12	1
28	17	2
28	19	1
28	20	1
28	21	1
28	22	2
28	23	5
28	25	2
28	27	5
29	3	2
29	4	1
29	5	1
29	11	2
29	12	1
29	17	1
29	21	1
29	24	1
29	27	2
29	28	5
30	2	1
30	4	1
30	8	1
30	10	2
30	11	1
30	13	1
30	21	1
30	23	1
30	27	1
30	28	1
31	8	1
31	12	1
31	13	2
31	18	1
31	24	1
31	25	1
31	27	1
31	30	2
32	9	1
32	10	2
32	11	1
32	12	1
32	22	1
32	25	1
32	26	1
32	27	1
32	28	2
32	31	1
33	4	1
33	6	1
33	8	1
33	11	2
33	12	1
33	25	1
33	28	1
33	30	1
33	31	1
33	32	2
34	1	1
34	5	1
34	6	1
34	11	1
34	12	1
34	17	1
34	23	1
34	25	1
34	29	2
34	31	1
34	32	1
34	33	3
35	4	3
35	8	1
35	11	2
35	12	3
35	14	2
35	15	2
35	17	1
35	18	1
35	21	1
35	24	1
35	25	1
35	27	1
35	28	3
36	9	1
36	10	2
36	11	1
36	12	2
36	14	1
36	16	3
36	20	2
36	21	1
36	23	1
36	25	1
36	26	1
36	27	1
36	30	1
36	31	1
36	35	4
37	2	1
37	3	1
37	5	1
37	7	1
37	9	1
37	11	3
37	12	3
37	19	1
37	20	1
37	21	2
37	22	2
37	27	1
37	28	1
37	31	1
37	34	2
37	35	2
38	3	2
38	4	2
38	6	2
38	7	2
38	9	2
38	10	2
38	11	1
38	12	1
38	13	1
38	15	2
38	19	2
38	25	2
38	27	2
38	28	5
38	31	1
38	32	1
38	33	1
38	34	1
38	35	1
38	37	3
39	10	2
39	11	3
39	13	1
39	14	1
39	16	1
39	19	1
39	22	1
39	23	1
39	28	2
39	30	1
39	34	1
39	35	2
39	37	3
39	38	3
40	3	1
40	6	1
40	7	1
40	10	3
40	11	2
40	19	2
40	20	2
40	26	3
40	29	2
40	30	2
40	31	1
40	34	1
40	35	3
40	36	1
40	37	2
40	38	3
40	39	2
41	2	1
41	3	1
41	8	1
41	10	1
41	12	3
41	13	1
41	16	1
41	24	1
41	25	1
41	26	3
41	27	1
41	29	2
41	31	1
41	34	1
41	36	2
41	38	2
41	39	2
42	8	1
42	10	1
42	11	2
42	14	1
42	24	1
42	27	1
42	28	2
42	30	4
42	33	4
42	35	1
42	38	1
42	39	2
42	40	1
42	41	3
43	11	1
43	15	1
43	16	1
43	18	1
43	24	1
43	25	1
43	30	3
43	31	1
43	32	1
43	42	2
44	1	1
44	6	1
44	9	1
44	22	1
44	30	1
44	31	1
44	32	1
44	33	1
44	34	1
44	40	2
44	41	1
44	42	2
44	43	2
45	4	2
45	16	1
45	28	1
45	32	1
45	34	2
45	40	1
45	43	2
45	44	1
46	2	1
46	6	1
46	8	1
46	24	1
46	30	1
46	32	1
46	34	1
46	35	1
46	40	1
46	42	2
46	43	3
46	44	1
46	45	3
47	5	1
47	7	1
47	8	1
47	12	1
47	14	1
47	15	1
47	16	3
47	20	1
47	22	1
47	27	1
47	28	1
47	30	1
47	41	2
47	42	2
47	43	2
47	44	1
48	2	1
48	4	1
48	5	1
48	6	1
48	7	1
48	8	3
48	9	1
48	11	1
48	13	2
48	14	1
48	20	1
48	21	1
48	24	1
48	27	2
48	30	1
48	31	1
48	32	2
48	38	1
48	39	1
48	42	1
48	46	1
48	47	2
49	4	1
49	6	5
49	7	2
49	8	7
49	9	3
49	10	1
49	11	1
49	12	2
49	13	1
49	14	2
49	16	2
49	17	1
49	18	1
49	20	2
49	23	1
49	24	2
49	26	1
49	27	1
49	29	1
49	30	2
49	32	1
49	36	2
49	37	1
49	38	2
49	42	1
49	46	1
49	47	1
49	48	4
50	4	1
50	7	2
50	8	2
50	10	2
50	12	1
50	14	1
50	15	2
50	16	3
50	18	1
50	19	2
50	20	1
50	23	2
50	28	1
50	30	1
50	35	1
50	41	1
50	43	1
50	45	1
50	47	1
50	49	1
51	6	2
51	7	1
51	8	2
51	9	1
51	10	2
51	13	2
51	16	2
51	18	2
51	19	2
51	20	1
51	21	1
51	24	1
51	27	1
51	29	1
51	43	2
51	45	2
51	46	1
51	47	1
51	48	1
51	50	1
52	4	1
52	7	1
52	8	3
52	11	1
52	13	3
52	14	2
52	16	1
52	19	1
52	20	1
52	21	1
52	23	1
52	24	3
52	26	2
52	28	2
52	30	2
52	33	2
52	41	1
52	47	1
52	48	2
52	49	2
52	50	2
52	51	7
53	3	2
53	5	1
53	8	2
53	12	1
53	13	1
53	14	2
53	15	1
53	17	1
53	18	2
53	19	1
53	22	1
53	28	1
53	29	1
53	30	1
53	37	1
53	38	1
53	41	1
53	42	1
53	45	1
53	46	1
53	48	1
53	49	2
53	50	1
53	51	1
53	52	1
54	5	2
54	6	3
54	7	1
54	8	2
54	10	1
54	11	1
54	13	1
54	15	1
54	16	1
54	18	1
54	24	1
54	27	2
54	28	2
54	30	3
54	32	1
54	33	1
54	34	2
54	35	1
54	38	1
54	44	1
54	45	1
54	46	1
54	47	2
54	49	1
54	50	1
54	51	1
54	53	4
55	0	1
55	7	2
55	11	2
55	14	1
55	16	2
55	18	1
55	23	1
55	24	2
55	26	1
55	27	1
55	28	1
55	30	1
55	31	1
55	32	1
55	33	1
55	34	2
55	39	1
55	42	1
55	43	1
55	45	1
55	47	1
55	49	1
55	51	1
55	52	2
55	54	3
56	1	2
56	5	2
56	6	2
56	7	2
56	10	2
56	12	1
56	13	3
56	14	1
56	15	3
56	17	1
56	21	1
56	22	2
56	24	1
56	26	1
56	27	1
56	28	1
56	29	1
56	35	1
56	44	1
56	49	2
56	50	1
56	52	1
56	53	4
56	54	2
56	55	4
57	2	2
57	3	2
57	4	1
57	5	1
57	6	1
57	7	3
57	8	1
57	9	2
57	13	2
57	14	1
57	19	2
57	23	1
57	27	2
57	28	1
57	29	1
57	31	1
57	33	1
57	34	2
57	35	1
57	37	3
57	38	1
57	39	1
57	40	1
57	42	2
57	46	1
57	47	3
57	51	1
57	52	1
57	55	1
57	56	1
58	4	1
58	6	1
58	7	1
58	8	1
58	11	1
58	13	1
58	18	1
58	21	2
58	22	2
58	27	1
58	28	1
58	30	1
58	37	1
58	38	3
58	41	1
58	42	1
58	47	2
58	49	1
58	51	2
58	53	1
58	55	1
58	57	2
59	3	1
59	4	1
59	5	2
59	6	2
59	7	1
59	8	1
59	16	1
59	23	1
59	24	1
59	31	1
59	33	1
59	44	2
59	55	1
59	57	1
59	58	1
60	1	2
60	4	1
60	15	1
60	25	1
60	28	1
60	31	1
60	32	1
60	33	1
60	34	2
60	38	1
60	42	1
60	43	1
60	45	2
60	48	1
60	49	1
60	55	1
