1	0	3
2	0	1
2	1	1
4	3	2
5	1	1
5	3	1
5	4	3
6	3	1
6	4	1
6	5	1
7	6	3
8	3	2
8	6	1
8	7	2
9	0	1
9	3	1
9	5	1
9	6	2
9	7	2
9	8	3
10	2	1
10	4	1
10	5	1
10	6	1
10	8	1
10	9	4
11	3	1
11	4	1
11	8	2
11	9	4
11	10	2
12	3	1
12	5	1
12	7	1
12	8	3
12	10	1
12	11	3
13	2	1
13	6	3
13	7	2
13	8	1
13	9	2
13	10	2
13	11	1
13	12	1
14	3	1
14	8	1
14	10	2
15	3	1
15	6	1
15	7	3
15	8	2
15	11	2
15	13	1
15	14	5
16	5	2
16	6	1
16	7	1
16	8	3
16	15	2
17	3	1
17	6	1
17	8	1
17	13	1
17	15	1
18	3	2
18	5	1
18	6	1
18	10	1
18	11	1
18	12	1
18	13	1
18	17	2
19	3	1
19	5	1
19	7	2
19	8	3
19	10	1
19	15	1
19	16	2
19	17	3
19	18	3
20	3	3
20	4	2
20	5	1
20	7	1
20	8	1
20	13	1
20	14	1
20	15	1
20	16	1
20	17	2
20	18	2
20	19	1
21	4	1
21	7	1
21	8	2
21	13	2
21	14	2
21	15	1
21	17	2
21	18	2
21	19	2
21	20	2
22	2	1
22	3	1
22	4	1
22	5	1
22	6	1
22	9	1
22	12	1
22	13	1
22	16	1
22	17	1
22	18	1
23	3	1
23	4	2
23	5	2
23	6	1
23	8	1
23	9	1
23	11	1
23	12	1
23	13	1
23	16	1
23	17	2
23	18	1
23	20	2
23	22	1
24	3	1
24	4	1
24	5	1
24	6	2
24	7	1
24	9	1
24	11	1
24	12	2
24	14	2
24	15	1
24	17	1
24	18	1
24	19	1
24	20	1
24	22	2
24	23	2
25	6	1
25	8	1
25	17	1
25	19	2
25	22	1
25	23	2
25	24	3
26	3	1
26	8	1
26	9	1
26	14	1
26	19	2
26	20	1
26	22	1
26	23	1
26	25	3
27	4	1
27	7	1
27	8	1
27	9	2
27	10	4
27	11	1
27	12	1
27	16	1
27	17	1
27	24	2
27	26	1
28	4	3
28	8	3
28	9	2
28	10	1
28	12	1
28	13	2
28	15	1
28	17	1
28	20	1
28	21	1
28	22	1
28	23	2
28	24	1
28	25	1
28	27	3
29	3	1
29	5	2
29	9	1
29	14	1
29	19	3
29	22	1
29	27	1
30	4	1
30	6	2
30	10	2
30	11	2
30	12	1
30	14	1
30	15	1
30	19	1
30	27	1
30	29	1
31	7	1
31	11	1
31	12	1
31	16	1
31	23	1
31	27	1
31	30	1
32	2	1
32	19	1
32	26	1
32	28	1
32	30	1
32	31	3
33	6	1
33	8	1
33	9	1
33	12	1
33	16	2
33	28	1
33	30	1
33	31	4
33	32	1
34	5	1
34	7	4
34	24	1
34	25	1
34	30	1
34	31	1
34	32	1
34	33	1
35	10	1
35	11	3
35	12	1
35	13	2
35	17	1
35	18	2
35	19	1
35	23	2
35	24	2
35	25	1
35	26	2
35	27	1
35	28	1
36	3	1
36	9	1
36	10	1
36	11	1
36	13	1
36	15	2
36	17	1
36	19	1
36	21	1
36	22	1
36	25	1
36	27	1
36	28	2
36	29	2
36	30	1
36	35	1
37	5	1
37	6	1
37	9	1
37	10	1
37	13	3
37	15	1
37	24	2
37	25	1
37	26	1
37	27	1
37	28	1
37	30	1
37	31	1
37	35	3
38	6	2
38	8	2
38	9	1
38	11	5
38	12	2
38	14	2
38	16	3
38	17	1
38	18	1
38	22	1
38	24	1
38	25	2
38	27	3
38	30	1
38	31	2
38	32	1
38	34	1
38	35	4
38	37	3
39	5	1
39	6	1
39	8	1
39	9	1
39	10	2
39	11	1
39	13	1
39	18	1
39	19	1
39	22	2
39	23	2
39	24	2
39	25	1
39	26	2
39	30	1
39	36	3
39	37	2
39	38	1
40	9	1
40	13	1
40	15	1
40	17	1
40	19	1
40	20	1
40	21	1
40	22	1
40	24	2
40	25	2
40	27	4
40	28	1
40	30	1
40	32	1
40	39	3
41	4	1
41	5	1
41	6	1
41	8	1
41	10	1
41	15	1
41	24	1
41	25	1
41	26	1
41	27	1
41	28	2
41	29	1
41	30	2
41	31	1
41	33	1
41	34	1
41	36	2
41	38	2
41	39	1
41	40	3
42	0	1
42	5	2
42	9	1
42	10	2
42	12	1
42	14	1
42	16	1
42	24	1
42	27	2
42	28	2
42	31	1
42	32	1
42	33	2
42	34	3
42	40	2
43	5	1
43	8	2
43	9	1
43	17	1
43	19	1
43	28	1
43	29	1
43	30	1
43	31	3
43	32	1
43	33	1
43	34	1
43	37	1
43	40	1
44	0	1
44	4	1
44	5	1
44	8	1
44	13	1
44	15	1
44	16	2
44	17	1
44	30	1
44	33	1
44	34	2
44	35	1
44	40	1
44	42	2
44	43	1
45	2	1
45	3	1
45	15	1
45	17	1
45	28	1
45	32	1
45	33	2
45	38	1
45	42	1
45	43	2
45	44	4
46	2	1
46	9	1
46	13	1
46	15	2
46	18	1
46	22	1
46	24	1
46	30	2
46	32	2
46	33	1
46	38	1
46	43	1
46	44	1
46	45	1
47	2	2
47	4	1
47	8	1
47	9	1
47	10	2
47	12	1
47	15	2
47	20	2
47	28	1
47	31	1
47	32	2
47	34	1
47	36	2
47	38	2
47	43	1
47	44	1
47	46	1
48	1	1
48	3	1
48	4	1
48	8	2
48	9	1
48	10	1
48	11	1
48	12	1
48	14	1
48	17	2
48	18	1
48	25	1
48	28	3
48	29	1
48	33	1
48	36	1
48	39	1
48	41	3
48	46	1
49	2	1
49	3	1
49	4	1
49	6	2
49	8	5
49	9	1
49	11	2
49	12	3
49	14	1
49	15	1
49	16	4
49	17	1
49	18	1
49	19	1
49	20	1
49	21	1
49	22	3
49	26	1
49	27	1
49	29	2
49	30	1
49	31	2
49	38	2
49	40	1
49	42	1
49	43	2
49	45	1
49	47	1
49	48	3
50	5	1
50	6	1
50	10	1
50	13	4
50	18	1
50	23	1
50	25	1
50	27	1
50	35	1
50	36	1
50	43	1
50	45	1
50	48	2
51	4	1
51	6	1
51	8	1
51	9	3
51	13	2
51	16	2
51	19	2
51	20	1
51	21	1
51	31	1
51	36	1
51	37	2
51	38	2
51	40	1
51	45	1
51	48	1
51	49	1
51	50	2
52	6	1
52	8	2
52	10	1
52	11	1
52	16	1
52	17	1
52	19	1
52	22	1
52	24	1
52	27	4
52	28	1
52	30	1
52	45	1
52	48	1
52	49	2
52	50	2
52	51	3
53	4	2
53	5	1
53	6	1
53	8	1
53	9	2
53	10	1
53	12	2
53	14	1
53	16	1
53	17	1
53	21	1
53	24	2
53	25	1
53	27	1
53	28	1
53	29	1
53	30	1
53	33	2
53	34	1
53	35	2
53	36	1
53	38	1
53	41	3
53	42	3
53	43	3
53	44	2
53	47	2
53	49	6
53	52	1
54	5	2
54	9	1
54	12	2
54	13	1
54	15	1
54	16	2
54	20	1
54	23	1
54	26	2
54	27	1
54	30	2
54	31	2
54	33	1
54	40	1
54	47	2
54	48	1
54	49	2
54	50	1
54	52	3
54	53	2
55	0	1
55	5	1
55	6	1
55	7	1
55	9	2
55	10	1
55	11	1
55	14	1
55	21	2
55	22	1
55	28	1
55	31	1
55	33	1
55	34	3
55	38	2
55	41	1
55	43	2
55	47	1
55	49	1
55	50	1
55	51	1
55	52	4
56	4	1
56	5	1
56	6	1
56	8	2
56	9	1
56	13	1
56	14	1
56	15	1
56	18	2
56	24	1
56	28	1
56	29	1
56	30	1
56	33	1
56	34	1
56	38	1
56	40	1
56	42	1
56	44	2
56	48	1
56	49	1
56	50	2
56	51	1
56	52	1
56	53	2
56	54	2
56	55	5
57	4	1
57	5	3
57	7	1
57	8	1
57	9	1
57	21	1
57	23	1
57	24	2
57	28	2
57	35	1
57	38	1
57	49	3
57	50	4
57	51	1
57	53	3
57	54	1
57	55	2
57	56	4
58	3	2
58	4	1
58	5	2
58	8	2
58	9	1
58	10	1
58	12	1
58	13	1
58	14	2
58	15	1
58	23	1
58	24	2
58	25	1
58	26	1
58	27	1
58	28	1
58	30	1
58	31	1
58	32	1
58	33	1
58	38	1
58	39	1
58	40	1
58	42	1
58	43	1
58	47	1
58	48	2
58	50	1
58	54	3
58	57	3
59	0	1
59	6	3
59	8	1
59	9	1
59	14	2
59	16	1
59	28	1
59	30	1
59	44	1
59	46	1
59	50	1
59	57	1
60	1	2
60	2	2
60	5	1
60	10	1
60	30	1
60	32	1
60	33	1
60	36	1
60	39	1
60	44	1
60	45	2
60	46	1
60	49	1
60	51	1
60	53	1
60	55	2
60	56	2
60	57	1
