1	0	4
2	0	1
2	1	2
4	3	2
5	3	2
5	4	5
6	1	1
7	6	3
8	3	1
8	4	1
8	5	1
8	6	4
9	6	1
9	7	1
9	8	2
10	5	1
10	6	1
10	7	4
10	8	1
10	9	4
11	4	1
11	5	1
11	7	1
11	8	1
11	9	1
11	10	3
12	5	1
12	6	1
12	7	1
12	8	2
12	10	3
13	3	1
13	4	1
13	6	2
13	7	4
13	8	5
13	9	5
13	10	5
13	12	1
14	5	1
14	6	1
14	8	1
14	10	1
14	12	1
14	13	2
15	1	1
15	4	1
15	9	1
15	10	3
15	12	2
15	14	2
16	3	1
16	5	3
16	8	3
16	10	1
16	12	2
16	13	2
17	6	1
17	8	2
17	14	1
17	16	2
18	3	5
18	4	1
18	5	1
18	6	1
18	8	1
18	12	2
18	13	1
18	17	2
19	4	1
19	5	1
19	6	1
19	7	1
19	8	1
19	10	1
19	12	2
19	15	3
19	16	1
19	17	1
19	18	1
20	3	2
20	8	2
20	11	1
20	19	2
21	5	3
21	10	2
21	13	2
21	14	1
21	15	2
21	17	2
21	19	2
21	20	3
22	4	1
22	5	1
22	7	1
22	9	2
22	10	1
22	11	1
22	12	2
22	14	1
22	17	2
22	18	1
22	20	2
22	21	2
23	6	1
23	11	2
23	15	1
23	17	1
23	19	1
23	20	1
23	22	1
24	3	3
24	4	1
24	5	1
24	8	2
24	13	1
24	17	3
24	19	1
24	22	2
24	23	4
25	3	1
25	4	1
25	6	2
25	7	1
25	12	2
25	13	2
25	14	1
25	15	1
25	16	1
25	17	1
25	18	1
25	19	1
25	22	1
25	24	3
26	4	1
26	5	1
26	11	1
26	18	1
26	19	2
26	24	1
26	25	3
27	5	2
27	6	1
27	7	1
27	8	3
27	12	1
27	13	1
27	15	1
27	17	2
27	18	2
27	19	1
27	21	1
27	22	1
28	2	2
28	5	1
28	6	1
28	7	1
28	8	2
28	9	1
28	10	2
28	12	1
28	16	1
28	18	3
28	19	1
28	21	2
28	26	1
28	27	2
29	4	2
29	11	2
29	13	1
29	17	1
29	27	1
29	28	3
30	3	1
30	6	1
30	8	1
30	9	1
30	10	1
30	17	1
30	21	2
30	24	2
30	28	1
31	2	1
31	5	1
31	10	1
31	12	1
31	25	2
31	29	3
31	30	1
32	4	1
32	6	1
32	15	2
32	16	1
32	19	2
32	23	1
32	24	1
33	4	3
33	6	1
33	11	1
33	12	1
33	17	1
33	22	1
33	25	2
33	26	1
33	31	2
33	32	3
34	10	1
34	11	1
34	16	1
34	17	2
34	24	3
34	27	1
34	28	2
34	29	2
34	30	1
34	31	2
34	32	3
34	33	2
35	2	1
35	4	1
35	6	2
35	10	2
35	12	1
35	14	1
35	18	1
35	22	1
35	23	1
35	24	2
35	28	4
35	32	1
35	34	1
36	3	1
36	6	1
36	7	1
36	10	2
36	11	3
36	13	2
36	14	1
36	19	2
36	20	1
36	21	1
36	25	2
36	27	1
36	29	1
36	32	1
36	35	3
37	4	1
37	5	1
37	8	1
37	9	1
37	10	2
37	11	1
37	13	1
37	15	1
37	16	2
37	21	2
37	23	1
37	24	1
37	26	1
37	27	2
37	28	2
37	29	2
37	33	1
37	34	1
37	35	5
37	36	2
38	4	1
38	5	1
38	6	1
38	9	1
38	10	4
38	11	2
38	12	1
38	13	2
38	14	1
38	18	3
38	20	1
38	25	5
38	27	1
38	29	2
38	30	1
38	35	5
38	36	1
38	37	4
39	5	1
39	8	1
39	9	1
39	10	3
39	11	2
39	12	1
39	14	1
39	15	1
39	16	1
39	19	1
39	20	1
39	22	1
39	23	1
39	24	1
39	25	1
39	27	2
39	29	1
39	30	2
39	31	1
39	33	1
39	36	1
39	38	2
40	5	1
40	9	1
40	16	1
40	22	1
40	24	2
40	28	5
40	29	3
40	31	1
40	33	1
40	34	1
40	35	1
40	38	2
41	4	2
41	14	1
41	15	1
41	17	1
41	19	1
41	20	2
41	21	1
41	23	1
41	25	1
41	26	1
41	28	1
41	29	1
41	30	1
41	33	1
41	34	1
41	36	2
41	40	2
42	0	1
42	5	1
42	9	1
42	10	1
42	12	4
42	13	1
42	14	1
42	17	1
42	18	1
42	22	1
42	24	1
42	28	1
42	32	1
42	34	2
42	37	1
42	38	1
42	39	1
43	4	1
43	9	1
43	10	1
43	11	1
43	12	1
43	15	1
43	18	1
43	19	1
43	20	1
43	24	2
43	27	1
43	28	1
43	30	2
43	32	1
43	33	3
43	35	1
43	37	2
43	38	1
43	41	1
43	42	1
44	2	1
44	6	1
44	10	1
44	16	1
44	30	1
44	31	3
44	33	1
44	35	2
44	42	1
44	43	2
45	1	1
45	8	1
45	25	1
45	30	1
45	31	1
45	32	2
45	33	2
45	42	2
45	43	2
45	44	3
46	8	2
46	13	1
46	20	1
46	25	1
46	30	1
46	34	3
46	38	1
46	41	1
46	43	2
46	44	1
46	45	2
47	8	1
47	9	1
47	13	1
47	16	2
47	19	1
47	21	1
47	24	1
47	28	1
47	32	2
47	35	1
47	37	1
47	41	1
47	42	1
47	44	3
48	2	1
48	6	2
48	7	1
48	8	3
48	10	1
48	12	2
48	14	1
48	15	1
48	27	2
48	28	1
48	30	1
48	31	1
48	37	1
48	39	1
48	40	1
48	41	1
48	44	1
48	47	2
49	2	1
49	4	3
49	5	1
49	6	2
49	7	1
49	8	6
49	9	2
49	10	3
49	12	5
49	14	1
49	15	4
49	17	1
49	19	1
49	22	1
49	24	1
49	25	2
49	30	1
49	35	1
49	41	1
49	42	2
49	43	1
49	44	1
49	45	1
49	47	4
49	48	5
50	5	1
50	9	1
50	11	1
50	14	2
50	15	1
50	17	1
50	35	1
50	36	2
50	37	1
50	42	1
50	44	1
50	46	1
50	49	9
51	6	1
51	7	2
51	8	2
51	9	1
51	10	3
51	12	2
51	13	1
51	18	1
51	19	1
51	21	2
51	24	1
51	27	1
51	29	1
51	34	1
51	35	1
51	36	1
51	37	1
51	38	1
51	39	2
51	41	1
51	42	1
51	48	2
51	50	4
52	6	1
52	7	3
52	8	2
52	10	1
52	11	4
52	12	2
52	13	1
52	15	1
52	16	1
52	20	2
52	21	1
52	23	2
52	24	1
52	25	2
52	26	1
52	28	1
52	33	2
52	36	3
52	47	1
52	48	2
52	49	2
52	50	2
52	51	4
53	5	2
53	7	1
53	8	4
53	9	4
53	10	1
53	13	1
53	15	1
53	27	3
53	30	1
53	31	1
53	37	2
53	38	1
53	39	2
53	40	3
53	41	1
53	42	1
53	43	2
53	45	1
53	46	1
53	48	2
53	50	2
53	51	1
54	0	1
54	5	1
54	7	2
54	8	1
54	9	1
54	14	2
54	15	3
54	16	1
54	21	1
54	22	1
54	25	1
54	27	1
54	28	1
54	30	4
54	32	1
54	33	1
54	34	2
54	35	1
54	36	1
54	38	1
54	42	2
54	43	1
54	45	1
54	47	2
54	49	1
54	50	1
54	53	3
55	3	1
55	5	2
55	6	1
55	8	1
55	9	1
55	10	1
55	12	3
55	13	1
55	15	1
55	17	1
55	21	1
55	23	1
55	24	3
55	27	1
55	28	2
55	30	2
55	33	2
55	35	1
55	38	1
55	39	1
55	41	4
55	42	1
55	43	1
55	46	1
55	47	1
55	48	1
55	49	3
55	50	1
55	53	2
55	54	5
56	3	1
56	6	1
56	7	3
56	8	1
56	9	1
56	11	1
56	12	1
56	13	1
56	14	1
56	17	2
56	27	1
56	33	2
56	36	1
56	38	1
56	43	1
56	45	1
56	46	1
56	47	2
56	50	3
56	51	2
56	53	3
56	55	2
57	3	1
57	4	2
57	6	2
57	7	1
57	8	1
57	9	2
57	10	1
57	12	1
57	14	1
57	16	2
57	18	1
57	21	1
57	24	1
57	26	2
57	27	2
57	28	1
57	29	1
57	34	1
57	35	2
57	38	1
57	41	2
57	45	1
57	46	1
57	49	1
57	50	1
57	52	2
57	53	1
57	55	1
57	56	2
58	4	1
58	5	2
58	6	1
58	7	1
58	8	1
58	9	2
58	12	2
58	15	1
58	16	2
58	21	2
58	24	1
58	27	1
58	29	1
58	33	1
58	34	2
58	36	1
58	40	1
58	42	1
58	43	1
58	45	1
58	48	1
58	56	3
58	57	2
59	4	1
59	9	1
59	10	2
59	19	1
59	22	1
59	23	1
59	24	2
59	31	1
59	44	2
59	46	1
59	52	2
59	55	2
59	56	1
59	57	1
60	5	1
60	8	1
60	16	2
60	25	1
60	27	1
60	28	1
60	30	1
60	31	1
60	36	2
60	39	1
60	40	1
60	42	1
60	43	2
60	52	1
60	53	2
60	55	2
