1	0	2
2	1	3
4	3	2
5	1	1
5	3	1
5	4	3
6	4	2
6	5	3
7	6	2
8	3	1
8	6	3
8	7	3
9	3	1
9	4	1
10	4	1
10	6	1
10	7	1
10	8	3
10	9	2
11	1	1
11	7	1
11	8	1
11	9	1
11	10	2
12	4	1
12	5	1
12	7	1
12	8	1
12	9	1
12	10	2
12	11	6
13	4	2
13	5	1
13	7	2
13	8	2
13	10	1
13	11	2
13	12	1
14	3	1
14	5	1
14	9	1
14	11	1
14	12	1
15	1	1
15	4	1
15	5	2
15	7	4
15	12	3
15	13	1
15	14	2
16	7	2
16	8	1
16	9	2
16	11	2
16	13	2
16	14	2
17	3	1
17	4	1
17	5	1
17	6	1
17	7	1
17	8	2
17	9	2
17	15	1
18	2	1
18	3	1
18	6	1
18	9	1
18	10	2
18	12	1
18	14	1
18	16	1
18	17	6
19	3	2
19	6	2
19	8	1
19	9	1
19	10	1
19	11	2
19	12	1
19	13	2
19	15	1
19	16	1
19	17	2
19	18	3
20	3	1
20	6	4
20	7	1
20	8	2
20	9	2
20	14	2
20	15	1
20	16	1
20	18	2
21	3	1
21	6	1
21	8	2
21	9	1
21	11	2
21	14	1
21	15	3
21	16	1
21	17	2
21	19	3
21	20	1
22	4	1
22	5	2
22	7	1
22	8	1
22	9	1
22	12	2
22	14	1
22	15	1
22	17	1
22	19	1
22	20	1
22	21	1
23	1	1
23	3	1
23	4	1
23	5	2
23	8	1
23	12	1
23	13	1
23	14	3
23	18	1
23	21	1
23	22	3
24	3	1
24	4	1
24	7	3
24	8	2
24	10	2
24	12	1
24	20	1
24	22	2
25	2	1
25	3	1
25	4	1
25	5	1
25	6	1
25	8	1
25	12	2
25	14	1
25	18	3
25	19	1
25	20	1
25	23	2
25	24	1
26	5	2
26	12	2
26	14	1
26	18	2
26	19	1
26	22	1
26	23	1
26	25	3
27	3	1
27	5	1
27	9	3
27	10	1
27	12	1
27	13	1
27	14	1
27	20	1
27	21	1
27	24	1
27	25	1
27	26	2
28	3	1
28	4	2
28	6	1
28	8	2
28	9	1
28	10	1
28	11	1
28	14	2
28	16	1
28	17	1
28	20	1
28	22	1
28	25	1
28	26	1
28	27	3
29	3	1
29	6	1
29	12	1
29	21	1
29	22	1
29	24	1
29	25	3
29	27	1
29	28	3
30	8	2
30	9	1
30	13	1
30	15	1
30	23	1
31	5	1
31	9	1
31	10	2
31	18	1
31	28	2
31	29	1
31	30	1
32	2	1
32	5	1
32	11	1
32	12	1
32	22	2
33	2	1
33	3	1
33	5	1
33	10	1
33	12	1
33	13	1
33	15	1
33	16	1
33	24	1
33	27	1
33	28	1
33	29	1
33	30	2
33	31	2
34	2	1
34	6	1
34	7	1
34	8	1
34	9	1
34	12	1
34	13	1
34	26	1
34	27	2
34	31	1
34	32	1
34	33	4
35	3	1
35	4	1
35	8	1
35	9	3
35	11	1
35	12	1
35	16	1
35	20	1
35	23	1
35	24	1
35	25	3
35	26	1
35	27	3
35	28	1
35	29	1
35	34	1
36	5	1
36	8	1
36	9	3
36	12	1
36	13	1
36	15	1
36	18	1
36	19	1
36	20	2
36	24	3
36	25	1
36	28	1
36	35	2
37	9	1
37	10	1
37	12	1
37	17	1
37	18	1
37	19	1
37	20	1
37	22	3
37	23	2
37	25	1
37	26	1
37	27	1
37	35	7
37	36	1
38	5	1
38	6	1
38	7	1
38	8	1
38	11	2
38	13	1
38	14	1
38	15	1
38	16	2
38	17	1
38	18	1
38	19	2
38	24	2
38	26	2
38	27	1
38	28	2
38	30	1
38	31	1
38	32	1
38	33	1
38	35	3
38	37	3
39	9	2
39	10	1
39	11	1
39	12	1
39	13	1
39	17	1
39	21	2
39	23	1
39	24	1
39	25	1
39	26	1
39	29	1
39	30	2
39	35	3
39	36	2
39	37	3
39	38	1
40	0	2
40	1	1
40	4	2
40	5	2
40	8	3
40	11	2
40	15	2
40	24	2
40	25	1
40	26	1
40	27	3
40	28	2
40	29	3
40	31	1
40	34	1
40	35	1
40	36	1
40	38	3
40	39	2
41	8	1
41	11	2
41	12	1
41	13	1
41	20	2
41	24	3
41	28	1
41	30	3
41	31	1
41	33	1
41	34	1
41	36	1
41	38	1
41	40	1
42	0	1
42	5	2
42	7	1
42	8	1
42	10	2
42	13	1
42	14	1
42	24	1
42	25	2
42	30	4
42	40	1
43	5	1
43	6	1
43	7	2
43	15	1
43	19	1
43	28	1
43	29	1
43	30	3
43	31	3
43	32	1
43	33	1
44	2	1
44	7	1
44	8	1
44	12	1
44	13	1
44	17	1
44	31	1
44	32	1
44	34	1
44	38	3
44	42	2
44	43	8
45	7	1
45	12	1
45	28	1
45	30	1
45	31	1
45	38	1
45	39	2
45	40	1
45	41	1
45	43	1
46	0	1
46	1	1
46	8	1
46	10	1
46	11	2
46	15	1
46	18	1
46	29	1
46	30	1
46	31	1
46	33	2
46	38	1
46	39	1
46	42	3
46	44	2
46	45	2
47	11	1
47	12	2
47	13	1
47	14	1
47	19	1
47	20	2
47	22	1
47	28	1
47	33	2
47	34	1
47	36	2
47	38	1
47	39	1
47	42	1
47	44	1
47	45	1
47	46	1
48	4	1
48	5	1
48	6	1
48	9	1
48	10	1
48	12	3
48	13	1
48	15	1
48	18	1
48	19	2
48	25	1
48	28	1
48	31	3
48	34	1
48	35	2
48	37	1
48	40	2
48	42	1
48	43	1
48	45	1
48	47	3
49	6	1
49	7	1
49	8	6
49	9	4
49	10	1
49	11	3
49	12	4
49	13	3
49	14	1
49	16	1
49	21	1
49	27	1
49	30	3
49	32	1
49	35	1
49	39	1
49	40	1
49	41	1
49	47	2
49	48	1
50	5	2
50	6	1
50	7	2
50	8	1
50	12	1
50	13	1
50	15	1
50	16	1
50	18	1
50	19	2
50	20	1
50	21	1
50	25	1
50	28	1
50	34	1
50	36	1
50	43	1
50	44	1
50	45	1
50	47	1
50	49	3
51	6	2
51	10	1
51	12	3
51	13	1
51	14	1
51	17	1
51	20	1
51	22	2
51	24	2
51	25	2
51	27	1
51	29	2
51	30	1
51	33	1
51	35	1
51	37	1
51	39	1
51	43	1
51	48	5
51	49	2
51	50	2
52	2	1
52	4	1
52	5	3
52	6	1
52	8	5
52	14	1
52	15	2
52	16	1
52	20	1
52	24	1
52	25	1
52	26	1
52	28	1
52	30	1
52	33	1
52	34	1
52	35	2
52	38	3
52	39	1
52	42	1
52	43	1
52	44	1
52	48	1
52	51	5
53	1	2
53	5	1
53	8	4
53	9	2
53	11	1
53	12	1
53	14	1
53	16	3
53	18	1
53	19	1
53	20	1
53	23	1
53	25	1
53	26	1
53	28	2
53	31	1
53	33	1
53	35	1
53	36	2
53	39	1
53	40	3
53	41	1
53	42	1
53	47	1
53	48	1
53	49	2
53	50	2
53	52	1
54	3	1
54	7	1
54	8	2
54	9	1
54	10	1
54	11	1
54	12	1
54	13	1
54	14	1
54	17	2
54	18	1
54	27	3
54	29	1
54	31	1
54	33	1
54	34	4
54	37	1
54	38	1
54	40	1
54	43	1
54	44	2
54	45	1
54	47	1
54	48	1
54	49	2
54	50	1
54	53	3
55	2	1
55	3	1
55	4	1
55	5	4
55	7	1
55	15	2
55	19	1
55	23	1
55	24	1
55	25	1
55	27	1
55	28	2
55	31	1
55	33	1
55	34	1
55	40	1
55	42	1
55	44	1
55	45	1
55	49	1
55	51	2
55	52	1
55	54	2
56	7	2
56	8	1
56	9	1
56	10	1
56	13	1
56	15	2
56	18	1
56	20	1
56	30	1
56	32	3
56	40	1
56	41	2
56	47	1
56	48	1
56	50	1
56	52	2
57	2	1
57	4	2
57	5	2
57	6	1
57	7	4
57	8	2
57	10	1
57	12	1
57	13	1
57	17	1
57	19	1
57	20	1
57	25	1
57	30	1
57	31	2
57	34	1
57	39	1
57	40	1
57	42	2
57	49	1
57	51	2
57	52	1
57	53	2
57	54	1
57	55	1
58	0	1
58	3	1
58	6	1
58	7	2
58	8	2
58	13	1
58	15	1
58	16	2
58	18	1
58	19	1
58	23	2
58	24	1
58	25	1
58	28	1
58	30	1
58	31	1
58	35	1
58	37	1
58	39	1
58	42	1
58	43	1
58	45	1
58	47	1
58	48	2
58	51	4
58	55	4
58	56	1
58	57	4
59	4	1
59	7	1
59	8	2
59	15	1
59	16	1
59	24	1
59	33	1
59	39	1
59	43	2
59	46	2
59	51	2
59	56	2
59	58	1
60	0	1
60	1	1
60	2	1
60	22	2
60	27	1
60	30	1
60	33	2
60	35	1
60	38	1
60	44	1
60	46	2
60	47	1
60	53	1
