1	0	1
2	1	4
5	4	2
7	4	1
7	5	1
7	6	3
8	2	1
8	4	1
8	6	3
8	7	3
9	3	1
9	6	3
9	8	1
10	2	1
10	3	1
10	4	1
10	5	1
10	7	2
10	8	2
10	9	2
11	5	1
11	7	1
11	8	1
11	10	3
12	6	2
12	9	2
12	10	1
12	11	6
13	5	2
13	7	3
13	8	5
13	10	2
13	11	1
13	12	2
14	3	2
14	5	1
14	8	3
14	10	1
14	11	1
14	12	1
14	13	1
15	4	1
15	5	1
15	7	1
15	8	1
15	9	1
15	11	1
15	12	2
15	13	2
16	1	1
16	3	1
16	4	1
16	6	1
16	7	1
16	8	2
16	9	2
16	10	3
16	12	1
16	13	2
16	15	4
17	3	1
17	6	1
17	8	1
17	9	1
17	11	1
17	12	2
17	14	1
18	3	3
18	4	1
18	5	3
18	10	1
18	12	1
18	16	1
18	17	4
19	3	3
19	4	1
19	5	1
19	6	1
19	8	1
19	10	1
19	11	2
19	14	3
19	16	1
19	17	1
19	18	1
20	6	1
20	7	1
20	16	1
20	17	2
20	18	1
21	5	1
21	8	1
21	9	2
21	10	1
21	14	1
21	15	1
21	16	1
21	17	1
21	18	1
21	19	1
21	20	4
22	3	1
22	4	1
22	8	2
22	11	1
22	16	1
22	18	1
22	19	1
22	20	1
22	21	1
23	3	1
23	7	1
23	10	1
23	12	2
23	13	1
23	17	3
23	19	3
23	20	1
23	21	1
23	22	4
24	4	3
24	5	1
24	6	1
24	7	1
24	8	1
24	9	1
24	10	3
24	11	1
24	13	2
24	18	1
24	20	1
24	21	1
24	22	2
24	23	2
25	0	1
25	2	1
25	3	2
25	11	1
25	15	1
25	16	1
25	17	1
25	18	1
25	22	2
25	24	1
26	5	1
26	12	2
26	25	2
27	3	2
27	4	2
27	5	3
27	6	1
27	7	1
27	8	2
27	9	3
27	10	2
27	11	1
27	12	2
27	15	1
27	16	2
27	17	1
27	21	1
27	22	1
27	24	1
28	6	3
28	7	1
28	8	2
28	9	2
28	11	2
28	12	1
28	15	1
28	17	2
28	24	2
28	25	1
28	26	1
28	27	1
29	5	1
29	8	1
29	14	1
29	17	1
29	24	1
29	25	1
29	26	2
29	27	1
29	28	3
30	3	1
30	4	2
30	5	1
30	6	1
30	10	1
30	12	1
30	24	1
31	5	1
31	7	2
31	9	1
31	10	1
31	25	1
31	27	1
31	30	1
32	8	1
32	11	1
32	12	2
32	22	1
32	26	1
32	29	1
32	30	3
33	15	1
33	24	1
33	25	1
33	31	2
33	32	1
34	0	1
34	5	2
34	6	1
34	11	1
34	17	1
34	28	1
34	29	1
34	31	1
34	32	2
34	33	5
35	4	1
35	5	1
35	11	2
35	12	1
35	13	1
35	14	1
35	18	1
35	19	2
35	21	1
35	22	2
35	23	2
35	24	1
35	25	4
35	28	1
35	30	1
35	31	1
35	34	1
36	6	2
36	8	1
36	9	1
36	10	1
36	12	2
36	17	2
36	21	1
36	22	1
36	23	1
36	24	2
36	25	1
36	28	1
36	29	1
36	30	1
36	31	1
36	35	1
37	2	1
37	5	1
37	9	1
37	10	2
37	12	2
37	14	1
37	16	2
37	18	1
37	20	1
37	24	1
37	25	2
37	28	1
37	30	1
37	34	1
37	35	3
37	36	2
38	3	1
38	4	1
38	6	2
38	7	1
38	8	1
38	9	3
38	10	4
38	12	3
38	13	2
38	14	1
38	17	2
38	24	4
38	25	1
38	26	2
38	27	2
38	28	3
38	29	1
38	33	2
38	35	1
38	36	4
38	37	3
39	3	1
39	9	3
39	10	1
39	11	3
39	12	1
39	13	1
39	16	1
39	21	1
39	22	1
39	24	1
39	28	1
39	35	1
39	36	2
39	38	2
40	0	1
40	6	1
40	7	1
40	8	1
40	12	1
40	15	1
40	19	1
40	24	1
40	25	1
40	27	2
40	28	2
40	29	1
40	30	2
40	33	1
40	36	1
40	37	3
40	38	1
40	39	1
41	1	1
41	3	1
41	5	1
41	7	1
41	8	1
41	9	2
41	10	1
41	12	1
41	13	1
41	20	1
41	22	1
41	25	1
41	27	2
41	28	2
41	29	1
41	30	1
41	34	1
41	36	3
41	38	2
41	39	2
41	40	1
42	1	1
42	4	1
42	8	1
42	9	1
42	10	3
42	18	1
42	20	1
42	21	1
42	24	1
42	28	1
42	32	1
42	33	1
42	34	1
42	35	1
42	39	1
42	40	1
42	41	1
43	7	1
43	10	1
43	11	1
43	13	2
43	24	1
43	25	1
43	28	1
43	31	2
43	32	1
43	34	1
43	41	3
43	42	2
44	1	1
44	2	1
44	5	1
44	11	1
44	12	1
44	13	1
44	15	1
44	20	1
44	23	1
44	27	1
44	33	3
44	40	2
44	41	1
44	42	1
44	43	2
45	8	1
45	17	1
45	25	1
45	27	1
45	30	1
45	31	1
45	33	2
45	34	2
45	35	1
45	38	1
45	40	1
45	41	3
45	42	1
45	43	1
45	44	6
46	5	1
46	11	1
46	15	1
46	23	1
46	24	2
46	30	2
46	32	1
46	33	1
46	34	2
46	35	1
46	38	1
46	39	1
46	40	1
46	43	1
46	45	3
47	5	2
47	8	1
47	9	2
47	12	1
47	14	1
47	16	1
47	19	1
47	23	1
47	24	1
47	27	1
47	28	2
47	30	1
47	31	1
47	33	1
47	34	2
47	36	2
47	42	4
47	43	1
47	46	1
48	6	1
48	8	2
48	9	1
48	10	2
48	16	4
48	19	2
48	28	1
48	29	1
48	30	1
48	31	1
48	32	1
48	35	1
48	40	1
48	41	1
48	43	2
48	47	2
49	4	1
49	5	1
49	6	1
49	8	4
49	9	2
49	10	4
49	12	2
49	13	4
49	14	1
49	15	1
49	16	1
49	20	1
49	22	1
49	23	1
49	24	1
49	26	2
49	27	1
49	28	2
49	30	1
49	34	1
49	35	2
49	38	2
49	40	1
49	41	3
49	42	2
49	44	2
49	45	1
49	48	2
50	6	2
50	7	3
50	8	4
50	10	2
50	12	2
50	13	1
50	15	2
50	17	1
50	27	1
50	33	2
50	34	1
50	40	2
50	42	1
50	44	1
50	47	1
50	49	2
51	3	1
51	7	2
51	8	2
51	10	1
51	12	1
51	14	2
51	15	1
51	20	1
51	27	1
51	28	1
51	32	1
51	35	1
51	36	2
51	39	1
51	42	2
51	43	1
51	48	1
51	50	4
52	6	1
52	7	3
52	10	2
52	12	1
52	15	2
52	16	1
52	19	1
52	20	1
52	24	1
52	26	2
52	28	1
52	31	2
52	34	1
52	38	1
52	40	2
52	41	1
52	44	1
52	47	1
52	49	1
52	50	2
52	51	5
53	3	1
53	7	4
53	8	4
53	11	3
53	12	1
53	13	2
53	15	1
53	17	3
53	19	1
53	20	1
53	23	1
53	25	3
53	29	1
53	31	3
53	33	2
53	34	1
53	35	1
53	36	1
53	37	1
53	41	2
53	42	1
53	44	1
53	46	1
53	48	1
53	49	1
53	51	2
53	52	1
54	4	1
54	5	1
54	6	1
54	7	1
54	8	1
54	9	2
54	10	1
54	11	1
54	12	1
54	13	2
54	15	3
54	19	1
54	22	1
54	24	1
54	25	1
54	26	1
54	27	2
54	28	3
54	29	2
54	31	2
54	34	1
54	38	2
54	39	3
54	41	1
54	43	1
54	46	1
54	48	2
54	49	1
54	50	1
54	53	3
55	1	1
55	4	1
55	5	2
55	6	1
55	8	2
55	9	2
55	13	5
55	14	1
55	18	1
55	19	1
55	20	1
55	21	1
55	22	2
55	25	1
55	27	1
55	28	1
55	29	2
55	30	1
55	31	1
55	33	1
55	41	1
55	49	2
55	51	1
55	54	4
56	5	3
56	7	3
56	8	3
56	9	1
56	11	1
56	12	2
56	14	1
56	15	1
56	20	1
56	26	1
56	28	1
56	31	1
56	32	1
56	33	1
56	34	1
56	36	1
56	42	2
56	44	1
56	45	1
56	48	2
56	50	1
56	53	3
56	54	3
56	55	1
57	3	1
57	5	1
57	6	2
57	7	1
57	8	1
57	9	1
57	12	1
57	14	1
57	15	3
57	17	1
57	21	4
57	23	1
57	25	1
57	27	1
57	30	1
57	31	1
57	35	1
57	37	1
57	38	1
57	39	2
57	41	2
57	46	1
57	47	2
57	48	1
57	49	3
57	51	2
57	53	5
57	54	1
57	55	3
57	56	1
58	6	5
58	8	3
58	9	1
58	12	2
58	15	1
58	23	1
58	25	1
58	28	1
58	29	1
58	33	2
58	49	1
58	55	1
58	56	3
58	57	4
59	4	3
59	14	3
59	17	1
59	18	1
59	29	2
59	43	1
59	47	1
59	49	1
59	52	1
59	54	1
59	57	1
59	58	2
60	1	2
60	4	1
60	11	1
60	12	1
60	15	1
60	32	1
60	35	1
60	40	1
60	46	2
60	47	1
60	51	1
