1	0	2
2	1	4
4	3	3
5	3	1
5	4	2
6	3	1
6	5	1
7	6	3
8	0	1
8	3	1
8	4	2
8	5	1
8	6	4
8	7	1
9	5	1
9	6	1
9	7	1
9	8	2
10	3	1
10	6	1
10	7	1
10	8	2
10	9	2
11	8	1
11	9	4
11	10	3
12	3	1
12	4	1
12	8	2
12	9	2
12	10	4
12	11	4
13	6	1
13	7	3
13	8	1
13	9	1
13	10	3
13	12	1
14	4	1
14	5	1
14	6	1
14	7	1
14	10	1
14	12	1
14	13	1
15	3	1
15	4	2
15	5	2
15	6	1
15	11	1
15	12	3
15	14	1
16	6	1
16	7	2
16	9	1
16	10	1
16	13	2
16	15	3
17	6	1
17	10	1
17	11	1
17	12	1
18	2	1
18	3	2
18	4	1
18	5	1
18	9	1
18	10	1
18	12	1
18	14	4
18	17	2
19	6	2
19	9	2
19	14	2
19	16	1
19	17	1
19	18	1
20	4	1
20	9	1
20	13	1
20	14	2
20	15	1
20	16	1
20	17	1
21	3	1
21	4	2
21	6	1
21	8	1
21	13	1
21	14	1
21	15	2
21	16	1
21	18	3
22	4	1
22	6	1
22	10	2
22	12	1
22	14	2
22	17	3
23	3	1
23	5	1
23	6	1
23	8	2
23	10	1
23	13	1
23	17	1
23	18	2
23	19	2
23	22	1
24	3	1
24	4	1
24	9	2
24	10	1
24	13	1
24	15	1
24	16	1
24	18	3
24	20	1
24	23	1
25	2	2
25	5	1
25	6	3
25	8	1
25	10	3
25	13	1
25	14	1
25	15	1
25	17	3
25	22	1
25	23	1
25	24	2
26	3	1
26	8	1
26	10	2
26	12	1
26	18	1
26	23	1
26	24	1
26	25	4
27	4	1
27	5	2
27	6	1
27	7	1
27	8	2
27	9	1
27	12	2
27	13	1
27	14	1
27	15	2
27	16	1
27	17	1
27	19	2
27	22	1
27	24	2
27	25	1
28	3	1
28	6	1
28	10	2
28	13	1
28	15	1
28	16	1
28	18	1
28	20	1
28	22	1
28	24	3
28	25	1
28	26	1
28	27	2
29	4	1
29	5	1
29	7	1
29	9	1
29	10	1
29	14	1
29	21	1
29	23	1
29	24	1
29	27	1
30	6	1
30	9	4
30	24	1
30	25	1
30	28	2
31	6	1
31	9	1
31	10	1
31	13	2
31	27	1
31	28	1
31	29	1
31	30	2
32	5	1
32	11	1
32	19	1
32	24	1
32	26	1
32	28	1
33	8	1
33	10	1
33	12	1
33	13	2
33	26	1
33	27	1
33	28	1
33	29	2
33	30	1
33	31	1
33	32	2
34	0	1
34	7	1
34	11	1
34	15	1
34	17	1
34	20	1
34	25	1
34	27	1
34	28	1
34	30	1
34	31	2
34	32	3
34	33	3
35	8	1
35	11	1
35	15	1
35	17	1
35	18	1
35	22	1
35	24	1
35	28	1
35	29	2
35	30	1
35	31	1
36	7	1
36	10	1
36	11	2
36	14	2
36	15	1
36	17	1
36	21	1
36	25	2
36	26	1
36	30	1
36	35	3
37	4	1
37	9	1
37	10	2
37	11	2
37	12	1
37	13	1
37	14	1
37	15	1
37	16	2
37	17	1
37	18	1
37	20	1
37	22	1
37	23	1
37	24	1
37	25	1
37	28	1
37	34	1
37	35	1
37	36	1
38	0	1
38	3	1
38	4	2
38	7	2
38	9	1
38	10	2
38	11	2
38	12	2
38	14	1
38	15	2
38	18	2
38	19	2
38	20	3
38	22	2
38	23	1
38	24	2
38	26	1
38	27	3
38	28	3
38	29	1
38	32	1
38	33	1
38	34	1
38	35	1
38	36	3
38	37	3
39	3	1
39	4	1
39	6	1
39	8	1
39	9	1
39	10	3
39	11	1
39	12	2
39	13	1
39	16	2
39	21	1
39	25	2
39	26	1
39	27	2
39	29	2
39	31	1
39	33	1
39	36	4
39	37	1
39	38	3
40	3	1
40	8	2
40	10	1
40	11	2
40	14	1
40	16	2
40	18	1
40	19	1
40	20	1
40	24	1
40	25	1
40	26	1
40	27	2
40	28	1
40	29	3
40	33	1
40	36	1
40	37	1
40	38	2
40	39	2
41	6	1
41	7	1
41	9	1
41	13	1
41	15	1
41	17	1
41	19	1
41	20	1
41	27	3
41	28	3
41	29	2
41	33	1
41	34	2
41	35	1
41	37	1
41	39	1
41	40	1
42	3	1
42	10	1
42	11	1
42	21	1
42	27	3
42	28	1
42	30	1
42	33	4
42	34	1
42	35	1
42	37	1
42	38	1
42	40	1
42	41	4
43	10	1
43	12	1
43	16	1
43	28	2
43	30	2
43	33	1
43	35	1
43	39	1
43	42	2
44	5	1
44	8	1
44	13	2
44	27	1
44	28	1
44	31	1
44	32	1
44	34	2
44	35	1
44	42	4
45	7	1
45	9	1
45	13	1
45	18	1
45	22	1
45	32	3
45	39	1
45	41	2
45	42	1
45	43	1
46	8	1
46	9	1
46	23	2
46	25	1
46	27	1
46	30	3
46	32	2
46	33	1
46	38	1
46	44	1
46	45	1
47	2	1
47	4	1
47	5	1
47	7	1
47	12	1
47	13	1
47	16	1
47	20	1
47	21	1
47	25	1
47	28	1
47	34	1
47	39	1
47	42	1
47	44	1
48	1	2
48	6	1
48	10	1
48	11	1
48	12	1
48	14	2
48	15	1
48	18	1
48	24	1
48	27	1
48	28	1
48	29	2
48	30	1
48	31	1
48	34	1
48	37	1
48	38	1
48	40	1
48	47	1
49	4	1
49	7	2
49	8	2
49	9	4
49	10	1
49	11	1
49	12	2
49	13	1
49	14	2
49	16	1
49	17	1
49	18	1
49	19	2
49	21	2
49	24	1
49	26	1
49	27	1
49	29	2
49	30	1
49	34	1
49	36	1
49	38	1
49	40	1
49	41	2
49	43	2
49	46	2
49	48	3
50	4	1
50	5	1
50	6	1
50	7	1
50	8	2
50	10	1
50	11	1
50	12	1
50	13	1
50	14	2
50	15	2
50	17	1
50	19	2
50	29	1
50	31	3
50	35	1
50	39	1
50	40	2
50	45	1
50	46	1
50	48	1
50	49	1
51	4	1
51	6	2
51	8	1
51	9	1
51	10	1
51	13	1
51	14	1
51	15	2
51	16	3
51	18	1
51	21	1
51	22	1
51	27	1
51	28	1
51	30	2
51	31	2
51	34	1
51	38	1
51	40	1
51	41	3
51	42	1
51	43	1
51	46	2
51	47	1
51	48	2
52	5	2
52	6	1
52	7	1
52	8	1
52	12	1
52	13	2
52	14	1
52	21	2
52	23	3
52	28	2
52	32	1
52	36	1
52	37	1
52	38	1
52	40	1
52	41	1
52	42	1
52	45	1
52	48	1
52	49	2
52	50	1
52	51	1
53	7	1
53	9	1
53	10	2
53	11	1
53	12	1
53	16	2
53	17	1
53	21	1
53	23	1
53	24	1
53	27	4
53	28	1
53	29	2
53	30	1
53	32	2
53	35	1
53	37	1
53	39	1
53	41	2
53	42	1
53	43	2
53	48	2
53	49	2
53	50	1
53	52	1
54	5	1
54	7	1
54	8	2
54	12	1
54	13	1
54	16	1
54	17	1
54	19	1
54	23	1
54	24	1
54	27	2
54	31	2
54	34	2
54	41	2
54	44	1
54	45	1
54	46	2
54	49	4
54	50	1
54	53	1
55	1	1
55	3	1
55	4	4
55	5	1
55	9	2
55	10	1
55	12	2
55	15	1
55	17	2
55	19	1
55	22	2
55	24	2
55	27	1
55	33	2
55	34	1
55	35	1
55	36	1
55	38	1
55	39	1
55	40	1
55	41	2
55	42	2
55	43	2
55	44	1
55	47	1
55	48	1
55	49	3
55	52	1
55	54	1
56	1	1
56	2	1
56	6	2
56	7	2
56	8	2
56	9	1
56	12	2
56	13	1
56	16	1
56	17	2
56	26	1
56	27	1
56	33	2
56	35	2
56	37	1
56	38	1
56	39	1
56	40	2
56	42	2
56	43	2
56	44	2
56	47	1
56	48	1
56	49	1
56	50	1
56	51	2
56	52	1
56	53	1
56	54	2
56	55	3
57	4	1
57	7	1
57	10	1
57	12	1
57	13	1
57	15	1
57	16	2
57	19	2
57	25	1
57	27	1
57	29	1
57	33	2
57	35	1
57	39	1
57	40	1
57	42	3
57	43	1
57	45	1
57	46	2
57	48	1
57	53	2
57	54	1
57	55	2
57	56	3
58	3	3
58	6	3
58	7	1
58	10	1
58	20	2
58	22	1
58	28	1
58	29	1
58	30	2
58	31	1
58	33	3
58	34	1
58	35	2
58	37	2
58	40	1
58	42	1
58	46	2
58	48	1
58	53	1
58	55	1
58	56	2
59	13	1
59	15	2
59	16	1
59	17	1
59	18	1
59	19	2
59	27	1
59	29	1
59	31	1
59	54	1
59	55	2
59	56	1
59	57	1
60	0	1
60	9	1
60	12	1
60	25	1
60	31	1
60	33	1
60	34	1
60	36	1
60	38	1
60	39	1
60	44	3
60	45	2
60	46	2
60	47	1
60	49	1
60	51	1
60	53	2
60	56	1
60	58	1
60	59	1
