1	0	1
2	0	3
2	1	2
4	1	1
4	3	2
5	0	1
5	4	2
6	4	1
6	5	2
7	3	1
7	6	1
8	3	1
8	4	2
8	6	4
8	7	1
9	4	1
9	5	1
9	6	2
9	7	2
10	5	1
10	6	1
10	7	2
10	8	1
10	9	3
11	2	1
11	9	3
11	10	1
12	7	1
12	8	1
12	9	3
12	10	6
12	11	5
13	3	1
13	5	1
13	9	1
13	10	1
13	11	1
14	5	1
14	8	2
14	9	1
14	13	2
15	4	1
15	7	1
15	9	1
15	10	2
15	12	1
15	13	4
15	14	1
16	7	2
16	8	2
16	9	1
16	13	3
16	14	1
16	15	3
17	6	2
17	8	1
17	10	2
17	14	1
17	16	3
18	6	1
18	8	1
18	9	1
19	1	1
19	2	1
19	3	1
19	6	2
19	8	1
19	9	1
19	11	1
19	12	1
19	13	1
19	14	1
19	15	3
19	16	1
19	17	2
19	18	5
20	8	1
20	10	1
20	13	1
20	14	1
20	15	1
20	17	2
21	3	1
21	6	1
21	8	3
21	10	1
21	13	1
21	16	2
21	17	2
21	18	2
21	19	1
21	20	2
22	5	2
22	9	1
22	10	1
22	11	1
22	12	1
22	13	1
22	15	3
22	16	1
22	17	3
22	19	3
23	3	1
23	4	1
23	9	1
23	11	1
23	12	2
23	17	2
23	18	1
23	19	1
23	20	1
23	21	1
24	0	1
24	3	1
24	4	4
24	5	2
24	6	1
24	7	2
24	8	3
24	9	4
24	10	1
24	11	2
24	12	2
24	13	2
24	14	2
24	15	1
24	17	2
24	18	1
24	19	1
24	21	2
24	23	1
25	1	1
25	4	2
25	8	2
25	10	1
25	12	1
25	13	1
25	15	2
25	17	4
25	18	1
25	20	2
25	22	1
25	23	1
25	24	1
26	1	2
26	12	2
26	25	2
27	1	1
27	5	1
27	6	2
27	8	3
27	10	3
27	14	1
27	16	1
27	17	1
27	18	1
27	19	1
27	21	1
27	22	1
27	23	1
27	25	2
28	4	1
28	8	1
28	10	2
28	11	1
28	14	1
28	16	1
28	17	3
28	19	1
28	22	1
28	23	1
28	24	2
28	27	1
29	3	1
29	7	1
29	13	1
29	24	1
29	25	1
29	26	1
29	27	3
29	28	1
30	5	1
30	7	1
30	8	3
30	9	1
30	11	1
30	12	2
30	13	2
30	15	1
30	16	2
30	24	1
30	27	1
30	28	1
31	5	1
31	8	1
31	10	1
31	13	1
31	18	2
31	19	1
31	22	1
31	30	1
32	2	1
32	12	1
32	28	1
32	29	1
32	30	2
32	31	2
33	6	1
33	8	1
33	9	2
33	10	1
33	11	1
33	13	1
33	16	1
33	22	1
33	24	1
33	29	2
33	30	1
33	32	3
34	6	2
34	9	1
34	12	1
34	17	1
34	21	1
34	26	2
34	28	1
34	29	1
34	31	1
34	32	3
34	33	1
35	2	1
35	3	1
35	5	1
35	8	1
35	9	1
35	11	1
35	14	1
35	18	1
35	19	1
35	20	1
35	21	2
35	22	1
35	25	3
35	27	2
35	30	1
35	34	1
36	6	1
36	11	1
36	12	1
36	16	1
36	21	1
36	22	1
36	23	1
36	26	2
36	27	1
36	29	1
36	35	3
37	3	1
37	4	1
37	6	2
37	7	1
37	8	2
37	9	1
37	10	1
37	13	2
37	19	2
37	20	1
37	23	1
37	24	1
37	25	1
37	27	2
37	28	2
37	29	1
37	30	1
37	35	2
38	3	1
38	4	1
38	5	1
38	6	1
38	9	1
38	11	2
38	14	1
38	16	1
38	19	1
38	22	1
38	26	1
38	27	2
38	28	2
38	33	1
38	34	1
38	35	4
38	37	3
39	5	1
39	11	4
39	16	1
39	18	2
39	22	1
39	23	2
39	24	2
39	25	1
39	26	1
39	31	1
39	33	2
39	34	1
39	35	6
39	36	1
39	38	2
40	1	2
40	4	1
40	7	1
40	8	1
40	15	1
40	16	1
40	22	1
40	25	1
40	27	1
40	28	1
40	29	1
40	30	1
40	32	1
40	33	1
40	34	1
40	35	2
40	38	1
40	39	2
41	3	1
41	4	2
41	5	1
41	8	2
41	9	1
41	10	2
41	11	1
41	15	1
41	16	1
41	24	1
41	25	4
41	27	2
41	28	3
41	29	2
41	30	1
41	31	1
41	38	1
41	39	2
41	40	3
42	3	1
42	4	1
42	5	1
42	7	1
42	8	2
42	9	1
42	16	1
42	18	1
42	27	2
42	28	1
42	30	3
42	31	1
42	32	2
42	33	1
42	34	1
42	40	1
42	41	2
43	2	1
43	8	1
43	10	1
43	13	1
43	14	1
43	29	1
43	30	2
43	32	1
43	33	3
43	38	1
43	42	2
44	7	1
44	8	1
44	10	1
44	11	1
44	12	1
44	14	2
44	29	1
44	30	1
44	34	1
44	38	1
44	41	1
44	42	1
44	43	5
45	10	2
45	14	1
45	27	1
45	28	1
45	31	2
45	32	1
45	34	1
45	35	1
45	43	1
45	44	3
46	8	1
46	11	1
46	12	1
46	30	1
46	32	2
46	33	1
46	38	2
46	41	1
46	42	1
46	43	1
46	44	1
46	45	1
47	6	1
47	7	1
47	8	1
47	9	1
47	13	1
47	15	1
47	18	1
47	22	2
47	23	2
47	30	1
47	32	2
47	33	2
47	35	1
47	36	1
47	37	1
47	38	1
47	45	1
48	6	1
48	7	1
48	8	2
48	9	2
48	10	1
48	11	1
48	12	2
48	16	1
48	21	1
48	23	1
48	30	1
48	32	1
48	33	1
48	37	2
48	41	1
48	42	1
48	46	1
48	47	2
49	4	1
49	6	2
49	7	1
49	8	10
49	9	3
49	10	4
49	11	1
49	12	4
49	13	2
49	14	1
49	15	1
49	16	1
49	17	1
49	18	4
49	20	1
49	21	1
49	25	2
49	29	1
49	32	1
49	35	2
49	36	1
49	38	2
49	39	3
49	42	1
49	43	1
49	44	1
49	47	3
49	48	1
50	3	1
50	4	1
50	5	2
50	6	1
50	8	4
50	9	1
50	11	1
50	12	1
50	14	2
50	15	1
50	20	1
50	23	1
50	25	2
50	27	1
50	28	1
50	30	2
50	33	1
50	35	2
50	38	1
50	40	1
50	41	1
50	47	4
50	49	1
51	4	3
51	6	1
51	7	1
51	8	1
51	9	1
51	11	2
51	12	1
51	13	1
51	17	1
51	18	1
51	19	1
51	21	1
51	24	2
51	27	1
51	30	1
51	34	1
51	35	2
51	41	1
51	45	1
51	48	3
51	49	2
51	50	2
52	5	1
52	6	1
52	7	1
52	8	2
52	9	1
52	10	1
52	11	1
52	12	3
52	15	2
52	18	2
52	21	3
52	22	1
52	26	1
52	27	1
52	28	2
52	29	1
52	30	1
52	31	1
52	32	2
52	33	1
52	38	2
52	40	2
52	41	2
52	42	1
52	49	1
52	50	2
52	51	4
53	3	1
53	6	1
53	8	3
53	9	1
53	10	1
53	11	3
53	16	1
53	22	1
53	27	3
53	29	1
53	30	3
53	31	2
53	32	1
53	33	1
53	34	1
53	35	1
53	36	2
53	38	1
53	40	1
53	42	1
53	43	2
53	48	3
53	49	4
53	50	1
53	51	1
53	52	1
54	0	1
54	4	1
54	5	1
54	8	3
54	11	1
54	12	1
54	21	1
54	22	1
54	23	1
54	24	1
54	25	1
54	28	2
54	29	2
54	30	2
54	31	1
54	32	1
54	38	1
54	39	1
54	41	2
54	42	1
54	49	1
54	53	1
55	1	1
55	5	1
55	7	1
55	8	2
55	10	2
55	11	3
55	12	1
55	13	1
55	16	3
55	19	1
55	24	2
55	28	2
55	29	1
55	36	2
55	38	1
55	39	1
55	40	2
55	41	1
55	44	1
55	47	1
55	48	1
55	51	2
55	52	1
55	53	3
55	54	3
56	3	1
56	6	2
56	8	1
56	9	2
56	10	1
56	11	1
56	13	1
56	14	1
56	15	1
56	17	1
56	24	1
56	25	1
56	27	1
56	28	1
56	29	1
56	30	1
56	31	1
56	35	1
56	39	1
56	41	1
56	42	2
56	48	1
56	49	2
56	50	1
56	51	3
56	53	2
56	54	1
56	55	1
57	4	1
57	5	1
57	6	1
57	7	1
57	8	1
57	10	1
57	12	2
57	13	1
57	17	1
57	20	1
57	25	1
57	27	2
57	32	1
57	34	1
57	36	1
57	37	1
57	42	1
57	43	1
57	44	1
57	50	1
57	53	1
57	55	2
58	5	1
58	6	1
58	8	1
58	9	2
58	12	1
58	13	2
58	14	1
58	19	1
58	24	2
58	32	1
58	33	1
58	35	1
58	39	1
58	40	1
58	43	1
58	53	1
58	54	1
58	55	3
58	56	1
58	57	4
59	2	1
59	3	1
59	4	1
59	5	1
59	6	1
59	7	1
59	8	1
59	14	1
59	15	3
59	25	1
59	29	1
59	34	1
59	44	2
59	46	2
59	49	1
59	53	1
59	54	1
59	56	1
59	57	2
59	58	1
60	1	1
60	7	1
60	9	1
60	28	3
60	30	1
60	32	3
60	38	1
60	39	1
60	44	2
60	46	4
60	47	1
60	48	2
60	49	1
60	51	1
60	56	3
60	59	1
