1	0	2
2	0	2
2	1	1
4	3	2
5	3	1
5	4	1
6	3	1
6	5	1
7	4	1
7	6	3
8	4	2
8	6	1
8	7	3
9	5	1
9	6	1
9	7	2
9	8	2
10	5	1
10	7	1
10	8	1
10	9	5
11	2	1
11	3	1
11	4	1
11	9	3
11	10	3
12	5	1
12	8	1
12	9	1
12	10	6
12	11	3
13	2	1
13	5	2
13	7	1
13	8	1
13	10	1
13	11	2
13	12	5
14	3	1
14	4	1
14	5	1
14	7	1
14	8	2
14	10	1
15	3	2
15	4	2
15	6	3
15	9	1
15	10	1
15	11	2
15	12	1
15	13	2
15	14	6
16	0	1
16	1	2
16	10	2
16	11	1
16	13	1
16	14	1
16	15	5
17	4	1
17	7	2
17	8	1
17	10	1
17	12	2
17	15	1
18	5	1
18	7	2
18	10	2
18	17	1
19	3	1
19	4	1
19	5	1
19	7	1
19	8	1
19	11	1
19	12	1
19	16	1
19	17	3
19	18	4
20	0	1
20	4	1
20	7	1
20	13	2
20	14	1
20	15	1
20	19	1
21	1	1
21	6	1
21	7	1
21	10	1
21	11	2
21	13	1
21	14	1
21	15	1
21	17	1
21	18	1
21	19	1
21	20	3
22	3	1
22	5	1
22	8	3
22	9	1
22	10	1
22	11	1
22	12	2
22	14	1
22	16	1
22	17	2
22	20	1
23	1	1
23	4	1
23	7	1
23	8	2
23	9	1
23	10	1
23	13	1
23	17	3
23	19	1
23	21	1
23	22	3
24	3	1
24	6	3
24	8	2
24	9	2
24	11	1
24	17	1
24	20	1
24	22	2
24	23	1
25	3	1
25	4	1
25	5	3
25	8	1
25	11	1
25	12	1
25	15	1
25	17	1
25	19	1
25	22	4
25	24	1
26	9	1
26	12	1
26	14	1
26	18	1
26	21	1
26	24	1
27	6	1
27	7	1
27	12	1
27	13	1
27	16	1
27	18	1
27	24	6
27	25	1
27	26	1
28	3	1
28	4	3
28	5	2
28	12	1
28	13	1
28	16	1
28	19	1
28	23	2
28	24	1
28	26	1
28	27	4
29	3	2
29	6	1
29	8	1
29	9	1
29	10	3
29	22	1
29	27	3
29	28	3
30	4	1
30	8	2
30	11	1
30	14	1
30	15	1
30	23	1
30	27	1
30	28	4
31	2	1
31	8	1
31	9	1
31	10	1
31	11	1
31	12	2
31	19	1
31	24	1
31	29	1
32	6	1
32	8	2
32	15	1
32	16	1
32	18	1
32	27	1
32	29	2
32	30	1
32	31	2
33	5	1
33	7	1
33	11	1
33	24	1
33	25	1
33	26	1
33	30	4
33	32	3
34	2	1
34	5	1
34	6	2
34	7	1
34	8	1
34	9	1
34	10	1
34	12	1
34	15	1
34	16	1
34	23	1
34	24	1
34	28	2
34	31	1
34	33	1
35	3	1
35	9	3
35	10	1
35	13	1
35	16	1
35	19	2
35	20	1
35	21	1
35	22	1
35	24	2
35	25	2
35	26	3
35	27	1
35	31	1
35	34	1
36	5	1
36	6	1
36	7	1
36	9	2
36	10	2
36	11	1
36	16	4
36	18	1
36	19	1
36	21	1
36	23	1
36	28	2
36	35	4
37	3	1
37	4	1
37	5	2
37	10	2
37	11	1
37	12	1
37	17	1
37	18	1
37	23	2
37	25	1
37	26	1
37	27	2
37	29	1
37	30	1
37	33	1
37	34	1
37	35	2
37	36	1
38	5	1
38	6	3
38	7	1
38	8	1
38	9	1
38	10	1
38	11	2
38	13	1
38	15	1
38	16	1
38	17	1
38	23	2
38	24	2
38	25	1
38	27	3
38	28	2
38	31	2
38	32	1
38	33	1
38	34	1
38	35	4
38	37	2
39	5	1
39	8	2
39	10	2
39	15	1
39	19	2
39	21	1
39	24	1
39	25	2
39	28	2
39	29	2
39	30	1
39	33	1
39	35	3
39	36	1
39	37	3
40	5	1
40	7	2
40	8	1
40	9	2
40	11	1
40	12	1
40	15	1
40	16	1
40	19	1
40	20	2
40	21	1
40	27	1
40	28	3
40	30	1
40	32	1
40	35	2
40	38	2
40	39	2
41	4	1
41	5	1
41	6	2
41	9	1
41	10	1
41	11	2
41	12	1
41	13	1
41	19	1
41	21	1
41	22	1
41	24	2
41	28	2
41	29	1
41	31	1
41	34	1
41	35	1
41	37	4
41	39	1
41	40	2
42	4	3
42	6	1
42	7	3
42	12	1
42	15	1
42	18	1
42	22	1
42	28	1
42	29	1
42	30	2
42	31	1
42	32	2
42	34	3
42	36	1
42	38	3
42	39	1
42	40	1
43	4	1
43	5	2
43	6	1
43	13	1
43	24	1
43	25	1
43	29	1
43	32	1
43	34	3
43	39	1
44	1	1
44	5	1
44	8	1
44	9	1
44	12	1
44	20	1
44	28	1
44	29	2
44	31	1
44	32	1
44	34	1
44	40	3
44	42	2
44	43	2
45	14	1
45	22	1
45	25	2
45	29	1
45	32	2
45	33	1
45	34	2
45	38	1
45	42	1
45	43	5
45	44	4
46	6	1
46	8	1
46	10	1
46	13	1
46	18	1
46	19	2
46	27	1
46	28	1
46	30	1
46	31	1
46	32	1
46	33	1
46	39	1
46	41	2
46	45	2
47	6	2
47	8	2
47	11	1
47	18	2
47	19	2
47	22	2
47	23	1
47	27	1
47	31	4
47	40	1
47	41	2
47	42	2
47	45	2
47	46	1
48	2	1
48	5	1
48	9	1
48	11	1
48	12	1
48	13	2
48	15	1
48	16	2
48	17	1
48	18	1
48	19	1
48	23	1
48	29	1
48	31	1
48	35	1
48	38	1
48	39	1
48	43	1
48	44	1
48	47	4
49	4	2
49	7	2
49	8	6
49	10	1
49	11	1
49	12	2
49	13	1
49	14	1
49	15	2
49	17	1
49	21	1
49	24	3
49	26	1
49	27	1
49	28	1
49	35	1
49	36	2
49	38	3
49	39	1
49	40	2
49	42	1
49	43	2
49	44	1
49	47	3
50	2	1
50	5	2
50	6	1
50	7	1
50	8	2
50	9	1
50	10	1
50	13	1
50	14	1
50	15	1
50	16	1
50	17	1
50	20	1
50	24	1
50	28	1
50	30	1
50	37	2
50	39	1
50	40	1
50	41	1
50	42	2
50	44	1
50	46	1
50	48	2
50	49	1
51	3	1
51	7	2
51	8	2
51	9	1
51	13	3
51	14	1
51	15	3
51	16	4
51	19	1
51	23	1
51	24	1
51	28	2
51	37	1
51	39	1
51	44	1
51	49	1
51	50	5
52	6	2
52	8	1
52	9	1
52	11	1
52	13	1
52	15	3
52	16	2
52	21	1
52	22	1
52	23	1
52	24	1
52	27	2
52	30	1
52	31	1
52	34	2
52	35	1
52	36	2
52	40	1
52	43	1
52	44	1
52	48	1
52	49	4
52	51	1
53	6	1
53	7	1
53	8	2
53	10	2
53	11	1
53	17	2
53	18	1
53	20	2
53	22	1
53	24	1
53	25	2
53	27	1
53	28	1
53	30	1
53	31	2
53	41	1
53	46	1
53	48	2
53	49	1
53	50	5
54	4	1
54	5	1
54	7	1
54	9	1
54	11	1
54	13	1
54	19	2
54	22	2
54	24	1
54	25	1
54	29	2
54	30	1
54	34	2
54	38	1
54	41	3
54	42	1
54	43	2
54	47	2
54	49	1
54	52	1
54	53	3
55	5	3
55	6	1
55	7	2
55	8	1
55	10	1
55	14	1
55	17	1
55	18	2
55	21	1
55	24	1
55	28	2
55	30	3
55	32	2
55	34	1
55	35	1
55	38	1
55	39	2
55	40	3
55	44	1
55	47	1
55	49	2
55	50	1
55	51	2
55	52	4
55	53	2
56	1	1
56	3	1
56	4	1
56	6	1
56	9	1
56	14	2
56	19	1
56	20	1
56	27	1
56	35	1
56	36	1
56	37	1
56	43	1
56	46	1
56	49	1
56	50	1
56	51	2
56	55	3
57	2	1
57	3	1
57	5	2
57	6	2
57	8	2
57	10	2
57	12	2
57	17	3
57	22	1
57	23	1
57	24	1
57	32	1
57	33	1
57	37	1
57	38	1
57	42	1
57	48	1
57	49	3
57	51	3
57	53	1
57	55	1
57	56	2
58	4	3
58	5	1
58	6	2
58	8	1
58	9	1
58	10	1
58	11	1
58	14	2
58	18	1
58	19	1
58	21	1
58	24	2
58	29	1
58	30	1
58	33	2
58	34	1
58	36	1
58	38	1
58	43	1
58	49	1
58	52	1
58	55	1
58	57	2
59	2	1
59	3	2
59	6	1
59	8	1
59	10	1
59	18	1
59	19	2
59	27	2
59	33	1
59	34	1
59	40	1
59	41	1
59	43	1
59	54	1
59	56	2
60	0	3
60	1	1
60	2	1
60	9	1
60	13	2
60	15	1
60	20	1
60	25	1
60	31	1
60	32	1
60	33	1
60	41	1
60	42	1
60	44	1
60	45	2
60	46	1
60	47	1
60	52	1
60	54	1
60	56	1
60	57	2
