1	0	4
2	0	1
2	1	1
4	3	2
5	1	1
5	3	1
5	4	2
6	4	1
6	5	3
7	4	1
7	5	2
7	6	2
8	4	1
8	6	7
8	7	2
9	4	2
9	5	1
9	6	2
9	8	2
10	1	1
10	4	1
10	5	2
10	6	2
10	7	4
10	8	3
10	9	5
11	2	1
11	3	1
11	4	1
11	8	1
11	9	2
12	4	1
12	6	2
12	7	2
12	8	1
12	9	2
12	10	3
12	11	3
13	4	2
13	8	1
13	9	1
13	10	1
13	11	1
14	5	1
14	9	1
14	13	1
15	3	1
15	6	3
15	7	1
15	8	2
15	10	4
15	13	2
16	4	1
16	7	2
16	8	2
16	9	1
16	10	1
16	12	2
16	14	3
16	15	1
17	3	1
17	7	1
17	8	2
18	3	4
18	4	4
18	5	1
18	7	2
18	13	1
18	15	1
18	16	1
19	3	1
19	4	1
19	8	1
19	9	2
19	13	2
19	15	2
19	16	2
19	17	1
19	18	5
20	4	1
20	7	1
20	9	1
20	11	1
20	13	1
20	14	1
20	15	1
20	16	2
20	17	1
20	18	1
20	19	2
21	4	1
21	5	3
21	13	1
21	14	4
21	18	1
21	20	3
22	3	1
22	6	1
22	7	2
22	10	1
22	11	2
22	13	1
22	16	1
22	17	2
22	19	2
22	20	2
23	5	1
23	6	1
23	8	1
23	12	1
23	13	1
23	14	1
23	15	1
23	16	1
23	19	1
23	20	2
23	22	2
24	4	2
24	5	1
24	9	2
24	11	1
24	14	2
24	17	1
24	18	1
24	19	2
24	22	1
25	4	1
25	6	1
25	9	2
25	10	1
25	11	1
25	12	1
25	13	2
25	15	1
25	16	1
25	17	1
25	21	2
25	22	1
25	23	3
25	24	2
26	5	1
26	8	1
26	10	1
26	11	1
26	12	1
26	18	1
26	19	1
26	22	1
26	24	2
26	25	1
27	4	1
27	5	1
27	7	1
27	9	2
27	10	1
27	11	1
27	13	1
27	14	1
27	16	1
27	17	3
27	19	1
27	22	2
27	23	1
27	24	2
27	25	2
27	26	1
28	5	2
28	9	1
28	10	1
28	12	1
28	15	1
28	16	1
28	17	3
28	18	1
28	21	1
28	22	1
28	23	1
28	24	1
28	25	1
28	26	2
28	27	4
29	3	1
29	9	3
29	10	1
29	11	1
29	12	1
29	13	1
29	15	1
29	17	1
29	19	1
29	21	1
29	23	1
29	25	2
29	28	5
30	1	1
30	3	1
30	8	1
30	9	1
30	13	1
30	14	1
30	21	1
30	24	1
30	28	1
31	6	1
31	11	1
31	13	1
31	21	1
31	24	1
31	28	1
31	30	2
32	2	1
32	5	1
32	6	1
32	12	1
32	15	1
32	22	1
32	28	1
32	31	1
33	6	2
33	9	1
33	13	1
33	22	1
33	27	1
33	30	1
33	32	1
34	4	1
34	7	1
34	8	1
34	10	3
34	24	1
34	25	2
34	28	2
34	29	1
34	30	1
34	31	4
34	32	1
34	33	5
35	4	1
35	5	1
35	9	1
35	10	2
35	11	1
35	12	1
35	17	1
35	18	1
35	19	2
35	21	1
35	25	3
35	26	2
35	27	3
35	28	2
35	30	1
35	31	1
36	7	1
36	10	1
36	11	1
36	12	1
36	13	1
36	14	1
36	20	1
36	24	1
36	25	1
36	27	2
36	28	1
36	29	1
36	30	1
36	35	4
37	4	1
37	6	1
37	7	1
37	8	1
37	9	1
37	10	1
37	12	1
37	15	1
37	16	2
37	18	1
37	20	1
37	21	1
37	22	1
37	23	1
37	24	1
37	25	1
37	27	4
38	1	1
38	2	2
38	4	1
38	5	1
38	7	1
38	9	2
38	10	1
38	11	1
38	12	2
38	23	1
38	24	2
38	25	1
38	27	1
38	28	1
38	29	1
38	30	2
38	31	2
38	33	1
38	35	3
38	36	1
38	37	1
39	9	2
39	11	3
39	12	3
39	14	2
39	20	2
39	25	2
39	27	2
39	37	3
39	38	2
40	4	1
40	10	3
40	18	3
40	20	1
40	24	2
40	26	1
40	27	1
40	28	1
40	29	1
40	31	1
40	34	1
40	35	2
40	38	4
41	1	1
41	2	1
41	3	1
41	6	1
41	7	1
41	8	1
41	9	1
41	10	1
41	11	1
41	12	1
41	14	1
41	16	2
41	17	1
41	18	1
41	21	1
41	22	2
41	24	1
41	27	2
41	28	2
41	29	1
41	30	1
41	31	1
41	34	1
41	35	1
41	36	1
41	37	1
41	39	1
42	8	2
42	13	1
42	14	1
42	15	1
42	16	2
42	22	1
42	30	3
42	31	1
42	32	1
42	33	4
42	35	1
42	39	1
42	41	2
43	10	1
43	11	1
43	24	2
43	27	1
43	30	1
43	31	3
43	33	4
43	34	1
43	35	1
43	38	1
43	42	2
44	2	1
44	9	1
44	10	1
44	13	1
44	14	1
44	19	2
44	22	1
44	24	1
44	28	1
44	31	1
44	32	1
44	33	1
44	34	1
44	36	1
44	42	2
44	43	4
45	12	1
45	18	1
45	25	1
45	28	1
45	32	1
45	34	1
45	41	1
45	43	4
45	44	3
46	1	1
46	4	1
46	13	1
46	19	1
46	29	1
46	30	1
46	32	1
46	33	1
46	35	1
46	42	2
46	43	1
46	44	1
47	4	1
47	5	2
47	8	1
47	9	1
47	10	1
47	11	1
47	12	1
47	13	2
47	14	1
47	19	1
47	23	1
47	27	1
47	29	1
47	30	2
47	35	1
47	39	1
47	41	2
47	42	1
47	44	1
47	46	1
48	5	1
48	9	1
48	10	2
48	12	1
48	15	2
48	21	1
48	24	1
48	27	1
48	28	1
48	29	1
48	30	2
48	33	3
48	36	2
48	39	2
48	41	1
48	47	3
49	3	2
49	5	2
49	8	2
49	9	3
49	10	2
49	12	1
49	13	2
49	14	2
49	15	1
49	16	1
49	17	3
49	18	1
49	19	2
49	23	1
49	25	1
49	28	2
49	33	1
49	34	1
49	39	1
49	42	2
49	44	1
49	48	2
50	6	1
50	7	1
50	8	3
50	9	1
50	10	1
50	13	1
50	14	1
50	15	1
50	17	1
50	19	1
50	27	1
50	35	1
50	36	1
50	40	1
50	41	1
50	42	1
50	43	1
50	45	1
50	47	4
50	48	2
51	3	1
51	5	2
51	7	2
51	8	1
51	9	1
51	10	2
51	11	1
51	15	3
51	21	1
51	23	2
51	24	1
51	28	1
51	30	1
51	35	1
51	37	1
51	38	1
51	39	1
51	42	2
51	43	3
51	46	1
51	47	1
51	48	2
51	49	2
51	50	1
52	3	1
52	5	1
52	7	1
52	8	1
52	10	1
52	14	2
52	15	2
52	21	1
52	22	2
52	23	1
52	27	1
52	28	1
52	30	2
52	35	2
52	37	1
52	38	1
52	41	1
52	44	1
52	47	2
52	48	1
52	49	1
52	50	2
52	51	2
53	6	4
53	7	2
53	9	1
53	11	1
53	12	1
53	13	1
53	17	1
53	18	1
53	21	1
53	23	1
53	27	1
53	28	2
53	29	1
53	32	1
53	34	1
53	37	1
53	38	2
53	39	2
53	41	1
53	44	1
53	45	1
53	47	4
53	48	2
53	49	1
54	0	1
54	4	2
54	6	1
54	7	2
54	8	1
54	9	1
54	10	2
54	17	1
54	19	2
54	20	1
54	24	1
54	25	1
54	27	1
54	29	2
54	30	2
54	31	2
54	35	1
54	36	1
54	38	1
54	40	3
54	41	1
54	42	2
54	43	1
54	45	1
54	46	1
54	47	1
54	48	1
54	50	1
54	52	2
54	53	4
55	1	1
55	5	2
55	8	3
55	9	1
55	10	1
55	12	3
55	13	2
55	15	1
55	16	1
55	17	1
55	19	1
55	27	2
55	28	1
55	31	1
55	33	2
55	34	1
55	35	1
55	37	1
55	38	2
55	39	1
55	41	1
55	42	2
55	43	2
55	48	2
55	49	1
55	50	2
55	51	2
55	53	1
55	54	2
56	3	2
56	4	3
56	5	1
56	6	2
56	9	2
56	11	1
56	16	2
56	17	1
56	18	1
56	27	1
56	28	3
56	30	1
56	32	2
56	33	1
56	37	1
56	39	2
56	41	1
56	42	2
56	43	1
56	44	1
56	45	3
56	46	1
56	48	1
56	49	2
56	50	1
56	52	1
56	53	1
56	55	3
57	4	2
57	5	2
57	6	1
57	8	1
57	10	1
57	12	1
57	13	2
57	15	1
57	16	1
57	23	1
57	25	1
57	31	1
57	34	1
57	38	3
57	40	1
57	44	1
57	47	1
57	48	4
57	52	3
57	54	1
57	55	3
57	56	1
58	4	2
58	6	1
58	12	1
58	14	2
58	18	1
58	20	1
58	24	1
58	26	1
58	27	1
58	29	1
58	32	1
58	35	1
58	38	1
58	44	1
58	47	1
58	49	1
58	50	1
58	53	2
58	54	2
58	55	1
58	56	1
58	57	2
59	4	1
59	5	1
59	10	2
59	12	1
59	13	1
59	15	1
59	29	1
59	34	1
59	35	2
59	36	1
59	39	1
59	50	2
59	51	1
59	54	2
59	55	1
59	56	1
60	0	1
60	2	1
60	12	2
60	15	1
60	30	1
60	31	1
60	32	1
60	33	4
60	34	1
60	36	1
60	43	1
60	44	2
60	46	3
60	47	3
60	49	1
60	51	1
60	57	1
60	58	1
