1	0	1
2	0	3
2	1	3
4	3	3
5	3	1
7	0	1
7	3	1
7	6	2
8	2	1
8	4	1
8	5	1
8	6	6
8	7	1
9	0	1
9	3	1
9	4	2
9	5	1
9	7	1
9	8	4
10	0	1
10	8	1
10	9	1
11	7	2
11	9	2
11	10	3
12	8	3
12	9	1
12	10	2
12	11	2
13	2	1
13	5	1
13	6	1
13	7	4
13	9	3
13	10	3
13	11	2
13	12	3
14	1	1
14	3	1
14	5	1
14	8	3
14	10	1
14	12	1
15	1	1
15	4	1
15	7	1
15	8	1
15	9	1
15	11	1
15	13	1
15	14	2
16	4	1
16	6	2
16	8	1
16	11	1
16	12	2
16	14	2
16	15	2
17	5	1
17	11	1
17	12	1
17	15	1
18	3	1
18	4	1
18	6	1
18	7	2
18	9	2
18	10	1
18	13	2
18	14	2
18	17	3
19	5	2
19	6	1
19	10	3
19	11	3
19	12	1
19	13	1
19	15	3
19	16	2
19	18	1
20	3	2
20	4	1
20	6	1
20	7	2
20	10	1
20	13	1
20	14	2
20	15	1
20	17	1
20	18	3
20	19	2
21	2	1
21	4	1
21	5	1
21	6	1
21	7	1
21	8	1
21	9	1
21	10	2
21	12	1
21	14	1
21	16	2
21	17	2
21	20	3
22	3	2
22	4	2
22	5	2
22	6	1
22	8	2
22	9	1
22	10	1
22	11	1
22	13	1
22	15	1
22	17	1
22	19	2
23	1	1
23	3	1
23	8	1
23	11	1
23	15	1
23	18	1
24	3	1
24	9	1
24	10	2
24	11	1
24	14	1
24	17	1
24	23	2
25	3	2
25	5	2
25	6	1
25	8	1
25	9	1
25	10	2
25	11	3
25	13	2
25	14	1
25	15	1
25	17	2
25	18	1
25	22	3
25	23	4
26	5	1
26	9	1
26	10	1
26	14	1
26	18	1
26	24	1
26	25	2
27	5	1
27	6	2
27	8	1
27	9	1
27	11	1
27	12	2
27	14	1
27	18	1
27	19	2
27	21	1
27	22	1
27	23	3
27	24	3
27	25	2
27	26	1
28	2	2
28	3	2
28	4	1
28	5	1
28	6	1
28	8	2
28	9	2
28	14	1
28	16	1
28	17	1
28	19	1
28	21	1
28	22	1
28	23	1
28	24	1
28	25	2
28	26	2
28	27	1
29	3	1
29	5	2
29	8	1
29	12	1
29	13	1
29	24	1
29	25	1
29	26	1
29	28	2
30	2	1
30	8	1
30	9	1
30	12	1
30	13	2
30	18	2
30	25	1
30	28	1
31	5	1
31	12	2
31	15	1
31	18	1
31	19	1
31	20	1
31	29	1
31	30	1
32	12	1
32	25	1
32	29	2
32	30	1
33	4	3
33	5	2
33	8	1
33	15	1
33	16	1
33	17	1
33	26	1
33	30	1
33	31	2
34	10	1
34	12	1
34	16	2
34	21	1
34	25	1
34	29	2
34	30	2
34	32	2
34	33	4
35	2	1
35	10	1
35	11	2
35	12	3
35	13	1
35	14	1
35	16	1
35	20	1
35	21	1
35	22	1
35	24	2
35	27	2
35	28	2
35	30	1
35	31	1
35	32	1
36	4	1
36	6	2
36	8	1
36	9	2
36	10	3
36	11	3
36	12	1
36	13	2
36	15	1
36	16	1
36	17	1
36	18	1
36	20	1
36	22	1
36	23	2
36	25	1
36	26	1
36	27	3
36	28	3
36	29	1
36	32	2
36	35	5
37	8	2
37	9	1
37	10	3
37	11	1
37	13	1
37	14	1
37	15	1
37	17	1
37	19	2
37	20	1
37	23	1
37	24	2
37	25	1
37	27	1
37	28	2
37	33	1
37	35	2
37	36	1
38	4	1
38	6	1
38	8	1
38	9	1
38	11	2
38	13	2
38	16	1
38	19	1
38	21	1
38	23	1
38	24	1
38	27	4
38	28	1
38	29	1
38	30	1
38	31	1
38	34	2
38	35	3
38	37	2
39	3	1
39	4	1
39	10	2
39	12	2
39	13	1
39	15	2
39	17	1
39	18	1
39	20	1
39	25	1
39	26	1
39	27	1
39	29	1
39	31	1
39	35	2
39	36	1
39	37	1
39	38	1
40	5	2
40	6	1
40	7	2
40	8	2
40	11	2
40	12	1
40	13	2
40	14	1
40	15	1
40	16	1
40	22	1
40	24	1
40	27	2
40	28	3
40	29	3
40	31	2
40	33	2
40	34	1
40	36	1
40	39	1
41	4	1
41	7	1
41	8	1
41	9	1
41	10	1
41	12	1
41	13	1
41	16	1
41	17	1
41	19	2
41	23	2
41	24	1
41	27	2
41	29	1
41	32	1
41	33	2
41	34	2
41	38	4
41	40	1
42	5	1
42	6	2
42	8	2
42	14	2
42	16	1
42	27	1
42	28	1
42	30	1
42	31	1
42	32	2
42	33	2
42	34	1
42	38	1
42	41	2
43	6	1
43	11	1
43	13	1
43	17	1
43	24	1
43	28	1
43	31	1
43	32	1
43	33	1
43	34	1
43	38	1
43	41	1
43	42	2
44	1	1
44	6	1
44	8	2
44	9	1
44	11	1
44	12	1
44	29	1
44	30	3
44	31	1
44	32	1
44	33	2
44	35	1
44	40	1
44	41	1
44	43	3
45	1	1
45	3	1
45	12	1
45	17	1
45	30	1
45	31	1
45	32	1
45	33	3
45	42	1
46	1	2
46	4	1
46	6	2
46	10	1
46	27	1
46	28	2
46	30	1
46	31	1
46	32	1
46	33	2
46	34	1
46	41	2
46	43	1
46	45	3
47	0	1
47	2	1
47	3	1
47	6	1
47	8	3
47	9	1
47	10	1
47	11	1
47	12	1
47	13	2
47	15	1
47	17	1
47	18	1
47	19	1
47	25	1
47	28	1
47	31	1
47	33	1
47	35	2
47	36	1
47	37	1
47	38	1
47	39	1
47	40	3
47	44	1
47	45	2
47	46	1
48	13	2
48	15	1
48	20	1
48	25	1
48	27	2
48	28	1
48	30	1
48	31	1
48	33	1
48	34	1
48	38	2
48	39	1
48	42	1
48	43	1
49	5	1
49	8	5
49	9	2
49	10	1
49	11	2
49	12	4
49	14	1
49	15	1
49	16	1
49	17	3
49	21	1
49	26	1
49	28	1
49	31	1
49	36	1
49	38	1
49	44	2
49	46	2
49	48	1
50	4	1
50	6	5
50	8	1
50	10	1
50	13	1
50	16	4
50	18	1
50	19	1
50	28	1
50	34	2
50	35	1
50	36	1
50	37	1
50	38	1
50	41	1
50	44	1
50	47	1
50	48	1
50	49	3
51	3	1
51	4	2
51	6	1
51	8	1
51	9	1
51	11	1
51	13	3
51	15	2
51	16	2
51	19	1
51	27	1
51	29	1
51	30	2
51	31	1
51	32	1
51	33	1
51	35	2
51	38	1
51	41	1
51	42	1
51	44	1
51	45	1
51	48	2
51	49	1
52	3	1
52	5	1
52	6	2
52	7	2
52	8	3
52	10	1
52	11	1
52	12	1
52	15	1
52	16	2
52	17	1
52	18	2
52	21	2
52	23	1
52	24	1
52	25	1
52	30	1
52	36	1
52	38	2
52	43	1
52	44	1
52	45	1
52	47	1
52	48	1
52	50	3
52	51	4
53	1	1
53	5	1
53	6	2
53	7	1
53	8	2
53	9	4
53	10	2
53	11	1
53	12	1
53	16	2
53	17	1
53	20	1
53	28	1
53	30	2
53	32	1
53	34	1
53	35	2
53	36	1
53	37	1
53	39	2
53	41	1
53	42	2
53	44	1
53	46	1
53	47	1
53	48	1
53	49	2
53	50	3
54	6	1
54	7	1
54	14	1
54	17	2
54	31	2
54	32	1
54	36	1
54	38	2
54	41	4
54	42	2
54	48	2
54	49	2
54	53	4
55	3	1
55	4	3
55	5	1
55	6	2
55	8	1
55	9	3
55	10	1
55	11	2
55	14	1
55	17	1
55	20	1
55	21	1
55	25	3
55	27	2
55	28	2
55	30	2
55	34	1
55	36	1
55	37	1
55	38	2
55	39	1
55	40	1
55	41	1
55	42	2
55	43	1
55	44	1
55	46	1
55	47	3
55	48	2
55	51	1
55	52	1
55	53	1
55	54	2
56	1	1
56	2	1
56	3	2
56	6	1
56	7	1
56	8	2
56	13	1
56	15	1
56	18	2
56	21	3
56	24	1
56	27	3
56	29	1
56	30	1
56	33	2
56	37	1
56	38	1
56	40	1
56	44	2
56	47	1
56	48	1
56	49	2
56	50	1
56	51	1
56	52	2
56	53	3
56	55	5
57	3	1
57	4	1
57	5	2
57	6	2
57	7	1
57	8	2
57	9	1
57	10	1
57	12	1
57	14	1
57	16	2
57	17	1
57	19	1
57	22	3
57	27	2
57	28	1
57	35	1
57	36	1
57	39	1
57	41	1
57	42	1
57	44	1
57	47	3
57	48	2
57	50	1
57	52	1
57	55	3
57	56	2
58	5	1
58	12	1
58	14	2
58	16	2
58	18	1
58	19	3
58	20	1
58	21	1
58	29	2
58	30	1
58	32	1
58	35	2
58	37	1
58	38	1
58	40	1
58	41	1
58	46	1
58	48	1
58	49	1
58	51	3
58	55	2
58	56	5
58	57	1
59	0	1
59	3	1
59	4	1
59	8	1
59	10	1
59	12	1
59	16	1
59	18	1
59	24	1
59	25	1
59	28	1
59	29	1
59	41	1
59	47	1
59	51	1
59	52	2
59	54	1
59	57	1
60	0	1
60	1	1
60	2	2
60	11	1
60	12	1
60	15	1
60	30	1
60	35	1
60	40	1
60	43	1
60	44	1
60	45	1
60	47	1
60	53	1
60	55	1
60	59	1
