1	0	1
2	0	2
2	1	1
5	4	2
6	3	1
6	4	1
7	1	1
7	5	1
7	6	2
8	2	1
8	5	2
8	6	7
8	7	5
9	4	1
9	5	1
9	6	2
9	7	1
9	8	1
10	6	1
10	7	5
10	8	4
10	9	5
11	3	2
11	5	1
11	8	2
11	9	9
11	10	3
12	7	2
12	8	2
12	9	2
12	10	3
12	11	2
13	4	1
13	5	1
13	9	1
13	10	4
13	11	1
13	12	2
14	4	1
14	6	1
14	7	1
14	8	2
14	9	1
14	10	1
14	12	2
14	13	1
15	7	1
15	10	2
15	11	1
15	13	1
15	14	4
16	1	1
16	3	1
16	4	1
16	7	2
16	9	2
16	10	1
16	13	2
16	14	3
17	2	1
17	6	1
17	8	1
17	10	1
17	11	1
17	12	2
17	13	1
17	14	1
17	15	1
17	16	1
18	2	1
18	4	1
18	5	1
18	7	1
18	9	1
18	15	1
18	17	2
19	5	1
19	13	1
19	15	1
19	17	3
19	18	2
20	4	1
20	9	1
20	10	1
20	12	1
20	14	1
20	15	1
20	17	1
20	18	1
21	2	1
21	4	1
21	5	2
21	7	1
21	8	1
21	9	1
21	10	1
21	12	1
21	15	3
21	17	2
21	19	1
21	20	1
22	3	1
22	8	1
22	10	1
22	17	2
22	18	1
22	19	1
23	5	1
23	6	2
23	9	1
23	13	3
23	16	1
23	17	2
23	18	1
23	20	1
23	21	2
23	22	2
24	4	1
24	6	1
24	8	1
24	9	1
24	10	2
24	21	1
24	22	1
24	23	2
25	4	3
25	14	1
25	16	1
25	19	3
25	21	2
25	23	2
25	24	1
26	3	1
26	5	1
26	8	1
26	11	1
26	12	1
26	13	1
26	14	1
26	21	1
26	23	2
26	25	1
27	2	1
27	5	2
27	6	1
27	9	1
27	10	3
27	11	1
27	13	1
27	16	1
27	17	3
27	19	1
27	20	1
27	22	1
27	23	1
27	24	3
27	25	2
27	26	1
28	4	1
28	6	2
28	7	1
28	8	1
28	9	2
28	10	1
28	11	2
28	13	1
28	16	1
28	18	2
28	19	1
28	20	1
28	22	3
28	24	3
28	26	1
28	27	3
29	0	1
29	4	1
29	7	1
29	11	2
29	13	1
29	17	1
29	27	1
30	3	2
30	5	1
30	9	1
30	13	1
30	15	1
30	19	2
30	24	1
30	27	2
30	28	1
31	1	1
31	4	1
31	12	1
31	16	1
31	18	2
31	27	1
31	30	1
32	8	1
32	9	1
32	21	1
32	27	1
32	29	1
33	5	2
33	7	1
33	8	1
33	15	1
33	17	2
33	26	1
33	29	1
33	31	3
33	32	3
34	5	1
34	8	1
34	9	1
34	10	1
34	11	1
34	12	1
34	13	1
34	15	1
34	21	1
34	23	1
34	25	1
34	28	1
34	29	1
34	30	1
34	31	1
34	32	3
34	33	1
35	4	2
35	5	1
35	7	3
35	12	1
35	13	1
35	14	1
35	16	1
35	21	1
35	23	2
35	25	2
35	27	1
35	29	1
35	31	2
35	32	1
36	4	1
36	5	1
36	7	1
36	10	3
36	11	1
36	18	1
36	22	3
36	25	1
36	27	1
36	28	1
36	31	1
36	35	5
37	4	1
37	7	1
37	8	1
37	9	1
37	12	1
37	17	1
37	18	1
37	19	1
37	22	1
37	24	1
37	25	2
37	26	2
37	29	1
37	30	1
37	35	4
37	36	2
38	7	2
38	9	1
38	10	1
38	11	1
38	12	2
38	13	2
38	17	2
38	21	1
38	22	2
38	24	2
38	25	1
38	27	5
38	28	1
38	31	1
38	32	1
38	35	1
38	37	5
39	6	1
39	8	2
39	9	4
39	10	1
39	11	1
39	15	1
39	17	2
39	22	1
39	24	3
39	25	2
39	27	1
39	29	1
39	30	1
39	33	1
39	35	1
39	36	1
39	37	2
39	38	2
40	9	1
40	10	1
40	11	2
40	12	3
40	14	1
40	16	1
40	17	2
40	18	1
40	19	2
40	23	2
40	26	1
40	27	2
40	28	1
40	29	7
40	35	2
41	2	1
41	4	1
41	5	1
41	9	1
41	10	2
41	11	2
41	12	1
41	21	1
41	22	1
41	23	1
41	25	1
41	27	1
41	29	1
41	30	4
41	33	1
41	34	1
41	36	1
41	37	1
41	38	1
41	39	2
42	5	1
42	6	2
42	7	1
42	8	1
42	10	1
42	15	1
42	21	1
42	24	1
42	27	1
42	29	1
42	30	1
42	32	1
42	33	2
42	35	1
42	38	1
43	6	1
43	7	1
43	9	1
43	13	1
43	17	1
43	18	1
43	32	2
43	33	1
43	35	1
43	39	2
43	40	1
44	0	1
44	1	1
44	5	1
44	14	1
44	16	1
44	17	1
44	30	1
44	32	1
44	33	1
44	34	2
44	35	1
44	38	1
44	40	1
44	43	3
45	27	2
45	28	1
45	30	1
45	32	1
45	33	2
45	34	1
45	43	1
45	44	2
46	0	1
46	5	1
46	8	1
46	9	1
46	11	1
46	13	1
46	20	1
46	27	2
46	28	1
46	29	1
46	31	1
46	32	3
46	33	2
46	43	2
46	44	1
46	45	1
47	3	1
47	4	1
47	6	1
47	8	2
47	9	1
47	11	1
47	13	2
47	14	1
47	16	2
47	31	1
47	32	1
47	35	1
47	38	1
47	39	1
47	42	2
47	43	1
48	3	1
48	4	1
48	5	1
48	6	1
48	8	1
48	10	2
48	11	1
48	12	2
48	15	1
48	18	1
48	19	1
48	22	1
48	26	1
48	28	2
48	29	2
48	31	2
48	33	1
48	35	1
48	37	1
48	40	1
48	42	1
48	47	3
49	3	1
49	5	2
49	6	1
49	7	2
49	8	3
49	10	1
49	11	3
49	12	3
49	13	4
49	14	1
49	15	1
49	16	2
49	17	2
49	18	2
49	19	2
49	23	2
49	25	2
49	27	1
49	28	3
49	35	1
49	40	1
49	44	1
49	47	2
49	48	3
50	7	3
50	8	4
50	13	1
50	15	2
50	16	1
50	18	1
50	19	1
50	21	2
50	22	1
50	24	1
50	37	1
50	43	1
50	45	1
50	46	1
50	47	1
51	1	1
51	5	3
51	6	1
51	7	1
51	8	1
51	9	1
51	13	1
51	15	1
51	17	1
51	21	1
51	23	1
51	24	3
51	28	2
51	31	1
51	32	3
51	40	2
51	41	1
51	48	1
51	50	1
52	3	1
52	6	2
52	9	1
52	10	1
52	11	1
52	13	3
52	14	1
52	15	2
52	16	1
52	24	1
52	25	1
52	35	1
52	36	1
52	38	1
52	42	2
52	49	1
52	51	8
53	5	1
53	7	1
53	8	5
53	9	1
53	10	1
53	11	1
53	12	2
53	15	1
53	16	1
53	18	1
53	20	1
53	21	1
53	22	1
53	26	2
53	27	1
53	28	2
53	29	1
53	31	1
53	33	1
53	37	1
53	38	2
53	40	3
53	41	2
53	42	1
53	47	3
53	48	2
53	49	1
53	50	2
53	51	1
54	3	1
54	6	1
54	7	2
54	8	1
54	9	1
54	10	1
54	12	2
54	18	2
54	21	1
54	25	1
54	30	2
54	31	1
54	32	1
54	34	3
54	35	1
54	41	1
54	42	1
54	44	1
54	48	3
54	49	4
54	50	2
54	51	1
54	52	1
54	53	2
55	2	1
55	3	1
55	6	1
55	7	1
55	8	2
55	10	1
55	12	1
55	15	1
55	17	2
55	19	1
55	22	1
55	27	2
55	28	1
55	29	2
55	30	2
55	31	1
55	33	1
55	34	2
55	36	1
55	41	3
55	42	1
55	43	1
55	44	2
55	45	1
55	49	1
55	51	4
55	52	1
55	53	1
56	1	2
56	4	1
56	8	3
56	9	2
56	15	1
56	17	1
56	19	1
56	21	1
56	25	1
56	37	1
56	39	1
56	45	1
56	46	1
56	48	1
56	49	2
56	51	3
56	52	2
56	53	2
57	6	2
57	9	1
57	10	3
57	14	1
57	18	1
57	19	2
57	23	1
57	24	1
57	26	1
57	28	1
57	29	1
57	30	1
57	31	1
57	35	1
57	41	1
57	44	1
57	49	2
57	50	1
57	51	3
57	52	2
57	54	2
57	55	1
57	56	1
58	3	1
58	6	1
58	7	1
58	11	1
58	12	2
58	18	1
58	23	1
58	24	2
58	25	2
58	29	1
58	34	2
58	38	1
58	40	1
58	41	1
58	45	1
58	47	2
58	48	1
58	54	1
58	55	3
58	56	3
58	57	2
59	12	2
59	17	2
59	19	1
59	22	1
59	23	1
59	24	1
59	26	1
59	40	1
59	43	2
59	44	1
59	51	1
59	52	1
59	53	1
59	55	1
59	57	1
60	0	1
60	8	4
60	13	1
60	22	2
60	31	1
60	32	1
60	33	1
60	34	1
60	42	3
60	46	3
60	49	1
60	54	1
