1	0	1
2	0	3
2	1	2
3	0	1
4	3	1
5	3	1
5	4	1
7	3	1
7	5	1
7	6	2
8	3	2
8	4	1
8	5	1
8	6	2
8	7	4
9	3	1
9	5	2
9	6	1
9	8	3
10	6	2
10	8	4
10	9	4
11	4	1
11	5	1
11	8	1
11	9	3
11	10	6
12	1	1
12	7	1
12	8	2
12	9	2
12	10	3
12	11	2
13	1	1
13	3	1
13	5	1
13	6	1
13	7	2
13	9	2
13	10	2
13	12	2
14	8	3
14	9	1
14	10	1
14	11	1
14	12	2
14	13	2
15	1	1
15	4	1
15	6	1
15	7	1
15	10	1
15	12	2
15	14	2
16	1	1
16	3	1
16	4	2
16	6	1
16	8	2
16	12	1
16	13	3
16	14	1
16	15	1
17	4	1
17	5	1
17	8	2
17	9	1
17	10	1
17	12	1
17	16	2
18	3	1
18	4	2
18	5	2
18	6	1
18	8	2
18	9	1
18	13	1
18	17	2
19	3	2
19	7	2
19	10	1
19	13	1
19	15	1
19	17	3
19	18	4
20	3	2
20	4	2
20	6	2
20	11	1
20	13	2
20	14	2
20	15	1
20	17	1
20	19	1
21	3	1
21	13	3
21	15	1
21	16	1
21	20	1
22	6	2
22	7	2
22	8	1
22	17	2
22	18	1
22	19	1
22	20	2
23	5	1
23	6	1
23	7	1
23	10	1
23	11	1
23	12	1
23	13	1
23	17	2
23	19	1
23	22	1
24	3	1
24	4	1
24	6	2
24	7	1
24	9	1
24	10	1
24	11	2
24	12	1
24	13	1
24	14	1
24	15	2
24	16	1
24	17	1
24	18	2
24	23	4
25	2	2
25	5	1
25	6	1
25	8	1
25	9	1
25	11	1
25	12	1
25	16	1
25	23	2
25	24	1
26	1	1
26	15	1
26	17	2
26	23	3
26	24	1
26	25	3
27	4	2
27	5	1
27	6	1
27	7	1
27	8	1
27	10	2
27	16	1
27	17	1
27	18	1
27	21	1
27	23	1
27	24	3
27	25	1
28	3	2
28	5	1
28	6	4
28	8	2
28	10	1
28	12	1
28	14	1
28	17	3
28	19	1
28	20	1
28	21	1
28	22	1
28	23	1
28	25	1
28	26	1
29	5	1
29	11	1
29	12	1
29	15	1
29	19	1
29	22	1
29	24	1
29	25	1
29	28	3
30	4	1
30	10	2
30	11	1
30	12	2
30	29	2
31	6	2
31	7	1
31	8	1
31	10	1
31	12	1
31	13	1
31	18	1
31	21	1
31	25	1
31	29	1
31	30	1
32	4	2
32	9	1
32	14	1
32	16	1
32	17	2
32	18	1
33	2	2
33	4	1
33	5	1
33	6	1
33	7	1
33	8	1
33	9	1
33	10	1
33	12	2
33	13	2
33	23	1
33	24	1
33	25	1
33	28	1
33	29	1
33	30	3
33	32	1
34	2	1
34	5	1
34	9	1
34	13	1
34	15	2
34	21	1
34	27	1
34	30	4
34	31	1
34	33	5
35	3	2
35	4	1
35	10	2
35	11	1
35	12	1
35	13	1
35	17	1
35	22	2
35	23	2
35	25	2
35	28	1
35	30	3
35	33	1
36	7	1
36	8	1
36	9	1
36	10	2
36	11	1
36	12	4
36	13	1
36	14	1
36	16	1
36	17	2
36	18	2
36	22	1
36	24	1
36	27	2
36	30	2
36	35	2
37	4	1
37	5	1
37	12	1
37	13	1
37	14	2
37	16	1
37	17	1
37	21	1
37	22	1
37	23	1
37	26	1
37	27	2
37	33	1
37	35	5
37	36	2
38	5	1
38	7	2
38	9	1
38	11	1
38	12	1
38	13	1
38	16	1
38	23	1
38	24	2
38	25	3
38	26	2
38	28	1
38	32	1
38	33	1
38	35	5
38	36	2
38	37	4
39	4	2
39	5	1
39	6	1
39	9	1
39	10	1
39	11	1
39	13	1
39	15	1
39	16	1
39	20	1
39	22	1
39	24	1
39	25	3
39	31	1
39	35	2
39	37	1
39	38	1
40	3	1
40	5	1
40	9	1
40	11	1
40	12	1
40	17	1
40	25	1
40	27	3
40	28	3
40	29	2
40	31	1
40	32	1
40	34	2
40	35	1
40	37	1
40	38	2
40	39	1
41	5	1
41	8	3
41	10	1
41	12	2
41	24	1
41	25	1
41	26	2
41	27	1
41	28	2
41	29	1
41	30	2
41	31	1
41	32	2
41	35	3
41	36	1
41	37	2
41	40	1
42	0	1
42	1	1
42	6	1
42	7	1
42	8	1
42	15	1
42	25	1
42	28	1
42	30	4
42	31	2
42	32	1
42	33	1
42	34	1
42	35	1
42	37	1
42	38	2
42	39	1
42	40	1
42	41	1
43	4	1
43	8	1
43	10	1
43	11	2
43	12	3
43	13	1
43	16	2
43	24	2
43	28	1
43	30	1
43	32	1
43	33	3
43	34	2
43	40	1
43	41	1
43	42	2
44	0	1
44	7	1
44	12	1
44	20	1
44	23	1
44	29	1
44	31	1
44	33	2
44	34	1
44	43	2
45	4	1
45	8	1
45	13	1
45	27	1
45	33	2
45	34	1
45	38	1
45	43	3
46	2	2
46	5	1
46	30	1
46	31	1
46	34	1
46	35	1
46	36	1
46	44	1
46	45	2
47	3	1
47	5	3
47	7	1
47	9	1
47	13	1
47	14	1
47	15	2
47	16	1
47	17	1
47	21	1
47	29	1
47	30	2
47	34	1
47	36	1
47	38	1
47	41	1
47	42	1
47	43	2
47	44	1
47	45	1
47	46	2
48	6	2
48	8	1
48	18	1
48	24	1
48	27	1
48	35	1
48	36	1
48	45	1
48	47	1
49	5	3
49	7	1
49	8	3
49	10	1
49	11	2
49	12	1
49	13	1
49	18	1
49	19	1
49	20	1
49	21	2
49	22	1
49	23	1
49	24	1
49	25	1
49	27	2
49	28	1
49	33	1
49	35	5
49	38	1
49	39	1
49	41	1
49	43	1
49	46	1
49	47	2
49	48	2
50	4	1
50	5	2
50	6	4
50	7	4
50	8	2
50	10	2
50	11	1
50	12	2
50	16	1
50	22	1
50	23	1
50	39	1
50	43	2
50	46	1
50	47	1
50	48	1
50	49	1
51	4	1
51	6	1
51	7	1
51	11	1
51	12	1
51	13	2
51	16	1
51	24	2
51	25	1
51	28	2
51	30	1
51	31	1
51	32	1
51	33	1
51	34	1
51	35	1
51	42	2
51	43	1
51	46	1
51	48	4
51	49	2
51	50	5
52	3	1
52	4	1
52	5	1
52	7	1
52	8	2
52	9	1
52	10	1
52	11	1
52	13	1
52	14	1
52	15	1
52	20	1
52	21	1
52	30	1
52	37	1
52	38	1
52	42	1
52	45	1
52	47	1
52	50	1
52	51	5
53	2	1
53	8	3
53	9	1
53	10	1
53	12	2
53	16	1
53	18	1
53	22	3
53	25	1
53	27	1
53	29	3
53	30	1
53	32	1
53	33	1
53	40	2
53	42	4
53	43	1
53	44	1
53	46	1
53	47	1
53	48	1
53	49	1
53	50	3
53	51	1
54	5	1
54	6	2
54	7	3
54	9	1
54	10	1
54	13	1
54	14	2
54	28	1
54	29	2
54	30	2
54	31	2
54	33	1
54	34	1
54	39	1
54	45	1
54	47	2
54	48	2
54	49	1
54	52	1
54	53	4
55	3	1
55	4	1
55	5	1
55	7	1
55	8	2
55	11	1
55	15	1
55	16	1
55	18	1
55	24	2
55	25	2
55	27	1
55	28	1
55	32	3
55	37	1
55	39	1
55	40	2
55	42	2
55	43	1
55	45	1
55	48	2
55	51	1
55	54	1
56	3	1
56	4	1
56	7	1
56	8	2
56	9	1
56	14	1
56	15	1
56	17	1
56	20	1
56	21	1
56	23	1
56	28	1
56	30	2
56	33	1
56	34	1
56	35	2
56	36	2
56	38	1
56	42	1
56	47	1
56	48	2
56	49	3
56	50	2
56	52	1
56	53	2
56	54	2
56	55	6
57	2	1
57	3	2
57	6	2
57	8	1
57	9	1
57	12	1
57	14	1
57	19	2
57	20	1
57	21	1
57	24	1
57	25	2
57	26	1
57	27	1
57	33	2
57	38	1
57	39	1
57	40	1
57	42	1
57	43	1
57	44	1
57	45	1
57	47	1
57	49	1
57	50	1
57	51	1
57	52	1
57	53	1
57	54	1
57	56	3
58	3	4
58	4	1
58	6	4
58	7	1
58	8	1
58	10	1
58	12	1
58	13	1
58	16	2
58	22	1
58	28	1
58	34	1
58	35	1
58	36	1
58	38	3
58	43	1
58	47	3
58	48	1
58	50	1
58	51	1
58	53	1
58	56	1
58	57	1
59	3	1
59	4	1
59	8	3
59	13	1
59	15	2
59	34	1
59	38	1
59	40	2
59	51	1
59	53	1
59	54	1
60	1	2
60	2	3
60	4	1
60	5	1
60	7	1
60	9	1
60	12	1
60	17	1
60	25	1
60	30	1
60	32	1
60	34	1
60	38	1
60	42	1
60	43	2
60	46	1
60	51	1
60	53	1
60	58	1
