1	0	2
2	1	3
4	3	2
5	1	1
5	3	1
5	4	2
6	3	1
6	4	2
6	5	2
7	0	2
7	4	1
8	6	2
8	7	5
9	4	2
9	6	1
9	7	2
9	8	1
10	2	1
10	4	1
10	6	2
10	7	3
10	8	1
11	3	1
11	6	1
11	7	1
11	8	3
11	10	5
12	4	1
12	6	1
12	7	1
12	8	1
12	10	1
12	11	3
13	1	1
13	3	1
13	4	1
13	9	2
13	10	1
13	11	2
13	12	1
14	4	1
14	6	1
14	7	1
14	8	2
14	9	1
14	12	4
14	13	2
15	7	2
15	8	2
15	9	1
15	11	1
15	13	1
15	14	2
16	4	1
16	6	2
16	7	3
16	9	2
16	11	1
16	12	1
16	13	4
16	14	3
16	15	2
17	4	2
17	7	1
17	8	1
17	9	2
17	10	2
17	11	1
17	13	1
17	14	1
18	3	2
18	6	1
18	10	1
18	12	2
18	13	1
18	15	1
18	17	2
19	3	1
19	5	1
19	6	1
19	7	2
19	9	1
19	10	1
19	14	1
19	15	2
19	17	3
19	18	5
20	5	1
20	10	1
20	11	1
20	13	1
20	14	4
20	18	1
20	19	1
21	5	1
21	6	1
21	7	3
21	11	2
21	12	1
21	15	1
21	16	1
21	17	2
21	19	2
21	20	2
22	4	1
22	8	1
22	9	2
22	10	3
22	12	1
22	13	1
22	17	3
22	18	1
22	19	2
22	20	2
23	5	1
23	8	3
23	10	1
23	11	1
23	12	1
23	13	1
23	14	1
23	15	1
23	16	1
23	17	2
23	19	2
23	21	1
23	22	1
24	3	1
24	5	1
24	8	2
24	9	1
24	10	1
24	11	1
24	12	1
24	13	1
24	14	2
24	17	2
24	18	1
24	23	1
25	3	2
25	5	1
25	6	1
25	8	1
25	9	1
25	12	1
25	16	1
25	17	1
25	18	2
25	22	2
25	24	1
26	4	1
26	11	1
26	12	1
26	13	1
26	15	1
26	18	1
26	22	1
26	23	1
26	25	2
27	1	2
27	2	1
27	3	1
27	6	1
27	8	2
27	15	2
27	18	1
27	22	1
27	24	3
27	25	2
28	3	1
28	5	1
28	7	1
28	10	2
28	12	1
28	15	1
28	20	1
28	21	1
28	23	2
28	24	1
28	25	2
29	5	1
29	10	1
29	15	3
29	24	1
29	25	1
29	26	1
29	27	3
29	28	2
30	4	1
30	6	1
30	10	1
30	11	1
30	28	1
30	29	2
31	3	1
31	8	1
31	13	1
31	20	1
31	21	1
31	25	1
31	30	1
32	2	1
32	4	2
32	5	1
32	8	1
32	9	1
32	10	1
32	12	1
32	15	2
32	21	1
32	24	1
32	25	1
32	27	2
32	30	2
33	2	1
33	5	1
33	10	1
33	11	1
33	13	1
33	22	1
33	23	1
33	24	1
33	25	2
33	26	1
33	28	1
33	30	1
33	32	2
34	4	1
34	7	1
34	10	1
34	24	1
34	31	2
34	33	3
35	2	1
35	3	1
35	4	1
35	5	1
35	6	1
35	10	2
35	11	4
35	12	1
35	14	1
35	15	1
35	16	1
35	17	1
35	18	1
35	20	1
35	22	1
35	23	1
35	25	1
35	26	3
35	27	2
35	29	3
36	5	1
36	6	1
36	8	1
36	10	2
36	11	2
36	12	4
36	14	1
36	17	1
36	19	1
36	23	1
36	25	1
36	27	2
36	31	1
36	32	1
36	35	2
37	3	1
37	5	1
37	6	1
37	9	3
37	10	1
37	11	2
37	12	1
37	13	1
37	14	1
37	15	2
37	19	1
37	22	2
37	25	2
37	27	2
37	30	1
37	31	1
37	35	3
37	36	1
38	3	2
38	7	1
38	8	2
38	10	1
38	11	2
38	14	1
38	18	1
38	19	2
38	21	2
38	23	2
38	24	1
38	25	1
38	26	2
38	27	2
38	28	1
38	29	2
38	31	2
38	33	2
38	35	2
38	36	2
38	37	6
39	4	1
39	5	1
39	7	2
39	9	1
39	12	1
39	14	2
39	15	1
39	16	1
39	17	1
39	24	2
39	27	2
39	34	2
39	35	5
39	36	1
39	38	3
40	1	1
40	3	2
40	4	2
40	6	1
40	7	2
40	8	1
40	9	1
40	14	2
40	15	1
40	17	1
40	18	1
40	22	1
40	23	1
40	25	2
40	27	1
40	29	3
40	32	1
40	33	1
40	34	1
40	37	1
40	38	1
40	39	4
41	4	1
41	5	1
41	10	2
41	11	4
41	13	2
41	17	1
41	25	2
41	26	1
41	30	1
41	31	1
41	32	2
41	33	2
41	34	1
41	37	2
41	38	1
42	5	1
42	6	1
42	9	1
42	10	1
42	11	1
42	13	1
42	14	1
42	15	3
42	16	1
42	25	2
42	28	2
42	30	3
42	31	1
42	32	1
42	34	1
42	36	1
42	40	1
42	41	1
43	10	1
43	11	1
43	12	1
43	13	1
43	14	1
43	25	1
43	31	2
43	32	3
43	33	1
43	34	4
43	40	1
44	6	2
44	8	1
44	9	1
44	15	1
44	20	1
44	27	2
44	28	1
44	30	2
44	31	2
44	32	2
44	42	1
44	43	2
45	7	1
45	15	2
45	17	1
45	18	1
45	27	2
45	30	1
45	39	1
45	41	1
45	43	3
45	44	5
46	2	2
46	8	1
46	12	1
46	13	1
46	19	1
46	22	1
46	28	2
46	30	1
46	31	2
46	32	1
46	34	1
46	41	1
46	42	1
46	43	2
46	45	2
47	3	1
47	6	1
47	8	1
47	9	1
47	13	3
47	16	1
47	18	3
47	21	1
47	24	2
47	30	1
47	36	2
47	40	1
47	42	1
47	43	2
48	8	1
48	9	3
48	10	1
48	12	1
48	13	1
48	15	1
48	19	1
48	21	2
48	27	1
48	28	2
48	30	1
48	32	2
48	35	1
48	39	1
48	41	1
48	45	1
48	47	1
49	6	1
49	7	2
49	8	3
49	9	3
49	11	1
49	12	1
49	13	1
49	17	1
49	18	1
49	19	1
49	21	1
49	22	2
49	23	2
49	25	1
49	27	1
49	28	1
49	29	1
49	30	1
49	33	2
49	35	3
49	38	2
49	39	1
49	40	3
49	41	2
49	42	1
49	43	1
49	45	1
49	47	4
49	48	4
50	4	1
50	7	1
50	8	2
50	9	1
50	12	3
50	13	3
50	14	1
50	15	1
50	16	1
50	19	1
50	21	1
50	29	1
50	37	2
50	38	1
50	48	1
50	49	5
51	6	1
51	7	2
51	8	1
51	9	1
51	10	1
51	11	1
51	13	3
51	15	1
51	20	2
51	21	2
51	28	1
51	29	1
51	32	1
51	36	1
51	41	1
51	42	2
51	45	1
51	47	1
51	48	1
51	49	3
51	50	1
52	4	1
52	5	2
52	6	1
52	7	1
52	9	1
52	10	1
52	11	1
52	15	1
52	16	1
52	19	1
52	21	1
52	32	1
52	34	1
52	35	1
52	37	2
52	38	2
52	40	1
52	41	1
52	42	2
52	45	1
52	47	1
52	48	2
52	49	1
52	50	4
52	51	2
53	2	1
53	6	1
53	7	2
53	8	3
53	12	3
53	13	3
53	15	2
53	16	1
53	19	3
53	21	1
53	23	1
53	24	2
53	26	1
53	27	2
53	28	3
53	33	1
53	35	2
53	39	1
53	43	1
53	44	1
53	46	2
53	47	2
53	48	1
53	49	6
53	50	1
53	51	2
54	4	2
54	5	1
54	9	1
54	10	1
54	12	2
54	19	1
54	20	1
54	21	1
54	25	2
54	27	1
54	29	2
54	30	1
54	31	1
54	32	2
54	34	1
54	36	1
54	39	3
54	41	1
54	43	1
54	46	1
54	48	1
54	50	1
54	53	1
55	0	1
55	2	1
55	4	1
55	6	1
55	7	1
55	9	1
55	10	5
55	12	2
55	16	1
55	18	1
55	20	2
55	21	2
55	28	1
55	30	1
55	31	3
55	33	1
55	35	1
55	37	1
55	40	2
55	43	1
55	44	1
55	45	2
55	47	1
55	48	1
55	49	1
55	50	1
55	51	2
55	52	1
55	53	2
55	54	4
56	2	2
56	3	1
56	4	1
56	6	3
56	7	1
56	8	1
56	9	1
56	11	1
56	13	1
56	17	1
56	18	1
56	20	1
56	25	1
56	27	1
56	28	2
56	31	1
56	32	1
56	34	1
56	36	1
56	42	1
56	43	2
56	49	1
56	50	2
56	51	1
56	52	2
56	53	2
56	54	1
56	55	4
57	3	2
57	4	1
57	5	1
57	8	2
57	12	2
57	15	1
57	18	1
57	19	2
57	20	1
57	26	1
57	28	1
57	40	1
57	42	3
57	43	2
57	49	1
57	51	4
57	52	1
57	53	2
57	54	1
57	55	1
57	56	1
58	3	1
58	5	1
58	6	1
58	8	1
58	9	1
58	11	2
58	18	1
58	23	1
58	27	2
58	32	1
58	34	2
58	35	2
58	41	1
58	43	2
58	47	1
58	49	2
58	50	1
58	52	1
58	54	2
58	56	1
58	57	4
59	4	2
59	6	1
59	9	1
59	14	1
59	17	2
59	24	2
59	26	1
59	27	1
59	36	2
59	41	1
59	44	1
59	46	1
59	49	1
59	51	1
59	58	1
60	1	2
60	2	1
60	7	1
60	8	1
60	11	1
60	13	1
60	31	1
60	33	1
60	34	1
60	46	1
60	47	1
60	51	1
60	55	1
60	58	1
