1	0	1
2	0	1
2	1	4
4	3	4
5	4	2
6	5	3
7	4	1
7	6	2
8	3	1
8	4	2
8	6	3
8	7	5
9	3	1
9	5	4
9	7	2
9	8	2
10	2	1
10	4	2
10	6	1
10	7	2
10	8	2
10	9	1
11	9	3
11	10	3
12	5	1
12	6	3
12	8	1
12	9	3
12	10	3
12	11	4
13	6	2
13	7	1
13	9	3
13	10	1
13	11	1
13	12	1
14	3	1
14	10	2
14	11	1
15	10	1
15	11	1
15	13	1
15	14	5
16	4	2
16	5	2
16	7	1
16	8	1
16	9	1
16	10	2
16	11	1
16	12	2
16	13	1
16	14	1
17	3	2
17	4	2
17	5	1
17	10	1
17	15	4
18	3	3
18	5	1
18	7	2
18	8	1
18	9	1
18	11	1
18	13	3
18	15	1
18	16	1
18	17	1
19	3	1
19	4	1
19	7	1
19	13	2
19	15	1
19	17	3
19	18	1
20	4	2
20	5	2
20	8	1
20	13	1
20	14	1
20	15	3
20	16	2
20	19	2
21	3	1
21	13	1
21	14	1
21	15	2
21	16	3
21	18	1
21	19	1
21	20	4
22	3	1
22	4	1
22	6	1
22	7	1
22	8	1
22	9	1
22	10	1
22	11	1
22	12	1
22	13	1
22	16	1
22	17	1
22	19	2
22	20	1
22	21	1
23	4	2
23	6	1
23	7	1
23	17	4
23	18	3
23	19	1
23	22	1
24	3	1
24	4	1
24	5	2
24	6	1
24	7	1
24	8	4
24	9	1
24	11	1
24	12	2
24	13	1
24	14	2
24	17	4
24	18	1
24	19	1
24	20	1
24	21	1
24	22	1
24	23	1
25	4	1
25	5	1
25	7	1
25	18	2
25	19	1
25	20	2
25	21	2
25	23	3
26	1	1
26	8	1
26	10	1
26	11	1
26	12	1
26	15	2
26	17	1
26	18	1
26	21	1
26	22	1
26	23	1
26	24	1
26	25	2
27	4	1
27	6	1
27	7	1
27	8	2
27	9	1
27	10	1
27	11	3
27	12	3
27	13	2
27	16	2
27	17	1
27	18	1
27	19	2
27	22	1
27	24	1
28	2	1
28	3	2
28	4	1
28	6	1
28	8	2
28	9	4
28	11	3
28	13	2
28	15	1
28	17	1
28	21	2
28	23	1
28	24	2
28	27	7
29	4	1
29	5	1
29	7	1
29	10	1
29	12	1
29	14	1
29	24	1
29	25	1
29	27	1
29	28	3
30	6	1
30	8	1
30	15	2
30	16	1
30	17	1
30	19	1
30	24	2
30	28	3
30	29	1
31	3	1
31	5	1
31	6	1
31	7	1
31	8	1
31	9	1
31	15	1
31	21	1
31	22	1
32	4	1
32	6	1
32	22	2
32	24	1
32	27	1
32	29	1
33	1	1
33	4	2
33	6	2
33	9	1
33	17	1
33	24	1
33	26	1
33	27	1
33	29	1
33	32	2
34	4	2
34	8	1
34	24	1
34	28	2
34	30	2
34	31	1
34	33	6
35	3	1
35	5	1
35	8	1
35	17	1
35	19	2
35	22	1
35	23	1
35	25	2
35	26	1
35	27	2
35	28	5
35	29	2
35	31	1
36	5	1
36	9	1
36	10	1
36	11	2
36	13	1
36	14	1
36	20	1
36	23	1
36	24	1
36	31	1
36	35	2
37	5	1
37	6	2
37	10	2
37	13	1
37	15	1
37	16	1
37	18	1
37	24	1
37	26	1
37	28	1
37	34	1
37	35	2
38	4	2
38	5	3
38	6	1
38	8	1
38	9	1
38	10	2
38	11	2
38	13	1
38	14	2
38	15	1
38	16	1
38	17	1
38	18	1
38	19	1
38	20	1
38	21	1
38	23	3
38	24	1
38	26	1
38	27	4
38	28	2
38	29	2
38	30	1
38	33	1
38	35	1
38	37	2
39	3	1
39	7	1
39	9	1
39	11	2
39	12	2
39	14	1
39	15	1
39	16	2
39	17	1
39	22	1
39	23	1
39	25	2
39	26	1
39	27	1
39	33	1
39	34	2
39	35	2
39	37	2
39	38	4
40	4	1
40	9	1
40	11	1
40	12	1
40	16	1
40	20	1
40	21	1
40	23	1
40	24	1
40	26	1
40	27	3
40	28	3
40	33	2
40	35	2
40	37	1
40	38	2
41	1	1
41	10	1
41	11	1
41	22	1
41	23	1
41	24	1
41	27	1
41	28	2
41	30	2
41	32	1
41	33	1
41	34	1
41	36	1
41	38	3
41	39	1
42	3	1
42	6	1
42	9	1
42	12	2
42	16	1
42	20	3
42	21	1
42	22	1
42	27	1
42	29	1
42	30	2
42	31	2
42	32	2
42	34	3
42	35	1
42	39	1
42	40	2
43	1	1
43	4	1
43	11	1
43	13	1
43	17	1
43	31	4
43	32	2
43	41	2
44	5	1
44	8	2
44	10	1
44	22	1
44	31	1
44	32	2
44	33	2
44	34	1
44	38	1
44	40	1
44	41	1
44	42	3
44	43	1
45	2	1
45	8	2
45	12	2
45	32	1
45	33	1
45	34	2
45	38	1
45	42	2
45	43	1
45	44	2
46	2	1
46	6	1
46	10	1
46	11	1
46	24	1
46	28	1
46	30	2
46	31	1
46	32	2
46	33	1
46	34	1
46	35	1
46	38	1
46	42	1
46	43	1
46	45	3
47	5	2
47	6	1
47	7	1
47	8	2
47	9	1
47	11	1
47	17	1
47	18	1
47	20	1
47	24	1
47	27	1
47	30	2
47	32	1
47	33	3
47	34	1
47	35	2
47	36	1
47	40	1
47	43	1
48	3	1
48	5	1
48	9	1
48	11	3
48	12	1
48	13	2
48	19	2
48	21	1
48	25	1
48	27	2
48	28	1
48	31	2
48	35	1
48	39	2
48	42	1
48	45	1
48	46	1
48	47	1
49	5	2
49	6	1
49	7	1
49	8	7
49	9	2
49	10	3
49	12	2
49	15	2
49	23	1
49	24	2
49	27	1
49	28	2
49	30	2
49	32	1
49	33	1
49	34	1
49	35	3
49	36	2
49	39	1
49	41	2
49	42	1
49	43	1
49	47	3
49	48	3
50	5	1
50	6	2
50	7	1
50	8	1
50	10	1
50	12	1
50	13	1
50	16	1
50	17	1
50	18	1
50	20	1
50	21	1
50	22	1
50	23	1
50	24	2
50	28	1
50	29	1
50	30	1
50	36	1
50	37	1
50	41	1
50	46	1
50	48	2
51	6	1
51	7	2
51	9	1
51	11	1
51	12	2
51	13	2
51	15	3
51	17	1
51	22	1
51	24	1
51	27	1
51	38	1
51	40	1
51	41	1
51	43	3
51	46	1
51	48	1
51	49	3
51	50	2
52	6	3
52	7	3
52	8	3
52	9	2
52	13	1
52	15	1
52	16	1
52	17	1
52	20	1
52	22	1
52	23	1
52	24	2
52	25	1
52	30	1
52	31	1
52	36	1
52	39	2
52	41	1
52	46	1
52	47	2
52	48	2
52	49	1
52	50	1
52	51	1
53	1	1
53	4	1
53	6	2
53	7	2
53	8	3
53	10	2
53	11	1
53	13	1
53	15	1
53	19	1
53	21	1
53	24	1
53	27	1
53	31	2
53	37	1
53	38	3
53	40	1
53	42	2
53	43	1
53	44	1
53	47	1
53	48	1
53	49	3
53	50	4
53	51	1
53	52	1
54	4	2
54	8	1
54	10	1
54	15	2
54	17	2
54	20	1
54	24	2
54	27	2
54	28	2
54	29	1
54	34	1
54	35	1
54	38	1
54	40	1
54	41	2
54	42	1
54	47	2
54	50	1
54	53	2
55	0	1
55	1	1
55	3	1
55	5	1
55	6	2
55	8	2
55	12	1
55	13	1
55	14	1
55	15	1
55	24	1
55	25	1
55	30	1
55	32	3
55	36	1
55	37	1
55	39	1
55	40	1
55	41	1
55	43	1
55	48	1
55	49	1
55	50	1
55	53	3
55	54	1
56	1	1
56	3	1
56	7	1
56	8	1
56	9	1
56	13	1
56	15	1
56	20	1
56	21	2
56	34	5
56	35	1
56	37	1
56	39	1
56	44	1
56	46	1
56	48	1
56	49	3
56	50	2
56	51	1
56	52	1
56	54	1
56	55	3
57	2	1
57	3	1
57	6	2
57	7	1
57	9	1
57	12	2
57	13	1
57	15	1
57	17	1
57	18	1
57	19	1
57	20	2
57	21	1
57	23	1
57	26	1
57	27	2
57	28	1
57	29	1
57	31	2
57	34	4
57	38	1
57	41	2
57	42	1
57	49	1
57	52	1
57	53	1
57	55	2
57	56	2
58	1	2
58	4	2
58	5	1
58	8	1
58	9	1
58	12	1
58	13	2
58	15	1
58	16	1
58	25	2
58	26	1
58	27	1
58	28	1
58	38	1
58	39	1
58	40	1
58	41	2
58	48	1
58	49	1
58	51	1
58	52	1
58	53	1
58	55	2
58	56	1
58	57	3
59	3	1
59	5	2
59	8	1
59	23	1
59	28	1
59	29	1
59	30	1
59	33	1
59	38	1
59	44	2
59	52	1
59	53	1
59	58	1
60	1	1
60	2	3
60	4	1
60	8	1
60	9	2
60	10	1
60	13	1
60	15	1
60	22	1
60	25	2
60	27	1
60	28	1
60	30	2
60	32	1
60	36	1
60	41	1
60	43	1
60	44	1
60	46	2
60	47	1
60	52	1
60	53	1
60	54	1
60	59	1
