1	0	1
2	0	1
2	1	3
4	1	1
4	3	4
5	1	1
6	5	1
7	3	1
7	5	1
8	2	1
8	5	1
8	6	4
8	7	2
9	4	1
9	7	2
9	8	4
10	4	1
10	5	1
10	6	3
10	7	3
10	9	1
11	2	1
11	3	2
11	5	1
11	7	1
11	8	1
11	9	3
11	10	4
12	5	1
12	6	2
12	7	2
12	8	2
12	9	3
12	10	1
12	11	1
13	4	2
13	6	1
13	7	1
13	8	2
13	9	3
13	10	4
13	11	3
13	12	2
14	3	1
14	6	1
14	7	1
14	8	1
14	9	1
14	10	3
14	12	1
15	5	1
15	8	2
15	9	1
15	10	1
15	13	1
15	14	2
16	4	1
16	7	2
16	11	1
16	12	2
16	13	1
16	15	3
17	3	1
17	4	1
17	5	1
17	6	3
17	7	2
17	10	1
17	11	1
17	14	2
18	3	2
18	4	1
18	7	1
18	8	1
18	9	2
18	16	1
18	17	2
19	1	1
19	4	3
19	5	1
19	7	1
19	10	1
19	11	1
19	14	1
19	16	1
19	17	3
19	18	4
20	5	2
20	10	1
20	12	1
20	14	3
20	15	2
20	16	2
21	3	1
21	7	1
21	9	1
21	10	3
21	13	3
21	15	2
21	16	2
21	19	1
21	20	1
22	4	1
22	7	3
22	11	1
22	17	2
22	18	1
22	19	1
22	20	1
22	21	1
23	6	1
23	9	2
23	12	2
23	13	3
23	17	1
23	18	1
23	19	1
23	22	1
24	4	1
24	5	1
24	6	3
24	8	1
24	9	1
24	11	1
24	13	3
24	14	2
24	15	1
24	17	1
24	18	2
24	21	3
24	22	1
25	4	2
25	5	1
25	6	1
25	8	2
25	9	1
25	10	1
25	12	2
25	13	1
25	22	2
25	24	2
26	3	1
26	5	1
26	20	1
26	22	1
27	3	1
27	4	3
27	5	1
27	6	3
27	8	1
27	11	3
27	14	1
27	15	1
27	22	2
27	23	1
27	24	1
27	25	3
28	2	1
28	3	2
28	4	1
28	5	1
28	7	1
28	8	2
28	11	1
28	12	1
28	14	1
28	15	1
28	21	2
28	22	1
28	25	2
28	27	3
29	3	1
29	4	1
29	5	1
29	7	1
29	9	2
29	13	1
29	19	1
29	22	2
29	25	2
29	27	1
29	28	1
30	7	2
30	8	1
30	10	2
30	11	2
30	12	1
30	15	2
30	17	2
30	18	1
30	21	1
30	25	1
31	4	1
31	12	1
31	13	1
31	22	1
31	29	1
31	30	3
32	11	1
32	15	1
32	27	1
32	28	3
32	30	1
33	2	2
33	6	2
33	7	1
33	10	1
33	12	1
33	16	1
33	22	1
33	24	1
33	29	1
33	30	1
33	32	2
34	4	3
34	10	1
34	13	1
34	17	4
34	26	1
34	27	1
34	28	1
34	31	2
34	32	1
34	33	3
35	2	1
35	4	1
35	6	1
35	7	1
35	9	2
35	10	3
35	11	1
35	12	1
35	13	3
35	15	1
35	17	1
35	19	1
35	20	1
35	24	2
35	27	2
35	28	1
36	9	3
36	12	2
36	13	2
36	14	1
36	16	2
36	21	1
36	22	1
36	24	1
36	25	1
36	27	1
36	29	1
36	30	1
36	31	1
36	33	1
36	35	3
37	2	1
37	4	1
37	10	1
37	12	1
37	16	1
37	17	1
37	19	1
37	27	2
37	28	1
37	29	1
37	30	1
37	33	1
37	35	4
37	36	3
38	1	1
38	2	3
38	3	1
38	4	1
38	10	1
38	11	3
38	12	1
38	13	1
38	16	2
38	17	1
38	20	1
38	23	1
38	25	2
38	27	4
38	28	1
38	29	2
38	35	1
38	36	2
38	37	1
39	0	1
39	7	1
39	8	1
39	12	2
39	13	1
39	15	1
39	19	1
39	22	1
39	23	2
39	27	1
39	29	4
39	36	1
39	37	1
39	38	4
40	4	1
40	5	1
40	10	1
40	12	2
40	14	1
40	15	1
40	16	1
40	17	2
40	23	2
40	24	1
40	27	2
40	28	1
40	29	2
40	31	1
40	32	1
40	35	1
40	36	2
40	38	2
41	3	1
41	7	2
41	8	1
41	10	1
41	11	2
41	12	3
41	13	1
41	18	1
41	19	1
41	23	2
41	24	1
41	27	1
41	29	1
41	30	1
41	31	1
41	32	1
41	33	3
41	39	1
41	40	2
42	4	1
42	5	1
42	7	1
42	10	1
42	13	1
42	20	2
42	27	3
42	30	1
42	31	1
42	32	1
42	33	1
42	34	1
42	35	2
42	36	1
42	37	2
43	5	1
43	6	1
43	7	1
43	8	1
43	9	1
43	12	1
43	13	1
43	18	1
43	20	1
43	25	1
43	27	1
43	28	2
43	30	1
43	31	2
43	33	1
43	34	1
43	40	1
43	41	1
43	42	1
44	0	1
44	1	1
44	5	1
44	8	1
44	9	1
44	11	1
44	14	1
44	16	1
44	20	2
44	23	1
44	31	2
44	33	1
44	34	2
44	43	2
45	9	1
45	13	1
45	14	1
45	27	1
45	30	2
45	31	1
45	32	2
45	33	1
45	34	1
45	44	2
46	10	1
46	11	1
46	12	1
46	13	1
46	25	1
46	27	1
46	29	2
46	30	1
46	31	1
46	34	1
46	38	1
46	45	2
47	3	1
47	6	1
47	8	1
47	10	1
47	12	1
47	13	3
47	14	3
47	16	1
47	18	1
47	22	1
47	28	1
47	29	2
47	30	3
47	32	1
47	33	2
47	41	2
47	42	2
47	45	1
48	3	1
48	6	1
48	8	1
48	9	1
48	11	2
48	12	5
48	18	1
48	20	1
48	25	1
48	28	1
48	39	1
48	41	1
48	47	3
49	4	1
49	5	1
49	6	1
49	7	2
49	8	3
49	9	4
49	10	4
49	11	1
49	12	4
49	13	2
49	14	2
49	15	1
49	16	1
49	18	1
49	20	2
49	21	1
49	23	1
49	24	1
49	25	1
49	27	2
49	31	1
49	33	2
49	35	1
49	36	2
49	37	1
49	38	1
49	39	2
49	40	2
49	41	1
49	42	1
49	43	1
49	44	2
49	45	1
49	47	2
49	48	3
50	3	1
50	6	2
50	7	4
50	8	1
50	9	1
50	10	1
50	13	2
50	14	1
50	16	1
50	17	1
50	21	1
50	23	1
50	24	1
50	28	2
50	29	1
50	36	1
50	37	1
50	38	1
50	42	1
50	43	1
50	47	1
51	1	1
51	6	2
51	7	1
51	8	1
51	12	2
51	15	2
51	17	1
51	20	1
51	21	1
51	23	1
51	27	1
51	35	4
51	36	2
51	37	1
51	38	1
51	40	1
51	45	1
51	47	3
51	48	4
51	49	1
51	50	1
52	3	1
52	5	2
52	7	3
52	8	2
52	9	1
52	10	1
52	13	1
52	15	1
52	16	1
52	18	2
52	19	1
52	21	1
52	22	1
52	23	1
52	24	1
52	28	1
52	30	2
52	31	2
52	35	1
52	36	1
52	38	1
52	39	1
52	40	2
52	42	1
52	47	2
52	48	2
52	49	1
52	50	2
52	51	5
53	4	1
53	6	3
53	8	4
53	11	2
53	12	1
53	13	3
53	15	1
53	16	1
53	18	1
53	19	1
53	22	1
53	25	1
53	29	1
53	31	1
53	32	1
53	35	2
53	38	1
53	39	1
53	40	1
53	41	3
53	43	1
53	44	1
53	49	1
53	50	1
53	52	1
54	5	1
54	9	1
54	12	1
54	15	2
54	22	1
54	24	3
54	25	2
54	26	1
54	27	1
54	28	1
54	30	1
54	31	1
54	33	1
54	34	2
54	35	1
54	37	1
54	39	2
54	40	1
54	42	1
54	43	1
54	47	1
54	49	1
54	50	2
54	51	1
54	53	1
55	1	1
55	4	3
55	6	1
55	7	2
55	8	2
55	10	2
55	12	2
55	13	1
55	14	3
55	18	1
55	22	2
55	24	1
55	27	1
55	28	2
55	31	1
55	34	2
55	35	2
55	38	1
55	40	1
55	44	1
55	45	1
55	47	1
55	48	1
55	50	2
55	52	2
55	53	1
55	54	4
56	3	1
56	4	1
56	8	1
56	10	1
56	12	1
56	16	1
56	23	1
56	25	1
56	31	1
56	33	1
56	36	1
56	46	1
56	47	2
56	48	1
56	51	1
56	53	1
56	54	1
56	55	1
57	5	3
57	6	2
57	8	2
57	9	1
57	10	1
57	12	2
57	13	1
57	15	1
57	17	1
57	25	2
57	29	1
57	31	1
57	32	1
57	33	1
57	34	1
57	35	1
57	40	1
57	41	1
57	44	1
57	46	1
57	47	1
57	48	2
57	50	2
57	51	1
57	52	2
57	53	1
57	55	1
57	56	3
58	5	1
58	6	1
58	9	1
58	17	1
58	19	2
58	21	1
58	24	2
58	26	1
58	28	2
58	29	1
58	32	1
58	33	1
58	34	1
58	40	1
58	44	1
58	47	3
58	50	1
58	53	1
58	54	1
58	55	3
58	56	1
58	57	4
59	4	2
59	5	1
59	12	1
59	24	1
59	26	3
59	29	1
59	33	1
59	34	1
59	38	1
59	41	1
59	55	1
59	56	1
60	0	1
60	7	1
60	10	1
60	11	1
60	12	1
60	17	1
60	30	2
60	32	1
60	35	1
60	45	4
60	46	2
60	49	1
60	51	1
60	54	3
