1	0	2
2	0	2
2	1	1
4	3	3
5	3	1
5	4	2
6	3	1
6	5	1
7	3	1
7	6	2
8	4	2
8	5	1
8	6	1
8	7	2
9	2	1
9	4	3
9	6	1
9	7	1
9	8	3
10	1	1
10	4	1
10	9	1
11	2	1
11	6	2
11	8	2
11	9	1
11	10	3
12	4	1
12	6	2
12	7	1
12	8	2
12	9	2
12	10	1
12	11	2
13	2	1
13	4	1
13	6	2
13	7	2
13	8	1
13	10	1
14	3	1
14	7	1
14	9	1
14	10	2
14	13	4
15	8	4
15	9	1
15	10	4
15	11	2
15	12	2
15	13	4
15	14	2
16	7	3
16	8	2
16	12	1
16	13	2
16	14	1
16	15	2
17	2	1
17	5	1
17	7	2
17	9	2
17	10	1
17	13	1
17	14	1
18	3	5
18	7	2
18	8	2
18	11	1
18	13	1
18	15	1
18	17	2
19	2	1
19	3	1
19	10	1
19	13	1
19	14	2
19	18	5
20	6	1
20	8	1
20	9	1
20	13	3
20	16	1
20	17	2
20	18	1
20	19	2
21	3	1
21	4	1
21	6	2
21	7	1
21	8	2
21	9	1
21	10	2
21	14	2
21	15	1
21	17	2
21	18	1
21	19	2
21	20	1
22	3	1
22	9	1
22	10	1
22	11	1
22	15	1
22	16	1
22	17	2
22	18	2
22	21	1
23	3	1
23	7	1
23	8	1
23	10	1
23	14	1
23	15	2
23	17	1
23	20	1
23	22	3
24	4	2
24	5	2
24	6	1
24	7	1
24	9	4
24	12	1
24	13	1
24	14	1
24	15	1
24	16	1
24	18	3
24	19	1
24	20	1
24	22	1
24	23	2
25	5	1
25	13	2
25	14	2
25	15	1
25	16	1
25	17	1
25	18	2
25	20	2
25	21	1
25	22	1
25	23	1
25	24	1
26	8	1
26	10	1
26	11	1
26	13	2
26	15	1
26	17	1
26	24	1
26	25	1
27	3	1
27	4	1
27	8	3
27	9	1
27	10	1
27	11	2
27	15	1
27	18	1
27	20	1
27	22	1
27	23	2
27	24	2
27	25	1
28	4	1
28	6	1
28	7	1
28	8	1
28	12	1
28	13	1
28	14	1
28	15	1
28	16	1
28	25	1
28	27	2
29	3	1
29	5	1
29	6	1
29	8	1
29	22	1
29	23	1
29	24	1
29	25	1
29	26	1
30	6	1
30	7	1
30	10	1
30	13	2
30	17	1
30	23	1
30	28	1
30	29	2
31	1	1
31	2	2
31	5	1
31	6	1
31	7	2
31	8	1
31	9	1
31	12	1
31	13	1
31	15	3
31	16	1
31	19	2
31	20	1
31	25	1
31	28	1
32	12	1
32	14	1
32	15	1
32	17	1
32	24	1
32	27	1
32	30	3
32	31	2
33	4	1
33	5	1
33	6	1
33	10	1
33	27	1
33	30	2
33	31	2
33	32	2
34	4	1
34	6	1
34	8	1
34	9	1
34	15	1
34	17	1
34	23	1
34	28	1
34	30	1
34	31	1
34	32	2
34	33	2
35	3	1
35	4	1
35	8	1
35	10	6
35	11	1
35	14	2
35	16	1
35	19	2
35	24	1
35	25	2
35	27	4
35	28	4
35	30	1
35	32	1
36	5	1
36	8	2
36	9	3
36	10	1
36	12	2
36	14	1
36	17	1
36	21	1
36	25	1
36	27	1
36	28	2
36	30	1
36	35	1
37	5	1
37	6	1
37	8	1
37	11	1
37	18	1
37	19	1
37	22	2
37	23	3
37	25	1
37	27	2
37	28	1
37	34	1
37	35	3
37	36	3
38	10	5
38	11	1
38	15	1
38	17	1
38	18	1
38	19	1
38	20	1
38	22	1
38	24	1
38	25	2
38	27	1
38	28	3
38	29	3
38	30	1
38	31	1
38	32	1
38	34	1
39	5	1
39	6	1
39	8	1
39	10	1
39	11	1
39	14	1
39	22	1
39	25	2
39	28	3
39	29	2
39	30	1
39	31	1
39	36	5
39	38	2
40	3	1
40	7	1
40	9	1
40	10	1
40	11	1
40	12	1
40	14	1
40	17	1
40	21	1
40	23	1
40	25	2
40	26	1
40	27	1
40	28	4
40	29	1
40	30	2
40	31	2
40	33	2
40	34	1
40	35	3
40	36	1
40	39	1
41	3	2
41	4	1
41	5	1
41	6	1
41	9	2
41	10	1
41	14	1
41	20	1
41	21	1
41	24	1
41	27	1
41	28	1
41	29	1
41	30	2
41	31	1
41	32	2
41	33	1
41	34	2
41	35	1
41	37	1
41	38	1
42	8	1
42	10	1
42	12	1
42	13	1
42	14	1
42	15	1
42	16	2
42	22	1
42	24	3
42	27	1
42	30	2
42	31	1
42	35	2
42	37	1
42	39	3
42	41	1
43	2	1
43	4	1
43	6	1
43	8	1
43	10	2
43	12	1
43	16	1
43	20	1
43	24	1
43	25	1
43	27	1
43	28	1
43	31	2
43	33	1
43	34	2
43	35	1
43	40	1
43	41	3
43	42	2
44	4	1
44	9	2
44	10	1
44	12	3
44	14	1
44	15	1
44	17	2
44	20	1
44	22	1
44	23	1
44	30	2
44	33	1
44	34	2
44	43	1
45	1	1
45	13	1
45	30	2
45	33	2
45	35	1
45	42	1
45	44	1
46	2	1
46	4	1
46	6	1
46	11	2
46	12	3
46	13	1
46	27	1
46	28	2
46	29	1
46	32	3
46	38	2
46	40	1
46	42	1
46	43	2
46	44	2
46	45	2
47	5	1
47	8	1
47	9	1
47	11	1
47	12	2
47	14	2
47	15	1
47	16	1
47	18	1
47	28	3
47	29	2
47	30	1
47	31	1
47	37	1
47	38	1
47	39	1
47	42	4
47	43	3
47	44	1
47	46	1
48	6	2
48	9	1
48	10	1
48	12	3
48	13	2
48	14	1
48	15	2
48	22	1
48	24	1
48	25	1
48	27	1
48	30	1
48	37	1
48	38	1
48	39	1
48	40	1
48	42	1
48	47	1
49	5	1
49	6	1
49	7	3
49	8	4
49	9	3
49	10	2
49	11	2
49	12	3
49	13	1
49	14	3
49	16	1
49	17	2
49	18	1
49	23	1
49	24	1
49	28	1
49	29	2
49	32	1
49	33	1
49	35	2
49	36	1
49	38	2
49	39	1
49	40	2
49	41	1
49	42	2
49	47	1
49	48	3
50	3	2
50	4	1
50	7	3
50	8	2
50	11	1
50	12	2
50	15	4
50	16	1
50	17	1
50	18	1
50	19	1
50	21	1
50	25	1
50	27	1
50	28	1
50	30	1
50	34	1
50	35	1
50	36	3
50	40	1
50	45	1
50	46	1
50	47	1
50	48	1
50	49	4
51	5	1
51	6	2
51	8	2
51	9	1
51	10	2
51	11	1
51	12	2
51	13	1
51	14	1
51	15	1
51	18	2
51	19	1
51	20	3
51	22	1
51	23	1
51	24	1
51	25	1
51	27	1
51	28	2
51	29	1
51	34	1
51	35	1
51	38	1
51	41	2
51	42	1
51	47	2
51	49	4
51	50	1
52	4	1
52	5	1
52	6	1
52	7	1
52	8	2
52	9	2
52	12	3
52	13	3
52	15	3
52	16	2
52	18	1
52	23	1
52	25	1
52	26	1
52	29	2
52	33	1
52	41	2
52	43	1
52	47	1
52	50	4
52	51	3
53	1	1
53	2	1
53	4	2
53	8	1
53	9	1
53	11	1
53	15	1
53	18	1
53	24	3
53	26	1
53	27	1
53	28	2
53	29	2
53	30	3
53	31	1
53	32	1
53	33	1
53	35	1
53	40	1
53	41	1
53	45	2
53	49	2
53	50	1
54	4	1
54	5	1
54	6	1
54	8	1
54	9	1
54	11	1
54	19	1
54	20	1
54	27	2
54	28	1
54	29	1
54	30	3
54	31	1
54	33	1
54	35	1
54	39	1
54	40	2
54	41	1
54	45	1
54	46	3
54	50	1
54	52	1
54	53	1
55	5	1
55	7	1
55	10	2
55	11	1
55	13	1
55	18	1
55	20	1
55	23	2
55	24	1
55	27	2
55	28	2
55	30	3
55	31	1
55	34	1
55	35	1
55	36	1
55	38	2
55	39	1
55	43	1
55	46	2
55	47	2
55	48	2
55	49	1
55	50	3
55	53	3
55	54	2
56	4	1
56	5	2
56	7	2
56	8	1
56	10	1
56	14	1
56	16	4
56	22	1
56	23	1
56	24	1
56	27	2
56	30	1
56	31	1
56	38	2
56	39	1
56	42	1
56	45	1
56	46	2
56	47	2
56	50	2
56	52	2
56	53	2
56	54	1
56	55	4
57	3	1
57	4	1
57	7	1
57	8	1
57	9	1
57	12	2
57	18	3
57	24	1
57	26	1
57	27	1
57	29	1
57	30	2
57	37	1
57	41	1
57	42	1
57	43	2
57	47	1
57	48	1
57	49	3
57	51	1
57	52	4
57	54	2
57	56	3
58	3	3
58	4	2
58	5	1
58	6	2
58	7	1
58	9	1
58	10	2
58	12	1
58	13	1
58	18	1
58	19	1
58	20	1
58	21	1
58	26	1
58	27	1
58	28	1
58	29	1
58	30	1
58	33	1
58	34	1
58	35	1
58	36	1
58	38	1
58	41	1
58	42	2
58	43	1
58	48	1
58	52	1
58	53	1
58	55	2
58	57	4
59	2	1
59	3	1
59	7	1
59	8	2
59	10	1
59	13	1
59	24	2
59	26	1
59	27	1
59	29	1
59	33	2
59	35	1
59	38	1
59	45	1
59	50	1
59	54	1
60	8	1
60	10	1
60	12	1
60	15	1
60	28	1
60	33	1
60	38	1
60	39	1
60	43	1
60	45	1
60	46	1
60	51	1
60	52	1
60	53	1
60	55	2
60	56	2
