1	0	3
2	0	1
2	1	3
3	2	1
4	1	2
4	3	3
5	3	1
5	4	1
6	4	1
6	5	2
7	0	1
7	1	1
7	6	4
8	2	1
8	3	1
8	4	1
8	6	3
8	7	5
9	0	1
9	3	1
9	4	1
9	6	2
9	8	3
10	5	1
10	8	1
10	9	1
11	1	1
11	6	1
11	8	2
11	9	2
11	10	2
12	3	1
12	5	1
12	6	1
12	8	2
12	9	2
12	10	2
12	11	7
13	3	1
13	4	1
13	6	1
13	7	1
13	10	2
13	12	2
14	1	3
14	11	2
14	13	1
15	0	1
15	3	1
15	6	1
15	7	3
15	8	1
15	9	2
15	10	1
15	11	1
15	12	1
15	13	2
16	3	1
16	4	1
16	7	1
16	8	1
16	9	2
16	11	1
16	14	1
16	15	2
17	3	3
17	6	2
17	8	2
17	11	1
17	12	1
17	15	1
17	16	2
18	2	1
18	3	1
18	4	1
18	5	2
18	8	1
18	12	1
18	15	1
18	16	1
18	17	2
19	4	1
19	5	2
19	6	1
19	8	1
19	10	1
19	16	2
19	17	2
19	18	1
20	6	1
20	13	3
20	14	3
20	15	1
20	16	1
20	17	3
20	18	1
20	19	1
21	6	2
21	8	2
21	10	1
21	13	1
21	14	1
21	16	1
21	19	2
21	20	1
22	4	1
22	5	1
22	6	2
22	10	1
22	11	1
22	13	2
22	15	2
22	17	3
22	18	1
22	19	1
23	1	1
23	5	1
23	8	2
23	9	1
23	10	1
23	17	2
23	18	1
23	22	1
24	4	1
24	6	3
24	7	2
24	8	3
24	10	2
24	11	1
24	13	1
24	14	1
24	16	1
24	17	2
24	19	1
24	23	2
25	1	1
25	8	1
25	10	1
25	11	1
25	12	2
25	13	1
25	18	1
25	19	2
25	23	2
26	8	1
26	10	1
26	14	1
26	21	2
26	22	1
26	23	1
26	24	1
27	3	1
27	4	1
27	5	1
27	9	1
27	10	1
27	12	1
27	14	1
27	17	1
27	18	2
27	20	2
27	22	1
27	24	1
27	25	3
27	26	1
28	2	2
28	3	2
28	4	1
28	5	1
28	7	1
28	8	1
28	9	2
28	12	1
28	14	1
28	20	1
28	22	1
28	24	1
29	3	1
29	6	1
29	8	1
29	10	1
29	12	1
29	13	2
29	14	1
29	22	1
29	27	2
29	28	2
30	1	1
30	4	1
30	9	1
30	10	1
30	11	1
30	24	1
30	25	2
30	27	1
30	28	1
30	29	1
31	4	2
31	8	1
31	12	1
31	18	1
31	19	1
31	20	1
31	30	3
32	9	1
32	11	1
32	17	1
32	30	3
32	31	2
33	1	1
33	4	1
33	26	2
33	30	2
33	31	2
33	32	1
34	4	1
34	13	1
34	15	1
34	16	1
34	17	1
34	27	1
34	28	1
34	31	3
34	32	1
34	33	5
35	2	1
35	6	1
35	7	1
35	9	2
35	10	2
35	11	1
35	12	1
35	15	1
35	17	1
35	23	1
35	26	2
35	27	1
35	28	1
36	4	1
36	7	2
36	8	2
36	9	4
36	10	2
36	11	3
36	12	1
36	13	2
36	15	1
36	17	1
36	18	3
36	19	1
36	24	1
36	25	3
36	27	4
36	29	2
36	30	1
36	31	2
36	35	1
37	5	1
37	8	1
37	9	2
37	10	1
37	14	1
37	15	2
37	16	1
37	24	2
37	25	4
37	28	3
37	30	1
37	35	4
37	36	2
38	4	1
38	5	1
38	6	1
38	8	2
38	9	1
38	10	2
38	11	2
38	12	3
38	13	1
38	21	1
38	22	1
38	25	1
38	27	2
38	28	2
38	29	2
38	35	3
38	36	2
38	37	2
39	11	2
39	14	1
39	16	1
39	22	1
39	23	2
39	25	2
39	26	2
39	27	1
39	28	1
39	29	1
39	30	1
39	31	1
39	35	4
39	36	1
39	38	3
40	3	1
40	4	1
40	5	1
40	6	1
40	9	3
40	11	1
40	14	2
40	16	1
40	17	1
40	18	1
40	19	2
40	22	1
40	24	2
40	26	1
40	28	2
40	34	1
40	35	1
40	39	2
41	1	1
41	3	2
41	6	1
41	9	1
41	10	1
41	12	2
41	13	2
41	17	1
41	24	2
41	28	1
41	30	1
41	31	1
41	33	1
41	34	2
41	39	1
42	5	2
42	9	1
42	12	1
42	14	1
42	17	1
42	20	1
42	24	2
42	28	2
42	30	4
42	31	1
42	32	2
42	33	1
42	34	2
42	35	1
42	40	2
43	2	1
43	4	2
43	6	1
43	9	3
43	11	1
43	12	1
43	13	1
43	15	1
43	25	1
43	28	1
43	31	1
43	32	2
43	33	2
43	35	1
43	37	1
43	40	1
43	42	1
44	0	1
44	1	1
44	4	1
44	27	1
44	28	2
44	30	1
44	31	1
44	32	1
44	33	2
44	34	1
44	35	2
44	38	2
44	40	1
44	43	6
45	1	1
45	8	2
45	10	1
45	12	2
45	16	1
45	25	2
45	28	2
45	30	2
45	33	1
45	34	1
45	38	1
45	40	1
45	42	1
45	44	1
46	18	1
46	22	2
46	32	1
46	34	1
46	35	1
46	38	1
46	39	1
46	42	1
46	44	1
46	45	3
47	0	1
47	2	1
47	4	1
47	6	1
47	7	1
47	13	3
47	14	1
47	19	1
47	24	2
47	27	1
47	28	1
47	30	1
47	31	1
47	36	2
47	39	2
47	40	1
47	41	1
47	42	2
47	43	3
47	44	1
47	46	1
48	5	1
48	7	3
48	8	3
48	9	3
48	12	1
48	16	1
48	24	1
48	25	1
48	30	3
48	31	1
48	32	1
48	33	1
48	36	1
48	38	1
48	40	1
48	42	2
48	47	1
49	3	1
49	4	1
49	5	1
49	6	1
49	7	3
49	8	5
49	9	2
49	10	2
49	11	1
49	12	1
49	13	1
49	14	2
49	15	1
49	16	1
49	17	2
49	24	2
49	26	1
49	27	3
49	28	2
49	29	1
49	30	2
49	31	1
49	33	2
49	38	2
49	39	2
49	41	1
49	42	2
49	44	1
49	47	2
49	48	1
50	3	1
50	4	1
50	5	1
50	6	1
50	8	5
50	10	2
50	14	1
50	16	3
50	18	1
50	19	1
50	22	1
50	23	1
50	24	1
50	25	1
50	27	1
50	31	2
50	36	1
50	39	1
50	48	1
50	49	2
51	3	1
51	4	1
51	6	3
51	7	1
51	8	2
51	10	1
51	12	1
51	13	3
51	16	2
51	18	1
51	19	2
51	20	1
51	34	2
51	36	1
51	37	1
51	39	1
51	40	1
51	41	1
51	44	1
51	48	2
51	49	3
51	50	4
52	4	1
52	8	4
52	10	1
52	11	1
52	12	1
52	13	3
52	14	2
52	16	1
52	19	1
52	20	1
52	24	1
52	27	1
52	32	1
52	38	1
52	39	1
52	40	1
52	41	1
52	44	1
52	47	1
52	48	2
52	50	1
52	51	3
53	5	2
53	6	2
53	7	1
53	8	1
53	9	1
53	11	1
53	12	1
53	15	1
53	16	1
53	19	1
53	26	1
53	27	1
53	28	3
53	30	1
53	31	1
53	34	1
53	35	1
53	36	1
53	39	1
53	40	3
53	42	1
53	45	1
53	47	2
53	48	2
53	49	4
53	51	1
53	52	1
54	5	3
54	8	1
54	10	2
54	11	1
54	12	1
54	15	1
54	18	2
54	24	2
54	27	1
54	28	2
54	29	1
54	31	2
54	34	1
54	37	1
54	40	2
54	42	1
54	43	1
54	46	1
54	47	1
54	49	1
54	51	1
54	53	1
55	0	1
55	5	1
55	6	3
55	8	4
55	9	1
55	10	1
55	12	1
55	13	2
55	15	3
55	16	1
55	18	1
55	19	1
55	28	2
55	29	1
55	30	1
55	31	1
55	33	2
55	38	1
55	40	1
55	41	1
55	42	2
55	43	2
55	44	2
55	47	1
55	51	2
55	52	1
55	53	3
55	54	1
56	1	1
56	3	1
56	6	1
56	7	1
56	8	2
56	11	1
56	20	1
56	21	2
56	22	2
56	24	1
56	28	2
56	30	2
56	31	1
56	35	2
56	39	1
56	44	3
56	51	1
56	53	1
56	54	3
56	55	3
57	3	1
57	5	1
57	7	1
57	10	1
57	15	2
57	16	2
57	18	1
57	19	1
57	24	3
57	25	1
57	30	1
57	32	1
57	35	1
57	40	1
57	41	1
57	42	2
57	44	1
57	45	1
57	49	2
57	51	2
57	54	1
57	55	1
57	56	2
58	4	1
58	6	1
58	7	1
58	8	1
58	9	2
58	10	1
58	13	1
58	18	1
58	23	1
58	24	2
58	26	1
58	28	1
58	31	1
58	32	2
58	34	1
58	38	1
58	40	2
58	41	1
58	44	1
58	47	1
58	48	2
58	49	2
58	53	1
58	54	1
58	55	1
58	57	7
59	3	1
59	10	1
59	19	1
59	27	2
59	28	1
59	33	1
59	53	1
59	54	1
59	55	3
59	58	1
60	1	1
60	2	2
60	5	1
60	9	2
60	12	1
60	16	1
60	25	2
60	28	2
60	32	1
60	34	1
60	38	1
60	39	1
60	40	2
60	41	1
60	43	1
60	44	1
60	54	1
60	55	1
60	56	1
60	57	2
60	59	1
