1	0	5
2	0	1
2	1	2
3	2	1
4	3	1
5	3	1
5	4	6
7	6	2
8	3	3
8	5	1
8	6	1
8	7	1
9	4	1
9	8	6
10	8	3
10	9	3
11	0	1
11	1	1
11	3	1
11	5	1
11	6	2
11	7	1
11	8	1
11	9	1
11	10	3
12	4	3
12	7	2
12	8	2
12	9	3
12	10	4
13	2	1
13	6	2
13	9	1
13	10	3
14	1	1
14	4	1
14	6	1
14	7	1
14	10	2
15	3	1
15	6	5
15	7	2
15	8	2
15	10	1
15	13	3
15	14	4
16	4	1
16	5	1
16	7	1
16	8	1
16	9	2
16	10	1
16	11	2
16	12	2
16	15	4
17	3	1
17	5	1
17	6	4
17	8	2
17	11	1
17	14	2
17	15	1
18	2	1
18	4	1
18	5	3
18	6	1
18	8	1
18	10	1
18	11	1
18	12	1
18	14	1
18	16	1
18	17	4
19	4	1
19	5	2
19	8	1
19	10	1
19	13	1
19	14	2
19	15	2
19	17	6
19	18	3
20	0	2
20	3	3
20	6	1
20	7	1
20	8	1
20	9	1
20	13	1
20	14	1
20	19	2
21	6	1
21	7	1
21	8	1
21	10	1
21	12	1
21	14	1
21	15	3
21	17	2
21	18	1
21	19	1
22	8	1
22	11	1
22	12	2
22	13	4
22	14	1
22	17	1
22	18	1
22	19	1
22	21	2
23	4	1
23	12	1
23	13	2
23	17	1
23	18	1
23	19	1
23	21	1
23	22	2
24	3	1
24	4	2
24	6	2
24	7	5
24	8	1
24	10	1
24	11	2
24	14	1
24	17	2
24	18	1
24	19	1
24	22	2
24	23	2
25	0	1
25	3	1
25	5	2
25	10	1
25	19	1
25	21	1
25	23	3
25	24	1
26	9	2
26	14	1
26	17	1
26	18	1
26	25	1
27	4	1
27	5	1
27	6	2
27	7	3
27	8	1
27	10	1
27	11	1
27	12	1
27	13	1
27	15	1
27	16	1
27	17	2
27	19	1
27	20	1
27	21	1
27	24	1
27	25	2
28	4	2
28	5	1
28	6	1
28	7	1
28	9	3
28	11	1
28	13	2
28	14	1
28	15	1
28	16	1
28	17	1
28	20	1
28	24	1
28	25	1
28	27	2
29	6	1
29	9	1
29	11	1
29	22	2
29	27	1
29	28	2
30	2	1
30	5	1
30	8	1
30	12	1
30	13	1
30	23	1
30	25	1
30	27	1
30	29	1
31	1	1
31	8	2
31	10	1
31	12	2
31	21	1
31	24	1
31	25	1
31	28	1
31	30	1
32	4	1
32	5	1
32	8	1
32	10	1
32	19	1
32	24	1
32	27	1
32	28	1
32	29	1
32	30	1
32	31	2
33	1	2
33	4	1
33	5	1
33	6	2
33	13	1
33	15	1
33	27	1
33	29	1
33	30	2
33	31	1
33	32	2
34	1	1
34	2	1
34	4	1
34	10	2
34	15	1
34	17	1
34	21	1
34	25	1
34	29	2
34	31	2
34	32	3
35	4	1
35	5	1
35	6	1
35	9	1
35	10	2
35	12	1
35	13	1
35	24	3
35	25	1
35	26	1
35	28	1
35	31	1
36	3	1
36	4	1
36	8	1
36	10	1
36	11	2
36	14	1
36	20	1
36	21	1
36	25	2
36	28	1
36	30	1
36	31	1
36	32	1
37	3	1
37	5	2
37	6	1
37	12	1
37	13	1
37	16	1
37	17	2
37	19	1
37	22	1
37	24	1
37	25	2
37	27	2
37	28	2
37	31	1
37	33	1
37	35	5
37	36	1
38	5	1
38	9	4
38	11	2
38	12	1
38	15	1
38	16	1
38	17	1
38	18	2
38	21	1
38	22	2
38	23	3
38	25	2
38	27	1
38	28	1
38	33	1
38	34	3
38	35	2
38	37	2
39	3	1
39	5	1
39	6	1
39	8	1
39	9	2
39	10	2
39	11	1
39	12	2
39	14	1
39	17	1
39	18	1
39	25	2
39	27	1
39	28	1
39	29	1
39	35	1
39	36	1
39	38	1
40	8	1
40	12	1
40	13	1
40	16	2
40	22	1
40	24	1
40	25	1
40	26	1
40	27	1
40	28	1
40	29	4
40	30	1
40	31	2
40	32	1
40	34	2
40	35	1
40	37	1
40	38	5
40	39	1
41	1	1
41	5	1
41	6	1
41	8	1
41	9	2
41	11	1
41	12	3
41	13	1
41	17	1
41	19	1
41	24	1
41	27	2
41	28	1
41	29	1
41	31	2
41	32	1
41	33	2
41	38	2
41	39	1
41	40	3
42	0	1
42	3	1
42	7	1
42	8	1
42	12	3
42	15	1
42	22	1
42	25	2
42	27	1
42	30	1
42	32	2
42	33	1
42	34	1
42	37	1
42	38	1
42	39	2
42	41	1
43	5	1
43	8	1
43	12	1
43	13	1
43	17	1
43	24	1
43	25	2
43	28	2
43	30	3
43	31	1
43	33	3
43	35	3
43	37	1
43	41	1
43	42	2
44	7	2
44	8	1
44	15	2
44	27	1
44	28	1
44	30	1
44	32	1
44	34	2
44	40	2
44	42	2
44	43	2
45	2	1
45	10	1
45	13	2
45	15	1
45	32	2
45	34	2
45	38	1
45	40	2
45	41	1
45	43	1
45	44	3
46	5	1
46	10	1
46	22	1
46	25	1
46	27	2
46	32	1
46	35	2
46	39	1
46	42	1
46	43	2
46	44	2
46	45	1
47	3	1
47	7	1
47	8	1
47	13	1
47	14	2
47	17	1
47	18	1
47	21	1
47	22	1
47	23	1
47	24	1
47	30	3
47	31	2
47	36	1
47	37	1
47	38	1
47	40	1
47	41	2
47	42	1
47	43	1
47	46	1
48	0	1
48	4	2
48	8	1
48	11	2
48	12	3
48	15	2
48	16	2
48	18	1
48	19	1
48	20	1
48	21	1
48	22	1
48	24	1
48	30	1
48	31	1
48	36	1
48	41	1
48	45	1
48	46	1
48	47	1
49	4	3
49	5	3
49	6	1
49	7	5
49	8	3
49	9	1
49	10	3
49	11	3
49	12	1
49	13	2
49	15	2
49	17	1
49	18	2
49	21	3
49	22	1
49	24	1
49	27	2
49	28	2
49	30	1
49	31	1
49	38	2
49	39	1
49	41	1
49	42	1
49	43	1
49	46	1
49	47	2
49	48	4
50	3	2
50	4	1
50	6	1
50	7	2
50	8	3
50	9	3
50	10	3
50	13	2
50	27	1
50	29	1
50	30	1
50	31	1
50	34	1
50	41	3
50	42	2
50	45	1
50	48	1
51	5	1
51	7	2
51	10	1
51	11	2
51	12	1
51	13	1
51	14	1
51	15	5
51	16	1
51	22	1
51	24	3
51	25	2
51	30	2
51	36	1
51	39	1
51	41	1
51	42	2
51	44	1
51	46	1
51	47	1
51	48	4
51	49	2
51	50	2
52	3	4
52	4	1
52	6	1
52	7	1
52	8	5
52	9	2
52	11	1
52	13	3
52	17	1
52	18	2
52	19	1
52	22	1
52	28	1
52	30	1
52	33	1
52	35	1
52	36	1
52	37	1
52	41	1
52	42	2
52	51	3
53	2	1
53	6	3
53	7	2
53	8	1
53	12	3
53	14	1
53	17	1
53	18	2
53	22	1
53	23	1
53	25	2
53	27	2
53	28	3
53	31	1
53	32	1
53	33	1
53	34	1
53	36	1
53	37	1
53	40	1
53	41	2
53	45	1
53	48	1
53	49	2
53	50	3
53	51	1
53	52	1
54	0	1
54	3	1
54	8	5
54	9	2
54	12	2
54	18	1
54	27	1
54	28	2
54	31	3
54	36	2
54	37	1
54	40	2
54	42	1
54	43	1
54	49	3
54	50	5
54	51	1
54	53	3
55	1	1
55	3	1
55	4	2
55	6	2
55	7	1
55	8	1
55	11	1
55	12	1
55	13	1
55	19	1
55	21	1
55	25	1
55	28	1
55	29	1
55	32	1
55	33	1
55	34	2
55	43	1
55	50	2
55	51	3
55	52	1
55	54	1
56	1	1
56	3	2
56	5	1
56	6	1
56	8	2
56	9	1
56	12	2
56	13	1
56	14	1
56	21	1
56	27	1
56	30	1
56	31	1
56	32	1
56	36	1
56	37	1
56	49	2
56	50	3
56	52	4
56	54	2
57	3	1
57	4	1
57	6	1
57	7	1
57	8	2
57	9	1
57	14	1
57	15	1
57	18	1
57	21	1
57	24	1
57	25	1
57	26	1
57	30	2
57	33	1
57	34	1
57	38	1
57	39	2
57	44	2
57	48	1
57	50	3
57	51	2
57	52	2
57	54	1
57	55	1
58	3	1
58	6	3
58	7	1
58	8	1
58	9	1
58	10	1
58	11	1
58	12	1
58	13	1
58	15	2
58	18	1
58	21	1
58	23	1
58	25	1
58	26	1
58	27	1
58	28	1
58	30	1
58	36	1
58	37	1
58	38	1
58	39	2
58	45	1
58	47	2
58	48	1
58	49	1
58	52	1
58	53	1
58	54	1
58	55	5
58	56	5
58	57	3
59	4	1
59	5	1
59	6	1
59	9	2
59	10	1
59	13	2
59	15	1
59	18	1
59	28	1
59	30	2
59	35	1
59	40	1
59	45	1
59	49	1
59	51	2
59	55	2
59	56	1
60	0	1
60	4	1
60	11	1
60	12	1
60	16	1
60	30	1
60	32	3
60	34	1
60	40	1
60	41	2
60	43	1
60	44	2
60	46	2
60	49	1
60	56	2
60	59	2
