1	0	3
2	1	4
4	3	3
5	4	2
6	1	1
6	4	3
6	5	2
7	3	1
7	5	1
7	6	2
8	3	1
8	4	1
8	5	2
8	6	3
8	7	1
9	6	1
9	7	1
9	8	2
10	0	2
10	3	2
10	4	1
10	8	1
10	9	4
11	4	1
11	8	1
11	9	1
11	10	3
12	8	2
12	9	5
12	10	8
12	11	2
13	3	1
13	9	4
13	10	4
13	11	1
13	12	2
14	6	1
14	7	1
14	11	1
14	12	2
14	13	4
15	3	1
15	5	1
15	7	1
15	8	1
15	10	1
15	11	1
15	12	2
15	14	3
16	0	1
16	3	2
16	4	1
16	5	1
16	6	1
16	7	2
16	11	1
16	14	2
16	15	3
17	3	2
17	8	2
17	9	1
17	11	1
17	14	1
17	15	1
17	16	3
18	7	1
18	9	2
18	15	1
19	3	2
19	9	1
19	10	2
19	13	1
19	18	3
20	3	1
20	4	1
20	7	1
20	8	2
20	9	2
20	10	1
20	12	1
20	16	1
20	17	1
20	18	3
20	19	1
21	3	1
21	9	1
21	12	1
21	14	2
21	15	3
21	19	2
21	20	1
22	3	1
22	6	1
22	14	1
22	17	1
22	18	1
22	19	2
22	20	2
22	21	1
23	3	1
23	5	1
23	7	1
23	13	1
23	14	1
23	15	1
23	17	3
23	18	2
23	21	1
23	22	1
24	3	1
24	4	1
24	5	2
24	6	2
24	8	1
24	9	1
24	10	1
24	11	1
24	12	3
24	13	2
24	14	1
24	16	2
24	17	1
24	19	1
24	20	2
24	21	2
24	22	1
24	23	1
25	3	1
25	4	1
25	8	1
25	9	2
25	10	1
25	11	1
25	12	3
25	13	2
25	14	3
25	16	2
25	18	1
25	22	1
25	24	4
26	4	2
26	12	1
26	19	3
26	21	1
26	24	1
26	25	2
27	3	1
27	4	1
27	5	3
27	6	1
27	8	1
27	10	2
27	14	1
27	15	1
27	21	3
27	23	1
27	24	3
27	26	2
28	4	1
28	6	1
28	8	2
28	9	2
28	13	1
28	16	2
28	17	2
28	20	1
28	22	1
28	23	1
28	25	1
28	27	4
29	4	3
29	7	1
29	11	1
29	13	1
29	24	3
29	28	4
30	3	1
30	7	1
30	8	2
30	9	1
30	11	2
30	12	1
30	13	1
30	18	3
30	25	1
30	27	1
30	28	1
31	10	1
31	12	1
31	13	1
31	15	1
31	19	2
31	20	1
31	21	1
31	22	2
31	25	1
31	27	1
31	29	1
31	30	1
32	2	1
32	5	2
32	9	1
32	11	1
32	15	2
32	17	1
32	21	1
32	25	1
32	27	1
32	28	1
32	30	1
33	1	1
33	4	1
33	5	1
33	8	2
33	11	1
33	17	1
33	23	1
33	27	1
33	28	1
33	30	1
33	31	2
33	32	3
34	7	1
34	8	1
34	10	2
34	30	1
34	31	1
34	32	1
34	33	3
35	10	5
35	11	1
35	12	1
35	13	1
35	15	1
35	17	2
35	19	2
35	23	1
35	24	2
35	25	2
35	27	1
35	29	1
35	31	1
35	32	1
36	5	1
36	6	1
36	9	2
36	10	1
36	12	1
36	14	1
36	17	2
36	18	3
36	19	1
36	20	1
36	21	1
36	23	1
36	26	3
36	27	1
36	28	1
36	31	1
36	35	2
37	3	1
37	4	1
37	5	1
37	8	2
37	9	1
37	11	1
37	12	2
37	13	2
37	15	1
37	16	1
37	23	1
37	25	4
37	26	2
37	27	6
37	28	3
37	34	3
37	35	3
37	36	5
38	4	2
38	5	2
38	6	2
38	10	2
38	12	3
38	13	3
38	15	2
38	18	2
38	19	3
38	22	1
38	25	2
38	26	1
38	27	2
38	28	2
38	30	1
38	31	1
38	33	1
38	35	1
38	37	4
39	7	1
39	12	1
39	17	2
39	22	2
39	23	1
39	25	1
39	26	1
39	27	1
39	28	3
39	29	1
39	30	1
39	32	1
39	35	2
39	36	1
39	37	1
39	38	1
40	4	1
40	8	1
40	9	1
40	12	2
40	13	1
40	14	1
40	15	2
40	22	1
40	24	2
40	27	3
40	28	2
40	29	4
40	30	1
40	32	1
40	36	1
40	37	1
40	38	1
41	5	3
41	7	1
41	8	1
41	10	2
41	11	3
41	14	1
41	15	1
41	18	1
41	24	1
41	25	1
41	26	1
41	27	1
41	28	1
41	29	1
41	30	2
41	31	1
41	32	1
41	33	1
41	34	1
41	35	2
41	36	1
41	38	2
41	40	1
42	6	1
42	7	1
42	8	1
42	11	1
42	12	1
42	13	1
42	15	1
42	16	1
42	20	1
42	24	1
42	25	1
42	29	1
42	30	4
42	31	1
42	33	1
42	37	2
42	40	1
43	12	1
43	15	1
43	16	1
43	28	2
43	29	1
43	30	2
43	32	1
43	33	2
43	34	2
43	37	1
43	38	1
43	42	2
44	11	1
44	12	1
44	14	1
44	15	2
44	22	2
44	24	1
44	28	1
44	30	1
44	31	2
44	33	2
44	40	1
44	41	2
44	42	3
44	43	3
45	3	1
45	17	1
45	27	1
45	30	2
45	33	2
45	38	1
45	39	1
45	40	1
45	42	2
45	43	1
45	44	2
46	11	2
46	13	1
46	27	1
46	28	1
46	31	1
46	32	1
46	41	1
46	43	3
46	44	1
46	45	4
47	5	1
47	8	1
47	10	1
47	12	2
47	13	1
47	16	1
47	17	1
47	24	1
47	28	1
47	29	1
47	30	3
47	32	1
47	34	2
47	35	1
47	37	1
47	41	1
47	42	2
47	44	1
48	6	2
48	7	1
48	8	4
48	10	1
48	11	1
48	12	1
48	13	1
48	14	2
48	29	1
48	30	2
48	35	1
48	38	1
48	43	1
48	47	1
49	5	2
49	6	1
49	7	2
49	8	3
49	9	3
49	10	5
49	11	1
49	12	2
49	13	1
49	14	1
49	15	2
49	16	2
49	18	1
49	19	1
49	24	2
49	26	1
49	27	2
49	28	2
49	29	1
49	31	1
49	34	1
49	36	1
49	39	1
49	41	1
49	42	2
49	43	2
49	44	1
49	46	1
49	47	1
49	48	4
50	4	2
50	5	2
50	6	2
50	7	3
50	8	2
50	11	1
50	12	2
50	14	1
50	15	1
50	17	1
50	20	1
50	23	1
50	27	1
50	29	1
50	30	1
50	33	1
50	35	1
50	37	2
50	39	1
50	43	1
50	47	1
50	48	2
50	49	4
51	3	1
51	7	1
51	8	1
51	9	1
51	10	1
51	11	1
51	12	1
51	13	1
51	16	1
51	20	2
51	24	1
51	25	1
51	32	1
51	34	1
51	35	1
51	41	1
51	43	1
51	47	2
51	48	1
51	49	3
51	50	1
52	8	1
52	9	3
52	10	1
52	13	2
52	15	1
52	16	1
52	20	1
52	21	1
52	23	1
52	24	1
52	25	1
52	27	1
52	28	1
52	34	1
52	38	1
52	39	1
52	42	1
52	45	1
52	46	1
52	48	1
52	49	2
52	51	5
53	3	1
53	4	1
53	9	1
53	10	2
53	11	2
53	12	1
53	13	1
53	14	4
53	15	1
53	16	2
53	18	1
53	20	1
53	24	1
53	26	1
53	27	1
53	28	2
53	30	2
53	31	2
53	33	1
53	35	1
53	38	2
53	39	1
53	40	2
53	41	2
53	43	1
53	45	1
53	48	3
53	49	5
53	50	1
54	5	1
54	7	2
54	10	3
54	12	2
54	13	3
54	14	2
54	16	1
54	17	2
54	18	1
54	20	1
54	24	1
54	27	1
54	29	1
54	30	1
54	31	1
54	32	2
54	34	2
54	35	1
54	36	1
54	42	1
54	46	1
54	48	1
54	51	1
54	53	3
55	5	2
55	7	1
55	8	3
55	10	2
55	11	1
55	13	4
55	14	2
55	16	1
55	17	1
55	18	2
55	22	1
55	25	1
55	29	1
55	33	3
55	34	4
55	36	1
55	38	2
55	40	1
55	43	1
55	44	1
55	47	2
55	48	2
55	50	1
55	52	2
55	53	3
55	54	3
56	3	1
56	4	1
56	6	1
56	10	1
56	12	1
56	15	1
56	16	1
56	19	2
56	21	1
56	26	1
56	30	1
56	38	1
56	39	1
56	40	1
56	47	2
56	50	1
56	51	1
56	53	1
56	55	4
57	3	2
57	5	1
57	6	2
57	10	1
57	15	1
57	23	1
57	24	1
57	25	1
57	26	1
57	27	1
57	28	1
57	30	1
57	31	1
57	32	1
57	33	1
57	40	1
57	47	1
57	49	1
57	50	2
57	51	1
57	52	2
57	54	2
57	55	2
57	56	2
58	5	1
58	8	1
58	10	1
58	11	1
58	12	1
58	13	1
58	14	1
58	15	1
58	17	1
58	18	1
58	20	1
58	24	1
58	27	1
58	29	1
58	30	2
58	37	1
58	38	1
58	39	2
58	40	1
58	41	2
58	43	1
58	50	1
58	53	2
58	55	3
58	56	3
58	57	4
59	6	1
59	8	1
59	10	1
59	13	1
59	25	2
59	28	1
59	29	2
59	30	1
59	31	1
59	41	1
59	45	3
59	47	2
59	49	1
59	50	1
60	2	1
60	7	1
60	13	1
60	16	2
60	21	1
60	30	2
60	32	1
60	33	1
60	41	2
60	42	1
60	43	2
60	45	2
60	46	1
60	49	1
60	51	1
60	52	1
60	54	1
60	55	1
60	57	2
