1	0	2
2	0	1
2	1	4
4	3	2
5	3	1
5	4	2
6	3	1
6	5	2
7	3	1
7	4	2
7	5	1
7	6	1
8	3	1
8	4	1
8	6	3
8	7	2
9	3	1
9	5	2
9	7	1
9	8	5
10	1	1
10	3	1
10	4	1
10	7	1
10	8	1
10	9	3
11	6	1
11	8	1
11	9	3
11	10	2
12	1	1
12	7	3
12	9	3
12	10	2
12	11	4
13	5	1
13	7	1
13	8	2
13	9	1
13	10	4
13	12	2
14	1	1
14	5	1
14	8	1
14	9	1
14	11	1
14	12	3
15	5	3
15	8	1
15	9	2
15	10	3
15	12	4
15	14	3
16	0	1
16	6	1
16	7	1
16	8	3
16	10	1
16	11	1
16	13	3
16	14	2
16	15	1
17	3	1
17	6	1
17	7	1
17	8	1
17	13	1
17	14	1
17	15	1
18	4	1
18	5	1
18	8	2
18	11	1
18	14	1
18	16	1
18	17	1
19	3	1
19	5	2
19	7	1
19	12	1
19	15	1
19	17	2
19	18	1
20	4	1
20	5	2
20	6	1
20	8	1
20	9	1
20	11	2
20	14	3
20	18	1
20	19	1
21	3	2
21	4	3
21	7	1
21	10	1
21	15	1
21	16	1
21	17	1
21	20	2
22	3	2
22	4	1
22	5	1
22	7	1
22	9	1
22	12	1
22	13	3
22	14	1
22	17	2
22	18	1
22	20	1
22	21	2
23	3	1
23	4	1
23	7	2
23	9	1
23	10	1
23	13	2
23	14	2
23	15	1
23	19	1
23	22	2
24	4	2
24	5	1
24	6	2
24	7	2
24	8	3
24	9	1
24	10	3
24	14	1
24	16	2
24	17	2
24	19	2
24	21	2
24	22	4
24	23	4
25	1	1
25	3	1
25	4	2
25	5	1
25	6	1
25	7	1
25	8	1
25	9	3
25	10	1
25	13	2
25	14	1
25	15	2
25	16	1
25	17	2
25	21	2
25	22	1
25	23	1
26	13	1
26	19	1
26	20	1
26	22	1
27	3	2
27	4	2
27	6	1
27	9	1
27	10	3
27	11	4
27	12	1
27	14	1
27	15	3
27	16	1
27	17	1
27	19	2
27	23	1
27	25	2
28	2	2
28	5	2
28	6	1
28	10	2
28	13	1
28	14	1
28	17	1
28	22	1
28	23	1
28	24	1
28	25	1
28	26	1
28	27	4
29	3	2
29	7	2
29	9	1
29	10	2
29	13	1
29	21	1
29	22	1
29	27	3
29	28	5
30	6	1
30	8	2
30	9	2
30	10	1
30	18	1
30	24	1
30	27	1
31	1	2
31	2	1
31	6	1
31	9	1
31	10	1
31	11	1
31	19	1
31	25	1
31	29	1
31	30	1
32	2	1
32	17	1
32	26	1
32	27	1
32	28	1
32	30	2
32	31	1
33	4	1
33	6	1
33	8	2
33	10	1
33	27	1
33	28	2
33	30	1
33	31	2
33	32	1
34	2	2
34	6	2
34	9	1
34	15	3
34	17	1
34	21	1
34	22	1
34	23	1
34	25	1
34	29	1
34	30	1
34	31	2
34	32	3
34	33	3
35	3	1
35	4	1
35	5	4
35	7	1
35	8	3
35	10	1
35	11	4
35	14	1
35	16	1
35	17	1
35	18	1
35	22	1
35	25	1
35	26	1
35	27	1
35	30	1
35	31	1
36	3	1
36	10	2
36	11	3
36	15	1
36	16	1
36	21	2
36	27	1
36	28	2
37	4	1
37	9	2
37	11	3
37	13	1
37	15	1
37	16	2
37	17	1
37	21	2
37	22	1
37	24	2
37	25	1
37	26	1
37	27	1
37	30	1
37	31	1
37	33	1
37	34	1
37	35	4
38	2	1
38	5	1
38	11	3
38	12	1
38	13	2
38	14	1
38	20	1
38	22	2
38	25	2
38	27	4
38	29	1
38	30	2
38	32	1
38	35	2
38	36	2
38	37	7
39	5	2
39	10	1
39	13	1
39	19	1
39	20	1
39	21	2
39	25	2
39	27	2
39	35	4
39	36	1
39	37	1
40	4	1
40	5	2
40	10	2
40	21	1
40	22	1
40	24	1
40	28	2
40	29	3
40	31	1
40	33	1
40	34	1
40	37	1
40	38	3
40	39	1
41	3	2
41	6	1
41	10	1
41	11	1
41	12	2
41	13	1
41	14	1
41	15	1
41	18	1
41	25	1
41	27	1
41	28	1
41	29	2
41	30	1
41	31	1
41	36	3
41	37	2
41	40	1
42	1	2
42	3	1
42	4	1
42	9	1
42	10	2
42	12	1
42	15	1
42	16	1
42	20	3
42	22	1
42	24	1
42	27	2
42	28	3
42	30	2
42	31	1
42	36	1
42	40	2
43	8	1
43	10	2
43	12	1
43	16	1
43	24	1
43	25	1
43	30	1
43	31	1
43	33	2
43	35	1
43	37	1
43	39	1
43	40	1
44	1	1
44	6	2
44	7	1
44	13	2
44	19	1
44	30	1
44	32	2
44	33	2
44	36	1
44	40	1
45	1	1
45	8	2
45	18	1
45	27	1
45	31	1
45	32	1
45	33	1
45	35	1
45	39	1
45	42	1
45	44	2
46	1	2
46	10	1
46	15	1
46	28	1
46	30	1
46	31	1
46	33	3
46	34	1
46	41	1
46	42	1
46	44	1
47	0	1
47	5	2
47	6	2
47	8	1
47	9	2
47	12	1
47	14	1
47	15	1
47	17	1
47	18	1
47	25	1
47	27	1
47	31	1
47	34	2
47	39	1
47	42	1
47	44	3
47	45	2
47	46	1
48	3	1
48	7	2
48	8	4
48	9	2
48	11	1
48	12	1
48	14	1
48	15	1
48	16	1
48	23	1
48	26	1
48	27	2
48	29	2
48	31	1
48	35	1
48	36	1
48	38	1
48	40	1
48	43	1
48	44	1
48	46	1
48	47	3
49	4	1
49	5	2
49	6	2
49	7	1
49	8	3
49	9	2
49	10	2
49	11	1
49	12	4
49	18	2
49	20	2
49	22	1
49	23	1
49	24	2
49	25	1
49	28	2
49	30	1
49	31	2
49	35	1
49	36	1
49	38	4
49	39	1
49	42	1
49	48	4
50	3	1
50	6	3
50	7	2
50	8	1
50	9	2
50	10	1
50	13	1
50	15	1
50	16	1
50	19	1
50	22	2
50	23	2
50	24	1
50	30	1
50	31	1
50	33	1
50	47	2
50	49	3
51	3	1
51	4	2
51	5	1
51	7	1
51	8	2
51	9	1
51	10	1
51	11	1
51	12	1
51	13	2
51	14	1
51	15	4
51	16	1
51	20	1
51	21	1
51	23	1
51	27	1
51	28	2
51	43	3
51	45	1
51	47	1
51	48	1
51	49	3
52	2	1
52	5	1
52	8	1
52	12	1
52	13	1
52	14	1
52	15	3
52	20	1
52	21	1
52	24	1
52	28	1
52	29	1
52	40	1
52	42	1
52	47	1
52	48	1
52	49	3
52	50	4
52	51	7
53	2	1
53	4	1
53	5	1
53	6	1
53	8	3
53	9	1
53	10	2
53	11	2
53	15	1
53	16	2
53	17	1
53	18	1
53	19	1
53	21	1
53	23	1
53	24	1
53	25	1
53	26	2
53	28	1
53	30	1
53	31	2
53	34	1
53	35	1
53	38	1
53	39	1
53	40	1
53	41	1
53	43	2
53	44	1
53	45	1
53	47	1
53	48	2
53	49	3
53	52	1
54	9	3
54	10	1
54	11	4
54	14	1
54	15	1
54	17	2
54	21	1
54	22	1
54	23	1
54	26	1
54	27	2
54	28	2
54	31	1
54	32	2
54	36	1
54	41	3
54	43	1
54	45	2
54	46	1
54	47	2
54	48	1
54	49	1
54	50	1
54	51	1
54	52	2
54	53	2
55	3	1
55	6	1
55	11	2
55	12	1
55	14	1
55	18	1
55	20	2
55	22	1
55	26	3
55	27	1
55	31	1
55	33	1
55	34	1
55	35	2
55	37	1
55	39	1
55	40	1
55	41	1
55	42	2
55	43	1
55	45	1
55	47	2
55	49	1
55	51	1
55	52	1
55	53	1
55	54	2
56	4	1
56	7	1
56	10	2
56	13	1
56	17	1
56	19	1
56	20	1
56	21	1
56	22	1
56	24	1
56	25	1
56	27	1
56	28	1
56	29	1
56	33	2
56	36	2
56	37	1
56	40	1
56	41	1
56	43	3
56	45	1
56	46	1
56	47	2
56	48	1
56	50	1
56	51	1
56	54	2
56	55	4
57	3	1
57	4	1
57	5	2
57	6	1
57	7	1
57	8	2
57	9	1
57	14	1
57	18	3
57	20	1
57	21	1
57	24	2
57	25	2
57	26	1
57	28	2
57	30	1
57	35	1
57	36	1
57	41	1
57	42	1
57	45	1
57	46	1
57	47	1
57	50	1
57	51	1
57	53	1
57	54	1
58	0	1
58	3	1
58	4	1
58	5	1
58	6	4
58	7	1
58	12	1
58	15	2
58	16	1
58	17	1
58	18	1
58	19	1
58	26	1
58	27	1
58	28	1
58	30	1
58	31	1
58	37	1
58	38	3
58	47	1
58	48	2
58	50	1
58	51	2
58	54	1
58	55	2
58	56	1
58	57	2
59	3	1
59	4	1
59	9	1
59	13	1
59	14	1
59	17	1
59	18	2
59	22	1
59	30	1
59	31	1
59	38	1
59	43	1
59	46	3
59	47	1
59	51	1
59	53	1
59	54	1
59	55	1
59	56	1
60	4	1
60	10	1
60	13	1
60	15	1
60	16	1
60	31	1
60	33	2
60	34	1
60	36	1
60	42	1
60	46	3
60	47	3
60	48	2
60	52	1
60	58	1
60	59	1
