1	0	2
2	0	2
2	1	5
3	2	1
4	3	1
5	3	1
5	4	2
6	5	1
7	4	1
7	6	1
8	4	1
8	5	2
8	6	2
8	7	1
9	4	1
9	7	1
9	8	1
10	2	1
10	3	1
10	6	2
10	9	4
11	4	1
11	6	1
11	7	3
11	8	1
11	9	2
11	10	4
12	3	1
12	8	4
12	9	2
12	10	5
12	11	1
13	5	1
13	7	2
13	8	2
13	9	2
13	10	4
13	11	2
14	6	1
14	8	2
14	11	1
14	12	3
14	13	2
15	3	1
15	5	1
15	7	1
15	8	3
15	9	1
15	10	1
15	13	1
15	14	4
16	3	1
16	4	1
16	7	1
16	8	2
16	9	1
16	11	2
16	12	1
16	13	2
16	15	2
17	3	1
17	4	1
17	5	1
17	10	1
17	11	1
17	14	1
17	16	1
18	3	1
18	4	1
18	8	2
18	12	1
18	15	1
18	17	1
19	2	1
19	3	3
19	5	4
19	6	1
19	7	1
19	10	2
19	14	1
19	18	2
20	3	1
20	4	2
20	12	2
20	13	2
20	14	2
20	17	1
21	1	1
21	3	2
21	8	1
21	9	1
21	10	1
21	11	1
21	12	1
21	15	3
21	16	1
21	18	2
21	19	2
21	20	4
22	3	2
22	4	2
22	5	1
22	7	1
22	10	1
22	13	1
22	14	1
22	18	1
22	19	2
23	3	1
23	4	1
23	8	2
23	9	1
23	11	1
23	12	1
23	13	1
23	15	2
23	22	1
24	4	1
24	5	1
24	6	1
24	8	1
24	9	1
24	10	2
24	12	2
24	13	1
24	14	1
24	17	1
24	18	1
24	20	1
24	21	1
24	22	1
24	23	2
25	0	1
25	4	2
25	5	1
25	6	2
25	8	1
25	13	2
25	14	1
25	19	1
25	24	1
26	4	1
26	5	1
26	9	1
26	14	1
26	19	1
26	21	1
26	22	1
26	23	1
26	24	1
26	25	1
27	3	2
27	6	1
27	9	1
27	10	1
27	11	1
27	12	1
27	13	2
27	15	1
27	16	1
27	23	2
27	24	2
28	5	4
28	9	1
28	10	3
28	13	1
28	14	1
28	17	1
28	20	1
28	21	1
28	22	1
28	24	1
28	26	3
28	27	2
29	4	2
29	12	1
29	23	3
29	24	1
29	27	1
29	28	6
30	1	1
30	3	1
30	4	3
30	5	1
30	6	2
30	7	3
30	8	3
30	10	1
30	11	1
30	13	1
30	29	2
31	4	1
31	8	1
31	9	1
31	19	1
31	22	1
31	25	1
31	27	1
31	29	1
32	2	1
32	4	2
32	8	1
32	9	1
32	10	1
32	11	1
32	12	1
32	18	1
32	25	1
32	27	1
32	30	1
33	4	1
33	5	1
33	7	2
33	8	1
33	11	1
33	16	1
33	24	1
33	32	1
34	2	1
34	5	1
34	12	2
34	15	2
34	22	1
34	27	2
34	28	1
34	30	2
34	31	2
34	32	2
34	33	2
35	4	1
35	5	2
35	6	1
35	10	3
35	12	1
35	13	3
35	16	1
35	17	1
35	20	2
35	21	1
35	22	1
35	24	1
35	25	1
35	26	1
35	28	1
36	4	1
36	6	1
36	8	1
36	9	3
36	11	1
36	12	1
36	14	1
36	15	1
36	16	1
36	19	1
36	20	2
36	23	1
36	25	2
36	27	3
36	29	1
37	3	3
37	5	1
37	6	2
37	7	1
37	9	1
37	10	1
37	11	1
37	12	3
37	15	1
37	16	1
37	19	1
37	23	1
37	25	1
37	26	1
37	27	4
37	29	1
37	30	1
37	33	1
37	35	2
37	36	1
38	5	1
38	10	4
38	11	1
38	14	1
38	17	3
38	18	1
38	19	1
38	23	2
38	24	1
38	25	2
38	26	2
38	27	1
38	28	4
38	30	1
38	32	1
38	33	1
38	34	1
38	35	5
38	36	1
38	37	4
39	3	1
39	5	2
39	7	2
39	9	1
39	12	2
39	15	1
39	17	2
39	18	1
39	19	1
39	23	2
39	24	1
39	25	1
39	26	1
39	28	2
39	29	1
39	30	2
39	31	1
39	35	4
39	36	1
39	37	2
39	38	1
40	7	1
40	8	1
40	10	1
40	19	1
40	20	1
40	26	1
40	27	3
40	29	1
40	30	1
40	31	2
40	32	1
40	36	1
40	37	2
40	38	2
41	2	1
41	9	1
41	10	1
41	11	1
41	12	1
41	13	1
41	14	1
41	19	2
41	20	1
41	23	1
41	24	1
41	29	3
41	30	1
41	31	2
41	33	1
41	34	1
41	38	2
42	1	1
42	4	1
42	5	2
42	7	1
42	10	1
42	15	1
42	24	1
42	25	1
42	28	2
42	31	1
42	32	1
42	33	1
42	35	2
42	38	1
42	40	1
42	41	2
43	2	1
43	6	1
43	9	1
43	13	2
43	27	1
43	28	1
43	29	2
43	30	2
43	31	1
43	32	2
43	33	1
43	34	1
43	38	1
43	39	3
43	40	1
43	41	1
43	42	1
44	2	1
44	6	1
44	16	1
44	17	1
44	20	1
44	24	1
44	28	1
44	29	1
44	32	2
44	34	1
44	35	2
44	36	1
44	42	1
44	43	3
45	8	2
45	10	1
45	17	1
45	25	1
45	42	1
45	44	4
46	1	1
46	2	1
46	8	3
46	29	1
46	30	1
46	32	1
46	33	1
46	35	1
46	36	1
46	38	1
46	42	1
46	43	1
46	44	2
46	45	2
47	2	1
47	4	1
47	6	1
47	8	4
47	9	1
47	11	1
47	12	1
47	17	1
47	27	1
47	32	1
47	34	1
47	35	1
47	36	1
47	37	1
47	39	1
47	42	4
47	43	1
48	0	1
48	2	1
48	5	2
48	8	1
48	13	1
48	15	2
48	16	1
48	20	1
48	21	1
48	22	1
48	27	2
48	30	3
48	31	1
48	33	1
48	34	1
48	35	1
48	36	1
48	41	1
48	47	1
49	6	1
49	7	3
49	8	1
49	9	2
49	10	1
49	11	2
49	12	3
49	14	1
49	16	1
49	17	1
49	18	1
49	19	1
49	23	1
49	24	2
49	26	1
49	28	2
49	29	1
49	30	1
49	33	1
49	35	1
49	38	2
49	39	2
49	41	4
49	44	1
49	48	4
50	3	2
50	5	1
50	7	2
50	8	2
50	9	2
50	11	1
50	16	1
50	30	1
50	35	1
50	40	1
50	41	1
50	42	1
50	44	1
50	46	1
50	48	2
50	49	2
51	6	1
51	8	1
51	9	1
51	10	2
51	11	2
51	13	2
51	14	1
51	15	2
51	16	1
51	17	1
51	20	1
51	30	1
51	34	1
51	36	3
51	40	1
51	42	1
51	43	3
51	47	1
51	49	2
51	50	4
52	7	1
52	9	1
52	10	2
52	11	1
52	13	2
52	15	2
52	16	2
52	17	1
52	22	1
52	31	1
52	32	1
52	33	1
52	36	1
52	37	1
52	40	1
52	43	1
52	45	1
52	47	3
52	51	3
53	6	2
53	7	1
53	8	4
53	9	2
53	10	1
53	12	3
53	19	1
53	24	2
53	26	1
53	30	1
53	31	2
53	38	1
53	39	1
53	41	1
53	45	1
53	47	1
53	48	2
53	49	4
53	51	2
53	52	1
54	8	3
54	11	3
54	12	1
54	13	1
54	15	1
54	16	1
54	17	2
54	18	1
54	19	1
54	21	2
54	23	1
54	26	1
54	27	1
54	28	2
54	30	2
54	31	1
54	32	1
54	36	1
54	40	1
54	41	1
54	44	1
54	45	1
54	46	1
54	51	1
54	52	1
54	53	5
55	5	1
55	6	1
55	8	1
55	9	1
55	10	1
55	16	1
55	19	3
55	21	1
55	24	4
55	25	1
55	30	1
55	31	1
55	32	1
55	34	1
55	37	2
55	39	2
55	41	1
55	42	1
55	43	1
55	46	1
55	47	1
55	49	2
55	50	1
55	51	2
55	52	3
55	53	1
55	54	2
56	4	1
56	7	2
56	8	1
56	18	2
56	20	2
56	21	1
56	24	2
56	30	1
56	33	1
56	34	1
56	36	2
56	39	2
56	42	2
56	48	1
56	49	1
56	51	1
56	53	1
56	55	3
57	3	1
57	4	1
57	6	1
57	9	1
57	14	1
57	16	1
57	17	2
57	19	1
57	21	2
57	23	1
57	24	1
57	25	1
57	27	2
57	34	1
57	35	1
57	43	1
57	45	2
57	47	1
57	48	3
57	50	2
57	51	1
57	53	1
57	54	1
58	5	2
58	7	2
58	8	1
58	9	1
58	17	1
58	18	1
58	19	2
58	20	1
58	21	1
58	23	1
58	24	2
58	28	1
58	31	1
58	33	2
58	39	1
58	41	1
58	42	2
58	43	1
58	49	2
58	51	2
58	54	3
58	55	2
58	56	3
58	57	4
59	4	1
59	5	1
59	12	1
59	13	2
59	16	1
59	25	1
59	30	1
59	33	1
59	34	1
59	35	1
59	40	1
59	46	1
59	49	1
59	53	1
59	55	1
59	56	1
59	57	1
60	1	1
60	2	1
60	8	2
60	9	1
60	11	1
60	13	1
60	28	1
60	40	1
60	41	1
60	42	1
60	44	1
60	45	1
60	46	1
60	47	1
