2	0	1
2	1	1
3	0	1
3	2	1
4	1	1
4	2	3
4	3	4
5	0	1
6	0	1
6	2	1
6	5	2
7	5	2
7	6	3
8	0	1
8	1	1
8	2	2
8	5	1
8	6	2
8	7	1
9	1	2
9	4	1
9	5	1
9	7	1
9	8	3
10	0	1
10	2	1
10	3	2
10	6	1
10	8	1
10	9	3
11	1	1
11	2	1
11	5	2
11	9	5
12	0	1
12	5	1
12	6	2
12	7	1
12	8	5
12	9	2
12	11	1
13	0	1
13	1	1
13	2	1
13	4	1
13	7	1
13	8	1
13	9	2
13	11	2
13	12	4
14	3	1
14	4	1
14	6	1
14	9	1
14	11	2
14	12	2
14	13	1
15	0	2
15	2	4
15	6	1
15	8	2
15	9	1
15	12	2
15	13	3
16	0	1
16	3	1
16	4	1
16	8	1
16	13	2
17	2	1
17	4	2
17	10	1
17	11	2
17	12	1
17	13	2
17	15	2
18	1	1
18	3	1
18	5	1
18	6	1
18	9	2
18	10	1
18	11	1
18	13	1
19	3	3
19	8	2
19	9	1
19	11	1
19	12	1
19	15	2
20	3	1
20	4	2
20	5	2
20	6	2
20	10	2
20	12	2
20	13	1
20	15	3
20	17	2
20	18	1
21	1	1
21	2	1
21	3	1
21	4	1
21	5	1
21	6	2
21	8	1
21	9	1
21	14	1
21	16	1
21	17	1
21	20	1
22	5	3
22	7	1
22	10	1
22	12	2
22	13	1
22	14	1
22	16	1
22	19	1
22	20	1
23	1	1
23	3	1
23	9	1
23	10	2
23	12	2
23	14	2
23	18	1
23	19	1
23	20	1
23	21	1
24	3	1
24	4	1
24	5	1
24	9	2
24	10	1
24	11	4
24	12	1
24	13	1
24	14	1
24	15	2
24	16	1
24	17	1
24	19	1
24	20	1
24	22	1
24	23	2
25	1	1
25	3	1
25	6	1
25	9	1
25	10	1
25	11	1
25	14	1
25	22	1
25	23	1
25	24	1
26	11	1
26	17	1
26	20	1
26	23	1
26	24	2
27	1	1
27	12	1
27	13	1
27	15	1
27	19	1
27	25	2
28	1	1
28	5	2
28	6	2
28	8	1
28	13	1
28	18	1
28	20	1
28	24	1
28	25	1
28	26	2
29	0	1
29	1	3
29	8	1
29	10	1
29	23	1
29	25	2
29	27	1
29	28	2
30	9	1
30	10	1
30	11	1
30	13	1
30	20	1
30	22	1
30	25	1
30	27	1
30	28	1
31	4	1
31	9	1
31	11	3
31	22	1
31	25	1
31	27	1
32	4	1
32	11	1
32	13	2
32	26	1
32	27	1
32	28	1
32	29	1
32	31	1
33	1	1
33	2	1
33	10	1
33	11	1
33	12	1
33	15	2
33	17	1
33	18	1
33	26	1
33	27	1
33	28	1
33	29	2
33	31	4
33	32	2
34	2	1
34	10	1
34	11	1
34	12	1
34	15	3
34	17	1
34	26	1
34	27	1
34	28	1
34	30	1
34	31	1
35	1	2
35	4	1
35	5	1
35	6	1
35	8	2
35	10	1
35	11	1
35	18	1
35	22	2
35	23	1
35	25	1
35	29	2
35	30	1
35	32	1
35	33	2
35	34	4
36	0	1
36	10	1
36	18	2
36	24	1
36	27	1
36	29	1
36	31	1
36	34	2
36	35	1
37	1	1
37	8	1
37	10	3
37	20	1
37	27	1
37	28	1
37	29	2
37	30	2
37	31	3
37	32	1
37	34	1
37	35	1
37	36	1
38	1	1
38	4	1
38	7	2
38	8	1
38	10	3
38	11	1
38	12	1
38	20	2
38	23	1
38	24	3
38	26	1
38	28	1
38	29	1
38	33	2
38	34	2
38	35	3
39	3	1
39	5	1
39	7	1
39	11	1
39	12	1
39	14	1
39	16	1
39	23	1
39	24	1
39	28	1
39	30	1
40	3	1
40	6	1
40	9	1
40	10	1
40	13	1
40	14	1
40	17	2
40	19	1
40	22	1
40	23	1
40	27	1
40	28	2
40	32	2
40	34	3
40	35	2
40	36	2
40	37	2
40	38	2
40	39	1
41	4	2
41	5	1
41	8	2
41	9	1
41	10	1
41	11	2
41	20	1
41	24	1
41	26	1
41	28	1
41	30	3
41	37	2
41	39	2
41	40	1
42	1	2
42	2	1
42	19	1
42	32	1
42	36	1
42	37	3
42	38	2
42	39	1
42	40	1
42	41	2
43	4	2
43	8	2
43	11	1
43	13	1
43	21	1
43	29	1
43	33	1
43	35	2
43	37	1
43	38	2
43	39	3
43	41	2
44	5	1
44	7	1
44	18	2
44	19	1
44	31	2
44	32	1
44	33	1
44	35	1
44	36	1
44	37	1
44	38	2
44	39	2
44	41	1
44	43	1
45	9	1
45	19	1
45	25	1
45	26	1
45	27	1
45	29	1
45	30	1
45	36	1
45	37	2
45	38	1
45	40	1
45	43	5
46	1	1
46	3	1
46	10	3
46	11	1
46	13	1
46	18	1
46	26	1
46	27	1
46	31	6
46	32	2
46	33	2
46	34	1
46	35	1
46	37	1
46	40	1
46	42	1
46	43	2
46	45	1
47	4	1
47	10	1
47	13	1
47	21	1
47	23	1
47	24	2
47	25	2
47	27	2
47	30	2
47	32	1
47	35	1
47	36	1
47	42	2
47	43	2
47	44	1
47	45	1
47	46	1
48	1	1
48	2	1
48	3	1
48	4	1
48	6	1
48	8	1
48	9	1
48	11	1
48	12	1
48	14	1
48	18	1
48	23	1
48	26	3
48	27	2
48	28	1
48	31	1
48	32	1
48	34	4
48	35	2
48	36	1
48	37	1
48	38	2
48	40	1
48	45	2
48	46	2
49	0	1
49	1	1
49	4	1
49	5	1
49	9	1
49	10	1
49	11	1
49	12	1
49	14	1
49	20	2
49	24	2
49	25	2
49	27	1
49	30	2
49	31	2
49	33	2
49	34	1
49	35	1
49	36	1
49	37	1
49	38	1
49	40	1
49	42	2
49	44	1
49	47	1
49	48	1
50	11	1
50	12	2
50	13	1
50	14	1
50	15	2
50	20	2
50	30	1
50	35	1
50	36	2
50	39	1
50	40	1
50	45	1
50	47	1
50	48	3
50	49	2
51	3	1
51	7	1
51	8	1
51	10	1
51	14	2
51	15	1
51	19	1
51	20	1
51	21	2
51	26	1
51	33	3
51	35	4
51	36	1
51	37	2
51	38	3
51	39	1
51	40	3
51	46	1
51	47	1
51	48	3
51	49	4
52	7	1
52	9	1
52	11	1
52	20	1
52	21	1
52	22	1
52	23	1
52	24	2
52	25	2
52	28	3
52	38	1
52	39	1
52	40	1
52	41	2
52	45	1
52	49	1
52	51	3
53	1	1
53	2	2
53	3	1
53	4	1
53	10	1
53	11	1
53	12	1
53	13	1
53	16	1
53	26	2
53	28	1
53	33	2
53	34	1
53	38	4
53	40	2
53	41	3
53	44	2
53	47	1
53	49	1
53	51	2
54	1	1
54	3	1
54	5	2
54	11	1
54	14	1
54	19	2
54	20	2
54	26	1
54	27	1
54	28	1
54	29	1
54	34	1
54	35	1
54	38	2
54	39	1
54	42	2
54	43	1
54	45	2
54	47	1
54	52	1
54	53	1
55	1	1
55	3	1
55	4	3
55	6	1
55	7	1
55	8	2
55	11	1
55	13	1
55	14	1
55	18	1
55	19	1
55	20	1
55	21	1
55	22	1
55	23	1
55	24	2
55	26	1
55	27	1
55	28	2
55	29	1
55	30	1
55	33	1
55	35	1
55	38	2
55	40	3
55	42	1
55	45	2
55	46	1
55	49	2
55	52	1
55	53	2
56	8	1
56	9	2
56	16	1
56	18	1
56	26	1
56	28	2
56	30	1
56	32	2
56	37	2
56	38	1
56	39	2
56	41	1
56	43	2
56	44	1
56	45	1
56	51	1
56	52	3
56	53	1
56	55	1
57	1	1
57	18	1
57	20	1
57	23	1
57	27	1
57	31	2
57	32	1
57	33	1
57	36	1
57	37	1
57	38	1
57	39	1
57	40	2
57	44	1
57	47	2
57	51	1
57	52	1
58	0	1
58	16	1
58	17	1
58	23	1
58	32	1
58	33	3
58	34	2
58	36	2
58	37	1
58	38	1
58	40	1
58	41	1
58	43	2
58	44	1
58	47	1
58	48	2
58	49	1
58	50	1
58	54	2
58	56	1
58	57	1
59	3	1
59	5	3
59	8	1
59	11	1
59	14	1
59	16	1
59	17	1
59	20	2
59	21	1
59	26	2
59	27	1
59	29	1
59	34	1
59	36	1
59	37	4
59	38	2
59	40	1
59	41	1
59	42	1
59	44	1
59	45	2
59	50	1
59	52	3
59	53	1
59	54	2
59	55	5
59	57	1
59	58	1
60	1	1
60	7	1
60	12	1
60	13	1
60	14	1
60	15	1
60	19	1
60	20	1
60	26	1
60	28	1
60	29	1
60	32	1
60	34	1
60	35	2
60	38	2
60	42	1
60	44	1
60	45	2
60	46	2
60	47	3
60	48	1
60	52	1
60	53	1
60	57	2
60	58	1
60	59	1
