1	0	1
2	0	1
2	1	1
4	1	1
4	2	1
4	3	2
5	4	1
6	5	2
7	0	1
7	2	1
7	4	3
7	6	1
8	0	1
8	1	2
8	2	1
8	4	2
8	5	2
8	7	3
9	1	1
9	2	2
9	6	3
9	7	2
9	8	5
10	0	1
10	1	3
10	2	3
10	3	2
10	6	2
10	7	1
10	8	1
10	9	1
11	2	1
11	5	3
11	6	1
11	9	2
11	10	3
12	0	1
12	1	2
12	5	1
12	6	1
12	7	1
12	10	1
13	0	1
13	1	2
13	2	1
13	3	2
13	4	1
13	5	1
13	7	1
13	8	3
13	10	2
13	11	1
13	12	2
14	3	1
14	5	2
14	8	3
14	9	2
14	12	2
14	13	3
15	1	1
15	2	1
15	6	1
15	8	3
15	9	1
15	10	1
15	11	1
15	12	2
15	14	4
16	3	1
16	5	1
16	7	1
16	9	1
16	11	1
16	14	1
16	15	1
17	2	2
17	8	2
17	11	2
17	12	1
17	13	2
17	14	1
17	16	1
18	1	2
18	5	1
18	9	1
18	10	2
18	11	1
18	12	1
18	13	2
18	14	1
19	0	1
19	1	1
19	2	2
19	4	2
19	10	1
19	12	3
19	14	1
19	15	1
19	16	1
19	17	1
20	2	1
20	3	1
20	4	2
20	5	1
20	8	1
20	9	1
20	10	1
20	12	2
20	14	1
20	15	2
20	18	1
20	19	2
21	2	1
21	3	1
21	4	2
21	6	2
21	8	1
21	10	2
21	12	1
21	16	1
21	17	1
21	19	1
21	20	3
22	1	1
22	2	1
22	5	2
22	7	1
22	10	1
22	13	1
22	14	1
22	16	1
22	18	2
22	20	2
23	0	1
23	8	1
23	11	2
23	12	1
23	13	1
23	15	1
23	17	1
23	18	1
23	19	3
23	20	1
24	1	1
24	3	1
24	7	2
24	8	1
24	11	1
24	13	2
24	15	1
24	23	1
25	0	1
25	3	1
25	5	2
25	11	1
25	14	1
25	16	1
25	20	1
25	24	1
26	5	1
26	11	1
26	18	1
27	1	1
27	3	1
27	8	1
27	9	1
27	13	1
27	14	2
27	15	1
27	23	1
27	25	1
28	4	1
28	5	1
28	7	1
28	8	1
28	10	1
28	12	1
28	14	1
28	17	1
28	18	3
28	19	1
28	20	1
28	25	1
28	26	1
28	27	1
29	2	1
29	4	1
29	10	1
29	13	1
29	27	1
30	1	2
30	3	1
30	9	1
30	10	1
30	20	1
30	22	1
30	25	2
30	28	1
30	29	3
31	10	1
31	11	1
31	22	1
31	25	1
31	29	1
31	30	3
32	12	1
32	14	1
32	15	1
32	28	1
32	29	1
32	30	2
32	31	1
33	1	2
33	8	1
33	11	1
33	12	1
33	13	2
33	14	1
33	15	1
33	24	2
33	25	2
33	30	1
33	31	2
33	32	2
34	1	1
34	2	1
34	3	2
34	4	2
34	9	1
34	11	1
34	12	2
34	13	3
34	16	1
34	18	1
34	25	1
34	28	1
34	30	1
34	31	1
34	32	1
34	33	4
35	0	1
35	3	1
35	4	1
35	14	1
35	21	1
35	22	1
35	24	1
35	26	1
35	27	2
35	28	1
35	29	1
35	30	5
35	31	1
35	32	1
35	33	1
36	4	1
36	7	1
36	10	1
36	23	1
36	28	1
36	29	1
36	30	1
36	32	2
36	33	1
36	34	3
36	35	1
37	7	1
37	8	1
37	10	1
37	11	1
37	12	1
37	14	1
37	15	2
37	18	1
37	20	1
37	21	1
37	26	1
37	27	1
37	29	1
37	32	1
37	33	1
37	34	1
37	35	1
38	2	1
38	4	1
38	5	1
38	7	1
38	8	1
38	11	3
38	12	1
38	13	2
38	16	1
38	17	1
38	20	1
38	22	2
38	23	1
38	25	1
38	26	1
38	27	1
38	28	5
38	29	1
38	30	2
38	32	1
38	33	1
38	34	2
38	35	2
38	37	2
39	0	1
39	2	1
39	3	1
39	4	1
39	6	1
39	11	1
39	18	1
39	21	1
39	30	1
39	32	1
39	35	1
39	36	1
39	37	2
39	38	1
40	3	3
40	5	1
40	6	1
40	8	2
40	9	1
40	10	5
40	11	1
40	12	1
40	18	1
40	22	1
40	25	2
40	27	1
40	28	1
40	30	1
40	33	2
40	34	2
40	35	1
40	36	1
41	1	1
41	6	1
41	7	1
41	9	2
41	13	1
41	18	1
41	20	2
41	25	1
41	29	1
41	30	1
41	31	1
41	32	1
41	35	3
41	37	1
41	38	1
41	39	1
41	40	2
42	0	2
42	1	1
42	4	1
42	10	1
42	12	1
42	13	1
42	18	1
42	24	2
42	26	1
42	28	1
42	32	2
42	34	1
42	38	2
42	39	1
42	41	3
43	5	1
43	9	1
43	20	1
43	25	1
43	28	1
43	31	2
43	33	2
43	34	1
43	35	3
43	38	5
43	40	1
43	41	1
43	42	2
44	5	1
44	11	1
44	24	1
44	26	1
44	32	1
44	34	1
44	35	2
44	37	1
44	38	2
44	40	1
44	41	1
44	43	5
45	0	1
45	6	1
45	9	1
45	11	1
45	15	1
45	28	1
45	29	1
45	31	1
45	35	2
45	36	1
45	37	1
45	38	1
45	40	1
45	43	1
45	44	3
46	2	1
46	10	1
46	11	1
46	14	1
46	15	1
46	18	1
46	19	1
46	27	2
46	28	1
46	29	4
46	31	3
46	33	2
46	34	1
46	36	2
46	37	1
46	38	1
46	41	2
46	44	2
46	45	2
47	9	1
47	10	2
47	11	1
47	17	1
47	18	1
47	26	1
47	33	2
47	35	1
47	37	1
47	38	1
47	41	1
47	44	1
47	45	2
48	1	1
48	10	1
48	13	4
48	20	2
48	24	2
48	26	1
48	28	1
48	32	1
48	34	1
48	35	1
48	38	1
48	41	1
48	44	1
49	0	1
49	1	1
49	3	1
49	5	1
49	8	1
49	10	1
49	11	1
49	12	1
49	18	1
49	20	1
49	23	1
49	24	3
49	26	1
49	29	2
49	33	1
49	34	2
49	35	2
49	36	2
49	38	3
49	39	2
49	41	2
49	44	2
49	47	1
49	48	1
50	3	1
50	9	2
50	10	1
50	12	1
50	15	1
50	19	2
50	24	2
50	25	2
50	27	2
50	29	1
50	30	1
50	31	1
50	33	1
50	34	1
50	37	2
50	38	1
50	40	2
50	43	1
50	46	1
50	49	2
51	4	1
51	8	1
51	10	1
51	11	1
51	18	3
51	20	1
51	28	1
51	31	1
51	32	1
51	34	1
51	35	3
51	36	1
51	38	2
51	40	3
51	43	2
51	46	1
51	47	1
51	48	2
51	50	1
52	1	1
52	3	1
52	5	1
52	10	1
52	11	2
52	14	1
52	18	1
52	23	1
52	28	1
52	29	1
52	35	1
52	38	3
52	43	1
52	44	1
52	45	1
52	51	1
53	4	1
53	7	2
53	9	1
53	14	3
53	16	1
53	18	1
53	20	1
53	22	1
53	23	1
53	24	3
53	25	1
53	30	1
53	31	1
53	34	1
53	35	1
53	37	2
53	38	3
53	39	4
53	40	1
53	41	1
53	42	1
53	43	1
53	46	1
53	48	1
53	49	1
53	50	1
54	1	1
54	2	1
54	3	1
54	13	1
54	18	2
54	23	1
54	26	1
54	28	3
54	32	1
54	33	1
54	35	2
54	38	3
54	41	2
54	46	1
54	50	2
54	51	1
55	4	1
55	5	2
55	8	1
55	9	1
55	14	1
55	18	2
55	23	1
55	28	2
55	29	1
55	31	1
55	32	1
55	34	1
55	35	2
55	36	1
55	38	2
55	41	2
55	44	2
55	45	1
55	46	1
55	47	1
55	48	1
55	51	4
55	52	4
55	53	2
55	54	2
56	2	3
56	4	1
56	5	1
56	8	1
56	13	1
56	18	2
56	19	1
56	22	3
56	23	1
56	25	1
56	26	1
56	28	3
56	31	1
56	32	1
56	36	1
56	37	1
56	43	1
56	44	1
56	51	1
56	52	3
56	53	2
56	54	2
56	55	2
57	1	1
57	2	1
57	3	1
57	4	1
57	13	1
57	14	1
57	19	1
57	24	1
57	25	1
57	26	1
57	30	1
57	33	2
57	34	3
57	35	1
57	36	2
57	37	1
57	38	1
57	39	1
57	43	1
57	44	2
57	48	3
57	49	1
57	52	1
57	54	1
57	56	1
58	11	1
58	16	1
58	25	1
58	26	1
58	27	1
58	28	1
58	31	1
58	32	1
58	35	1
58	36	1
58	38	1
58	45	2
58	46	2
58	50	1
58	53	1
58	55	1
58	56	1
58	57	2
59	1	1
59	3	3
59	4	1
59	5	1
59	8	1
59	9	1
59	12	1
59	13	1
59	15	1
59	17	1
59	23	1
59	25	1
59	26	1
59	31	1
59	32	1
59	33	2
59	35	2
59	36	2
59	37	1
59	38	2
59	40	1
59	42	1
59	45	2
59	48	1
59	49	2
59	52	1
59	54	2
59	56	1
59	57	3
59	58	1
60	0	2
60	1	1
60	4	1
60	8	1
60	13	1
60	23	1
60	25	1
60	26	1
60	30	2
60	31	1
60	37	1
60	44	2
60	47	3
60	50	3
60	51	1
