2	0	1
3	2	1
4	1	3
4	2	2
4	3	1
5	0	2
5	1	1
5	2	1
5	3	1
5	4	1
6	0	2
6	2	1
6	3	1
7	1	2
7	5	2
7	6	1
8	1	2
8	2	2
8	3	1
8	5	1
8	7	1
9	1	1
9	5	1
9	6	1
9	7	3
10	0	1
10	1	2
10	2	1
10	4	1
10	6	1
11	0	2
11	2	1
11	4	1
11	5	1
11	6	1
11	10	3
12	0	1
12	1	1
12	4	1
12	5	1
12	6	1
12	7	1
12	9	3
12	10	4
12	11	2
13	0	1
13	1	1
13	3	1
13	4	1
13	6	1
13	8	2
13	9	2
13	10	2
13	11	3
13	12	3
14	1	1
14	2	1
14	4	1
14	5	2
14	7	1
14	8	4
14	9	1
14	10	2
14	12	1
14	13	3
15	0	3
15	5	1
15	6	1
15	8	3
15	10	1
15	12	3
15	14	1
16	1	2
16	2	1
16	4	1
16	10	1
16	11	1
16	14	1
16	15	4
17	1	1
17	4	2
17	6	1
17	8	2
17	10	1
17	11	1
17	12	1
17	15	1
18	1	2
18	2	1
18	4	1
18	7	3
18	12	2
18	13	2
18	14	2
18	16	2
19	0	1
19	1	1
19	3	1
19	4	1
19	5	3
19	7	1
19	8	1
19	12	2
19	15	2
19	17	2
20	2	1
20	3	1
20	4	3
20	5	1
20	12	3
20	14	3
20	18	1
21	0	1
21	2	1
21	4	3
21	5	1
21	6	2
21	8	1
21	12	1
21	13	1
21	14	4
21	15	2
21	16	3
21	17	1
22	4	1
22	5	1
22	7	1
22	8	1
22	10	1
22	12	1
22	15	1
22	16	1
22	21	3
23	1	1
23	3	1
23	4	2
23	7	2
23	8	3
23	9	2
23	11	1
23	12	1
23	14	1
23	19	1
23	20	1
24	0	1
24	2	1
24	3	1
24	6	1
24	11	1
24	12	1
24	14	2
24	19	3
24	23	3
25	1	1
25	7	1
25	9	2
25	10	1
25	11	1
25	12	1
25	20	1
26	4	1
26	7	1
26	13	1
26	15	1
26	19	2
26	23	1
26	24	2
27	4	1
27	5	1
27	10	1
27	11	1
27	15	1
27	18	2
27	19	3
27	22	1
27	23	1
27	25	2
27	26	2
28	1	1
28	3	1
28	4	2
28	5	1
28	6	1
28	8	1
28	10	2
28	11	1
28	12	2
28	13	1
28	15	1
28	16	2
28	18	4
28	20	1
28	22	1
28	23	1
28	27	1
29	1	1
29	4	1
29	12	1
29	26	1
29	27	1
30	10	1
30	18	1
30	24	1
30	26	1
30	28	3
30	29	1
31	4	1
31	9	2
31	10	1
31	11	1
31	14	1
31	23	1
31	26	1
31	28	1
31	29	1
32	13	1
32	14	1
32	15	1
32	23	1
32	27	1
32	29	2
32	30	1
32	31	1
33	3	1
33	5	1
33	23	1
33	24	1
33	27	1
33	29	2
33	30	2
33	31	2
33	32	1
34	1	1
34	6	3
34	8	1
34	10	1
34	11	2
34	18	1
34	23	1
34	24	1
34	25	1
34	26	3
34	27	1
34	31	1
34	32	1
34	33	1
35	6	1
35	12	1
35	13	1
35	14	1
35	15	1
35	18	1
35	19	1
35	20	1
35	24	1
35	25	2
35	26	1
35	27	1
35	28	3
35	29	2
35	32	2
35	33	2
35	34	2
36	3	1
36	4	1
36	10	1
36	11	1
36	14	2
36	24	1
36	32	1
36	34	1
37	2	1
37	10	2
37	14	2
37	15	1
37	20	1
37	29	2
37	30	2
37	31	1
37	33	1
37	35	1
37	36	1
38	3	1
38	5	1
38	6	1
38	7	2
38	10	1
38	12	2
38	13	2
38	15	1
38	16	1
38	18	1
38	22	3
38	23	1
38	27	2
38	28	1
38	29	1
38	30	1
38	34	4
38	35	2
38	36	1
38	37	2
39	2	1
39	4	1
39	11	1
39	12	1
39	18	2
39	27	1
39	28	4
39	29	2
39	32	1
39	35	1
39	36	1
39	37	2
40	5	1
40	7	1
40	10	2
40	11	2
40	16	1
40	17	1
40	20	1
40	21	1
40	34	1
40	35	1
40	38	1
40	39	1
41	4	1
41	5	1
41	7	1
41	8	1
41	13	1
41	22	1
41	24	1
41	25	1
41	32	2
41	35	1
41	39	1
41	40	1
42	1	1
42	3	1
42	8	1
42	11	1
42	12	1
42	13	1
42	17	1
42	25	1
42	28	1
42	30	2
42	32	2
42	33	1
42	34	2
42	35	1
42	38	3
42	39	1
42	40	2
42	41	1
43	4	1
43	8	1
43	10	1
43	11	1
43	12	1
43	16	1
43	17	1
43	21	1
43	25	2
43	27	1
43	30	1
43	31	2
43	38	1
43	40	1
43	42	2
44	10	3
44	11	1
44	21	1
44	23	1
44	27	1
44	33	1
44	34	1
44	35	1
44	36	1
44	37	2
44	38	2
44	41	1
44	42	1
44	43	2
45	23	1
45	25	2
45	30	1
45	32	3
45	34	1
45	36	1
45	37	1
45	38	1
45	39	1
45	40	1
45	42	2
45	43	4
45	44	1
46	4	2
46	10	1
46	14	2
46	23	1
46	24	1
46	26	1
46	32	1
46	33	1
46	38	3
46	40	1
46	41	2
46	42	1
46	43	3
46	45	1
47	4	1
47	11	1
47	13	1
47	18	1
47	24	2
47	25	1
47	26	1
47	27	3
47	30	1
47	33	3
47	34	3
47	35	4
47	36	2
47	37	1
47	38	1
47	39	2
47	44	1
47	45	2
47	46	1
48	10	2
48	13	2
48	14	1
48	20	1
48	25	1
48	28	2
48	33	1
48	34	1
48	35	3
48	38	1
48	39	1
48	40	1
48	45	2
48	46	1
48	47	1
49	4	2
49	8	1
49	12	1
49	17	3
49	19	4
49	23	1
49	26	1
49	27	1
49	28	1
49	29	1
49	30	1
49	31	3
49	34	2
49	36	2
49	37	1
49	38	1
49	40	2
49	43	1
49	48	2
50	1	1
50	7	1
50	14	1
50	20	1
50	23	1
50	24	3
50	28	2
50	30	2
50	32	1
50	33	1
50	34	1
50	36	1
50	37	1
50	38	1
50	48	1
50	49	3
51	1	1
51	4	2
51	5	1
51	9	1
51	11	2
51	18	1
51	20	2
51	21	1
51	22	1
51	24	1
51	25	1
51	28	1
51	30	1
51	32	2
51	34	1
51	35	1
51	36	2
51	38	1
51	39	2
51	41	2
51	45	1
51	47	1
51	49	2
52	3	1
52	10	2
52	12	1
52	16	1
52	19	1
52	26	2
52	28	2
52	29	2
52	31	1
52	34	2
52	36	1
52	42	1
52	45	1
52	46	1
52	49	2
52	50	1
52	51	2
53	1	1
53	3	1
53	4	2
53	5	1
53	8	2
53	10	3
53	11	1
53	12	2
53	14	3
53	20	1
53	25	2
53	28	2
53	29	1
53	32	1
53	38	7
53	39	4
53	41	1
53	42	1
53	45	1
53	49	1
53	52	3
54	0	1
54	2	1
54	4	1
54	10	1
54	18	1
54	20	1
54	23	1
54	25	2
54	28	3
54	31	2
54	37	2
54	38	2
54	42	1
54	49	1
54	51	2
54	52	1
55	2	1
55	3	3
55	4	1
55	5	1
55	6	1
55	7	1
55	9	1
55	10	2
55	12	1
55	13	1
55	14	2
55	15	1
55	16	1
55	19	1
55	23	2
55	24	1
55	28	2
55	30	2
55	35	2
55	36	1
55	37	2
55	38	1
55	39	2
55	40	1
55	44	2
55	46	1
55	49	2
55	50	1
55	51	2
55	52	3
55	53	2
55	54	2
56	4	1
56	12	1
56	18	3
56	20	2
56	21	1
56	22	1
56	26	1
56	28	2
56	32	1
56	33	1
56	38	2
56	39	1
56	41	1
56	42	2
56	43	2
56	46	1
56	49	2
56	52	1
57	9	1
57	10	1
57	25	1
57	27	1
57	30	1
57	31	1
57	32	1
57	34	1
57	36	1
57	37	1
57	38	4
57	39	2
57	40	1
57	41	1
57	43	1
57	46	2
57	47	1
57	52	1
58	1	1
58	6	1
58	28	2
58	29	1
58	31	1
58	35	1
58	36	1
58	37	3
58	38	1
58	39	1
58	40	2
58	44	2
58	45	5
58	47	2
58	49	1
58	50	1
58	52	1
58	53	3
58	54	3
58	57	3
59	8	1
59	10	1
59	15	2
59	21	1
59	23	1
59	24	2
59	28	1
59	30	1
59	31	2
59	32	2
59	33	1
59	35	1
59	40	2
59	41	1
59	43	1
59	45	1
59	48	1
59	50	1
59	51	4
59	52	3
59	53	1
59	54	1
59	55	2
59	57	2
59	58	1
60	12	1
60	13	2
60	23	2
60	24	1
60	28	1
60	30	1
60	32	1
60	35	1
60	36	1
60	37	2
60	38	2
60	39	1
60	40	2
60	41	1
60	43	1
60	46	1
60	47	1
60	48	1
60	49	2
60	50	1
60	51	2
60	53	1
60	56	1
60	57	2
