2	1	2
3	2	2
4	0	1
4	1	1
4	3	1
5	1	1
5	3	2
6	2	1
6	3	1
6	4	2
7	0	1
7	2	1
7	3	1
7	6	1
8	1	1
8	5	1
8	6	1
9	4	1
9	6	1
9	7	1
9	8	2
10	0	1
10	2	3
10	3	2
10	5	1
10	6	1
10	7	1
10	8	2
11	1	1
11	2	2
11	4	1
11	6	1
11	9	1
11	10	3
12	1	1
12	2	1
12	4	1
12	5	2
12	6	1
12	10	2
12	11	1
13	0	1
13	2	2
13	4	1
13	6	2
13	8	4
13	11	2
13	12	3
14	1	2
14	2	1
14	3	1
14	4	1
14	5	1
14	8	1
14	11	1
14	12	1
14	13	1
15	1	1
15	2	1
15	8	2
15	10	2
15	11	1
15	12	2
15	13	3
16	0	2
16	2	1
16	6	1
16	7	1
16	8	1
16	9	1
16	13	1
16	15	1
17	0	1
17	2	2
17	5	1
17	6	1
17	12	1
17	13	1
17	16	2
18	0	1
18	1	1
18	5	1
18	6	1
18	8	2
18	10	1
18	11	1
18	13	1
18	14	1
18	15	1
19	1	3
19	2	1
19	3	1
19	4	2
19	9	1
19	10	1
19	16	1
20	1	2
20	5	1
20	10	1
20	13	3
20	15	2
20	16	2
20	18	1
21	0	1
21	2	1
21	4	1
21	5	1
21	7	1
21	9	1
21	10	1
21	12	2
21	15	2
21	17	2
21	19	2
21	20	1
22	2	1
22	4	1
22	5	2
22	8	2
22	12	1
22	15	1
22	16	1
22	20	1
22	21	1
23	0	1
23	1	2
23	3	1
23	4	1
23	5	2
23	7	1
23	8	4
23	10	2
23	13	1
23	14	1
23	17	1
23	18	1
23	19	2
23	21	1
24	1	2
24	2	1
24	3	1
24	5	1
24	9	1
24	10	2
24	13	2
24	19	1
24	23	1
25	1	1
25	6	1
25	8	1
25	9	2
25	12	1
25	13	1
25	15	2
25	21	3
25	24	1
26	1	2
26	5	1
26	11	1
26	14	1
26	15	1
26	24	1
27	1	1
27	5	1
27	8	1
27	13	1
27	14	1
27	22	1
27	25	2
27	26	2
28	0	1
28	1	1
28	2	1
28	4	1
28	5	2
28	8	1
28	10	1
28	13	1
28	14	3
28	15	1
28	18	1
28	20	1
28	23	1
28	27	1
29	1	1
29	4	1
29	5	1
29	10	1
29	16	1
29	24	2
30	10	1
30	11	1
30	17	1
30	19	2
30	20	1
30	29	2
31	10	1
31	11	1
31	22	1
31	29	1
32	11	2
32	12	1
32	14	1
32	25	2
32	27	1
32	28	1
32	29	1
32	30	1
32	31	1
33	1	1
33	2	1
33	9	1
33	10	1
33	12	2
33	15	1
33	22	1
33	23	1
33	30	1
33	31	1
33	32	4
34	8	1
34	10	1
34	11	1
34	21	1
34	26	2
34	27	1
34	30	2
34	32	2
34	33	3
35	3	1
35	5	1
35	6	1
35	9	1
35	10	1
35	14	1
35	17	1
35	18	1
35	21	1
35	22	1
35	23	2
35	24	1
35	25	2
35	28	1
35	31	2
35	32	2
35	33	3
35	34	1
36	2	2
36	12	1
36	13	1
36	18	1
36	25	1
36	27	1
36	28	1
36	34	1
36	35	2
37	1	1
37	3	1
37	6	1
37	13	1
37	14	1
37	18	1
37	19	1
37	20	1
37	31	2
38	6	2
38	8	1
38	10	2
38	11	2
38	12	2
38	13	2
38	16	1
38	18	1
38	19	2
38	21	1
38	23	1
38	27	1
38	29	1
38	30	1
38	32	1
38	33	1
38	35	1
38	36	1
38	37	1
39	4	1
39	8	1
39	12	1
39	13	1
39	18	1
39	21	1
39	25	1
39	26	1
39	28	1
39	30	1
39	33	1
39	35	3
39	38	3
40	0	2
40	1	1
40	5	2
40	7	1
40	9	1
40	10	2
40	11	1
40	12	1
40	13	1
40	15	2
40	22	3
40	24	1
40	27	1
40	28	1
40	30	1
40	31	1
40	32	1
40	33	1
40	38	2
41	1	1
41	4	1
41	5	1
41	7	1
41	10	1
41	12	1
41	14	1
41	18	1
41	26	1
41	29	1
41	31	1
41	33	1
41	36	1
41	37	1
41	39	1
41	40	1
42	1	1
42	4	2
42	6	1
42	11	1
42	13	1
42	23	1
42	28	1
42	30	2
42	33	1
42	34	1
42	35	1
42	37	1
42	38	1
42	39	1
42	40	1
42	41	2
43	1	2
43	5	1
43	7	1
43	12	1
43	18	1
43	20	1
43	21	2
43	23	1
43	25	1
43	27	1
43	37	1
43	38	1
43	40	1
43	41	4
43	42	1
44	8	2
44	24	1
44	27	1
44	31	1
44	32	2
44	35	2
44	37	1
44	38	4
44	39	3
44	40	1
44	42	1
45	5	2
45	10	1
45	15	1
45	29	2
45	30	2
45	33	2
45	34	1
45	35	1
45	38	1
45	40	1
45	41	1
45	44	2
46	2	1
46	4	1
46	11	1
46	23	1
46	25	1
46	26	2
46	34	1
46	35	2
46	38	1
46	39	2
46	42	2
46	43	1
46	44	1
46	45	1
47	0	1
47	2	1
47	10	2
47	12	1
47	13	1
47	15	1
47	23	1
47	24	2
47	25	1
47	26	2
47	27	2
47	28	2
47	31	1
47	36	1
47	37	4
47	38	2
47	41	1
47	42	1
47	44	1
47	46	2
48	2	1
48	5	1
48	12	1
48	14	2
48	24	2
48	25	1
48	27	1
48	34	1
48	37	1
48	38	2
48	40	1
48	42	2
48	46	1
49	0	2
49	1	1
49	2	1
49	3	1
49	5	2
49	7	1
49	9	1
49	14	1
49	15	1
49	18	3
49	22	1
49	23	1
49	25	1
49	26	1
49	27	2
49	29	2
49	31	2
49	33	1
49	34	1
49	36	1
49	37	1
49	41	1
49	43	1
49	45	1
49	47	1
49	48	3
50	9	1
50	10	2
50	11	1
50	12	1
50	14	1
50	15	1
50	23	1
50	26	1
50	27	2
50	29	1
50	32	2
50	33	1
50	34	1
50	35	1
50	36	2
50	39	1
50	40	1
50	47	1
50	48	1
50	49	1
51	1	2
51	2	2
51	4	2
51	8	2
51	13	1
51	18	1
51	22	1
51	24	1
51	25	1
51	26	1
51	27	2
51	28	1
51	29	1
51	32	2
51	35	3
51	36	2
51	37	1
51	38	1
51	40	3
51	42	2
51	43	1
51	46	4
51	48	1
51	49	5
52	2	1
52	12	1
52	21	2
52	23	1
52	26	1
52	27	1
52	31	1
52	32	3
52	35	2
52	36	1
52	37	3
52	39	1
52	41	2
52	43	1
52	46	2
52	49	1
52	50	1
53	3	1
53	4	1
53	5	1
53	6	1
53	7	1
53	8	1
53	9	1
53	11	1
53	13	2
53	15	1
53	20	1
53	21	2
53	22	1
53	23	1
53	28	2
53	29	1
53	33	1
53	35	1
53	36	1
53	37	2
53	38	5
53	39	1
53	40	1
53	42	4
53	43	1
53	45	3
53	46	1
54	0	1
54	1	1
54	2	1
54	3	1
54	4	1
54	8	1
54	11	2
54	18	3
54	20	1
54	22	1
54	24	1
54	27	1
54	28	3
54	33	1
54	49	1
54	52	2
54	53	1
55	3	1
55	7	1
55	8	1
55	9	1
55	10	1
55	11	2
55	13	1
55	14	1
55	15	2
55	22	1
55	25	3
55	26	2
55	27	1
55	28	1
55	29	1
55	30	2
55	33	1
55	36	1
55	38	1
55	40	3
55	41	1
55	42	1
55	43	1
55	44	1
55	46	2
55	47	1
55	48	2
55	49	2
55	51	1
55	52	4
55	53	2
55	54	2
56	10	2
56	13	1
56	23	1
56	28	4
56	34	1
56	38	4
56	40	1
56	42	1
56	44	1
56	45	1
56	49	1
56	55	1
57	4	1
57	12	1
57	19	1
57	32	1
57	33	2
57	36	3
57	38	2
57	40	1
57	43	2
57	46	2
57	51	1
57	52	1
57	54	1
57	55	1
57	56	2
58	4	1
58	10	2
58	22	1
58	23	1
58	26	1
58	27	1
58	32	1
58	35	1
58	36	2
58	37	3
58	42	1
58	43	2
58	44	2
58	45	1
58	47	1
58	48	1
58	49	2
58	51	1
58	53	1
58	57	1
59	1	1
59	3	1
59	6	1
59	9	1
59	10	1
59	12	1
59	13	1
59	14	1
59	15	1
59	18	1
59	20	1
59	22	3
59	24	5
59	31	2
59	35	2
59	36	1
59	38	2
59	41	1
59	44	2
59	47	2
59	49	1
59	52	5
59	54	1
59	57	3
60	2	1
60	4	2
60	12	1
60	15	1
60	17	1
60	23	1
60	24	1
60	25	1
60	27	1
60	30	1
60	31	1
60	32	1
60	33	1
60	37	1
60	38	1
60	39	1
60	40	2
60	42	1
60	46	1
60	47	2
60	51	3
60	54	2
60	59	3
