1	0	1
3	0	2
3	1	3
4	1	1
4	2	1
4	3	4
5	0	1
6	1	1
6	4	1
6	5	2
7	2	2
7	6	1
8	0	1
8	2	1
8	3	2
8	4	2
8	5	1
8	7	2
9	2	1
9	4	1
9	6	1
9	7	1
9	8	2
10	1	1
10	5	1
10	6	1
10	8	4
10	9	2
11	1	1
11	8	1
11	9	1
11	10	2
12	0	1
12	1	1
12	3	1
12	5	1
12	6	1
12	7	1
12	8	3
12	9	1
12	10	1
13	0	2
13	2	2
13	3	2
13	4	1
13	5	2
13	7	3
13	8	2
13	9	5
13	11	1
13	12	3
14	0	1
14	1	2
14	2	2
14	3	1
14	4	1
14	6	1
14	8	1
14	9	1
14	10	1
14	11	1
14	12	1
15	0	1
15	3	2
15	4	2
15	5	1
15	7	1
15	8	3
15	9	1
15	13	2
15	14	3
16	2	1
16	5	1
16	12	3
16	15	1
17	0	2
17	2	1
17	4	3
17	8	1
17	10	1
17	12	2
17	14	1
17	16	3
18	0	1
18	6	2
18	8	2
18	9	2
18	10	4
18	11	2
18	12	1
18	14	2
18	15	1
19	4	1
19	6	1
19	7	1
19	8	1
19	10	2
19	12	2
19	17	1
20	3	1
20	5	2
20	12	2
20	14	2
20	15	1
20	16	1
20	17	2
20	18	1
21	0	1
21	2	2
21	5	1
21	7	2
21	8	2
21	10	1
21	12	1
21	13	3
21	15	2
21	16	2
21	17	1
21	18	1
21	19	2
21	20	2
22	1	1
22	3	1
22	4	2
22	5	1
22	6	1
22	7	1
22	10	1
22	11	1
22	12	1
22	13	1
22	14	1
22	17	2
22	18	1
22	21	1
23	2	1
23	3	1
23	4	1
23	7	1
23	8	1
23	11	3
23	17	1
23	18	2
23	20	1
24	1	1
24	4	1
24	9	1
24	10	2
24	11	1
24	13	2
24	14	1
24	15	1
24	18	1
24	20	2
24	23	1
25	0	1
25	2	1
25	5	1
25	8	4
25	10	1
25	11	1
25	13	1
25	15	1
25	17	1
25	18	1
25	20	1
26	0	2
26	5	1
26	8	1
26	14	1
26	18	1
26	19	1
26	20	1
27	1	1
27	9	1
27	11	1
27	24	1
27	25	2
27	26	1
28	0	1
28	1	1
28	3	1
28	5	2
28	7	1
28	8	1
28	12	2
28	13	1
28	14	1
28	18	2
28	19	2
28	20	2
28	21	1
28	22	1
28	23	1
28	24	2
28	26	1
29	0	1
29	2	1
29	24	1
29	25	1
30	1	1
30	3	1
30	9	1
30	10	4
30	12	1
30	17	1
30	20	1
30	22	1
30	25	1
30	26	1
31	8	1
31	29	1
31	30	2
32	2	1
32	4	1
32	9	1
32	10	1
32	16	1
32	20	1
32	30	1
33	1	2
33	4	1
33	11	1
33	12	1
33	14	1
33	19	1
33	24	2
33	25	1
33	27	1
33	31	2
33	32	1
34	1	1
34	6	1
34	8	1
34	9	1
34	12	1
34	14	2
34	15	1
34	18	1
34	19	1
34	21	1
34	25	1
34	32	2
34	33	1
35	4	1
35	12	1
35	18	3
35	20	1
35	23	1
35	25	1
35	27	1
35	32	1
35	33	1
35	34	3
36	3	1
36	13	1
36	24	1
36	27	2
36	28	1
36	29	1
36	30	1
36	31	1
36	33	1
36	35	1
37	8	1
37	10	1
37	13	2
37	14	1
37	15	2
37	25	1
37	28	3
37	29	2
37	32	1
37	33	2
37	34	2
37	35	2
37	36	1
38	3	1
38	8	1
38	12	2
38	15	1
38	17	2
38	20	1
38	21	1
38	24	1
38	28	1
38	30	1
38	33	1
38	34	2
38	36	1
39	1	1
39	3	1
39	4	1
39	5	2
39	11	1
39	12	2
39	19	1
39	23	1
39	25	2
39	28	2
39	34	1
39	38	4
40	1	1
40	3	1
40	4	1
40	7	1
40	9	1
40	11	1
40	15	1
40	19	1
40	24	1
40	25	1
40	27	1
40	28	1
40	29	1
40	30	1
40	33	1
40	34	1
40	37	1
40	39	1
41	8	1
41	12	1
41	14	1
41	18	1
41	22	1
41	24	2
41	27	1
41	28	1
41	29	1
41	30	1
41	31	1
41	33	1
41	35	3
41	38	1
41	40	1
42	0	2
42	2	1
42	8	1
42	10	1
42	12	1
42	17	1
42	18	2
42	19	1
42	24	1
42	28	2
42	29	1
42	35	1
42	36	2
42	39	2
42	40	4
42	41	1
43	3	1
43	4	1
43	5	2
43	11	1
43	20	1
43	25	1
43	26	2
43	29	1
43	30	1
43	31	2
43	32	1
43	33	2
43	34	1
43	38	2
43	39	2
43	40	1
43	41	1
43	42	1
44	5	1
44	7	1
44	12	1
44	19	1
44	20	2
44	25	1
44	26	1
44	27	1
44	28	3
44	29	1
44	30	1
44	31	1
44	35	1
44	38	3
44	40	1
44	43	4
45	3	2
45	6	1
45	9	1
45	23	1
45	25	1
45	26	1
45	27	1
45	28	1
45	30	1
45	31	1
45	33	1
45	34	1
45	37	1
45	38	2
45	40	2
45	43	1
45	44	3
46	3	1
46	4	1
46	14	2
46	15	2
46	22	2
46	24	1
46	26	1
46	27	1
46	28	1
46	29	2
46	31	2
46	34	3
46	35	2
46	37	1
46	38	1
46	41	1
46	44	2
47	1	1
47	3	1
47	11	1
47	16	1
47	18	1
47	23	2
47	24	1
47	25	1
47	28	1
47	29	1
47	31	2
47	32	1
47	33	1
47	35	3
47	36	1
47	37	1
47	38	1
47	41	1
47	42	1
47	45	1
47	46	4
48	1	1
48	5	1
48	7	2
48	10	2
48	11	1
48	12	1
48	19	1
48	21	1
48	23	1
48	24	1
48	25	3
48	26	1
48	29	1
48	30	2
48	34	1
48	36	2
48	37	1
48	43	1
48	47	1
49	0	1
49	3	3
49	4	2
49	6	1
49	9	1
49	10	1
49	11	1
49	14	2
49	15	1
49	20	2
49	22	1
49	24	2
49	25	1
49	27	2
49	29	2
49	31	1
49	32	2
49	33	1
49	34	2
49	36	2
49	39	1
49	42	1
49	43	2
49	44	2
49	45	1
49	48	2
50	2	1
50	3	1
50	8	1
50	10	1
50	11	1
50	14	1
50	19	1
50	21	1
50	23	1
50	24	3
50	32	2
50	33	1
50	34	1
50	35	1
50	43	1
50	49	3
51	1	1
51	4	1
51	6	1
51	7	2
51	8	1
51	9	2
51	10	2
51	12	1
51	14	1
51	15	1
51	33	2
51	36	2
51	38	3
51	41	1
51	43	1
51	48	1
51	49	4
51	50	1
52	1	2
52	5	1
52	8	1
52	10	1
52	11	1
52	14	1
52	15	1
52	17	2
52	18	2
52	20	2
52	22	1
52	23	1
52	24	1
52	30	1
52	32	1
52	33	2
52	34	2
52	35	1
52	38	2
52	40	1
52	41	1
52	43	1
52	44	1
52	45	1
52	48	2
52	50	4
52	51	4
53	2	1
53	5	1
53	14	2
53	16	2
53	18	2
53	19	2
53	20	2
53	24	1
53	26	1
53	30	3
53	35	1
53	36	1
53	37	2
53	38	8
53	39	2
53	40	2
53	41	2
53	42	2
53	43	1
53	44	1
53	45	1
53	46	1
53	49	2
53	51	2
53	52	4
54	1	2
54	2	1
54	14	1
54	15	1
54	17	1
54	19	3
54	22	1
54	29	1
54	31	1
54	33	1
54	36	1
54	39	1
54	40	1
54	44	2
54	48	1
54	49	1
54	51	1
54	52	1
55	2	2
55	4	3
55	6	1
55	8	3
55	10	1
55	14	1
55	18	1
55	25	2
55	26	1
55	28	2
55	30	1
55	34	1
55	35	1
55	37	1
55	38	2
55	41	1
55	44	1
55	45	1
55	48	1
55	49	1
55	52	1
55	53	5
55	54	1
56	1	1
56	8	1
56	9	1
56	12	1
56	18	2
56	28	1
56	30	3
56	31	1
56	34	1
56	35	1
56	36	1
56	37	2
56	38	3
56	39	2
56	43	1
56	45	1
56	46	1
56	47	1
56	49	1
56	50	1
56	52	1
56	53	2
56	54	1
56	55	3
57	2	2
57	3	1
57	6	1
57	10	2
57	15	1
57	19	1
57	20	2
57	30	1
57	31	2
57	32	1
57	34	1
57	36	1
57	38	2
57	43	1
57	45	1
57	47	1
57	48	1
57	49	2
57	50	2
57	51	1
57	52	3
57	53	1
57	54	2
57	55	1
57	56	2
58	2	1
58	10	1
58	14	1
58	25	1
58	30	1
58	33	1
58	37	2
58	38	1
58	39	1
58	43	2
58	45	1
58	46	1
58	49	4
58	50	2
58	51	1
58	52	2
58	53	1
58	54	2
58	55	1
58	56	1
58	57	3
59	1	1
59	2	1
59	4	1
59	5	1
59	9	2
59	10	1
59	11	1
59	14	1
59	19	2
59	20	1
59	23	2
59	26	1
59	29	2
59	34	2
59	36	1
59	37	1
59	38	1
59	42	1
59	45	1
59	47	1
59	48	1
59	50	1
59	51	1
59	52	2
59	54	2
59	55	2
59	57	3
60	2	1
60	8	1
60	10	1
60	24	1
60	25	1
60	29	1
60	32	1
60	35	2
60	36	1
60	41	2
60	46	1
60	47	1
60	48	3
60	49	1
60	57	1
60	59	2
