2	0	2
3	0	1
3	1	1
3	2	2
4	1	1
4	3	1
5	1	1
5	3	1
6	2	2
7	2	2
7	3	1
7	6	3
8	0	2
8	1	1
8	3	1
8	4	2
8	5	2
8	6	1
8	7	2
9	1	3
9	2	2
9	4	1
9	6	2
9	7	1
9	8	1
10	2	1
10	3	2
10	4	1
10	6	2
10	8	3
10	9	4
11	1	4
11	8	2
11	9	2
12	1	1
12	2	1
12	3	1
12	4	1
12	5	1
12	8	2
12	9	4
12	10	2
12	11	1
13	1	1
13	2	2
13	3	1
13	4	2
13	6	1
13	7	1
13	9	2
14	5	1
14	8	1
14	10	2
14	12	2
15	0	3
15	2	1
15	5	1
15	8	2
15	9	2
15	13	1
15	14	1
16	1	1
16	2	2
16	3	1
16	4	1
16	7	1
16	10	1
16	11	1
16	12	1
17	3	1
17	5	1
17	7	1
17	8	2
17	9	1
17	11	1
17	12	1
17	14	1
18	1	1
18	2	1
18	4	1
18	5	3
18	6	1
18	8	1
18	11	1
18	12	3
18	13	2
19	4	1
19	7	1
19	9	1
19	12	1
19	13	1
19	14	1
19	15	2
19	16	1
19	17	1
20	1	2
20	3	1
20	4	3
20	5	1
20	7	2
20	13	1
20	15	2
20	18	1
21	1	1
21	2	3
21	5	1
21	6	1
21	8	2
21	13	2
21	15	1
21	18	2
21	19	2
21	20	1
22	3	1
22	5	2
22	7	2
22	8	1
22	9	1
22	10	3
22	11	1
22	13	1
22	14	2
22	15	1
22	16	1
22	19	2
22	20	1
23	12	2
23	15	2
23	19	1
23	20	1
23	22	1
24	1	1
24	4	1
24	8	2
24	9	2
24	11	2
24	12	1
24	13	1
24	14	2
24	15	1
24	16	1
24	17	1
24	22	1
25	1	1
25	3	1
25	5	2
25	8	2
25	9	2
25	10	1
25	13	2
25	14	1
25	15	2
25	18	1
25	20	1
25	23	1
25	24	1
26	18	1
26	19	1
26	22	1
26	23	2
26	24	1
26	25	1
27	9	2
27	13	1
27	18	1
27	22	1
27	24	1
28	2	1
28	4	2
28	5	1
28	6	1
28	10	1
28	12	1
28	15	2
28	16	1
28	18	1
28	19	2
28	20	1
28	22	2
28	24	1
28	25	1
29	1	1
29	25	1
29	27	1
29	28	1
30	8	1
30	13	1
30	14	2
30	20	1
30	24	1
30	26	1
31	11	1
31	24	2
31	26	1
31	29	3
32	2	1
32	11	1
32	12	1
32	15	1
32	26	1
32	30	1
32	31	1
33	3	1
33	4	1
33	15	2
33	17	1
33	19	4
33	23	1
33	24	1
33	25	1
33	29	1
33	30	2
33	32	2
34	1	2
34	6	1
34	9	1
34	11	1
34	13	1
34	30	1
34	31	2
34	32	2
35	2	1
35	4	1
35	5	2
35	8	1
35	13	1
35	14	1
35	25	1
35	26	1
35	29	2
35	31	3
35	32	2
35	33	3
35	34	3
36	2	1
36	6	1
36	11	1
36	14	1
36	23	1
36	27	1
36	28	1
36	30	1
36	31	1
36	35	1
37	5	1
37	7	1
37	9	1
37	10	1
37	13	1
37	21	2
37	24	1
37	25	1
37	26	1
37	27	1
37	31	2
37	34	1
38	2	1
38	4	1
38	11	1
38	13	1
38	15	1
38	18	2
38	19	3
38	20	1
38	21	1
38	23	2
38	24	1
38	27	1
38	29	1
38	32	1
38	33	1
38	35	2
38	37	1
39	4	1
39	6	1
39	7	1
39	9	1
39	10	1
39	15	1
39	19	1
39	21	1
39	23	2
39	24	1
39	27	1
39	28	2
39	30	1
39	33	1
39	35	2
39	37	3
39	38	1
40	6	1
40	8	1
40	10	2
40	13	1
40	14	2
40	15	1
40	16	1
40	20	1
40	22	1
40	23	1
40	27	2
40	28	2
40	32	2
40	33	1
40	34	1
40	35	2
40	36	1
40	37	1
40	38	4
41	10	1
41	14	1
41	15	1
41	25	1
41	29	1
41	30	2
41	32	2
41	37	1
41	40	3
42	6	1
42	10	1
42	14	1
42	24	1
42	25	1
42	28	1
42	35	1
42	36	1
42	37	1
42	38	1
42	39	3
42	41	1
43	1	1
43	2	1
43	3	2
43	4	1
43	5	1
43	7	1
43	10	1
43	11	2
43	13	1
43	22	2
43	24	1
43	28	2
43	30	1
43	35	1
43	37	1
43	38	1
43	40	2
43	41	1
43	42	3
44	4	1
44	11	1
44	20	1
44	24	2
44	28	1
44	29	2
44	32	2
44	38	1
44	39	2
44	41	1
44	43	2
45	5	1
45	11	1
45	27	1
45	29	2
45	30	1
45	31	2
45	34	1
45	35	1
45	36	2
45	37	1
45	39	1
45	40	1
45	44	3
46	3	1
46	4	1
46	17	1
46	18	1
46	19	1
46	23	1
46	29	3
46	30	1
46	32	1
46	33	2
46	35	2
46	36	2
46	37	1
46	38	2
46	39	1
46	41	1
46	42	1
46	44	1
46	45	1
47	3	1
47	16	1
47	27	2
47	28	2
47	29	4
47	30	3
47	31	1
47	32	1
47	33	1
47	34	1
47	35	2
47	36	2
47	38	1
47	45	1
47	46	3
48	1	4
48	4	1
48	5	1
48	8	3
48	11	2
48	15	2
48	21	2
48	24	2
48	25	1
48	30	1
48	32	1
48	33	1
48	34	1
48	35	1
48	38	2
48	46	1
48	47	1
49	1	1
49	4	1
49	6	1
49	8	1
49	9	1
49	13	1
49	14	1
49	15	1
49	21	1
49	23	1
49	25	1
49	27	1
49	28	2
49	30	3
49	32	2
49	34	1
49	35	1
49	37	2
49	38	1
49	39	1
49	40	2
49	43	1
49	44	1
49	46	2
49	47	1
49	48	3
50	2	1
50	9	1
50	10	1
50	11	2
50	14	1
50	20	1
50	24	1
50	26	2
50	32	1
50	33	3
50	34	1
50	35	1
50	36	2
50	37	1
50	40	1
50	41	2
50	43	1
50	45	1
50	47	1
50	49	1
51	1	1
51	5	1
51	7	1
51	11	1
51	13	1
51	14	1
51	15	1
51	19	1
51	20	1
51	21	1
51	23	1
51	24	2
51	30	1
51	31	1
51	34	1
51	35	2
51	37	3
51	38	4
51	40	1
51	41	1
51	45	1
51	46	2
51	47	1
51	48	1
51	49	1
51	50	1
52	4	1
52	5	1
52	7	1
52	8	1
52	11	2
52	25	1
52	29	1
52	31	1
52	38	4
52	40	1
52	42	1
52	44	1
52	45	1
52	46	1
52	48	1
52	49	1
52	51	1
53	1	1
53	8	1
53	11	1
53	13	1
53	14	2
53	15	2
53	17	1
53	18	1
53	19	1
53	24	2
53	27	1
53	28	1
53	30	1
53	33	1
53	35	1
53	36	2
53	38	2
53	39	3
53	40	1
53	43	1
53	46	1
53	48	1
53	49	1
53	52	1
54	2	2
54	3	2
54	4	1
54	8	1
54	11	1
54	15	2
54	23	1
54	28	2
54	32	1
54	35	1
54	37	1
54	38	1
54	40	2
54	41	1
54	43	1
54	51	1
54	52	1
55	3	1
55	7	1
55	16	1
55	17	1
55	21	1
55	23	1
55	24	3
55	28	4
55	32	1
55	34	2
55	35	2
55	36	2
55	38	2
55	43	1
55	44	3
55	47	1
55	49	3
55	51	1
55	52	2
55	53	2
55	54	3
56	2	1
56	13	2
56	15	1
56	16	1
56	22	1
56	25	1
56	27	1
56	28	1
56	30	2
56	34	2
56	35	1
56	38	2
56	39	1
56	44	5
56	51	1
57	1	1
57	3	1
57	11	1
57	12	1
57	13	1
57	20	1
57	28	1
57	29	1
57	30	1
57	31	1
57	34	1
57	35	1
57	36	1
57	37	1
57	39	2
57	40	1
57	41	1
57	42	1
57	43	1
57	49	1
57	50	1
57	52	1
57	54	2
57	55	1
57	56	1
58	10	1
58	16	1
58	25	2
58	32	1
58	38	1
58	40	1
58	45	1
58	46	2
58	47	3
58	49	1
58	51	2
58	52	2
58	53	2
58	56	1
59	1	1
59	4	2
59	10	1
59	11	1
59	12	1
59	16	1
59	18	2
59	19	1
59	20	1
59	23	1
59	24	1
59	27	1
59	28	1
59	29	1
59	30	1
59	31	3
59	33	1
59	34	1
59	35	1
59	36	2
59	40	1
59	42	1
59	43	2
59	49	2
59	50	2
59	51	1
59	52	3
59	53	1
59	54	1
59	55	2
59	57	1
59	58	1
60	0	1
60	7	1
60	11	2
60	14	1
60	18	2
60	24	1
60	26	1
60	27	4
60	30	1
60	31	2
60	33	1
60	35	1
60	36	1
60	38	2
60	40	1
60	43	1
60	44	2
60	45	2
60	47	2
60	49	1
60	51	1
60	52	1
60	57	1
60	59	1
