1	0	1
2	1	1
3	1	3
4	1	1
4	2	1
4	3	2
5	0	2
5	3	1
5	4	3
6	4	1
6	5	1
7	0	1
7	1	1
7	6	1
8	2	1
8	3	2
8	4	3
8	5	1
8	6	1
8	7	1
9	1	1
9	6	3
9	7	3
9	8	3
10	0	1
10	1	2
10	2	2
10	3	4
10	4	1
10	5	1
10	6	1
10	8	1
10	9	2
11	0	1
11	1	1
11	2	1
11	8	3
11	9	3
11	10	2
12	0	1
12	1	1
12	2	3
12	3	2
12	4	1
12	5	1
12	6	2
12	7	2
12	8	2
12	11	2
13	0	2
13	1	1
13	2	1
13	4	1
13	5	1
13	6	1
13	7	1
13	8	1
13	10	1
13	11	3
13	12	1
14	0	1
14	1	1
14	2	3
14	4	2
14	5	1
14	7	1
14	8	1
14	9	1
14	11	2
14	12	2
14	13	4
15	0	1
15	1	2
15	4	1
15	6	1
15	7	2
15	9	2
15	12	1
15	13	4
15	14	1
16	3	2
16	4	2
16	5	2
16	7	1
16	9	1
16	10	1
16	15	1
17	0	1
17	2	1
17	4	2
17	8	1
17	9	2
17	10	1
17	11	1
17	12	2
17	14	2
18	1	1
18	2	1
18	3	1
18	5	1
18	8	1
18	10	2
18	12	3
18	13	1
18	14	1
18	15	1
18	16	1
18	17	2
19	1	1
19	2	1
19	6	1
19	9	2
19	10	1
19	11	1
19	13	1
19	14	1
19	15	1
20	0	1
20	2	3
20	4	2
20	5	1
20	7	1
20	8	1
20	9	1
20	11	1
20	12	1
20	13	1
20	18	2
20	19	1
21	0	2
21	4	1
21	5	1
21	7	1
21	8	1
21	9	1
21	12	2
21	13	1
21	14	1
21	15	1
21	17	1
21	18	3
21	19	2
21	20	1
22	1	1
22	2	2
22	4	1
22	5	3
22	11	1
22	12	1
22	13	1
22	14	1
22	15	1
22	19	1
22	21	1
23	0	1
23	4	1
23	10	1
23	11	1
23	18	1
23	19	1
23	21	2
23	22	1
24	0	3
24	3	1
24	4	1
24	7	1
24	8	1
24	9	1
24	11	2
24	13	2
24	14	2
24	15	2
24	19	1
24	23	1
25	1	1
25	4	2
25	6	1
25	7	1
25	9	2
25	10	1
25	11	1
25	12	1
25	17	1
25	18	2
25	22	1
26	4	1
26	12	1
26	13	1
26	14	1
26	15	1
26	19	1
26	24	2
27	2	2
27	8	1
27	9	1
27	12	1
27	14	1
27	15	1
27	18	1
27	19	1
27	23	2
27	25	2
27	26	2
28	1	1
28	4	1
28	6	2
28	7	2
28	11	1
28	12	2
28	14	1
28	15	2
28	18	1
28	24	1
28	25	1
29	2	1
29	23	1
30	8	1
30	11	1
30	25	3
30	26	1
31	4	1
31	9	1
31	10	1
31	23	1
31	25	2
31	26	1
31	28	1
31	29	1
31	30	4
32	2	1
32	4	1
32	8	2
32	10	1
32	12	1
32	15	1
32	18	1
32	29	1
32	30	1
32	31	3
33	12	1
33	19	1
33	21	1
33	22	1
33	24	1
33	26	3
33	29	1
33	30	1
33	31	1
33	32	3
34	1	1
34	6	1
34	10	1
34	18	1
34	21	1
34	22	1
34	23	1
34	25	2
34	27	1
34	29	1
34	30	1
34	32	1
34	33	1
35	0	1
35	5	1
35	8	2
35	13	2
35	20	1
35	23	1
35	24	1
35	25	1
35	26	3
35	27	1
35	29	2
35	31	2
35	32	1
35	33	2
35	34	4
36	2	1
36	3	1
36	6	1
36	10	1
36	14	1
36	16	1
36	22	1
36	26	2
36	28	1
36	34	1
36	35	1
37	5	1
37	6	2
37	12	1
37	13	1
37	15	1
37	18	1
37	20	1
37	27	3
37	29	1
37	30	1
37	31	2
37	32	3
37	34	2
37	35	1
37	36	2
38	1	1
38	2	1
38	10	4
38	12	2
38	13	1
38	14	1
38	15	1
38	16	1
38	17	1
38	20	2
38	22	1
38	23	1
38	26	1
38	28	1
38	31	1
38	33	1
38	35	2
38	36	1
38	37	2
39	1	1
39	4	1
39	7	2
39	10	1
39	11	1
39	13	1
39	19	1
39	21	1
39	28	1
39	29	1
39	31	1
39	32	2
39	37	2
39	38	1
40	0	1
40	1	1
40	7	1
40	8	1
40	10	1
40	11	1
40	14	1
40	16	2
40	18	2
40	24	3
40	27	1
40	29	1
40	31	2
40	34	1
40	36	1
40	37	5
40	38	1
40	39	1
41	5	1
41	7	1
41	8	1
41	14	1
41	15	2
41	18	2
41	25	1
41	26	1
41	27	1
41	28	1
41	29	2
41	32	1
41	35	1
41	36	1
41	37	2
41	39	3
41	40	1
42	4	1
42	8	2
42	15	2
42	18	1
42	26	1
42	27	1
42	29	1
42	30	1
42	31	1
42	34	1
42	35	1
42	37	1
42	38	3
42	39	3
42	41	1
43	4	1
43	14	1
43	15	1
43	25	1
43	26	1
43	27	1
43	28	1
43	29	1
43	32	1
43	33	1
43	34	3
43	35	1
43	36	1
43	40	1
43	41	2
43	42	1
44	4	1
44	8	2
44	18	1
44	24	1
44	25	2
44	28	1
44	29	1
44	30	1
44	31	1
44	35	1
44	38	3
44	40	1
44	41	4
44	42	1
44	43	3
45	10	2
45	11	1
45	30	1
45	32	2
45	34	1
45	37	1
45	38	5
45	39	2
45	41	2
45	43	2
45	44	1
46	4	1
46	10	1
46	13	2
46	17	1
46	26	1
46	28	1
46	32	1
46	33	1
46	34	1
46	36	1
46	37	1
46	38	1
46	39	1
46	40	1
46	45	2
47	3	1
47	11	1
47	20	1
47	23	1
47	24	1
47	27	1
47	33	1
47	34	1
47	35	2
47	38	2
47	40	1
47	43	1
47	46	2
48	1	2
48	4	1
48	7	1
48	10	1
48	11	4
48	12	1
48	18	1
48	26	1
48	30	1
48	32	1
48	33	2
48	34	3
48	38	1
48	39	2
48	42	1
48	45	1
48	47	1
49	1	2
49	2	2
49	9	1
49	10	4
49	14	2
49	15	1
49	16	2
49	20	1
49	24	2
49	26	2
49	29	1
49	32	3
49	34	2
49	36	1
49	37	1
49	39	2
49	41	1
49	42	1
49	47	2
49	48	1
50	1	1
50	8	1
50	10	1
50	13	1
50	14	1
50	27	1
50	29	1
50	30	1
50	31	1
50	34	1
50	35	2
50	36	1
50	42	1
50	46	1
50	47	1
50	49	2
51	1	1
51	5	1
51	9	1
51	10	1
51	14	1
51	15	1
51	24	1
51	27	2
51	31	4
51	32	2
51	34	5
51	36	1
51	37	1
51	38	2
51	39	1
51	40	2
51	41	2
51	44	3
51	46	1
51	48	1
51	49	2
51	50	1
52	2	1
52	11	1
52	12	1
52	13	1
52	14	2
52	16	2
52	18	1
52	19	1
52	20	1
52	24	1
52	27	1
52	28	1
52	30	1
52	37	1
52	38	2
52	39	1
52	42	1
52	44	1
52	45	3
52	46	2
52	47	1
52	48	1
52	51	3
53	4	1
53	5	1
53	8	1
53	12	2
53	17	1
53	19	1
53	24	1
53	25	1
53	32	1
53	36	1
53	38	2
53	40	6
53	41	1
53	42	1
53	44	1
53	49	3
53	51	1
53	52	8
54	1	1
54	4	1
54	11	1
54	12	1
54	20	1
54	25	2
54	28	1
54	32	1
54	33	1
54	35	1
54	36	2
54	38	1
54	39	1
54	40	2
54	44	1
54	47	1
54	48	1
54	52	3
54	53	2
55	1	1
55	6	1
55	8	1
55	9	2
55	11	2
55	16	1
55	17	1
55	20	1
55	24	1
55	25	1
55	27	1
55	28	2
55	29	2
55	30	1
55	33	1
55	35	1
55	38	1
55	39	1
55	40	2
55	41	1
55	43	2
55	44	1
55	52	5
55	54	2
56	1	1
56	4	1
56	10	1
56	12	1
56	20	1
56	22	1
56	25	1
56	28	1
56	31	2
56	35	1
56	36	2
56	37	1
56	38	4
56	39	2
56	41	1
56	43	1
56	44	1
56	46	1
56	48	1
56	51	2
56	52	2
56	55	3
57	3	1
57	12	1
57	14	1
57	18	1
57	23	1
57	24	1
57	25	1
57	32	1
57	36	1
57	37	1
57	38	1
57	39	2
57	44	1
57	45	1
57	46	2
57	51	1
57	52	3
57	53	1
57	54	1
57	55	2
57	56	3
58	2	2
58	18	2
58	22	2
58	28	1
58	30	1
58	31	1
58	35	1
58	39	2
58	40	1
58	43	1
58	44	2
58	45	1
58	46	2
58	47	2
58	48	1
58	49	1
58	50	2
58	52	1
58	53	1
58	57	2
59	1	1
59	2	3
59	3	1
59	9	1
59	10	1
59	11	2
59	13	1
59	15	2
59	16	1
59	18	1
59	21	1
59	25	1
59	26	1
59	27	2
59	30	1
59	32	1
59	33	2
59	34	3
59	36	1
59	37	1
59	38	1
59	40	1
59	45	2
59	46	2
59	48	1
59	49	1
59	52	3
59	53	3
59	55	1
59	56	1
59	57	2
59	58	1
60	23	1
60	27	1
60	30	1
60	31	2
60	33	1
60	34	2
60	35	1
60	38	1
60	40	1
60	41	1
60	46	2
60	47	2
60	48	1
60	50	1
60	51	2
60	52	1
60	53	1
60	54	1
60	57	1
60	58	1
