2	0	1
3	1	2
3	2	3
4	0	1
4	2	1
4	3	2
5	2	1
5	3	1
6	1	1
6	3	1
6	5	2
7	0	1
8	4	1
8	6	2
8	7	3
9	0	2
9	1	1
9	6	1
9	7	1
10	1	2
10	2	1
10	5	1
10	6	1
10	7	4
10	8	1
10	9	1
11	0	2
11	5	1
11	6	1
11	9	2
11	10	4
12	1	1
12	4	1
12	6	1
12	7	1
12	9	2
12	10	1
12	11	1
13	0	1
13	1	5
13	4	2
13	5	1
13	6	1
13	7	1
13	8	2
13	9	4
13	11	1
14	1	1
14	3	1
14	4	2
14	7	1
14	8	1
14	9	1
14	11	1
14	12	4
14	13	1
15	0	1
15	1	1
15	6	1
15	8	1
15	9	3
15	10	1
15	13	1
15	14	4
16	0	1
16	7	1
16	8	2
16	9	1
16	10	1
16	12	1
16	13	2
16	14	1
17	2	1
17	4	1
17	5	1
17	6	1
17	8	2
17	9	1
17	14	1
17	15	1
17	16	1
18	2	1
18	4	2
18	5	1
18	7	1
18	8	1
18	9	1
18	11	1
18	14	1
18	15	2
19	1	1
19	3	3
19	4	3
19	8	1
19	9	1
19	11	1
19	12	1
19	15	1
19	17	1
20	1	1
20	6	1
20	8	3
20	10	1
20	12	1
20	14	2
20	15	1
21	0	2
21	3	1
21	4	1
21	8	2
21	9	1
21	10	2
21	12	2
21	15	2
21	16	1
22	1	2
22	4	2
22	16	1
22	18	1
23	1	1
23	4	3
23	8	1
23	12	1
23	13	2
23	17	2
23	18	1
23	19	2
24	4	2
24	5	1
24	11	3
24	13	1
24	14	1
24	17	1
24	18	1
24	19	1
24	20	1
24	22	1
24	23	1
25	3	1
25	5	1
25	7	1
25	14	1
25	15	1
25	19	1
25	22	1
26	0	1
26	1	1
26	2	1
26	11	1
26	20	1
26	22	1
26	25	2
27	0	1
27	1	1
27	2	1
27	4	1
27	5	1
27	9	1
27	10	1
27	13	2
27	14	2
27	26	2
28	2	1
28	3	3
28	7	1
28	9	1
28	10	2
28	11	1
28	14	2
28	20	3
28	22	1
28	23	1
28	26	1
29	1	1
29	5	1
29	7	1
29	23	1
29	26	1
29	28	1
30	5	1
30	8	1
30	10	1
30	11	1
30	13	1
30	20	2
30	29	1
31	4	1
31	5	1
31	8	1
31	11	1
31	14	1
31	19	1
31	23	1
31	24	1
31	27	1
31	30	3
32	1	2
32	11	1
32	12	2
32	13	1
32	16	1
32	17	1
32	20	1
32	27	1
32	31	1
33	3	1
33	12	1
33	21	1
33	22	1
33	23	2
33	24	1
33	25	2
33	26	1
33	29	1
33	31	1
33	32	2
34	2	2
34	4	1
34	10	1
34	14	2
34	15	1
34	17	1
34	19	2
34	23	1
34	24	1
34	25	2
34	28	1
34	32	2
35	3	1
35	6	3
35	10	2
35	14	1
35	15	1
35	25	1
35	29	1
35	31	1
35	34	4
36	2	1
36	3	1
36	4	1
36	7	1
36	10	1
36	16	1
36	26	1
36	27	2
36	29	1
36	32	1
36	33	2
36	35	1
37	2	1
37	8	1
37	10	1
37	12	1
37	13	1
37	15	2
37	19	1
37	25	1
37	28	1
37	31	1
37	32	1
37	34	1
37	35	1
38	1	1
38	3	1
38	4	2
38	5	2
38	7	1
38	8	2
38	9	1
38	10	2
38	11	1
38	13	1
38	14	1
38	17	1
38	20	1
38	21	2
38	22	1
38	24	2
38	25	1
38	28	1
38	29	1
38	31	3
38	33	2
38	34	1
38	35	3
38	36	1
38	37	1
39	2	1
39	5	1
39	7	1
39	9	1
39	11	1
39	13	1
39	22	1
39	25	1
39	28	1
39	30	2
39	31	1
39	36	1
40	2	1
40	3	1
40	4	1
40	5	1
40	6	1
40	7	2
40	10	1
40	11	3
40	12	1
40	13	2
40	15	2
40	17	1
40	18	2
40	19	1
40	25	3
40	28	2
40	30	1
40	31	1
40	32	1
40	33	3
40	34	1
40	35	1
40	37	5
40	38	1
40	39	2
41	1	1
41	4	3
41	5	1
41	8	1
41	10	1
41	15	1
41	16	1
41	24	1
41	26	1
41	27	1
41	32	1
41	35	2
41	37	1
41	40	1
42	1	1
42	3	1
42	6	1
42	9	1
42	17	1
42	18	1
42	19	1
42	20	2
42	28	1
42	30	1
42	31	1
42	32	1
42	34	3
42	35	2
42	37	2
42	38	2
42	39	2
42	40	2
42	41	1
43	2	1
43	5	1
43	11	1
43	12	1
43	14	1
43	18	1
43	20	1
43	22	1
43	25	1
43	28	1
43	29	1
43	30	1
43	31	1
43	33	2
43	37	2
43	39	2
43	41	3
43	42	2
44	4	1
44	27	2
44	31	1
44	32	1
44	34	1
44	35	1
44	37	2
44	38	1
44	40	1
44	42	3
44	43	1
45	11	3
45	15	1
45	20	1
45	25	1
45	27	1
45	30	2
45	37	2
45	38	1
45	39	1
45	42	2
45	44	1
46	4	1
46	10	1
46	17	1
46	26	1
46	28	1
46	29	2
46	31	2
46	32	1
46	33	1
46	34	1
46	35	2
46	38	1
46	41	1
46	42	2
46	45	3
47	3	1
47	11	3
47	12	2
47	17	1
47	26	2
47	27	1
47	29	1
47	30	1
47	33	4
47	34	1
47	35	2
47	37	3
47	38	1
47	41	1
47	42	3
47	43	1
47	44	1
47	46	1
48	6	1
48	8	1
48	10	1
48	11	3
48	21	1
48	22	1
48	23	1
48	24	2
48	25	1
48	26	2
48	27	1
48	28	1
48	31	2
48	33	1
48	34	1
48	35	1
48	38	1
48	39	1
48	40	3
48	44	2
48	47	2
49	0	1
49	1	1
49	4	1
49	11	1
49	12	2
49	13	2
49	14	1
49	22	1
49	24	1
49	29	1
49	30	1
49	32	2
49	34	1
49	35	1
49	36	1
49	37	2
49	38	4
49	42	1
49	44	1
49	46	1
49	48	2
50	3	2
50	12	1
50	18	1
50	23	1
50	25	3
50	27	1
50	28	1
50	29	1
50	32	1
50	33	3
50	38	1
50	39	1
50	40	1
50	45	2
50	46	1
50	47	1
50	48	2
50	49	1
51	6	1
51	8	1
51	11	2
51	14	1
51	19	2
51	25	1
51	26	1
51	28	1
51	30	1
51	34	3
51	35	3
51	36	2
51	37	1
51	38	2
51	39	1
51	40	1
51	44	1
51	48	2
51	49	3
51	50	1
52	2	1
52	5	1
52	8	3
52	9	1
52	18	2
52	20	2
52	22	1
52	24	2
52	25	2
52	26	1
52	28	2
52	30	1
52	31	3
52	32	2
52	34	1
52	36	1
52	37	2
52	38	2
52	40	2
52	41	1
52	42	2
52	48	1
52	49	1
52	51	1
53	1	1
53	8	2
53	11	2
53	14	1
53	16	1
53	17	1
53	24	1
53	27	1
53	29	1
53	32	1
53	33	1
53	34	2
53	40	1
53	41	1
53	42	2
53	49	10
53	50	1
53	51	4
53	52	5
54	0	1
54	3	1
54	5	1
54	14	1
54	16	1
54	23	1
54	27	1
54	28	1
54	30	1
54	35	1
54	38	2
54	39	2
54	41	1
54	42	2
54	46	1
54	49	2
54	50	1
54	51	3
54	53	1
55	0	2
55	1	2
55	2	1
55	3	1
55	4	2
55	6	1
55	7	2
55	8	2
55	10	1
55	11	1
55	12	2
55	13	1
55	14	2
55	17	1
55	18	1
55	21	1
55	22	1
55	23	2
55	25	3
55	28	1
55	29	2
55	30	2
55	31	1
55	34	1
55	36	2
55	38	3
55	39	3
55	40	1
55	42	1
55	43	1
55	45	1
55	50	1
55	51	2
55	52	3
55	53	1
55	54	1
56	3	1
56	14	3
56	16	1
56	21	1
56	23	1
56	24	1
56	26	1
56	27	1
56	28	1
56	33	1
56	35	2
56	36	1
56	38	1
56	39	2
56	40	1
56	41	2
56	42	1
56	43	2
56	45	2
56	50	1
56	51	2
56	52	1
56	53	2
56	55	1
57	1	1
57	3	1
57	4	1
57	10	1
57	13	1
57	15	1
57	16	1
57	18	1
57	20	1
57	26	1
57	29	1
57	30	1
57	32	2
57	34	1
57	35	1
57	38	3
57	47	1
57	48	1
57	49	2
57	50	2
57	51	2
57	53	1
57	54	3
58	6	1
58	14	1
58	26	1
58	27	1
58	31	2
58	35	2
58	36	4
58	37	1
58	38	1
58	39	1
58	40	1
58	43	2
58	44	1
58	45	3
58	46	2
58	48	1
58	49	3
58	51	2
58	52	2
58	53	1
58	54	1
58	56	2
58	57	1
59	2	1
59	4	1
59	10	1
59	19	1
59	20	1
59	25	1
59	27	2
59	28	1
59	29	1
59	31	1
59	32	1
59	33	1
59	38	1
59	39	1
59	41	1
59	42	1
59	43	1
59	46	1
59	47	2
59	48	2
59	49	2
59	50	1
59	51	1
59	52	6
59	53	1
59	54	1
59	55	1
59	56	1
60	1	1
60	3	1
60	4	1
60	10	1
60	11	1
60	15	1
60	17	2
60	18	1
60	19	2
60	20	1
60	24	1
60	29	2
60	30	1
60	33	1
60	38	2
60	39	2
60	43	2
60	45	2
60	47	1
60	48	1
60	49	1
60	50	2
60	51	1
60	52	1
60	53	1
60	55	1
60	57	1
