1	0	1
2	0	1
2	1	1
3	1	1
3	2	1
4	1	1
4	2	2
4	3	1
5	1	1
5	2	1
6	1	1
6	3	1
6	5	2
7	1	2
7	4	2
7	6	2
8	0	1
8	3	1
8	4	1
8	6	1
8	7	2
9	0	2
9	1	3
9	2	1
9	4	1
9	6	2
9	7	1
9	8	3
10	4	1
10	6	2
10	8	2
10	9	3
11	2	1
11	5	1
11	6	1
11	7	1
11	8	1
11	9	1
11	10	2
12	0	1
12	1	1
12	3	1
12	5	3
12	6	1
12	8	1
12	10	1
12	11	2
13	1	1
13	7	1
13	8	2
13	10	1
13	11	2
13	12	1
14	0	2
14	3	1
14	4	1
14	8	1
14	9	3
14	10	2
14	11	2
14	12	1
14	13	2
15	1	1
15	2	2
15	3	1
15	4	1
15	5	1
15	8	4
15	10	1
15	12	1
15	13	1
15	14	2
16	2	1
16	3	1
16	12	3
16	15	2
17	0	1
17	1	1
17	4	2
17	5	1
17	6	2
17	7	1
17	8	1
17	10	1
17	14	1
17	15	1
17	16	1
18	1	1
18	3	1
18	4	2
18	5	2
18	6	2
18	7	1
18	11	1
18	12	2
18	13	1
18	14	1
18	15	2
18	16	1
19	1	1
19	4	3
19	8	2
19	10	2
19	11	1
19	12	1
19	16	1
19	17	3
20	0	1
20	1	1
20	2	2
20	4	4
20	8	1
20	9	1
20	11	2
20	12	1
20	14	1
20	17	1
21	0	1
21	2	1
21	3	1
21	7	1
21	10	1
21	12	4
21	13	1
21	14	1
21	15	1
21	16	1
21	17	1
21	18	2
21	19	1
21	20	1
22	1	1
22	2	1
22	5	1
22	6	1
22	7	1
22	8	2
22	9	1
22	10	1
22	16	1
22	18	1
22	20	1
22	21	2
23	3	1
23	5	1
23	11	2
23	13	1
23	14	1
23	15	1
23	17	1
23	20	2
23	21	1
23	22	1
24	0	1
24	1	2
24	3	1
24	4	2
24	5	1
24	10	3
24	12	1
24	13	3
24	19	2
24	20	1
24	23	2
25	1	3
25	2	2
25	4	1
25	7	1
25	8	3
25	9	1
25	11	2
25	17	1
25	18	1
25	19	1
25	24	1
26	1	1
26	8	1
26	13	1
26	23	2
26	25	1
27	5	1
27	9	1
27	25	1
28	7	1
28	9	1
28	10	1
28	14	2
28	15	1
28	16	2
28	17	1
28	18	1
28	20	1
28	21	1
28	26	1
29	4	1
29	16	1
29	19	1
29	26	3
30	1	1
30	9	2
30	10	1
30	19	1
30	20	1
30	22	1
30	28	1
30	29	1
31	4	2
31	5	1
31	9	1
31	25	1
31	26	1
31	29	2
31	30	1
32	24	2
32	27	2
32	28	1
32	30	1
32	31	2
33	1	1
33	11	1
33	14	1
33	18	1
33	21	1
33	24	2
33	25	1
33	26	1
33	29	1
33	31	1
33	32	1
34	4	2
34	8	2
34	10	2
34	11	2
34	15	1
34	19	1
34	23	1
34	25	1
34	32	2
34	33	2
35	2	1
35	8	2
35	11	1
35	15	1
35	17	1
35	18	3
35	19	1
35	20	2
35	26	3
35	29	4
35	31	1
35	32	2
35	33	2
35	34	1
36	1	1
36	3	1
36	4	1
36	7	1
36	10	1
36	13	1
36	16	1
36	18	1
36	24	1
36	26	1
36	34	1
36	35	1
37	0	1
37	5	1
37	10	1
37	11	2
37	12	2
37	21	1
37	26	3
37	31	1
37	32	3
37	33	1
37	34	1
37	35	1
38	0	1
38	1	1
38	6	1
38	8	3
38	13	1
38	14	1
38	18	3
38	20	2
38	23	2
38	24	2
38	28	2
38	29	1
38	30	1
38	32	1
38	33	2
38	34	1
38	37	3
39	1	2
39	2	2
39	3	1
39	4	1
39	5	1
39	7	1
39	9	1
39	14	1
39	18	1
39	20	1
39	22	1
39	24	1
39	28	1
39	30	1
39	31	2
39	32	1
39	33	3
39	37	2
39	38	2
40	3	1
40	6	1
40	8	1
40	9	2
40	11	1
40	14	1
40	22	1
40	24	1
40	25	1
40	27	1
40	28	1
40	29	2
40	30	1
40	33	1
40	35	2
40	37	1
40	38	1
40	39	2
41	1	1
41	6	1
41	8	1
41	9	2
41	12	3
41	28	1
41	34	1
41	35	1
41	37	1
41	39	2
41	40	1
42	3	2
42	5	2
42	8	1
42	10	1
42	24	1
42	28	1
42	30	1
42	31	4
42	32	1
42	38	3
42	40	2
43	4	1
43	9	1
43	11	1
43	12	1
43	13	1
43	14	1
43	28	2
43	30	1
43	31	1
43	34	1
43	35	1
43	38	1
43	39	3
43	41	1
43	42	2
44	11	1
44	24	1
44	29	1
44	30	1
44	33	1
44	34	3
44	39	1
44	40	3
44	41	1
44	43	2
45	2	1
45	15	1
45	24	1
45	26	1
45	29	2
45	34	1
45	35	1
45	36	2
45	38	1
45	39	3
45	40	1
45	41	1
45	44	2
46	4	1
46	10	1
46	17	1
46	22	1
46	23	2
46	26	1
46	29	1
46	30	1
46	31	1
46	32	1
46	33	1
46	34	1
46	35	4
46	37	1
46	38	1
46	41	1
46	42	1
46	44	1
46	45	1
47	13	1
47	28	1
47	33	1
47	34	1
47	35	1
47	37	2
47	38	1
47	42	1
47	44	1
47	45	3
47	46	4
48	2	1
48	5	2
48	11	1
48	15	2
48	16	1
48	23	1
48	24	3
48	29	1
48	31	1
48	34	1
48	38	1
48	40	2
48	41	1
48	42	1
48	44	1
48	47	1
49	1	1
49	3	2
49	4	1
49	6	1
49	7	2
49	9	1
49	12	1
49	13	1
49	15	1
49	17	1
49	18	1
49	19	1
49	24	5
49	25	2
49	26	1
49	28	1
49	32	3
49	33	1
49	34	3
49	35	1
49	37	3
49	40	1
49	42	1
49	47	1
49	48	2
50	8	1
50	9	1
50	11	2
50	12	1
50	14	1
50	18	1
50	19	1
50	24	2
50	26	2
50	27	2
50	29	1
50	34	3
50	35	1
50	37	1
50	38	1
50	47	1
50	48	1
50	49	2
51	1	2
51	8	1
51	9	1
51	10	2
51	14	3
51	15	1
51	22	1
51	24	1
51	25	2
51	28	6
51	34	4
51	35	3
51	37	1
51	38	1
51	40	2
51	42	3
51	44	1
51	47	1
51	48	1
52	2	1
52	4	1
52	5	2
52	10	2
52	11	1
52	13	1
52	14	2
52	15	1
52	22	2
52	24	2
52	28	1
52	29	2
52	33	1
52	35	1
52	37	1
52	38	2
52	39	1
52	40	2
52	42	1
52	43	1
52	44	1
52	45	1
52	46	2
52	48	2
52	49	2
52	50	1
53	1	1
53	5	1
53	6	1
53	7	1
53	10	1
53	11	2
53	12	1
53	13	1
53	14	2
53	15	2
53	19	1
53	22	1
53	23	2
53	25	2
53	26	1
53	27	1
53	28	1
53	35	1
53	36	1
53	37	4
53	38	2
53	39	1
53	40	1
53	42	1
53	43	2
53	44	1
53	46	2
53	47	2
53	48	1
53	52	1
54	3	2
54	4	1
54	9	1
54	11	1
54	12	1
54	14	1
54	15	1
54	18	2
54	19	1
54	20	1
54	23	1
54	27	2
54	28	1
54	29	1
54	38	1
54	46	3
55	1	1
55	5	1
55	6	1
55	11	1
55	18	2
55	19	2
55	22	3
55	23	1
55	25	2
55	26	1
55	27	1
55	29	1
55	34	2
55	35	2
55	36	2
55	38	3
55	39	1
55	48	1
55	50	1
55	51	1
55	54	1
56	1	1
56	3	2
56	5	1
56	9	1
56	14	1
56	19	2
56	20	1
56	21	1
56	25	1
56	28	2
56	30	1
56	31	1
56	32	1
56	33	1
56	34	2
56	36	2
56	38	1
56	39	4
56	41	2
56	42	1
56	47	1
56	53	1
56	54	1
56	55	1
57	1	3
57	4	1
57	10	1
57	11	1
57	12	1
57	19	3
57	30	1
57	32	1
57	33	1
57	34	1
57	35	1
57	36	1
57	38	1
57	42	1
57	45	2
57	47	1
57	48	1
57	51	2
57	52	1
57	54	3
57	55	2
57	56	1
58	4	1
58	10	1
58	26	1
58	27	1
58	29	1
58	31	2
58	32	1
58	33	2
58	34	1
58	37	1
58	38	2
58	39	1
58	40	1
58	41	1
58	44	2
58	46	2
58	47	1
58	49	2
58	51	1
58	52	1
58	53	1
58	54	1
58	55	4
58	56	2
58	57	4
59	1	3
59	4	1
59	6	1
59	8	1
59	10	1
59	12	2
59	20	1
59	22	1
59	23	1
59	24	3
59	25	2
59	26	2
59	27	1
59	28	2
59	31	1
59	33	1
59	35	1
59	37	1
59	40	2
59	42	1
59	44	2
59	45	1
59	46	1
59	48	1
59	49	1
59	52	3
59	53	1
59	54	1
59	55	2
59	56	1
59	57	5
59	58	1
60	1	1
60	4	1
60	8	1
60	12	1
60	13	1
60	19	1
60	26	1
60	27	1
60	29	1
60	35	1
60	37	2
60	38	1
60	43	2
60	45	1
60	46	1
60	47	1
60	49	1
60	52	1
60	53	2
60	55	2
60	57	1
60	59	2
