1	0	2
3	2	3
4	1	1
4	2	3
4	3	3
5	4	2
6	0	1
6	3	2
6	4	1
7	0	1
7	1	1
7	2	1
7	3	1
7	4	2
7	5	1
7	6	3
8	0	2
8	1	1
8	3	1
8	4	3
8	5	2
8	7	2
9	1	1
9	2	1
9	5	1
9	6	2
10	1	2
10	2	1
10	3	1
10	5	3
10	6	1
10	9	5
11	0	2
11	1	1
11	3	1
11	8	2
11	9	1
11	10	3
12	2	1
12	4	2
12	6	2
12	7	1
12	8	1
12	9	2
13	0	3
13	1	2
13	2	1
13	3	2
13	6	1
13	7	1
13	9	2
13	11	2
13	12	1
14	1	3
14	2	2
14	4	2
14	5	1
14	6	1
14	10	1
14	12	1
15	0	2
15	2	2
15	3	1
15	4	2
15	7	1
15	8	2
15	9	2
15	10	1
15	12	4
15	13	2
15	14	1
16	7	1
16	8	1
16	14	1
16	15	1
17	2	3
17	5	1
17	8	1
17	9	1
17	10	1
17	12	3
17	13	1
17	14	1
17	16	1
18	1	1
18	2	1
18	3	1
18	4	1
18	6	1
18	7	1
18	8	1
18	10	1
18	15	2
18	16	1
19	1	2
19	3	1
19	6	1
19	8	1
19	9	1
19	12	2
19	15	1
19	16	1
19	17	2
20	1	1
20	3	1
20	4	5
20	7	1
20	10	1
20	12	1
20	13	1
20	14	5
20	16	1
20	17	1
20	18	2
20	19	2
21	0	1
21	1	1
21	2	2
21	4	2
21	5	1
21	12	2
21	14	1
21	15	2
21	17	1
21	18	1
21	19	1
22	2	1
22	4	1
22	5	3
22	6	2
22	7	1
22	8	1
22	9	1
22	12	2
22	14	1
22	16	1
22	17	1
22	19	1
22	20	1
23	0	1
23	2	1
23	4	4
23	10	1
24	1	1
24	3	2
24	4	1
24	8	1
24	10	1
24	13	1
24	14	1
24	17	1
24	18	2
24	19	1
24	20	2
24	23	1
25	1	1
25	6	1
25	10	1
25	18	1
25	23	1
25	24	1
26	5	1
26	10	1
26	12	1
26	14	1
26	18	2
26	23	1
26	24	2
26	25	2
27	0	1
27	1	1
27	2	1
27	4	1
27	10	1
27	15	1
27	25	1
28	1	1
28	2	1
28	3	1
28	5	1
28	9	2
28	10	1
28	11	1
28	13	1
28	15	1
28	17	2
28	19	1
28	24	1
28	25	1
29	0	1
29	1	1
29	5	1
29	19	1
29	25	1
30	10	1
30	13	1
30	26	1
30	27	1
30	29	2
31	8	1
31	27	1
31	29	1
31	30	1
32	9	1
32	10	1
32	12	1
32	13	1
32	20	2
32	23	1
32	24	1
32	27	1
32	29	2
32	30	1
32	31	3
33	2	1
33	4	1
33	5	1
33	22	1
33	23	1
33	27	1
33	30	1
33	32	2
34	3	1
34	4	1
34	5	1
34	11	1
34	15	1
34	17	1
34	21	1
34	22	1
34	24	2
34	25	3
34	27	1
34	28	1
34	30	1
34	31	1
34	33	2
35	10	1
35	13	1
35	18	2
35	21	1
35	24	1
35	27	2
35	29	3
35	31	2
35	32	1
35	33	4
35	34	1
36	2	1
36	3	2
36	11	1
36	24	1
36	30	1
36	32	2
36	33	1
36	34	1
37	1	3
37	2	1
37	4	1
37	5	1
37	6	1
37	9	2
37	10	1
37	12	1
37	21	1
37	24	1
37	25	1
37	26	1
37	31	1
37	35	2
38	4	1
38	9	1
38	10	1
38	11	1
38	12	1
38	13	1
38	14	1
38	15	1
38	17	1
38	18	1
38	19	1
38	24	1
38	26	1
38	27	3
38	28	1
38	30	1
38	34	2
38	35	1
38	36	1
39	1	1
39	7	1
39	11	1
39	13	3
39	15	1
39	19	1
39	23	1
39	24	1
39	28	1
39	31	1
39	34	1
39	36	2
39	38	3
40	11	1
40	12	1
40	13	2
40	17	2
40	18	2
40	20	1
40	24	2
40	25	2
40	32	1
40	36	2
40	37	1
40	39	1
41	5	1
41	9	1
41	12	1
41	13	1
41	16	1
41	20	1
41	22	1
41	24	2
41	25	2
41	27	1
41	30	1
41	31	1
41	33	2
41	34	1
41	35	2
41	36	1
41	38	2
41	39	3
41	40	1
42	13	1
42	14	1
42	18	1
42	27	2
42	28	1
42	31	1
42	33	1
42	36	1
42	37	1
42	38	2
42	39	1
42	40	2
42	41	1
43	0	1
43	2	1
43	3	1
43	4	1
43	5	1
43	8	2
43	10	2
43	11	1
43	12	1
43	14	1
43	16	1
43	18	1
43	24	2
43	28	2
43	35	1
43	38	2
43	40	2
43	41	2
43	42	1
44	5	1
44	8	1
44	11	2
44	20	1
44	28	1
44	29	2
44	30	1
44	34	1
44	38	1
44	39	2
44	40	1
44	43	4
45	3	1
45	20	1
45	25	1
45	26	2
45	30	1
45	31	1
45	32	1
45	34	1
45	37	3
45	38	3
45	40	1
45	43	1
45	44	1
46	3	2
46	11	1
46	13	1
46	17	2
46	19	1
46	28	2
46	29	1
46	35	3
46	36	1
46	44	1
46	45	4
47	2	1
47	11	1
47	15	1
47	16	1
47	18	1
47	26	2
47	32	2
47	34	1
47	38	2
47	42	1
47	44	1
47	46	2
48	4	1
48	9	1
48	10	1
48	11	2
48	12	1
48	13	1
48	14	1
48	19	1
48	20	1
48	24	1
48	26	1
48	28	1
48	31	1
48	32	1
48	34	5
48	37	3
48	42	1
48	43	1
48	44	2
48	45	1
49	1	1
49	4	1
49	5	1
49	10	2
49	11	3
49	17	1
49	18	1
49	20	1
49	21	1
49	23	1
49	25	2
49	28	1
49	29	1
49	30	1
49	31	1
49	32	1
49	34	1
49	35	2
49	36	2
49	37	2
49	38	1
49	39	1
49	40	4
49	46	1
49	47	1
49	48	1
50	0	2
50	1	1
50	10	2
50	13	1
50	14	1
50	18	1
50	21	1
50	25	3
50	28	1
50	29	1
50	30	1
50	33	1
50	34	2
50	35	2
50	40	2
50	48	2
50	49	1
51	3	1
51	9	1
51	10	1
51	11	1
51	14	1
51	18	1
51	19	1
51	20	1
51	24	1
51	25	1
51	26	1
51	27	1
51	30	1
51	31	1
51	32	2
51	33	2
51	35	1
51	36	2
51	37	2
51	38	2
51	40	3
51	41	2
51	43	1
51	44	3
51	46	2
51	48	2
51	49	2
52	7	1
52	8	2
52	9	1
52	11	1
52	12	1
52	15	1
52	24	1
52	25	1
52	26	1
52	28	1
52	32	2
52	36	2
52	37	1
52	38	2
52	42	1
52	43	1
52	47	2
52	48	1
52	49	1
53	5	1
53	9	1
53	17	1
53	18	2
53	20	1
53	24	2
53	28	2
53	30	2
53	32	1
53	34	1
53	35	1
53	36	2
53	37	2
53	38	3
53	39	4
53	40	2
53	42	1
53	43	2
53	44	1
53	45	1
53	47	1
53	48	1
54	10	1
54	14	2
54	18	1
54	22	1
54	24	1
54	26	4
54	27	1
54	28	2
54	32	1
54	34	1
54	35	3
54	37	2
54	38	3
54	42	1
54	43	2
54	46	1
54	49	1
54	53	3
55	2	1
55	4	1
55	9	1
55	10	2
55	14	2
55	15	1
55	18	1
55	21	1
55	22	1
55	25	1
55	28	1
55	32	1
55	33	2
55	34	1
55	35	2
55	36	1
55	38	1
55	39	2
55	40	2
55	41	2
55	42	4
55	48	1
55	49	2
55	51	1
55	52	1
55	53	2
55	54	4
56	5	1
56	10	1
56	11	1
56	12	1
56	16	1
56	18	1
56	22	1
56	26	4
56	32	1
56	34	1
56	38	1
56	39	1
56	42	3
56	43	1
56	45	1
56	46	2
56	47	3
56	49	1
56	52	1
57	4	1
57	8	1
57	10	1
57	12	1
57	19	1
57	24	1
57	30	2
57	31	1
57	34	1
57	36	2
57	38	2
57	44	1
57	46	2
57	49	1
57	52	2
57	54	1
57	56	1
58	4	1
58	6	1
58	10	1
58	22	1
58	28	3
58	32	1
58	35	1
58	36	2
58	38	2
58	46	1
58	47	1
58	48	2
58	49	3
58	50	1
58	52	3
59	2	1
59	9	1
59	11	2
59	13	1
59	14	1
59	17	1
59	18	1
59	20	1
59	21	1
59	24	1
59	25	1
59	33	1
59	34	2
59	35	2
59	38	3
59	40	1
59	41	1
59	44	1
59	49	2
59	50	3
59	51	1
59	52	1
59	53	1
59	54	1
59	55	1
59	57	1
60	1	1
60	11	1
60	17	1
60	19	1
60	24	2
60	27	1
60	29	2
60	31	1
60	32	1
60	33	1
60	36	3
60	37	1
60	39	1
60	40	1
60	41	2
60	46	3
60	48	2
60	49	1
60	54	1
60	56	1
60	57	1
60	58	3
60	59	2
