1	0	3
2	0	1
2	1	1
3	0	1
3	1	1
3	2	1
4	1	1
4	2	2
4	3	4
5	0	1
5	1	1
5	4	1
6	1	2
7	1	1
7	4	1
7	6	2
8	0	2
8	6	1
8	7	1
9	2	1
9	3	1
9	4	1
9	6	1
9	7	1
9	8	1
10	1	2
10	5	1
10	6	1
10	7	1
11	4	1
11	8	1
11	9	2
11	10	1
12	1	1
12	4	1
12	5	1
12	6	2
12	7	1
12	8	4
12	9	2
13	0	3
13	4	1
13	5	1
13	6	3
13	8	1
13	10	2
13	11	1
14	0	1
14	1	2
14	6	1
14	7	1
14	9	2
14	10	2
14	11	4
14	12	5
14	13	1
15	1	2
15	4	2
15	5	1
15	8	2
15	9	1
15	12	1
15	13	3
15	14	2
16	2	3
16	9	2
16	11	1
16	13	1
16	15	2
17	0	1
17	1	1
17	12	2
17	13	1
17	14	1
17	15	1
17	16	1
18	0	2
18	2	1
18	5	4
18	6	2
18	7	1
18	8	3
18	10	1
18	12	2
18	15	1
19	1	1
19	2	2
19	3	1
19	4	2
19	5	1
19	6	1
19	8	1
19	11	1
19	14	3
19	15	1
19	16	1
19	18	1
20	1	2
20	2	1
20	4	1
20	5	1
20	6	1
20	8	1
20	10	3
20	11	1
20	12	1
20	14	2
20	15	1
20	18	1
21	2	1
21	4	1
21	8	4
21	9	1
21	15	3
21	16	2
22	6	1
22	16	3
22	18	1
22	21	1
23	3	1
23	4	2
23	7	1
23	11	1
23	12	1
23	14	1
23	15	2
23	17	1
23	18	1
23	19	2
23	20	1
23	22	1
24	1	1
24	2	1
24	5	1
24	8	1
24	11	1
24	12	3
24	17	2
24	18	1
24	20	2
24	22	1
24	23	2
25	1	1
25	3	2
25	7	1
25	8	1
25	9	1
25	10	2
25	11	1
25	12	1
25	17	1
25	20	2
25	21	1
26	0	1
26	1	1
26	5	1
26	8	1
26	10	1
26	16	1
26	20	1
26	23	1
26	24	3
27	1	2
27	4	1
27	6	1
27	7	1
27	8	1
27	10	1
27	26	2
28	2	1
28	3	1
28	8	1
28	11	2
28	15	1
28	23	1
28	24	1
28	25	1
28	27	2
29	5	1
29	8	1
29	13	1
29	14	1
29	23	1
29	25	1
29	28	1
30	10	1
30	20	1
30	26	1
30	27	1
30	28	2
31	8	1
31	19	1
31	22	1
31	24	1
31	29	3
31	30	5
32	1	1
32	9	1
32	11	1
32	18	1
32	22	1
32	23	1
32	24	1
32	25	1
32	29	1
32	31	1
33	11	1
33	13	1
33	18	1
33	26	1
33	27	2
33	29	2
33	31	2
33	32	1
34	4	1
34	11	1
34	14	2
34	15	1
34	23	2
34	24	1
34	25	2
34	28	2
34	30	1
34	32	1
34	33	2
35	0	1
35	1	1
35	10	1
35	11	2
35	20	2
35	21	2
35	25	1
35	27	1
35	30	2
35	32	1
35	33	2
35	34	1
36	11	1
36	12	1
36	13	1
36	18	1
36	23	1
36	28	3
36	29	2
36	33	1
36	34	2
36	35	1
37	0	1
37	7	1
37	9	1
37	10	1
37	11	1
37	21	1
37	24	1
37	28	1
37	29	1
37	31	3
37	32	1
37	35	3
37	36	1
38	1	2
38	3	2
38	9	1
38	10	3
38	11	1
38	12	2
38	17	1
38	18	1
38	19	1
38	25	1
38	26	1
38	28	2
38	29	2
38	30	3
38	31	1
38	32	1
38	33	2
38	34	2
38	37	4
39	0	1
39	3	1
39	8	1
39	9	1
39	21	1
39	22	1
39	24	1
39	25	1
39	34	1
39	35	1
39	36	1
39	37	1
39	38	3
40	1	1
40	3	1
40	5	2
40	9	1
40	14	2
40	17	1
40	18	2
40	20	1
40	25	2
40	31	1
40	32	1
40	34	1
40	35	1
40	37	1
40	38	1
41	5	1
41	8	1
41	11	1
41	12	2
41	13	1
41	15	1
41	18	2
41	28	1
41	29	1
41	30	3
41	32	1
41	33	1
41	35	2
41	37	1
41	38	2
41	39	1
42	4	1
42	5	1
42	8	1
42	11	1
42	12	1
42	14	1
42	18	1
42	19	1
42	20	2
42	24	2
42	27	1
42	28	1
42	30	2
42	32	1
42	36	1
42	37	1
42	39	1
43	4	1
43	5	1
43	9	1
43	10	2
43	11	1
43	14	1
43	20	1
43	24	1
43	28	2
43	29	1
43	30	1
43	31	1
43	32	1
43	36	1
43	37	1
43	38	1
43	39	1
43	40	1
43	42	2
44	9	1
44	10	3
44	12	1
44	18	1
44	27	1
44	30	1
44	35	1
44	37	2
44	38	3
44	39	1
44	42	3
44	43	2
45	2	1
45	10	1
45	27	1
45	28	1
45	29	1
45	31	1
45	32	1
45	35	2
45	37	2
45	38	2
45	41	2
45	42	2
45	44	4
46	4	1
46	14	1
46	22	3
46	28	1
46	29	1
46	30	1
46	31	1
46	32	1
46	34	1
46	35	2
46	36	2
46	38	2
46	41	1
46	42	1
46	43	1
46	44	1
46	45	1
47	1	2
47	12	1
47	15	1
47	18	1
47	23	1
47	24	1
47	25	1
47	26	2
47	29	1
47	31	1
47	32	1
47	34	1
47	38	1
47	40	1
47	45	1
48	1	1
48	3	1
48	5	1
48	11	3
48	16	1
48	18	2
48	22	1
48	24	1
48	25	2
48	32	1
48	34	1
48	36	3
48	37	1
48	38	1
48	39	1
48	40	1
48	42	2
48	44	1
48	46	1
49	2	1
49	3	1
49	9	1
49	11	1
49	13	1
49	14	1
49	16	2
49	17	1
49	20	1
49	23	2
49	27	2
49	28	1
49	30	1
49	34	1
49	35	2
49	36	2
49	39	3
49	40	1
49	44	2
49	46	1
49	47	1
49	48	2
50	2	1
50	4	2
50	10	1
50	11	1
50	20	1
50	24	2
50	25	1
50	27	2
50	33	1
50	35	1
50	38	3
50	39	1
50	40	1
50	42	1
50	48	2
50	49	1
51	7	1
51	8	1
51	9	1
51	10	1
51	13	1
51	15	1
51	21	1
51	23	1
51	24	1
51	28	1
51	34	2
51	35	3
51	36	2
51	37	2
51	38	2
51	39	1
51	41	1
51	43	1
51	45	1
51	46	1
51	48	2
51	49	2
51	50	1
52	5	1
52	8	1
52	10	1
52	24	1
52	28	1
52	32	1
52	33	2
52	35	3
52	38	1
52	39	2
52	40	3
52	41	1
52	42	2
52	44	3
52	48	1
52	49	2
52	50	1
52	51	1
53	9	2
53	13	1
53	14	1
53	20	2
53	24	2
53	26	1
53	30	1
53	33	1
53	34	1
53	35	1
53	38	1
53	39	3
53	40	4
53	44	2
53	48	2
53	49	2
53	52	1
54	0	1
54	1	1
54	3	1
54	8	2
54	9	1
54	10	1
54	12	1
54	14	2
54	15	1
54	18	1
54	19	1
54	21	1
54	22	1
54	27	2
54	28	1
54	34	1
54	35	2
54	37	1
54	38	3
54	39	1
54	40	1
54	45	2
54	53	2
55	1	1
55	2	1
55	4	2
55	7	1
55	11	1
55	12	1
55	17	1
55	18	1
55	20	1
55	24	1
55	25	2
55	26	1
55	28	2
55	31	1
55	38	4
55	39	2
55	41	1
55	45	1
55	47	1
55	48	1
55	49	1
55	50	1
55	52	1
55	54	6
56	2	1
56	3	1
56	5	2
56	8	2
56	11	1
56	12	1
56	18	1
56	20	1
56	22	2
56	28	1
56	31	1
56	38	1
56	39	1
56	40	2
56	41	1
56	42	1
56	44	2
56	45	1
56	48	1
56	49	2
56	51	1
56	53	1
56	54	1
56	55	1
57	0	1
57	6	1
57	12	1
57	13	2
57	14	1
57	23	1
57	30	1
57	31	2
57	33	1
57	34	1
57	35	1
57	36	1
57	38	2
57	44	1
57	46	1
57	47	1
57	49	1
57	50	1
57	51	1
57	52	1
57	53	1
58	0	1
58	3	1
58	4	2
58	11	1
58	17	1
58	22	1
58	27	1
58	29	1
58	35	3
58	36	2
58	37	1
58	38	1
58	40	1
58	43	1
58	45	2
58	46	2
58	47	2
58	48	1
58	49	1
58	51	1
58	52	1
58	53	1
58	54	3
58	55	1
58	56	1
58	57	3
59	8	1
59	9	1
59	10	1
59	11	1
59	12	2
59	15	1
59	20	1
59	22	1
59	24	1
59	25	1
59	26	1
59	31	2
59	34	1
59	35	2
59	38	2
59	39	1
59	46	1
59	48	2
59	50	2
59	51	1
59	52	5
59	54	1
59	55	2
60	10	1
60	11	1
60	14	1
60	18	1
60	25	1
60	26	2
60	28	1
60	30	1
60	31	1
60	39	2
60	40	1
60	42	2
60	46	2
60	47	2
60	54	1
60	56	1
60	58	1
60	59	1
