2	0	1
2	1	3
4	0	2
4	2	2
4	3	2
5	0	1
5	3	1
5	4	2
6	4	2
6	5	1
7	2	1
7	5	1
7	6	1
8	1	1
8	3	2
8	5	2
8	6	1
9	1	1
9	2	1
9	3	1
9	4	1
9	5	2
9	6	1
9	8	2
10	0	1
10	2	1
10	4	2
10	7	2
11	4	1
11	6	1
11	7	1
11	8	1
11	9	1
11	10	1
12	1	1
12	2	1
12	3	2
12	6	1
12	7	1
12	8	1
12	9	1
12	10	1
12	11	1
13	0	1
13	1	3
13	5	1
13	6	3
13	7	2
13	8	2
13	9	1
13	10	3
13	11	2
13	12	1
14	1	2
14	2	1
14	3	1
14	4	3
14	6	2
14	7	1
14	8	1
14	9	1
14	10	1
14	11	3
14	12	2
14	13	2
15	1	2
15	2	1
15	6	1
15	9	1
15	11	1
15	14	1
16	1	1
16	2	1
16	15	2
17	0	2
17	2	2
17	4	1
17	6	1
17	8	3
17	12	1
17	14	1
17	16	2
18	0	1
18	5	1
18	6	2
18	8	1
18	10	1
18	11	1
18	12	1
18	14	1
18	15	2
18	17	1
19	0	2
19	1	2
19	2	2
19	4	1
19	5	1
19	9	1
19	14	1
19	15	3
19	17	2
20	2	2
20	4	1
20	6	2
20	7	1
20	8	1
20	10	2
20	11	1
20	12	1
20	13	3
20	14	1
20	17	1
21	0	1
21	2	1
21	5	1
21	6	1
21	7	2
21	8	2
21	9	2
21	11	2
21	12	1
21	14	1
21	17	1
21	18	2
21	20	1
22	1	2
22	2	2
22	3	2
22	5	1
22	7	1
22	8	2
22	10	2
22	12	2
22	14	1
22	18	1
22	20	1
23	0	1
23	1	1
23	2	1
23	3	1
23	4	1
23	7	1
23	10	1
23	14	1
23	19	1
23	20	1
24	6	1
24	10	1
24	11	1
24	12	1
24	13	1
24	14	1
24	15	2
24	23	1
25	1	2
25	3	1
25	4	1
25	5	2
25	8	1
25	9	3
25	10	3
25	12	1
25	13	1
25	20	1
25	23	1
26	0	1
26	4	1
26	8	1
26	11	1
26	13	2
26	14	1
26	17	1
26	19	1
26	25	2
27	9	1
27	12	2
27	13	1
27	22	1
27	23	1
27	25	2
27	26	2
28	4	1
28	5	1
28	10	1
28	11	1
28	13	1
28	15	1
28	16	1
28	18	1
28	19	1
28	21	1
28	22	2
28	23	1
28	24	1
28	25	1
29	1	1
29	7	1
29	10	1
29	24	1
29	25	2
29	27	1
30	1	1
30	7	1
30	9	1
30	12	1
30	26	1
30	27	2
30	28	1
31	5	1
31	8	1
31	10	1
31	15	1
31	27	1
31	29	1
31	30	4
32	1	1
32	14	2
32	15	1
32	24	1
32	25	2
32	27	1
32	29	1
32	30	2
32	31	2
33	1	1
33	2	1
33	13	3
33	22	1
33	23	1
33	25	1
33	26	1
33	27	2
33	31	3
33	32	1
34	2	1
34	6	1
34	13	1
34	17	1
34	18	1
34	19	1
34	20	1
34	26	3
34	28	1
34	29	1
34	32	1
34	33	4
35	2	1
35	6	2
35	9	1
35	12	1
35	16	1
35	20	1
35	21	1
35	24	2
35	26	1
35	27	2
35	28	1
35	30	1
35	31	1
35	32	2
35	33	4
35	34	2
36	3	2
36	4	1
36	6	1
36	27	2
36	30	1
36	31	3
36	33	1
36	34	2
36	35	1
37	2	1
37	5	1
37	7	2
37	9	2
37	11	1
37	12	1
37	14	1
37	19	1
37	21	1
37	24	2
37	26	1
37	28	1
37	29	2
37	30	1
37	31	1
37	32	2
37	33	2
37	34	3
37	35	1
38	2	2
38	5	1
38	9	2
38	11	1
38	12	1
38	13	1
38	15	2
38	19	1
38	20	2
38	23	1
38	28	1
38	31	1
38	32	1
38	33	2
38	35	3
38	36	1
39	1	1
39	14	1
39	15	1
39	23	1
39	26	1
39	28	1
39	31	1
39	32	1
39	35	1
39	38	2
40	0	1
40	5	1
40	9	1
40	10	2
40	12	1
40	14	1
40	16	1
40	17	1
40	20	1
40	23	1
40	25	1
40	26	1
40	30	1
40	32	2
40	34	1
40	37	1
40	38	1
41	4	2
41	10	1
41	12	1
41	14	1
41	15	1
41	24	1
41	25	1
41	31	2
41	33	1
41	36	1
41	37	3
41	38	3
41	40	1
42	2	1
42	10	1
42	20	1
42	28	4
42	30	1
42	35	1
42	37	1
42	38	3
42	40	1
43	3	1
43	10	1
43	15	1
43	22	1
43	32	1
43	33	3
43	34	1
43	35	1
43	37	2
43	38	1
43	39	2
43	40	1
43	42	1
44	4	2
44	11	2
44	18	1
44	19	1
44	25	1
44	38	4
44	39	1
44	40	2
44	41	1
44	43	1
45	3	1
45	5	1
45	15	2
45	25	1
45	26	1
45	27	1
45	31	1
45	35	1
45	36	2
45	38	1
45	39	1
45	42	2
45	43	3
45	44	2
46	3	1
46	4	1
46	10	1
46	17	1
46	18	1
46	19	1
46	27	1
46	29	1
46	30	1
46	31	1
46	32	1
46	33	3
46	37	1
46	38	1
46	39	2
46	41	1
46	43	3
46	45	2
47	4	1
47	9	2
47	15	2
47	18	1
47	26	3
47	29	2
47	30	1
47	32	1
47	33	1
47	34	1
47	35	2
47	37	2
47	38	2
47	39	1
47	43	1
47	44	1
47	46	2
48	1	2
48	9	1
48	11	2
48	12	3
48	13	1
48	15	2
48	19	1
48	25	1
48	28	2
48	29	1
48	31	1
48	33	2
48	34	2
48	40	1
48	41	2
48	47	3
49	1	1
49	2	1
49	9	2
49	11	3
49	12	1
49	14	1
49	15	1
49	17	1
49	19	2
49	20	1
49	21	1
49	24	2
49	26	1
49	30	2
49	31	2
49	34	3
49	35	4
49	36	2
49	37	1
49	38	4
49	40	1
49	42	1
49	44	2
49	48	3
50	2	1
50	8	2
50	9	2
50	15	1
50	24	3
50	28	1
50	30	1
50	36	1
50	38	2
50	40	2
50	45	1
50	47	1
50	48	2
51	3	1
51	4	1
51	10	2
51	12	1
51	13	2
51	15	2
51	18	1
51	22	1
51	26	2
51	31	1
51	33	1
51	35	2
51	36	2
51	37	1
51	38	5
51	40	3
51	41	1
51	42	3
51	44	1
51	45	1
51	46	2
51	47	1
51	49	4
52	1	1
52	8	1
52	9	1
52	17	2
52	18	1
52	23	2
52	24	1
52	25	1
52	26	2
52	28	1
52	30	2
52	31	1
52	33	1
52	38	1
52	40	2
52	42	1
52	43	3
52	46	1
52	49	2
52	50	1
53	3	1
53	4	1
53	7	1
53	10	1
53	14	1
53	15	1
53	17	1
53	18	1
53	19	1
53	20	2
53	26	2
53	27	4
53	28	3
53	29	1
53	34	1
53	35	1
53	36	1
53	37	1
53	38	3
53	39	1
53	46	1
53	47	1
53	48	1
53	49	3
53	51	1
53	52	2
54	2	1
54	8	1
54	10	1
54	13	1
54	14	1
54	17	1
54	21	1
54	23	2
54	24	1
54	28	2
54	32	1
54	33	1
54	35	1
54	38	2
54	40	2
54	41	1
54	42	1
54	43	1
54	45	2
54	47	1
54	52	1
54	53	1
55	3	1
55	4	2
55	7	1
55	8	1
55	10	1
55	12	1
55	14	1
55	17	1
55	28	2
55	31	1
55	34	2
55	36	1
55	37	1
55	38	2
55	39	1
55	41	1
55	45	1
55	46	1
55	49	2
55	52	2
55	54	1
56	0	1
56	3	1
56	8	1
56	15	2
56	23	1
56	25	1
56	27	1
56	28	2
56	33	1
56	37	1
56	38	2
56	39	1
56	46	1
56	49	2
56	51	2
56	55	2
57	0	1
57	3	1
57	8	1
57	11	1
57	14	1
57	15	2
57	19	1
57	20	1
57	27	1
57	28	3
57	36	3
57	37	1
57	40	1
57	44	1
57	47	1
57	48	2
57	49	1
57	52	2
57	53	1
57	54	2
57	55	1
58	0	1
58	4	2
58	7	1
58	16	2
58	17	1
58	25	1
58	28	1
58	29	1
58	32	1
58	33	1
58	34	1
58	36	1
58	39	1
58	41	1
58	45	1
58	46	1
58	47	1
58	49	3
58	51	3
58	55	1
59	2	1
59	4	1
59	6	1
59	10	1
59	15	2
59	17	2
59	18	1
59	23	1
59	27	2
59	28	2
59	34	1
59	36	2
59	37	1
59	38	1
59	40	3
59	44	1
59	46	2
59	48	1
59	52	1
59	53	1
59	54	1
59	55	1
59	56	1
59	57	2
60	2	1
60	3	1
60	4	1
60	7	2
60	10	1
60	11	1
60	12	1
60	15	1
60	30	1
60	31	1
60	32	2
60	33	1
60	34	1
60	35	1
60	38	2
60	39	1
60	40	2
60	45	1
60	46	1
60	49	1
60	51	2
60	53	1
60	55	1
60	57	1
60	59	2
