2	1	1
4	1	1
4	2	1
4	3	1
5	4	4
6	0	1
6	1	1
6	4	1
6	5	1
7	0	1
7	2	1
7	5	2
7	6	2
8	0	2
8	2	1
8	7	4
9	0	2
9	1	1
9	4	1
9	5	1
9	6	2
9	7	3
9	8	1
10	1	1
10	5	1
10	7	2
10	8	1
10	9	2
11	1	2
11	4	1
11	6	1
11	7	1
11	8	1
11	9	1
12	0	1
12	1	1
12	2	4
12	4	2
12	6	2
12	8	5
13	1	2
13	5	1
13	6	2
13	8	1
13	11	1
13	12	4
14	9	2
14	10	1
14	11	2
14	12	1
15	0	1
15	2	1
15	4	1
15	7	1
15	9	3
15	10	1
15	11	1
15	12	2
15	13	2
15	14	2
16	7	2
16	9	1
16	11	1
16	12	1
16	13	1
17	2	1
17	3	1
17	4	1
17	11	1
17	16	2
18	1	1
18	2	1
18	4	1
18	6	2
18	7	1
18	10	1
18	11	2
18	12	3
18	13	2
18	14	2
18	16	1
19	0	1
19	2	2
19	4	2
19	8	1
19	10	1
19	11	2
19	14	2
19	16	2
20	1	1
20	2	1
20	3	3
20	4	2
20	14	2
20	16	1
20	17	1
20	19	1
21	2	1
21	5	2
21	6	3
21	7	1
21	8	1
21	10	2
21	12	2
21	13	1
21	15	2
21	20	1
22	1	2
22	2	1
22	4	2
22	5	1
22	7	1
22	9	1
22	10	1
22	11	1
22	12	2
22	14	1
22	16	1
22	20	2
23	1	2
23	2	1
23	4	1
23	8	1
23	14	1
23	15	1
23	20	3
24	2	1
24	4	2
24	5	1
24	6	1
24	8	1
24	9	1
24	10	2
24	11	2
24	14	1
24	17	1
24	18	1
24	20	1
24	21	1
24	22	1
24	23	2
25	1	6
25	4	1
25	5	1
25	6	1
25	7	1
25	8	2
25	9	1
25	10	2
25	11	1
25	12	1
25	13	1
25	14	1
25	17	1
25	20	1
25	23	2
25	24	1
26	4	1
26	12	1
26	14	1
26	24	2
27	1	1
27	2	1
27	7	1
27	11	1
27	13	1
27	15	1
27	17	1
28	0	1
28	1	1
28	4	1
28	5	2
28	7	1
28	9	2
28	14	2
28	15	1
28	18	2
28	21	1
28	22	2
28	24	2
28	27	1
29	1	1
29	18	1
29	24	1
30	7	1
30	12	1
30	13	1
30	14	1
30	20	1
30	29	1
31	11	1
31	19	1
31	26	1
31	27	1
31	29	2
31	30	1
32	8	2
32	11	3
32	12	2
32	13	1
32	14	1
32	22	1
32	23	1
32	29	1
32	30	2
33	5	1
33	10	1
33	13	1
33	18	1
33	22	1
33	27	1
33	28	2
33	30	4
33	31	1
34	1	1
34	4	2
34	9	1
34	10	2
34	13	1
34	15	2
34	25	1
34	27	1
34	33	1
35	1	2
35	2	1
35	6	1
35	13	1
35	15	1
35	16	1
35	18	2
35	23	1
35	24	1
35	26	1
35	27	2
35	28	1
35	30	1
35	31	2
35	32	1
35	33	3
35	34	2
36	1	1
36	2	1
36	7	2
36	8	1
36	11	1
36	16	1
36	24	1
36	26	1
36	28	1
36	31	1
36	32	1
36	35	3
37	6	1
37	7	1
37	8	1
37	10	1
37	15	3
37	19	1
37	28	1
37	29	2
37	32	2
37	33	1
37	34	2
37	35	2
38	1	1
38	3	1
38	9	2
38	12	1
38	15	1
38	17	1
38	18	1
38	20	2
38	21	1
38	28	4
38	30	2
38	31	2
38	32	2
38	33	1
38	35	2
38	37	1
39	5	1
39	10	2
39	13	2
39	14	1
39	18	1
39	21	3
39	24	1
39	30	1
39	36	1
39	37	1
39	38	3
40	9	1
40	10	3
40	11	1
40	14	2
40	23	1
40	26	1
40	28	2
40	31	1
40	33	1
40	34	2
40	35	1
40	38	3
40	39	1
41	6	1
41	8	2
41	10	1
41	13	1
41	28	2
41	30	1
41	31	2
41	34	2
41	35	2
41	37	1
41	38	2
41	39	1
41	40	1
42	6	1
42	10	2
42	13	1
42	27	1
42	28	1
42	29	2
42	32	1
42	36	1
42	40	1
42	41	2
43	11	2
43	13	1
43	15	2
43	20	1
43	28	2
43	29	1
43	30	1
43	32	3
43	36	1
43	40	1
43	41	2
44	3	2
44	7	1
44	10	1
44	20	1
44	21	1
44	28	1
44	29	1
44	33	1
44	35	1
44	36	1
44	37	1
44	38	2
44	39	2
44	41	2
44	42	2
45	5	1
45	19	1
45	28	1
45	29	1
45	30	1
45	32	1
45	34	1
45	35	1
45	37	1
45	39	2
45	42	1
45	43	1
46	3	1
46	4	1
46	8	1
46	18	1
46	19	1
46	26	1
46	27	2
46	30	2
46	31	2
46	34	1
46	40	1
46	44	1
46	45	1
47	3	1
47	12	3
47	16	2
47	26	2
47	27	1
47	28	1
47	33	1
47	34	2
47	35	1
47	36	1
47	38	2
47	40	1
47	45	2
47	46	1
48	1	1
48	2	1
48	11	2
48	12	1
48	13	2
48	14	1
48	15	1
48	16	1
48	19	1
48	20	2
48	23	1
48	27	1
48	30	2
48	32	1
48	33	1
48	34	3
48	35	3
48	38	2
48	39	1
48	42	1
48	43	1
48	46	2
49	1	1
49	3	1
49	4	3
49	10	1
49	13	1
49	16	1
49	20	1
49	21	1
49	26	1
49	27	1
49	28	1
49	30	1
49	32	1
49	34	1
49	35	2
49	36	1
49	37	1
49	38	2
49	40	2
49	42	1
50	9	1
50	10	1
50	12	1
50	15	1
50	21	1
50	23	1
50	26	1
50	27	2
50	30	3
50	31	3
50	32	1
50	34	2
50	37	1
50	40	1
50	43	2
50	45	1
50	47	1
50	48	1
50	49	1
51	3	1
51	4	1
51	5	1
51	7	1
51	9	2
51	10	1
51	11	2
51	13	1
51	14	1
51	15	1
51	19	1
51	24	2
51	25	2
51	26	1
51	28	3
51	30	1
51	31	1
51	33	2
51	34	4
51	36	1
51	37	2
51	38	4
51	39	2
51	43	2
51	45	1
51	47	1
51	48	1
51	49	1
51	50	2
52	1	1
52	3	1
52	4	1
52	10	2
52	11	1
52	13	1
52	19	1
52	25	1
52	26	1
52	31	1
52	32	1
52	34	2
52	35	2
52	38	3
52	40	1
52	41	1
52	42	3
52	44	1
52	46	1
52	49	1
52	50	1
53	5	3
53	9	2
53	10	1
53	16	1
53	21	1
53	22	1
53	24	2
53	25	2
53	28	1
53	29	1
53	30	1
53	32	1
53	37	2
53	38	1
53	39	3
53	41	2
53	42	1
53	43	1
53	45	3
53	48	1
53	49	2
53	52	1
54	1	1
54	2	1
54	10	1
54	16	2
54	23	1
54	24	1
54	28	3
54	36	1
54	37	3
54	41	2
54	45	1
54	47	1
54	48	1
54	51	1
54	52	3
55	1	1
55	2	2
55	4	1
55	5	1
55	8	2
55	9	3
55	12	1
55	18	1
55	24	2
55	25	1
55	26	1
55	31	1
55	33	1
55	34	1
55	35	2
55	36	1
55	38	1
55	39	1
55	40	1
55	41	1
55	44	1
55	45	2
55	46	2
55	48	1
55	49	3
55	50	2
55	52	4
55	53	3
55	54	2
56	3	2
56	4	1
56	9	1
56	12	1
56	24	1
56	28	1
56	30	1
56	36	2
56	38	2
56	39	1
56	42	1
56	46	2
56	47	2
56	48	1
56	50	2
56	53	1
56	54	2
56	55	1
57	0	1
57	2	1
57	19	1
57	25	1
57	28	2
57	29	1
57	30	1
57	31	1
57	34	1
57	35	1
57	36	1
57	37	1
57	42	2
57	44	2
57	45	1
57	46	2
57	49	2
57	51	5
57	52	2
57	55	1
58	2	1
58	3	2
58	4	1
58	6	1
58	7	1
58	18	1
58	20	2
58	24	1
58	27	1
58	30	1
58	33	3
58	35	1
58	36	1
58	37	1
58	38	3
58	39	3
58	41	1
58	42	1
58	43	1
58	44	2
58	46	3
58	49	1
58	50	1
58	51	1
58	52	2
58	55	2
58	57	1
59	1	2
59	4	2
59	5	2
59	8	1
59	11	3
59	12	1
59	18	1
59	19	1
59	25	1
59	27	2
59	28	2
59	32	2
59	33	3
59	35	1
59	36	1
59	40	1
59	41	1
59	43	1
59	44	1
59	45	1
59	46	1
59	47	1
59	49	3
59	50	4
59	51	1
59	52	2
59	53	2
59	54	2
59	55	3
59	56	1
59	57	4
59	58	1
60	3	1
60	14	2
60	19	2
60	26	1
60	27	2
60	31	1
60	33	2
60	34	1
60	35	1
60	36	1
60	39	1
60	40	1
60	42	2
60	47	5
60	48	2
60	49	2
60	51	2
60	52	1
60	54	2
60	57	1
60	58	3
60	59	1
