1	0	2
3	1	1
4	0	1
4	1	1
4	3	3
5	2	3
5	4	1
6	0	1
6	1	1
6	3	1
6	4	1
6	5	1
7	0	2
7	1	2
7	3	1
7	6	2
8	1	2
8	2	2
8	5	3
8	6	2
8	7	3
9	0	1
9	1	1
9	3	1
9	5	1
9	6	1
9	7	3
10	0	1
10	1	1
10	7	1
10	9	1
11	1	1
11	6	2
11	7	1
11	9	2
11	10	1
12	0	2
12	1	2
12	2	2
12	6	1
12	7	1
12	8	2
12	9	3
12	10	1
12	11	1
13	1	3
13	2	1
13	4	2
13	5	1
13	6	1
13	7	3
13	8	2
13	10	1
13	11	1
13	12	5
14	4	2
14	6	3
14	7	1
14	8	5
14	10	2
14	12	3
14	13	3
15	2	2
15	4	2
15	6	1
15	7	2
15	8	4
15	9	2
15	10	1
15	11	3
15	12	1
15	13	2
15	14	1
16	1	1
16	2	2
16	3	2
16	5	1
16	7	1
16	9	1
16	10	1
16	11	1
16	13	1
16	14	1
16	15	2
17	2	1
17	3	1
17	5	1
17	6	1
17	7	1
17	9	1
17	12	1
17	15	5
17	16	1
18	2	1
18	5	2
18	7	1
18	9	1
18	10	2
18	12	1
18	13	2
18	15	2
19	4	2
19	8	2
19	9	1
19	11	2
19	15	2
19	16	1
19	17	2
19	18	2
20	0	1
20	3	1
20	7	1
20	8	1
20	9	1
20	10	1
20	12	2
20	13	1
20	14	2
20	19	1
21	2	2
21	4	1
21	8	2
21	9	1
21	10	1
21	12	2
21	14	2
21	15	2
21	16	1
22	2	2
22	4	2
22	5	1
22	13	2
22	14	1
22	16	1
22	18	2
22	19	1
22	21	1
23	3	1
23	9	1
23	10	2
23	12	1
23	15	1
23	17	1
23	18	1
23	19	1
23	20	2
24	4	1
24	5	1
24	9	1
24	10	1
24	12	1
24	13	1
24	14	3
24	15	2
24	16	1
24	17	1
24	20	1
25	7	2
25	10	1
25	11	3
25	13	2
25	14	1
25	15	1
25	18	1
25	19	2
25	24	1
26	5	2
26	14	1
26	20	1
27	0	2
27	10	2
27	11	1
27	12	2
27	13	1
27	14	1
27	15	1
27	18	1
27	25	1
28	0	1
28	2	1
28	3	1
28	4	2
28	8	2
28	9	1
28	13	1
28	14	1
28	18	2
28	19	1
28	20	1
28	23	1
28	24	2
29	8	1
29	13	1
29	14	1
29	18	1
29	19	1
29	24	2
30	1	2
30	3	1
30	9	1
30	12	1
30	27	1
30	29	2
31	9	1
31	22	1
31	23	2
31	25	1
31	27	1
31	28	2
31	29	2
31	30	1
32	1	1
32	4	1
32	14	1
32	18	2
32	26	1
32	28	3
32	29	1
32	31	3
33	1	1
33	5	1
33	9	2
33	17	1
33	18	1
33	25	1
33	26	1
33	27	1
33	29	1
33	30	1
33	31	1
34	5	1
34	9	2
34	11	1
34	12	1
34	13	1
34	14	1
34	16	1
34	18	1
34	20	2
34	21	1
34	22	1
34	25	1
34	27	2
34	28	1
34	29	1
34	30	1
34	31	1
34	32	1
34	33	2
35	0	1
35	10	3
35	11	1
35	13	3
35	14	1
35	15	2
35	17	1
35	22	1
35	24	1
35	25	1
35	27	1
35	28	1
35	29	1
35	30	2
35	31	1
35	32	4
35	34	2
36	23	1
36	24	2
36	26	2
36	27	2
36	30	1
36	31	2
36	32	1
36	34	2
37	1	2
37	5	1
37	11	1
37	13	2
37	18	2
37	27	1
37	28	1
37	29	1
37	30	1
37	32	3
37	33	1
37	34	2
37	36	1
38	1	2
38	3	1
38	4	2
38	5	1
38	6	1
38	8	3
38	10	1
38	14	1
38	17	1
38	21	2
38	22	1
38	23	1
38	26	1
38	27	3
38	29	1
38	31	1
38	32	2
38	35	2
38	36	3
38	37	2
39	0	1
39	1	1
39	3	1
39	8	1
39	20	1
39	24	2
39	25	1
39	26	1
39	33	1
39	35	1
39	36	1
39	37	1
39	38	1
40	0	1
40	3	1
40	5	1
40	6	1
40	11	2
40	13	1
40	15	1
40	20	1
40	23	1
40	25	1
40	30	1
40	31	1
40	32	2
40	33	1
40	35	2
40	36	1
40	37	1
40	38	1
41	1	1
41	6	1
41	7	2
41	9	1
41	10	1
41	11	2
41	20	1
41	22	1
41	24	1
41	27	1
41	30	1
41	34	2
41	35	1
41	36	1
41	37	1
41	38	2
41	39	1
41	40	1
42	4	1
42	6	1
42	9	1
42	12	1
42	13	1
42	15	1
42	18	1
42	28	2
42	31	1
42	33	1
42	36	1
42	38	2
42	39	3
42	40	1
43	1	1
43	3	1
43	11	1
43	12	1
43	29	1
43	30	2
43	31	2
43	33	3
43	34	2
43	35	1
43	36	3
43	37	1
43	38	1
44	11	1
44	12	2
44	18	1
44	20	1
44	21	1
44	31	1
44	36	1
44	37	1
44	39	1
45	20	1
45	25	1
45	30	1
45	32	1
45	34	1
45	36	1
45	37	1
45	43	3
45	44	2
46	15	1
46	23	2
46	24	1
46	27	2
46	30	3
46	31	2
46	32	1
46	34	1
46	35	3
46	37	1
46	39	1
46	40	1
46	41	1
46	42	1
46	44	2
46	45	3
47	0	1
47	2	1
47	11	1
47	24	1
47	26	1
47	27	1
47	30	2
47	31	1
47	37	1
47	42	1
47	44	1
47	45	2
48	1	1
48	2	1
48	8	1
48	9	2
48	10	1
48	11	2
48	12	1
48	13	1
48	14	1
48	21	1
48	22	2
48	24	2
48	25	1
48	26	2
48	27	1
48	28	1
48	30	1
48	34	4
48	35	2
48	36	3
48	37	1
48	40	1
48	41	1
48	42	1
48	45	1
49	3	1
49	4	1
49	11	1
49	12	1
49	14	1
49	17	1
49	19	1
49	20	1
49	23	1
49	25	1
49	27	1
49	28	1
49	31	1
49	33	3
49	34	1
49	35	1
49	36	2
49	37	1
49	38	1
49	40	2
49	46	1
49	48	2
50	9	1
50	10	2
50	19	1
50	28	1
50	35	1
50	36	1
50	39	1
50	46	1
50	47	1
50	48	3
50	49	2
51	4	1
51	9	1
51	11	2
51	12	1
51	13	2
51	14	1
51	19	1
51	24	1
51	26	1
51	28	2
51	30	1
51	33	1
51	34	1
51	35	1
51	36	1
51	37	3
51	38	4
51	40	1
51	41	1
51	42	2
51	45	2
51	48	2
51	50	1
52	3	1
52	11	2
52	12	2
52	15	2
52	18	1
52	19	1
52	20	1
52	21	1
52	23	1
52	26	1
52	27	2
52	29	1
52	30	1
52	31	1
52	36	1
52	38	2
52	40	2
52	41	1
52	43	1
52	48	1
52	49	2
52	50	1
53	1	1
53	3	1
53	10	3
53	11	1
53	16	1
53	18	2
53	19	1
53	20	1
53	23	1
53	25	1
53	29	1
53	32	1
53	33	1
53	34	3
53	35	3
53	36	1
53	37	2
53	38	1
53	39	2
53	41	2
53	42	1
53	43	1
53	45	1
53	46	1
53	49	1
53	51	5
53	52	3
54	2	2
54	4	1
54	10	1
54	12	2
54	13	2
54	15	1
54	16	1
54	18	2
54	20	1
54	21	1
54	25	1
54	30	1
54	41	1
54	44	1
54	46	2
54	50	2
54	51	2
55	2	1
55	4	2
55	5	1
55	6	1
55	11	1
55	14	1
55	15	1
55	17	1
55	18	2
55	19	1
55	20	1
55	21	1
55	22	1
55	23	3
55	24	1
55	25	1
55	27	1
55	28	1
55	32	2
55	34	1
55	36	1
55	38	1
55	39	1
55	40	2
55	42	1
55	44	1
55	47	1
55	48	1
55	49	1
55	52	3
55	53	3
55	54	3
56	0	1
56	2	1
56	5	1
56	22	1
56	24	1
56	26	1
56	28	4
56	31	1
56	34	1
56	35	1
56	38	1
56	39	1
56	40	1
56	42	1
56	43	1
56	44	2
56	46	2
56	50	1
56	52	1
56	53	3
56	54	3
56	55	1
57	0	1
57	1	1
57	2	1
57	12	1
57	13	1
57	23	1
57	24	2
57	25	1
57	40	2
57	41	1
57	43	2
57	44	1
57	46	1
57	49	1
57	52	3
57	54	1
57	55	1
58	1	1
58	4	1
58	11	1
58	16	1
58	18	1
58	23	1
58	24	1
58	32	2
58	33	1
58	36	1
58	37	1
58	39	1
58	43	1
58	46	1
58	47	2
58	48	1
58	49	1
58	55	1
58	56	3
58	57	2
59	2	1
59	11	1
59	14	1
59	19	1
59	20	1
59	23	1
59	25	1
59	28	1
59	29	2
59	32	1
59	34	1
59	36	2
59	38	3
59	40	2
59	42	1
59	43	2
59	44	1
59	47	2
59	50	2
59	51	2
59	54	1
59	57	1
59	58	2
60	1	1
60	8	1
60	24	2
60	26	1
60	27	1
60	31	2
60	32	1
60	33	1
60	34	1
60	46	2
60	48	1
60	49	1
60	51	2
60	53	1
60	54	2
60	57	2
60	59	2
