3	1	1
3	2	3
4	0	1
4	2	1
4	3	1
5	1	1
5	4	2
6	0	1
6	2	1
6	3	1
7	1	1
7	5	1
7	6	1
8	0	2
8	1	1
8	2	1
8	4	3
8	5	1
8	6	4
8	7	2
9	0	3
9	2	1
9	7	3
9	8	4
10	0	1
10	3	1
10	5	1
10	6	2
10	8	1
10	9	1
11	0	1
11	1	1
11	3	1
11	4	2
11	5	1
11	6	2
11	8	1
11	10	1
12	2	2
12	3	1
12	4	2
12	6	1
12	8	5
12	9	3
12	10	3
12	11	2
13	1	1
13	2	2
13	4	1
13	7	2
13	8	2
13	9	2
13	11	1
13	12	1
14	4	2
14	7	1
14	8	2
14	9	3
14	13	1
15	0	2
15	1	2
15	2	2
15	3	3
15	4	3
15	5	1
15	7	3
15	8	2
15	9	2
15	10	1
15	12	2
15	13	1
15	14	1
16	0	1
16	8	1
16	11	1
16	15	1
17	4	1
17	6	2
17	8	3
17	9	1
17	12	1
17	15	3
17	16	2
18	1	1
18	2	2
18	5	3
18	6	1
18	8	1
18	9	1
18	10	1
18	14	1
18	15	1
19	1	3
19	2	1
19	3	3
19	13	1
19	16	1
19	17	1
19	18	1
20	3	1
20	4	2
20	5	1
20	7	1
20	10	2
20	11	2
20	13	2
20	15	1
20	19	3
21	2	2
21	4	2
21	5	1
21	7	1
21	11	2
21	12	2
21	15	1
21	16	1
21	17	1
21	18	1
21	19	1
21	20	1
22	2	1
22	3	2
22	5	3
22	14	2
22	15	4
22	16	1
22	18	1
22	21	1
23	0	1
23	8	1
23	10	1
23	15	1
23	19	1
24	0	1
24	1	1
24	4	2
24	5	1
24	7	1
24	9	1
24	10	2
24	11	3
24	16	2
24	20	2
25	1	1
25	3	1
25	5	2
25	7	1
25	9	1
25	10	2
25	11	2
25	13	1
25	20	2
25	21	1
25	23	1
25	24	1
26	11	1
26	14	1
26	23	1
26	25	1
27	0	1
27	1	2
27	8	1
27	10	2
27	11	1
27	12	2
27	13	1
27	18	1
27	23	1
27	24	1
27	25	1
27	26	2
28	0	1
28	2	1
28	3	1
28	4	1
28	11	2
28	13	2
28	14	2
28	18	1
28	19	1
28	20	1
28	22	1
29	1	1
29	4	1
29	24	1
29	25	1
30	3	1
30	9	1
30	10	1
30	19	1
30	20	2
30	24	1
30	25	1
30	26	1
30	28	1
31	15	1
31	24	1
31	27	2
31	29	2
32	1	1
32	10	1
32	12	1
32	20	1
32	24	1
32	27	2
32	30	2
33	1	1
33	9	1
33	12	2
33	13	3
33	14	1
33	15	3
33	19	1
33	22	1
33	24	1
33	25	1
33	28	1
33	29	2
33	30	2
33	31	1
34	1	2
34	3	1
34	8	1
34	14	2
34	16	1
34	19	1
34	20	1
34	29	1
34	31	2
34	33	1
35	5	1
35	8	1
35	17	1
35	20	1
35	22	1
35	25	1
35	26	1
35	27	1
35	31	1
35	32	1
35	33	3
35	34	3
36	3	1
36	12	1
36	18	1
36	27	2
36	28	1
36	29	1
36	34	2
36	35	4
37	1	2
37	4	1
37	6	1
37	8	1
37	12	1
37	19	1
37	21	1
37	28	1
37	29	1
37	30	2
37	33	1
37	34	1
37	35	1
38	2	1
38	3	1
38	4	3
38	5	2
38	6	1
38	9	1
38	11	1
38	15	1
38	16	1
38	18	2
38	19	1
38	26	1
38	27	1
38	28	1
38	30	2
38	35	1
38	36	5
38	37	4
39	5	1
39	6	1
39	8	1
39	10	2
39	12	1
39	14	1
39	24	1
39	26	1
39	29	2
39	30	1
39	38	1
40	0	1
40	3	2
40	6	1
40	8	2
40	10	2
40	12	1
40	13	1
40	14	1
40	18	2
40	19	1
40	20	1
40	23	1
40	25	1
40	30	2
40	32	2
40	34	1
40	35	1
40	36	3
40	37	2
41	1	1
41	5	2
41	7	1
41	8	1
41	10	1
41	12	1
41	13	1
41	30	1
41	31	1
41	33	2
41	34	1
41	36	1
41	38	3
41	39	2
42	1	1
42	2	1
42	4	1
42	5	1
42	11	1
42	14	1
42	18	1
42	28	1
42	29	1
42	30	1
42	32	1
42	35	1
42	37	2
42	38	1
43	0	1
43	3	1
43	14	1
43	15	1
43	26	1
43	27	1
43	28	1
43	31	1
43	32	1
43	34	2
43	35	2
43	39	1
43	41	2
43	42	2
44	4	1
44	8	1
44	9	1
44	21	1
44	27	1
44	28	1
44	30	1
44	31	1
44	34	1
44	35	1
44	37	1
44	38	2
44	40	2
44	41	1
44	42	1
44	43	2
45	10	1
45	15	3
45	25	1
45	28	1
45	29	1
45	30	1
45	31	2
45	34	1
45	35	3
45	36	1
45	37	2
45	40	1
45	41	2
45	43	1
45	44	2
46	8	1
46	10	1
46	11	1
46	26	2
46	29	1
46	30	1
46	33	2
46	35	1
46	36	1
46	38	2
46	39	2
46	43	1
46	44	1
47	2	1
47	3	1
47	9	1
47	12	2
47	13	1
47	24	1
47	26	1
47	28	1
47	33	1
47	35	1
47	36	1
47	39	1
47	40	2
47	41	2
47	45	1
47	46	3
48	2	2
48	4	1
48	8	1
48	10	1
48	11	5
48	12	1
48	13	1
48	22	1
48	23	1
48	24	1
48	25	1
48	26	1
48	27	1
48	28	1
48	32	1
48	34	1
48	36	1
48	37	1
48	40	1
48	42	1
49	0	2
49	1	1
49	4	2
49	5	2
49	6	1
49	8	2
49	9	1
49	12	1
49	14	1
49	15	1
49	19	1
49	21	2
49	23	2
49	24	4
49	33	1
49	34	5
49	35	2
49	36	2
49	38	3
49	40	2
49	41	1
49	42	1
49	44	1
49	48	2
50	8	2
50	13	1
50	14	2
50	24	2
50	26	2
50	28	1
50	30	1
50	31	1
50	32	1
50	36	2
50	38	1
50	39	1
50	40	1
50	42	1
50	48	1
50	49	2
51	1	1
51	2	1
51	5	1
51	8	1
51	10	1
51	11	1
51	15	1
51	20	2
51	22	1
51	24	1
51	25	1
51	28	1
51	29	1
51	31	1
51	32	1
51	34	1
51	35	1
51	36	1
51	39	3
51	41	1
51	43	1
51	44	1
51	45	1
51	46	1
51	47	1
51	49	5
52	1	2
52	8	2
52	9	2
52	10	2
52	11	2
52	12	1
52	13	1
52	22	1
52	23	2
52	25	1
52	26	1
52	32	1
52	33	1
52	34	1
52	35	1
52	36	2
52	37	1
52	38	2
52	40	3
52	41	1
52	44	2
52	48	1
52	49	1
53	3	1
53	13	1
53	17	1
53	18	2
53	21	1
53	24	1
53	26	2
53	28	3
53	32	1
53	33	1
53	34	1
53	35	1
53	36	1
53	38	4
53	39	1
53	40	3
53	41	1
53	43	1
53	44	2
53	46	1
53	50	1
53	52	2
54	2	1
54	3	2
54	4	1
54	5	1
54	13	1
54	25	1
54	26	1
54	28	4
54	32	1
54	34	1
54	38	1
54	40	1
54	42	1
54	44	1
54	48	1
54	49	1
54	53	2
55	1	3
55	2	1
55	4	1
55	5	1
55	10	1
55	11	2
55	12	1
55	13	1
55	14	1
55	15	1
55	17	3
55	18	1
55	21	1
55	22	1
55	24	1
55	25	2
55	28	4
55	30	1
55	33	2
55	36	1
55	38	3
55	39	3
55	42	1
55	43	1
55	44	1
55	47	1
55	48	3
55	49	3
55	50	1
55	51	1
55	52	1
55	54	4
56	5	1
56	10	1
56	12	1
56	13	2
56	14	1
56	15	1
56	20	1
56	21	1
56	28	2
56	30	1
56	32	1
56	37	1
56	38	2
56	39	2
56	40	1
56	41	2
56	44	2
56	49	1
56	52	3
57	2	2
57	3	1
57	9	1
57	10	1
57	12	1
57	18	1
57	19	1
57	22	3
57	23	1
57	24	1
57	25	1
57	26	1
57	29	1
57	34	1
57	35	2
57	39	1
57	42	1
57	45	2
57	46	1
57	47	1
57	48	1
57	50	1
57	52	3
57	53	2
57	54	1
57	56	2
58	2	1
58	9	1
58	17	1
58	18	1
58	22	1
58	24	1
58	26	1
58	28	1
58	30	1
58	31	1
58	32	2
58	34	1
58	36	3
58	38	1
58	40	2
58	44	2
58	45	3
58	46	1
58	47	1
58	48	1
58	49	1
58	50	1
58	52	1
58	54	1
58	56	2
58	57	1
59	1	1
59	5	1
59	9	1
59	14	3
59	16	1
59	17	1
59	19	2
59	23	1
59	27	2
59	28	1
59	30	1
59	31	2
59	35	1
59	37	1
59	38	2
59	39	2
59	42	1
59	44	1
59	45	1
59	47	1
59	48	1
59	49	1
59	50	1
59	51	1
59	52	4
59	54	1
59	56	1
59	57	3
59	58	2
60	4	1
60	12	1
60	13	1
60	14	1
60	15	1
60	19	1
60	20	1
60	24	1
60	26	1
60	28	1
60	30	2
60	32	1
60	33	2
60	34	1
60	35	3
60	37	1
60	38	1
60	41	1
60	42	1
60	43	1
60	44	1
60	45	1
60	47	1
60	49	1
60	52	1
60	54	1
60	58	2
