2	0	2
2	1	1
3	0	1
3	1	2
3	2	1
4	0	1
4	1	1
4	2	4
4	3	1
5	3	1
5	4	1
6	2	1
6	4	1
6	5	4
7	5	1
8	1	2
8	3	1
8	7	1
9	0	1
9	2	1
9	4	1
9	6	1
9	7	1
9	8	6
10	0	1
10	4	1
10	5	1
10	6	2
10	7	1
10	8	1
10	9	4
11	2	1
11	4	1
11	7	1
11	9	2
11	10	1
12	1	1
12	2	2
12	3	1
12	5	1
12	7	2
12	8	3
12	9	3
12	10	3
12	11	1
13	0	2
13	1	1
13	2	1
13	5	1
13	6	1
13	7	2
13	8	1
13	9	1
13	10	1
13	11	3
13	12	1
14	2	2
14	4	2
14	5	2
14	8	2
14	10	3
14	11	1
14	12	3
14	13	2
15	0	1
15	1	2
15	3	2
15	4	2
15	5	1
15	6	1
15	7	1
15	12	2
15	13	2
15	14	1
16	2	2
16	3	1
16	5	3
16	6	1
16	7	1
16	13	1
16	15	3
17	2	1
17	3	2
17	4	1
17	5	1
17	7	1
17	8	1
17	12	2
18	1	1
18	2	1
18	3	1
18	4	1
18	5	1
18	8	2
18	9	1
18	10	1
18	12	2
18	17	1
19	1	2
19	2	4
19	3	1
19	4	1
19	5	1
19	7	1
19	10	2
19	14	4
19	15	3
20	0	1
20	2	1
20	3	2
20	5	3
20	8	1
20	13	1
20	14	1
20	15	1
20	17	1
20	18	2
21	0	1
21	8	1
21	12	2
21	15	1
21	20	1
22	4	1
22	7	1
22	8	3
22	12	2
22	15	2
22	21	1
23	3	1
23	11	2
23	15	1
23	20	2
23	21	1
23	22	1
24	1	1
24	3	1
24	4	3
24	5	1
24	10	2
24	13	1
24	14	4
24	15	4
24	19	2
24	21	1
24	23	3
25	0	1
25	1	3
25	3	1
25	7	2
25	8	1
25	9	1
25	11	1
25	13	1
25	14	1
25	15	1
25	20	1
25	22	1
25	23	1
25	24	1
26	0	1
26	8	1
26	12	1
26	13	1
26	20	1
27	5	1
27	10	1
27	13	1
27	18	1
27	23	2
27	24	1
27	25	1
27	26	1
28	0	1
28	3	1
28	4	1
28	5	3
28	6	1
28	7	1
28	8	1
28	11	1
28	13	2
28	14	1
28	17	2
28	20	3
28	22	2
28	26	1
28	27	1
29	1	1
29	4	1
29	8	1
29	19	1
29	23	1
29	25	1
30	1	2
30	10	2
30	14	1
30	20	2
30	22	2
30	25	2
30	29	4
31	10	1
31	11	3
31	14	1
31	19	1
31	24	1
31	27	1
31	29	1
32	10	2
32	11	1
32	15	1
32	24	1
32	27	2
32	28	1
32	29	2
32	31	1
33	2	1
33	3	1
33	13	1
33	22	1
33	26	2
33	27	2
33	28	1
33	29	1
33	30	1
33	31	1
34	1	1
34	4	3
34	10	1
34	11	1
34	14	1
34	15	1
34	18	1
34	22	2
34	25	1
34	27	1
34	29	1
34	32	1
35	1	1
35	2	1
35	4	1
35	8	1
35	11	1
35	19	1
35	20	2
35	21	1
35	24	1
35	26	1
35	27	1
35	29	1
35	30	1
35	31	1
35	32	3
35	33	2
36	4	1
36	11	1
36	13	2
36	14	1
36	16	1
36	26	1
37	10	1
37	12	2
37	13	2
37	14	2
37	18	1
37	25	1
37	26	2
37	27	1
37	29	1
37	30	1
37	32	2
37	34	1
37	35	2
37	36	1
38	2	1
38	4	1
38	5	1
38	8	2
38	14	1
38	15	1
38	17	1
38	25	1
38	27	1
38	28	2
38	29	1
38	30	1
38	31	2
38	32	1
38	33	1
38	34	2
38	36	1
38	37	1
39	0	2
39	12	3
39	19	1
39	20	1
39	21	2
39	24	2
39	27	1
39	28	1
39	33	1
39	35	3
39	37	1
40	3	2
40	7	1
40	9	1
40	11	2
40	12	1
40	13	1
40	14	1
40	15	1
40	18	2
40	19	1
40	23	1
40	25	1
40	26	1
40	28	3
40	31	1
40	33	1
40	37	2
40	38	1
40	39	1
41	18	1
41	20	1
41	25	1
41	31	1
41	32	2
41	39	1
41	40	2
42	0	1
42	4	1
42	5	2
42	10	2
42	12	1
42	15	1
42	17	1
42	20	1
42	25	1
42	28	2
42	31	1
42	33	1
42	35	1
42	38	1
42	39	3
42	40	2
42	41	2
43	4	1
43	9	1
43	10	1
43	13	1
43	15	1
43	22	1
43	23	1
43	32	2
43	33	1
43	36	1
43	38	1
43	39	4
43	41	4
43	42	1
44	5	1
44	10	2
44	21	1
44	23	1
44	25	1
44	28	2
44	30	1
44	34	1
44	36	1
44	37	1
44	38	3
44	41	2
44	42	1
45	2	1
45	3	1
45	5	1
45	10	1
45	24	1
45	29	3
45	33	1
45	34	1
45	35	3
45	36	1
45	37	1
45	38	1
45	41	1
45	43	3
46	0	1
46	1	1
46	11	1
46	14	2
46	18	1
46	22	1
46	23	1
46	25	2
46	26	1
46	29	2
46	31	1
46	33	3
46	35	4
46	37	1
46	40	2
46	41	1
46	43	2
46	44	1
46	45	1
47	3	1
47	4	1
47	18	1
47	21	1
47	29	1
47	31	1
47	34	2
47	35	3
47	36	1
47	41	1
47	42	1
48	1	1
48	3	1
48	4	1
48	5	1
48	8	2
48	10	1
48	11	4
48	14	1
48	15	1
48	18	1
48	19	1
48	23	1
48	24	2
48	25	3
48	28	1
48	40	2
48	47	1
49	1	1
49	4	2
49	5	2
49	7	1
49	8	1
49	11	3
49	12	2
49	17	1
49	19	1
49	23	2
49	24	1
49	26	1
49	27	1
49	29	1
49	32	1
49	33	2
49	34	1
49	35	2
49	36	2
49	37	1
49	40	3
49	42	1
49	43	1
49	45	1
49	46	1
49	48	6
50	2	1
50	10	1
50	14	1
50	18	1
50	25	1
50	28	1
50	30	1
50	33	1
50	35	1
50	37	1
50	39	1
50	41	1
50	49	1
51	3	1
51	4	1
51	8	1
51	9	1
51	12	1
51	15	1
51	18	1
51	21	1
51	22	2
51	23	1
51	24	3
51	25	1
51	29	1
51	32	2
51	34	2
51	35	1
51	36	3
51	37	1
51	38	1
51	39	1
51	41	1
51	42	2
51	44	1
51	49	3
52	1	1
52	4	1
52	9	1
52	14	1
52	15	1
52	19	1
52	21	1
52	23	1
52	25	1
52	27	2
52	29	1
52	30	1
52	34	1
52	35	1
52	36	1
52	37	1
52	38	3
52	39	3
52	40	1
52	42	1
52	46	2
52	47	1
52	49	2
52	50	1
53	3	1
53	5	2
53	6	1
53	12	3
53	15	1
53	19	2
53	20	1
53	21	1
53	23	1
53	25	1
53	29	2
53	32	1
53	33	1
53	34	1
53	35	1
53	37	2
53	38	1
53	39	3
53	40	2
53	43	1
53	44	1
53	46	1
53	48	2
54	4	1
54	8	1
54	12	1
54	19	1
54	20	1
54	22	1
54	24	1
54	28	1
54	29	1
54	30	1
54	32	1
54	35	1
54	36	1
54	40	2
54	41	1
54	45	1
54	46	1
54	49	1
54	51	4
54	52	2
54	53	3
55	2	1
55	4	2
55	5	2
55	10	1
55	11	1
55	12	1
55	13	1
55	16	1
55	18	1
55	19	1
55	22	1
55	23	1
55	26	1
55	28	4
55	30	1
55	31	1
55	34	3
55	36	1
55	39	1
55	40	1
55	41	2
55	43	2
55	45	3
55	47	1
55	50	1
55	51	1
55	52	2
55	53	2
55	54	1
56	5	1
56	8	1
56	14	2
56	22	2
56	23	1
56	25	1
56	26	1
56	27	1
56	28	3
56	30	1
56	31	1
56	33	4
56	35	1
56	37	1
56	38	2
56	40	1
56	41	2
56	43	1
56	44	1
56	45	1
56	48	1
56	52	1
56	53	2
56	54	1
56	55	1
57	1	1
57	10	1
57	13	3
57	25	1
57	28	1
57	32	3
57	35	1
57	36	1
57	38	1
57	42	1
57	43	1
57	51	2
57	52	2
57	53	1
57	54	2
57	55	1
58	2	1
58	6	1
58	16	1
58	22	1
58	24	1
58	29	1
58	31	2
58	34	2
58	35	2
58	36	4
58	37	1
58	40	1
58	42	1
58	43	1
58	45	1
58	46	1
58	47	2
58	49	1
58	50	1
58	52	1
58	53	1
58	54	2
58	55	2
59	3	2
59	4	1
59	5	1
59	8	1
59	10	2
59	12	1
59	13	1
59	16	1
59	18	1
59	20	1
59	22	1
59	24	2
59	26	1
59	27	1
59	29	1
59	30	1
59	33	1
59	34	1
59	35	1
59	36	2
59	38	2
59	40	3
59	42	1
59	43	1
59	48	1
59	49	1
59	50	1
59	51	1
59	52	1
59	54	2
59	55	2
59	56	1
59	58	1
60	3	1
60	8	1
60	11	1
60	15	1
60	17	1
60	23	1
60	24	1
60	26	2
60	27	2
60	32	2
60	33	1
60	35	3
60	37	2
60	39	1
60	41	1
60	42	1
60	44	1
60	49	3
60	51	1
60	53	1
60	55	1
60	56	2
60	57	2
60	58	3
60	59	1
