2	0	1
3	1	1
3	2	1
4	0	1
4	1	1
4	3	4
5	1	2
5	2	1
5	3	1
5	4	1
6	5	1
7	2	1
8	1	2
8	2	2
8	6	3
8	7	3
9	0	1
9	6	2
9	7	1
9	8	1
10	1	1
10	2	1
10	3	1
10	4	1
10	5	1
10	7	1
10	8	1
10	9	1
11	1	2
11	3	1
11	7	1
11	8	2
11	9	1
11	10	2
12	0	1
12	2	1
12	3	1
12	5	1
12	6	1
12	7	1
12	9	1
12	10	1
12	11	1
13	1	1
13	3	1
13	5	1
13	6	1
13	8	1
13	9	2
13	10	1
13	12	3
14	0	1
14	2	2
14	4	1
14	6	2
14	8	1
14	9	3
14	10	3
14	13	3
15	0	1
15	1	2
15	4	1
15	5	1
15	6	1
15	8	2
15	11	1
15	12	1
15	13	2
15	14	3
16	1	1
16	2	1
16	4	2
16	5	1
16	8	1
16	12	1
16	14	1
17	1	2
17	2	2
17	3	1
17	4	1
17	6	1
17	10	2
17	12	2
17	13	2
17	14	1
17	15	2
17	16	2
18	0	1
18	2	2
18	3	1
18	4	1
18	5	2
18	10	2
18	11	1
18	12	2
18	14	1
18	15	1
19	0	1
19	1	1
19	2	4
19	4	1
19	6	1
19	7	1
19	11	1
19	12	1
19	13	1
19	14	1
19	15	1
19	16	3
19	17	1
19	18	1
20	1	1
20	2	1
20	3	1
20	6	1
20	8	4
20	9	1
20	10	1
20	11	1
20	12	3
20	13	2
20	15	2
20	16	1
20	18	1
21	3	1
21	5	1
21	6	1
21	8	2
21	11	2
21	12	1
21	14	1
21	16	1
22	2	1
22	3	3
22	4	1
22	5	2
22	6	2
22	12	2
22	14	1
22	15	1
22	19	1
22	21	1
23	3	1
23	8	1
23	9	1
23	10	1
23	12	3
23	13	1
23	14	3
23	17	1
23	19	1
23	21	1
24	1	2
24	2	2
24	3	2
24	7	1
24	8	1
24	9	1
24	12	1
24	13	1
24	14	3
24	15	1
24	17	1
24	18	1
24	20	2
25	1	3
25	2	1
25	3	1
25	7	1
25	8	2
25	11	1
25	12	1
25	13	2
25	16	1
25	18	1
26	13	1
26	15	1
26	16	1
26	17	1
26	19	3
26	23	1
26	24	1
26	25	2
27	6	2
27	7	1
27	9	2
27	14	1
27	15	2
27	17	1
27	18	1
27	24	1
27	25	1
27	26	1
28	2	2
28	4	1
28	7	3
28	9	1
28	10	1
28	12	1
28	14	1
28	17	1
28	20	2
28	21	4
28	25	1
29	2	1
29	8	1
29	13	1
29	25	1
29	27	2
29	28	2
30	5	3
30	11	1
30	14	1
30	24	1
30	29	1
31	4	1
31	9	1
31	19	1
31	22	1
31	29	1
31	30	1
32	1	2
32	9	1
32	11	1
32	20	1
32	25	3
32	27	1
32	30	2
32	31	1
33	1	1
33	4	1
33	8	1
33	10	3
33	12	1
33	15	2
33	25	1
33	29	1
33	31	1
33	32	1
34	3	2
34	8	1
34	17	1
34	25	4
34	27	1
34	28	1
34	30	1
34	31	1
34	32	1
35	4	1
35	5	1
35	11	1
35	20	1
35	22	1
35	24	2
35	26	2
35	30	3
35	32	2
35	33	3
35	34	2
36	1	1
36	2	1
36	11	1
36	13	1
36	18	1
36	25	1
36	27	2
36	28	1
36	32	2
36	34	1
36	35	1
37	4	1
37	5	1
37	12	1
37	13	1
37	18	1
37	26	2
37	28	1
37	29	1
37	32	3
37	35	1
37	36	1
38	1	3
38	2	1
38	3	1
38	5	2
38	10	1
38	11	1
38	14	2
38	18	1
38	21	1
38	26	1
38	28	2
38	29	1
38	32	1
38	36	1
38	37	1
39	1	1
39	6	1
39	8	1
39	9	1
39	10	1
39	11	2
39	13	1
39	20	1
39	22	1
39	24	2
39	26	2
39	28	2
39	29	1
39	32	1
39	35	1
39	37	1
39	38	2
40	3	2
40	5	1
40	8	1
40	9	2
40	10	2
40	11	1
40	13	2
40	14	1
40	15	2
40	22	1
40	23	1
40	24	1
40	28	1
40	30	1
40	32	1
40	33	2
40	36	1
40	37	2
40	38	1
41	1	1
41	10	1
41	12	1
41	18	1
41	30	1
41	31	1
41	40	1
42	1	1
42	2	2
42	11	2
42	20	1
42	26	1
42	31	1
42	32	2
42	33	1
42	34	1
42	37	1
42	38	2
42	40	1
42	41	4
43	0	1
43	4	2
43	8	2
43	10	1
43	13	1
43	21	1
43	26	1
43	28	3
43	31	2
43	32	1
43	33	1
43	34	1
43	36	1
43	37	2
43	39	1
43	40	2
43	42	3
44	4	1
44	9	1
44	11	1
44	23	1
44	24	1
44	26	1
44	29	1
44	30	1
44	34	2
44	38	3
44	39	1
44	42	1
45	0	2
45	2	1
45	3	1
45	10	1
45	25	1
45	28	1
45	32	1
45	34	1
45	35	1
45	38	2
45	40	1
45	41	2
45	42	1
45	43	2
45	44	3
46	13	1
46	14	1
46	25	1
46	28	2
46	30	2
46	32	1
46	33	1
46	35	1
46	37	1
46	39	1
46	41	2
46	44	2
46	45	1
47	11	2
47	15	1
47	23	1
47	24	1
47	26	1
47	27	1
47	29	1
47	30	3
47	32	1
47	33	1
47	34	2
47	35	1
47	36	1
47	38	1
47	40	1
47	43	1
47	45	1
47	46	1
48	2	1
48	5	2
48	6	1
48	10	3
48	14	1
48	15	1
48	18	1
48	23	1
48	24	1
48	25	2
48	26	1
48	28	1
48	29	1
48	30	2
48	34	2
48	37	1
48	38	2
48	42	1
48	43	1
49	0	1
49	6	1
49	13	1
49	16	1
49	18	1
49	22	2
49	23	1
49	24	3
49	25	1
49	28	1
49	29	2
49	30	1
49	33	1
49	35	3
49	36	1
49	37	1
49	38	2
49	45	1
49	47	3
49	48	3
50	2	1
50	3	1
50	10	1
50	12	1
50	13	1
50	24	3
50	25	1
50	27	1
50	28	1
50	29	2
50	31	1
50	32	1
50	39	1
50	40	1
50	43	1
50	49	2
51	1	1
51	2	1
51	4	2
51	10	1
51	11	1
51	12	1
51	13	1
51	14	1
51	18	1
51	25	1
51	26	1
51	28	2
51	31	2
51	32	1
51	33	1
51	34	2
51	35	2
51	38	1
51	40	1
51	43	1
52	5	1
52	12	1
52	14	2
52	16	1
52	17	1
52	18	2
52	20	2
52	24	2
52	28	1
52	30	1
52	35	2
52	36	2
52	38	1
52	39	1
52	40	1
52	43	1
52	45	1
52	47	1
52	49	1
53	5	3
53	9	1
53	10	1
53	12	2
53	13	2
53	17	1
53	27	2
53	28	2
53	30	1
53	32	1
53	33	2
53	34	1
53	35	2
53	37	1
53	38	1
53	40	3
53	43	1
53	44	1
53	45	1
53	47	1
53	49	3
53	51	1
53	52	1
54	2	1
54	3	1
54	4	1
54	10	1
54	11	1
54	12	1
54	13	1
54	15	1
54	19	1
54	20	1
54	23	1
54	34	1
54	35	2
54	38	2
54	40	2
54	41	1
54	42	1
54	43	1
54	48	2
54	49	3
54	50	1
54	51	1
54	52	2
54	53	2
55	4	1
55	8	1
55	9	1
55	11	2
55	12	3
55	15	1
55	20	1
55	22	3
55	23	2
55	28	2
55	30	1
55	32	4
55	33	1
55	38	1
55	39	1
55	40	1
55	41	1
55	42	2
55	44	1
55	45	1
55	47	2
55	49	1
55	51	1
55	52	3
55	53	1
55	54	1
56	1	1
56	8	1
56	9	1
56	10	1
56	11	1
56	15	2
56	17	1
56	21	1
56	22	1
56	23	1
56	25	1
56	26	1
56	28	1
56	32	1
56	33	1
56	34	1
56	35	1
56	38	1
56	40	2
56	41	1
56	42	1
56	43	1
56	44	3
56	45	1
56	50	1
56	54	1
57	9	1
57	13	1
57	24	1
57	25	3
57	26	1
57	31	1
57	32	1
57	34	1
57	36	2
57	37	1
57	38	2
57	41	2
57	46	1
57	47	2
57	48	1
57	49	4
57	51	1
57	52	1
57	53	1
57	54	1
57	55	3
58	1	1
58	2	1
58	10	2
58	22	1
58	25	1
58	26	2
58	27	1
58	30	1
58	33	1
58	34	3
58	35	1
58	39	1
58	41	2
58	42	1
58	43	1
58	44	1
58	45	1
58	46	2
58	47	4
58	48	1
58	57	2
59	1	1
59	6	1
59	10	1
59	12	1
59	14	2
59	16	1
59	17	1
59	19	2
59	20	1
59	23	1
59	24	1
59	28	2
59	29	1
59	30	3
59	33	1
59	35	1
59	36	2
59	38	2
59	40	3
59	41	1
59	45	1
59	47	1
59	49	1
59	52	1
59	53	2
59	55	1
59	56	2
59	57	3
59	58	1
60	0	1
60	3	1
60	7	1
60	8	1
60	11	2
60	12	1
60	30	1
60	32	1
60	33	1
60	34	1
60	36	1
60	40	2
60	42	1
60	43	1
60	44	2
60	45	1
60	47	1
60	50	1
60	57	1
60	58	1
