1	0	1
2	0	1
2	1	3
3	1	1
4	0	1
4	2	6
4	3	2
5	0	1
5	2	2
5	3	1
6	4	1
7	6	1
8	2	1
8	3	1
8	5	1
8	6	1
8	7	1
9	0	1
9	1	2
9	2	1
9	7	2
9	8	1
10	1	1
10	3	1
10	4	1
10	6	1
10	7	2
10	8	1
10	9	3
11	1	2
11	4	2
11	6	1
11	8	1
11	9	2
12	1	1
12	2	1
12	5	2
12	6	1
12	7	3
12	8	2
12	9	2
12	10	5
13	1	1
13	2	1
13	4	1
13	6	2
13	7	1
13	8	1
13	9	3
13	10	1
14	1	1
14	2	2
14	3	1
14	4	3
14	5	1
14	8	1
14	9	1
14	10	1
14	12	4
14	13	1
15	0	2
15	1	4
15	2	1
15	4	1
15	5	1
15	6	2
15	7	1
15	8	3
15	9	2
15	10	3
15	13	2
15	14	4
16	2	2
16	3	1
16	4	1
16	8	1
16	12	2
16	13	1
16	15	1
17	2	1
17	3	1
17	6	1
17	7	1
17	8	1
17	9	1
17	10	1
17	13	3
17	14	1
17	15	1
17	16	2
18	0	1
18	1	1
18	2	1
18	4	1
18	5	3
18	9	2
18	12	1
18	13	1
18	14	1
18	16	1
19	0	1
19	2	1
19	3	1
19	6	1
19	12	1
19	13	1
19	14	1
19	15	3
19	16	2
20	0	1
20	2	1
20	3	1
20	4	2
20	5	1
20	8	2
20	9	1
20	11	2
20	12	1
20	13	2
20	14	2
20	15	2
20	17	1
20	18	1
21	2	1
21	3	1
21	5	2
21	7	2
21	8	2
21	9	1
21	10	2
21	11	1
21	12	1
21	13	1
21	14	1
21	15	2
21	16	1
21	17	1
22	2	1
22	4	1
22	5	1
22	6	3
22	10	1
22	15	2
22	19	2
23	3	1
23	4	1
23	9	1
23	11	3
23	12	1
23	13	1
23	14	1
23	15	1
23	17	1
23	20	1
24	3	2
24	5	1
24	9	1
24	10	1
24	12	1
24	13	1
24	14	2
24	15	1
24	17	1
24	20	1
24	22	2
25	1	1
25	2	1
25	5	1
25	9	1
25	10	1
25	14	3
25	15	2
25	16	1
25	20	1
26	1	1
26	2	1
26	10	2
26	13	1
26	14	1
26	17	1
26	24	1
26	25	1
27	8	1
27	9	1
27	15	1
27	19	2
27	23	1
27	25	1
27	26	1
28	2	2
28	3	1
28	8	1
28	10	2
28	12	3
28	13	1
28	14	2
28	15	1
28	18	1
28	19	2
28	20	1
28	22	2
28	23	1
29	0	1
29	8	1
30	3	1
30	8	1
30	10	1
30	11	1
30	27	1
30	28	1
30	29	1
31	4	1
31	19	1
31	21	1
31	23	1
31	27	1
31	29	1
31	30	8
32	1	2
32	4	1
32	9	1
32	10	1
32	11	1
32	15	1
32	22	1
32	24	1
32	26	1
32	29	2
32	30	2
32	31	1
33	5	2
33	11	2
33	18	1
33	23	1
33	26	2
33	27	1
33	29	1
33	30	2
34	1	1
34	2	1
34	5	1
34	9	1
34	11	1
34	14	1
34	20	1
34	23	1
34	25	4
34	26	1
34	28	2
34	30	2
34	31	1
34	32	2
35	0	1
35	2	1
35	6	1
35	10	2
35	12	2
35	22	1
35	23	1
35	24	1
35	27	3
35	29	1
35	32	2
35	33	3
36	0	1
36	1	1
36	2	1
36	6	1
36	15	1
36	25	2
36	26	1
36	27	1
36	28	1
36	29	1
36	33	3
36	34	1
36	35	1
37	2	1
37	5	1
37	8	1
37	9	1
37	10	1
37	11	2
37	14	1
37	19	1
37	24	1
37	25	3
37	26	1
37	28	2
37	29	1
37	30	2
37	31	2
37	32	2
37	35	1
38	1	2
38	7	1
38	8	1
38	9	1
38	12	2
38	14	2
38	17	1
38	19	2
38	20	2
38	21	2
38	28	3
38	29	1
38	32	2
38	35	1
38	36	1
38	37	3
39	8	2
39	10	3
39	13	1
39	18	1
39	21	1
39	22	1
39	24	1
39	27	1
39	28	2
39	36	1
39	38	1
40	0	1
40	4	1
40	8	1
40	11	1
40	12	1
40	16	1
40	17	1
40	18	1
40	20	1
40	22	1
40	24	3
40	27	1
40	28	1
40	30	3
40	31	1
40	32	2
40	33	1
40	34	2
40	39	2
41	4	2
41	9	1
41	10	1
41	13	1
41	14	1
41	15	1
41	20	1
41	22	1
41	28	1
41	30	1
41	31	1
41	32	1
41	34	2
41	36	1
41	37	1
41	38	1
41	39	1
41	40	1
42	1	1
42	5	1
42	10	1
42	15	1
42	24	1
42	28	1
42	29	1
42	33	1
42	34	1
42	37	1
42	38	1
42	40	1
43	1	1
43	3	1
43	10	2
43	17	2
43	18	1
43	23	1
43	24	1
43	29	1
43	30	1
43	31	1
43	32	1
43	33	3
43	35	1
43	36	2
43	38	3
43	41	3
43	42	2
44	23	1
44	32	2
44	34	1
44	35	2
44	36	1
44	37	2
44	38	1
44	39	2
44	40	2
44	42	1
44	43	2
45	15	1
45	23	1
45	25	1
45	28	1
45	29	1
45	31	1
45	32	1
45	36	1
45	37	1
45	38	1
45	39	1
45	42	1
45	43	3
46	1	2
46	2	2
46	10	1
46	13	2
46	14	1
46	18	1
46	23	1
46	27	1
46	29	1
46	30	1
46	31	4
46	33	2
46	34	1
46	35	1
46	36	1
46	37	2
46	38	2
46	40	1
46	42	1
46	43	1
46	45	3
47	1	1
47	2	2
47	3	1
47	10	1
47	15	1
47	17	1
47	24	1
47	25	1
47	26	1
47	27	2
47	31	1
47	35	3
47	36	1
47	38	2
47	41	2
47	44	2
47	45	1
47	46	4
48	1	2
48	4	2
48	6	1
48	10	1
48	12	1
48	13	1
48	14	1
48	15	1
48	16	1
48	20	1
48	24	1
48	27	3
48	30	1
48	33	1
48	35	2
48	40	1
48	46	2
49	0	1
49	1	2
49	4	1
49	8	1
49	12	1
49	13	1
49	14	1
49	17	1
49	18	1
49	24	1
49	26	1
49	30	1
49	34	3
49	35	2
49	37	2
49	40	2
49	43	1
49	47	2
49	48	2
50	8	1
50	14	1
50	24	4
50	25	1
50	26	2
50	28	1
50	30	1
50	39	1
50	46	1
50	49	1
51	3	1
51	5	2
51	7	1
51	11	1
51	19	1
51	21	1
51	22	1
51	24	3
51	25	3
51	27	2
51	30	2
51	31	1
51	32	1
51	34	3
51	35	3
51	36	3
51	38	3
51	40	2
51	41	1
51	42	1
51	43	1
51	45	1
51	47	1
51	48	1
51	49	2
51	50	1
52	12	1
52	14	1
52	18	1
52	24	3
52	26	1
52	28	1
52	29	1
52	31	1
52	32	1
52	33	1
52	34	1
52	35	1
52	36	1
52	37	1
52	38	3
52	40	1
52	41	1
52	42	3
52	44	2
52	47	3
52	48	1
52	49	2
52	50	1
52	51	1
53	1	1
53	4	1
53	10	1
53	14	1
53	15	2
53	19	1
53	20	1
53	21	1
53	22	1
53	23	1
53	24	4
53	28	2
53	29	1
53	34	2
53	35	2
53	38	5
53	39	2
53	40	3
53	43	2
53	46	1
53	50	1
53	51	2
53	52	3
54	2	1
54	8	1
54	10	1
54	17	1
54	20	1
54	21	2
54	22	1
54	27	1
54	28	2
54	37	1
54	39	1
54	43	1
54	47	2
54	51	1
54	52	1
54	53	1
55	1	1
55	4	1
55	5	1
55	9	2
55	11	2
55	12	1
55	14	2
55	16	1
55	21	1
55	23	1
55	27	1
55	28	2
55	32	1
55	33	1
55	34	1
55	38	1
55	39	2
55	40	1
55	43	1
55	44	1
55	47	1
55	48	1
55	49	1
55	50	1
55	51	1
55	52	4
55	54	1
56	3	1
56	4	1
56	11	1
56	14	2
56	18	1
56	19	1
56	20	1
56	22	1
56	28	2
56	30	1
56	31	2
56	35	3
56	36	1
56	37	1
56	39	1
56	44	1
56	51	1
56	53	1
56	55	2
57	1	1
57	9	1
57	10	2
57	15	1
57	26	2
57	29	1
57	30	1
57	33	2
57	34	1
57	35	1
57	42	1
57	49	1
57	51	2
57	52	2
57	54	1
57	55	1
57	56	1
58	0	1
58	1	1
58	4	1
58	14	1
58	20	1
58	29	1
58	31	1
58	32	1
58	33	1
58	35	1
58	38	1
58	40	1
58	42	2
58	43	1
58	44	1
58	46	1
58	49	1
58	50	1
58	51	1
58	56	1
58	57	3
59	2	1
59	3	2
59	8	1
59	9	1
59	10	1
59	11	1
59	12	1
59	15	2
59	17	1
59	23	1
59	24	1
59	27	1
59	34	1
59	38	1
59	39	1
59	40	1
59	41	2
59	42	1
59	48	1
59	49	1
59	50	1
59	51	1
59	52	2
59	53	1
59	55	1
59	56	1
59	57	3
60	8	1
60	10	2
60	20	1
60	26	2
60	27	1
60	31	1
60	35	2
60	37	2
60	42	1
60	45	1
60	46	3
60	47	1
60	50	1
60	52	2
60	53	2
60	54	2
60	55	1
