2	0	1
4	2	2
4	3	7
5	0	2
5	1	1
5	2	1
5	3	1
5	4	1
6	1	1
6	5	3
7	0	1
7	2	1
7	6	3
8	1	3
8	4	1
8	5	1
8	6	2
8	7	2
9	6	1
9	7	1
9	8	1
10	1	1
10	2	1
10	4	2
10	6	1
10	7	1
10	8	1
10	9	1
11	1	2
11	2	1
11	4	1
11	6	1
11	8	1
11	9	1
11	10	1
12	1	2
12	2	2
12	3	1
12	5	1
12	6	4
12	7	1
12	9	1
12	10	2
12	11	3
13	0	2
13	1	1
13	6	1
13	7	2
13	8	6
13	9	1
13	11	1
14	1	2
14	2	1
14	3	3
14	4	1
14	5	1
14	6	1
14	8	1
14	9	1
14	10	1
14	13	1
15	0	1
15	1	4
15	2	1
15	3	2
15	4	1
15	5	1
15	7	3
15	9	3
15	11	1
15	12	3
15	13	1
15	14	5
16	1	1
16	2	2
16	4	1
16	7	1
16	9	1
16	10	1
16	11	3
16	13	1
16	14	1
17	5	1
17	6	1
17	7	2
17	8	1
17	9	2
17	12	3
17	13	1
17	15	2
17	16	3
18	5	1
18	7	1
18	8	1
18	10	2
18	12	2
18	13	2
18	14	2
19	0	2
19	1	1
19	3	1
19	4	1
19	5	1
19	11	1
19	15	3
19	16	1
19	18	1
20	1	2
20	2	1
20	3	1
20	4	1
20	5	1
20	9	1
20	10	1
20	13	2
20	14	1
20	15	1
20	17	1
20	18	1
20	19	1
21	1	1
21	5	1
21	8	1
21	12	1
21	14	1
21	15	3
21	17	1
21	18	2
21	20	1
22	2	1
22	4	1
22	7	2
22	8	1
22	9	1
22	10	2
22	12	1
22	16	1
22	18	2
22	19	1
23	3	2
23	7	1
23	15	1
23	18	1
23	19	1
23	22	1
24	2	1
24	3	3
24	4	2
24	5	1
24	7	1
24	10	2
24	13	1
24	14	3
24	15	1
24	19	1
24	23	2
25	4	1
25	5	2
25	7	1
25	8	3
25	10	1
25	11	2
25	16	1
25	17	1
25	19	2
25	21	1
25	24	1
26	7	1
26	10	1
26	12	1
26	20	1
26	23	1
26	25	2
27	1	1
27	3	1
27	4	1
27	5	1
27	9	1
27	10	1
27	14	1
27	15	1
27	18	1
27	22	2
27	23	1
27	24	1
27	25	1
28	1	2
28	2	1
28	3	1
28	4	1
28	10	1
28	11	2
28	12	2
28	13	5
28	15	1
28	16	1
28	19	1
28	22	3
28	23	1
28	24	1
29	8	1
29	13	1
29	19	1
29	27	1
30	3	1
30	9	1
30	10	1
30	11	1
30	29	1
31	5	1
31	11	2
31	21	1
31	22	1
31	26	1
31	28	1
31	29	2
31	30	1
32	8	1
32	9	1
32	10	2
32	14	1
32	17	1
32	23	1
32	27	1
32	30	1
32	31	2
33	0	2
33	3	1
33	5	2
33	10	1
33	18	1
33	19	1
33	24	1
33	25	1
33	27	1
33	29	1
33	30	2
33	32	4
34	3	2
34	6	1
34	11	1
34	12	2
34	14	1
34	18	1
34	20	1
34	28	1
34	31	2
34	33	2
35	1	2
35	4	1
35	10	1
35	11	1
35	15	1
35	18	1
35	20	1
35	27	2
35	29	1
35	30	2
35	31	3
35	34	1
36	2	1
36	7	2
36	10	1
36	11	1
36	12	2
36	13	1
36	18	1
36	28	1
36	30	2
36	34	3
36	35	2
37	0	1
37	3	1
37	8	1
37	9	1
37	11	1
37	13	1
37	15	1
37	29	1
37	32	2
37	33	1
37	35	2
38	1	1
38	4	2
38	5	1
38	6	1
38	8	1
38	12	1
38	14	1
38	18	1
38	26	1
38	27	1
38	28	2
38	30	1
38	31	1
38	32	1
38	33	2
38	36	1
39	4	1
39	9	2
39	10	1
39	11	1
39	13	1
39	15	2
39	22	2
39	28	5
39	34	1
39	36	1
39	37	1
39	38	4
40	4	2
40	6	1
40	7	1
40	9	2
40	12	2
40	14	2
40	24	1
40	25	1
40	27	1
40	29	1
40	30	1
40	32	2
40	33	2
40	34	2
40	35	1
40	38	1
40	39	3
41	4	1
41	9	1
41	12	1
41	14	1
41	16	1
41	25	1
41	29	1
41	31	1
41	32	1
41	35	3
41	37	5
41	39	1
42	2	1
42	4	1
42	15	1
42	29	1
42	30	1
42	37	2
42	39	3
42	40	2
43	1	1
43	3	2
43	11	2
43	14	1
43	15	1
43	24	2
43	25	1
43	26	2
43	29	2
43	30	1
43	31	2
43	32	1
43	37	4
43	38	1
43	39	1
43	40	3
43	41	2
44	5	1
44	9	1
44	10	3
44	11	1
44	24	2
44	26	1
44	27	1
44	28	1
44	31	1
44	32	1
44	33	1
44	35	2
44	38	1
44	39	2
44	40	2
44	42	1
44	43	1
45	9	1
45	10	2
45	26	1
45	28	1
45	29	3
45	30	1
45	36	1
45	37	1
45	38	1
45	41	1
45	42	1
45	43	3
45	44	1
46	4	1
46	23	1
46	24	2
46	25	2
46	27	1
46	28	2
46	29	1
46	30	1
46	32	2
46	33	1
46	36	1
46	37	1
46	39	2
46	41	1
47	0	1
47	23	1
47	24	1
47	26	1
47	29	1
47	30	3
47	32	1
47	33	2
47	35	1
47	36	1
47	38	1
47	40	2
47	42	1
47	43	2
47	46	1
48	1	3
48	3	1
48	6	1
48	7	1
48	9	1
48	10	1
48	13	2
48	14	1
48	15	1
48	22	2
48	24	3
48	25	1
48	27	1
48	28	1
48	29	1
48	34	3
48	36	3
48	37	1
48	40	1
48	41	1
48	42	1
48	45	1
49	4	1
49	6	1
49	9	2
49	12	1
49	13	1
49	14	1
49	15	1
49	18	1
49	20	1
49	24	1
49	27	2
49	28	1
49	29	2
49	30	3
49	32	2
49	34	2
49	35	1
49	36	1
49	38	1
49	39	3
49	41	1
49	42	1
49	43	1
49	44	2
49	46	1
49	47	1
49	48	2
50	0	1
50	1	2
50	2	1
50	10	1
50	18	1
50	24	1
50	25	1
50	27	1
50	28	2
50	32	2
50	36	1
50	38	1
50	39	1
50	42	2
50	47	1
50	48	1
50	49	2
51	1	1
51	3	1
51	5	1
51	6	1
51	9	1
51	10	2
51	12	2
51	14	2
51	15	1
51	24	1
51	25	2
51	29	1
51	33	1
51	35	1
51	36	2
51	38	1
51	40	1
51	41	3
51	42	1
51	43	1
51	44	1
51	45	1
51	46	2
51	49	2
51	50	1
52	1	1
52	4	1
52	5	2
52	9	1
52	10	2
52	13	1
52	14	1
52	15	2
52	16	2
52	18	1
52	19	1
52	27	1
52	32	1
52	33	1
52	35	1
52	37	1
52	38	4
52	39	1
52	44	3
52	45	1
52	47	1
52	49	2
53	1	1
53	3	1
53	8	2
53	9	2
53	10	3
53	11	1
53	12	1
53	13	1
53	14	3
53	17	1
53	18	2
53	21	1
53	27	1
53	28	2
53	33	1
53	37	2
53	38	2
53	39	1
53	40	2
53	42	1
53	43	1
53	44	1
53	46	1
53	47	2
53	48	1
53	51	3
53	52	1
54	2	1
54	10	2
54	11	1
54	13	3
54	16	1
54	17	2
54	19	2
54	22	1
54	23	1
54	26	1
54	28	1
54	29	1
54	30	2
54	34	1
54	35	1
54	38	1
54	39	1
54	40	2
54	43	1
54	46	1
54	49	1
54	52	1
55	3	2
55	7	1
55	9	2
55	12	1
55	17	1
55	18	2
55	19	1
55	20	1
55	21	1
55	25	1
55	28	3
55	29	1
55	30	1
55	32	1
55	33	1
55	34	3
55	36	1
55	37	1
55	38	1
55	40	1
55	41	1
55	42	2
55	43	1
55	44	1
55	45	1
55	49	2
55	51	2
55	53	2
55	54	4
56	13	2
56	19	2
56	24	1
56	35	2
56	36	2
56	37	1
56	38	4
56	40	1
56	41	1
56	46	2
56	49	1
56	50	1
56	51	1
56	52	1
56	53	1
56	54	1
57	1	2
57	4	1
57	6	1
57	9	1
57	11	1
57	28	1
57	32	1
57	34	2
57	35	1
57	37	1
57	38	2
57	40	1
57	41	2
57	43	2
57	44	1
57	47	2
57	49	1
57	50	2
57	52	3
57	53	1
58	2	1
58	3	1
58	6	1
58	7	1
58	11	2
58	25	1
58	31	1
58	38	1
58	42	1
58	43	2
58	46	1
58	47	1
58	49	1
58	54	1
59	1	2
59	2	3
59	3	1
59	10	1
59	18	1
59	19	1
59	21	1
59	23	3
59	24	1
59	25	2
59	29	1
59	30	1
59	34	1
59	35	1
59	36	1
59	37	1
59	38	2
59	39	1
59	40	1
59	41	3
59	44	2
59	46	1
59	47	1
59	49	1
59	50	1
59	52	1
59	53	2
59	54	2
59	55	1
59	57	1
60	2	1
60	3	2
60	7	1
60	8	1
60	10	1
60	12	1
60	14	3
60	15	1
60	19	2
60	23	1
60	25	1
60	26	2
60	27	1
60	28	1
60	29	1
60	33	1
60	34	1
60	35	2
60	38	1
60	39	1
60	42	1
60	43	1
60	45	1
60	47	2
60	49	2
60	51	2
60	55	1
60	56	2
60	57	3
60	58	1
