2	0	1
3	0	1
4	0	1
4	1	1
4	2	2
4	3	2
5	0	2
5	4	1
6	2	1
6	4	1
6	5	1
7	2	1
7	3	1
7	4	1
7	6	1
8	0	2
8	1	2
8	3	1
8	5	1
9	0	1
9	1	1
9	2	3
9	4	2
9	7	4
10	2	1
10	3	1
10	5	1
10	6	2
10	7	1
10	8	3
10	9	2
11	0	1
11	4	2
11	8	1
11	9	2
11	10	2
12	0	2
12	1	2
12	4	1
12	5	1
12	6	1
12	7	1
12	8	4
12	9	1
12	11	1
13	0	1
13	1	2
13	3	1
13	4	1
13	5	1
13	7	1
13	9	2
13	10	2
13	11	1
13	12	3
14	0	1
14	1	1
14	2	1
14	8	1
14	9	2
14	11	2
14	12	2
15	2	2
15	3	1
15	8	2
15	9	1
15	11	2
15	12	2
15	13	2
15	14	2
16	0	1
16	2	1
16	8	1
16	10	1
16	12	1
17	3	2
17	4	1
17	10	1
17	13	1
17	14	1
17	15	1
17	16	4
18	0	2
18	2	1
18	6	2
18	7	1
18	10	1
18	11	1
18	12	2
18	13	1
18	14	1
18	15	1
19	1	1
19	2	1
19	4	2
19	7	2
19	8	1
19	9	1
19	12	1
19	13	2
19	16	2
20	1	1
20	9	1
20	10	2
20	12	2
20	13	3
20	14	1
20	16	1
20	19	2
21	1	2
21	3	1
21	4	1
21	5	1
21	8	1
21	9	1
21	11	2
21	12	2
21	13	1
21	16	1
21	17	1
21	18	1
22	1	1
22	2	1
22	3	1
22	4	1
22	5	2
22	6	1
22	10	1
22	13	1
22	15	1
22	16	1
22	19	1
22	20	2
22	21	1
23	4	1
23	8	2
23	9	1
23	19	1
23	20	1
23	22	1
24	1	1
24	2	3
24	4	1
24	9	1
24	11	1
24	13	2
24	14	1
24	16	1
24	17	1
24	18	1
24	21	1
24	23	2
25	0	1
25	1	2
25	4	1
25	6	1
25	9	1
25	11	2
25	12	1
25	13	2
25	14	1
25	16	1
25	18	1
25	19	2
25	21	1
25	22	1
26	2	2
26	4	1
26	12	2
26	13	1
26	18	1
26	23	1
26	25	2
27	3	1
27	9	1
27	11	2
27	17	1
27	23	1
28	2	1
28	5	1
28	6	1
28	7	1
28	9	1
28	12	1
28	13	1
28	16	1
28	17	1
28	18	1
28	19	1
28	21	2
28	23	1
28	24	2
28	27	1
29	5	1
30	14	1
30	17	1
30	18	1
30	20	1
30	24	1
31	11	1
31	28	2
31	29	4
31	30	2
32	2	1
32	10	1
32	11	1
32	12	1
32	16	1
32	24	2
32	25	1
32	27	2
32	30	2
32	31	1
33	3	1
33	8	1
33	14	1
33	15	1
33	22	2
33	25	2
33	27	1
33	32	1
34	1	1
34	10	1
34	12	2
34	18	1
34	20	1
34	23	3
34	24	2
34	27	2
34	28	1
34	30	1
34	31	1
34	32	1
34	33	4
35	1	1
35	4	1
35	5	1
35	10	2
35	18	1
35	24	1
35	25	1
35	27	2
35	32	1
35	33	4
35	34	2
36	0	1
36	4	1
36	11	2
36	12	2
36	15	1
36	22	1
36	24	2
36	25	1
36	26	1
36	28	1
36	31	2
36	32	2
36	34	1
37	5	2
37	15	4
37	21	1
37	24	2
37	28	1
37	31	1
37	32	1
37	33	1
37	34	1
37	35	2
37	36	1
38	2	1
38	3	1
38	5	1
38	9	1
38	10	2
38	12	1
38	13	1
38	14	2
38	16	1
38	22	1
38	23	1
38	24	2
38	28	1
38	31	1
38	34	1
38	35	1
38	37	2
39	1	1
39	5	2
39	9	1
39	20	1
39	27	1
39	28	1
39	29	1
39	32	2
39	37	2
40	1	1
40	3	1
40	8	1
40	9	1
40	11	2
40	12	1
40	13	1
40	18	1
40	19	2
40	21	2
40	24	3
40	25	2
40	27	1
40	28	1
40	29	1
40	30	1
40	31	2
40	33	2
40	35	1
40	37	2
40	38	5
40	39	1
41	4	1
41	5	1
41	8	1
41	10	2
41	11	1
41	12	1
41	20	1
41	22	1
41	25	1
41	31	1
41	39	1
41	40	1
42	9	1
42	10	1
42	11	1
42	14	3
42	18	1
42	25	1
42	32	2
42	36	1
42	38	1
42	39	2
42	40	1
42	41	2
43	5	1
43	7	1
43	11	2
43	12	1
43	13	1
43	14	1
43	15	2
43	20	1
43	26	2
43	28	1
43	31	3
43	36	1
43	37	2
43	38	2
43	39	2
43	41	1
43	42	1
44	5	1
44	21	1
44	23	1
44	27	1
44	28	3
44	30	1
44	31	3
44	33	1
44	34	1
44	37	1
44	38	2
44	39	1
44	41	3
44	42	1
44	43	3
45	16	2
45	24	1
45	28	2
45	30	1
45	35	2
45	37	2
45	41	1
45	44	1
46	0	2
46	3	1
46	4	2
46	14	1
46	24	1
46	28	1
46	29	1
46	31	1
46	33	1
46	34	2
46	37	1
46	38	1
46	41	1
46	43	1
46	44	1
46	45	1
47	0	1
47	2	1
47	11	1
47	15	1
47	24	1
47	25	1
47	27	1
47	28	1
47	33	1
47	35	1
47	36	1
47	38	2
47	40	1
47	41	2
47	45	1
47	46	1
48	1	1
48	3	1
48	4	1
48	5	2
48	10	2
48	12	1
48	14	1
48	20	2
48	23	1
48	24	1
48	25	1
48	28	1
48	30	1
48	31	1
48	34	2
48	38	1
48	40	3
48	41	1
48	44	2
49	1	1
49	3	1
49	6	1
49	8	1
49	9	1
49	10	1
49	14	1
49	18	4
49	21	2
49	24	4
49	25	1
49	26	2
49	27	1
49	28	2
49	29	1
49	32	1
49	33	1
49	34	2
49	35	2
49	36	4
49	38	1
49	39	1
49	41	1
49	42	1
49	43	1
49	44	2
49	46	1
49	47	1
49	48	2
50	2	2
50	4	1
50	14	1
50	18	1
50	24	1
50	29	2
50	33	2
50	34	1
50	39	1
50	42	1
50	45	1
50	48	1
51	3	1
51	6	2
51	8	1
51	10	1
51	11	1
51	13	1
51	18	1
51	20	2
51	21	1
51	23	1
51	24	1
51	27	2
51	30	1
51	31	1
51	32	1
51	33	1
51	34	1
51	35	2
51	36	2
51	37	2
51	38	1
51	39	1
51	43	1
51	48	2
51	49	1
51	50	1
52	7	1
52	8	1
52	9	1
52	12	1
52	13	2
52	15	1
52	17	2
52	22	1
52	24	1
52	27	1
52	31	1
52	32	1
52	33	1
52	34	1
52	35	1
52	36	2
52	37	1
52	38	1
52	39	1
52	40	1
52	41	2
52	42	1
52	43	1
52	46	2
52	47	1
52	48	1
52	49	1
52	50	3
52	51	1
53	3	1
53	5	2
53	9	2
53	13	1
53	14	1
53	15	1
53	21	1
53	22	2
53	29	1
53	30	2
53	38	3
53	39	1
53	40	1
53	43	2
53	44	2
53	48	1
53	49	2
53	51	1
53	52	1
54	2	1
54	3	1
54	8	3
54	11	1
54	13	1
54	18	1
54	19	2
54	20	1
54	22	1
54	23	1
54	24	1
54	27	1
54	28	1
54	34	1
54	35	1
54	36	2
54	38	1
54	41	1
54	47	1
54	48	1
54	52	1
54	53	1
55	2	1
55	3	3
55	5	1
55	8	1
55	11	3
55	15	1
55	17	1
55	19	2
55	21	1
55	22	1
55	24	1
55	25	1
55	27	1
55	28	1
55	31	2
55	35	2
55	36	1
55	39	1
55	41	1
55	42	1
55	43	1
55	45	1
55	49	1
55	50	1
55	52	1
55	53	1
55	54	2
56	0	1
56	12	1
56	14	1
56	15	1
56	21	1
56	23	1
56	25	1
56	28	1
56	30	1
56	34	2
56	38	1
56	39	1
56	40	1
56	42	1
56	43	2
56	51	1
56	52	2
56	55	4
57	1	1
57	11	2
57	12	1
57	13	1
57	18	1
57	20	1
57	22	1
57	27	1
57	28	1
57	29	1
57	33	1
57	36	1
57	38	2
57	39	1
57	43	1
57	45	3
57	46	1
57	47	1
57	49	2
57	50	1
57	51	1
57	52	1
57	53	1
57	55	1
57	56	1
58	3	1
58	22	1
58	23	2
58	30	1
58	36	3
58	38	1
58	44	1
58	45	1
58	48	1
58	49	1
58	52	2
58	53	1
58	55	1
58	56	1
58	57	2
59	1	1
59	12	1
59	15	1
59	16	1
59	20	1
59	22	1
59	25	1
59	28	1
59	30	1
59	36	5
59	37	1
59	39	1
59	40	1
59	41	2
59	42	1
59	47	1
59	50	1
59	51	1
59	52	2
59	53	2
59	54	1
59	58	1
60	2	1
60	4	1
60	10	2
60	13	1
60	20	1
60	23	2
60	25	2
60	26	1
60	27	1
60	29	1
60	33	1
60	34	2
60	35	5
60	36	1
60	38	2
60	39	1
60	42	1
60	43	1
60	45	1
60	46	1
60	48	1
60	51	1
60	53	1
60	54	1
60	58	2
