1	0	1
2	0	1
2	1	1
3	1	1
3	2	1
4	0	1
4	1	1
4	2	2
4	3	4
5	3	1
5	4	1
6	1	1
6	2	1
6	4	1
7	0	2
7	5	2
8	2	1
8	3	1
8	7	1
9	1	1
9	4	1
9	5	1
9	6	4
9	7	1
9	8	2
10	2	1
10	4	4
10	5	1
10	7	2
10	8	2
10	9	5
11	3	1
11	8	1
11	9	1
11	10	3
12	0	2
12	2	1
12	5	1
12	6	2
12	7	2
12	8	5
12	11	1
13	2	1
13	5	1
13	7	1
13	8	5
13	10	1
13	11	2
14	0	1
14	1	1
14	2	4
14	7	1
14	11	2
14	12	2
14	13	1
15	0	1
15	1	2
15	5	1
15	8	2
15	9	1
15	10	1
15	11	1
15	12	2
15	13	1
16	0	1
16	1	1
16	8	1
16	9	1
16	10	1
16	13	1
17	0	2
17	2	1
17	7	1
17	9	1
17	11	1
17	13	1
17	14	1
17	16	3
18	2	2
18	3	1
18	4	2
18	6	3
18	8	2
18	10	2
18	11	2
18	12	1
18	13	1
18	14	1
18	16	1
19	1	2
19	2	3
19	3	1
19	4	1
19	8	1
19	9	1
19	15	1
19	18	2
20	1	1
20	2	1
20	4	2
20	5	4
20	8	1
20	10	1
20	15	1
20	17	2
20	18	1
20	19	2
21	1	1
21	2	2
21	5	1
21	8	2
21	12	1
21	16	1
21	17	1
21	18	1
21	19	1
21	20	1
22	1	2
22	4	3
22	5	2
22	6	1
22	8	1
22	10	1
22	12	2
22	13	1
22	14	1
22	17	1
22	18	2
22	19	1
22	20	1
22	21	4
23	0	1
23	4	2
23	10	1
23	11	1
23	17	1
24	2	2
24	4	1
24	7	1
24	8	1
24	11	2
24	15	1
24	19	1
24	22	1
25	4	1
25	5	1
25	7	1
25	8	1
25	10	1
25	16	1
25	17	1
25	22	1
25	24	1
26	4	1
26	7	3
26	8	1
26	11	1
26	14	1
26	24	1
27	2	1
27	5	1
27	7	1
27	8	1
27	9	2
27	24	1
27	26	1
28	2	1
28	6	2
28	7	1
28	8	1
28	11	1
28	13	1
28	14	4
28	15	1
28	17	1
28	18	1
28	19	1
28	20	2
28	21	1
28	22	1
28	24	1
28	25	1
28	27	2
29	0	1
29	16	1
29	20	1
29	25	1
30	5	1
30	10	1
30	11	1
30	12	1
30	17	1
30	20	1
30	25	2
30	26	2
30	29	1
31	4	2
31	5	1
31	9	1
31	11	2
31	14	1
31	25	2
31	26	1
31	29	2
31	30	3
32	26	1
32	28	1
32	30	1
33	3	1
33	5	1
33	8	1
33	9	1
33	10	1
33	11	1
33	12	1
33	18	1
33	24	3
33	26	3
33	27	1
33	28	1
33	29	2
33	31	1
34	1	1
34	3	1
34	4	1
34	6	1
34	8	2
34	15	1
34	21	1
34	23	1
34	30	1
34	32	1
35	4	1
35	5	1
35	6	1
35	11	1
35	12	1
35	14	1
35	15	1
35	20	1
35	22	1
35	27	2
35	28	1
35	29	1
35	32	3
35	33	3
35	34	2
36	0	2
36	10	1
36	11	1
36	18	1
36	23	1
36	24	1
36	25	1
36	29	1
36	30	1
36	33	1
36	34	1
36	35	2
37	10	2
37	11	1
37	14	1
37	15	1
37	24	1
37	29	1
37	30	2
37	33	1
37	34	2
37	35	1
38	1	2
38	3	1
38	4	2
38	8	2
38	9	1
38	11	1
38	12	1
38	14	1
38	15	1
38	16	1
38	17	1
38	18	1
38	20	1
38	22	1
38	25	2
38	26	1
38	28	1
38	35	1
38	36	3
38	37	3
39	0	1
39	4	1
39	5	1
39	6	1
39	8	1
39	9	2
39	11	1
39	12	1
39	25	1
39	27	1
39	28	1
39	30	1
39	32	1
39	33	1
39	37	1
39	38	1
40	1	3
40	2	1
40	5	1
40	9	1
40	10	2
40	11	1
40	18	1
40	21	1
40	22	1
40	27	1
40	28	2
40	29	1
40	32	1
40	37	1
41	1	2
41	6	1
41	8	1
41	9	1
41	14	1
41	25	1
41	27	1
41	28	2
41	29	2
41	30	1
41	31	3
41	34	4
41	38	1
41	39	1
42	3	1
42	4	1
42	5	1
42	10	1
42	11	1
42	12	1
42	18	1
42	20	1
42	24	1
42	27	1
42	28	1
42	29	2
42	35	1
42	36	1
42	37	1
42	38	2
42	39	5
42	40	2
42	41	2
43	13	1
43	15	2
43	20	1
43	24	1
43	29	1
43	30	3
43	31	1
43	32	3
43	37	1
43	39	1
43	40	3
43	41	1
43	42	4
44	11	1
44	23	1
44	24	1
44	37	2
44	38	2
44	39	2
44	41	4
44	42	1
44	43	2
45	9	1
45	15	1
45	22	2
45	23	1
45	24	1
45	28	1
45	31	2
45	33	2
45	34	1
45	38	1
45	39	3
45	41	1
45	42	2
45	43	1
45	44	1
46	4	1
46	13	1
46	18	1
46	25	1
46	27	2
46	28	1
46	29	1
46	31	1
46	32	1
46	33	1
46	34	1
46	35	1
46	36	1
46	37	3
46	39	1
46	42	1
46	44	1
46	45	3
47	2	1
47	3	1
47	15	1
47	23	1
47	25	1
47	29	2
47	31	2
47	32	1
47	34	1
47	35	3
47	36	2
47	37	1
47	38	3
47	39	1
47	40	1
47	41	1
47	42	1
47	43	2
47	46	1
48	2	1
48	3	1
48	5	1
48	10	2
48	11	3
48	24	1
48	25	2
48	26	1
48	32	1
48	33	1
48	35	2
48	37	1
48	39	1
48	40	1
48	46	3
49	2	1
49	6	1
49	7	1
49	9	1
49	10	1
49	11	1
49	13	2
49	17	1
49	18	1
49	19	3
49	20	1
49	24	3
49	25	1
49	26	1
49	28	1
49	29	1
49	31	1
49	33	2
49	34	3
49	36	2
49	37	1
49	38	2
49	39	2
49	40	1
49	42	1
49	43	1
49	44	1
49	47	1
50	0	1
50	1	1
50	4	1
50	26	1
50	27	2
50	30	2
50	33	1
50	34	1
50	35	1
50	36	1
50	38	1
50	39	1
50	42	1
50	43	1
50	46	1
51	2	1
51	6	1
51	7	1
51	13	1
51	14	1
51	15	1
51	19	2
51	23	2
51	24	3
51	28	3
51	30	1
51	32	1
51	33	1
51	34	4
51	35	2
51	36	3
51	37	1
51	38	2
51	42	2
51	43	2
51	44	1
51	46	1
51	47	1
51	49	2
51	50	1
52	4	1
52	9	1
52	11	1
52	16	1
52	22	1
52	24	2
52	33	1
52	35	2
52	41	1
52	43	2
52	44	3
52	45	1
52	48	1
52	49	2
52	51	1
53	5	1
53	10	2
53	18	1
53	22	1
53	23	2
53	26	1
53	27	1
53	28	1
53	31	1
53	33	1
53	34	1
53	38	2
53	39	1
53	40	1
53	42	2
53	43	1
53	45	1
53	51	2
53	52	1
54	0	1
54	3	1
54	5	1
54	9	1
54	10	1
54	13	1
54	15	1
54	19	1
54	20	1
54	24	1
54	30	1
54	31	1
54	34	1
54	37	1
54	38	1
54	39	2
54	40	2
54	42	1
54	44	3
54	47	2
54	48	1
54	50	2
54	52	2
54	53	1
55	4	2
55	6	1
55	9	2
55	10	2
55	11	1
55	14	2
55	15	1
55	17	3
55	18	2
55	19	1
55	20	3
55	22	1
55	24	1
55	25	2
55	26	1
55	28	2
55	32	3
55	33	1
55	34	2
55	37	1
55	38	1
55	40	1
55	42	1
55	44	2
55	48	1
55	49	2
55	51	1
55	53	1
55	54	3
56	10	1
56	25	1
56	27	1
56	31	1
56	34	1
56	37	1
56	38	1
56	39	2
56	42	1
56	52	2
56	53	2
56	54	2
56	55	3
57	6	2
57	8	1
57	9	2
57	19	2
57	23	3
57	24	2
57	26	1
57	29	1
57	35	2
57	38	1
57	39	1
57	47	1
57	49	1
57	50	1
57	51	1
57	52	3
57	53	1
57	54	1
57	56	1
58	0	1
58	3	1
58	10	1
58	11	1
58	27	1
58	32	1
58	33	1
58	35	2
58	36	2
58	37	1
58	39	1
58	40	2
58	43	2
58	45	2
58	46	2
58	47	1
58	48	1
58	50	1
58	54	1
58	57	1
59	2	1
59	4	2
59	8	1
59	9	1
59	10	1
59	16	1
59	20	2
59	23	1
59	24	1
59	25	1
59	28	1
59	30	1
59	31	1
59	33	1
59	34	1
59	36	1
59	38	1
59	39	2
59	44	1
59	49	3
59	52	5
59	54	1
59	57	2
59	58	1
60	1	1
60	3	2
60	24	1
60	26	1
60	27	1
60	28	1
60	30	1
60	31	2
60	33	1
60	34	1
60	35	1
60	38	1
60	43	1
60	44	1
60	46	1
60	47	2
60	48	2
60	49	2
60	50	1
60	51	2
60	53	1
60	55	3
60	56	1
60	57	2
60	58	1
