3	0	1
3	1	2
4	2	3
4	3	3
6	2	1
6	3	1
6	5	1
7	0	2
7	1	1
7	2	1
7	6	2
8	0	1
8	1	2
8	2	2
8	5	1
8	7	3
9	0	2
9	1	2
9	2	1
9	3	1
9	5	1
9	6	1
9	8	1
10	0	1
10	5	1
10	6	2
10	7	2
10	9	1
11	1	2
11	4	1
11	6	2
11	10	3
12	0	1
12	2	2
12	4	3
12	5	1
12	6	1
12	7	2
12	8	2
12	9	1
12	10	2
13	0	2
13	1	1
13	2	1
13	3	4
13	4	1
13	8	3
13	9	5
13	10	1
13	11	1
13	12	1
14	1	2
14	2	2
14	3	2
14	7	1
14	8	1
14	10	4
14	11	1
14	12	1
14	13	2
15	1	1
15	3	2
15	4	2
15	5	2
15	6	1
15	8	1
15	10	1
15	12	3
16	0	1
16	6	1
16	7	1
16	8	2
16	9	1
16	10	1
16	11	1
16	15	2
17	0	1
17	2	1
17	6	1
17	10	1
17	12	1
17	13	1
17	15	2
17	16	2
18	1	1
18	2	1
18	4	1
18	6	2
18	9	2
18	13	3
18	15	1
19	0	1
19	2	1
19	4	1
19	5	1
19	8	1
19	12	1
19	13	1
20	0	1
20	1	1
20	3	1
20	4	1
20	7	2
20	10	2
20	11	1
20	14	1
20	16	1
20	18	2
21	2	1
21	3	1
21	5	1
21	8	2
21	11	1
21	12	1
21	14	1
21	15	2
21	17	2
21	19	1
22	2	2
22	5	3
22	8	1
22	12	1
22	13	2
22	15	2
22	16	1
22	17	1
22	21	2
23	1	2
23	4	3
23	5	1
23	7	1
23	9	1
23	11	1
23	13	2
23	14	1
23	15	1
23	17	1
23	19	1
24	0	1
24	1	1
24	3	1
24	6	2
24	8	1
24	10	3
24	13	1
24	14	2
24	15	1
24	18	1
24	19	2
24	20	1
24	22	1
24	23	1
25	1	2
25	3	1
25	4	1
25	8	2
25	9	1
25	12	1
25	13	1
25	14	2
25	15	1
25	17	1
25	18	1
25	19	6
25	20	1
25	21	1
26	1	1
26	5	1
26	11	1
26	13	2
26	25	2
27	1	1
27	3	3
27	4	1
27	5	1
27	6	2
27	9	1
27	10	1
27	13	1
27	18	1
27	24	1
27	25	1
27	26	1
28	2	1
28	4	1
28	5	2
28	8	2
28	10	1
28	11	1
28	12	1
28	14	1
28	17	1
28	18	2
28	19	1
28	20	3
28	21	1
28	22	2
28	25	2
29	10	1
29	12	1
29	14	1
29	24	1
29	25	1
29	27	1
29	28	1
30	1	1
30	7	1
30	9	1
30	10	1
30	29	1
31	8	1
31	9	1
31	25	1
31	27	1
31	29	1
31	30	3
32	2	2
32	10	1
32	11	1
32	12	1
32	13	1
32	26	1
32	29	1
32	31	5
33	1	2
33	3	1
33	4	1
33	5	1
33	9	1
33	12	1
33	13	1
33	14	1
33	15	1
33	19	1
33	24	1
33	26	1
33	27	1
33	29	1
33	30	2
33	31	1
34	1	1
34	14	2
34	15	1
34	17	1
34	22	1
34	23	1
34	24	1
34	25	1
34	28	1
34	32	1
35	1	1
35	4	1
35	6	2
35	8	1
35	9	1
35	10	1
35	11	2
35	12	1
35	14	1
35	18	1
35	20	1
35	22	2
35	24	1
35	25	1
35	27	1
35	28	2
35	29	2
35	32	1
35	33	1
35	34	1
36	1	1
36	2	1
36	5	1
36	10	1
36	11	1
36	12	1
36	15	1
36	23	1
36	25	2
36	26	1
36	29	1
36	33	1
36	35	1
37	3	1
37	5	1
37	6	1
37	14	1
37	21	1
37	28	1
37	29	1
37	33	1
37	34	1
37	35	1
38	1	1
38	2	1
38	6	3
38	7	1
38	9	1
38	10	1
38	13	1
38	14	2
38	18	1
38	20	1
38	21	1
38	23	1
38	24	1
38	25	1
38	27	1
38	28	1
38	29	1
38	30	2
38	33	1
38	36	2
38	37	2
39	4	2
39	12	1
39	13	1
39	15	1
39	18	1
39	20	1
39	27	2
39	28	1
39	30	1
39	31	1
39	34	1
39	35	2
39	38	1
40	2	1
40	4	1
40	8	1
40	10	2
40	11	3
40	12	1
40	13	2
40	18	1
40	19	1
40	24	1
40	25	2
40	30	1
40	31	1
40	32	2
40	34	2
40	36	1
40	38	1
41	5	1
41	6	1
41	9	1
41	10	1
41	15	1
41	18	1
41	22	1
41	28	1
41	30	2
41	31	2
41	34	2
41	35	4
41	36	1
41	38	3
41	40	1
42	0	1
42	4	1
42	10	2
42	12	3
42	28	1
42	29	1
42	32	2
42	35	1
42	36	1
42	37	3
42	38	1
42	39	1
42	40	1
42	41	1
43	2	1
43	4	1
43	13	1
43	20	1
43	21	1
43	27	1
43	28	1
43	30	2
43	32	1
43	33	2
43	35	4
43	37	2
43	38	2
43	40	1
44	7	2
44	8	1
44	10	1
44	18	1
44	19	1
44	23	1
44	29	1
44	33	1
44	36	1
44	38	3
44	39	1
44	40	2
44	41	1
44	42	1
44	43	2
45	6	1
45	9	1
45	10	1
45	11	1
45	22	1
45	28	1
45	33	2
45	35	1
45	37	1
45	38	1
45	39	1
45	41	1
45	42	2
45	43	1
45	44	3
46	2	1
46	10	1
46	14	1
46	27	1
46	28	2
46	29	1
46	33	1
46	34	1
46	35	1
46	37	2
46	38	1
46	39	1
46	40	2
46	42	1
46	43	2
46	44	1
46	45	2
47	2	1
47	10	1
47	15	1
47	20	1
47	21	1
47	23	1
47	27	2
47	29	1
47	31	1
47	32	1
47	34	2
47	36	1
47	37	2
47	40	1
47	41	1
47	42	1
47	45	1
48	6	1
48	8	1
48	10	2
48	11	1
48	13	3
48	14	1
48	15	1
48	18	1
48	23	1
48	24	1
48	30	2
48	32	2
48	34	2
48	37	1
48	38	1
48	40	4
48	42	1
48	43	1
48	45	1
48	47	1
49	1	2
49	4	1
49	8	2
49	9	1
49	10	2
49	11	1
49	13	1
49	14	1
49	18	1
49	19	1
49	22	1
49	24	1
49	25	1
49	26	1
49	27	1
49	28	3
49	29	1
49	31	1
49	35	1
49	36	3
49	37	1
49	38	2
49	40	5
49	43	4
49	46	1
49	48	3
50	1	2
50	3	1
50	12	1
50	15	1
50	18	1
50	19	1
50	24	2
50	26	1
50	27	2
50	30	1
50	32	1
50	34	2
50	38	1
50	45	1
50	47	2
50	49	1
51	1	1
51	5	1
51	9	1
51	13	2
51	14	1
51	15	1
51	19	1
51	23	1
51	24	1
51	26	1
51	29	1
51	33	2
51	35	3
51	36	1
51	37	1
51	38	4
51	40	2
51	42	1
51	45	1
51	47	2
51	49	5
52	1	1
52	5	1
52	12	1
52	13	1
52	18	1
52	20	1
52	22	1
52	24	1
52	25	1
52	26	1
52	27	1
52	28	1
52	30	1
52	33	1
52	34	1
52	36	1
52	38	3
52	40	1
52	49	4
52	51	2
53	1	1
53	5	1
53	8	2
53	9	1
53	11	3
53	12	1
53	15	1
53	18	1
53	20	1
53	23	1
53	24	1
53	25	2
53	30	1
53	31	1
53	33	1
53	34	1
53	37	2
53	38	3
53	40	2
53	41	2
53	43	2
53	44	1
53	45	2
53	46	1
53	49	1
53	51	2
54	2	1
54	3	1
54	4	1
54	9	1
54	10	1
54	13	2
54	14	2
54	16	1
54	18	2
54	19	1
54	23	1
54	28	4
54	29	1
54	32	1
54	36	2
54	37	1
54	38	2
54	43	2
54	49	2
54	50	1
54	51	2
54	52	2
54	53	1
55	1	1
55	2	2
55	3	1
55	7	1
55	10	1
55	11	1
55	12	2
55	14	1
55	17	1
55	18	1
55	19	1
55	20	1
55	24	1
55	25	1
55	30	1
55	31	1
55	33	1
55	34	1
55	39	2
55	40	2
55	42	1
55	43	1
55	45	1
55	48	1
55	49	2
55	52	2
55	53	3
55	54	3
56	1	1
56	3	1
56	19	1
56	21	1
56	22	1
56	25	1
56	28	2
56	33	1
56	35	1
56	38	1
56	39	2
56	40	1
56	44	2
56	50	1
56	51	1
56	52	1
56	53	1
56	54	2
57	1	1
57	3	1
57	13	1
57	14	1
57	18	1
57	20	1
57	27	1
57	33	1
57	34	2
57	35	1
57	37	1
57	38	1
57	40	1
57	43	1
57	44	1
57	49	1
57	50	1
57	52	1
57	53	1
57	54	3
57	55	2
57	56	3
58	0	2
58	1	3
58	9	1
58	11	1
58	20	1
58	22	1
58	25	1
58	31	1
58	32	1
58	34	1
58	36	1
58	37	2
58	38	3
58	43	2
58	44	2
58	46	1
58	47	1
58	48	1
58	51	1
58	52	1
58	54	2
58	55	2
58	56	1
59	2	1
59	8	1
59	10	1
59	12	1
59	15	1
59	19	1
59	20	1
59	22	1
59	28	1
59	31	1
59	32	1
59	33	1
59	36	1
59	37	2
59	40	1
59	41	1
59	42	1
59	45	1
59	48	1
59	49	2
59	51	1
59	52	3
59	54	1
59	55	1
59	56	1
59	57	3
59	58	2
60	3	1
60	4	1
60	11	1
60	14	1
60	17	1
60	26	2
60	33	2
60	35	1
60	37	1
60	38	1
60	39	1
60	40	1
60	41	1
60	46	1
60	47	3
60	49	3
60	51	1
60	52	1
60	54	1
60	57	3
60	59	1
