4	1	2
4	2	3
4	3	1
5	2	1
5	3	2
6	1	1
6	4	1
7	4	1
8	0	1
8	1	1
8	2	4
8	5	1
8	6	1
8	7	4
9	1	1
9	6	1
9	7	3
9	8	5
10	0	1
10	4	1
10	5	1
10	6	1
10	7	2
10	8	1
10	9	2
11	1	2
11	5	1
11	6	2
11	8	2
11	9	1
11	10	1
12	0	1
12	2	3
12	3	1
12	4	1
12	5	2
12	8	1
12	9	1
12	10	1
13	2	2
13	3	1
13	4	1
13	10	4
13	11	1
13	12	3
14	0	1
14	1	2
14	2	1
14	4	2
14	8	1
14	11	2
14	12	1
14	13	1
15	0	1
15	1	1
15	2	1
15	4	1
15	5	1
15	12	2
15	13	3
16	2	1
16	5	1
16	8	2
17	0	2
17	2	1
17	3	3
17	4	1
17	6	1
17	8	1
17	9	2
17	10	1
17	11	1
17	13	1
17	15	1
17	16	1
18	4	1
18	5	2
18	7	1
18	8	2
18	9	1
18	10	1
18	11	1
18	12	1
18	14	1
18	17	2
19	0	1
19	1	2
19	3	1
19	4	2
19	8	2
19	15	2
19	17	1
19	18	1
20	1	2
20	2	1
20	4	1
20	6	1
20	10	1
20	11	1
20	12	2
20	13	1
20	14	1
20	15	1
20	17	1
20	19	1
21	3	1
21	4	1
21	5	3
21	8	2
21	10	2
21	12	2
21	13	1
21	14	1
21	15	1
21	16	2
21	19	1
21	20	2
22	2	2
22	3	1
22	4	2
22	5	4
22	7	2
22	9	2
22	11	1
22	13	1
22	15	1
22	17	1
22	20	2
22	21	1
23	0	2
23	1	1
23	2	1
23	3	1
23	8	1
23	9	1
23	12	1
23	17	1
23	22	1
24	3	1
24	7	1
24	8	1
24	9	1
24	10	2
24	11	1
24	13	1
24	14	1
24	20	1
24	21	1
24	23	1
25	4	1
25	5	1
25	6	1
25	9	2
25	11	3
25	14	1
25	15	1
25	21	2
25	22	1
25	23	1
25	24	1
26	8	1
26	13	1
26	14	1
26	24	2
27	1	1
27	5	1
27	17	1
27	22	3
27	26	2
28	0	2
28	8	1
28	10	1
28	14	1
28	15	1
28	16	1
28	17	1
28	19	1
28	20	1
28	24	1
29	7	1
29	14	1
29	24	1
30	11	2
30	25	1
31	8	1
31	10	1
31	28	1
31	29	1
32	4	1
32	9	2
32	10	1
32	13	1
32	16	1
32	18	1
32	26	1
32	27	1
32	30	1
32	31	1
33	0	2
33	8	1
33	11	1
33	12	1
33	15	2
33	24	1
33	26	2
33	28	1
33	29	3
33	31	1
33	32	1
34	2	1
34	6	1
34	10	1
34	13	1
34	24	1
34	25	1
34	26	2
34	30	1
34	31	2
34	32	1
35	1	1
35	2	1
35	3	1
35	8	1
35	12	1
35	13	1
35	15	1
35	19	1
35	20	1
35	22	1
35	27	1
35	28	1
35	32	1
35	34	1
36	0	1
36	3	1
36	6	1
36	7	2
36	10	2
36	18	1
36	22	1
36	27	1
36	29	1
36	30	1
36	33	1
37	3	1
37	4	1
37	9	1
37	11	1
37	12	1
37	15	1
37	18	1
37	27	1
37	28	1
37	30	1
37	31	2
37	32	2
37	35	3
38	2	1
38	3	1
38	4	2
38	10	2
38	12	1
38	14	1
38	16	4
38	23	1
38	24	1
38	25	2
38	26	1
38	28	3
38	30	3
38	33	2
38	35	1
38	37	4
39	2	1
39	9	1
39	11	1
39	14	1
39	22	2
39	25	1
39	30	1
39	37	1
40	1	1
40	3	1
40	10	1
40	11	1
40	13	2
40	14	2
40	15	1
40	19	1
40	20	1
40	21	2
40	22	1
40	23	3
40	24	1
40	25	1
40	28	1
40	30	2
40	31	1
40	32	2
40	35	1
40	38	1
40	39	1
41	12	2
41	13	1
41	15	1
41	18	1
41	20	2
41	27	1
41	29	1
41	30	1
41	31	1
41	32	1
41	33	1
41	35	1
41	37	4
41	38	1
41	39	1
41	40	2
42	1	1
42	8	1
42	15	1
42	18	1
42	24	1
42	27	1
42	28	2
42	30	1
42	31	1
42	33	1
42	34	1
42	35	1
42	36	1
42	41	2
43	4	1
43	8	1
43	11	1
43	12	1
43	13	1
43	14	2
43	18	1
43	22	1
43	25	1
43	27	1
43	28	2
43	29	2
43	30	1
43	32	3
43	33	1
43	34	1
43	36	2
43	37	3
43	38	1
43	39	3
43	41	1
43	42	1
44	5	1
44	7	1
44	8	1
44	11	1
44	24	1
44	26	1
44	27	1
44	37	1
44	38	2
44	39	2
44	40	1
44	41	1
44	42	1
44	43	2
45	11	1
45	20	2
45	22	1
45	23	1
45	30	2
45	35	1
45	38	2
45	39	1
45	42	1
45	43	1
46	10	1
46	11	1
46	15	1
46	22	2
46	24	1
46	26	2
46	28	1
46	29	2
46	35	1
46	40	2
46	44	2
46	45	4
47	1	2
47	9	1
47	11	1
47	26	2
47	27	1
47	32	1
47	34	1
47	35	1
47	37	2
47	38	2
47	39	1
47	40	2
47	43	1
47	46	2
48	1	1
48	3	2
48	8	1
48	9	1
48	10	2
48	11	2
48	12	2
48	13	1
48	18	1
48	19	1
48	20	1
48	21	1
48	24	2
48	26	1
48	27	2
48	28	1
48	31	1
48	32	1
48	33	1
48	34	2
48	36	1
48	37	1
48	38	2
48	39	3
48	40	2
48	46	1
49	1	1
49	2	1
49	4	1
49	5	1
49	6	3
49	9	2
49	11	3
49	14	1
49	15	1
49	17	1
49	18	1
49	22	1
49	24	1
49	25	1
49	26	1
49	27	1
49	28	1
49	29	1
49	30	1
49	33	1
49	34	3
49	35	1
49	36	3
49	41	1
49	42	1
49	43	1
49	47	1
49	48	3
50	7	1
50	12	2
50	13	1
50	14	3
50	20	1
50	24	1
50	25	1
50	27	3
50	31	1
50	32	1
50	33	2
50	34	2
50	36	2
50	37	1
50	38	1
50	40	1
50	43	1
50	47	1
50	48	1
50	49	2
51	1	1
51	3	1
51	11	1
51	15	3
51	18	1
51	20	1
51	23	1
51	24	3
51	25	2
51	28	1
51	32	2
51	33	1
51	34	5
51	35	3
51	36	1
51	37	1
51	38	2
51	39	1
51	41	1
51	43	1
51	44	1
51	45	1
51	47	1
51	49	1
52	2	2
52	3	1
52	4	1
52	8	1
52	13	1
52	15	1
52	16	1
52	18	1
52	19	1
52	23	2
52	24	1
52	28	1
52	31	1
52	38	2
52	40	2
52	42	1
52	46	3
52	47	1
52	48	2
52	49	1
52	51	3
53	6	1
53	8	1
53	11	1
53	12	1
53	13	1
53	14	2
53	16	1
53	20	1
53	24	1
53	28	2
53	31	1
53	33	1
53	35	1
53	37	1
53	38	3
53	39	1
53	40	1
53	41	1
53	42	1
53	43	1
53	47	1
53	48	1
53	49	1
53	51	3
53	52	1
54	10	1
54	12	1
54	20	1
54	21	1
54	23	1
54	24	2
54	26	1
54	28	1
54	36	1
54	38	2
54	39	2
54	44	1
54	45	1
54	46	1
54	50	1
54	51	2
54	52	2
54	53	3
55	1	2
55	2	2
55	10	1
55	11	1
55	14	1
55	15	1
55	16	2
55	18	1
55	21	1
55	23	1
55	27	1
55	28	3
55	30	1
55	31	1
55	36	1
55	38	1
55	40	2
55	42	2
55	45	1
55	47	1
55	48	1
55	50	2
55	51	2
55	53	2
55	54	3
56	4	1
56	5	1
56	11	2
56	18	1
56	19	1
56	34	1
56	39	3
56	41	1
56	42	1
56	43	1
56	44	2
56	45	1
56	53	2
56	55	1
57	2	1
57	6	1
57	11	1
57	12	1
57	22	1
57	23	1
57	25	1
57	26	1
57	28	1
57	32	2
57	33	2
57	34	1
57	38	2
57	39	1
57	41	1
57	42	2
57	43	1
57	44	2
57	46	1
57	47	2
57	51	1
57	52	1
57	53	1
57	54	1
57	55	1
57	56	3
58	14	1
58	16	1
58	24	2
58	27	2
58	30	1
58	35	1
58	38	2
58	39	1
58	42	2
58	43	2
58	45	1
58	46	2
58	48	1
58	49	1
58	51	2
58	52	2
58	55	2
58	57	2
59	5	1
59	6	1
59	12	3
59	14	1
59	20	1
59	25	1
59	26	1
59	29	2
59	30	1
59	32	1
59	33	1
59	35	2
59	37	1
59	38	1
59	39	2
59	41	1
59	44	2
59	45	1
59	47	2
59	49	2
59	50	1
59	51	2
59	52	4
59	53	1
59	54	1
59	56	2
59	57	3
60	2	1
60	10	1
60	14	1
60	15	1
60	17	1
60	24	1
60	26	1
60	28	1
60	29	1
60	30	1
60	31	1
60	32	1
60	33	2
60	34	1
60	36	1
60	39	1
60	46	1
60	47	1
60	48	1
60	49	1
60	50	1
60	52	2
60	57	2
60	59	1
