2	1	1
4	0	1
4	3	5
5	1	1
5	2	1
5	4	1
6	0	1
6	2	1
6	3	2
6	4	2
6	5	1
7	3	1
8	2	2
8	3	1
8	4	2
8	5	3
8	6	1
8	7	1
9	0	2
9	1	2
9	5	1
9	7	1
9	8	3
10	0	1
10	3	1
10	6	1
10	9	1
11	1	1
11	4	1
11	5	1
11	6	1
11	9	1
11	10	1
12	0	1
12	1	4
12	3	1
12	5	1
12	6	1
12	7	1
12	9	1
12	10	2
12	11	2
13	0	1
13	1	1
13	3	1
13	7	2
13	8	2
13	9	2
13	10	1
14	0	1
14	1	2
14	2	2
14	4	2
14	5	3
14	7	1
14	8	1
14	9	1
14	11	2
14	12	4
14	13	1
15	0	1
15	1	2
15	3	2
15	4	2
15	5	2
15	6	3
15	8	3
15	9	2
15	12	1
15	13	1
15	14	1
16	3	2
16	4	1
16	5	1
16	11	1
16	15	1
17	0	1
17	1	1
17	5	1
17	6	1
17	11	1
17	13	2
17	14	1
17	15	1
17	16	1
18	0	2
18	1	2
18	4	1
18	7	1
18	8	1
18	10	2
18	13	1
18	14	1
19	2	1
19	5	1
19	6	1
19	8	1
19	11	1
19	12	1
19	14	1
19	15	1
19	16	1
19	17	1
20	1	3
20	4	1
20	8	1
20	10	1
20	13	2
20	14	3
20	17	1
20	18	2
21	0	1
21	1	1
21	2	1
21	5	3
21	8	1
21	9	1
21	10	2
21	11	3
21	16	1
21	17	3
21	19	1
22	2	1
22	3	1
22	4	3
22	8	1
22	10	1
22	11	1
22	15	1
22	17	1
22	19	4
22	20	3
22	21	2
23	1	1
23	3	1
23	4	1
23	7	1
23	10	2
23	13	1
23	15	1
23	19	1
23	20	1
24	2	1
24	6	1
24	9	3
24	11	1
24	13	1
24	15	1
24	18	2
24	23	2
25	0	2
25	1	2
25	4	1
25	5	1
25	6	1
25	8	1
25	9	2
25	11	2
25	13	1
25	16	1
25	21	1
25	22	1
25	24	3
26	0	1
26	1	2
26	4	1
26	5	1
26	7	1
26	13	2
26	24	1
27	1	2
27	3	1
27	4	1
27	9	3
27	17	1
27	19	2
27	24	1
27	25	2
27	26	2
28	4	1
28	5	1
28	7	2
28	8	1
28	18	2
28	19	2
28	20	1
28	21	1
28	22	1
28	25	1
29	0	1
29	5	1
29	18	1
29	25	2
29	26	1
30	1	1
30	25	1
30	27	1
30	28	1
30	29	1
31	5	1
31	9	1
31	21	1
31	26	1
31	27	2
31	29	1
31	30	2
32	1	1
32	4	1
32	8	1
32	9	1
32	10	4
32	12	2
32	13	1
32	15	1
32	18	1
32	20	1
32	25	2
32	29	2
32	30	2
32	31	1
33	2	1
33	9	1
33	13	1
33	15	1
33	17	1
33	23	1
33	26	2
33	29	1
33	31	1
33	32	1
34	1	2
34	4	1
34	5	1
34	8	2
34	10	2
34	11	1
34	12	1
34	13	2
34	15	1
34	20	1
34	22	1
34	23	1
34	24	2
34	26	1
34	30	1
34	31	1
34	33	1
35	6	2
35	8	1
35	10	1
35	12	1
35	14	1
35	15	1
35	20	1
35	29	1
35	31	1
35	33	6
35	34	2
36	15	1
36	18	1
36	25	2
36	30	1
36	33	1
37	2	1
37	3	1
37	6	1
37	11	1
37	13	2
37	15	1
37	19	1
37	20	1
37	25	2
37	28	1
37	29	1
37	31	1
37	32	2
37	33	2
37	35	2
37	36	2
38	2	2
38	4	1
38	5	1
38	9	1
38	10	1
38	12	1
38	14	1
38	15	1
38	20	3
38	22	1
38	24	1
38	26	2
38	29	1
38	31	1
38	32	1
38	33	1
38	34	1
38	35	1
38	36	2
38	37	2
39	4	1
39	5	1
39	6	1
39	11	1
39	15	1
39	22	1
39	23	2
39	28	2
39	29	1
39	34	1
39	35	1
39	36	2
39	37	1
40	3	1
40	5	2
40	6	1
40	10	1
40	11	1
40	12	1
40	14	2
40	18	1
40	19	1
40	25	1
40	26	1
40	27	1
40	32	2
40	33	2
40	35	3
40	37	2
40	38	1
41	5	1
41	12	1
41	13	3
41	18	2
41	25	2
41	28	1
41	32	1
41	34	1
41	35	1
41	38	2
41	39	1
41	40	1
42	10	1
42	12	2
42	14	3
42	17	1
42	25	1
42	29	1
42	35	2
42	37	2
42	38	1
42	39	1
42	40	1
42	41	2
43	0	1
43	3	1
43	4	1
43	7	1
43	11	2
43	14	2
43	21	1
43	23	1
43	24	1
43	26	1
43	28	1
43	29	1
43	30	1
43	32	2
43	35	1
43	37	1
43	38	3
43	40	1
43	41	1
43	42	2
44	8	1
44	10	1
44	12	1
44	19	1
44	25	1
44	28	1
44	30	1
44	31	2
44	34	1
44	35	1
44	36	1
44	37	1
44	41	1
44	43	1
45	16	1
45	20	1
45	29	1
45	30	2
45	31	1
45	33	2
45	34	2
45	35	2
45	37	1
45	39	2
45	40	1
45	41	1
45	43	1
45	44	2
46	0	1
46	2	1
46	14	1
46	15	1
46	24	1
46	25	1
46	26	1
46	27	1
46	30	1
46	31	3
46	34	1
46	35	1
46	36	1
46	39	1
46	40	1
46	41	1
46	43	3
46	45	2
47	0	1
47	3	1
47	11	1
47	15	1
47	16	1
47	18	2
47	28	1
47	35	2
47	36	2
47	38	2
47	41	1
47	42	1
47	45	1
47	46	2
48	9	3
48	11	1
48	12	2
48	13	1
48	19	2
48	23	1
48	26	1
48	32	1
48	33	1
48	35	2
48	38	1
48	40	1
48	41	1
48	45	1
49	2	2
49	4	2
49	5	1
49	7	2
49	10	1
49	11	1
49	13	1
49	14	2
49	17	1
49	18	1
49	19	2
49	20	2
49	24	1
49	26	4
49	30	1
49	34	4
49	35	2
49	37	1
49	38	1
49	42	1
49	43	2
49	47	2
49	48	2
50	1	3
50	7	1
50	9	1
50	10	1
50	11	1
50	12	2
50	15	1
50	25	2
50	27	2
50	30	2
50	32	1
50	33	1
50	35	1
50	37	1
50	42	2
50	47	1
50	49	3
51	1	1
51	5	2
51	10	3
51	11	2
51	19	1
51	20	1
51	21	4
51	23	1
51	24	1
51	25	1
51	26	2
51	29	1
51	30	2
51	31	1
51	34	3
51	35	1
51	36	2
51	37	2
51	38	2
51	39	1
51	40	3
51	42	3
51	43	1
51	45	1
51	46	1
51	47	1
51	49	2
52	1	2
52	5	1
52	7	1
52	8	1
52	10	1
52	11	1
52	14	1
52	18	3
52	19	1
52	20	2
52	21	1
52	23	1
52	25	1
52	26	1
52	27	1
52	29	1
52	35	1
52	38	2
52	40	2
52	41	3
52	42	2
52	46	1
52	47	1
52	49	2
52	51	1
53	5	1
53	9	1
53	10	1
53	13	1
53	14	1
53	15	1
53	16	1
53	18	1
53	21	1
53	26	1
53	28	2
53	34	1
53	35	1
53	37	1
53	38	2
53	39	1
53	40	4
53	44	1
53	45	2
53	46	1
53	51	6
54	3	1
54	4	1
54	10	1
54	12	1
54	13	1
54	23	1
54	27	1
54	28	2
54	29	1
54	32	1
54	34	1
54	35	2
54	36	1
54	37	1
54	39	1
54	42	1
54	43	1
54	47	1
54	51	1
54	52	2
54	53	1
55	1	1
55	2	1
55	3	2
55	4	1
55	6	1
55	9	1
55	10	1
55	14	2
55	15	1
55	23	1
55	24	1
55	28	2
55	29	3
55	30	1
55	35	2
55	36	3
55	37	3
55	38	3
55	39	2
55	40	1
55	44	2
55	46	2
55	47	1
55	48	1
55	49	1
55	52	3
55	53	3
55	54	2
56	0	1
56	2	1
56	3	1
56	5	1
56	11	1
56	18	1
56	26	1
56	28	2
56	30	1
56	32	1
56	33	1
56	34	1
56	35	1
56	36	2
56	38	1
56	39	4
56	40	1
56	41	1
56	42	1
56	43	1
56	45	2
56	50	1
56	51	1
56	53	2
56	54	1
56	55	5
57	0	1
57	3	1
57	8	1
57	13	1
57	15	1
57	22	1
57	23	2
57	24	2
57	26	2
57	27	1
57	28	1
57	30	1
57	31	1
57	33	1
57	35	1
57	36	1
57	38	1
57	41	2
57	42	1
57	43	1
57	45	1
57	46	2
57	49	3
57	50	2
57	52	2
57	54	1
57	56	2
58	3	1
58	4	1
58	6	1
58	14	1
58	17	1
58	18	1
58	24	1
58	25	1
58	28	1
58	29	1
58	32	1
58	33	1
58	36	2
58	37	2
58	38	1
58	39	1
58	40	2
58	41	2
58	43	2
58	44	3
58	45	1
58	49	1
58	50	2
58	53	1
58	56	1
58	57	1
59	3	2
59	9	1
59	11	1
59	12	2
59	14	1
59	15	1
59	18	3
59	19	1
59	24	1
59	25	1
59	26	2
59	28	1
59	29	3
59	30	1
59	31	1
59	32	1
59	35	1
59	36	1
59	37	2
59	39	3
59	41	1
59	43	1
59	46	1
59	49	2
59	52	1
59	53	2
59	54	2
59	55	2
59	57	4
59	58	1
60	7	1
60	8	1
60	10	1
60	12	1
60	13	2
60	19	1
60	24	1
60	29	1
60	31	3
60	33	1
60	36	3
60	37	1
60	39	1
60	41	1
60	42	1
60	44	1
60	47	1
60	50	1
60	56	1
60	58	4
60	59	1
