2	0	1
2	1	1
3	0	1
3	1	1
3	2	1
4	0	1
4	2	3
4	3	1
5	1	1
6	1	1
6	2	1
6	3	1
6	4	1
6	5	1
7	6	1
8	1	1
8	5	1
8	6	1
8	7	2
9	1	1
9	2	1
9	6	1
9	7	1
10	1	2
10	2	2
10	4	1
10	6	4
10	7	5
10	9	3
11	0	1
11	1	1
11	3	3
11	5	1
11	6	1
11	7	3
11	8	2
11	9	1
11	10	4
12	1	1
12	2	3
12	4	2
12	5	1
12	8	2
12	9	2
12	10	3
12	11	1
13	0	1
13	1	1
13	2	1
13	3	1
13	4	1
13	6	2
13	8	2
13	10	1
13	12	3
14	1	2
14	2	1
14	3	2
14	4	1
14	7	1
14	8	1
14	9	1
14	10	1
14	12	2
14	13	2
15	0	1
15	2	3
15	4	1
15	5	3
15	6	1
15	7	1
15	8	2
15	11	2
15	13	2
15	14	1
16	1	1
16	5	3
16	7	1
16	8	1
16	11	1
16	12	2
16	14	1
17	0	1
17	2	1
17	3	1
17	5	1
17	6	1
17	8	1
17	9	2
17	13	1
18	0	1
18	4	1
18	12	1
18	13	1
18	14	1
19	1	2
19	3	1
19	12	2
19	13	1
19	15	1
19	16	1
19	17	1
19	18	1
20	0	3
20	2	2
20	3	1
20	4	2
20	7	1
20	14	1
20	16	1
20	19	1
21	2	2
21	3	2
21	4	1
21	5	2
21	6	1
21	7	1
21	9	1
21	10	1
21	12	2
21	14	1
21	18	1
22	1	1
22	4	2
22	5	1
22	6	2
22	7	1
22	9	1
22	10	1
22	12	1
22	14	1
22	18	1
22	20	4
23	3	1
23	4	2
23	5	1
23	11	1
23	12	1
23	13	3
23	17	3
23	20	1
23	21	1
24	1	1
24	9	1
24	12	1
24	13	1
24	15	1
24	18	2
24	21	1
24	22	1
25	3	1
25	9	1
25	10	1
25	20	1
25	21	1
25	24	1
26	1	2
26	2	2
26	4	1
26	10	3
26	13	1
26	14	2
26	18	1
26	19	1
26	20	1
26	24	1
27	8	1
27	12	1
27	14	2
28	2	1
28	3	2
28	4	1
28	5	2
28	7	1
28	13	1
28	14	1
28	18	2
28	20	1
28	22	3
28	24	1
29	8	1
29	13	1
29	24	1
30	1	1
30	11	1
30	12	1
30	13	1
30	24	1
30	26	1
30	29	2
31	9	1
31	25	1
31	28	1
31	29	2
31	30	2
32	1	1
32	10	1
32	24	1
32	28	1
32	29	1
32	30	1
32	31	3
33	2	1
33	5	1
33	8	1
33	9	1
33	10	2
33	14	1
33	15	3
33	18	1
33	21	1
33	24	1
33	26	1
33	27	1
33	28	1
33	29	1
33	30	1
33	32	3
34	2	1
34	3	1
34	4	1
34	6	1
34	12	1
34	13	1
34	19	1
34	21	1
34	24	1
34	26	1
34	27	1
34	29	1
34	31	1
35	1	2
35	3	1
35	15	1
35	22	4
35	25	1
35	26	1
35	27	2
35	29	1
35	30	1
35	31	1
35	32	1
35	33	3
35	34	1
36	3	1
36	4	1
36	6	1
36	10	1
36	14	1
36	15	1
36	18	1
36	26	2
36	27	1
36	28	1
36	30	1
36	33	1
36	35	1
37	0	1
37	1	1
37	6	1
37	7	1
37	8	1
37	20	1
37	21	1
37	24	1
37	25	2
37	26	2
37	29	1
37	31	3
37	32	1
37	34	5
37	35	1
37	36	1
38	1	1
38	2	1
38	4	2
38	5	1
38	7	2
38	8	2
38	10	1
38	11	1
38	14	2
38	15	1
38	19	1
38	23	1
38	26	2
38	28	1
38	31	1
38	32	2
38	33	1
38	35	2
38	36	1
38	37	1
39	4	1
39	6	1
39	12	1
39	14	2
39	19	2
39	23	1
39	24	2
39	25	1
39	27	1
39	28	4
39	29	1
39	32	1
39	33	1
39	37	2
39	38	1
40	1	3
40	4	1
40	8	2
40	11	1
40	13	1
40	15	2
40	20	1
40	25	2
40	26	1
40	27	1
40	28	2
40	29	1
40	31	1
40	32	1
40	33	3
40	37	3
40	38	2
40	39	1
41	6	1
41	8	1
41	18	1
41	25	2
41	27	1
41	29	1
41	37	2
41	38	2
41	39	1
41	40	1
42	1	1
42	3	1
42	8	1
42	12	2
42	13	1
42	18	1
42	20	1
42	24	1
42	30	1
42	33	2
42	35	1
42	37	2
42	38	3
42	40	3
42	41	2
43	2	1
43	8	1
43	9	1
43	14	2
43	18	1
43	25	1
43	30	2
43	31	2
43	33	2
43	34	1
43	36	1
43	37	3
43	38	2
43	39	2
43	40	1
43	41	1
43	42	1
44	4	1
44	5	1
44	10	1
44	20	1
44	21	1
44	24	1
44	25	2
44	27	1
44	28	1
44	29	2
44	31	1
44	36	1
44	37	2
44	38	1
44	39	1
44	40	1
44	41	1
44	43	2
45	0	1
45	11	1
45	15	1
45	22	1
45	24	1
45	26	2
45	27	1
45	30	2
45	32	1
45	33	1
45	37	1
45	38	1
45	39	3
45	43	2
45	44	2
46	14	1
46	18	1
46	19	1
46	24	1
46	30	1
46	31	2
46	32	1
46	33	2
46	35	1
46	38	3
46	40	1
46	42	1
46	45	1
47	11	1
47	24	1
47	26	2
47	29	1
47	30	1
47	33	1
47	35	4
47	38	1
47	42	1
47	43	1
47	46	1
48	7	1
48	8	1
48	9	1
48	10	2
48	12	2
48	13	1
48	16	1
48	21	1
48	23	1
48	27	2
48	28	2
48	29	1
48	31	2
48	32	1
48	34	1
48	37	1
48	38	2
48	40	1
48	43	1
48	44	1
48	45	1
49	1	1
49	3	1
49	12	1
49	15	1
49	17	2
49	18	1
49	20	2
49	22	2
49	24	1
49	25	1
49	26	2
49	27	1
49	28	1
49	31	1
49	32	1
49	33	1
49	34	2
49	35	3
49	39	1
49	40	1
49	42	1
49	43	2
49	46	1
49	47	1
49	48	4
50	11	2
50	12	1
50	14	3
50	15	1
50	24	2
50	25	1
50	26	2
50	33	1
50	34	2
50	36	2
50	37	1
50	48	1
50	49	3
51	1	1
51	5	2
51	7	1
51	9	1
51	10	2
51	13	1
51	14	3
51	18	1
51	19	2
51	20	1
51	23	1
51	24	3
51	25	1
51	26	2
51	27	1
51	29	1
51	30	1
51	34	4
51	35	1
51	36	1
51	37	3
51	38	3
51	40	3
51	41	2
51	42	1
51	46	1
51	48	2
51	49	4
51	50	1
52	1	2
52	3	1
52	5	1
52	7	1
52	9	1
52	14	1
52	20	1
52	22	1
52	24	1
52	26	1
52	27	1
52	30	1
52	36	2
52	38	5
52	40	1
52	42	2
52	47	1
52	48	1
52	51	4
53	1	2
53	4	2
53	5	1
53	9	1
53	10	1
53	11	1
53	12	1
53	13	1
53	18	2
53	20	1
53	23	1
53	24	2
53	25	1
53	27	3
53	30	2
53	33	1
53	34	2
53	37	2
53	38	5
53	40	3
53	41	3
53	44	2
53	48	1
53	49	4
53	51	1
54	2	2
54	11	1
54	12	1
54	15	1
54	17	1
54	19	1
54	21	2
54	23	1
54	28	1
54	30	1
54	32	1
54	36	1
54	38	2
54	43	1
54	47	1
54	48	1
55	1	3
55	5	1
55	8	3
55	9	1
55	10	2
55	14	1
55	16	1
55	18	1
55	25	1
55	28	4
55	34	3
55	36	2
55	38	1
55	39	1
55	41	1
55	42	2
55	44	1
55	48	2
55	49	2
55	52	2
55	53	5
55	54	2
56	3	1
56	9	1
56	19	1
56	22	1
56	23	1
56	25	1
56	27	1
56	28	2
56	31	1
56	34	1
56	36	1
56	38	4
56	41	1
56	44	1
56	48	3
56	52	2
56	53	1
56	55	1
57	6	1
57	14	1
57	15	1
57	18	1
57	19	1
57	24	2
57	27	1
57	28	2
57	34	2
57	35	3
57	36	2
57	37	1
57	38	1
57	40	1
57	41	1
57	43	1
57	44	1
57	47	1
57	48	2
57	49	1
57	52	2
57	54	1
57	56	2
58	3	2
58	4	1
58	7	1
58	16	1
58	17	1
58	24	2
58	25	2
58	26	2
58	30	2
58	33	1
58	35	2
58	37	2
58	38	1
58	40	1
58	43	1
58	44	1
58	45	2
58	46	1
58	47	1
58	48	1
58	52	1
58	53	2
58	55	1
58	57	2
59	5	1
59	8	1
59	12	1
59	15	1
59	19	1
59	22	2
59	24	1
59	28	1
59	29	1
59	31	2
59	35	1
59	36	1
59	38	1
59	40	1
59	41	1
59	44	1
59	48	1
59	49	2
59	51	2
59	52	3
59	54	2
59	55	1
59	56	1
59	57	3
60	0	1
60	1	1
60	8	1
60	10	2
60	15	1
60	17	1
60	23	1
60	24	1
60	25	1
60	30	1
60	31	1
60	34	2
60	35	1
60	36	2
60	37	3
60	38	2
60	39	1
60	43	1
60	45	1
60	47	1
60	49	1
60	50	1
60	51	2
60	54	1
60	55	1
60	57	2
60	58	1
