1	0	1
2	0	2
3	0	1
4	0	1
4	2	2
4	3	3
5	2	2
5	3	1
5	4	2
6	1	1
6	2	1
6	4	1
7	0	1
7	2	1
7	4	2
8	2	2
8	4	1
8	5	1
8	6	1
8	7	3
9	0	1
9	1	1
9	4	2
9	6	2
9	7	2
9	8	1
10	0	1
10	1	1
10	2	2
10	3	1
10	5	1
10	6	1
10	7	1
10	8	3
10	9	2
11	0	1
11	2	2
11	6	1
11	7	3
11	8	1
11	9	4
11	10	2
12	6	2
12	7	3
12	8	1
12	9	2
12	10	1
12	11	2
13	0	1
13	1	3
13	2	1
13	3	2
13	6	3
13	8	2
13	9	1
13	11	1
14	1	1
14	3	1
14	7	1
14	11	3
15	0	1
15	1	2
15	4	1
15	5	1
15	8	1
15	9	2
15	11	2
15	14	1
16	2	2
16	4	1
16	6	1
16	7	1
16	11	1
16	12	2
16	13	2
16	14	2
16	15	1
17	1	1
17	2	1
17	4	1
17	6	1
17	9	1
17	13	4
17	15	1
17	16	1
18	1	1
18	2	1
18	4	1
18	5	1
18	8	1
18	9	1
18	10	5
18	11	1
18	12	1
18	15	1
18	16	1
19	0	1
19	2	1
19	3	2
19	9	1
19	10	1
19	11	1
19	13	1
19	14	2
19	15	3
19	18	2
20	1	1
20	2	2
20	3	3
20	4	5
20	6	2
20	8	1
20	9	1
20	11	1
20	12	1
20	13	1
20	14	2
20	18	1
20	19	3
21	0	1
21	4	4
21	12	2
21	14	2
21	16	1
21	17	1
21	20	2
22	2	1
22	4	2
22	5	2
22	6	1
22	7	1
22	11	2
22	13	2
22	18	1
22	21	1
23	0	2
23	1	1
23	4	2
23	5	1
23	7	1
23	8	2
23	9	1
23	10	1
23	18	3
23	20	1
24	1	1
24	3	1
24	8	1
24	10	1
24	11	1
24	12	2
24	14	2
24	15	2
24	17	1
24	18	1
24	20	3
24	22	1
24	23	2
25	1	1
25	3	1
25	4	1
25	6	1
25	9	4
25	11	3
25	13	2
25	15	1
25	18	1
25	19	1
25	20	1
26	7	1
26	10	1
26	11	1
26	12	1
26	14	1
26	15	1
26	24	1
26	25	2
27	2	1
27	4	1
27	10	2
27	11	2
27	25	1
27	26	3
28	1	1
28	5	1
28	8	1
28	10	2
28	11	1
28	12	1
28	13	1
28	17	1
28	20	1
28	22	1
28	24	2
28	27	3
29	4	1
29	8	1
29	13	1
29	24	1
29	27	1
30	3	1
30	24	1
30	25	1
30	27	1
30	28	1
31	10	1
31	23	1
31	24	1
31	25	1
31	28	1
31	29	1
31	30	3
32	1	1
32	9	1
32	12	1
32	17	2
32	18	1
32	22	1
32	27	2
32	29	2
33	8	1
33	10	1
33	13	1
33	23	1
33	26	1
33	27	1
33	29	1
33	30	1
33	32	3
34	4	1
34	5	1
34	6	1
34	9	3
34	13	2
34	19	2
34	22	1
34	26	1
34	27	1
34	30	1
34	32	1
34	33	3
35	1	1
35	8	1
35	9	1
35	17	1
35	18	1
35	20	2
35	25	1
35	26	2
35	27	1
35	28	1
35	31	1
35	32	1
35	33	3
36	4	1
36	13	1
36	14	1
36	22	1
36	23	1
36	27	2
36	30	1
36	31	1
36	32	1
37	3	1
37	6	1
37	8	1
37	9	3
37	10	1
37	11	1
37	12	1
37	13	1
37	20	2
37	21	1
37	25	1
37	28	1
37	29	2
37	32	1
37	33	1
37	34	1
38	3	1
38	5	1
38	8	1
38	10	2
38	11	1
38	12	3
38	21	1
38	22	2
38	23	1
38	24	1
38	27	1
38	32	1
38	33	2
38	34	1
38	35	3
38	37	1
39	2	3
39	4	1
39	7	1
39	9	1
39	14	1
39	21	1
39	27	1
39	28	1
39	30	1
39	31	1
39	32	1
39	37	1
39	38	2
40	2	1
40	12	1
40	13	1
40	15	1
40	16	1
40	20	1
40	28	1
40	35	2
40	37	3
40	38	3
41	1	1
41	4	1
41	7	1
41	9	2
41	10	1
41	13	1
41	20	1
41	22	1
41	24	1
41	27	2
41	31	1
41	37	1
41	38	2
41	39	2
41	40	1
42	2	1
42	5	1
42	8	1
42	9	1
42	10	1
42	19	1
42	20	1
42	29	1
42	30	1
42	32	1
42	37	1
42	39	1
42	41	3
43	1	2
43	2	1
43	8	2
43	12	1
43	20	1
43	22	1
43	28	3
43	29	1
43	30	1
43	31	1
43	32	1
43	33	1
43	34	2
43	35	1
43	37	3
43	38	4
43	39	1
43	40	1
43	41	5
43	42	2
44	4	1
44	10	1
44	18	1
44	19	2
44	25	1
44	26	1
44	27	1
44	28	2
44	37	2
44	38	1
44	39	2
45	23	1
45	25	1
45	26	1
45	28	1
45	29	1
45	30	2
45	32	1
45	35	1
45	37	1
45	38	1
45	40	2
45	43	2
46	4	1
46	8	1
46	15	1
46	18	1
46	24	1
46	27	1
46	31	1
46	32	1
46	35	3
46	36	1
46	39	1
46	41	1
46	43	1
47	1	1
47	11	2
47	15	1
47	21	1
47	25	1
47	27	1
47	31	1
47	32	1
47	36	1
47	37	2
47	38	2
47	42	1
47	46	1
48	1	2
48	4	2
48	6	1
48	8	1
48	9	2
48	11	1
48	12	1
48	13	1
48	16	2
48	18	1
48	19	1
48	21	1
48	23	1
48	25	1
48	26	1
48	28	1
48	31	1
48	33	1
48	34	2
49	0	1
49	3	1
49	12	2
49	14	2
49	16	1
49	21	1
49	24	2
49	27	1
49	29	1
49	31	3
49	32	1
49	33	1
49	34	1
49	36	1
49	37	1
49	38	1
49	39	1
49	40	1
49	46	1
49	48	1
50	1	1
50	7	1
50	9	2
50	10	1
50	11	2
50	12	1
50	15	1
50	18	1
50	20	1
50	21	2
50	34	4
50	36	1
50	43	1
50	46	1
50	47	1
50	49	1
51	1	1
51	2	1
51	4	1
51	6	1
51	8	2
51	12	3
51	15	1
51	18	2
51	20	1
51	22	1
51	24	1
51	27	2
51	29	1
51	30	1
51	33	1
51	34	1
51	35	2
51	36	2
51	38	1
51	40	2
51	44	2
51	45	1
51	46	2
51	47	2
51	48	1
51	49	2
51	50	1
52	3	1
52	14	1
52	15	2
52	24	2
52	25	1
52	27	2
52	29	1
52	32	1
52	33	1
52	34	2
52	38	2
52	41	1
52	43	1
52	44	1
52	46	1
52	47	1
52	49	2
52	51	1
53	5	1
53	9	4
53	13	1
53	17	1
53	20	1
53	24	2
53	25	1
53	30	1
53	32	1
53	34	2
53	35	2
53	37	1
53	38	3
53	39	2
53	40	1
53	42	1
53	43	1
53	50	2
53	51	1
53	52	1
54	3	1
54	4	2
54	8	1
54	9	1
54	12	1
54	14	1
54	15	3
54	18	1
54	19	1
54	23	1
54	25	1
54	28	1
54	32	2
54	37	1
54	39	1
54	41	1
54	43	1
54	47	2
54	49	1
54	52	2
55	2	1
55	3	1
55	5	2
55	6	2
55	7	1
55	11	1
55	12	1
55	14	1
55	15	2
55	16	1
55	22	1
55	23	1
55	24	1
55	25	1
55	26	2
55	29	1
55	32	1
55	33	1
55	36	1
55	38	1
55	39	3
55	40	1
55	42	1
55	43	1
55	44	2
55	45	1
55	46	1
55	48	1
55	49	1
55	51	2
55	52	1
55	53	3
55	54	1
56	10	1
56	14	1
56	21	2
56	23	1
56	26	1
56	28	1
56	34	1
56	38	1
56	39	1
56	42	1
56	44	1
56	47	1
56	48	1
56	49	2
56	52	1
56	53	2
56	54	1
56	55	2
57	0	1
57	4	1
57	10	1
57	28	1
57	33	1
57	34	1
57	41	1
57	42	1
57	43	1
57	44	2
57	45	1
57	46	1
57	47	2
57	48	1
57	53	1
57	54	1
57	55	2
57	56	2
58	0	2
58	2	1
58	3	1
58	4	1
58	6	1
58	9	2
58	11	1
58	16	1
58	18	1
58	24	1
58	26	2
58	27	1
58	30	1
58	33	2
58	34	1
58	35	1
58	36	2
58	38	1
58	43	1
58	44	1
58	45	1
58	47	1
58	49	4
58	50	1
58	52	1
59	1	1
59	11	1
59	13	1
59	14	4
59	20	1
59	21	1
59	22	1
59	24	1
59	25	1
59	29	2
59	32	1
59	33	2
59	34	1
59	35	1
59	36	1
59	39	1
59	40	1
59	41	1
59	43	2
59	45	1
59	47	2
59	51	3
59	52	1
59	53	1
59	55	4
59	57	1
60	7	1
60	12	1
60	15	1
60	23	1
60	24	1
60	25	1
60	27	1
60	34	1
60	36	1
60	38	1
60	40	1
60	43	2
60	45	1
60	46	2
60	47	2
60	54	1
60	55	2
60	58	1
60	59	2
