1	0	1
2	0	2
2	1	1
3	1	1
4	0	1
4	2	2
4	3	3
5	4	1
6	5	1
7	5	1
7	6	1
8	1	1
8	2	2
8	4	1
8	5	2
8	6	2
8	7	1
9	0	1
9	1	1
9	6	3
9	7	2
9	8	3
10	6	3
10	7	1
10	8	1
10	9	1
11	0	1
11	1	3
11	2	1
11	3	1
11	5	2
11	7	1
11	8	1
11	9	3
11	10	2
12	0	2
12	1	1
12	4	1
12	6	2
12	8	2
12	9	2
12	10	2
12	11	1
13	1	2
13	2	1
13	3	1
13	6	1
13	7	1
13	8	1
13	10	1
13	11	3
13	12	2
14	0	1
14	3	1
14	4	1
14	6	2
14	10	1
14	11	1
14	12	1
15	1	1
15	5	1
15	6	1
15	9	2
15	10	2
15	11	2
15	13	3
16	6	1
16	8	2
16	14	1
16	15	1
17	0	1
17	2	1
17	4	1
17	8	2
17	9	1
17	10	1
17	13	1
17	16	1
18	1	1
18	4	2
18	6	1
18	7	3
18	8	1
18	10	4
18	11	1
18	12	5
18	14	1
19	1	2
19	3	1
19	4	1
19	6	1
19	10	1
19	11	4
19	14	1
19	15	1
19	16	2
20	1	1
20	2	2
20	3	2
20	5	1
20	6	1
20	9	1
20	10	1
20	14	1
20	15	2
21	0	1
21	3	2
21	4	2
21	5	1
21	6	1
21	8	2
21	9	1
21	10	3
21	12	1
21	15	1
21	16	1
21	19	1
21	20	1
22	3	1
22	4	1
22	5	2
22	8	1
22	11	2
22	12	1
22	14	1
22	15	1
22	17	2
22	18	2
22	19	1
22	20	2
22	21	1
23	3	1
23	4	3
23	9	1
23	11	1
23	13	2
23	14	1
24	1	3
24	5	1
24	6	1
24	8	2
24	10	1
24	11	1
24	13	1
24	14	1
24	17	1
24	18	1
24	19	1
24	22	1
24	23	1
25	0	1
25	2	1
25	5	2
25	6	1
25	10	2
25	11	1
25	12	1
25	13	1
25	15	1
25	24	3
26	2	1
26	10	1
26	15	1
26	20	1
26	22	1
26	25	1
27	6	2
27	7	1
27	23	1
27	26	1
28	4	2
28	5	2
28	10	2
28	12	1
28	13	2
28	19	2
28	20	1
28	22	2
29	2	1
29	20	2
29	24	1
30	1	1
30	7	1
30	8	1
30	9	1
30	10	1
30	12	2
30	14	1
30	17	1
30	20	1
30	24	1
30	25	1
30	26	1
30	28	1
31	5	1
31	10	1
31	11	1
31	19	1
31	22	2
31	24	1
31	26	1
31	27	1
31	29	2
31	30	1
32	14	1
32	24	1
32	29	1
32	31	1
33	0	1
33	2	2
33	5	1
33	11	1
33	12	1
33	13	1
33	14	1
33	15	1
33	19	1
33	21	1
33	25	2
33	28	1
33	29	2
33	30	1
33	32	5
34	4	1
34	5	1
34	8	1
34	10	3
34	14	2
34	18	1
34	19	1
34	20	1
34	25	2
34	28	1
34	30	1
34	31	1
34	33	3
35	9	2
35	11	1
35	12	1
35	24	1
35	25	1
35	27	4
35	28	2
35	30	3
35	31	1
35	32	2
35	33	1
35	34	5
36	1	1
36	2	1
36	3	1
36	4	2
36	6	1
36	8	1
36	12	1
36	15	1
36	23	2
36	24	2
36	27	1
36	28	2
36	29	1
37	6	1
37	7	1
37	10	2
37	11	2
37	12	2
37	25	1
37	27	1
37	28	1
37	29	1
37	30	2
37	32	1
37	33	1
37	34	3
37	35	2
37	36	1
38	0	1
38	7	1
38	11	1
38	12	1
38	21	1
38	24	1
38	30	2
38	32	2
38	33	1
38	34	1
38	35	2
38	36	1
39	5	1
39	7	1
39	9	1
39	10	1
39	11	1
39	12	2
39	13	2
39	15	2
39	18	1
39	20	1
39	22	1
39	26	1
39	27	1
39	28	5
39	29	1
39	30	2
39	31	1
39	32	1
39	34	1
39	38	3
40	4	1
40	5	1
40	7	2
40	10	2
40	11	1
40	14	2
40	15	1
40	18	2
40	20	1
40	22	2
40	23	1
40	24	1
40	25	1
40	26	1
40	27	1
40	28	2
40	30	2
40	32	1
40	34	2
40	37	4
40	38	2
41	4	1
41	10	1
41	11	1
41	14	1
41	20	2
41	22	1
41	26	1
41	27	1
41	29	1
41	30	2
41	31	1
41	32	1
41	36	1
41	37	1
41	40	3
42	2	1
42	10	1
42	11	2
42	15	1
42	19	1
42	25	1
42	27	1
42	28	2
42	29	1
42	34	1
42	36	1
42	37	3
42	39	1
42	41	4
43	1	1
43	2	1
43	3	1
43	5	1
43	9	1
43	12	1
43	13	1
43	14	2
43	15	2
43	17	1
43	22	1
43	25	1
43	29	1
43	32	1
43	34	2
43	35	1
43	36	1
43	37	2
43	38	1
43	39	2
43	40	2
43	41	2
43	42	1
44	23	1
44	24	3
44	28	1
44	33	1
44	34	1
44	35	2
44	38	1
44	39	1
44	40	1
44	41	2
44	43	2
45	0	1
45	5	1
45	9	1
45	15	1
45	24	3
45	25	1
45	28	1
45	29	1
45	30	1
45	31	1
45	32	1
45	34	1
45	37	1
45	38	2
45	39	1
45	41	2
45	42	1
45	43	2
46	4	1
46	8	1
46	15	1
46	19	1
46	25	1
46	29	2
46	30	1
46	32	2
46	35	1
46	37	1
46	38	1
46	41	1
46	43	1
46	45	1
47	11	1
47	16	1
47	18	1
47	26	3
47	29	1
47	35	3
47	36	3
47	38	1
47	43	1
47	45	1
48	1	1
48	2	3
48	5	1
48	6	1
48	11	1
48	12	2
48	19	1
48	20	1
48	23	1
48	25	1
48	26	2
48	27	1
48	28	1
48	29	1
48	31	1
48	32	2
48	33	1
48	35	1
48	38	1
48	39	1
48	40	1
48	41	2
48	42	1
48	43	1
48	47	1
49	2	1
49	3	1
49	4	1
49	13	2
49	15	1
49	16	2
49	20	2
49	24	1
49	26	3
49	27	1
49	28	1
49	29	1
49	31	2
49	32	2
49	34	1
49	35	1
49	36	2
49	37	2
49	38	1
49	39	1
49	40	2
49	41	2
49	43	1
49	45	2
49	46	1
49	47	1
49	48	2
50	1	1
50	3	1
50	10	1
50	11	1
50	12	1
50	13	1
50	15	2
50	19	1
50	24	1
50	25	1
50	26	2
50	27	1
50	29	1
50	33	1
50	35	2
50	42	1
50	43	1
50	46	1
50	49	1
51	1	1
51	4	3
51	7	1
51	10	1
51	11	1
51	12	1
51	20	1
51	21	1
51	25	1
51	27	1
51	28	2
51	30	1
51	33	3
51	35	1
51	36	2
51	37	1
51	38	6
51	40	2
51	41	2
51	42	1
51	43	1
51	44	2
51	45	1
51	46	3
51	47	1
51	48	1
51	49	3
52	4	1
52	11	2
52	12	1
52	13	1
52	17	1
52	19	1
52	20	1
52	23	1
52	25	1
52	26	1
52	29	1
52	33	1
52	35	3
52	37	1
52	38	1
52	40	1
52	45	1
52	49	1
52	51	4
53	3	1
53	4	1
53	6	1
53	8	1
53	9	1
53	11	1
53	13	2
53	14	1
53	19	1
53	20	2
53	23	1
53	24	1
53	29	1
53	34	1
53	37	1
53	38	2
53	39	2
53	40	2
53	42	1
53	43	1
53	44	1
53	46	1
53	47	1
53	48	1
53	49	1
53	50	1
53	51	1
53	52	4
54	0	1
54	2	2
54	3	1
54	4	3
54	12	1
54	13	2
54	15	2
54	19	1
54	20	2
54	22	1
54	24	3
54	27	1
54	30	1
54	32	1
54	37	1
54	39	1
54	40	1
54	42	2
54	43	1
54	45	1
54	48	1
54	49	1
54	51	2
54	52	3
54	53	1
55	1	1
55	3	3
55	10	2
55	11	2
55	12	1
55	14	2
55	15	1
55	18	3
55	19	1
55	20	1
55	21	1
55	25	1
55	28	1
55	30	1
55	36	1
55	37	1
55	38	1
55	39	1
55	41	1
55	48	1
55	49	2
55	51	3
55	52	2
55	53	1
56	11	1
56	14	1
56	18	1
56	21	1
56	23	1
56	24	2
56	35	1
56	37	1
56	38	2
56	39	2
56	41	1
56	42	1
56	43	1
56	46	1
56	49	2
56	51	1
56	52	4
56	53	2
56	54	4
56	55	1
57	4	1
57	6	1
57	11	2
57	15	1
57	16	1
57	19	1
57	22	1
57	24	3
57	28	1
57	31	1
57	32	1
57	33	2
57	34	1
57	36	1
57	38	4
57	40	1
57	46	1
57	49	2
57	51	1
57	52	1
57	53	1
57	55	1
58	3	1
58	14	1
58	20	1
58	27	1
58	31	2
58	32	1
58	33	1
58	35	2
58	37	2
58	40	2
58	41	1
58	44	1
58	45	2
58	47	1
58	49	1
58	55	1
58	56	1
58	57	1
59	1	1
59	8	1
59	10	1
59	11	1
59	13	1
59	15	1
59	16	2
59	18	1
59	21	2
59	23	2
59	24	2
59	25	1
59	26	1
59	28	2
59	29	1
59	31	1
59	33	1
59	34	2
59	37	1
59	38	1
59	39	1
59	43	1
59	46	1
59	51	3
59	52	1
59	53	3
59	55	3
59	57	1
60	1	2
60	3	2
60	4	1
60	11	1
60	18	1
60	27	1
60	29	3
60	32	1
60	36	1
60	37	1
60	40	1
60	43	1
60	44	1
60	45	1
60	47	1
60	48	1
60	49	1
60	52	1
60	55	1
60	57	1
60	58	1
60	59	2
