1	0	1
2	1	2
3	2	1
4	1	3
4	2	3
4	3	1
5	1	1
6	2	1
7	0	3
7	3	1
7	4	1
8	6	1
8	7	1
9	0	2
9	1	1
9	6	1
9	7	3
9	8	2
10	1	1
10	5	2
10	6	1
10	7	1
10	8	1
10	9	1
11	0	1
11	2	1
11	9	2
11	10	4
12	0	1
12	2	2
12	4	1
12	5	2
12	6	1
13	0	1
13	1	2
13	2	1
13	4	3
13	6	2
13	7	2
13	8	2
13	9	5
13	11	1
13	12	4
14	9	1
14	10	1
14	11	1
14	12	2
15	0	1
15	1	1
15	2	1
15	5	1
15	8	1
15	12	1
15	13	3
16	0	1
16	1	2
16	8	1
16	14	1
17	0	1
17	2	1
17	3	1
17	4	1
17	8	2
17	10	1
17	11	1
17	16	1
18	1	2
18	2	1
18	5	2
18	6	1
18	12	3
18	13	1
18	14	3
18	15	1
18	16	1
18	17	1
19	0	1
19	1	2
19	2	1
19	4	3
19	6	5
19	8	1
19	9	1
19	13	1
19	14	1
19	15	1
19	17	1
20	2	2
20	4	3
20	5	1
20	6	2
20	8	1
20	9	1
20	10	1
20	11	1
20	12	1
20	14	3
20	18	1
20	19	1
21	2	2
21	3	1
21	5	1
21	7	1
21	10	2
21	13	1
21	14	1
21	16	1
22	4	2
22	5	1
22	11	1
22	12	1
22	14	1
22	19	1
22	20	1
22	21	1
23	1	1
23	3	1
23	4	1
23	9	1
23	10	1
23	14	3
23	17	1
23	19	1
23	20	1
24	1	1
24	2	1
24	3	1
24	4	1
24	5	1
24	8	1
24	9	2
24	11	2
24	14	1
24	15	1
24	18	1
24	23	1
25	1	2
25	8	1
25	11	1
25	19	1
25	22	1
26	0	1
26	4	1
26	12	1
26	13	1
26	14	2
26	18	1
26	20	1
26	24	1
26	25	1
27	4	1
27	5	1
27	8	2
27	9	1
27	10	1
27	15	1
27	19	1
27	26	2
28	5	1
28	6	1
28	8	1
28	9	2
28	10	3
28	12	1
28	14	1
28	15	2
28	16	1
28	18	1
28	20	4
28	23	1
28	25	1
29	14	1
29	20	1
29	25	1
29	27	1
29	28	1
30	1	1
30	8	2
30	19	1
30	24	1
30	25	1
31	9	1
31	14	1
31	22	1
31	27	1
31	29	1
31	30	5
32	1	1
32	4	1
32	10	1
32	11	2
32	13	1
32	24	1
32	26	1
32	30	1
33	1	1
33	2	1
33	3	1
33	5	1
33	10	1
33	11	3
33	21	1
33	29	1
33	30	2
33	32	3
34	3	1
34	9	2
34	13	1
34	18	1
34	27	2
34	29	1
35	0	1
35	3	1
35	5	1
35	8	1
35	11	1
35	12	2
35	13	1
35	14	1
35	15	1
35	25	1
35	26	1
35	27	2
35	29	1
35	30	1
35	31	2
35	33	1
35	34	3
36	4	1
36	5	1
36	7	1
36	10	1
36	11	1
36	13	1
36	14	1
36	30	1
36	32	1
37	5	1
37	6	1
37	8	1
37	12	1
37	15	1
37	19	2
37	20	1
37	25	1
37	27	1
37	31	1
37	32	1
37	33	1
37	34	1
38	1	1
38	7	1
38	10	1
38	13	1
38	18	1
38	19	1
38	20	1
38	24	1
38	25	1
38	27	1
38	28	2
38	30	1
38	33	1
38	34	1
38	35	1
38	36	3
39	5	1
39	6	1
39	10	2
39	13	1
39	18	1
39	20	1
39	22	1
39	23	1
39	28	2
39	30	2
39	33	2
39	36	2
40	0	2
40	4	1
40	9	1
40	10	3
40	12	1
40	15	1
40	16	1
40	17	2
40	20	1
40	21	1
40	22	1
40	26	1
40	27	1
40	29	1
40	34	2
40	35	1
40	36	1
40	37	1
40	38	1
40	39	2
41	1	1
41	4	1
41	5	2
41	6	1
41	10	1
41	16	1
41	18	1
41	20	1
41	26	1
41	30	3
41	31	1
41	32	1
41	35	2
41	38	2
41	39	2
41	40	2
42	4	1
42	6	1
42	9	1
42	10	1
42	14	2
42	15	1
42	31	1
42	33	1
42	36	1
42	37	2
42	40	2
42	41	4
43	0	1
43	18	1
43	22	1
43	27	1
43	32	1
43	34	1
43	35	1
43	36	1
43	37	2
43	38	1
43	40	3
43	41	5
43	42	1
44	4	1
44	5	1
44	11	1
44	20	1
44	24	2
44	26	1
44	27	1
44	30	1
44	33	1
44	35	1
44	36	1
44	38	1
44	40	1
44	42	2
45	0	1
45	6	1
45	23	1
45	25	1
45	27	1
45	28	1
45	32	2
45	33	1
45	34	1
45	35	1
45	37	1
45	41	3
45	42	1
45	43	6
45	44	2
46	0	1
46	4	3
46	10	1
46	13	1
46	14	1
46	19	1
46	22	1
46	24	1
46	26	2
46	29	2
46	32	1
46	33	1
46	34	2
46	35	2
46	36	1
46	37	1
46	38	3
46	39	1
46	41	1
46	45	1
47	0	1
47	3	1
47	12	1
47	23	1
47	26	2
47	27	1
47	28	1
47	29	1
47	31	1
47	34	2
47	35	1
47	36	2
47	38	1
47	40	3
47	41	1
47	42	1
47	43	1
47	44	1
48	3	1
48	8	1
48	9	1
48	11	2
48	13	1
48	15	3
48	20	1
48	24	1
48	25	2
48	28	2
48	31	1
48	32	1
48	33	1
48	34	2
48	35	1
48	36	1
48	38	1
48	39	2
48	40	1
48	42	1
48	46	2
48	47	1
49	0	1
49	1	2
49	5	2
49	7	1
49	8	1
49	9	2
49	10	1
49	11	1
49	14	1
49	20	1
49	22	1
49	24	3
49	25	3
49	28	1
49	29	1
49	33	1
49	34	4
49	36	2
49	38	1
49	39	1
49	40	2
49	46	1
49	47	1
49	48	1
50	8	2
50	10	1
50	20	1
50	23	1
50	24	2
50	26	1
50	28	1
50	32	1
50	33	1
50	34	1
50	35	2
50	36	1
50	38	2
50	39	1
50	40	2
50	46	1
50	48	2
50	49	2
51	2	1
51	4	1
51	6	1
51	8	1
51	10	1
51	11	1
51	13	1
51	15	1
51	18	1
51	19	1
51	20	1
51	24	1
51	26	1
51	27	1
51	30	2
51	31	1
51	34	5
51	35	2
51	36	4
51	40	1
51	44	1
51	47	1
51	48	1
51	49	1
52	2	1
52	4	1
52	7	1
52	8	1
52	9	1
52	13	1
52	18	2
52	19	1
52	20	1
52	23	1
52	27	1
52	28	1
52	30	1
52	32	2
52	34	1
52	36	1
52	38	4
52	39	2
52	40	1
52	42	2
52	43	1
52	44	1
52	47	1
52	49	1
53	1	2
53	3	1
53	5	1
53	6	1
53	7	1
53	8	2
53	10	1
53	13	1
53	14	1
53	16	1
53	19	1
53	22	1
53	23	1
53	25	1
53	28	2
53	34	2
53	36	2
53	38	3
53	39	2
53	40	2
53	42	1
53	43	2
53	44	1
53	48	2
53	49	1
53	51	1
53	52	1
54	2	1
54	3	2
54	10	2
54	12	1
54	13	1
54	14	1
54	16	1
54	20	1
54	21	3
54	25	1
54	26	2
54	28	1
54	29	1
54	33	1
54	36	1
54	37	1
54	38	1
54	42	1
54	47	1
55	2	1
55	3	1
55	5	2
55	14	1
55	16	3
55	17	1
55	18	1
55	22	2
55	25	1
55	26	1
55	27	2
55	28	1
55	33	1
55	34	1
55	35	1
55	37	1
55	38	2
55	39	1
55	44	1
55	45	1
55	48	1
55	49	1
55	50	1
55	51	2
55	53	1
55	54	2
56	1	2
56	4	1
56	8	1
56	11	1
56	14	1
56	15	1
56	17	1
56	18	1
56	21	1
56	22	1
56	26	1
56	30	1
56	32	1
56	33	1
56	35	1
56	36	1
56	38	3
56	39	1
56	40	1
56	41	1
56	44	2
56	46	1
56	48	1
56	50	1
56	52	2
56	54	2
56	55	2
57	4	1
57	8	2
57	12	1
57	15	2
57	20	1
57	22	2
57	23	1
57	24	1
57	26	1
57	27	1
57	29	2
57	30	2
57	36	1
57	38	1
57	43	1
57	44	1
57	46	1
57	47	1
57	48	2
57	49	1
57	52	2
57	53	2
57	54	1
57	55	2
58	2	1
58	6	1
58	16	1
58	24	1
58	27	1
58	29	2
58	31	2
58	35	2
58	36	1
58	37	2
58	39	1
58	40	2
58	41	1
58	43	2
58	44	1
58	45	2
58	46	2
58	48	2
58	50	2
58	51	1
58	53	1
58	56	1
58	57	1
59	2	1
59	4	1
59	8	1
59	15	2
59	19	1
59	20	1
59	22	1
59	23	2
59	24	2
59	31	2
59	32	1
59	34	1
59	37	1
59	40	1
59	42	2
59	45	1
59	46	1
59	47	1
59	49	1
59	50	2
59	52	1
59	54	2
59	55	3
59	57	2
59	58	1
60	1	1
60	8	1
60	11	1
60	14	1
60	17	1
60	19	1
60	23	1
60	25	1
60	26	1
60	29	1
60	32	1
60	33	1
60	42	2
60	44	2
60	45	2
60	46	1
60	47	2
60	48	3
60	49	1
60	51	2
60	52	2
60	53	1
60	54	1
60	57	2
