1	0	3
2	0	1
4	0	1
4	1	1
4	3	2
5	1	1
5	2	3
5	3	1
5	4	1
6	0	1
6	5	1
7	4	1
7	5	1
7	6	2
8	0	2
8	1	1
8	4	1
8	6	5
8	7	3
9	6	1
9	7	2
9	8	3
10	1	1
10	2	3
10	3	1
10	6	1
10	8	5
10	9	2
11	0	2
11	5	1
11	6	1
11	10	1
12	0	1
12	1	2
12	2	2
12	3	1
12	5	1
12	6	1
12	7	1
12	8	2
12	9	4
12	10	2
13	0	1
13	1	3
13	2	1
13	7	2
13	8	1
13	9	5
13	10	2
13	11	1
13	12	2
14	2	1
14	3	1
14	4	1
14	9	1
14	10	1
14	12	3
14	13	5
15	2	2
15	5	1
15	6	1
15	8	1
15	10	3
15	11	1
15	13	1
15	14	3
16	0	1
16	5	1
16	7	2
16	11	1
16	12	2
16	13	2
16	15	1
17	2	1
17	4	1
17	5	1
17	7	1
17	10	2
17	12	1
17	14	1
17	16	2
18	1	2
18	3	1
18	5	2
18	7	1
18	8	1
18	9	1
18	10	1
18	14	1
18	15	1
19	0	1
19	1	1
19	3	1
19	4	1
19	9	1
19	13	1
19	15	2
19	18	1
20	2	2
20	3	2
20	4	4
20	6	1
20	10	1
20	12	1
20	13	1
20	14	2
20	15	1
20	16	1
20	18	2
21	2	2
21	12	3
21	13	1
21	14	2
21	15	3
21	19	1
22	2	1
22	3	2
22	8	1
22	12	2
22	14	1
22	15	1
22	18	1
22	19	1
22	20	2
23	0	1
23	1	2
23	3	1
23	4	2
23	7	1
23	10	3
23	12	2
23	17	3
23	19	1
23	21	1
23	22	1
24	1	1
24	6	1
24	10	1
24	11	1
24	12	1
24	13	3
24	14	3
24	15	3
24	18	1
24	20	1
24	22	1
24	23	4
25	2	1
25	5	1
25	10	4
25	11	1
25	12	1
25	13	1
25	15	2
25	16	1
25	18	1
25	20	1
25	24	1
26	2	1
26	7	1
26	23	1
26	25	1
27	1	1
27	9	1
27	24	2
28	0	1
28	1	1
28	3	1
28	4	4
28	5	2
28	6	3
28	7	2
28	12	1
28	20	1
28	21	1
28	22	1
28	23	1
28	24	2
28	25	1
29	8	1
29	13	2
29	18	2
29	23	1
29	25	1
29	27	1
30	5	1
30	9	1
30	10	1
30	11	1
30	12	1
30	13	1
30	17	1
30	26	1
30	27	1
31	8	2
31	9	1
31	10	1
31	11	2
31	23	1
31	25	1
31	27	1
31	29	2
31	30	2
32	1	2
32	8	1
32	9	2
32	10	1
32	13	1
32	15	1
32	22	1
32	23	1
32	26	1
32	27	4
32	30	2
32	31	2
33	12	2
33	13	1
33	24	1
33	32	3
34	2	2
34	5	1
34	6	1
34	11	1
34	15	1
34	19	2
34	21	1
34	23	1
34	24	1
34	27	2
34	28	2
34	29	1
34	30	1
34	32	3
35	14	1
35	15	1
35	18	1
35	27	2
35	28	1
35	30	2
35	31	1
35	32	4
35	33	2
35	34	2
36	1	1
36	10	1
36	12	1
36	14	1
36	27	1
36	30	1
36	33	1
36	35	1
37	4	1
37	13	1
37	15	1
37	18	1
37	26	1
37	31	1
37	32	2
37	33	2
37	36	1
38	4	1
38	5	1
38	6	1
38	13	2
38	15	1
38	26	2
38	28	1
38	29	1
38	32	1
38	33	2
38	34	2
38	35	2
39	1	1
39	2	1
39	6	1
39	11	1
39	18	2
39	25	1
39	27	1
39	28	2
39	31	2
39	32	1
39	34	2
39	38	3
40	9	1
40	14	1
40	15	1
40	18	2
40	21	1
40	25	2
40	26	1
40	27	1
40	28	1
40	29	1
40	30	1
40	31	3
40	34	1
40	35	1
40	36	1
40	37	1
40	38	1
40	39	1
41	10	1
41	15	1
41	18	1
41	25	2
41	30	1
41	31	2
41	32	1
41	35	1
41	37	1
41	38	2
41	39	1
42	4	2
42	5	1
42	9	1
42	13	1
42	14	1
42	18	1
42	35	1
42	36	1
42	37	4
42	38	1
42	39	2
42	41	2
43	0	1
43	13	1
43	15	1
43	17	2
43	22	1
43	25	1
43	26	1
43	30	4
43	32	1
43	34	1
43	36	2
43	37	2
43	38	3
43	39	3
43	41	1
43	42	5
44	7	1
44	8	1
44	20	1
44	21	1
44	24	1
44	26	1
44	32	2
44	33	1
44	36	1
44	37	1
44	38	2
45	10	1
45	19	2
45	24	1
45	26	1
45	29	1
45	30	1
45	33	1
45	34	2
45	38	2
45	40	1
45	41	1
45	43	1
45	44	2
46	1	2
46	11	1
46	13	1
46	19	1
46	22	1
46	25	1
46	30	1
46	31	1
46	32	2
46	34	1
46	35	2
46	36	2
46	37	4
46	38	2
46	40	1
46	43	3
46	45	1
47	1	1
47	2	1
47	3	1
47	4	1
47	11	1
47	18	1
47	21	1
47	23	1
47	24	1
47	25	1
47	26	3
47	30	1
47	31	2
47	34	2
47	36	1
47	38	1
47	43	1
47	46	1
48	1	1
48	2	1
48	3	1
48	7	1
48	8	1
48	10	1
48	11	4
48	13	2
48	19	1
48	22	1
48	23	1
48	25	2
48	29	1
48	30	2
48	32	1
48	33	2
48	34	3
48	37	1
48	38	1
49	1	1
49	8	2
49	12	1
49	14	1
49	15	1
49	23	1
49	24	3
49	27	2
49	31	2
49	34	4
49	36	2
49	38	1
49	39	1
49	43	1
49	44	1
49	47	1
49	48	1
50	2	2
50	13	1
50	15	1
50	19	1
50	20	1
50	25	1
50	27	1
50	33	1
50	35	1
50	36	1
50	38	1
50	43	1
50	47	1
50	48	1
50	49	2
51	1	2
51	3	1
51	4	1
51	8	2
51	10	1
51	18	1
51	20	1
51	24	1
51	25	2
51	26	1
51	27	1
51	31	1
51	32	1
51	33	1
51	34	1
51	35	1
51	37	3
51	38	3
51	39	3
51	41	1
51	46	2
51	48	3
51	49	2
52	1	1
52	2	1
52	11	2
52	18	1
52	21	1
52	26	1
52	28	1
52	29	1
52	34	3
52	38	2
52	39	1
52	41	2
52	45	1
52	46	1
52	48	2
52	49	2
52	50	2
52	51	2
53	1	1
53	2	1
53	4	2
53	10	2
53	11	1
53	12	1
53	13	1
53	15	1
53	21	1
53	27	2
53	28	1
53	30	1
53	31	1
53	34	1
53	36	2
53	37	2
53	38	2
53	43	3
53	44	1
53	45	2
53	46	2
53	47	1
53	48	1
53	50	2
53	51	2
54	3	2
54	4	1
54	9	1
54	12	3
54	14	1
54	19	1
54	22	2
54	24	2
54	25	2
54	28	3
54	29	1
54	34	2
54	36	1
54	37	1
54	40	1
54	42	3
54	51	3
54	52	2
54	53	1
55	2	1
55	3	1
55	4	1
55	6	2
55	13	1
55	16	1
55	17	2
55	20	1
55	23	1
55	24	1
55	25	1
55	27	2
55	28	3
55	30	1
55	33	1
55	34	1
55	36	1
55	39	1
55	42	2
55	43	2
55	44	1
55	46	2
55	48	1
55	49	1
55	54	3
56	1	1
56	3	1
56	14	1
56	15	1
56	19	1
56	20	3
56	22	2
56	24	2
56	26	1
56	30	1
56	31	1
56	33	1
56	36	1
56	39	1
56	42	2
56	43	1
56	46	1
56	50	1
56	51	2
56	52	2
56	54	1
56	55	2
57	3	1
57	8	1
57	10	1
57	13	1
57	15	1
57	18	1
57	19	1
57	25	1
57	26	2
57	29	1
57	30	1
57	35	1
57	38	2
57	39	1
57	44	1
57	45	2
57	46	1
57	48	1
57	50	1
57	51	2
57	52	1
57	56	1
58	2	1
58	6	1
58	9	1
58	10	1
58	16	1
58	18	1
58	26	1
58	27	2
58	28	3
58	31	1
58	32	2
58	34	2
58	36	1
58	37	2
58	41	1
58	42	1
58	43	1
58	44	1
58	45	3
58	46	2
58	47	1
58	56	1
58	57	2
59	1	2
59	8	1
59	12	2
59	14	1
59	21	1
59	22	1
59	23	1
59	24	1
59	25	1
59	28	3
59	31	1
59	32	1
59	35	1
59	36	1
59	38	2
59	40	1
59	44	1
59	45	1
59	48	1
59	49	6
59	50	3
59	51	1
59	52	3
59	54	2
59	55	2
59	58	1
60	1	1
60	12	1
60	17	1
60	27	1
60	31	2
60	32	1
60	34	1
60	35	2
60	36	1
60	37	1
60	39	1
60	44	2
60	45	1
60	47	3
60	49	2
60	51	1
60	54	1
60	55	1
60	56	1
60	57	1
60	58	1
