2	1	1
3	2	1
4	0	2
4	1	1
4	3	2
5	0	1
5	1	1
5	3	1
6	1	1
6	5	2
7	0	1
7	6	1
8	0	1
8	1	1
8	3	2
8	4	2
8	6	2
8	7	4
9	2	1
9	3	1
9	5	1
9	6	1
9	7	2
10	0	1
10	1	1
10	3	1
10	4	1
10	5	1
10	7	2
10	8	1
10	9	1
11	1	1
11	3	1
11	4	2
11	5	2
11	6	1
11	7	2
11	9	1
11	10	1
12	5	1
12	6	1
12	8	2
12	9	1
12	10	1
12	11	2
13	0	1
13	1	1
13	2	2
13	6	1
13	8	4
13	9	1
13	10	1
13	12	1
14	1	1
14	2	3
14	3	1
14	5	1
14	6	1
14	8	1
14	9	2
14	10	1
14	11	3
14	13	3
15	1	3
15	3	2
15	4	1
15	6	1
15	8	2
15	11	1
15	12	3
15	13	4
16	1	1
16	3	1
16	4	1
16	5	1
16	8	1
16	11	1
16	12	1
16	15	1
17	0	1
17	2	1
17	4	1
17	6	1
17	10	1
17	15	3
17	16	1
18	4	1
18	6	3
18	9	1
18	12	1
18	13	1
18	15	1
18	16	3
19	0	1
19	3	2
19	4	1
19	8	1
19	9	4
19	11	1
19	13	1
19	14	3
19	16	1
20	1	1
20	7	1
20	9	2
20	11	1
20	12	1
20	15	1
20	17	1
20	19	2
21	1	1
21	5	2
21	7	1
21	8	1
21	12	4
21	14	1
21	15	1
21	16	1
21	17	2
21	19	1
21	20	4
22	4	2
22	6	1
22	7	1
22	8	1
22	9	1
22	10	1
22	13	1
22	14	1
22	19	1
23	4	2
23	7	1
23	8	1
23	12	1
24	1	1
24	3	1
24	4	1
24	6	2
24	8	1
24	14	1
24	15	1
24	16	1
24	18	1
25	0	1
25	1	1
25	2	1
25	3	1
25	4	1
25	9	3
25	10	2
25	11	4
25	12	1
25	13	1
25	20	1
25	21	1
25	23	2
26	2	1
26	13	1
26	15	1
26	20	2
26	25	1
27	1	2
27	3	1
27	6	1
27	9	1
27	14	1
27	19	1
27	23	2
28	2	1
28	3	1
28	4	1
28	5	1
28	11	1
28	12	4
28	16	1
28	18	1
28	19	1
28	23	1
28	24	1
28	26	2
28	27	1
29	1	1
29	13	2
29	14	1
29	28	1
30	8	1
30	10	1
30	13	1
30	18	1
30	19	1
30	20	1
30	29	2
31	5	1
31	10	2
31	11	1
31	14	1
31	22	1
31	29	1
31	30	1
32	0	1
32	1	1
32	8	1
32	11	1
32	12	1
32	13	2
32	15	1
32	20	1
32	23	1
32	24	3
32	30	2
32	31	1
33	0	1
33	3	1
33	4	1
33	12	2
33	13	1
33	14	1
33	15	1
33	25	3
33	27	1
33	29	2
33	30	2
33	32	1
34	4	2
34	10	2
34	11	1
34	13	1
34	14	1
34	19	1
34	20	2
34	26	1
34	27	1
34	29	3
34	30	1
34	32	2
34	33	2
35	2	1
35	3	1
35	4	1
35	14	1
35	15	1
35	18	1
35	19	1
35	26	1
35	27	2
35	29	2
35	30	1
35	32	1
35	34	1
36	2	1
36	12	1
36	22	1
36	24	1
36	25	1
36	26	1
36	30	2
36	32	1
36	34	1
36	35	3
37	5	1
37	9	1
37	11	2
37	12	1
37	13	1
37	14	1
37	24	1
37	25	1
37	27	2
37	28	1
37	32	2
37	33	1
37	34	1
37	35	1
37	36	1
38	4	2
38	9	2
38	10	1
38	11	2
38	13	1
38	16	1
38	17	1
38	18	1
38	20	1
38	24	2
38	25	1
38	27	1
38	28	1
38	29	2
38	30	1
38	31	1
38	32	2
38	37	5
39	2	1
39	3	1
39	4	1
39	7	1
39	8	1
39	9	2
39	10	1
39	11	1
39	12	2
39	18	1
39	23	1
39	24	1
39	26	1
39	27	1
39	28	2
39	32	1
39	34	1
39	36	1
39	37	1
39	38	1
40	2	1
40	3	1
40	6	1
40	8	1
40	9	1
40	10	1
40	12	1
40	16	1
40	18	1
40	23	1
40	24	1
40	27	1
40	28	1
40	31	1
40	32	1
40	33	2
40	34	1
40	35	1
40	37	1
40	39	3
41	1	1
41	5	1
41	10	2
41	20	2
41	25	1
41	30	2
41	31	2
41	33	1
41	34	3
41	37	1
41	38	4
41	39	1
41	40	2
42	3	1
42	4	1
42	12	1
42	14	1
42	15	1
42	18	1
42	24	1
42	28	1
42	29	1
42	32	1
42	33	1
42	36	1
42	39	1
42	40	1
42	41	1
43	3	1
43	8	1
43	10	1
43	14	1
43	18	1
43	23	1
43	27	1
43	28	1
43	29	1
43	30	1
43	31	1
43	33	1
43	34	1
43	35	1
43	37	1
43	38	4
43	39	1
43	41	5
44	5	2
44	7	1
44	9	1
44	12	1
44	18	1
44	19	1
44	23	1
44	24	1
44	25	1
44	27	1
44	29	1
44	30	1
44	34	1
44	35	1
44	37	1
44	38	2
44	39	1
44	41	1
44	42	2
44	43	2
45	9	1
45	27	1
45	28	1
45	30	1
45	31	1
45	32	1
45	33	1
45	34	1
45	37	1
45	38	1
45	39	1
45	44	1
46	1	1
46	3	1
46	11	1
46	13	1
46	14	1
46	22	1
46	24	1
46	25	2
46	26	1
46	27	1
46	28	1
46	30	1
46	32	1
46	35	2
46	36	2
46	37	1
46	38	2
46	41	2
46	42	2
46	44	1
46	45	1
47	12	2
47	18	1
47	24	1
47	25	1
47	26	2
47	27	3
47	29	1
47	31	2
47	32	2
47	33	3
47	34	1
47	35	1
47	36	2
47	37	1
47	38	1
47	43	1
47	44	1
47	46	1
48	7	1
48	8	1
48	9	1
48	11	1
48	13	3
48	15	1
48	18	1
48	20	1
48	21	1
48	24	2
48	28	1
48	32	1
48	34	2
48	37	3
48	38	3
48	43	2
48	46	1
49	10	1
49	11	1
49	12	2
49	19	2
49	20	1
49	21	1
49	33	1
49	34	2
49	35	1
49	36	4
49	37	1
49	38	3
49	40	2
49	47	1
49	48	3
50	0	1
50	7	1
50	19	1
50	24	2
50	28	1
50	29	1
50	31	1
50	32	1
50	34	2
50	47	1
50	49	1
51	2	1
51	4	1
51	7	2
51	11	1
51	12	1
51	15	1
51	21	2
51	24	2
51	29	2
51	33	2
51	34	1
51	35	2
51	36	1
51	37	1
51	38	4
51	39	1
51	41	1
51	42	1
51	43	1
51	44	1
51	49	3
52	3	3
52	10	1
52	18	1
52	22	1
52	28	3
52	31	1
52	35	2
52	36	1
52	37	2
52	38	3
52	39	1
52	40	1
52	41	1
52	42	2
52	43	3
52	46	1
52	47	1
52	49	1
52	51	2
53	3	1
53	6	2
53	8	1
53	11	2
53	12	1
53	18	1
53	27	1
53	28	1
53	32	1
53	33	1
53	35	1
53	36	1
53	37	2
53	38	4
53	40	2
53	42	4
53	44	1
53	46	1
53	47	2
53	48	3
53	49	1
53	50	1
53	51	4
54	1	1
54	2	1
54	5	1
54	13	1
54	19	2
54	24	2
54	26	1
54	27	1
54	28	1
54	30	1
54	35	1
54	36	1
54	38	2
54	39	1
54	47	1
54	49	1
54	51	1
54	52	1
54	53	1
55	3	2
55	4	1
55	6	2
55	7	1
55	10	1
55	13	2
55	14	1
55	15	1
55	17	2
55	19	1
55	20	1
55	22	1
55	26	1
55	27	2
55	28	2
55	32	1
55	33	1
55	36	1
55	37	2
55	38	1
55	40	1
55	41	1
55	42	1
55	44	1
55	45	1
55	46	2
55	47	1
55	51	3
55	52	1
55	53	3
55	54	4
56	4	2
56	15	1
56	21	1
56	22	1
56	24	1
56	25	1
56	28	5
56	30	1
56	33	1
56	36	1
56	37	1
56	38	2
56	39	2
56	43	1
56	47	1
56	49	1
56	50	1
56	52	2
56	53	3
56	55	2
57	3	1
57	14	1
57	16	1
57	24	1
57	28	1
57	32	2
57	33	1
57	36	2
57	37	1
57	38	1
57	39	2
57	43	1
57	48	1
57	49	2
57	52	1
57	55	1
57	56	1
58	2	1
58	4	2
58	6	1
58	10	1
58	14	1
58	16	1
58	18	1
58	20	2
58	24	1
58	25	1
58	26	2
58	32	1
58	33	1
58	35	2
58	38	2
58	39	1
58	44	1
58	46	3
58	47	2
58	53	2
58	57	1
59	4	1
59	5	1
59	6	2
59	11	2
59	12	1
59	13	1
59	15	1
59	16	1
59	17	1
59	19	1
59	21	1
59	23	3
59	24	1
59	27	1
59	28	2
59	33	1
59	34	1
59	36	1
59	40	2
59	43	1
59	45	1
59	49	2
59	50	1
59	51	1
59	53	2
59	54	1
59	55	1
59	57	2
60	7	1
60	10	1
60	13	1
60	20	1
60	24	1
60	27	1
60	30	1
60	31	1
60	35	1
60	36	1
60	38	4
60	39	1
60	40	2
60	44	1
60	46	2
60	48	2
60	49	1
60	51	1
60	53	1
60	57	2
60	58	3
