2	0	1
3	1	1
3	2	1
4	2	1
4	3	2
5	2	2
6	1	2
7	0	1
8	0	2
8	2	1
8	5	2
8	7	1
9	3	1
9	6	1
9	7	2
9	8	2
10	0	1
10	4	1
10	5	1
10	6	1
10	8	2
10	9	2
11	0	1
11	1	3
11	2	1
11	4	1
11	5	1
11	9	3
11	10	1
12	2	1
12	3	2
12	4	4
12	6	1
12	7	2
12	8	2
12	9	2
12	10	2
13	0	1
13	2	1
13	5	1
13	6	1
13	7	2
13	8	2
13	9	1
13	10	1
13	11	1
13	12	1
14	0	1
14	2	1
14	6	1
14	8	1
14	10	2
14	11	2
14	13	1
15	0	1
15	2	1
15	4	1
15	7	1
15	8	2
15	9	1
15	11	1
15	13	3
15	14	2
16	0	1
16	1	3
16	2	1
16	4	1
16	5	1
16	14	1
16	15	1
17	0	2
17	2	3
17	5	2
17	7	1
17	8	1
17	10	1
17	12	2
17	16	3
18	2	2
18	4	1
18	6	2
18	8	1
18	10	1
18	11	1
18	15	1
18	17	1
19	3	1
19	4	1
19	5	1
19	8	1
19	11	1
19	14	1
19	15	1
19	16	1
19	17	1
20	0	1
20	2	3
20	3	2
20	4	1
20	5	4
20	6	1
20	11	1
20	13	1
20	14	1
20	17	1
20	19	1
21	1	1
21	2	2
21	4	1
21	5	1
21	6	1
21	9	1
21	10	2
21	11	2
21	12	1
21	13	3
21	14	2
21	17	1
21	18	1
21	20	1
22	2	1
22	3	2
22	4	2
22	5	3
22	10	1
22	14	1
22	16	2
22	19	2
23	2	1
23	4	1
23	9	1
23	10	2
23	12	1
23	14	1
23	18	1
23	20	1
23	22	1
24	1	2
24	7	2
24	8	1
24	13	1
24	14	2
24	18	1
24	20	2
24	21	1
24	23	1
25	0	2
25	1	4
25	6	1
25	10	1
25	11	2
25	13	1
25	14	1
25	15	1
25	17	1
25	19	1
25	20	1
25	21	1
25	23	1
25	24	1
26	1	1
26	19	1
26	22	1
26	25	1
27	8	1
27	10	1
27	11	2
27	13	2
27	14	4
27	26	2
28	5	1
28	12	2
28	13	1
28	16	1
28	18	2
28	23	1
29	12	3
29	24	1
29	25	1
29	27	1
29	28	1
30	3	1
30	7	1
30	8	1
30	11	2
30	14	1
30	18	1
30	22	1
30	24	1
30	26	1
30	27	1
30	29	1
31	5	1
31	14	1
31	24	1
31	30	2
32	1	1
32	9	1
32	28	1
32	29	1
32	30	1
32	31	2
33	10	1
33	11	1
33	19	1
33	23	1
33	25	2
33	29	1
33	30	2
34	11	1
34	15	1
34	22	1
34	23	1
34	24	1
34	25	2
34	27	1
34	28	1
34	32	1
34	33	1
35	1	1
35	3	1
35	4	1
35	6	1
35	8	1
35	12	1
35	14	1
35	15	1
35	23	1
35	24	1
35	26	1
35	27	1
35	28	1
35	29	2
35	31	3
35	32	3
35	33	1
35	34	2
36	1	1
36	6	1
36	10	1
36	14	1
36	25	1
36	26	1
36	27	1
36	28	2
36	31	1
36	32	3
36	33	1
36	35	1
37	0	1
37	1	1
37	5	1
37	10	1
37	13	1
37	15	1
37	18	1
37	25	1
37	26	2
37	27	1
37	28	1
37	29	2
37	32	1
37	34	2
37	35	3
38	2	1
38	6	1
38	7	3
38	8	1
38	10	1
38	11	2
38	12	1
38	13	1
38	14	1
38	15	1
38	20	1
38	21	1
38	23	1
38	25	1
38	26	2
38	27	1
38	28	1
38	29	1
38	34	1
38	36	1
39	3	1
39	4	1
39	8	1
39	11	1
39	13	1
39	14	1
39	15	2
39	18	2
39	19	1
39	20	2
39	25	2
39	26	1
39	29	1
39	34	1
40	3	2
40	5	1
40	7	1
40	9	1
40	10	1
40	11	2
40	12	4
40	13	1
40	14	1
40	19	1
40	20	2
40	25	1
40	27	1
40	32	2
40	33	1
40	36	1
40	38	2
41	5	1
41	8	1
41	10	1
41	20	2
41	26	1
41	33	1
41	35	1
41	36	1
41	37	1
41	38	1
41	39	1
41	40	1
42	4	3
42	5	1
42	8	1
42	10	1
42	15	1
42	20	1
42	27	1
42	28	1
42	32	1
42	34	1
42	35	1
42	36	1
42	37	1
42	38	2
42	39	1
42	41	2
43	2	1
43	9	2
43	10	1
43	15	3
43	20	2
43	28	1
43	30	1
43	33	1
43	35	1
43	36	2
43	37	2
43	38	3
43	39	2
43	41	1
43	42	1
44	5	2
44	11	2
44	18	1
44	21	1
44	25	1
44	30	1
44	32	2
44	36	1
44	37	3
44	38	1
44	39	2
44	41	1
44	43	2
45	0	1
45	5	1
45	9	1
45	11	2
45	19	1
45	25	1
45	30	1
45	32	2
45	34	1
45	35	1
45	37	1
45	38	1
45	41	2
45	42	1
45	43	1
46	0	1
46	8	1
46	10	1
46	23	1
46	25	2
46	27	1
46	28	1
46	29	2
46	34	1
46	35	2
46	36	3
46	37	1
46	40	1
46	41	1
46	42	1
46	44	1
46	45	1
47	0	1
47	11	1
47	18	1
47	20	1
47	24	2
47	26	2
47	27	1
47	29	2
47	33	1
47	34	1
47	35	1
47	38	1
47	41	1
47	42	2
47	46	2
48	1	1
48	4	1
48	8	1
48	11	1
48	12	1
48	13	2
48	18	1
48	24	1
48	25	2
48	27	2
48	29	1
48	32	1
48	34	4
48	35	1
48	36	1
48	37	1
48	38	1
48	42	1
48	45	1
49	2	1
49	3	1
49	9	1
49	10	2
49	11	2
49	12	1
49	14	1
49	17	2
49	18	1
49	19	1
49	20	1
49	24	1
49	27	1
49	31	1
49	33	1
49	35	1
49	36	5
49	37	1
49	38	2
49	39	1
49	40	1
49	42	1
49	46	1
49	47	1
49	48	3
50	1	1
50	4	1
50	9	1
50	14	1
50	15	1
50	20	1
50	27	1
50	28	1
50	29	1
50	30	1
50	33	2
50	34	1
50	35	1
50	39	1
50	40	2
50	48	1
50	49	2
51	6	1
51	10	1
51	30	1
51	31	2
51	34	1
51	35	1
51	36	4
51	37	1
51	38	3
51	39	1
51	40	1
51	41	2
51	42	2
51	44	1
51	46	1
51	48	2
51	49	1
51	50	1
52	3	1
52	9	1
52	10	2
52	11	1
52	13	1
52	14	1
52	21	1
52	22	1
52	25	2
52	28	2
52	34	1
52	35	1
52	36	1
52	37	1
52	38	1
52	40	1
52	41	1
52	42	1
52	45	1
52	50	1
52	51	2
53	8	2
53	13	1
53	15	1
53	17	1
53	18	3
53	21	1
53	22	2
53	24	1
53	25	2
53	26	1
53	28	2
53	29	1
53	33	1
53	36	2
53	37	1
53	38	6
53	39	2
53	40	3
53	42	1
53	43	4
53	44	3
53	45	1
53	46	1
53	51	2
53	52	1
54	0	1
54	4	2
54	8	1
54	14	1
54	15	1
54	17	1
54	19	1
54	22	1
54	28	3
54	33	2
54	35	1
54	36	1
54	38	4
54	40	1
54	41	1
54	44	2
54	45	1
54	48	1
54	49	2
54	52	1
54	53	1
55	3	2
55	5	1
55	7	1
55	8	4
55	12	1
55	14	1
55	15	3
55	18	1
55	21	1
55	22	3
55	24	1
55	30	1
55	38	1
55	39	1
55	40	1
55	42	1
55	44	1
55	49	2
55	51	4
55	52	1
55	53	5
55	54	1
56	4	1
56	8	1
56	10	1
56	14	1
56	17	2
56	18	1
56	20	1
56	22	1
56	23	1
56	24	1
56	28	1
56	31	1
56	32	1
56	34	1
56	36	1
56	39	4
56	40	3
56	41	2
56	42	1
56	44	1
56	46	1
56	48	2
56	49	1
56	51	2
56	52	1
56	53	1
56	55	1
57	0	1
57	1	1
57	3	1
57	8	2
57	12	1
57	13	1
57	16	1
57	25	1
57	26	1
57	30	1
57	31	1
57	32	1
57	34	1
57	36	2
57	38	1
57	40	1
57	41	1
57	43	1
57	44	1
57	46	2
57	51	2
57	52	1
57	55	2
57	56	2
58	7	1
58	11	1
58	14	1
58	33	1
58	35	1
58	36	1
58	37	2
58	38	1
58	41	1
58	45	1
58	46	1
58	47	1
58	55	2
58	56	1
59	1	1
59	2	2
59	5	2
59	6	1
59	11	1
59	14	2
59	16	2
59	18	1
59	20	1
59	24	2
59	28	2
59	31	3
59	32	1
59	33	1
59	34	1
59	36	2
59	38	1
59	39	2
59	40	2
59	47	2
59	48	2
59	49	1
59	50	2
59	52	3
59	53	1
59	54	3
59	55	3
59	57	1
59	58	3
60	3	1
60	7	1
60	11	1
60	14	1
60	15	1
60	18	1
60	20	1
60	23	1
60	24	1
60	28	1
60	29	1
60	33	1
60	34	1
60	35	1
60	38	2
60	41	2
60	42	2
60	46	2
60	49	2
60	52	2
60	54	1
60	55	1
60	56	1
60	59	1
