1	0	8
2	0	3
2	1	1
3	0	4
3	1	5
3	2	2
4	0	2
4	1	3
4	2	10
4	3	15
5	0	1
5	1	3
5	2	9
5	3	7
5	4	5
6	1	1
6	2	3
6	3	2
6	4	6
6	5	10
7	0	4
7	1	4
7	2	5
7	3	2
7	4	5
7	6	6
8	0	11
8	1	3
8	2	4
8	3	3
8	4	3
8	5	4
8	6	12
8	7	6
9	0	5
9	1	3
9	2	3
9	3	2
9	4	4
9	5	3
9	6	10
9	7	7
9	8	15
10	0	6
10	1	6
10	2	3
10	3	1
10	4	4
10	5	7
10	6	7
10	7	6
10	8	5
10	9	15
11	0	5
11	1	7
11	2	3
11	3	4
11	4	1
11	5	5
11	6	7
11	7	6
11	8	2
11	9	3
11	10	13
12	0	5
12	1	8
12	2	8
12	3	4
12	4	3
12	5	6
12	6	7
12	7	6
12	8	20
12	9	10
12	10	6
12	11	7
13	0	6
13	1	10
13	2	9
13	3	4
13	4	5
13	5	6
13	6	2
13	7	10
13	8	14
13	9	9
13	10	6
13	11	10
13	12	19
14	0	8
14	1	8
14	2	6
14	3	4
14	4	14
14	5	3
14	6	2
14	7	3
14	8	12
14	9	9
14	10	8
14	11	4
14	12	8
14	13	11
15	0	15
15	1	7
15	2	5
15	4	9
15	5	3
15	6	5
15	7	4
15	8	10
15	9	5
15	10	5
15	11	10
15	12	8
15	13	13
15	14	9
16	0	2
16	1	5
16	2	6
16	3	4
16	4	4
16	5	2
16	6	3
16	7	1
16	8	4
16	9	2
16	10	1
16	11	2
16	12	1
16	13	7
16	14	4
16	15	6
17	0	2
17	1	3
17	2	9
17	3	3
17	4	3
17	5	3
17	6	3
17	8	8
17	9	2
17	10	2
17	11	3
17	12	8
17	13	8
17	14	2
17	15	10
17	16	7
18	0	1
18	1	3
18	2	4
18	3	3
18	4	7
18	5	7
18	6	5
18	7	6
18	8	2
18	9	5
18	10	15
18	11	5
18	12	9
18	13	8
18	14	5
18	15	4
18	16	3
18	17	5
19	0	6
19	1	6
19	2	5
19	3	8
19	4	13
19	5	1
19	6	3
19	7	4
19	8	4
19	10	3
19	11	2
19	12	4
19	13	2
19	14	4
19	15	4
19	16	2
19	17	11
19	18	3
20	0	1
20	1	5
20	2	7
20	3	6
20	4	12
20	5	3
20	6	3
20	7	1
20	8	5
20	9	7
20	10	6
20	11	8
20	12	7
20	13	6
20	14	7
20	15	7
20	16	2
20	17	6
20	18	12
20	19	3
21	0	3
21	1	3
21	2	10
21	3	1
21	4	3
21	5	6
21	6	1
21	8	10
21	9	4
21	10	8
21	11	4
21	12	8
21	13	4
21	14	6
21	15	6
21	16	6
21	17	3
21	18	7
21	19	2
21	20	7
22	1	2
22	2	12
22	3	3
22	4	9
22	5	6
22	6	11
22	7	2
22	8	3
22	9	2
22	10	5
22	11	4
22	12	4
22	13	3
22	14	5
22	15	5
22	16	6
22	17	1
22	18	4
22	19	5
22	20	4
22	21	7
23	0	3
23	1	7
23	2	2
23	3	5
23	4	4
23	5	1
23	7	3
23	8	2
23	9	5
23	10	2
23	11	1
23	12	3
23	13	5
23	14	5
23	15	6
23	18	2
23	19	8
23	20	4
23	21	1
23	22	1
24	0	4
24	1	7
24	2	2
24	3	4
24	4	5
24	5	5
24	6	2
24	7	2
24	8	8
24	9	3
24	10	9
24	11	7
24	12	4
24	13	2
24	14	11
24	15	6
24	16	4
24	17	4
24	18	2
24	19	3
24	20	1
24	21	3
24	22	5
24	23	6
25	0	5
25	1	6
25	2	4
25	3	5
25	4	3
25	5	1
25	6	3
25	7	6
25	8	2
25	9	3
25	10	9
25	11	12
25	12	3
25	13	8
25	14	4
25	15	3
25	17	4
25	18	2
25	19	3
25	20	3
25	21	4
25	22	3
25	23	2
25	24	8
26	0	3
26	1	3
26	2	1
26	4	4
26	7	2
26	8	3
26	10	2
26	11	3
26	13	2
26	14	3
26	15	1
26	17	2
26	18	2
26	19	2
26	22	1
26	23	3
26	24	8
26	25	3
27	1	4
27	2	2
27	3	5
27	4	5
27	5	1
27	7	1
27	8	1
27	9	4
27	10	4
27	11	3
27	12	2
27	13	3
27	14	4
27	15	4
27	17	2
27	18	3
27	19	2
27	22	2
27	23	1
27	24	3
27	25	7
27	26	3
28	0	3
28	1	2
28	2	7
28	3	4
28	4	4
28	5	7
28	6	3
28	7	3
28	8	2
28	9	3
28	11	5
28	12	10
28	13	2
28	14	3
28	15	5
28	16	1
28	17	2
28	18	2
28	19	5
28	20	2
28	21	3
28	22	8
28	23	3
28	24	4
28	25	1
28	26	2
28	27	2
29	0	1
29	1	1
29	2	1
29	4	3
29	5	1
29	7	1
29	10	2
29	13	2
29	14	2
29	18	3
29	19	4
29	23	6
29	24	1
29	25	1
29	26	1
29	27	2
29	28	3
30	1	1
30	3	1
30	5	2
30	7	5
30	8	3
30	9	5
30	10	1
30	11	3
30	12	3
30	13	3
30	14	3
30	17	2
30	18	2
30	19	5
30	20	4
30	22	3
30	24	4
30	25	4
30	26	1
30	27	4
30	29	5
31	4	1
31	5	2
31	8	3
31	10	3
31	11	2
31	14	3
31	15	1
31	21	1
31	23	3
31	24	2
31	25	4
31	26	1
31	27	3
31	28	1
31	29	7
31	30	5
32	1	3
32	2	3
32	4	1
32	8	2
32	9	3
32	10	3
32	11	4
32	12	3
32	13	2
32	14	1
32	15	1
32	16	5
32	18	2
32	22	3
32	23	3
32	24	1
32	25	9
32	26	5
32	27	5
32	28	4
32	29	5
32	30	6
32	31	12
33	0	1
33	1	1
33	2	3
33	3	2
33	4	4
33	5	1
33	8	1
33	10	6
33	11	3
33	12	4
33	13	4
33	14	3
33	15	3
33	18	4
33	19	3
33	21	1
33	22	1
33	23	1
33	24	6
33	25	4
33	26	1
33	27	3
33	28	4
33	29	10
33	30	7
33	31	7
33	32	9
34	1	4
34	2	1
34	3	3
34	4	5
34	5	2
34	6	2
34	8	6
34	9	6
34	10	1
34	11	1
34	12	4
34	14	5
34	15	1
34	18	4
34	20	1
34	22	4
34	23	4
34	24	5
34	25	9
34	26	5
34	27	5
34	28	2
34	29	6
34	30	2
34	31	2
34	32	5
34	33	3
35	0	4
35	1	3
35	2	1
35	3	4
35	4	4
35	5	2
35	6	4
35	9	4
35	10	3
35	11	5
35	12	4
35	13	1
35	14	6
35	15	3
35	17	1
35	18	5
35	19	1
35	20	2
35	21	1
35	22	1
35	23	3
35	24	6
35	25	5
35	26	6
35	27	3
35	28	4
35	29	6
35	30	11
35	31	6
35	32	8
35	33	16
35	34	12
36	0	1
36	1	4
36	2	3
36	3	7
36	4	2
36	6	3
36	7	3
36	10	4
36	11	5
36	12	2
36	13	1
36	14	2
36	15	1
36	16	2
36	18	2
36	23	3
36	24	5
36	25	4
36	26	3
36	27	1
36	28	3
36	29	3
36	30	3
36	31	3
36	32	4
36	33	5
36	34	6
36	35	7
37	0	4
37	1	9
37	3	1
37	4	1
37	5	2
37	8	1
37	9	3
37	10	2
37	11	5
37	12	2
37	13	6
37	14	3
37	15	1
37	18	1
37	19	4
37	20	1
37	21	2
37	24	2
37	25	1
37	26	1
37	27	1
37	28	2
37	29	3
37	30	5
37	31	7
37	32	8
37	33	4
37	34	7
37	35	7
37	36	3
38	1	2
38	2	2
38	3	3
38	4	6
38	5	2
38	6	2
38	7	3
38	8	4
38	9	3
38	10	6
38	11	6
38	12	4
38	13	2
38	14	3
38	15	3
38	17	1
38	18	5
38	19	3
38	20	4
38	21	1
38	22	3
38	23	7
38	24	4
38	25	5
38	26	4
38	27	5
38	28	5
38	29	3
38	30	4
38	31	4
38	32	5
38	33	3
38	34	9
38	35	6
38	36	6
38	37	9
39	0	2
39	1	4
39	2	2
39	3	4
39	4	4
39	5	2
39	6	3
39	7	1
39	8	2
39	10	7
39	11	3
39	12	1
39	13	2
39	14	5
39	15	4
39	18	2
39	19	5
39	20	4
39	21	4
39	22	4
39	23	2
39	24	2
39	25	2
39	26	6
39	27	1
39	28	8
39	29	1
39	30	5
39	31	6
39	32	5
39	33	3
39	34	5
39	35	4
39	36	2
39	37	1
39	38	10
40	0	2
40	1	2
40	2	5
40	3	3
40	4	4
40	5	4
40	6	4
40	7	5
40	8	2
40	9	5
40	10	6
40	11	8
40	12	4
40	13	3
40	14	4
40	17	3
40	18	5
40	19	2
40	20	4
40	21	2
40	22	2
40	24	3
40	25	8
40	26	3
40	27	2
40	28	9
40	29	4
40	30	5
40	31	10
40	32	10
40	33	5
40	34	8
40	35	6
40	36	3
40	37	11
40	38	17
40	39	7
41	1	2
41	4	4
41	5	3
41	6	1
41	7	3
41	8	1
41	9	3
41	10	3
41	12	5
41	13	4
41	14	2
41	15	2
41	16	2
41	18	2
41	20	4
41	22	1
41	24	1
41	25	4
41	26	4
41	27	4
41	28	5
41	29	6
41	30	5
41	31	8
41	32	10
41	33	3
41	34	6
41	35	5
41	37	7
41	38	7
41	39	5
41	40	3
42	1	6
42	2	2
42	5	5
42	6	3
42	8	3
42	9	2
42	10	4
42	11	5
42	12	3
42	13	2
42	14	3
42	18	3
42	20	5
42	23	2
42	25	2
42	26	1
42	28	2
42	29	1
42	30	5
42	31	3
42	32	1
42	33	5
42	34	3
42	35	4
42	36	2
42	37	11
42	38	4
42	39	5
42	40	8
42	41	15
43	1	1
43	2	2
43	3	1
43	4	3
43	5	5
43	8	4
43	9	1
43	10	1
43	11	5
43	12	3
43	14	5
43	15	2
43	16	1
43	17	1
43	18	5
43	20	1
43	21	1
43	22	2
43	24	5
43	25	1
43	26	7
43	27	6
43	28	5
43	30	5
43	31	5
43	32	4
43	33	7
43	34	4
43	35	1
43	36	5
43	37	11
43	38	13
43	39	10
43	40	16
43	41	7
43	42	5
44	3	4
44	4	1
44	5	6
44	7	4
44	9	3
44	10	1
44	11	1
44	12	2
44	18	3
44	19	3
44	20	2
44	21	1
44	24	2
44	25	2
44	26	2
44	28	4
44	29	3
44	30	2
44	31	4
44	32	4
44	33	2
44	34	4
44	35	8
44	36	1
44	37	6
44	38	14
44	39	9
44	40	6
44	41	7
44	42	10
44	43	8
45	0	1
45	5	3
45	6	1
45	9	2
45	11	2
45	15	4
45	16	1
45	19	2
45	20	3
45	23	3
45	24	3
45	25	1
45	26	2
45	27	3
45	28	3
45	29	3
45	30	1
45	31	4
45	32	4
45	33	2
45	34	3
45	35	5
45	36	3
45	37	6
45	38	13
45	39	5
45	40	2
45	41	5
45	42	4
45	43	8
45	44	6
46	0	1
46	1	4
46	2	1
46	3	1
46	4	3
46	8	1
46	10	1
46	11	4
46	13	1
46	14	5
46	15	1
46	17	1
46	18	2
46	22	1
46	23	1
46	24	1
46	25	2
46	26	1
46	27	2
46	28	7
46	29	10
46	30	4
46	31	5
46	32	7
46	33	8
46	34	3
46	35	4
46	36	5
46	37	2
46	38	8
46	39	6
46	40	7
46	41	5
46	42	5
46	43	5
46	44	4
46	45	10
47	0	2
47	1	5
47	2	1
47	3	2
47	4	1
47	9	3
47	10	4
47	11	4
47	12	2
47	13	2
47	17	2
47	18	3
47	21	1
47	23	4
47	24	1
47	25	1
47	26	5
47	27	4
47	28	3
47	29	2
47	30	1
47	31	3
47	32	4
47	33	2
47	34	4
47	35	13
47	36	3
47	37	5
47	38	2
47	39	2
47	40	1
47	41	1
47	42	1
47	43	5
47	44	5
47	45	10
47	46	11
48	1	1
48	2	2
48	3	4
48	4	3
48	5	1
48	6	2
48	7	3
48	8	1
48	9	2
48	10	5
48	11	6
48	12	4
48	13	4
48	14	11
48	15	1
48	16	2
48	18	4
48	20	4
48	21	1
48	22	1
48	23	3
48	24	8
48	25	4
48	26	2
48	27	1
48	28	5
48	29	4
48	30	3
48	31	4
48	32	1
48	33	4
48	34	6
48	35	6
48	36	5
48	37	9
48	38	4
48	39	2
48	40	1
48	41	3
48	42	5
48	43	6
48	44	4
48	45	2
48	46	2
48	47	3
49	0	3
49	1	3
49	2	6
49	3	2
49	4	7
49	5	3
49	6	3
49	7	3
49	8	3
49	9	3
49	10	11
49	11	3
49	12	5
49	13	10
49	14	8
49	15	2
49	16	4
49	17	2
49	18	6
49	19	3
49	20	5
49	21	3
49	22	5
49	23	5
49	24	5
49	25	5
49	26	6
49	27	8
49	28	6
49	29	4
49	30	3
49	32	10
49	33	7
49	34	13
49	35	7
49	36	6
49	37	3
49	38	5
49	39	5
49	40	4
49	41	1
49	42	2
49	43	6
49	44	5
49	45	3
49	46	6
49	47	2
49	48	7
50	0	2
50	1	4
50	2	7
50	3	3
50	4	5
50	8	6
50	9	4
50	10	2
50	11	3
50	12	2
50	13	2
50	14	5
50	15	5
50	18	5
50	19	3
50	20	2
50	21	2
50	23	5
50	24	7
50	25	3
50	26	5
50	27	3
50	28	3
50	29	3
50	30	2
50	31	3
50	32	4
50	33	6
50	34	3
50	35	4
50	36	3
50	37	3
50	38	4
50	39	1
50	40	5
50	41	2
50	42	3
50	43	1
50	45	2
50	46	2
50	47	1
50	48	7
50	49	6
51	1	2
51	3	4
51	4	2
51	5	3
51	6	3
51	7	3
51	8	2
51	9	4
51	10	4
51	11	5
51	12	4
51	13	5
51	14	3
51	15	3
51	18	7
51	19	3
51	20	1
51	22	3
51	23	2
51	24	7
51	25	7
51	26	5
51	27	5
51	28	7
51	29	2
51	30	5
51	31	3
51	32	5
51	33	7
51	34	12
51	35	9
51	36	5
51	37	5
51	38	12
51	39	6
51	40	11
51	41	3
51	42	9
51	43	7
51	44	4
51	45	2
51	46	4
51	47	3
51	48	3
51	49	11
51	50	7
52	1	1
52	2	4
52	3	3
52	4	7
52	5	1
52	9	2
52	10	2
52	11	6
52	13	2
52	14	4
52	15	2
52	16	2
52	18	4
52	19	4
52	20	5
52	22	2
52	23	7
52	24	1
52	25	4
52	26	2
52	27	4
52	28	5
52	29	1
52	30	3
52	32	3
52	33	1
52	34	4
52	35	7
52	36	5
52	37	7
52	38	11
52	39	4
52	40	5
52	41	5
52	42	3
52	43	3
52	44	5
52	45	3
52	46	2
52	47	3
52	48	3
52	49	14
52	50	3
52	51	9
53	1	3
53	2	3
53	3	2
53	4	3
53	5	5
53	7	6
53	8	4
53	9	2
53	10	2
53	11	3
53	12	7
53	13	3
53	14	4
53	15	3
53	16	2
53	17	1
53	18	4
53	19	1
53	20	2
53	21	5
53	22	3
53	23	2
53	24	2
53	25	7
53	26	3
53	27	2
53	28	5
53	29	1
53	30	5
53	31	1
53	32	3
53	33	5
53	34	5
53	35	7
53	36	6
53	37	8
53	38	14
53	39	9
53	40	4
53	41	4
53	42	13
53	43	5
53	44	4
53	45	1
53	46	7
53	47	2
53	48	4
53	49	7
53	50	2
53	51	20
53	52	8
54	0	3
54	1	2
54	2	1
54	3	5
54	4	6
54	5	4
54	8	3
54	9	1
54	10	3
54	11	4
54	12	5
54	13	1
54	14	1
54	15	2
54	17	3
54	18	4
54	19	5
54	20	6
54	21	2
54	22	1
54	23	4
54	24	4
54	25	1
54	26	5
54	27	3
54	28	5
54	29	3
54	31	4
54	32	2
54	33	1
54	34	7
54	35	2
54	36	4
54	37	4
54	38	4
54	39	3
54	40	9
54	41	2
54	42	4
54	43	4
54	44	2
54	45	4
54	46	3
54	47	1
54	48	2
54	49	5
54	50	2
54	51	5
54	52	6
54	53	10
55	1	2
55	2	5
55	3	2
55	4	7
55	5	2
55	6	2
55	7	4
55	8	3
55	10	2
55	11	12
55	12	6
55	13	3
55	14	2
55	15	4
55	16	1
55	17	2
55	18	2
55	19	2
55	20	7
55	21	2
55	22	3
55	23	1
55	24	3
55	25	4
55	26	4
55	27	5
55	28	9
55	29	4
55	30	9
55	31	5
55	32	4
55	33	2
55	34	5
55	35	5
55	36	8
55	37	4
55	38	9
55	39	11
55	40	11
55	41	9
55	42	4
55	43	3
55	44	7
55	45	8
55	46	4
55	47	4
55	48	4
55	49	8
55	50	4
55	51	6
55	52	7
55	53	11
55	54	6
56	1	3
56	2	3
56	3	4
56	4	5
56	5	2
56	9	1
56	10	3
56	11	1
56	12	3
56	13	2
56	14	6
56	15	2
56	18	2
56	19	2
56	20	1
56	21	3
56	22	2
56	23	3
56	24	2
56	25	1
56	26	2
56	27	2
56	28	8
56	30	5
56	31	3
56	32	3
56	33	3
56	34	6
56	35	4
56	36	2
56	37	3
56	38	8
56	39	9
56	40	4
56	41	3
56	42	6
56	43	6
56	44	4
56	45	3
56	46	2
56	47	5
56	48	3
56	49	4
56	50	3
56	51	5
56	52	7
56	53	5
56	54	3
56	55	10
57	1	5
57	2	1
57	4	4
57	6	3
57	8	3
57	9	2
57	10	2
57	11	2
57	12	6
57	13	4
57	14	2
57	15	4
57	16	1
57	18	2
57	19	2
57	20	6
57	22	2
57	23	4
57	24	3
57	25	5
57	26	5
57	27	4
57	28	6
57	30	3
57	31	2
57	32	6
57	33	4
57	34	2
57	35	10
57	36	2
57	37	4
57	38	6
57	39	2
57	40	2
57	41	4
57	42	1
57	43	5
57	44	4
57	45	3
57	46	5
57	47	4
57	49	12
57	50	3
57	51	6
57	52	7
57	53	3
57	54	3
57	55	3
57	56	5
58	0	1
58	2	1
58	3	1
58	4	6
58	7	4
58	10	4
58	11	2
58	14	4
58	16	2
58	17	2
58	18	3
58	20	4
58	22	1
58	23	4
58	25	3
58	27	2
58	28	3
58	29	3
58	30	5
58	31	6
58	32	3
58	33	3
58	34	4
58	35	5
58	36	4
58	37	3
58	38	13
58	39	8
58	41	3
58	42	4
58	43	6
58	44	6
58	45	3
58	46	14
58	47	10
58	48	3
58	49	3
58	50	3
58	51	3
58	52	3
58	54	1
58	55	4
58	56	4
58	57	11
59	1	3
59	2	6
59	3	3
59	4	6
59	5	3
59	6	2
59	8	5
59	9	4
59	10	6
59	11	3
59	12	5
59	13	4
59	14	2
59	15	7
59	16	2
59	17	3
59	18	2
59	19	2
59	20	4
59	21	5
59	22	2
59	23	8
59	24	11
59	26	2
59	27	3
59	28	1
59	29	3
59	30	1
59	31	2
59	32	3
59	33	3
59	34	5
59	35	11
59	36	4
59	37	3
59	38	8
59	39	7
59	40	1
59	41	2
59	42	5
59	43	5
59	44	1
59	45	3
59	46	1
59	47	3
59	48	4
59	49	12
59	50	3
59	51	10
59	52	8
59	53	6
59	54	8
59	55	10
59	56	10
59	57	12
59	58	4
60	0	1
60	1	3
60	2	1
60	3	4
60	4	4
60	7	3
60	8	1
60	11	2
60	12	4
60	13	3
60	14	3
60	18	2
60	19	2
60	23	2
60	24	4
60	25	2
60	26	5
60	27	5
60	28	1
60	29	2
60	30	2
60	31	3
60	32	6
60	33	6
60	34	4
60	35	6
60	36	6
60	37	2
60	38	9
60	39	4
60	40	3
60	41	1
60	42	2
60	43	2
60	44	1
60	45	3
60	46	7
60	47	9
60	48	5
60	49	4
60	50	6
60	51	4
60	52	4
60	53	3
60	54	5
60	55	4
60	56	6
60	57	10
60	58	6
60	59	6
