1	0	5
2	0	1
3	0	1
3	1	3
3	2	4
4	0	4
4	1	2
4	2	9
4	3	14
5	0	3
5	1	4
5	3	2
5	4	5
6	0	3
6	1	4
6	2	4
6	3	3
6	4	2
6	5	8
7	0	6
7	1	1
7	2	2
7	3	1
7	4	1
7	5	3
7	6	4
8	0	5
8	1	1
8	2	3
8	3	5
8	4	5
8	5	6
8	6	14
8	7	7
9	0	4
9	1	6
9	2	4
9	3	3
9	4	6
9	5	6
9	6	5
9	7	11
9	8	4
10	0	4
10	1	2
10	2	7
10	3	4
10	4	5
10	5	8
10	6	6
10	7	7
10	8	5
10	9	13
11	1	9
11	2	3
11	3	1
11	4	3
11	5	2
11	6	3
11	7	5
11	8	4
11	9	9
11	10	13
12	0	7
12	1	4
12	2	4
12	3	3
12	4	6
12	5	7
12	6	8
12	7	9
12	8	8
12	9	12
12	10	8
12	11	11
13	0	5
13	1	9
13	2	9
13	3	2
13	4	6
13	5	1
13	6	9
13	7	11
13	8	8
13	9	9
13	10	6
13	11	11
13	12	10
14	0	6
14	1	5
14	2	8
14	3	5
14	4	10
14	5	1
14	6	4
14	7	2
14	8	9
14	9	9
14	10	5
14	11	7
14	12	5
14	13	9
15	0	9
15	1	13
15	2	3
15	3	7
15	4	7
15	5	3
15	6	6
15	7	5
15	8	8
15	9	4
15	10	5
15	11	5
15	12	15
15	13	10
15	14	14
16	0	1
16	1	5
16	2	7
16	3	2
16	4	2
16	5	3
16	6	2
16	7	1
16	8	3
16	9	2
16	10	3
16	11	2
16	12	3
16	13	6
16	14	5
16	15	9
17	0	3
17	1	3
17	2	3
17	3	9
17	4	6
17	5	2
17	6	2
17	7	3
17	8	7
17	9	1
17	10	4
17	11	2
17	12	3
17	13	2
17	14	4
17	15	8
17	16	9
18	0	1
18	1	6
18	2	6
18	3	7
18	4	1
18	5	7
18	6	5
18	7	2
18	8	2
18	9	5
18	10	13
18	11	5
18	12	14
18	13	4
18	14	3
18	15	3
18	17	3
19	0	1
19	1	4
19	2	5
19	3	6
19	4	5
19	5	2
19	6	1
19	7	3
19	8	5
19	9	3
19	11	5
19	12	8
19	13	3
19	14	8
19	15	8
19	16	7
19	17	7
19	18	2
20	0	2
20	1	2
20	2	6
20	3	4
20	4	8
20	6	4
20	7	5
20	8	3
20	9	3
20	10	5
20	11	5
20	12	3
20	13	3
20	14	10
20	15	3
20	16	4
20	17	4
20	18	10
20	19	9
21	0	1
21	1	1
21	2	9
21	3	1
21	4	5
21	5	2
21	6	4
21	7	4
21	8	6
21	9	2
21	10	4
21	11	8
21	12	8
21	13	6
21	14	4
21	15	3
21	16	6
21	17	4
21	18	7
21	19	4
21	20	5
22	1	2
22	2	10
22	3	3
22	4	3
22	5	6
22	7	3
22	8	9
22	9	4
22	10	5
22	11	2
22	12	4
22	13	6
22	14	5
22	15	8
22	16	1
22	17	4
22	18	5
22	19	2
22	20	7
22	21	12
23	1	4
23	2	2
23	3	6
23	4	6
23	5	2
23	7	3
23	8	2
23	9	3
23	10	2
23	11	6
23	12	2
23	13	3
23	14	5
23	15	2
23	17	1
23	18	2
23	19	5
23	20	5
23	21	2
23	22	3
24	0	3
24	1	1
24	2	3
24	3	6
24	4	7
24	5	4
24	6	4
24	7	1
24	8	2
24	9	4
24	10	4
24	11	7
24	12	4
24	13	6
24	14	7
24	15	3
24	16	4
24	18	5
24	19	5
24	20	3
24	21	2
24	22	6
24	23	4
25	0	4
25	1	7
25	3	3
25	5	4
25	6	2
25	7	2
25	8	7
25	9	3
25	10	4
25	11	14
25	12	4
25	13	2
25	14	2
25	15	4
25	16	5
25	17	3
25	18	6
25	19	3
25	20	6
25	21	2
25	23	2
25	24	7
26	1	2
26	4	1
26	5	1
26	7	1
26	8	3
26	10	3
26	11	2
26	12	1
26	13	2
26	14	1
26	15	1
26	16	3
26	19	1
26	20	1
26	22	3
26	23	3
26	24	3
26	25	2
27	1	1
27	2	1
27	4	1
27	5	3
27	6	2
27	7	2
27	8	2
27	9	2
27	10	3
27	11	1
27	13	1
27	14	1
27	15	4
27	18	2
27	19	5
27	22	3
27	24	6
27	25	6
27	26	5
28	0	2
28	1	5
28	2	3
28	3	1
28	4	5
28	5	3
28	6	4
28	7	4
28	8	4
28	9	8
28	10	7
28	11	1
28	12	5
28	13	3
28	14	4
28	15	4
28	17	3
28	18	6
28	19	5
28	20	4
28	21	4
28	22	3
28	23	2
28	24	3
28	25	3
28	26	3
28	27	5
29	0	1
29	1	2
29	2	3
29	4	4
29	5	1
29	7	1
29	10	2
29	13	1
29	14	2
29	16	2
29	18	1
29	20	3
29	24	1
29	25	4
29	26	2
29	27	3
30	1	2
30	3	1
30	5	1
30	7	2
30	9	2
30	10	5
30	11	3
30	12	2
30	14	3
30	17	4
30	18	1
30	19	1
30	22	1
30	24	1
30	25	2
30	26	3
30	27	5
30	28	2
30	29	4
31	4	2
31	5	2
31	8	1
31	9	4
31	10	2
31	11	3
31	14	3
31	15	5
31	19	2
31	21	1
31	23	2
31	24	1
31	25	2
31	26	3
31	27	3
31	28	2
31	29	9
31	30	10
32	1	1
32	2	3
32	4	2
32	8	3
32	9	2
32	10	1
32	11	4
32	12	1
32	13	2
32	14	1
32	15	3
32	18	1
32	22	2
32	23	1
32	24	1
32	25	2
32	26	2
32	27	8
32	28	1
32	29	1
32	30	9
32	31	9
33	0	1
33	1	3
33	2	1
33	3	1
33	4	1
33	5	2
33	8	5
33	10	3
33	11	2
33	12	2
33	14	5
33	15	5
33	18	1
33	19	6
33	22	4
33	23	1
33	24	7
33	25	5
33	26	3
33	27	4
33	28	5
33	29	7
33	30	7
33	31	2
33	32	10
34	1	7
34	3	3
34	4	2
34	5	3
34	6	1
34	8	3
34	9	3
34	10	8
34	11	4
34	12	4
34	13	3
34	14	5
34	15	1
34	16	1
34	17	5
34	18	3
34	19	2
34	20	1
34	22	5
34	23	2
34	24	4
34	25	5
34	26	4
34	27	2
34	28	3
34	29	2
34	30	2
34	32	7
34	33	14
35	0	1
35	1	2
35	2	1
35	3	2
35	4	4
35	5	2
35	6	3
35	8	2
35	9	1
35	10	4
35	11	6
35	12	7
35	13	3
35	14	1
35	17	3
35	18	4
35	19	1
35	20	4
35	22	3
35	23	2
35	24	2
35	25	7
35	26	4
35	27	3
35	28	3
35	29	10
35	30	2
35	31	6
35	32	6
35	33	11
35	34	4
36	0	1
36	1	3
36	2	1
36	3	2
36	4	4
36	6	1
36	10	3
36	11	1
36	12	1
36	13	4
36	14	3
36	18	1
36	22	1
36	23	1
36	24	6
36	25	2
36	26	4
36	27	2
36	28	1
36	29	2
36	30	1
36	31	2
36	32	5
36	33	3
36	34	7
36	35	5
37	0	2
37	1	2
37	2	2
37	3	1
37	4	3
37	5	3
37	6	2
37	7	1
37	8	2
37	9	2
37	10	8
37	11	4
37	12	2
37	13	3
37	14	1
37	15	2
37	18	5
37	19	4
37	20	1
37	24	6
37	25	3
37	26	2
37	27	1
37	28	2
37	29	5
37	30	3
37	31	4
37	32	7
37	33	6
37	34	6
37	35	8
37	36	3
38	1	4
38	3	1
38	4	3
38	5	8
38	6	3
38	7	2
38	8	2
38	9	2
38	10	6
38	11	3
38	12	3
38	13	2
38	14	9
38	15	2
38	16	4
38	17	3
38	18	3
38	19	4
38	20	3
38	21	3
38	22	1
38	23	3
38	24	4
38	25	5
38	26	3
38	27	6
38	28	6
38	29	3
38	30	4
38	31	6
38	32	9
38	33	2
38	34	8
38	35	6
38	36	6
38	37	8
39	1	2
39	2	2
39	3	3
39	4	4
39	5	3
39	6	3
39	7	3
39	8	4
39	9	5
39	10	7
39	11	3
39	12	4
39	13	7
39	15	3
39	18	2
39	19	5
39	20	2
39	21	1
39	22	1
39	23	6
39	24	3
39	25	4
39	26	3
39	27	2
39	28	7
39	29	2
39	30	1
39	31	3
39	32	2
39	33	1
39	34	3
39	35	2
39	37	3
39	38	8
40	0	3
40	1	1
40	3	3
40	4	3
40	5	4
40	6	2
40	8	7
40	9	5
40	10	8
40	11	3
40	12	4
40	13	3
40	14	3
40	15	5
40	16	1
40	17	1
40	18	5
40	19	2
40	20	5
40	21	8
40	22	2
40	23	1
40	24	4
40	25	7
40	26	2
40	27	4
40	28	6
40	29	4
40	30	4
40	31	4
40	32	2
40	33	2
40	34	7
40	35	4
40	36	2
40	37	9
40	38	5
40	39	9
41	1	2
41	4	5
41	5	1
41	7	3
41	8	1
41	10	2
41	11	4
41	12	5
41	13	2
41	14	3
41	15	4
41	18	5
41	20	2
41	22	1
41	24	1
41	25	2
41	27	2
41	28	2
41	29	3
41	30	3
41	31	5
41	32	5
41	33	3
41	34	4
41	35	8
41	36	2
41	37	12
41	38	5
41	39	8
41	40	4
42	0	3
42	1	1
42	3	3
42	4	2
42	5	5
42	6	5
42	8	2
42	9	3
42	10	4
42	12	3
42	13	6
42	14	2
42	15	6
42	17	1
42	18	2
42	19	3
42	20	2
42	24	3
42	25	2
42	26	3
42	27	2
42	28	5
42	29	2
42	30	4
42	31	6
42	32	2
42	33	4
42	35	5
42	36	3
42	37	10
42	38	8
42	39	12
42	40	3
42	41	10
43	1	2
43	2	1
43	3	1
43	4	3
43	5	2
43	8	2
43	9	1
43	10	3
43	11	4
43	12	5
43	13	4
43	14	2
43	15	4
43	17	2
43	18	3
43	20	3
43	21	2
43	22	1
43	23	1
43	24	1
43	25	3
43	26	3
43	27	3
43	28	6
43	29	3
43	30	6
43	31	5
43	32	4
43	33	6
43	34	5
43	35	10
43	36	6
43	37	9
43	38	11
43	39	7
43	40	7
43	41	7
43	42	13
44	4	6
44	5	1
44	7	3
44	10	2
44	11	2
44	19	2
44	20	1
44	21	2
44	23	1
44	24	1
44	26	8
44	27	1
44	28	6
44	29	5
44	30	2
44	31	1
44	32	1
44	33	3
44	34	1
44	35	3
44	36	3
44	37	7
44	38	13
44	39	11
44	40	8
44	41	6
44	42	8
44	43	6
45	3	2
45	5	4
45	6	1
45	9	3
45	10	1
45	11	1
45	15	2
45	16	1
45	20	3
45	22	1
45	25	4
45	26	5
45	27	2
45	28	3
45	29	3
45	30	5
45	31	3
45	32	2
45	33	1
45	34	5
45	35	4
45	36	7
45	37	5
45	38	6
45	39	6
45	40	1
45	41	3
45	42	12
45	43	8
45	44	8
46	0	1
46	1	4
46	2	2
46	8	3
46	10	3
46	11	2
46	13	2
46	14	1
46	18	3
46	19	3
46	22	2
46	23	2
46	24	2
46	25	4
46	26	2
46	27	6
46	28	2
46	29	1
46	30	8
46	31	8
46	32	2
46	33	6
46	34	7
46	35	10
46	36	1
46	37	7
46	38	7
46	39	5
46	40	4
46	41	4
46	42	6
46	43	12
46	44	2
46	45	15
47	0	1
47	1	1
47	2	2
47	3	1
47	4	3
47	9	5
47	10	4
47	12	2
47	15	1
47	16	1
47	17	2
47	18	3
47	21	3
47	24	3
47	25	4
47	26	2
47	27	2
47	28	2
47	29	4
47	30	2
47	31	8
47	32	4
47	33	5
47	34	4
47	35	7
47	36	8
47	37	2
47	38	6
47	39	3
47	40	9
47	41	4
47	42	2
47	43	8
47	44	2
47	45	4
47	46	9
48	1	3
48	2	1
48	3	4
48	4	4
48	5	1
48	6	3
48	7	2
48	8	6
48	9	5
48	10	7
48	11	6
48	12	5
48	13	4
48	14	2
48	15	3
48	16	1
48	18	6
48	19	2
48	20	4
48	21	6
48	22	2
48	23	3
48	24	12
48	25	5
48	26	3
48	27	4
48	28	6
48	29	2
48	30	2
48	31	2
48	32	1
48	33	10
48	34	7
48	35	5
48	36	1
48	37	2
48	38	4
48	39	4
48	40	11
48	41	2
48	42	9
48	43	2
48	44	1
48	45	3
48	46	1
48	47	1
49	0	6
49	1	5
49	2	3
49	3	5
49	4	4
49	5	3
49	6	5
49	7	2
49	8	7
49	9	4
49	10	5
49	11	7
49	12	7
49	13	7
49	14	6
49	15	5
49	16	1
49	17	7
49	18	6
49	19	2
49	20	4
49	21	1
49	22	3
49	23	5
49	24	9
49	25	6
49	26	6
49	27	4
49	28	9
49	29	2
49	30	2
49	31	3
49	32	9
49	33	4
49	34	8
49	35	7
49	36	10
49	37	5
49	38	11
49	39	2
49	40	10
49	41	3
49	42	2
49	43	9
49	44	3
49	45	3
49	46	8
49	47	6
49	48	15
50	1	8
50	2	1
50	4	4
50	7	1
50	8	2
50	9	1
50	10	3
50	11	3
50	12	4
50	13	7
50	14	5
50	15	6
50	18	6
50	19	7
50	23	4
50	24	7
50	25	3
50	26	4
50	27	10
50	28	6
50	29	3
50	30	1
50	31	3
50	32	4
50	33	6
50	34	5
50	35	6
50	36	4
50	37	3
50	38	4
50	39	3
50	40	1
50	41	2
50	42	2
50	43	1
50	45	3
50	46	4
50	47	2
50	48	2
50	49	14
51	1	2
51	2	2
51	3	4
51	4	7
51	5	6
51	6	2
51	7	2
51	8	3
51	9	5
51	10	2
51	11	7
51	12	3
51	13	2
51	14	3
51	15	2
51	18	6
51	19	5
51	20	2
51	21	3
51	22	2
51	23	1
51	24	11
51	25	5
51	26	4
51	27	3
51	28	4
51	29	1
51	30	2
51	31	5
51	32	10
51	33	6
51	34	18
51	35	13
51	36	12
51	37	13
51	38	16
51	39	6
51	40	8
51	41	5
51	42	5
51	43	6
51	44	12
51	45	2
51	46	5
51	47	1
51	48	6
51	49	14
51	50	3
52	1	5
52	2	1
52	4	4
52	5	3
52	7	3
52	8	5
52	9	1
52	10	2
52	11	2
52	13	1
52	14	2
52	15	3
52	16	3
52	18	4
52	19	1
52	20	3
52	21	3
52	22	1
52	23	4
52	24	4
52	25	3
52	26	1
52	27	3
52	28	5
52	29	2
52	30	1
52	31	6
52	32	3
52	33	2
52	34	4
52	35	6
52	36	5
52	37	3
52	38	11
52	39	5
52	40	4
52	41	3
52	42	3
52	43	5
52	44	3
52	45	2
52	46	1
52	47	4
52	48	6
52	49	6
52	50	3
52	51	8
53	2	3
53	3	3
53	4	2
53	5	1
53	6	3
53	8	4
53	9	1
53	10	6
53	11	6
53	12	2
53	14	6
53	15	3
53	16	3
53	18	3
53	19	4
53	20	4
53	21	5
53	22	2
53	23	3
53	24	1
53	25	1
53	27	5
53	28	5
53	29	2
53	30	1
53	31	7
53	32	5
53	33	2
53	34	4
53	35	15
53	36	5
53	37	6
53	38	21
53	39	7
53	40	8
53	41	10
53	42	11
53	43	6
53	44	3
53	45	6
53	46	5
53	47	1
53	48	3
53	49	9
53	50	4
53	51	10
53	52	6
54	0	5
54	1	2
54	2	1
54	3	5
54	4	3
54	5	2
54	8	2
54	9	4
54	10	4
54	11	3
54	12	2
54	13	2
54	14	3
54	15	4
54	16	2
54	17	1
54	18	2
54	19	8
54	20	7
54	21	3
54	22	3
54	23	5
54	24	5
54	25	3
54	26	1
54	27	5
54	28	5
54	29	1
54	30	5
54	31	1
54	32	1
54	34	2
54	35	7
54	36	2
54	37	2
54	38	8
54	39	5
54	40	2
54	41	1
54	42	6
54	43	1
54	44	4
54	45	3
54	46	2
54	47	5
54	48	7
54	49	6
54	50	4
54	51	7
54	52	10
54	53	6
55	1	4
55	2	5
55	3	2
55	4	8
55	5	6
55	7	2
55	8	3
55	9	2
55	10	6
55	11	7
55	12	6
55	13	2
55	14	2
55	15	3
55	16	3
55	17	2
55	18	3
55	19	4
55	20	5
55	22	2
55	23	5
55	24	6
55	25	4
55	26	2
55	27	4
55	28	11
55	29	2
55	30	2
55	31	2
55	32	4
55	33	3
55	34	5
55	35	4
55	36	3
55	37	3
55	38	4
55	39	4
55	40	5
55	41	6
55	42	12
55	43	4
55	44	2
55	45	5
55	46	2
55	47	1
55	48	3
55	49	5
55	50	5
55	51	9
55	52	20
55	53	15
55	54	18
56	0	4
56	1	7
56	2	2
56	3	4
56	4	5
56	5	3
56	8	1
56	9	4
56	10	4
56	11	4
56	12	5
56	13	1
56	14	2
56	15	2
56	16	3
56	18	4
56	19	2
56	20	2
56	21	2
56	22	3
56	23	2
56	24	4
56	25	7
56	26	1
56	28	9
56	30	3
56	31	2
56	32	1
56	34	1
56	35	4
56	36	3
56	37	2
56	38	13
56	39	5
56	40	8
56	41	6
56	42	4
56	43	4
56	44	4
56	45	5
56	46	2
56	47	3
56	48	1
56	49	6
56	50	2
56	52	8
56	53	12
56	54	8
56	55	18
57	0	2
57	1	2
57	2	4
57	3	3
57	8	4
57	9	8
57	10	2
57	11	2
57	12	2
57	13	5
57	14	2
57	15	4
57	16	2
57	18	3
57	19	1
57	20	4
57	22	1
57	23	4
57	24	2
57	25	1
57	26	4
57	27	1
57	28	3
57	30	3
57	31	2
57	32	5
57	34	2
57	35	8
57	36	5
57	37	3
57	38	8
57	39	4
57	40	5
57	41	1
57	42	4
57	43	4
57	44	4
57	45	2
57	46	3
57	47	10
57	48	3
57	49	7
57	50	5
57	51	6
57	52	12
57	53	8
57	54	4
57	55	4
57	56	3
58	0	1
58	1	1
58	2	1
58	3	4
58	4	3
58	6	1
58	7	1
58	10	2
58	11	3
58	14	2
58	18	5
58	20	2
58	22	1
58	24	3
58	25	1
58	26	1
58	27	3
58	28	6
58	29	1
58	30	2
58	31	1
58	32	7
58	33	7
58	34	8
58	35	9
58	36	8
58	37	2
58	38	5
58	39	1
58	40	6
58	41	2
58	42	1
58	43	2
58	44	5
58	45	4
58	46	8
58	47	7
58	48	2
58	49	5
58	50	4
58	51	7
58	52	7
58	53	2
58	54	4
58	55	3
58	56	5
58	57	9
59	1	3
59	2	1
59	3	2
59	4	2
59	5	2
59	6	2
59	8	2
59	9	3
59	10	2
59	11	4
59	12	4
59	13	6
59	14	3
59	15	3
59	17	2
59	18	1
59	19	3
59	20	1
59	21	1
59	22	3
59	23	4
59	24	5
59	25	4
59	26	5
59	27	4
59	28	3
59	29	5
59	30	4
59	31	1
59	32	3
59	33	6
59	34	7
59	35	6
59	36	10
59	37	1
59	38	7
59	39	3
59	40	4
59	41	5
59	42	5
59	44	6
59	45	1
59	46	4
59	47	6
59	48	7
59	49	9
59	50	8
59	51	12
59	52	12
59	53	1
59	54	4
59	55	5
59	56	10
59	57	7
59	58	5
60	0	3
60	1	2
60	2	2
60	3	2
60	4	2
60	8	3
60	10	1
60	11	3
60	12	2
60	13	2
60	15	2
60	17	2
60	18	1
60	19	1
60	20	3
60	23	3
60	24	4
60	25	2
60	26	8
60	27	2
60	28	7
60	29	5
60	30	5
60	31	4
60	32	2
60	34	2
60	35	7
60	36	5
60	37	10
60	38	5
60	39	3
60	40	6
60	41	5
60	42	1
60	43	6
60	44	2
60	45	7
60	46	6
60	47	10
60	48	3
60	49	6
60	50	4
60	51	7
60	52	2
60	53	5
60	54	3
60	55	4
60	56	2
60	57	1
60	58	10
60	59	4
