1	0	10
2	0	4
3	0	3
3	1	4
3	2	3
4	0	2
4	1	5
4	2	9
4	3	16
5	0	1
5	1	3
5	2	1
5	3	3
6	0	3
6	1	2
6	2	5
6	3	1
6	4	4
6	5	10
7	0	6
7	1	5
7	2	1
7	3	1
7	4	1
7	5	5
7	6	7
8	0	1
8	1	6
8	2	5
8	3	2
8	4	6
8	5	4
8	6	10
8	7	8
9	0	2
9	1	8
9	2	5
9	3	5
9	4	6
9	5	3
9	6	6
9	7	7
9	8	14
10	0	6
10	1	7
10	2	7
10	3	4
10	4	3
10	5	2
10	6	7
10	7	9
10	8	3
10	9	13
11	0	4
11	1	14
11	2	5
11	3	1
11	4	3
11	5	3
11	6	4
11	7	5
11	8	1
11	9	8
11	10	13
12	0	2
12	2	9
12	3	2
12	4	3
12	5	9
12	6	10
12	7	3
12	8	12
12	9	8
12	10	11
12	11	5
13	0	7
13	1	8
13	2	5
13	3	3
13	4	3
13	5	6
13	6	3
13	7	5
13	8	9
13	9	9
13	10	7
13	11	6
13	12	17
14	0	3
14	1	10
14	2	4
14	3	4
14	4	7
14	5	3
14	7	2
14	8	5
14	9	6
14	10	5
14	11	6
14	12	8
14	13	4
15	0	7
15	1	9
15	2	3
15	3	2
15	4	6
15	5	7
15	6	5
15	7	3
15	8	10
15	9	6
15	10	8
15	11	8
15	12	10
15	13	14
15	14	11
16	0	5
16	1	4
16	2	10
16	3	3
16	4	6
16	6	3
16	8	5
16	10	2
16	11	4
16	12	2
16	13	5
16	14	4
16	15	5
17	0	3
17	1	2
17	2	6
17	3	7
17	4	2
17	5	4
17	6	5
17	8	10
17	9	2
17	10	1
17	11	3
17	12	5
17	13	3
17	14	7
17	15	11
17	16	7
18	0	4
18	1	6
18	2	7
18	4	8
18	5	9
18	6	1
18	7	2
18	8	4
18	9	2
18	10	16
18	11	2
18	12	12
18	13	3
18	14	6
18	15	4
18	16	2
18	17	4
19	0	4
19	1	4
19	2	7
19	3	9
19	4	7
19	5	3
19	6	1
19	7	1
19	8	6
19	9	4
19	10	3
19	11	3
19	12	7
19	13	6
19	14	16
19	15	8
19	16	3
19	17	4
19	18	7
20	0	2
20	1	4
20	2	10
20	3	1
20	4	12
20	5	6
20	6	3
20	7	2
20	8	8
20	9	4
20	10	3
20	11	8
20	12	7
20	13	4
20	14	6
20	15	5
20	16	3
20	17	3
20	18	6
21	0	7
21	1	2
21	2	11
21	3	2
21	4	6
21	5	7
21	6	7
21	7	3
21	8	13
21	9	2
21	10	3
21	11	5
21	12	5
21	13	4
21	14	8
21	15	5
21	16	6
21	17	5
21	18	4
21	19	7
21	20	8
22	1	3
22	2	7
22	3	5
22	4	9
22	5	7
22	6	3
22	7	4
22	8	3
22	9	4
22	10	5
22	11	1
22	12	5
22	13	5
22	14	6
22	15	4
22	16	3
22	17	2
22	18	2
22	19	2
22	20	5
22	21	6
23	1	8
23	2	7
23	3	3
23	4	5
23	5	2
23	8	1
23	9	2
23	10	5
23	11	1
23	12	3
23	13	3
23	14	3
23	15	3
23	17	1
23	18	2
23	19	6
23	20	4
23	21	6
23	22	1
24	0	4
24	1	9
24	2	3
24	3	4
24	4	2
24	5	1
24	6	2
24	8	2
24	9	10
24	10	5
24	11	4
24	12	6
24	13	2
24	14	9
24	15	3
24	16	2
24	17	2
24	18	1
24	19	4
24	20	4
24	21	4
24	22	4
24	23	5
25	0	3
25	1	7
25	2	3
25	3	2
25	4	6
25	7	2
25	8	4
25	9	3
25	10	5
25	11	8
25	12	2
25	13	3
25	14	6
25	15	3
25	16	2
25	17	3
25	18	1
25	19	5
25	20	6
25	21	3
25	22	4
25	23	1
25	24	4
26	0	2
26	1	6
26	2	3
26	4	2
26	5	2
26	7	2
26	8	1
26	10	1
26	11	2
26	12	3
26	13	1
26	14	3
26	15	7
26	18	3
26	19	3
26	22	2
26	23	1
26	24	1
26	25	4
27	1	8
27	2	5
27	3	3
27	4	4
27	5	1
27	6	3
27	8	2
27	9	4
27	11	4
27	12	3
27	13	6
27	14	3
27	15	3
27	17	4
27	18	1
27	19	4
27	22	1
27	23	1
27	24	4
27	25	7
27	26	3
28	1	4
28	2	1
28	3	5
28	4	6
28	5	7
28	6	6
28	7	2
28	8	3
28	9	10
28	10	7
28	11	5
28	12	1
28	13	4
28	14	5
28	15	6
28	16	2
28	17	6
28	18	3
28	19	4
28	20	4
28	21	3
28	22	2
28	23	4
28	24	8
28	25	7
28	26	4
28	27	4
29	1	2
29	2	1
29	4	3
29	5	2
29	10	3
29	14	1
29	19	3
29	23	3
29	24	1
29	25	3
29	26	4
29	27	6
30	1	3
30	3	3
30	7	2
30	8	2
30	9	1
30	10	1
30	11	4
30	12	1
30	13	5
30	14	1
30	17	1
30	18	3
30	19	2
30	20	2
30	22	2
30	24	2
30	25	3
30	26	5
30	27	5
30	28	3
30	29	7
31	4	1
31	5	2
31	8	3
31	10	3
31	11	2
31	14	3
31	19	1
31	21	1
31	22	1
31	24	2
31	25	1
31	26	2
31	27	6
31	28	1
31	29	11
31	30	12
32	2	3
32	4	6
32	8	2
32	9	1
32	10	2
32	11	1
32	12	2
32	13	2
32	14	1
32	15	3
32	17	1
32	18	1
32	20	5
32	22	3
32	23	3
32	24	4
32	25	5
32	26	1
32	27	2
32	28	2
32	29	5
32	30	8
32	31	9
33	0	2
33	1	3
33	2	2
33	3	2
33	4	2
33	5	1
33	8	5
33	9	2
33	10	4
33	11	5
33	12	2
33	13	4
33	14	2
33	15	1
33	17	2
33	19	1
33	21	1
33	22	1
33	23	7
33	24	3
33	25	3
33	26	3
33	27	4
33	28	2
33	29	7
33	30	3
33	31	6
33	32	14
34	1	2
34	3	2
34	4	2
34	5	3
34	6	2
34	8	3
34	9	2
34	10	4
34	12	2
34	13	3
34	14	6
34	15	2
34	17	1
34	18	2
34	20	3
34	21	5
34	22	3
34	24	5
34	25	4
34	26	7
34	27	6
34	28	4
34	29	4
34	30	7
34	31	6
34	32	11
34	33	5
35	0	4
35	1	4
35	2	1
35	3	1
35	4	1
35	5	4
35	6	2
35	8	4
35	9	2
35	10	2
35	11	5
35	12	2
35	13	3
35	14	2
35	15	3
35	16	2
35	17	1
35	18	4
35	19	2
35	20	4
35	21	1
35	22	2
35	23	2
35	24	1
35	25	2
35	26	4
35	27	5
35	28	6
35	29	2
35	30	5
35	31	6
35	32	7
35	33	12
35	34	13
36	0	1
36	1	5
36	2	4
36	3	2
36	4	5
36	6	1
36	7	1
36	10	3
36	11	1
36	12	2
36	14	6
36	15	4
36	18	2
36	22	1
36	23	2
36	24	6
36	25	2
36	26	7
36	27	3
36	28	1
36	29	4
36	30	4
36	31	1
36	32	4
36	33	6
36	34	7
36	35	12
37	0	2
37	1	4
37	2	1
37	3	1
37	4	2
37	5	2
37	6	1
37	7	5
37	8	1
37	9	4
37	10	3
37	11	4
37	12	1
37	13	1
37	14	1
37	15	3
37	18	1
37	20	2
37	21	2
37	24	2
37	25	5
37	26	3
37	27	6
37	28	2
37	29	1
37	30	4
37	31	6
37	32	8
37	33	8
37	34	5
37	35	11
37	36	1
38	0	1
38	1	2
38	2	1
38	3	4
38	4	3
38	5	3
38	7	3
38	8	6
38	9	4
38	10	9
38	11	1
38	12	7
38	13	3
38	14	4
38	15	3
38	16	1
38	17	2
38	18	4
38	19	2
38	20	2
38	21	2
38	22	4
38	23	3
38	24	2
38	25	3
38	26	6
38	27	5
38	28	5
38	29	3
38	30	5
38	31	4
38	32	3
38	33	8
38	34	7
38	35	10
38	36	6
38	37	9
39	1	2
39	2	2
39	4	8
39	5	3
39	6	1
39	7	2
39	8	2
39	9	2
39	10	3
39	11	3
39	12	4
39	13	2
39	14	1
39	15	1
39	18	3
39	19	5
39	20	1
39	21	1
39	23	2
39	24	2
39	25	4
39	26	1
39	28	8
39	29	1
39	31	5
39	32	2
39	34	4
39	35	2
39	36	3
39	37	8
39	38	13
40	1	4
40	2	3
40	3	1
40	4	3
40	5	4
40	6	4
40	7	1
40	8	3
40	9	5
40	11	5
40	12	2
40	13	7
40	14	4
40	15	7
40	16	2
40	17	2
40	18	7
40	19	9
40	20	4
40	21	4
40	22	3
40	23	1
40	24	5
40	25	6
40	26	3
40	27	1
40	28	6
40	29	6
40	30	1
40	31	3
40	32	7
40	33	6
40	34	4
40	35	5
40	36	2
40	37	9
40	38	6
40	39	6
41	1	2
41	4	4
41	5	5
41	6	2
41	10	1
41	11	5
41	12	3
41	13	5
41	14	4
41	15	1
41	16	3
41	18	4
41	20	3
41	22	6
41	24	4
41	25	2
41	26	3
41	27	3
41	28	7
41	29	2
41	30	5
41	31	6
41	32	3
41	33	4
41	34	5
41	35	4
41	36	2
41	37	6
41	38	13
41	39	5
41	40	5
42	1	1
42	2	3
42	3	1
42	4	3
42	5	5
42	6	5
42	8	1
42	9	2
42	10	4
42	11	1
42	12	3
42	13	4
42	14	2
42	15	3
42	17	1
42	18	3
42	19	3
42	23	3
42	24	3
42	25	3
42	26	2
42	27	1
42	28	4
42	29	3
42	30	3
42	31	4
42	32	3
42	33	2
42	34	6
42	35	5
42	36	2
42	37	3
42	38	13
42	39	12
42	40	7
42	41	10
43	1	3
43	2	1
43	3	4
43	4	3
43	5	1
43	8	2
43	9	4
43	10	3
43	11	4
43	12	3
43	15	1
43	17	2
43	18	1
43	20	2
43	21	3
43	22	2
43	23	2
43	24	1
43	25	1
43	26	5
43	27	1
43	28	5
43	29	5
43	30	6
43	31	10
43	32	7
43	33	2
43	34	2
43	35	6
43	36	2
43	37	15
43	38	12
43	39	2
43	40	9
43	41	12
43	42	10
44	3	3
44	5	2
44	7	1
44	10	1
44	11	3
44	12	2
44	18	3
44	19	3
44	20	3
44	21	1
44	23	3
44	24	1
44	25	1
44	26	1
44	27	3
44	28	3
44	30	3
44	31	3
44	32	1
44	33	1
44	34	4
44	35	4
44	36	4
44	37	4
44	38	7
44	39	3
44	40	7
44	41	9
44	42	6
44	43	10
45	3	1
45	5	1
45	6	1
45	9	1
45	10	3
45	11	2
45	15	1
45	19	2
45	20	1
45	22	2
45	23	2
45	24	3
45	25	5
45	26	1
45	27	3
45	28	5
45	30	4
45	31	5
45	32	4
45	33	4
45	34	2
45	35	4
45	36	3
45	37	5
45	38	7
45	39	3
45	40	3
45	41	3
45	42	6
45	43	16
45	44	6
46	0	1
46	1	1
46	3	3
46	4	2
46	8	2
46	10	5
46	11	2
46	13	1
46	14	2
46	15	3
46	18	3
46	19	1
46	22	1
46	23	2
46	24	4
46	25	2
46	26	4
46	27	2
46	28	6
46	29	8
46	30	7
46	31	9
46	32	6
46	33	5
46	34	5
46	35	12
46	36	3
46	37	6
46	38	7
46	39	6
46	40	6
46	41	4
46	42	2
46	43	4
46	44	11
46	45	11
47	3	2
47	4	4
47	9	2
47	10	3
47	11	3
47	12	2
47	13	1
47	15	1
47	16	1
47	17	3
47	18	2
47	20	4
47	21	3
47	23	3
47	24	2
47	25	3
47	26	3
47	27	2
47	29	3
47	30	6
47	31	8
47	32	4
47	33	1
47	34	2
47	35	11
47	36	6
47	37	1
47	38	3
47	39	1
47	40	3
47	41	4
47	42	2
47	43	5
47	44	3
47	45	5
47	46	13
48	1	4
48	2	1
48	3	3
48	4	3
48	5	3
48	6	5
48	7	2
48	8	1
48	9	1
48	10	5
48	11	6
48	12	4
48	13	4
48	14	5
48	15	5
48	16	2
48	18	3
48	19	4
48	20	6
48	21	2
48	22	3
48	23	3
48	24	7
48	25	6
48	27	5
48	28	6
48	29	2
48	30	4
48	31	3
48	32	6
48	33	6
48	34	8
48	35	3
48	36	3
48	37	3
48	38	6
48	39	3
48	40	8
48	41	6
48	43	4
48	44	1
48	45	1
48	46	3
48	47	1
49	0	2
49	1	7
49	2	3
49	3	3
49	4	3
49	6	3
49	7	2
49	8	6
49	9	4
49	10	5
49	11	5
49	12	2
49	13	5
49	14	3
49	15	3
49	16	2
49	17	1
49	18	6
49	19	2
49	20	3
49	21	3
49	22	2
49	23	6
49	24	12
49	25	4
49	26	3
49	27	4
49	28	1
49	29	1
49	30	1
49	31	2
49	32	1
49	33	6
49	34	8
49	35	13
49	36	7
49	37	3
49	38	10
49	39	5
49	40	8
49	41	7
49	42	3
49	43	1
49	44	3
49	45	4
49	46	5
49	47	4
49	48	19
50	1	4
50	2	3
50	3	1
50	4	4
50	8	3
50	9	3
50	10	2
50	12	3
50	13	3
50	14	4
50	15	2
50	18	2
50	19	1
50	20	2
50	21	1
50	24	11
50	25	7
50	26	10
50	27	7
50	28	5
50	29	3
50	30	3
50	31	3
50	32	2
50	33	3
50	34	7
50	35	7
50	36	5
50	37	1
50	38	8
50	39	5
50	40	2
50	41	2
50	42	1
50	43	2
50	46	3
50	47	1
50	48	5
50	49	11
51	1	2
51	2	5
51	3	6
51	4	2
51	5	4
51	6	4
51	7	1
51	8	3
51	9	4
51	10	3
51	11	6
51	12	3
51	13	2
51	14	5
51	15	2
51	18	2
51	19	4
51	20	4
51	22	1
51	23	2
51	24	2
51	25	8
51	26	5
51	27	3
51	28	6
51	29	1
51	30	4
51	31	3
51	32	5
51	33	2
51	34	11
51	35	8
51	36	7
51	37	5
51	38	11
51	39	4
51	40	10
51	41	2
51	42	4
51	43	4
51	44	2
51	45	2
51	46	4
51	47	5
51	48	6
51	49	12
51	50	4
52	1	3
52	2	2
52	3	2
52	4	9
52	5	5
52	7	2
52	8	2
52	11	1
52	12	4
52	13	4
52	14	4
52	15	4
52	17	1
52	18	2
52	19	3
52	20	6
52	21	2
52	22	1
52	23	8
52	24	3
52	25	2
52	26	2
52	27	8
52	28	3
52	29	6
52	30	2
52	31	4
52	32	4
52	33	4
52	34	2
52	35	4
52	36	7
52	37	6
52	38	10
52	39	3
52	40	10
52	41	3
52	42	3
52	43	3
52	44	3
52	45	2
52	46	3
52	47	5
52	48	4
52	49	8
52	50	7
52	51	14
53	1	8
53	2	4
53	3	2
53	4	3
53	5	4
53	6	1
53	7	1
53	8	4
53	9	4
53	10	4
53	11	5
53	12	4
53	13	5
53	14	3
53	15	1
53	16	2
53	17	1
53	18	3
53	19	3
53	20	4
53	21	1
53	22	1
53	23	4
53	24	6
53	25	4
53	26	2
53	27	1
53	28	12
53	29	4
53	30	3
53	31	3
53	32	5
53	33	4
53	34	10
53	35	11
53	36	6
53	37	6
53	38	13
53	39	11
53	40	6
53	41	4
53	42	8
53	43	7
53	44	4
53	45	8
53	46	4
53	47	3
53	48	5
53	49	9
53	50	7
53	51	14
53	52	7
54	0	5
54	1	1
54	3	4
54	4	4
54	5	5
54	8	4
54	9	3
54	10	3
54	11	2
54	12	3
54	13	4
54	14	3
54	15	3
54	16	4
54	17	3
54	18	2
54	19	1
54	20	4
54	21	1
54	22	3
54	23	3
54	24	5
54	25	3
54	26	2
54	27	1
54	28	8
54	29	1
54	30	2
54	31	1
54	32	3
54	33	3
54	34	3
54	35	2
54	36	7
54	37	1
54	38	10
54	39	5
54	40	2
54	41	3
54	42	8
54	43	4
54	44	3
54	45	2
54	46	2
54	47	2
54	49	6
54	50	1
54	51	10
54	52	13
54	53	6
55	0	5
55	1	2
55	2	2
55	3	2
55	4	5
55	5	6
55	6	3
55	7	2
55	8	7
55	9	2
55	10	5
55	12	4
55	13	3
55	14	4
55	15	6
55	16	3
55	17	4
55	18	3
55	19	4
55	20	2
55	21	4
55	22	3
55	23	6
55	24	5
55	25	2
55	26	3
55	27	2
55	28	13
55	29	4
55	30	2
55	31	4
55	32	3
55	33	1
55	34	7
55	35	4
55	36	7
55	37	9
55	38	7
55	39	13
55	40	3
55	41	4
55	42	4
55	43	5
55	44	1
55	45	2
55	47	2
55	48	6
55	49	9
55	50	4
55	51	9
55	52	11
55	53	13
55	54	22
56	0	1
56	2	3
56	3	2
56	4	2
56	5	3
56	8	2
56	9	1
56	10	3
56	11	4
56	12	1
56	13	2
56	14	2
56	15	4
56	16	1
56	18	2
56	19	5
56	20	2
56	21	3
56	22	2
56	23	3
56	24	5
56	25	12
56	26	4
56	27	1
56	28	10
56	31	1
56	32	1
56	33	4
56	34	1
56	35	3
56	36	6
56	37	4
56	38	4
56	39	6
56	40	2
56	41	3
56	42	2
56	43	1
56	44	2
56	45	5
56	46	1
56	47	2
56	48	2
56	49	5
56	50	3
56	51	5
56	52	4
56	53	8
56	54	6
56	55	7
57	0	5
57	2	2
57	4	1
57	8	2
57	9	1
57	11	2
57	12	6
57	13	1
57	15	4
57	18	3
57	19	1
57	20	4
57	22	2
57	23	6
57	24	8
57	25	3
57	26	9
57	27	1
57	28	6
57	29	3
57	30	4
57	31	2
57	32	3
57	33	3
57	34	3
57	35	5
57	36	8
57	37	4
57	38	13
57	39	6
57	41	3
57	42	3
57	43	6
57	44	6
57	45	10
57	46	5
57	47	8
57	49	6
57	50	4
57	51	3
57	52	10
57	53	5
57	54	4
57	55	5
57	56	3
58	0	1
58	1	2
58	2	1
58	4	2
58	6	2
58	7	1
58	10	3
58	11	1
58	14	3
58	16	1
58	17	1
58	18	6
58	20	4
58	24	2
58	25	3
58	26	3
58	27	3
58	28	3
58	29	6
58	30	3
58	32	4
58	33	2
58	34	3
58	35	8
58	36	9
58	37	5
58	38	14
58	39	4
58	40	5
58	41	5
58	42	3
58	43	5
58	44	2
58	45	8
58	46	10
58	47	6
58	48	1
58	49	2
58	50	1
58	51	9
58	52	6
58	54	3
58	55	5
58	56	5
58	57	4
59	1	3
59	2	4
59	3	2
59	4	4
59	6	2
59	8	5
59	9	1
59	10	4
59	11	3
59	12	3
59	13	2
59	14	4
59	15	3
59	16	3
59	17	2
59	18	4
59	19	4
59	20	4
59	21	2
59	22	1
59	23	7
59	24	5
59	25	1
59	26	5
59	27	4
59	28	7
59	29	4
59	30	3
59	31	3
59	32	3
59	33	2
59	34	4
59	35	2
59	36	8
59	37	7
59	38	7
59	39	2
59	40	4
59	41	6
59	42	1
59	43	3
59	44	3
59	45	2
59	46	4
59	47	6
59	48	3
59	49	10
59	50	3
59	51	7
59	52	7
59	53	3
59	54	3
59	55	5
59	56	7
59	57	13
59	58	5
60	3	1
60	4	4
60	7	2
60	8	1
60	10	1
60	11	1
60	12	4
60	13	10
60	14	1
60	15	3
60	18	5
60	19	1
60	20	6
60	23	5
60	24	2
60	25	4
60	26	6
60	27	3
60	28	2
60	29	3
60	30	4
60	31	2
60	32	4
60	33	3
60	34	5
60	35	5
60	36	7
60	37	5
60	38	10
60	39	5
60	40	2
60	42	5
60	43	7
60	44	5
60	45	9
60	46	9
60	47	4
60	48	7
60	49	8
60	50	5
60	51	10
60	52	3
60	53	2
60	54	4
60	55	2
60	56	4
60	57	8
60	58	8
60	59	2
