1	0	4
2	0	3
2	1	4
3	0	1
3	1	8
3	2	11
4	0	2
4	1	2
4	2	12
4	3	12
5	0	2
5	1	4
5	2	5
5	3	2
5	4	7
6	0	3
6	1	3
6	2	3
6	3	3
6	4	3
6	5	5
7	0	3
7	1	2
7	2	5
7	4	4
7	5	1
7	6	9
8	0	3
8	1	5
8	2	5
8	3	3
8	4	5
8	5	6
8	6	16
8	7	11
9	0	11
9	1	2
9	2	3
9	3	1
9	5	3
9	6	5
9	7	7
9	8	9
10	0	3
10	1	4
10	2	4
10	4	4
10	5	1
10	6	7
10	7	6
10	8	8
10	9	10
11	0	6
11	1	15
11	2	2
11	3	1
11	4	5
11	5	1
11	6	6
11	7	5
11	8	5
11	9	11
11	10	11
12	0	1
12	1	5
12	2	2
12	3	2
12	4	8
12	5	8
12	6	8
12	7	3
12	8	13
12	9	14
12	10	9
12	11	5
13	0	11
13	1	8
13	2	5
13	3	6
13	4	7
13	5	4
13	6	5
13	7	3
13	8	14
13	9	12
13	10	8
13	11	4
13	12	11
14	0	3
14	1	8
14	2	6
14	3	7
14	4	10
14	5	2
14	6	12
14	7	4
14	8	4
14	9	3
14	10	12
14	11	6
14	12	8
14	13	7
15	0	8
15	1	12
15	2	7
15	3	3
15	4	4
15	5	2
15	6	3
15	7	5
15	8	12
15	9	6
15	10	4
15	11	9
15	12	10
15	13	14
15	14	11
16	0	5
16	1	4
16	2	12
16	3	3
16	4	1
16	5	2
16	6	3
16	7	1
16	8	5
16	9	1
16	10	2
16	11	2
16	12	1
16	13	4
16	14	4
16	15	3
17	0	4
17	1	6
17	2	8
17	3	3
17	4	4
17	5	4
17	6	4
17	7	6
17	8	3
17	9	3
17	10	2
17	11	2
17	12	3
17	13	6
17	14	7
17	15	8
17	16	6
18	0	2
18	1	4
18	2	5
18	3	2
18	4	3
18	5	13
18	6	5
18	7	1
18	8	6
18	9	5
18	10	12
18	11	3
18	12	7
18	13	5
18	14	5
18	15	5
18	16	3
18	17	5
19	0	5
19	1	4
19	2	15
19	3	12
19	4	11
19	5	4
19	6	4
19	7	4
19	8	5
19	9	2
19	11	8
19	12	5
19	13	3
19	14	9
19	15	6
19	16	4
19	17	4
19	18	2
20	0	1
20	1	5
20	2	6
20	3	6
20	4	4
20	5	4
20	6	5
20	7	3
20	8	4
20	9	3
20	10	8
20	11	6
20	12	7
20	13	2
20	14	3
20	15	4
20	16	2
20	17	4
20	18	7
20	19	2
21	0	2
21	1	1
21	2	6
21	3	3
21	4	3
21	5	6
21	6	3
21	7	2
21	8	7
21	9	7
21	10	4
21	11	3
21	12	4
21	13	1
21	14	6
21	15	9
21	16	8
21	17	10
21	18	6
21	19	4
21	20	6
22	2	9
22	3	3
22	4	12
22	5	12
22	6	5
22	7	4
22	8	3
22	9	3
22	10	2
22	11	4
22	12	8
22	13	6
22	14	7
22	15	9
22	16	4
22	17	4
22	18	8
22	19	4
22	20	11
22	21	7
23	0	2
23	1	2
23	2	2
23	3	5
23	4	5
23	5	7
23	7	3
23	8	5
23	9	2
23	10	3
23	11	6
23	12	4
23	13	2
23	14	1
23	17	1
23	18	3
23	19	4
23	20	1
23	21	2
23	22	3
24	0	3
24	1	6
24	2	1
24	3	4
24	4	8
24	5	1
24	6	1
24	7	7
24	8	5
24	9	8
24	10	7
24	11	6
24	12	3
24	13	5
24	14	3
24	15	8
24	17	1
24	18	1
24	19	4
24	20	4
24	21	3
24	22	2
24	23	6
25	0	1
25	1	6
25	2	3
25	3	2
25	4	1
25	5	2
25	6	3
25	7	3
25	8	6
25	9	8
25	10	6
25	11	8
25	12	5
25	13	3
25	14	1
25	15	2
25	16	1
25	17	7
25	18	4
25	19	3
25	20	3
25	21	1
25	22	2
25	23	3
25	24	8
26	0	1
26	1	3
26	2	1
26	4	2
26	5	2
26	7	2
26	8	4
26	12	2
26	13	3
26	14	4
26	15	1
26	18	1
26	19	1
26	20	3
26	23	1
26	25	2
27	0	1
27	1	6
27	3	1
27	5	2
27	6	3
27	7	7
27	8	1
27	9	3
27	10	5
27	11	1
27	12	5
27	13	2
27	14	3
27	15	3
27	18	3
27	19	3
27	22	2
27	23	2
27	24	2
27	25	7
27	26	8
28	1	3
28	2	3
28	3	3
28	4	6
28	5	5
28	6	2
28	7	4
28	8	3
28	9	7
28	10	7
28	11	2
28	12	4
28	13	3
28	14	5
28	15	4
28	16	3
28	17	3
28	18	5
28	19	6
28	20	2
28	21	2
28	22	3
28	23	5
28	24	5
28	25	2
28	26	1
28	27	3
29	0	1
29	1	1
29	2	3
29	4	1
29	5	2
29	8	1
29	10	1
29	12	3
29	14	2
29	19	1
29	24	4
29	25	3
29	26	3
29	27	4
29	28	1
30	1	2
30	3	1
30	5	1
30	7	1
30	8	4
30	9	2
30	10	2
30	11	3
30	12	3
30	14	4
30	17	1
30	18	2
30	19	2
30	20	2
30	22	1
30	24	1
30	25	6
30	26	4
30	27	3
30	28	1
30	29	11
31	8	1
31	9	2
31	11	3
31	14	2
31	21	1
31	22	3
31	23	1
31	24	3
31	25	5
31	27	1
31	28	1
31	29	8
31	30	14
32	0	1
32	1	1
32	4	1
32	8	5
32	9	2
32	10	5
32	11	1
32	12	3
32	13	3
32	14	2
32	16	1
32	18	1
32	23	1
32	24	3
32	25	2
32	26	1
32	27	3
32	28	1
32	29	8
32	30	6
32	31	10
33	0	4
33	1	1
33	2	1
33	3	1
33	4	3
33	5	2
33	8	1
33	9	1
33	10	1
33	11	3
33	12	1
33	13	5
33	14	3
33	15	3
33	17	1
33	18	1
33	19	3
33	21	1
33	22	1
33	23	2
33	24	2
33	25	2
33	26	3
33	27	4
33	28	1
33	29	9
33	30	8
33	31	6
33	32	14
34	1	5
34	2	3
34	3	5
34	4	7
34	5	6
34	6	1
34	8	1
34	9	6
34	10	3
34	11	5
34	12	6
34	13	2
34	14	6
34	16	1
34	17	1
34	18	7
34	19	2
34	20	4
34	21	4
34	22	1
34	23	3
34	24	4
34	25	6
34	26	2
34	27	4
34	28	1
34	29	4
34	31	4
34	32	6
34	33	6
35	0	2
35	1	2
35	3	3
35	4	5
35	5	2
35	6	3
35	8	4
35	9	3
35	10	9
35	11	2
35	12	3
35	13	6
35	14	4
35	15	2
35	17	1
35	18	5
35	19	2
35	20	6
35	21	7
35	22	2
35	23	5
35	24	4
35	25	4
35	26	4
35	27	6
35	28	6
35	29	6
35	30	5
35	31	11
35	32	5
35	33	15
35	34	5
36	0	2
36	1	2
36	2	2
36	3	2
36	4	1
36	6	3
36	7	3
36	11	2
36	12	1
36	13	1
36	14	3
36	15	5
36	16	3
36	18	2
36	22	2
36	23	3
36	24	5
36	25	5
36	26	2
36	27	3
36	28	3
36	29	5
36	30	1
36	31	5
36	32	4
36	33	7
36	34	10
36	35	8
37	0	3
37	2	3
37	3	3
37	4	3
37	5	2
37	6	1
37	7	1
37	8	2
37	9	2
37	10	4
37	11	1
37	12	2
37	13	4
37	14	1
37	15	1
37	18	3
37	19	2
37	20	3
37	21	1
37	24	5
37	25	4
37	26	6
37	27	4
37	28	8
37	29	3
37	30	2
37	31	6
37	32	7
37	33	6
37	34	6
37	35	10
37	36	2
38	0	4
38	1	3
38	2	1
38	3	3
38	4	3
38	5	6
38	6	4
38	7	4
38	8	4
38	9	1
38	10	11
38	11	6
38	12	3
38	13	3
38	14	4
38	15	6
38	16	2
38	17	3
38	18	5
38	19	2
38	20	5
38	21	3
38	22	4
38	23	10
38	24	3
38	25	2
38	26	2
38	27	4
38	28	7
38	29	6
38	30	1
38	31	3
38	32	4
38	33	5
38	34	6
38	35	5
38	36	3
38	37	7
39	1	1
39	2	1
39	3	1
39	4	2
39	5	2
39	6	2
39	7	2
39	8	3
39	9	2
39	10	4
39	11	3
39	12	1
39	13	2
39	14	2
39	15	2
39	18	2
39	19	2
39	20	6
39	21	3
39	22	3
39	24	7
39	25	3
39	26	4
39	27	2
39	28	6
39	29	2
39	30	4
39	31	3
39	32	3
39	33	3
39	34	2
39	35	4
39	36	1
39	37	9
39	38	6
40	0	4
40	1	4
40	2	4
40	3	2
40	4	5
40	5	3
40	6	5
40	7	3
40	8	6
40	9	6
40	10	5
40	11	7
40	12	5
40	13	1
40	14	5
40	15	4
40	16	1
40	17	1
40	18	3
40	19	1
40	20	2
40	21	3
40	22	3
40	23	5
40	24	6
40	25	1
40	26	3
40	27	4
40	28	6
40	29	3
40	30	3
40	31	6
40	32	2
40	33	10
40	34	14
40	35	6
40	36	4
40	37	8
40	38	3
40	39	7
41	1	4
41	4	3
41	5	6
41	6	1
41	7	2
41	8	5
41	9	2
41	10	8
41	11	1
41	12	6
41	13	6
41	16	3
41	20	2
41	22	2
41	24	2
41	25	3
41	26	1
41	27	4
41	28	5
41	29	1
41	30	3
41	31	3
41	32	5
41	33	5
41	34	7
41	35	6
41	36	2
41	37	8
41	38	7
41	39	10
41	40	10
42	1	2
42	2	1
42	3	3
42	5	5
42	6	3
42	8	4
42	9	1
42	10	7
42	12	5
42	13	1
42	14	4
42	15	2
42	17	1
42	18	1
42	19	3
42	20	2
42	24	3
42	25	2
42	26	2
42	27	6
42	28	10
42	29	3
42	30	4
42	31	3
42	32	4
42	33	3
42	34	5
42	35	5
42	36	3
42	37	3
42	38	14
42	39	10
42	40	3
42	41	9
43	0	1
43	1	2
43	2	1
43	3	2
43	4	2
43	5	1
43	8	3
43	9	1
43	10	5
43	11	1
43	12	6
43	13	3
43	14	1
43	15	2
43	18	4
43	20	3
43	22	2
43	23	5
43	24	3
43	25	3
43	26	2
43	27	1
43	28	6
43	29	2
43	30	8
43	31	5
43	32	6
43	33	3
43	34	3
43	35	4
43	36	3
43	37	9
43	38	16
43	39	6
43	40	6
43	41	4
43	42	7
44	3	5
44	4	2
44	8	3
44	9	2
44	10	3
44	11	1
44	18	1
44	19	2
44	20	3
44	23	1
44	24	2
44	25	1
44	26	1
44	27	6
44	28	2
44	29	5
44	31	3
44	32	2
44	33	2
44	34	7
44	35	6
44	36	3
44	37	8
44	38	10
44	39	6
44	40	2
44	41	6
44	42	5
44	43	12
45	3	2
45	5	3
45	6	1
45	9	2
45	10	3
45	11	2
45	19	2
45	20	6
45	24	5
45	25	1
45	26	4
45	27	2
45	28	5
45	29	1
45	30	5
45	31	9
45	32	5
45	33	5
45	34	1
45	35	8
45	36	2
45	37	3
45	38	9
45	39	4
45	40	5
45	41	3
45	42	2
45	43	10
45	44	11
46	1	2
46	3	3
46	4	2
46	8	3
46	10	5
46	11	4
46	13	5
46	14	3
46	18	1
46	19	1
46	22	2
46	23	3
46	24	3
46	25	5
46	26	1
46	29	4
46	30	3
46	31	7
46	32	7
46	33	6
46	34	3
46	35	13
46	36	5
46	37	8
46	38	5
46	39	5
46	40	14
46	41	3
46	42	7
46	43	7
46	44	4
46	45	11
47	0	1
47	1	2
47	2	3
47	3	1
47	4	3
47	9	4
47	10	3
47	11	1
47	13	1
47	15	3
47	16	2
47	17	1
47	18	3
47	20	2
47	21	2
47	23	3
47	25	4
47	26	9
47	27	3
47	28	1
47	29	3
47	30	3
47	31	2
47	32	4
47	33	6
47	34	3
47	35	12
47	36	8
47	37	3
47	38	4
47	39	4
47	40	3
47	41	2
47	42	3
47	43	7
47	44	3
47	45	4
47	46	10
48	1	6
48	2	1
48	3	2
48	4	4
48	5	5
48	6	5
48	7	3
48	8	4
48	9	2
48	10	6
48	11	9
48	12	7
48	13	3
48	14	1
48	16	1
48	18	1
48	19	1
48	20	3
48	21	1
48	22	5
48	23	3
48	24	8
48	25	4
48	26	2
48	27	2
48	28	3
48	29	3
48	30	4
48	31	3
48	32	2
48	33	8
48	34	12
48	35	6
48	36	1
48	37	3
48	38	6
48	39	3
48	40	4
48	41	3
48	42	2
48	43	4
48	44	4
48	45	2
48	46	3
48	47	6
49	0	1
49	1	12
49	2	1
49	3	3
49	4	5
49	5	5
49	6	2
49	7	2
49	8	2
49	9	2
49	10	7
49	11	12
49	12	2
49	13	1
49	14	1
49	15	2
49	16	1
49	17	1
49	18	3
49	19	5
49	20	2
49	21	2
49	22	7
49	23	4
49	24	10
49	25	5
49	26	7
49	27	6
49	28	6
49	29	2
49	30	3
49	31	5
49	32	3
49	33	4
49	34	7
49	35	5
49	36	11
49	37	7
49	38	9
49	39	5
49	40	3
49	41	4
49	42	2
49	43	2
49	44	2
49	45	2
49	46	2
49	47	1
49	48	11
50	1	2
50	2	1
50	3	2
50	4	4
50	8	2
50	9	5
50	10	2
50	11	6
50	12	4
50	13	1
50	14	1
50	15	2
50	18	1
50	19	2
50	21	3
50	23	6
50	24	2
50	25	1
50	26	4
50	27	7
50	29	1
50	31	4
50	32	1
50	33	7
50	34	6
50	35	7
50	36	1
50	37	4
50	38	2
50	39	3
50	40	6
50	41	4
50	42	4
50	43	2
50	45	1
50	46	3
50	47	3
50	48	11
50	49	6
51	1	2
51	2	2
51	3	3
51	4	2
51	5	3
51	6	2
51	7	3
51	8	4
51	9	4
51	10	7
51	11	1
51	12	4
51	13	4
51	14	2
51	15	6
51	18	3
51	19	3
51	20	2
51	21	4
51	22	4
51	23	4
51	24	6
51	25	6
51	26	1
51	27	4
51	28	11
51	29	1
51	30	3
51	31	4
51	32	6
51	33	5
51	34	9
51	35	13
51	36	8
51	37	4
51	38	16
51	39	1
51	40	11
51	41	2
51	42	5
51	43	6
51	44	3
51	45	6
51	46	7
51	47	10
51	48	6
51	49	13
51	50	6
52	1	5
52	2	4
52	3	1
52	4	5
52	5	2
52	7	2
52	9	4
52	10	4
52	11	1
52	12	2
52	13	2
52	14	2
52	15	1
52	16	2
52	18	3
52	19	3
52	20	1
52	21	2
52	22	3
52	23	4
52	24	7
52	25	2
52	26	1
52	27	2
52	28	8
52	29	4
52	30	4
52	31	2
52	32	2
52	33	4
52	34	1
52	35	6
52	36	7
52	37	4
52	38	17
52	39	5
52	40	7
52	41	4
52	42	7
52	43	5
52	44	5
52	45	4
52	46	4
52	47	3
52	48	3
52	49	12
52	51	7
53	1	2
53	2	2
53	3	4
53	4	3
53	5	7
53	6	2
53	7	6
53	8	2
53	9	3
53	10	3
53	11	1
53	12	4
53	13	3
53	14	6
53	15	1
53	16	2
53	17	3
53	18	6
53	19	2
53	20	5
53	21	4
53	22	2
53	23	6
53	24	3
53	25	1
53	26	3
53	27	3
53	28	9
53	29	3
53	30	1
53	31	4
53	32	5
53	33	3
53	34	7
53	35	5
53	36	6
53	37	10
53	38	17
53	39	10
53	40	9
53	41	3
53	42	3
53	43	6
53	44	8
53	45	3
53	46	2
53	47	5
53	48	6
53	49	12
53	50	3
53	51	11
53	52	5
54	0	4
54	1	1
54	2	1
54	3	3
54	4	6
54	5	2
54	8	2
54	9	5
54	10	3
54	11	3
54	12	1
54	13	2
54	14	6
54	15	3
54	16	4
54	17	6
54	18	3
54	19	2
54	20	5
54	21	1
54	22	1
54	23	2
54	24	3
54	25	4
54	26	6
54	27	6
54	28	7
54	29	2
54	30	1
54	31	5
54	32	3
54	33	4
54	34	3
54	35	3
54	36	8
54	37	4
54	38	3
54	39	6
54	40	6
54	41	6
54	42	5
54	43	4
54	44	8
54	45	2
54	46	5
54	47	2
54	48	3
54	49	6
54	50	2
54	51	6
54	52	10
54	53	5
55	0	2
55	1	2
55	2	4
55	3	3
55	4	4
55	5	4
55	6	5
55	9	2
55	10	4
55	11	6
55	12	3
55	13	2
55	14	8
55	15	2
55	16	5
55	17	3
55	18	3
55	19	5
55	20	4
55	21	6
55	22	4
55	23	6
55	24	6
55	25	4
55	26	6
55	27	4
55	28	12
55	29	3
55	30	2
55	31	4
55	32	3
55	33	3
55	34	4
55	35	2
55	36	7
55	37	4
55	38	15
55	39	3
55	40	4
55	41	2
55	42	5
55	43	6
55	44	5
55	45	5
55	46	2
55	48	3
55	49	13
55	50	6
55	51	8
55	52	11
55	53	15
55	54	10
56	0	1
56	1	2
56	3	4
56	4	2
56	5	1
56	8	2
56	9	2
56	10	8
56	11	4
56	12	4
56	13	2
56	14	6
56	15	2
56	16	2
56	18	3
56	19	3
56	20	7
56	21	3
56	22	2
56	23	2
56	24	4
56	25	5
56	26	9
56	27	2
56	28	10
56	30	3
56	31	3
56	32	2
56	33	3
56	34	5
56	35	1
56	36	1
56	37	5
56	38	10
56	39	10
56	40	7
56	41	2
56	42	7
56	43	3
56	44	7
56	45	4
56	46	5
56	47	3
56	48	4
56	49	6
56	50	1
56	51	8
56	52	7
56	53	3
56	54	3
56	55	4
57	1	1
57	2	2
57	3	3
57	4	3
57	6	1
57	8	2
57	9	1
57	10	4
57	11	2
57	12	3
57	13	1
57	14	2
57	15	3
57	16	3
57	18	2
57	19	2
57	20	4
57	22	2
57	23	5
57	24	5
57	27	6
57	28	5
57	29	6
57	30	3
57	31	4
57	32	4
57	33	2
57	34	8
57	35	7
57	36	4
57	37	2
57	38	9
57	39	3
57	40	5
57	41	2
57	42	7
57	43	2
57	44	2
57	45	6
57	46	5
57	47	6
57	48	1
57	49	4
57	50	4
57	51	9
57	52	10
57	53	3
57	54	4
57	55	5
57	56	8
58	0	2
58	1	2
58	2	2
58	4	5
58	6	1
58	7	1
58	10	2
58	11	3
58	14	2
58	16	3
58	18	4
58	22	2
58	24	1
58	26	4
58	27	1
58	28	4
58	29	4
58	30	3
58	31	8
58	32	2
58	33	5
58	34	4
58	35	9
58	36	6
58	37	5
58	38	4
58	39	1
58	40	6
58	41	7
58	42	6
58	43	4
58	44	4
58	45	6
58	46	10
58	47	5
58	48	3
58	49	3
58	50	4
58	51	6
58	52	5
58	53	3
58	54	5
58	55	6
58	56	3
58	57	10
59	1	4
59	2	6
59	3	3
59	4	2
59	5	2
59	6	2
59	8	1
59	9	4
59	10	5
59	11	3
59	12	4
59	13	3
59	14	3
59	15	4
59	17	2
59	18	2
59	19	7
59	20	3
59	22	2
59	23	4
59	24	9
59	25	8
59	27	3
59	28	7
59	29	1
59	30	2
59	31	4
59	32	3
59	33	4
59	34	3
59	35	3
59	36	10
59	37	5
59	38	8
59	39	4
59	40	7
59	41	8
59	42	2
59	43	3
59	44	6
59	45	2
59	46	7
59	47	5
59	48	5
59	49	5
59	50	5
59	51	9
59	52	11
59	53	5
59	54	16
59	55	9
59	56	2
59	57	5
59	58	3
60	0	4
60	1	2
60	2	2
60	3	2
60	4	3
60	7	1
60	8	4
60	10	4
60	11	2
60	12	4
60	13	2
60	14	2
60	15	3
60	17	3
60	18	4
60	19	1
60	20	4
60	23	2
60	24	10
60	25	1
60	26	4
60	27	3
60	28	5
60	29	3
60	30	5
60	31	5
60	32	1
60	33	3
60	34	2
60	35	5
60	36	14
60	37	7
60	38	6
60	39	4
60	40	1
60	41	4
60	43	1
60	44	2
60	45	4
60	46	9
60	47	9
60	48	2
60	49	4
60	50	5
60	51	1
60	52	4
60	53	6
60	55	4
60	56	5
60	57	3
60	58	10
60	59	11
