1	0	7
2	0	1
2	1	6
3	0	2
3	1	3
3	2	6
4	0	2
4	1	6
4	2	7
4	3	22
5	0	2
5	1	2
5	2	6
5	3	4
5	4	3
6	0	6
6	1	2
6	2	1
6	3	1
6	4	7
6	5	4
7	0	6
7	1	4
7	3	3
7	4	3
7	5	4
7	6	8
8	0	4
8	1	7
8	2	6
8	3	1
8	4	2
8	5	5
8	6	4
8	7	6
9	0	3
9	1	8
9	2	2
9	3	3
9	5	5
9	6	6
9	7	8
9	8	11
10	0	2
10	1	7
10	2	4
10	3	6
10	4	3
10	5	6
10	6	8
10	7	12
10	8	6
10	9	12
11	0	3
11	1	3
11	3	3
11	4	9
11	6	7
11	7	6
11	8	7
11	9	11
11	10	15
12	0	6
12	1	7
12	2	8
12	3	3
12	4	7
12	5	8
12	6	11
12	7	3
12	8	10
12	9	11
12	10	10
12	11	4
13	0	4
13	1	9
13	2	10
13	3	8
13	4	2
13	5	4
13	6	6
13	7	3
13	8	9
13	9	14
13	10	6
13	11	8
13	12	14
14	0	3
14	1	2
14	2	7
14	3	6
14	4	5
14	5	2
14	6	1
14	7	3
14	8	6
14	9	7
14	10	9
14	11	7
14	12	6
14	13	8
15	0	6
15	1	13
15	2	8
15	3	8
15	4	6
15	5	9
15	6	3
15	7	8
15	8	9
15	9	2
15	10	2
15	11	5
15	12	10
15	13	7
15	14	5
16	0	2
16	2	9
16	3	6
16	4	7
16	5	6
16	6	1
16	7	2
16	8	10
16	9	3
16	10	3
16	11	2
16	12	3
16	13	2
16	14	2
16	15	2
17	0	3
17	1	3
17	2	8
17	3	2
17	4	4
17	5	4
17	6	1
17	7	4
17	8	1
17	9	3
17	10	3
17	11	5
17	12	2
17	13	9
17	14	4
17	15	12
17	16	9
18	1	7
18	2	1
18	3	3
18	4	5
18	5	7
18	6	6
18	7	5
18	8	7
18	9	3
18	10	5
18	11	4
18	12	7
18	13	5
18	14	7
18	15	3
18	17	7
19	0	4
19	1	5
19	2	12
19	3	15
19	4	4
19	5	6
19	6	5
19	7	3
19	8	7
19	9	3
19	10	6
19	11	4
19	12	8
19	13	4
19	14	6
19	15	13
19	16	4
19	17	3
19	18	2
20	0	4
20	1	5
20	2	5
20	3	8
20	4	16
20	5	4
20	6	6
20	7	2
20	8	7
20	9	3
20	10	2
20	11	4
20	12	7
20	13	6
20	14	6
20	15	7
20	16	3
20	17	2
20	18	7
20	19	8
21	0	1
21	1	1
21	2	11
21	3	3
21	4	3
21	5	13
21	6	5
21	7	7
21	8	3
21	9	4
21	10	3
21	11	2
21	12	6
21	13	3
21	14	3
21	15	8
21	16	4
21	17	5
21	18	7
21	19	3
21	20	7
22	1	1
22	2	4
22	3	3
22	4	6
22	5	2
22	6	3
22	7	5
22	8	3
22	9	7
22	10	3
22	11	4
22	12	4
22	13	4
22	14	9
22	15	3
22	16	4
22	17	3
22	18	6
22	19	2
22	20	7
22	21	9
23	0	2
23	1	3
23	2	4
23	3	4
23	4	6
23	5	5
23	7	2
23	8	2
23	9	6
23	10	5
23	12	5
23	13	4
23	14	3
23	15	5
23	17	7
23	18	2
23	19	5
23	20	4
23	21	3
23	22	1
24	1	5
24	2	6
24	4	5
24	5	5
24	6	1
24	7	1
24	8	1
24	9	5
24	10	8
24	11	5
24	12	4
24	13	10
24	14	4
24	15	5
24	16	5
24	17	7
24	18	7
24	19	5
24	20	3
24	21	5
24	22	3
24	23	6
25	0	3
25	1	8
25	2	3
25	3	2
25	4	2
25	5	3
25	6	4
25	7	5
25	8	5
25	9	7
25	10	2
25	11	3
25	12	3
25	13	9
25	14	6
25	15	3
25	16	4
25	17	4
25	18	2
25	19	3
25	20	2
25	21	2
25	22	2
25	23	3
25	24	7
26	1	5
26	2	2
26	4	2
26	5	1
26	7	2
26	8	3
26	10	1
26	11	3
26	12	4
26	14	1
26	15	2
26	18	1
26	19	4
26	20	1
26	23	2
26	24	4
27	1	3
27	2	5
27	3	2
27	4	3
27	5	2
27	7	1
27	8	1
27	9	1
27	10	4
27	11	2
27	13	4
27	14	2
27	15	4
27	17	2
27	18	4
27	19	5
27	23	5
27	24	5
27	25	9
27	26	6
28	0	4
28	1	4
28	2	3
28	3	4
28	4	8
28	5	5
28	6	3
28	7	1
28	8	8
28	9	4
28	10	6
28	11	6
28	12	6
28	13	3
28	14	5
28	15	4
28	16	4
28	17	8
28	18	8
28	19	3
28	20	5
28	21	4
28	22	5
28	23	4
28	24	11
28	25	2
28	26	1
28	27	2
29	0	1
29	1	1
29	2	1
29	4	1
29	5	3
29	7	3
29	10	3
29	13	1
29	14	2
29	20	1
29	23	1
29	24	3
29	25	2
29	26	2
29	27	4
29	28	1
30	1	1
30	3	1
30	5	3
30	7	4
30	8	4
30	9	5
30	10	2
30	11	2
30	12	2
30	13	5
30	14	1
30	17	2
30	18	2
30	19	3
30	20	2
30	24	2
30	25	1
30	26	3
30	27	6
30	28	2
30	29	5
31	4	3
31	5	1
31	8	3
31	9	2
31	10	2
31	14	2
31	15	2
31	19	4
31	21	3
31	22	1
31	23	1
31	24	2
31	27	2
31	28	2
31	29	7
31	30	9
32	1	2
32	2	3
32	4	1
32	8	2
32	9	1
32	10	3
32	11	3
32	12	2
32	13	2
32	14	3
32	15	1
32	16	2
32	17	2
32	18	5
32	20	2
32	24	3
32	25	1
32	26	3
32	27	5
32	29	4
32	30	6
32	31	7
33	0	1
33	1	3
33	3	5
33	4	2
33	5	3
33	9	3
33	10	5
33	11	2
33	12	5
33	13	3
33	14	5
33	15	2
33	17	3
33	18	2
33	19	2
33	21	4
33	22	2
33	23	3
33	24	3
33	25	4
33	26	2
33	27	5
33	28	3
33	29	7
33	30	8
33	31	1
33	32	6
34	1	3
34	2	2
34	3	2
34	4	2
34	5	4
34	6	2
34	9	1
34	10	5
34	11	6
34	12	1
34	13	2
34	15	5
34	16	2
34	17	1
34	18	1
34	19	4
34	20	3
34	21	1
34	23	4
34	25	6
34	26	3
34	27	4
34	28	2
34	29	6
34	30	2
34	31	4
34	32	5
34	33	9
35	0	1
35	1	3
35	2	1
35	3	1
35	4	1
35	5	6
35	6	1
35	8	2
35	9	1
35	10	4
35	11	6
35	12	3
35	13	4
35	14	3
35	15	3
35	17	4
35	18	4
35	19	1
35	20	3
35	21	1
35	22	2
35	23	1
35	24	2
35	25	3
35	27	6
35	28	7
35	29	8
35	30	5
35	31	15
35	32	11
35	33	14
35	34	9
36	0	2
36	1	1
36	2	5
36	3	2
36	4	2
36	5	3
36	7	1
36	8	2
36	10	3
36	11	1
36	12	2
36	13	2
36	14	2
36	15	4
36	16	2
36	18	2
36	23	5
36	24	9
36	25	1
36	26	4
36	27	4
36	28	4
36	29	3
36	30	3
36	31	2
36	32	1
36	33	3
36	34	7
36	35	3
37	0	1
37	1	5
37	3	2
37	4	3
37	7	2
37	8	5
37	9	2
37	10	2
37	11	2
37	12	2
37	13	3
37	14	6
37	15	2
37	18	1
37	19	3
37	20	5
37	21	2
37	24	5
37	25	1
37	26	4
37	27	2
37	29	3
37	30	4
37	31	2
37	32	4
37	33	2
37	34	5
37	35	10
37	36	5
38	1	2
38	2	1
38	3	2
38	4	6
38	5	1
38	6	3
38	7	3
38	8	1
38	9	3
38	10	7
38	11	8
38	12	2
38	13	5
38	14	2
38	15	3
38	16	4
38	17	1
38	18	5
38	19	4
38	20	4
38	21	1
38	22	3
38	23	3
38	24	3
38	26	3
38	27	1
38	28	7
38	29	4
38	30	3
38	31	2
38	32	2
38	33	3
38	34	8
38	35	6
38	36	5
38	37	11
39	0	3
39	1	2
39	2	4
39	3	5
39	4	2
39	5	4
39	6	3
39	7	4
39	8	4
39	10	3
39	11	2
39	12	9
39	13	1
39	14	4
39	18	3
39	19	1
39	20	3
39	21	1
39	22	2
39	23	2
39	24	5
39	25	3
39	26	4
39	27	1
39	28	9
39	29	3
39	30	2
39	31	3
39	32	4
39	33	2
39	34	2
39	36	3
39	37	5
39	38	9
40	0	1
40	1	1
40	2	5
40	3	1
40	4	1
40	5	1
40	6	6
40	7	4
40	8	4
40	9	2
40	10	8
40	11	5
40	12	7
40	13	2
40	14	8
40	15	3
40	16	1
40	17	1
40	18	6
40	19	7
40	20	3
40	21	2
40	22	5
40	23	4
40	24	4
40	25	6
40	26	1
40	27	5
40	28	8
40	29	5
40	30	4
40	31	3
40	32	4
40	33	3
40	34	7
40	35	8
40	36	3
40	37	6
40	38	14
40	39	8
41	1	2
41	4	1
41	5	5
41	7	1
41	8	1
41	9	8
41	10	3
41	11	2
41	12	6
41	13	1
41	14	4
41	15	4
41	16	3
41	18	2
41	24	5
41	25	3
41	26	1
41	27	2
41	28	6
41	29	2
41	30	1
41	31	4
41	32	7
41	33	6
41	34	3
41	35	6
41	36	2
41	37	8
41	38	11
41	39	5
41	40	8
42	0	2
42	1	2
42	2	2
42	3	3
42	4	1
42	5	1
42	6	1
42	10	6
42	12	5
42	13	1
42	14	3
42	15	5
42	17	1
42	18	4
42	19	4
42	24	3
42	25	1
42	26	2
42	28	6
42	29	2
42	30	4
42	31	2
42	32	2
42	33	7
42	34	3
42	35	5
42	36	2
42	37	4
42	38	5
42	39	15
42	40	9
42	41	11
43	0	1
43	1	6
43	2	1
43	3	2
43	4	3
43	5	3
43	8	2
43	9	2
43	10	2
43	11	1
43	12	2
43	13	3
43	14	1
43	15	2
43	17	2
43	18	4
43	21	3
43	22	2
43	23	1
43	24	4
43	25	6
43	26	2
43	27	8
43	28	3
43	29	5
43	30	2
43	31	4
43	32	2
43	33	3
43	34	5
43	35	6
43	36	4
43	37	9
43	38	9
43	39	4
43	40	7
43	41	12
43	42	6
44	3	2
44	4	3
44	7	2
44	8	1
44	10	2
44	18	5
44	20	1
44	21	1
44	23	1
44	24	3
44	25	4
44	26	2
44	27	1
44	28	6
44	29	2
44	30	4
44	31	2
44	32	4
44	33	5
44	34	1
44	35	2
44	36	1
44	37	10
44	38	7
44	39	9
44	40	1
44	41	6
44	42	6
44	43	6
45	3	2
45	5	1
45	9	1
45	11	4
45	15	2
45	20	3
45	23	1
45	24	2
45	25	2
45	26	1
45	27	1
45	28	6
45	29	2
45	30	6
45	31	6
45	32	4
45	33	8
45	34	3
45	35	7
45	36	2
45	37	5
45	38	9
45	39	4
45	40	4
45	41	7
45	42	4
45	43	5
45	44	4
46	0	1
46	1	4
46	2	1
46	3	1
46	4	2
46	8	2
46	10	4
46	11	2
46	13	5
46	14	4
46	15	4
46	18	4
46	22	3
46	23	2
46	24	3
46	25	2
46	26	3
46	27	2
46	28	3
46	29	5
46	30	6
46	31	8
46	32	5
46	33	4
46	34	2
46	35	17
46	36	3
46	37	7
46	38	4
46	39	4
46	40	3
46	41	7
46	42	6
46	43	10
46	44	4
46	45	11
47	1	3
47	2	1
47	3	1
47	4	4
47	9	3
47	10	3
47	12	3
47	13	1
47	15	2
47	16	1
47	18	1
47	20	2
47	21	2
47	23	1
47	24	3
47	25	2
47	26	2
47	27	6
47	28	2
47	29	5
47	30	1
47	31	3
47	32	5
47	33	5
47	34	5
47	35	12
47	36	6
47	37	1
47	38	6
47	39	4
47	40	3
47	41	6
47	42	3
47	43	3
47	44	5
47	45	5
47	46	10
48	1	2
48	2	5
48	3	2
48	4	1
48	5	3
48	6	3
48	7	1
48	8	5
48	9	3
48	10	5
48	11	4
48	12	3
48	13	4
48	14	8
48	15	3
48	16	2
48	18	4
48	19	4
48	20	4
48	21	3
48	22	5
48	23	4
48	24	11
48	25	7
48	26	2
48	27	3
48	28	3
48	29	2
48	30	6
48	31	4
48	32	2
48	33	6
48	34	9
48	35	3
48	36	10
48	37	2
48	38	4
48	39	1
48	40	4
48	41	1
48	42	3
48	43	3
48	44	1
48	45	2
48	46	1
48	47	2
49	0	2
49	1	4
49	2	1
49	3	2
49	4	3
49	5	5
49	6	5
49	7	5
49	8	8
49	9	2
49	10	4
49	11	1
49	12	3
49	13	5
49	14	5
49	15	2
49	16	1
49	17	3
49	18	4
49	19	3
49	20	2
49	21	1
49	22	1
49	23	3
49	24	10
49	25	5
49	26	5
49	27	7
49	28	4
49	29	2
49	30	4
49	31	5
49	32	6
49	33	2
49	34	11
49	35	5
49	36	12
49	37	7
49	38	8
49	39	4
49	40	7
49	41	3
49	42	3
49	43	6
49	44	4
49	45	4
49	46	6
49	47	2
49	48	14
50	0	2
50	1	4
50	2	1
50	3	1
50	4	6
50	7	3
50	8	4
50	9	3
50	10	2
50	12	3
50	13	4
50	14	1
50	19	3
50	20	1
50	21	2
50	23	3
50	24	8
50	25	4
50	26	7
50	27	8
50	28	4
50	29	6
50	30	2
50	31	4
50	32	3
50	33	8
50	34	8
50	35	7
50	36	4
50	37	5
50	38	7
50	39	7
50	40	3
50	41	1
50	43	1
50	46	8
50	47	3
50	48	6
50	49	9
51	1	1
51	2	3
51	3	1
51	4	5
51	5	4
51	6	2
51	7	1
51	8	2
51	9	2
51	10	2
51	11	3
51	12	6
51	13	5
51	14	4
51	15	3
51	18	4
51	19	4
51	20	4
51	21	2
51	22	4
51	23	5
51	24	4
51	25	6
51	26	4
51	27	5
51	28	3
51	29	4
51	30	3
51	31	1
51	32	9
51	33	5
51	34	8
51	35	7
51	36	11
51	37	4
51	38	14
51	39	7
51	40	10
51	41	2
51	42	7
51	43	5
51	44	3
51	45	6
51	46	6
51	47	6
51	48	8
51	49	14
51	50	7
52	1	1
52	2	5
52	3	4
52	4	3
52	5	2
52	7	3
52	8	3
52	9	1
52	10	2
52	12	1
52	14	1
52	15	4
52	16	1
52	17	2
52	18	4
52	19	1
52	20	3
52	21	4
52	22	1
52	23	2
52	24	6
52	25	1
52	26	5
52	27	2
52	28	5
52	29	3
52	30	5
52	31	3
52	32	1
52	33	6
52	34	6
52	35	6
52	36	8
52	37	3
52	38	8
52	39	6
52	40	6
52	41	3
52	42	6
52	43	2
52	44	5
52	45	5
52	46	2
52	47	2
52	48	3
52	49	11
52	50	3
52	51	8
53	1	5
53	2	3
53	3	2
53	4	3
53	5	1
53	6	2
53	7	3
53	8	3
53	9	5
53	10	5
53	11	9
53	12	3
53	13	5
53	14	7
53	15	3
53	16	1
53	17	2
53	18	5
53	19	1
53	20	5
53	21	6
53	22	1
53	23	2
53	24	7
53	25	4
53	26	1
53	27	4
53	28	6
53	30	5
53	31	5
53	32	3
53	33	4
53	34	6
53	35	5
53	36	2
53	37	8
53	38	12
53	39	2
53	40	10
53	41	7
53	42	4
53	43	4
53	44	6
53	45	7
53	46	3
53	47	2
53	48	8
53	49	9
53	50	4
53	51	13
53	52	8
54	1	1
54	2	7
54	3	4
54	5	1
54	8	4
54	9	1
54	10	5
54	11	2
54	12	2
54	13	5
54	14	1
54	16	1
54	17	1
54	18	3
54	19	1
54	20	2
54	21	3
54	22	2
54	23	5
54	24	2
54	25	6
54	26	2
54	27	1
54	28	5
54	29	4
54	30	1
54	31	3
54	32	3
54	33	3
54	34	8
54	35	5
54	37	1
54	38	8
54	39	4
54	40	3
54	41	2
54	42	5
54	43	7
54	44	1
54	45	1
54	46	4
54	47	3
54	48	4
54	49	7
54	50	3
54	51	1
54	52	12
54	53	3
55	1	3
55	2	4
55	3	3
55	4	2
55	5	5
55	6	2
55	7	1
55	8	3
55	10	3
55	11	6
55	12	2
55	13	1
55	14	9
55	15	6
55	16	2
55	17	3
55	18	10
55	19	3
55	20	4
55	21	10
55	22	3
55	23	3
55	24	10
55	25	3
55	26	3
55	27	2
55	28	11
55	29	4
55	30	2
55	31	2
55	32	4
55	33	1
55	34	6
55	35	5
55	36	3
55	37	3
55	38	15
55	39	7
55	40	7
55	41	7
55	42	2
55	43	6
55	44	1
55	45	4
55	46	6
55	47	2
55	48	5
55	49	6
55	50	5
55	51	8
55	52	11
55	53	13
55	54	14
56	1	3
56	2	4
56	3	4
56	4	4
56	5	3
56	8	2
56	9	3
56	10	3
56	11	4
56	12	7
56	13	1
56	15	1
56	18	2
56	19	5
56	20	2
56	21	1
56	22	5
56	24	2
56	25	2
56	26	1
56	27	3
56	28	8
56	30	4
56	31	1
56	32	3
56	33	1
56	34	2
56	35	5
56	36	1
56	37	4
56	38	16
56	39	9
56	40	3
56	41	3
56	42	5
56	43	3
56	44	7
56	45	6
56	46	1
56	47	1
56	48	5
56	49	4
56	50	2
56	51	9
56	52	15
56	53	8
56	54	5
56	55	10
57	0	2
57	1	3
57	3	1
57	4	1
57	6	1
57	8	2
57	9	1
57	10	2
57	11	4
57	12	2
57	13	3
57	14	1
57	15	1
57	18	4
57	20	5
57	22	5
57	23	4
57	24	5
57	25	4
57	26	3
57	27	2
57	28	5
57	29	4
57	30	2
57	31	1
57	32	7
57	33	5
57	34	3
57	35	9
57	36	3
57	37	4
57	38	6
57	39	3
57	40	2
57	41	2
57	42	5
57	43	1
57	44	1
57	45	3
57	46	4
57	47	5
57	48	2
57	49	10
57	50	6
57	51	4
57	52	4
57	53	4
57	54	4
57	55	4
57	56	5
58	0	1
58	1	3
58	2	2
58	3	1
58	4	2
58	6	1
58	7	1
58	9	3
58	10	3
58	11	2
58	16	1
58	17	1
58	18	4
58	20	2
58	23	1
58	24	3
58	25	4
58	26	2
58	27	1
58	28	1
58	30	5
58	31	1
58	32	3
58	33	5
58	34	5
58	35	11
58	36	7
58	37	8
58	38	7
58	39	1
58	40	2
58	41	2
58	42	2
58	43	8
58	44	3
58	45	6
58	46	7
58	47	8
58	48	3
58	49	7
58	50	3
58	51	9
58	52	6
58	53	8
58	54	6
58	55	4
58	56	5
58	57	9
59	1	5
59	3	1
59	4	6
59	5	3
59	6	2
59	8	4
59	9	1
59	10	7
59	11	4
59	12	4
59	13	4
59	14	3
59	15	1
59	16	2
59	17	1
59	18	1
59	19	4
59	21	1
59	22	8
59	23	5
59	24	5
59	25	3
59	26	3
59	27	7
59	28	4
59	29	4
59	30	2
59	31	1
59	32	4
59	33	7
59	34	4
59	35	6
59	36	6
59	37	1
59	38	13
59	39	2
59	40	3
59	41	2
59	42	6
59	43	3
59	44	6
59	45	2
59	46	3
59	47	2
59	48	3
59	49	5
59	50	2
59	51	11
59	52	16
59	53	3
59	54	10
59	55	8
59	56	2
59	57	12
59	58	5
60	0	2
60	2	2
60	3	3
60	4	8
60	7	1
60	8	1
60	10	3
60	11	4
60	12	4
60	13	4
60	14	3
60	15	3
60	19	2
60	20	1
60	23	1
60	24	4
60	25	2
60	26	4
60	27	5
60	28	4
60	29	2
60	30	2
60	31	4
60	32	4
60	33	4
60	34	7
60	35	5
60	36	4
60	37	4
60	38	3
60	39	4
60	40	2
60	41	2
60	42	2
60	43	3
60	44	2
60	45	3
60	46	3
60	47	9
60	48	6
60	49	2
60	50	2
60	51	4
60	52	7
60	53	3
60	54	2
60	55	6
60	56	3
60	57	8
60	58	8
60	59	7
