1	0	1
2	0	3
2	1	2
3	0	2
3	1	5
3	2	8
4	0	2
4	1	2
4	2	14
4	3	10
5	1	4
5	2	6
5	3	6
5	4	3
6	0	1
6	1	3
6	2	2
6	3	1
6	4	7
6	5	11
7	0	1
7	1	2
7	2	4
7	4	3
7	5	5
7	6	7
8	0	5
8	1	6
8	2	1
8	3	2
8	4	6
8	5	6
8	6	5
8	7	13
9	0	4
9	1	2
9	2	2
9	3	4
9	4	4
9	5	6
9	6	2
9	7	11
9	8	10
10	0	4
10	1	3
10	2	2
10	3	1
10	4	5
10	5	7
10	6	9
10	7	8
10	8	3
10	9	10
11	0	2
11	1	5
11	2	6
11	3	3
11	4	4
11	5	3
11	6	3
11	7	2
11	8	6
11	9	11
11	10	8
12	1	10
12	2	7
12	3	3
12	4	3
12	5	3
12	6	10
12	7	5
12	8	14
12	9	10
12	10	11
12	11	7
13	0	10
13	1	8
13	2	12
13	3	2
13	4	7
13	5	3
13	6	5
13	7	7
13	8	8
13	9	13
13	10	11
13	11	10
13	12	12
14	0	3
14	1	4
14	2	9
14	3	2
14	4	6
14	5	5
14	6	2
14	7	1
14	8	15
14	9	2
14	10	11
14	11	12
14	12	11
14	13	10
15	0	4
15	1	10
15	2	2
15	3	6
15	4	8
15	5	5
15	6	4
15	7	3
15	8	10
15	9	3
15	10	4
15	11	4
15	12	13
15	13	15
15	14	12
16	0	1
16	1	2
16	2	14
16	3	6
16	4	3
16	5	7
16	6	1
16	7	5
16	8	4
16	9	3
16	10	1
16	11	4
16	12	4
16	13	4
16	14	3
16	15	10
17	0	5
17	1	1
17	2	9
17	3	4
17	4	6
17	5	2
17	6	2
17	7	4
17	8	5
17	9	2
17	10	2
17	11	3
17	12	5
17	13	4
17	14	1
17	15	6
17	16	6
18	0	3
18	1	3
18	2	5
18	3	7
18	4	5
18	5	8
18	6	2
18	7	4
18	8	6
18	9	12
18	10	7
18	11	7
18	12	9
18	13	3
18	14	5
18	15	6
18	16	1
18	17	3
19	0	2
19	1	7
19	2	15
19	3	7
19	4	7
19	5	2
19	6	2
19	7	5
19	8	3
19	9	4
19	10	4
19	11	1
19	12	4
19	13	4
19	14	14
19	15	7
19	16	1
19	17	2
20	0	4
20	1	3
20	2	8
20	3	8
20	4	12
20	5	5
20	6	4
20	7	4
20	8	7
20	9	2
20	10	5
20	11	1
20	12	3
20	13	6
20	14	9
20	15	3
20	16	3
20	17	3
20	18	4
20	19	5
21	0	4
21	1	4
21	2	6
21	3	4
21	4	4
21	5	6
21	6	3
21	7	3
21	8	4
21	9	3
21	10	1
21	11	2
21	12	4
21	13	3
21	14	5
21	15	7
21	16	5
21	17	5
21	18	4
21	19	3
21	20	5
22	2	8
22	3	4
22	4	7
22	5	3
22	7	1
22	8	5
22	9	3
22	10	1
22	11	3
22	12	6
22	13	4
22	14	3
22	15	11
22	16	3
22	17	1
22	18	3
22	19	1
22	20	7
22	21	14
23	0	1
23	1	3
23	2	1
23	3	3
23	4	7
23	5	4
23	8	1
23	9	2
23	10	2
23	11	4
23	12	1
23	13	6
23	14	2
23	15	4
23	17	1
23	18	1
23	19	1
23	20	8
23	21	2
23	22	4
24	1	9
24	2	3
24	3	4
24	4	5
24	5	3
24	6	4
24	7	3
24	8	3
24	9	4
24	10	5
24	11	2
24	12	4
24	13	2
24	14	9
24	15	7
24	17	4
24	18	3
24	19	5
24	20	4
24	21	4
24	22	3
24	23	10
25	0	1
25	1	7
25	2	3
25	3	3
25	4	3
25	5	5
25	6	3
25	7	5
25	8	4
25	9	7
25	10	6
25	11	6
25	12	4
25	13	12
25	14	3
25	15	3
25	16	3
25	17	3
25	18	3
25	19	3
25	20	4
25	21	4
25	22	1
25	23	1
25	24	6
26	0	1
26	1	2
26	4	4
26	5	1
26	7	1
26	8	2
26	10	2
26	11	5
26	12	2
26	13	1
26	14	1
26	15	4
26	16	1
26	17	2
26	18	1
26	19	2
26	20	3
26	25	2
27	0	1
27	1	2
27	2	1
27	3	2
27	4	1
27	5	4
27	6	3
27	7	1
27	9	2
27	10	5
27	11	2
27	12	2
27	13	5
27	14	2
27	15	2
27	17	3
27	18	4
27	19	2
27	22	1
27	23	5
27	24	4
27	25	7
27	26	9
28	0	3
28	1	3
28	2	4
28	3	6
28	4	1
28	5	11
28	6	7
28	7	2
28	8	5
28	9	2
28	10	2
28	11	5
28	12	4
28	13	7
28	14	5
28	15	6
28	17	6
28	18	3
28	19	7
28	20	7
28	21	4
28	22	5
28	23	2
28	24	2
28	25	3
28	26	1
28	27	5
29	0	2
29	1	2
29	2	1
29	4	3
29	5	2
29	7	1
29	8	2
29	10	2
29	12	1
29	13	2
29	14	3
29	16	2
29	18	1
29	19	1
29	23	4
29	24	1
29	25	2
29	26	1
29	27	1
30	1	6
30	3	2
30	7	3
30	8	3
30	9	1
30	10	4
30	11	5
30	12	2
30	14	4
30	17	1
30	18	2
30	19	1
30	20	2
30	22	3
30	24	3
30	25	3
30	26	2
30	27	8
30	28	2
30	29	9
31	4	3
31	5	4
31	8	3
31	9	1
31	10	2
31	11	5
31	14	1
31	19	2
31	23	1
31	24	2
31	27	2
31	28	5
31	29	7
31	30	9
32	1	3
32	2	5
32	4	1
32	8	4
32	9	2
32	10	3
32	11	3
32	12	2
32	14	1
32	15	1
32	18	1
32	22	4
32	23	1
32	24	4
32	25	3
32	26	1
32	27	4
32	28	4
32	29	6
32	30	8
32	31	6
33	0	1
33	1	3
33	2	1
33	3	3
33	4	3
33	8	4
33	9	1
33	10	3
33	11	3
33	12	3
33	13	5
33	14	1
33	15	2
33	17	2
33	18	3
33	19	1
33	21	2
33	22	3
33	23	1
33	24	7
33	25	5
33	26	5
33	27	6
33	28	3
33	29	7
33	30	6
33	31	5
33	32	14
34	1	4
34	2	5
34	4	4
34	6	1
34	9	5
34	10	4
34	11	7
34	12	3
34	13	3
34	14	3
34	15	5
34	16	1
34	18	4
34	19	5
34	20	1
34	21	5
34	22	3
34	23	2
34	24	4
34	25	4
34	26	1
34	27	4
34	28	3
34	29	5
34	30	4
34	31	2
34	32	3
34	33	10
35	0	1
35	1	4
35	2	1
35	3	1
35	4	4
35	5	2
35	6	1
35	8	3
35	9	4
35	10	5
35	11	4
35	13	4
35	14	1
35	15	2
35	17	3
35	18	5
35	19	2
35	20	5
35	21	8
35	22	3
35	23	2
35	24	4
35	25	2
35	26	7
35	27	3
35	28	3
35	29	5
35	30	9
35	31	5
35	32	12
35	33	13
35	34	7
36	0	2
36	1	1
36	2	1
36	3	2
36	4	4
36	5	2
36	6	1
36	7	2
36	8	1
36	10	3
36	11	4
36	12	2
36	13	3
36	14	2
36	15	4
36	16	2
36	18	2
36	23	2
36	25	5
36	26	5
36	27	2
36	28	1
36	29	3
36	31	2
36	32	3
36	33	4
36	34	6
36	35	7
37	0	1
37	1	1
37	2	4
37	4	3
37	5	2
37	6	4
37	7	3
37	8	4
37	9	3
37	10	4
37	11	6
37	12	5
37	13	3
37	14	4
37	18	4
37	19	1
37	20	1
37	21	1
37	24	2
37	25	4
37	26	4
37	27	4
37	28	2
37	29	2
37	30	5
37	31	4
37	32	6
37	33	8
37	34	6
37	35	9
37	36	8
38	1	4
38	2	3
38	3	4
38	4	5
38	5	5
38	6	2
38	7	1
38	8	6
38	9	2
38	11	4
38	12	4
38	13	3
38	14	3
38	15	3
38	16	1
38	17	1
38	18	2
38	19	2
38	20	2
38	21	4
38	23	1
38	24	3
38	25	2
38	27	6
38	28	6
38	29	3
38	30	5
38	31	7
38	32	6
38	33	6
38	34	7
38	35	4
38	36	8
38	37	9
39	0	3
39	1	1
39	2	6
39	3	2
39	4	6
39	5	1
39	6	1
39	8	2
39	10	4
39	11	4
39	12	7
39	13	3
39	14	1
39	15	1
39	16	2
39	18	2
39	19	2
39	20	3
39	21	4
39	22	1
39	23	2
39	24	4
39	25	1
39	26	4
39	27	3
39	28	9
39	30	1
39	31	1
39	32	4
39	33	2
39	34	5
39	35	5
39	36	1
39	37	5
39	38	13
40	1	6
40	2	1
40	3	2
40	5	1
40	6	1
40	7	4
40	8	3
40	9	4
40	10	6
40	11	10
40	12	5
40	13	2
40	14	5
40	15	5
40	16	2
40	17	2
40	18	6
40	19	1
40	20	3
40	21	1
40	22	3
40	23	2
40	24	3
40	25	4
40	26	6
40	27	3
40	28	9
40	29	5
40	30	3
40	31	6
40	32	3
40	33	7
40	34	6
40	35	7
40	36	1
40	37	15
40	38	9
40	39	7
41	1	3
41	4	2
41	5	4
41	6	2
41	7	2
41	8	2
41	9	3
41	10	3
41	11	5
41	12	4
41	13	3
41	18	2
41	20	2
41	22	3
41	24	1
41	25	6
41	26	3
41	27	2
41	28	3
41	29	4
41	30	3
41	31	6
41	32	3
41	33	1
41	34	3
41	35	2
41	36	1
41	37	6
41	38	3
41	39	6
41	40	7
42	0	3
42	1	2
42	2	1
42	4	5
42	5	5
42	6	1
42	8	2
42	9	2
42	10	5
42	12	4
42	13	3
42	14	2
42	15	4
42	17	1
42	18	4
42	19	3
42	20	5
42	24	2
42	25	4
42	26	3
42	27	2
42	28	4
42	29	1
42	30	3
42	31	2
42	32	5
42	33	4
42	34	4
42	35	6
42	36	3
42	37	4
42	38	8
42	39	14
42	40	6
42	41	10
43	0	1
43	1	1
43	2	2
43	3	1
43	4	7
43	9	4
43	10	2
43	11	2
43	12	2
43	13	4
43	14	1
43	15	1
43	18	2
43	20	2
43	21	3
43	22	3
43	23	3
43	24	2
43	25	2
43	26	3
43	27	2
43	28	2
43	29	3
43	30	2
43	31	4
43	32	7
43	33	5
43	34	5
43	35	2
43	36	5
43	37	8
43	38	7
43	39	10
43	40	3
43	41	13
43	42	7
44	4	2
44	5	2
44	8	2
44	9	1
44	10	4
44	11	3
44	19	2
44	20	1
44	21	3
44	23	6
44	24	1
44	25	3
44	27	4
44	28	3
44	29	3
44	30	5
44	31	3
44	32	5
44	34	4
44	35	3
44	36	7
44	37	6
44	38	8
44	39	6
44	40	1
44	41	4
44	42	7
44	43	11
45	0	1
45	2	5
45	3	3
45	5	1
45	6	1
45	9	2
45	10	4
45	15	3
45	16	1
45	19	1
45	20	2
45	22	2
45	23	4
45	24	3
45	25	2
45	27	3
45	28	3
45	29	5
45	30	4
45	31	5
45	32	3
45	33	5
45	34	3
45	35	5
45	36	5
45	37	4
45	38	10
45	39	4
45	40	5
45	41	3
45	42	3
45	43	14
46	0	1
46	1	1
46	2	1
46	4	2
46	8	2
46	10	2
46	11	5
46	14	4
46	15	1
46	18	1
46	22	4
46	23	1
46	24	2
46	25	6
46	26	4
46	27	4
46	28	2
46	29	8
46	30	2
46	31	9
46	32	3
46	33	13
46	34	1
46	35	9
46	36	5
46	37	5
46	38	5
46	39	2
46	40	5
46	41	7
46	42	4
46	43	6
46	44	3
46	45	8
47	1	4
47	2	1
47	3	1
47	4	2
47	9	2
47	10	5
47	11	3
47	12	1
47	13	3
47	15	3
47	18	5
47	20	3
47	21	7
47	23	3
47	24	3
47	25	3
47	26	6
47	27	3
47	28	5
47	29	7
47	30	4
47	31	3
47	32	1
47	33	6
47	34	7
47	35	22
47	36	4
47	37	3
47	38	1
47	39	2
47	40	2
47	41	2
47	42	1
47	43	2
47	44	2
47	45	5
47	46	8
48	1	3
48	3	4
48	4	4
48	5	1
48	6	2
48	7	2
48	8	5
48	9	2
48	10	8
48	11	14
48	12	1
48	13	7
48	14	3
48	15	2
48	18	4
48	19	1
48	20	2
48	21	1
48	22	3
48	23	3
48	24	10
48	25	11
48	26	3
48	27	3
48	28	1
48	30	4
48	31	4
48	32	2
48	33	8
48	34	5
48	35	2
48	36	5
48	37	2
48	38	5
48	39	2
48	40	11
48	41	4
48	42	3
48	43	1
48	44	2
48	45	1
48	46	1
48	47	2
49	0	4
49	1	7
49	2	5
49	3	4
49	4	3
49	5	6
49	6	3
49	7	5
49	8	4
49	9	4
49	10	6
49	11	8
49	12	4
49	13	6
49	14	5
49	15	4
49	17	4
49	18	4
49	19	6
49	20	6
49	21	1
49	22	3
49	23	8
49	24	7
49	25	5
49	26	10
49	27	3
49	28	4
49	29	3
49	30	1
49	31	4
49	32	8
49	33	5
49	34	7
49	35	14
49	36	10
49	37	8
49	38	7
49	39	5
49	40	8
49	42	4
49	43	7
49	44	5
49	45	1
49	46	4
49	47	6
49	48	13
50	0	2
50	1	4
50	2	2
50	4	4
50	8	1
50	9	5
50	10	1
50	12	1
50	13	2
50	14	2
50	15	4
50	18	1
50	19	2
50	20	1
50	21	2
50	23	2
50	24	6
50	25	5
50	26	4
50	27	2
50	28	1
50	29	2
50	30	3
50	32	2
50	33	7
50	34	2
50	35	4
50	36	7
50	37	5
50	38	2
50	39	4
50	40	5
50	41	1
50	42	3
50	43	4
50	45	2
50	46	3
50	47	5
50	48	10
50	49	15
51	1	3
51	2	2
51	3	4
51	4	3
51	5	3
51	6	2
51	7	1
51	8	3
51	9	3
51	10	4
51	11	1
51	12	3
51	13	5
51	14	2
51	15	3
51	18	8
51	19	1
51	20	2
51	21	4
51	22	3
51	23	1
51	24	9
51	25	6
51	26	1
51	27	3
51	28	8
51	29	3
51	30	2
51	31	4
51	32	5
51	33	5
51	34	12
51	35	8
51	36	6
51	37	2
51	38	15
51	39	5
51	40	5
51	41	4
51	42	5
51	43	2
51	44	7
51	45	7
51	46	1
51	47	2
51	48	5
51	49	10
51	50	2
52	1	7
52	2	2
52	3	2
52	4	5
52	5	1
52	7	5
52	8	5
52	9	2
52	10	1
52	11	5
52	12	1
52	14	4
52	15	4
52	16	2
52	17	2
52	18	6
52	19	1
52	21	4
52	22	2
52	23	6
52	24	8
52	25	6
52	26	1
52	27	4
52	28	10
52	29	4
52	30	1
52	31	1
52	32	2
52	33	7
52	34	6
52	35	5
52	36	12
52	37	6
52	38	12
52	39	6
52	40	10
52	42	4
52	43	5
52	44	5
52	45	2
52	46	6
52	47	5
52	48	2
52	49	11
52	50	4
52	51	5
53	1	3
53	2	4
53	3	4
53	4	5
53	5	7
53	6	5
53	7	4
53	8	5
53	9	5
53	10	4
53	11	3
53	12	5
53	13	2
53	14	3
53	15	4
53	16	1
53	17	3
53	19	3
53	20	1
53	21	2
53	22	3
53	23	4
53	24	4
53	25	2
53	26	1
53	27	5
53	28	7
53	29	6
53	30	3
53	31	2
53	32	6
53	33	4
53	34	5
53	35	5
53	36	1
53	37	9
53	38	18
53	39	9
53	40	9
53	41	5
53	42	12
53	43	9
53	44	4
53	45	6
53	46	3
53	47	1
53	48	9
53	49	8
53	50	4
53	51	10
53	52	6
54	0	2
54	1	2
54	2	2
54	3	9
54	4	6
54	5	2
54	8	3
54	9	3
54	10	1
54	11	2
54	12	2
54	13	5
54	14	4
54	15	2
54	16	1
54	17	1
54	18	6
54	19	2
54	20	2
54	22	1
54	23	5
54	24	4
54	25	1
54	26	4
54	27	2
54	28	3
54	29	3
54	30	5
54	32	2
54	34	4
54	35	7
54	36	5
54	37	1
54	38	6
54	39	2
54	40	7
54	41	2
54	42	3
54	43	1
54	44	3
54	45	4
54	46	2
54	48	1
54	49	6
54	50	1
54	51	5
54	52	7
54	53	4
55	2	1
55	3	3
55	4	6
55	5	2
55	6	3
55	7	3
55	8	3
55	9	2
55	10	3
55	11	6
55	12	10
55	13	5
55	14	2
55	15	1
55	16	6
55	17	2
55	18	5
55	19	2
55	20	4
55	21	1
55	22	3
55	23	2
55	24	11
55	25	1
55	26	8
55	27	1
55	28	13
55	29	1
55	30	4
55	31	5
55	32	3
55	33	7
55	34	4
55	35	5
55	36	2
55	37	3
55	38	8
55	39	6
55	40	6
55	41	5
55	42	5
55	43	4
55	44	1
55	45	8
55	46	6
55	47	5
55	48	4
55	49	7
55	50	2
55	51	10
55	52	13
55	53	11
55	54	12
56	0	2
56	1	1
56	2	2
56	3	3
56	4	1
56	5	3
56	8	3
56	9	2
56	10	3
56	11	2
56	12	1
56	13	1
56	14	7
56	15	3
56	16	4
56	18	3
56	19	3
56	20	2
56	21	2
56	22	6
56	23	4
56	24	1
56	25	9
56	26	4
56	27	2
56	28	9
56	30	3
56	31	3
56	32	4
56	33	6
56	34	5
56	35	4
56	36	5
56	37	2
56	38	9
56	39	9
56	40	9
56	41	5
56	42	5
56	43	9
56	44	11
56	45	3
56	46	1
56	47	1
56	48	2
56	49	7
56	50	1
56	51	3
56	52	8
56	53	5
56	54	10
56	55	11
57	0	2
57	1	3
57	2	1
57	3	1
57	4	2
57	6	1
57	8	1
57	9	3
57	10	1
57	11	4
57	12	1
57	13	6
57	14	2
57	15	2
57	16	1
57	18	2
57	19	2
57	20	1
57	23	3
57	24	2
57	25	4
57	26	6
57	27	3
57	28	5
57	30	1
57	31	2
57	32	5
57	33	2
57	34	6
57	35	6
57	36	7
57	37	2
57	38	6
57	39	2
57	40	2
57	41	7
57	42	3
57	43	4
57	44	3
57	45	4
57	46	5
57	47	4
57	48	1
57	49	12
57	50	4
57	51	5
57	52	13
57	53	4
57	54	7
57	55	4
57	56	3
58	0	1
58	1	4
58	2	2
58	4	1
58	6	3
58	7	1
58	10	1
58	11	3
58	14	1
58	16	1
58	18	3
58	20	1
58	22	2
58	24	5
58	25	1
58	26	2
58	27	2
58	28	5
58	29	3
58	30	2
58	31	4
58	32	4
58	33	4
58	34	5
58	35	9
58	36	12
58	37	2
58	38	7
58	40	3
58	41	2
58	42	4
58	43	7
58	44	4
58	45	6
58	46	7
58	47	3
58	48	2
58	49	7
58	50	6
58	51	9
58	52	4
58	53	2
58	54	6
58	55	8
58	56	1
58	57	12
59	1	4
59	2	3
59	3	4
59	4	8
59	5	4
59	6	4
59	8	3
59	10	4
59	11	2
59	12	1
59	13	3
59	14	8
59	15	4
59	16	2
59	17	1
59	18	4
59	19	4
59	20	6
59	21	2
59	22	3
59	23	7
59	24	6
59	25	5
59	26	4
59	27	3
59	28	4
59	29	3
59	30	3
59	31	7
59	32	2
59	33	5
59	34	3
59	35	4
59	36	10
59	37	5
59	38	5
59	39	5
59	40	4
59	42	7
59	43	4
59	44	6
59	45	5
59	46	3
59	47	1
59	48	4
59	49	5
59	50	5
59	51	6
59	52	15
59	53	6
59	54	13
59	55	8
59	56	8
59	57	7
59	58	4
60	0	1
60	1	3
60	2	2
60	3	2
60	4	1
60	7	1
60	8	2
60	11	4
60	12	5
60	13	2
60	14	4
60	15	7
60	17	1
60	18	3
60	19	1
60	20	3
60	23	2
60	24	7
60	25	3
60	26	10
60	27	8
60	28	6
60	29	1
60	30	3
60	31	2
60	32	7
60	33	6
60	34	2
60	35	8
60	36	2
60	37	5
60	38	7
60	39	4
60	40	3
60	41	2
60	42	3
60	43	4
60	44	4
60	45	5
60	46	4
60	47	9
60	48	2
60	49	9
60	50	2
60	51	5
60	52	3
60	53	5
60	54	3
60	55	6
60	56	6
60	57	8
60	58	14
60	59	7
