1	0	6
2	0	3
2	1	4
3	0	3
3	1	4
3	2	8
4	0	2
4	1	1
4	2	10
4	3	17
5	0	1
5	1	1
5	2	1
5	3	3
5	4	3
6	0	5
6	1	5
6	2	3
6	3	2
6	5	9
7	0	5
7	1	5
7	2	3
7	3	1
7	4	2
7	5	4
7	6	10
8	0	6
8	1	7
8	2	6
8	3	2
8	5	6
8	6	13
8	7	9
9	0	4
9	1	6
9	2	2
9	3	1
9	4	3
9	5	4
9	6	9
9	7	6
9	8	7
10	0	4
10	1	9
10	2	4
10	3	3
10	4	3
10	5	9
10	6	8
10	7	6
10	8	6
10	9	9
11	0	5
11	1	6
11	2	3
11	4	3
11	5	4
11	6	6
11	7	2
11	8	7
11	9	6
11	10	9
12	0	4
12	1	1
12	2	4
12	3	6
12	4	9
12	5	7
12	6	8
12	7	8
12	8	14
12	9	11
12	10	8
12	11	6
13	0	5
13	1	9
13	2	3
13	3	6
13	4	4
13	5	4
13	6	10
13	7	4
13	8	9
13	9	15
13	10	10
13	11	7
13	12	12
14	0	2
14	1	8
14	2	7
14	3	7
14	4	3
14	5	2
14	6	3
14	7	4
14	8	4
14	9	6
14	10	11
14	11	9
14	12	4
14	13	9
15	0	5
15	1	6
15	2	5
15	3	5
15	4	5
15	5	7
15	6	7
15	7	2
15	8	8
15	9	3
15	10	6
15	11	3
15	12	14
15	13	5
15	14	8
16	0	3
16	1	3
16	2	7
16	3	3
16	4	3
16	5	4
16	6	4
16	7	4
16	8	6
16	9	2
16	10	7
16	11	6
16	12	1
16	13	2
16	14	2
16	15	4
17	0	4
17	1	1
17	2	3
17	3	3
17	4	6
17	5	3
17	6	5
17	8	4
17	9	1
17	10	3
17	11	2
17	12	8
17	13	5
17	14	1
17	15	8
17	16	12
18	0	2
18	1	2
18	2	3
18	3	1
18	4	5
18	5	7
18	6	8
18	7	3
18	8	6
18	9	6
18	10	3
18	11	2
18	12	4
18	13	7
18	14	4
18	15	3
18	16	4
18	17	2
19	0	1
19	1	4
19	2	1
19	3	10
19	4	9
19	5	9
19	6	3
19	7	1
19	8	6
19	9	3
19	10	3
19	11	2
19	12	5
19	13	4
19	14	6
19	15	10
19	16	4
19	17	3
19	18	3
20	0	3
20	1	3
20	2	9
20	3	4
20	4	4
20	5	5
20	6	5
20	7	7
20	8	4
20	9	2
20	10	8
20	11	4
20	12	5
20	13	3
20	14	7
20	15	6
20	16	2
20	17	3
20	18	9
20	19	6
21	0	3
21	1	2
21	2	9
21	3	5
21	4	6
21	5	3
21	6	4
21	7	3
21	8	9
21	9	5
21	10	5
21	11	3
21	12	5
21	13	1
21	14	4
21	15	5
21	16	3
21	17	6
21	18	1
21	19	5
21	20	2
22	1	3
22	2	9
22	3	6
22	4	8
22	5	13
22	6	3
22	7	2
22	8	6
22	9	5
22	10	5
22	11	3
22	12	4
22	13	5
22	14	5
22	15	7
22	16	3
22	17	5
22	18	3
22	19	2
22	20	10
22	21	4
23	0	2
23	1	4
23	2	2
23	3	6
23	4	4
23	5	2
23	7	4
23	8	1
23	9	2
23	10	1
23	11	2
23	12	5
23	13	4
23	14	6
23	15	6
23	17	3
23	18	3
23	19	5
23	20	1
23	22	1
24	0	8
24	1	5
24	2	2
24	3	5
24	4	7
24	5	2
24	6	3
24	7	1
24	8	3
24	9	7
24	10	7
24	11	3
24	12	3
24	13	4
24	14	9
24	15	6
24	16	1
24	17	3
24	18	3
24	19	4
24	20	3
24	21	2
24	22	3
24	23	3
25	0	2
25	1	6
25	2	1
25	3	3
25	4	7
25	5	3
25	6	4
25	7	2
25	8	8
25	9	6
25	10	7
25	11	6
25	12	4
25	13	8
25	14	8
25	15	4
25	16	3
25	17	3
25	18	4
25	19	9
25	20	4
25	21	2
25	22	5
25	23	3
25	24	7
26	0	2
26	1	5
26	4	2
26	5	3
26	7	3
26	8	3
26	10	2
26	11	3
26	12	1
26	13	3
26	14	6
26	18	2
26	19	2
26	20	1
26	22	2
26	23	1
26	24	3
26	25	5
27	1	3
27	2	4
27	3	6
27	4	3
27	5	5
27	6	2
27	7	1
27	8	2
27	9	3
27	10	8
27	11	3
27	12	4
27	13	7
27	14	2
27	15	5
27	17	3
27	18	6
27	19	4
27	23	2
27	24	4
27	25	9
27	26	7
28	0	3
28	1	3
28	2	3
28	3	6
28	4	2
28	5	4
28	6	6
28	7	3
28	8	7
28	9	5
28	10	5
28	11	5
28	12	6
28	13	5
28	14	7
28	15	6
28	16	1
28	17	2
28	18	11
28	19	4
28	20	6
28	21	5
28	22	5
28	23	2
28	24	2
28	25	5
28	26	2
28	27	1
29	0	1
29	1	3
29	2	2
29	5	1
29	7	1
29	8	1
29	10	2
29	12	3
29	13	1
29	14	6
29	20	2
29	23	1
29	24	4
29	25	2
29	26	3
29	27	4
29	28	3
30	1	4
30	3	1
30	5	3
30	7	2
30	8	1
30	9	1
30	10	3
30	11	3
30	12	2
30	13	1
30	14	2
30	17	1
30	18	3
30	19	1
30	20	1
30	22	2
30	25	3
30	26	3
30	27	2
30	28	6
30	29	5
31	4	3
31	8	1
31	9	1
31	10	4
31	11	3
31	14	2
31	19	1
31	21	1
31	22	1
31	23	1
31	24	1
31	25	6
31	26	2
31	27	2
31	28	6
31	29	10
31	30	13
32	1	3
32	2	2
32	4	4
32	8	3
32	9	3
32	10	6
32	11	10
32	12	3
32	13	1
32	14	3
32	15	1
32	18	2
32	22	3
32	23	3
32	24	2
32	25	4
32	26	2
32	27	1
32	28	5
32	29	4
32	30	12
32	31	17
33	0	1
33	1	4
33	2	2
33	3	3
33	4	2
33	5	4
33	8	1
33	9	1
33	10	3
33	12	1
33	13	3
33	14	3
33	15	3
33	18	3
33	19	3
33	22	1
33	23	2
33	24	4
33	25	4
33	26	6
33	27	5
33	29	4
33	30	6
33	31	9
33	32	5
34	1	5
34	2	1
34	3	2
34	4	3
34	5	2
34	6	4
34	9	2
34	10	3
34	11	3
34	12	4
34	13	2
34	14	7
34	15	3
34	17	3
34	18	1
34	19	2
34	20	2
34	21	5
34	22	5
34	23	2
34	24	5
34	25	5
34	27	3
34	28	1
34	29	2
34	30	1
34	31	2
34	32	5
34	33	8
35	0	2
35	1	4
35	2	1
35	3	1
35	4	4
35	5	1
35	6	2
35	8	2
35	9	3
35	10	5
35	11	7
35	12	3
35	13	4
35	14	1
35	15	2
35	17	1
35	18	4
35	19	1
35	20	2
35	21	2
35	22	3
35	24	4
35	25	6
35	26	2
35	27	5
35	28	4
35	29	10
35	30	3
35	31	5
35	32	9
35	33	9
35	34	5
36	1	2
36	2	3
36	4	4
36	5	2
36	6	1
36	7	3
36	8	1
36	10	2
36	11	5
36	12	5
36	13	1
36	15	2
36	16	1
36	18	4
36	22	1
36	23	3
36	24	3
36	25	7
36	26	3
36	28	1
36	29	6
36	30	1
36	31	1
36	32	1
36	33	6
36	34	5
36	35	7
37	0	2
37	1	1
37	2	4
37	3	2
37	4	2
37	5	3
37	6	2
37	7	1
37	8	3
37	9	1
37	11	2
37	12	1
37	13	2
37	14	1
37	15	1
37	19	1
37	20	2
37	21	1
37	25	3
37	27	2
37	28	5
37	29	5
37	30	5
37	31	4
37	32	8
37	33	6
37	34	8
37	35	9
37	36	4
38	1	2
38	2	1
38	3	3
38	4	2
38	5	2
38	6	6
38	7	3
38	8	4
38	9	4
38	10	3
38	11	4
38	12	3
38	13	4
38	14	4
38	15	2
38	17	1
38	18	4
38	19	2
38	20	6
38	21	4
38	22	2
38	23	3
38	24	4
38	25	1
38	27	3
38	28	7
38	29	1
38	30	4
38	31	5
38	32	5
38	33	2
38	34	4
38	35	7
38	36	5
38	37	8
39	1	1
39	2	1
39	4	3
39	5	1
39	7	1
39	8	4
39	9	2
39	10	2
39	11	2
39	12	5
39	13	4
39	14	3
39	15	3
39	18	4
39	19	3
39	20	3
39	21	5
39	22	2
39	23	3
39	24	1
39	25	3
39	26	3
39	27	4
39	28	7
39	29	1
39	30	6
39	31	3
39	32	5
39	33	4
39	34	7
39	35	4
39	37	4
39	38	10
40	0	2
40	1	4
40	2	2
40	3	1
40	4	6
40	5	5
40	6	3
40	7	2
40	8	5
40	9	3
40	10	6
40	11	9
40	12	4
40	13	4
40	14	3
40	16	1
40	17	3
40	18	2
40	19	1
40	20	3
40	21	2
40	22	1
40	23	5
40	24	4
40	25	5
40	27	4
40	28	6
40	29	2
40	30	1
40	31	2
40	32	8
40	33	8
40	34	8
40	35	10
40	36	1
40	37	6
40	38	6
40	39	2
41	1	3
41	4	2
41	5	2
41	6	4
41	7	2
41	8	1
41	9	3
41	10	5
41	11	3
41	12	5
41	13	1
41	14	3
41	15	2
41	18	7
41	22	3
41	24	3
41	25	1
41	26	2
41	27	1
41	28	3
41	29	6
41	30	6
41	31	8
41	32	5
41	33	2
41	34	3
41	35	6
41	36	3
41	37	6
41	38	8
41	39	3
41	40	3
42	0	1
42	1	2
42	2	1
42	3	2
42	4	2
42	5	1
42	6	1
42	8	2
42	9	3
42	10	3
42	11	4
42	12	3
42	14	3
42	15	2
42	18	4
42	19	5
42	20	3
42	23	1
42	24	1
42	26	2
42	27	1
42	28	4
42	29	3
42	30	5
42	31	2
42	32	7
42	33	2
42	34	2
42	35	6
42	36	2
42	37	10
42	38	12
42	39	15
42	40	6
42	41	6
43	1	1
43	2	1
43	3	1
43	4	4
43	5	5
43	8	3
43	9	1
43	10	3
43	11	1
43	12	2
43	13	5
43	15	2
43	17	3
43	20	4
43	21	2
43	22	1
43	23	1
43	24	2
43	25	4
43	26	1
43	27	1
43	28	4
43	29	2
43	30	11
43	31	4
43	32	6
43	33	5
43	34	4
43	35	6
43	36	4
43	37	20
43	38	13
43	39	5
43	40	6
43	41	6
43	42	2
44	4	5
44	5	2
44	7	5
44	8	5
44	9	1
44	10	2
44	11	1
44	18	3
44	19	3
44	20	3
44	21	2
44	23	1
44	26	1
44	27	1
44	28	4
44	29	1
44	30	1
44	31	5
44	32	4
44	33	2
44	34	2
44	35	4
44	36	4
44	37	4
44	38	6
44	39	7
44	40	8
44	41	7
44	42	14
44	43	12
45	0	1
45	2	5
45	3	2
45	5	2
45	6	1
45	9	1
45	10	3
45	11	1
45	15	4
45	16	1
45	20	1
45	22	4
45	24	2
45	25	2
45	26	3
45	27	1
45	28	5
45	29	5
45	30	2
45	31	2
45	32	2
45	33	6
45	34	4
45	35	5
45	36	1
45	37	4
45	38	6
45	39	5
45	40	3
45	41	4
45	42	3
45	43	17
45	44	8
46	0	2
46	2	1
46	4	3
46	8	3
46	10	7
46	11	2
46	13	1
46	14	2
46	15	1
46	17	1
46	18	1
46	19	2
46	22	2
46	23	3
46	24	3
46	25	7
46	26	5
46	27	2
46	28	6
46	29	10
46	30	2
46	31	3
46	32	3
46	33	7
46	34	9
46	35	12
46	36	1
46	37	3
46	38	7
46	39	3
46	40	5
46	41	4
46	42	6
46	43	11
46	44	2
46	45	9
47	1	3
47	2	3
47	4	1
47	9	1
47	10	2
47	11	1
47	12	1
47	13	1
47	15	3
47	16	1
47	18	1
47	20	2
47	21	1
47	23	2
47	24	3
47	25	1
47	27	6
47	28	2
47	29	5
47	31	6
47	32	3
47	33	6
47	34	4
47	35	6
47	36	5
47	37	4
47	38	3
47	39	3
47	40	5
47	41	3
47	42	3
47	43	7
47	44	5
47	45	7
47	46	5
48	1	3
48	2	3
48	4	1
48	5	2
48	6	1
48	8	6
48	9	2
48	10	6
48	11	4
48	12	3
48	13	5
48	14	5
48	15	4
48	16	1
48	18	3
48	19	3
48	20	4
48	21	2
48	22	2
48	23	7
48	24	8
48	25	4
48	26	1
48	27	7
48	28	1
48	29	2
48	30	3
48	31	4
48	32	3
48	33	5
48	34	6
48	35	2
48	36	4
48	37	4
48	38	7
48	39	4
48	40	10
48	41	1
48	42	3
48	43	6
48	44	1
48	45	6
48	46	1
48	47	4
49	0	1
49	1	8
49	2	1
49	3	5
49	4	3
49	5	2
49	6	2
49	7	3
49	8	3
49	9	5
49	10	4
49	11	6
49	12	5
49	13	3
49	14	2
49	15	3
49	16	2
49	17	5
49	18	4
49	19	5
49	20	3
49	21	5
49	22	5
49	23	4
49	24	9
49	25	6
49	26	8
49	27	6
49	28	12
49	29	2
49	31	4
49	32	3
49	33	5
49	34	10
49	35	6
49	36	16
49	37	10
49	38	9
49	39	6
49	40	9
49	41	2
49	42	6
49	43	10
49	44	1
49	45	2
49	46	7
49	47	3
49	48	10
50	0	2
50	1	7
50	2	4
50	3	3
50	4	5
50	7	2
50	8	1
50	9	3
50	10	1
50	11	5
50	12	4
50	13	2
50	14	1
50	15	2
50	18	1
50	19	3
50	21	1
50	23	2
50	24	12
50	25	5
50	26	5
50	27	5
50	28	1
50	29	2
50	30	2
50	31	3
50	32	5
50	33	4
50	34	7
50	35	4
50	36	4
50	37	4
50	38	3
50	40	4
50	45	3
50	46	2
50	47	3
50	48	7
50	49	12
51	1	7
51	2	4
51	3	2
51	4	3
51	5	5
51	6	4
51	7	3
51	8	5
51	9	5
51	10	4
51	11	1
51	12	1
51	13	6
51	14	4
51	15	5
51	18	5
51	19	3
51	20	4
51	21	2
51	22	2
51	23	4
51	24	4
51	25	4
51	26	3
51	27	4
51	28	5
51	29	3
51	30	4
51	31	4
51	32	9
51	33	6
51	34	6
51	35	11
51	36	9
51	37	3
51	38	15
51	39	3
51	40	10
51	41	5
51	42	4
51	43	3
51	44	5
51	45	6
51	46	4
51	47	6
51	48	4
51	49	18
51	50	4
52	1	1
52	2	1
52	3	3
52	4	2
52	5	6
52	7	2
52	8	4
52	9	1
52	10	2
52	11	4
52	12	2
52	13	3
52	14	1
52	15	3
52	16	1
52	18	3
52	19	6
52	20	1
52	21	2
52	22	3
52	23	3
52	24	7
52	25	4
52	26	2
52	27	4
52	28	8
52	29	3
52	30	3
52	31	2
52	32	2
52	33	3
52	34	3
52	35	3
52	36	6
52	37	3
52	38	12
52	39	2
52	40	2
52	41	2
52	43	2
52	44	4
52	45	2
52	46	1
52	47	2
52	48	1
52	49	10
52	50	6
52	51	11
53	1	2
53	2	5
53	3	2
53	4	5
53	5	1
53	6	2
53	7	3
53	8	3
53	9	4
53	10	3
53	11	7
53	12	4
53	13	5
53	14	2
53	15	3
53	16	1
53	17	4
53	18	3
53	19	1
53	20	3
53	21	1
53	22	3
53	23	2
53	24	6
53	25	7
53	26	2
53	27	3
53	28	5
53	29	4
53	30	4
53	31	4
53	32	1
53	33	5
53	34	5
53	35	6
53	36	1
53	37	4
53	38	14
53	39	6
53	40	8
53	41	7
53	42	6
53	43	7
53	44	9
53	45	7
53	46	3
53	47	3
53	48	4
53	49	7
53	50	3
53	51	12
53	52	6
54	1	2
54	2	3
54	3	2
54	4	2
54	5	3
54	8	3
54	9	1
54	10	4
54	11	1
54	12	1
54	13	3
54	14	5
54	15	2
54	16	2
54	17	1
54	18	6
54	19	2
54	20	4
54	21	4
54	22	1
54	23	4
54	24	5
54	25	2
54	26	1
54	27	4
54	28	9
54	29	5
54	30	2
54	31	2
54	32	2
54	33	4
54	34	3
54	35	2
54	36	8
54	37	7
54	38	6
54	39	3
54	40	6
54	41	3
54	42	1
54	43	4
54	44	2
54	45	2
54	46	4
54	48	4
54	49	8
54	50	2
54	51	5
54	52	12
54	53	10
55	1	5
55	2	4
55	3	4
55	4	4
55	5	5
55	6	3
55	7	4
55	9	1
55	10	5
55	11	6
55	12	3
55	13	1
55	14	4
55	15	3
55	16	2
55	17	2
55	18	6
55	19	2
55	20	6
55	21	2
55	22	2
55	23	2
55	24	4
55	25	4
55	26	1
55	28	8
55	29	2
55	30	2
55	31	4
55	32	1
55	33	4
55	34	7
55	35	6
55	36	4
55	37	5
55	38	13
55	39	5
55	40	10
55	41	1
55	42	9
55	43	6
55	44	3
55	45	3
55	46	1
55	47	2
55	48	2
55	49	9
55	50	2
55	51	10
55	52	13
55	53	11
55	54	14
56	0	1
56	1	2
56	2	3
56	3	1
56	4	3
56	5	2
56	8	1
56	9	2
56	10	7
56	11	1
56	12	3
56	15	1
56	16	2
56	18	1
56	19	1
56	20	2
56	21	4
56	22	2
56	24	2
56	25	5
56	26	1
56	27	1
56	28	8
56	30	1
56	31	4
56	32	5
56	33	4
56	34	6
56	35	5
56	37	3
56	38	9
56	39	9
56	40	6
56	41	3
56	42	6
56	43	3
56	44	8
56	47	4
56	48	3
56	49	5
56	50	6
56	51	5
56	52	5
56	53	4
56	54	6
56	55	12
57	1	1
57	2	2
57	3	3
57	4	3
57	6	1
57	8	2
57	9	1
57	10	2
57	11	2
57	12	2
57	13	4
57	14	3
57	15	3
57	16	1
57	18	1
57	19	2
57	20	2
57	22	1
57	23	3
57	24	6
57	25	3
57	26	8
57	27	2
57	28	5
57	29	1
57	30	1
57	31	1
57	32	1
57	33	2
57	34	3
57	35	9
57	36	6
57	37	2
57	38	4
57	39	1
57	40	3
57	41	1
57	42	4
57	43	3
57	44	4
57	45	1
57	46	1
57	47	2
57	48	3
57	49	6
57	50	3
57	51	2
57	52	14
57	53	3
57	54	5
57	55	8
57	56	8
58	0	4
58	1	5
58	3	3
58	4	2
58	9	2
58	10	2
58	11	4
58	14	2
58	16	1
58	17	1
58	18	1
58	20	5
58	22	3
58	24	4
58	25	3
58	26	5
58	27	2
58	28	4
58	29	5
58	31	2
58	32	4
58	33	3
58	34	2
58	35	2
58	36	4
58	37	7
58	38	8
58	39	3
58	40	1
58	41	4
58	42	3
58	43	10
58	44	7
58	45	5
58	46	9
58	47	6
58	48	4
58	49	4
58	50	6
58	51	8
58	52	5
58	53	5
58	54	4
58	55	5
58	56	5
58	57	8
59	1	3
59	2	7
59	3	7
59	5	2
59	8	2
59	9	2
59	10	2
59	11	3
59	12	4
59	13	2
59	14	4
59	15	1
59	16	3
59	17	3
59	18	4
59	19	8
59	20	5
59	21	1
59	22	3
59	23	9
59	24	6
59	25	2
59	26	1
59	27	2
59	28	3
59	29	2
59	30	4
59	31	1
59	32	6
59	33	2
59	34	3
59	35	2
59	36	7
59	37	2
59	38	3
59	40	5
59	41	4
59	42	5
59	43	2
59	44	1
59	45	6
59	46	3
59	47	2
59	48	10
59	49	11
59	50	7
59	51	9
59	52	13
59	53	2
59	54	8
59	55	5
59	56	6
59	57	12
59	58	3
60	0	1
60	1	1
60	2	3
60	3	3
60	4	3
60	7	1
60	8	2
60	10	6
60	11	3
60	12	2
60	13	3
60	14	3
60	15	3
60	17	2
60	18	2
60	19	1
60	20	4
60	23	2
60	24	1
60	25	1
60	26	4
60	27	5
60	28	4
60	29	3
60	30	6
60	31	4
60	32	2
60	33	7
60	34	5
60	35	3
60	36	6
60	37	6
60	38	8
60	39	2
60	40	7
60	41	3
60	42	1
60	43	5
60	44	3
60	45	4
60	46	8
60	47	8
60	48	1
60	49	13
60	50	2
60	51	6
60	52	4
60	53	1
60	54	3
60	55	3
60	56	5
60	57	15
60	58	7
60	59	3
