1	0	2
2	0	1
2	1	5
3	0	2
3	1	2
3	2	6
4	0	1
4	1	5
4	2	13
4	3	18
5	1	3
5	2	5
5	3	5
5	4	2
6	0	4
6	1	6
6	2	3
6	3	2
6	4	2
6	5	4
7	0	3
7	1	5
7	2	3
7	3	1
7	4	2
7	5	2
7	6	3
8	0	3
8	1	6
8	2	11
8	3	4
8	4	4
8	5	4
8	6	10
8	7	10
9	0	5
9	1	6
9	3	4
9	4	3
9	5	2
9	6	10
9	7	6
9	8	13
10	0	3
10	1	7
10	2	3
10	3	3
10	4	9
10	5	5
10	6	11
10	7	6
10	8	10
10	9	16
11	0	5
11	1	8
11	2	5
11	3	1
11	4	5
11	5	4
11	6	5
11	7	4
11	8	4
11	9	6
11	10	9
12	0	5
12	1	6
12	2	5
12	3	3
12	4	4
12	5	8
12	6	7
12	7	2
12	8	13
12	9	10
12	10	6
12	11	6
13	0	5
13	1	4
13	2	6
13	3	3
13	4	2
13	5	1
13	6	5
13	7	4
13	8	16
13	9	5
13	10	9
13	11	11
13	12	12
14	0	2
14	1	5
14	2	8
14	3	4
14	4	6
14	5	4
14	6	5
14	7	2
14	8	5
14	9	8
14	10	6
14	11	8
14	12	13
14	13	7
15	0	6
15	1	12
15	2	5
15	3	2
15	4	4
15	5	5
15	6	5
15	7	3
15	8	9
15	9	2
15	10	6
15	11	3
15	12	10
15	13	17
15	14	10
16	1	1
16	2	6
16	3	4
16	4	2
16	5	5
16	6	3
16	7	2
16	8	7
16	9	6
16	11	3
16	12	3
16	13	3
16	14	2
16	15	4
17	0	4
17	1	2
17	2	7
17	3	6
17	4	5
17	5	4
17	6	5
17	8	6
17	9	3
17	10	3
17	11	5
17	12	1
17	13	9
17	14	6
17	15	8
17	16	9
18	0	1
18	1	2
18	2	1
18	3	5
18	4	3
18	5	13
18	6	8
18	7	4
18	8	3
18	9	5
18	10	10
18	11	3
18	12	7
18	13	4
18	14	7
18	15	3
18	16	2
18	17	7
19	0	4
19	1	6
19	2	6
19	3	9
19	4	7
19	5	2
19	6	2
19	7	2
19	8	6
19	9	4
19	10	3
19	11	1
19	12	6
19	13	1
19	14	8
19	15	10
19	16	4
19	17	5
19	18	3
20	1	4
20	2	6
20	3	6
20	4	12
20	5	4
20	6	3
20	7	3
20	8	9
20	9	3
20	10	6
20	11	6
20	12	8
20	13	4
20	14	6
20	15	3
20	16	3
20	17	2
20	18	10
20	19	4
21	0	1
21	1	7
21	2	4
21	3	4
21	4	7
21	5	9
21	6	1
21	7	4
21	8	12
21	9	6
21	10	7
21	11	3
21	12	7
21	13	6
21	14	2
21	15	10
21	16	8
21	17	3
21	18	4
21	19	3
21	20	8
22	1	4
22	2	7
22	3	3
22	4	7
22	5	10
22	6	2
22	7	2
22	8	2
22	9	6
22	10	2
22	11	3
22	12	3
22	13	4
22	14	1
22	15	4
22	16	4
22	17	9
22	18	5
22	19	4
22	20	11
22	21	12
23	0	2
23	1	8
23	2	3
23	3	3
23	4	3
23	5	3
23	8	7
23	9	5
23	10	1
23	11	3
23	12	3
23	13	4
23	14	7
23	15	6
23	17	5
23	18	3
23	19	3
23	20	5
23	21	3
23	22	5
24	0	2
24	1	5
24	2	2
24	3	3
24	4	6
24	5	3
24	6	1
24	7	3
24	8	5
24	9	6
24	10	6
24	11	6
24	12	9
24	13	3
24	14	9
24	15	3
24	16	1
24	17	1
24	18	1
24	19	5
24	20	6
24	21	4
24	22	3
24	23	5
25	0	1
25	1	2
25	2	5
25	3	4
25	4	3
25	5	4
25	6	6
25	7	3
25	8	7
25	9	12
25	10	7
25	11	15
25	12	1
25	13	3
25	14	9
25	15	9
25	16	3
25	18	2
25	19	1
25	20	4
25	21	3
25	22	3
25	23	5
25	24	4
26	1	1
26	2	1
26	4	2
26	7	1
26	8	2
26	10	2
26	11	1
26	12	3
26	13	2
26	14	5
26	15	1
26	16	1
26	18	1
26	19	1
26	22	2
26	23	1
26	24	2
26	25	6
27	0	1
27	1	1
27	2	2
27	3	1
27	4	3
27	5	2
27	6	2
27	7	1
27	8	4
27	9	5
27	10	1
27	11	3
27	12	3
27	13	3
27	14	4
27	15	2
27	17	2
27	18	3
27	22	6
27	23	1
27	24	6
27	25	7
27	26	5
28	0	3
28	1	7
28	2	5
28	3	6
28	4	6
28	5	5
28	6	3
28	7	1
28	8	5
28	9	1
28	10	4
28	11	4
28	12	4
28	13	5
28	14	5
28	15	5
28	16	5
28	17	3
28	18	6
28	19	4
28	20	3
28	21	1
28	22	4
28	23	4
28	24	5
28	25	5
28	26	2
28	27	3
29	0	1
29	1	1
29	5	1
29	7	2
29	10	1
29	12	2
29	13	2
29	14	3
29	19	2
29	23	1
29	24	1
29	25	1
29	26	3
30	1	5
30	3	1
30	5	2
30	7	2
30	9	2
30	10	4
30	11	4
30	12	3
30	14	1
30	17	2
30	18	2
30	20	4
30	22	2
30	24	4
30	25	4
30	26	1
30	27	6
30	28	2
30	29	5
31	4	2
31	8	3
31	9	1
31	10	6
31	11	3
31	14	1
31	19	1
31	22	1
31	23	2
31	25	1
31	26	3
31	27	1
31	28	2
31	29	13
31	30	8
32	0	2
32	1	2
32	2	2
32	4	3
32	8	1
32	9	5
32	10	2
32	11	3
32	13	3
32	14	3
32	15	1
32	16	1
32	18	4
32	22	1
32	23	1
32	24	3
32	25	2
32	26	5
32	27	5
32	29	5
32	30	7
32	31	9
33	0	5
33	1	3
33	2	1
33	3	1
33	4	2
33	5	2
33	8	3
33	9	1
33	10	2
33	11	7
33	12	3
33	13	3
33	14	3
33	15	5
33	17	1
33	18	3
33	19	1
33	23	3
33	24	3
33	25	4
33	26	2
33	27	3
33	28	3
33	29	11
33	30	4
33	31	2
33	32	13
34	2	5
34	3	3
34	4	1
34	5	3
34	6	2
34	8	3
34	9	4
34	10	7
34	11	1
34	12	1
34	13	2
34	14	5
34	15	2
34	17	2
34	18	2
34	19	1
34	21	1
34	22	5
34	23	5
34	24	3
34	25	4
34	26	4
34	27	2
34	28	1
34	30	6
34	31	4
34	32	10
34	33	2
35	1	1
35	2	3
35	3	3
35	4	5
35	5	3
35	6	2
35	8	4
35	9	4
35	10	4
35	11	2
35	12	4
35	13	6
35	14	2
35	15	3
35	17	2
35	18	2
35	19	3
35	20	6
35	22	3
35	24	1
35	25	1
35	26	3
35	27	7
35	28	3
35	29	3
35	30	5
35	31	5
35	32	8
35	33	9
35	34	8
36	0	3
36	1	5
36	3	3
36	4	3
36	6	3
36	7	4
36	8	3
36	10	6
36	13	1
36	15	2
36	16	1
36	18	3
36	22	2
36	23	2
36	24	4
36	25	1
36	26	6
36	27	3
36	28	3
36	29	3
36	30	5
36	31	3
36	32	6
36	33	5
36	34	4
36	35	11
37	0	2
37	1	2
37	3	5
37	4	6
37	5	4
37	7	2
37	8	1
37	9	5
37	10	7
37	11	3
37	12	2
37	13	1
37	14	2
37	15	4
37	18	2
37	19	3
37	20	3
37	21	2
37	24	1
37	26	1
37	27	2
37	28	4
37	29	1
37	30	7
37	31	9
37	32	9
37	33	6
37	34	5
37	35	14
38	1	2
38	2	3
38	3	5
38	4	4
38	5	3
38	6	1
38	7	3
38	8	6
38	9	3
38	10	11
38	11	2
38	12	4
38	13	5
38	14	4
38	15	1
38	16	7
38	17	5
38	18	3
38	19	4
38	20	1
38	21	1
38	23	3
38	24	6
38	25	8
38	26	3
38	27	1
38	28	7
38	29	3
38	30	6
38	31	3
38	32	7
38	33	7
38	34	11
38	35	11
38	36	1
38	37	10
39	0	1
39	1	1
39	2	3
39	3	1
39	4	5
39	5	4
39	6	1
39	8	1
39	9	2
39	10	5
39	11	6
39	12	1
39	13	3
39	14	1
39	18	3
39	19	2
39	20	1
39	21	1
39	22	3
39	23	2
39	24	2
39	25	2
39	26	1
39	28	11
39	29	4
39	30	4
39	31	4
39	32	3
39	33	3
39	34	5
39	35	1
39	37	6
39	38	9
40	0	1
40	1	4
40	2	1
40	3	2
40	4	8
40	5	1
40	6	3
40	7	1
40	8	5
40	9	3
40	10	5
40	11	10
40	12	1
40	13	5
40	14	5
40	15	2
40	17	2
40	18	5
40	19	2
40	20	3
40	21	2
40	22	2
40	23	7
40	24	8
40	25	5
40	26	5
40	27	2
40	28	3
40	29	3
40	30	4
40	31	7
40	32	6
40	33	4
40	34	5
40	35	3
40	36	3
40	37	10
40	38	9
40	39	3
41	4	1
41	6	2
41	7	4
41	8	1
41	9	3
41	10	5
41	11	6
41	12	7
41	13	1
41	14	2
41	15	2
41	18	4
41	20	6
41	24	4
41	25	1
41	26	1
41	27	4
41	28	1
41	29	5
41	30	6
41	31	5
41	32	8
41	33	2
41	34	5
41	35	2
41	36	4
41	37	7
41	38	5
41	39	6
41	40	14
42	0	1
42	1	5
42	3	1
42	4	7
42	5	1
42	6	3
42	8	4
42	9	3
42	10	1
42	11	2
42	12	2
42	13	1
42	14	2
42	15	1
42	17	1
42	18	4
42	20	1
42	23	1
42	24	2
42	25	1
42	26	1
42	27	1
42	28	7
42	30	3
42	31	2
42	32	4
42	33	4
42	34	3
42	35	7
42	36	4
42	37	5
42	38	11
42	39	5
42	40	7
42	41	15
43	0	2
43	1	3
43	2	2
43	3	1
43	4	1
43	5	4
43	7	1
43	8	3
43	9	4
43	10	3
43	11	2
43	12	1
43	13	2
43	14	4
43	15	2
43	16	3
43	17	2
43	18	5
43	20	2
43	21	2
43	22	1
43	23	1
43	24	2
43	25	6
43	26	2
43	27	1
43	28	8
43	29	6
43	30	6
43	31	2
43	32	7
43	33	4
43	34	3
43	35	8
43	36	8
43	37	6
43	38	12
43	39	9
43	40	7
43	41	11
43	42	8
44	5	1
44	7	1
44	8	2
44	9	2
44	10	3
44	11	4
44	18	2
44	19	5
44	20	2
44	21	1
44	23	1
44	24	1
44	25	2
44	26	6
44	27	4
44	28	7
44	29	2
44	30	3
44	31	2
44	32	2
44	33	5
44	34	3
44	35	3
44	36	4
44	37	6
44	38	9
44	39	5
44	40	4
44	41	6
44	42	8
44	43	10
45	0	1
45	2	1
45	3	2
45	5	2
45	6	1
45	9	2
45	10	3
45	11	4
45	15	3
45	19	2
45	20	4
45	22	2
45	23	1
45	24	2
45	25	2
45	26	4
45	27	1
45	28	5
45	29	3
45	30	4
45	31	4
45	32	3
45	33	3
45	34	2
45	35	6
45	36	4
45	37	8
45	38	4
45	39	4
45	40	6
45	41	5
45	42	6
45	43	7
45	44	6
46	0	2
46	1	1
46	2	1
46	3	2
46	8	1
46	10	3
46	11	3
46	13	2
46	15	3
46	18	5
46	19	1
46	22	4
46	23	1
46	24	5
46	25	2
46	26	7
46	27	3
46	28	2
46	29	8
46	30	2
46	31	4
46	32	5
46	33	1
46	34	3
46	35	11
46	36	3
46	37	5
46	38	4
46	39	2
46	40	5
46	41	1
46	42	1
46	43	9
46	44	7
46	45	12
47	0	1
47	1	3
47	2	3
47	3	1
47	9	1
47	10	1
47	11	2
47	12	2
47	13	2
47	15	1
47	16	2
47	18	2
47	20	2
47	21	1
47	23	1
47	24	3
47	25	4
47	26	5
47	27	5
47	28	2
47	29	5
47	30	1
47	31	3
47	32	5
47	33	7
47	34	5
47	35	8
47	36	3
47	37	6
47	38	8
47	39	6
47	40	4
47	41	1
47	42	6
47	43	4
47	44	1
47	45	4
47	46	13
48	1	2
48	2	3
48	3	3
48	4	4
48	5	2
48	6	2
48	8	2
48	9	1
48	10	4
48	11	8
48	12	4
48	13	2
48	14	4
48	15	8
48	18	2
48	19	4
48	20	4
48	21	5
48	22	2
48	23	2
48	24	13
48	25	4
48	26	2
48	27	6
48	28	4
48	30	5
48	31	3
48	32	6
48	33	5
48	34	8
48	35	7
48	36	6
48	37	4
48	38	10
48	39	5
48	40	6
48	41	2
48	42	3
48	43	6
48	44	1
48	45	2
48	46	2
48	47	3
49	1	7
49	2	3
49	3	2
49	4	4
49	5	2
49	6	3
49	7	4
49	8	4
49	9	6
49	10	8
49	11	10
49	12	2
49	13	4
49	14	4
49	15	2
49	16	3
49	17	4
49	18	4
49	19	5
49	20	6
49	21	2
49	22	1
49	23	5
49	24	7
49	25	9
49	26	5
49	27	5
49	28	13
49	29	1
49	30	6
49	31	3
49	32	4
49	33	7
49	34	11
49	35	6
49	36	12
49	37	4
49	38	10
49	39	1
49	40	6
49	41	3
49	42	8
49	43	6
49	44	4
49	45	2
49	46	3
49	47	6
49	48	13
50	1	3
50	2	2
50	4	1
50	7	3
50	8	1
50	9	3
50	10	2
50	11	3
50	12	2
50	13	2
50	14	5
50	15	2
50	18	1
50	20	4
50	23	1
50	24	5
50	25	7
50	26	6
50	27	8
50	28	1
50	29	1
50	30	1
50	31	3
50	32	3
50	33	6
50	34	4
50	35	5
50	36	4
50	37	4
50	38	6
50	39	1
50	40	1
50	41	1
50	42	3
50	43	4
50	45	4
50	46	3
50	47	4
50	48	13
50	49	5
51	1	3
51	2	2
51	3	6
51	4	2
51	5	4
51	6	1
51	7	3
51	8	2
51	9	2
51	10	2
51	11	3
51	12	2
51	13	3
51	14	5
51	15	8
51	18	7
51	19	5
51	20	4
51	21	1
51	22	1
51	23	5
51	24	8
51	25	6
51	26	3
51	27	4
51	28	6
51	29	2
51	30	3
51	31	1
51	32	9
51	33	9
51	34	11
51	35	8
51	36	5
51	37	5
51	38	9
51	39	6
51	40	9
51	41	6
51	42	2
51	43	6
51	44	7
51	45	5
51	46	3
51	47	4
51	48	8
51	49	16
51	50	9
52	1	2
52	2	6
52	3	1
52	4	5
52	5	6
52	7	1
52	8	5
52	9	2
52	10	3
52	11	2
52	12	3
52	13	3
52	14	1
52	15	2
52	16	1
52	18	7
52	19	4
52	20	3
52	21	1
52	22	1
52	23	3
52	24	5
52	25	1
52	26	3
52	27	1
52	28	16
52	29	3
52	30	3
52	31	4
52	32	2
52	33	4
52	34	5
52	35	3
52	36	6
52	38	15
52	39	2
52	40	5
52	41	1
52	42	3
52	43	4
52	44	2
52	45	6
52	46	8
52	47	4
52	48	4
52	49	9
52	50	2
52	51	12
53	1	4
53	2	1
53	3	2
53	4	7
53	5	2
53	6	3
53	7	3
53	8	7
53	9	5
53	10	3
53	11	2
53	12	2
53	13	3
53	14	7
53	15	1
53	16	4
53	17	2
53	18	6
53	19	5
53	20	3
53	21	2
53	22	2
53	24	5
53	25	2
53	26	1
53	27	3
53	28	11
53	29	4
53	30	1
53	31	1
53	32	3
53	33	10
53	34	6
53	35	2
53	36	4
53	37	7
53	38	16
53	39	6
53	40	6
53	41	2
53	42	7
53	43	5
53	44	8
53	45	5
53	46	7
53	47	5
53	48	5
53	49	8
53	50	5
53	51	9
53	52	9
54	1	3
54	2	4
54	3	4
54	4	2
54	5	1
54	8	3
54	9	4
54	10	4
54	11	3
54	12	4
54	13	3
54	14	3
54	15	2
54	16	1
54	17	1
54	18	7
54	19	4
54	20	7
54	21	4
54	22	2
54	23	3
54	24	7
54	25	7
54	26	6
54	27	3
54	28	6
54	30	2
54	31	2
54	32	2
54	33	1
54	34	4
54	35	1
54	36	4
54	37	4
54	38	4
54	39	5
54	40	7
54	41	2
54	42	2
54	43	3
54	44	5
54	45	6
54	46	6
54	47	2
54	49	9
54	50	4
54	51	6
54	52	9
54	53	8
55	1	3
55	2	5
55	3	4
55	4	5
55	5	1
55	6	1
55	8	2
55	9	1
55	10	7
55	11	5
55	12	2
55	13	3
55	14	3
55	15	5
55	16	4
55	17	2
55	18	6
55	19	3
55	20	6
55	21	3
55	22	4
55	23	4
55	24	4
55	25	5
55	26	2
55	27	3
55	28	15
55	29	4
55	30	3
55	31	5
55	32	2
55	33	2
55	34	3
55	35	4
55	36	8
55	37	1
55	38	8
55	39	3
55	40	7
55	41	1
55	42	4
55	43	4
55	44	1
55	45	2
55	46	4
55	47	1
55	48	9
55	49	5
55	50	9
55	51	7
55	52	14
55	53	13
55	54	11
56	1	2
56	2	1
56	3	3
56	4	1
56	5	2
56	8	4
56	9	1
56	10	4
56	11	7
56	12	3
56	13	1
56	14	2
56	16	1
56	17	3
56	18	3
56	19	2
56	20	4
56	21	4
56	22	1
56	23	1
56	24	2
56	25	1
56	26	2
56	27	4
56	28	4
56	31	1
56	32	3
56	33	1
56	34	3
56	35	2
56	36	1
56	37	4
56	38	3
56	39	10
56	40	3
56	41	3
56	42	11
56	43	5
56	44	5
56	45	3
56	46	2
56	47	1
56	48	3
56	49	8
56	50	1
56	51	5
56	52	7
56	53	5
56	54	7
56	55	9
57	0	1
57	1	4
57	2	2
57	4	2
57	6	2
57	8	1
57	9	3
57	10	4
57	11	2
57	12	4
57	13	3
57	14	3
57	15	1
57	16	1
57	18	3
57	19	2
57	20	3
57	22	4
57	23	3
57	24	10
57	25	7
57	26	1
57	27	2
57	28	8
57	29	3
57	30	3
57	32	3
57	33	5
57	34	5
57	35	3
57	36	7
57	37	2
57	38	10
57	39	4
57	41	2
57	42	6
57	43	6
57	44	6
57	45	4
57	46	5
57	47	7
57	48	2
57	49	7
57	50	2
57	51	8
57	52	6
57	53	3
57	54	4
57	55	9
57	56	5
58	0	1
58	2	1
58	3	2
58	4	2
58	6	3
58	7	4
58	10	3
58	11	1
58	14	5
58	16	1
58	17	2
58	20	2
58	22	1
58	24	5
58	26	3
58	27	5
58	28	2
58	29	4
58	30	5
58	31	1
58	32	4
58	33	4
58	34	5
58	35	7
58	36	3
58	37	2
58	38	5
58	39	4
58	40	2
58	41	5
58	42	6
58	43	6
58	44	2
58	45	5
58	46	8
58	47	7
58	48	4
58	49	6
58	50	1
58	51	9
58	52	8
58	53	4
58	54	6
58	55	5
58	56	2
58	57	7
59	1	3
59	2	3
59	3	3
59	4	1
59	5	2
59	6	5
59	8	2
59	10	1
59	11	3
59	12	5
59	13	4
59	14	1
59	15	5
59	17	4
59	18	4
59	19	6
59	20	3
59	21	4
59	22	1
59	23	5
59	24	2
59	25	8
59	26	2
59	27	3
59	28	8
59	29	5
59	30	3
59	31	2
59	32	3
59	33	2
59	34	6
59	35	6
59	36	3
59	37	2
59	38	8
59	39	5
59	40	5
59	41	4
59	42	2
59	43	3
59	44	5
59	45	6
59	46	3
59	47	7
59	48	1
59	49	10
59	50	9
59	51	10
59	52	19
59	53	7
59	54	13
59	55	6
59	56	4
59	57	9
59	58	6
60	0	1
60	1	3
60	2	4
60	7	2
60	10	3
60	11	4
60	14	5
60	15	4
60	17	2
60	18	2
60	19	2
60	20	3
60	23	1
60	24	5
60	25	2
60	26	9
60	27	4
60	28	6
60	29	3
60	30	3
60	31	2
60	32	3
60	33	5
60	34	2
60	35	5
60	36	5
60	37	4
60	38	3
60	39	4
60	40	3
60	41	2
60	42	2
60	44	5
60	46	8
60	47	15
60	48	4
60	49	7
60	50	3
60	51	2
60	52	7
60	53	1
60	54	1
60	55	5
60	56	2
60	57	9
60	58	3
60	59	6
