1	0	5
2	0	1
2	1	4
3	0	1
3	1	5
3	2	11
4	0	3
4	1	3
4	2	8
4	3	20
5	0	3
5	1	3
5	2	4
5	4	4
6	0	3
6	1	6
6	2	4
6	3	3
6	4	5
6	5	5
7	0	1
7	1	3
7	2	2
7	3	1
7	4	4
7	5	2
7	6	8
8	0	9
8	1	5
8	2	5
8	3	2
8	4	5
8	5	9
8	6	9
8	7	8
9	0	5
9	1	5
9	3	1
9	4	9
9	5	8
9	6	7
9	7	6
9	8	9
10	0	3
10	1	7
10	2	6
10	4	3
10	5	8
10	6	6
10	7	9
10	8	4
10	9	7
11	0	3
11	1	8
11	2	2
11	3	2
11	4	8
11	5	1
11	6	3
11	7	6
11	8	7
11	9	7
11	10	7
12	0	3
12	1	7
12	2	6
12	3	8
12	4	7
12	5	10
12	6	6
12	7	7
12	8	19
12	9	10
12	10	8
12	11	6
13	0	2
13	1	14
13	2	7
13	3	2
13	4	5
13	5	4
13	6	4
13	7	5
13	8	8
13	9	14
13	10	7
13	11	7
13	12	12
14	0	6
14	1	6
14	2	6
14	3	7
14	4	7
14	5	2
14	6	7
14	7	5
14	8	5
14	9	1
14	10	6
14	11	6
14	12	16
14	13	7
15	0	9
15	1	3
15	2	7
15	3	8
15	4	9
15	5	6
15	6	7
15	7	3
15	8	8
15	9	6
15	10	5
15	11	6
15	12	7
15	13	10
15	14	10
16	0	3
16	1	3
16	2	5
16	3	2
16	4	3
16	5	3
16	6	2
16	7	5
16	8	5
16	9	4
16	10	3
16	11	1
16	12	1
16	13	1
16	14	5
16	15	4
17	0	4
17	1	1
17	2	5
17	3	13
17	4	8
17	5	2
17	6	5
17	7	3
17	8	6
17	9	5
17	10	2
17	11	3
17	12	5
17	13	3
17	14	7
17	15	8
17	16	5
18	0	1
18	1	3
18	2	3
18	3	3
18	4	10
18	5	6
18	6	8
18	7	1
18	8	3
18	9	6
18	10	8
18	11	14
18	12	6
18	13	3
18	14	1
18	15	5
18	16	3
19	0	4
19	1	10
19	2	6
19	3	4
19	4	5
19	5	1
19	6	2
19	7	1
19	8	5
19	9	3
19	10	2
19	11	2
19	12	9
19	13	3
19	14	7
19	15	10
19	16	5
19	17	7
20	0	3
20	1	2
20	2	3
20	3	3
20	4	16
20	5	2
20	6	3
20	7	1
20	8	4
20	9	3
20	10	2
20	11	6
20	12	12
20	13	7
20	14	5
20	15	5
20	16	1
20	17	3
20	18	7
20	19	2
21	0	3
21	1	5
21	2	8
21	3	3
21	4	5
21	5	5
21	6	8
21	7	3
21	8	11
21	9	3
21	10	4
21	11	4
21	12	6
21	13	3
21	14	5
21	15	6
21	16	5
21	17	9
21	18	4
21	19	2
21	20	2
22	1	1
22	2	6
22	3	1
22	4	8
22	5	6
22	6	5
22	7	2
22	8	6
22	9	5
22	10	3
22	11	5
22	12	3
22	13	3
22	14	1
22	15	4
22	16	2
22	17	3
22	18	4
22	19	8
22	20	8
22	21	14
23	0	2
23	1	6
23	2	5
23	3	4
23	4	4
23	7	2
23	8	5
23	9	1
23	10	4
23	11	3
23	12	6
23	13	1
23	14	8
23	15	5
23	17	1
23	18	2
23	19	7
23	20	1
23	21	3
23	22	4
24	0	4
24	1	9
24	2	11
24	3	1
24	4	5
24	5	1
24	6	2
24	7	1
24	8	2
24	9	5
24	10	3
24	11	6
24	12	5
24	13	4
24	14	11
24	15	10
24	16	1
24	17	4
24	18	2
24	19	2
24	20	4
24	21	1
24	22	4
24	23	7
25	0	7
25	1	5
25	2	3
25	3	4
25	4	3
25	5	5
25	6	6
25	7	8
25	8	4
25	9	3
25	10	1
25	11	2
25	12	8
25	13	8
25	14	6
25	15	3
25	16	2
25	17	5
25	18	6
25	19	1
25	20	1
25	21	1
25	23	3
25	24	3
26	0	2
26	1	1
26	4	2
26	5	2
26	7	1
26	10	1
26	11	2
26	12	2
26	13	4
26	14	3
26	15	4
26	19	2
26	20	1
26	22	3
26	24	4
26	25	4
27	1	4
27	2	3
27	4	2
27	7	2
27	8	4
27	9	4
27	10	1
27	11	4
27	12	1
27	13	5
27	14	3
27	15	3
27	17	1
27	18	2
27	19	2
27	22	2
27	23	1
27	25	3
27	26	6
28	0	2
28	1	6
28	2	4
28	3	2
28	4	6
28	5	1
28	6	5
28	7	1
28	8	4
28	9	2
28	10	6
28	11	6
28	12	4
28	13	5
28	14	3
28	15	2
28	16	1
28	17	1
28	18	9
28	19	4
28	20	5
28	21	2
28	22	7
28	23	2
28	24	1
28	25	2
28	26	3
28	27	3
29	1	3
29	2	1
29	5	1
29	7	2
29	8	2
29	10	2
29	12	1
29	13	3
29	14	2
29	18	2
29	19	1
29	20	2
29	23	1
29	24	4
29	25	6
29	26	5
29	27	2
29	28	2
30	1	4
30	3	3
30	7	2
30	9	2
30	10	5
30	11	2
30	12	4
30	13	1
30	14	2
30	17	2
30	24	1
30	25	1
30	26	2
30	27	3
30	29	6
31	4	3
31	5	3
31	10	3
31	11	1
31	14	1
31	15	1
31	19	1
31	21	1
31	22	2
31	24	3
31	25	1
31	26	1
31	27	2
31	28	3
31	29	9
31	30	16
32	0	1
32	1	1
32	2	2
32	4	2
32	8	2
32	10	2
32	11	3
32	12	4
32	13	2
32	14	2
32	15	2
32	16	2
32	18	1
32	20	5
32	22	1
32	23	3
32	24	3
32	25	3
32	26	3
32	27	1
32	28	4
32	29	6
32	30	7
32	31	7
33	0	2
33	1	1
33	2	1
33	4	2
33	5	5
33	8	2
33	9	4
33	10	2
33	11	2
33	13	2
33	14	1
33	15	2
33	17	2
33	18	3
33	19	2
33	22	1
33	23	3
33	24	2
33	25	3
33	26	8
33	27	6
33	28	1
33	29	8
33	30	2
33	31	4
33	32	8
34	1	2
34	2	2
34	3	2
34	5	1
34	6	5
34	8	3
34	9	3
34	10	3
34	11	2
34	12	2
34	13	3
34	14	4
34	15	2
34	16	1
34	18	3
34	19	1
34	20	5
34	21	1
34	22	5
34	23	1
34	24	2
34	25	4
34	26	3
34	27	2
34	28	3
34	29	3
34	30	3
34	31	3
34	32	7
34	33	9
35	0	1
35	1	3
35	3	2
35	4	4
35	5	3
35	6	3
35	8	1
35	9	4
35	10	5
35	11	1
35	13	4
35	14	4
35	15	1
35	16	1
35	17	3
35	18	3
35	19	3
35	20	3
35	21	4
35	22	2
35	23	2
35	24	8
35	25	5
35	26	5
35	27	4
35	28	2
35	29	6
35	30	5
35	31	5
35	32	9
35	33	10
35	34	12
36	1	2
36	2	4
36	3	1
36	4	4
36	7	2
36	8	1
36	10	4
36	11	2
36	12	2
36	13	1
36	14	1
36	15	1
36	18	1
36	22	2
36	23	2
36	24	3
36	25	2
36	26	4
36	27	4
36	29	3
36	30	2
36	31	4
36	32	2
36	33	8
36	34	8
36	35	10
37	0	2
37	1	1
37	2	4
37	3	3
37	4	3
37	5	2
37	6	2
37	8	5
37	9	1
37	10	2
37	11	3
37	12	2
37	13	3
37	14	2
37	15	1
37	18	5
37	19	4
37	20	2
37	21	3
37	24	4
37	25	6
37	26	2
37	27	4
37	28	5
37	29	5
37	30	6
37	31	6
37	32	10
37	33	6
37	34	9
37	35	6
37	36	7
38	1	2
38	2	3
38	3	3
38	4	4
38	5	3
38	6	3
38	7	4
38	8	3
38	9	1
38	10	6
38	11	7
38	12	3
38	13	2
38	14	3
38	15	7
38	16	3
38	17	1
38	18	3
38	19	3
38	20	6
38	21	1
38	22	2
38	23	5
38	24	2
38	25	5
38	26	3
38	27	4
38	28	10
38	29	2
38	30	5
38	31	8
38	32	8
38	33	5
38	34	6
38	35	5
38	36	5
38	37	9
39	0	4
39	1	7
39	2	2
39	3	4
39	4	2
39	6	4
39	7	1
39	8	1
39	9	2
39	10	1
39	11	7
39	12	4
39	13	2
39	14	5
39	15	3
39	18	3
39	19	3
39	20	2
39	21	2
39	22	2
39	23	3
39	24	3
39	25	5
39	26	1
39	27	2
39	28	18
39	29	1
39	30	3
39	32	4
39	34	3
39	35	5
39	36	2
39	37	5
39	38	6
40	0	2
40	1	2
40	2	1
40	3	3
40	4	2
40	5	2
40	6	3
40	7	1
40	8	5
40	9	3
40	10	10
40	11	6
40	12	4
40	13	4
40	14	2
40	15	6
40	16	1
40	17	1
40	18	3
40	20	2
40	21	3
40	22	2
40	23	1
40	24	1
40	25	7
40	26	1
40	27	2
40	28	9
40	29	3
40	30	4
40	31	4
40	32	8
40	33	6
40	34	13
40	35	7
40	36	6
40	37	19
40	38	8
40	39	6
41	1	4
41	4	4
41	5	1
41	6	3
41	7	3
41	8	1
41	9	1
41	10	4
41	11	3
41	12	4
41	13	2
41	14	3
41	15	3
41	16	1
41	18	1
41	20	4
41	22	1
41	24	5
41	25	6
41	26	3
41	27	4
41	28	4
41	29	7
41	30	4
41	31	7
41	32	1
41	33	4
41	34	2
41	35	6
41	36	3
41	37	10
41	38	4
41	39	7
41	40	8
42	2	1
42	3	2
42	4	1
42	5	3
42	6	2
42	8	3
42	9	2
42	10	1
42	11	2
42	12	4
42	13	3
42	14	3
42	15	4
42	17	1
42	18	2
42	20	4
42	23	1
42	24	4
42	25	4
42	26	1
42	27	3
42	28	2
42	29	3
42	30	5
42	31	5
42	32	6
42	33	2
42	34	4
42	35	5
42	36	1
42	37	8
42	38	6
42	39	8
42	40	5
42	41	11
43	0	1
43	2	3
43	3	3
43	4	2
43	5	3
43	8	2
43	9	3
43	10	4
43	11	2
43	12	2
43	13	4
43	14	3
43	15	1
43	17	3
43	18	1
43	20	6
43	21	4
43	22	2
43	23	1
43	24	4
43	25	1
43	26	2
43	27	3
43	28	2
43	29	2
43	30	3
43	31	3
43	32	5
43	33	3
43	34	3
43	35	4
43	36	4
43	37	6
43	38	11
43	39	2
43	40	8
43	41	18
43	42	12
44	3	1
44	4	1
44	7	3
44	8	2
44	10	1
44	11	3
44	18	3
44	19	1
44	20	1
44	21	3
44	23	2
44	24	6
44	25	2
44	26	2
44	28	5
44	29	3
44	30	3
44	32	2
44	33	2
44	34	4
44	35	5
44	36	3
44	37	5
44	38	8
44	39	4
44	40	6
44	41	3
44	42	7
44	43	5
45	0	2
45	2	3
45	3	2
45	5	2
45	6	1
45	9	2
45	10	2
45	11	4
45	15	4
45	19	1
45	23	2
45	24	2
45	25	3
45	26	5
45	28	2
45	29	2
45	30	1
45	31	5
45	32	1
45	33	4
45	34	2
45	35	5
45	37	5
45	38	13
45	39	4
45	40	2
45	41	3
45	42	3
45	43	12
45	44	4
46	1	1
46	2	4
46	3	3
46	4	2
46	8	3
46	10	3
46	11	3
46	13	3
46	14	2
46	15	2
46	17	2
46	18	4
46	19	3
46	22	2
46	23	2
46	24	3
46	25	2
46	26	6
46	27	4
46	28	5
46	29	3
46	30	6
46	31	7
46	32	11
46	33	5
46	34	7
46	35	12
46	36	3
46	37	4
46	38	8
46	39	5
46	40	4
46	41	2
46	42	4
46	43	5
46	44	1
46	45	7
47	0	1
47	1	3
47	2	2
47	3	2
47	4	1
47	9	3
47	10	1
47	11	6
47	12	1
47	13	2
47	15	2
47	16	2
47	18	2
47	20	4
47	21	1
47	23	3
47	24	5
47	25	1
47	26	3
47	27	3
47	28	1
47	29	6
47	30	2
47	31	8
47	32	5
47	33	7
47	34	6
47	35	8
47	36	3
47	37	7
47	38	7
47	39	7
47	40	2
47	41	4
47	42	4
47	43	5
47	44	2
47	45	3
47	46	12
48	1	5
48	2	2
48	3	4
48	4	2
48	5	4
48	6	2
48	7	5
48	8	3
48	9	5
48	10	11
48	11	8
48	12	7
48	14	7
48	15	2
48	18	1
48	19	2
48	20	3
48	21	1
48	22	2
48	23	2
48	24	8
48	25	10
48	26	1
48	27	2
48	28	5
48	29	3
48	30	4
48	31	3
48	32	2
48	33	7
48	34	12
48	35	9
48	36	7
48	37	3
48	38	6
48	39	1
48	40	9
48	41	1
48	42	7
48	43	4
48	44	1
48	45	3
48	46	1
48	47	4
49	0	2
49	1	4
49	2	3
49	3	6
49	4	5
49	5	7
49	6	2
49	7	1
49	8	2
49	9	3
49	10	3
49	11	3
49	12	3
49	13	3
49	14	4
49	15	3
49	16	1
49	17	3
49	18	3
49	19	3
49	20	4
49	21	4
49	23	4
49	24	16
49	25	5
49	26	5
49	27	6
49	28	4
49	29	5
49	30	3
49	31	3
49	32	3
49	33	6
49	34	10
49	35	4
49	36	10
49	37	6
49	38	9
49	39	13
49	40	1
49	41	6
49	42	7
49	43	6
49	44	3
49	45	3
49	46	5
49	47	7
49	48	5
50	0	2
50	4	1
50	8	5
50	9	1
50	10	3
50	11	1
50	12	7
50	13	3
50	14	4
50	15	1
50	18	4
50	19	2
50	20	5
50	21	2
50	23	4
50	24	10
50	25	2
50	26	6
50	27	7
50	28	1
50	29	2
50	30	5
50	31	2
50	33	10
50	34	2
50	35	4
50	36	3
50	37	3
50	38	3
50	39	2
50	40	5
50	41	2
50	42	2
50	43	2
50	45	3
50	46	4
50	47	3
50	48	6
50	49	7
51	1	1
51	2	1
51	3	2
51	4	4
51	5	2
51	6	1
51	7	2
51	8	4
51	9	2
51	10	8
51	11	4
51	12	6
51	13	2
51	14	3
51	15	6
51	18	2
51	19	5
51	20	3
51	21	2
51	22	3
51	23	1
51	24	6
51	25	2
51	26	5
51	27	3
51	28	6
51	29	3
51	30	4
51	31	6
51	32	4
51	33	2
51	34	8
51	35	10
51	36	11
51	37	7
51	38	15
51	39	9
51	40	5
51	41	6
51	42	6
51	43	1
51	44	4
51	45	4
51	46	5
51	47	2
51	48	7
51	49	15
51	50	2
52	1	4
52	2	3
52	3	3
52	4	8
52	5	2
52	7	1
52	8	1
52	9	2
52	10	4
52	11	4
52	12	3
52	13	1
52	14	2
52	15	3
52	17	2
52	18	4
52	19	2
52	20	4
52	21	4
52	22	1
52	23	1
52	24	2
52	25	2
52	26	1
52	27	1
52	28	11
52	29	2
52	30	6
52	31	2
52	32	5
52	33	3
52	34	3
52	35	6
52	36	3
52	37	6
52	38	12
52	39	5
52	40	7
52	41	3
52	42	6
52	43	4
52	44	5
52	45	4
52	47	3
52	48	5
52	49	7
52	50	4
52	51	10
53	1	3
53	2	2
53	3	3
53	4	4
53	5	3
53	6	2
53	7	1
53	8	1
53	9	3
53	10	7
53	11	5
53	12	2
53	13	5
53	14	3
53	15	7
53	16	4
53	18	7
53	19	5
53	20	5
53	21	4
53	22	2
53	23	4
53	24	5
53	25	4
53	26	1
53	27	2
53	28	4
53	29	4
53	30	4
53	31	2
53	32	3
53	33	3
53	34	3
53	35	5
53	36	6
53	37	7
53	38	18
53	39	9
53	40	14
53	41	3
53	42	5
53	43	9
53	44	3
53	45	1
53	47	4
53	48	5
53	49	5
53	50	6
53	51	7
53	52	11
54	0	1
54	1	6
54	3	1
54	4	3
54	5	5
54	8	6
54	9	1
54	10	5
54	11	3
54	12	3
54	13	3
54	14	5
54	15	1
54	16	3
54	17	2
54	18	6
54	19	3
54	20	2
54	21	3
54	22	4
54	23	3
54	24	4
54	25	2
54	26	1
54	27	2
54	28	9
54	29	3
54	30	1
54	31	1
54	32	1
54	33	3
54	34	2
54	35	5
54	36	7
54	37	1
54	38	7
54	39	1
54	40	8
54	41	3
54	42	2
54	43	4
54	44	1
54	45	2
54	46	1
54	47	2
54	48	3
54	49	9
54	50	4
54	51	3
54	52	10
54	53	5
55	1	8
55	2	2
55	3	5
55	4	3
55	5	5
55	6	2
55	7	4
55	8	5
55	9	4
55	10	1
55	11	7
55	12	6
55	13	8
55	14	4
55	15	3
55	16	1
55	17	2
55	18	5
55	19	5
55	20	4
55	21	2
55	22	1
55	23	3
55	24	2
55	25	9
55	26	3
55	27	1
55	28	12
55	30	1
55	31	3
55	32	1
55	33	1
55	34	4
55	35	5
55	36	7
55	37	3
55	38	10
55	39	9
55	40	8
55	41	5
55	42	4
55	43	4
55	44	3
55	45	4
55	46	3
55	47	1
55	48	6
55	49	1
55	50	3
55	51	7
55	52	11
55	53	12
55	54	9
56	0	1
56	1	2
56	2	1
56	3	7
56	4	5
56	5	1
56	8	2
56	9	2
56	10	3
56	12	4
56	13	2
56	14	3
56	16	1
56	18	3
56	19	1
56	20	1
56	21	6
56	22	1
56	23	5
56	24	1
56	25	3
56	27	2
56	28	9
56	30	1
56	31	2
56	33	3
56	34	2
56	35	2
56	36	3
56	37	5
56	38	20
56	39	6
56	40	3
56	41	4
56	42	8
56	43	4
56	44	7
56	45	6
56	46	5
56	47	4
56	48	6
56	49	7
56	50	2
56	51	3
56	52	4
56	53	6
56	54	8
56	55	8
57	1	1
57	2	1
57	3	2
57	4	2
57	6	1
57	8	2
57	9	3
57	10	3
57	11	1
57	12	4
57	13	1
57	14	2
57	16	1
57	18	3
57	19	2
57	20	1
57	22	3
57	23	3
57	25	3
57	26	3
57	27	4
57	28	3
57	29	3
57	30	1
57	31	2
57	32	4
57	33	4
57	34	5
57	35	4
57	36	7
57	37	3
57	38	7
57	39	5
57	40	3
57	41	3
57	42	5
57	43	7
57	44	1
57	45	7
57	46	7
57	47	1
57	48	3
57	49	5
57	50	3
57	51	9
57	52	7
57	53	2
57	54	3
57	55	4
57	56	7
58	0	4
58	1	2
58	2	1
58	3	3
58	4	2
58	6	2
58	10	1
58	11	2
58	14	2
58	17	5
58	18	4
58	20	3
58	22	1
58	23	2
58	24	3
58	25	1
58	26	1
58	27	3
58	28	4
58	29	1
58	30	2
58	31	2
58	32	2
58	33	4
58	34	4
58	35	6
58	36	8
58	37	4
58	38	7
58	39	5
58	40	5
58	41	3
58	43	5
58	44	5
58	45	10
58	46	5
58	47	4
58	48	4
58	49	5
58	50	1
58	51	7
58	52	7
58	53	6
58	54	2
58	55	5
58	56	6
58	57	10
59	1	8
59	2	1
59	3	5
59	4	7
59	8	1
59	9	2
59	10	2
59	11	3
59	12	3
59	13	5
59	14	2
59	15	3
59	17	1
59	18	4
59	19	5
59	20	4
59	21	2
59	22	5
59	23	3
59	24	6
59	25	4
59	26	3
59	27	3
59	28	8
59	30	3
59	31	4
59	32	4
59	33	1
59	34	6
59	35	4
59	36	4
59	37	2
59	38	2
59	39	3
59	40	2
59	41	4
59	42	3
59	43	5
59	44	2
59	45	3
59	46	2
59	47	5
59	48	2
59	49	8
59	50	7
59	51	9
59	52	8
59	53	5
59	54	13
59	55	6
59	57	9
59	58	3
60	1	3
60	2	2
60	3	2
60	4	3
60	7	5
60	10	2
60	11	4
60	12	1
60	13	2
60	14	1
60	15	4
60	17	2
60	19	2
60	20	3
60	23	2
60	24	2
60	25	2
60	26	2
60	27	3
60	28	5
60	29	3
60	30	5
60	31	3
60	32	1
60	33	6
60	34	3
60	35	7
60	36	3
60	37	4
60	38	7
60	39	6
60	40	5
60	41	1
60	42	6
60	43	7
60	44	2
60	45	3
60	46	6
60	47	9
60	48	4
60	49	4
60	50	1
60	51	7
60	52	2
60	53	4
60	54	4
60	55	3
60	56	6
60	57	10
60	58	14
60	59	4
