1	0	4
2	0	3
2	1	3
3	0	2
3	1	10
3	2	7
4	0	5
4	1	2
4	2	11
4	3	17
5	0	4
5	1	3
5	2	1
5	3	4
5	4	4
6	0	2
6	1	4
6	2	3
6	3	3
6	4	5
6	5	9
7	0	2
7	1	8
7	2	3
7	3	2
7	4	5
7	5	4
7	6	9
8	0	5
8	1	8
8	2	5
8	3	7
8	4	5
8	5	6
8	6	12
8	7	10
9	0	3
9	1	6
9	3	3
9	4	3
9	5	3
9	6	9
9	7	12
9	8	7
10	0	6
10	1	6
10	2	5
10	3	6
10	4	6
10	5	7
10	6	5
10	7	4
10	8	7
10	9	9
11	0	2
11	1	6
11	2	7
11	3	1
11	4	4
11	5	5
11	6	2
11	7	4
11	8	6
11	9	12
11	10	7
12	0	4
12	1	6
12	2	7
12	3	4
12	4	9
12	5	8
12	6	9
12	7	4
12	8	7
12	9	5
12	10	13
12	11	11
13	0	8
13	1	11
13	2	2
13	3	1
13	4	4
13	5	5
13	6	4
13	7	3
13	8	12
13	9	8
13	10	7
13	11	8
13	12	7
14	0	4
14	1	9
14	2	7
14	4	14
14	5	3
14	6	2
14	7	3
14	8	13
14	9	7
14	10	12
14	11	9
14	12	16
14	13	9
15	0	8
15	1	6
15	2	6
15	3	6
15	4	4
15	5	3
15	6	4
15	7	9
15	8	5
15	9	6
15	10	5
15	11	3
15	12	10
15	13	13
15	14	14
16	0	1
16	2	3
16	3	6
16	4	4
16	5	3
16	6	3
16	7	1
16	8	5
16	9	3
16	10	3
16	11	1
16	12	4
16	13	2
16	14	4
16	15	5
17	0	4
17	1	2
17	2	7
17	3	4
17	4	6
17	5	5
17	6	4
17	8	5
17	9	6
17	10	4
17	11	4
17	12	5
17	13	3
17	14	4
17	15	5
17	16	6
18	1	7
18	2	4
18	3	2
18	4	6
18	5	7
18	6	4
18	7	4
18	8	2
18	9	5
18	10	9
18	11	2
18	12	10
18	13	1
18	14	6
18	15	6
18	16	6
18	17	5
19	0	1
19	1	11
19	2	8
19	3	5
19	4	11
19	5	3
19	6	4
19	7	4
19	8	8
19	9	5
19	10	2
19	11	5
19	12	3
19	13	4
19	14	6
19	15	3
19	16	3
19	17	8
20	0	3
20	1	4
20	2	11
20	3	5
20	4	15
20	5	5
20	6	2
20	7	3
20	8	8
20	9	5
20	10	6
20	11	3
20	12	8
20	13	5
20	14	7
20	15	5
20	16	2
20	17	2
20	18	4
20	19	9
21	0	3
21	1	7
21	2	5
21	3	3
21	4	6
21	5	2
21	6	3
21	7	6
21	8	7
21	9	5
21	10	6
21	11	1
21	12	4
21	13	6
21	14	8
21	15	13
21	16	3
21	17	6
21	18	6
21	19	8
21	20	6
22	1	3
22	2	6
22	3	3
22	4	8
22	5	10
22	6	2
22	7	2
22	8	3
22	9	4
22	10	2
22	11	4
22	12	6
22	13	5
22	14	4
22	15	5
22	16	7
22	17	1
22	18	3
22	19	4
22	20	2
22	21	2
23	0	6
23	1	3
23	2	1
23	3	2
23	4	2
23	5	2
23	8	1
23	10	2
23	11	5
23	12	3
23	13	2
23	14	1
23	15	4
23	17	2
23	18	4
23	19	4
23	20	3
23	21	6
23	22	4
24	0	8
24	1	9
24	2	5
24	3	3
24	4	8
24	5	1
24	6	2
24	7	3
24	8	6
24	9	5
24	10	5
24	11	5
24	12	6
24	13	5
24	14	4
24	15	7
24	16	1
24	17	4
24	18	6
24	19	5
24	20	6
24	22	1
24	23	5
25	0	5
25	1	4
25	2	1
25	3	2
25	4	3
25	5	2
25	6	6
25	7	3
25	8	6
25	9	6
25	10	7
25	11	3
25	12	1
25	13	3
25	14	7
25	15	4
25	16	1
25	17	5
25	18	3
25	19	4
25	20	1
25	21	3
25	22	2
25	23	1
25	24	4
26	1	1
26	2	1
26	4	3
26	5	2
26	7	3
26	8	2
26	10	1
26	12	1
26	13	6
26	14	2
26	15	3
26	17	1
26	18	2
26	19	4
26	20	6
26	22	1
26	23	2
26	24	5
26	25	1
27	1	1
27	2	4
27	3	1
27	5	1
27	7	2
27	8	3
27	9	2
27	10	1
27	11	2
27	12	6
27	13	2
27	14	3
27	15	2
27	17	2
27	18	1
27	19	2
27	23	4
27	24	6
27	25	6
27	26	11
28	0	5
28	1	4
28	2	3
28	3	3
28	4	10
28	5	4
28	6	4
28	7	4
28	9	6
28	10	4
28	11	3
28	12	6
28	13	1
28	14	8
28	15	3
28	16	1
28	18	11
28	19	2
28	20	5
28	21	3
28	22	3
28	23	4
28	24	2
28	25	6
28	26	1
28	27	3
29	1	2
29	2	2
29	4	1
29	5	2
29	7	2
29	10	3
29	12	1
29	14	5
29	16	3
29	18	2
29	19	1
29	20	1
29	23	2
29	24	4
29	25	4
29	26	4
29	27	1
29	28	2
30	1	1
30	3	1
30	5	2
30	7	1
30	8	3
30	9	1
30	10	5
30	11	3
30	12	3
30	13	1
30	14	1
30	17	1
30	18	1
30	19	1
30	22	1
30	24	2
30	25	6
30	26	2
30	27	4
30	28	3
30	29	7
31	4	3
31	5	2
31	8	3
31	9	5
31	10	1
31	11	1
31	14	2
31	21	2
31	22	1
31	23	3
31	24	1
31	25	2
31	26	3
31	27	4
31	28	4
31	29	4
31	30	9
32	1	6
32	2	3
32	4	1
32	8	5
32	9	2
32	10	3
32	11	4
32	12	4
32	13	2
32	14	1
32	15	3
32	18	4
32	22	2
32	23	1
32	24	1
32	25	2
32	26	2
32	28	1
32	29	8
32	30	5
32	31	8
33	0	1
33	1	4
33	2	2
33	3	2
33	4	2
33	5	2
33	8	2
33	10	3
33	11	1
33	12	4
33	13	2
33	14	2
33	15	2
33	18	3
33	19	5
33	21	3
33	22	5
33	23	2
33	24	1
33	25	2
33	26	6
33	27	6
33	28	2
33	29	7
33	30	4
33	31	4
33	32	12
34	1	4
34	2	2
34	3	2
34	4	3
34	5	2
34	6	2
34	8	2
34	9	2
34	10	6
34	11	7
34	12	2
34	13	1
34	14	2
34	15	2
34	17	3
34	18	5
34	19	1
34	20	1
34	21	1
34	22	6
34	23	2
34	24	9
34	25	5
34	26	1
34	27	5
34	28	3
34	29	3
34	30	6
34	31	3
34	32	4
34	33	5
35	0	2
35	1	5
35	2	1
35	3	3
35	4	2
35	5	3
35	6	3
35	8	8
35	9	3
35	10	4
35	11	2
35	12	5
35	13	6
35	14	4
35	15	2
35	16	1
35	19	2
35	20	1
35	22	2
35	23	2
35	24	7
35	25	4
35	26	6
35	27	8
35	28	4
35	29	6
35	30	7
35	31	8
35	32	8
35	33	14
35	34	15
36	1	3
36	2	2
36	3	4
36	4	3
36	5	2
36	6	1
36	10	2
36	11	1
36	12	3
36	13	1
36	14	4
36	15	3
36	16	2
36	18	2
36	22	2
36	24	4
36	25	2
36	26	5
36	27	2
36	28	3
36	29	1
36	31	2
36	33	4
36	34	5
36	35	7
37	0	1
37	1	1
37	2	4
37	3	1
37	4	1
37	5	3
37	6	4
37	7	1
37	8	3
37	10	5
37	11	5
37	12	7
37	13	2
37	14	1
37	15	2
37	18	4
37	19	3
37	20	4
37	21	1
37	24	4
37	25	4
37	26	5
37	27	3
37	28	1
37	29	3
37	30	5
37	31	7
37	32	10
37	33	4
37	34	10
37	35	6
37	36	7
38	1	4
38	2	3
38	3	3
38	4	2
38	6	2
38	7	1
38	8	2
38	9	3
38	10	5
38	11	2
38	12	4
38	13	3
38	14	3
38	15	1
38	16	1
38	17	1
38	18	3
38	19	2
38	20	4
38	21	5
38	22	3
38	23	4
38	24	6
38	25	5
38	26	4
38	27	2
38	28	7
38	29	3
38	30	3
38	31	8
38	32	3
38	33	7
38	34	6
38	35	6
38	36	6
38	37	11
39	1	4
39	4	6
39	5	5
39	7	4
39	8	2
39	9	3
39	10	3
39	11	4
39	12	4
39	13	4
39	14	2
39	15	1
39	16	2
39	18	3
39	19	3
39	20	3
39	21	1
39	22	2
39	23	1
39	24	3
39	25	2
39	26	1
39	27	1
39	28	9
39	29	4
39	30	2
39	31	7
39	32	5
39	34	2
39	35	1
39	36	3
39	37	8
39	38	16
40	0	2
40	1	3
40	2	3
40	4	2
40	5	2
40	6	1
40	7	3
40	8	6
40	9	6
40	10	7
40	11	7
40	12	6
40	13	3
40	14	4
40	16	5
40	17	3
40	18	5
40	19	3
40	20	3
40	23	2
40	24	12
40	25	7
40	26	3
40	27	11
40	28	5
40	29	4
40	30	8
40	31	7
40	32	3
40	33	5
40	34	9
40	35	1
40	36	4
40	37	9
40	38	8
40	39	8
41	4	2
41	5	5
41	6	10
41	7	1
41	8	9
41	10	5
41	11	4
41	12	2
41	14	2
41	15	2
41	16	4
41	18	5
41	20	2
41	22	3
41	24	3
41	25	4
41	26	4
41	27	3
41	28	4
41	29	6
41	30	2
41	31	4
41	32	5
41	33	5
41	34	3
41	35	6
41	36	1
41	37	12
41	38	4
41	39	12
41	40	8
42	2	1
42	3	2
42	4	4
42	5	2
42	6	3
42	8	6
42	9	1
42	10	3
42	11	3
42	12	2
42	13	2
42	14	5
42	15	5
42	17	1
42	18	3
42	19	6
42	20	1
42	24	3
42	25	1
42	26	2
42	27	3
42	28	2
42	29	3
42	30	1
42	31	4
42	32	4
42	33	1
42	34	4
42	35	6
42	36	1
42	37	3
42	38	10
42	39	14
42	40	7
42	41	8
43	0	3
43	1	2
43	2	2
43	3	2
43	4	2
43	5	1
43	7	3
43	8	1
43	9	2
43	10	4
43	11	5
43	12	2
43	13	3
43	14	2
43	15	3
43	17	1
43	18	3
43	20	1
43	23	5
43	24	1
43	25	8
43	26	5
43	27	1
43	28	4
43	29	5
43	30	6
43	31	6
43	32	9
43	33	4
43	34	6
43	35	5
43	36	3
43	37	7
43	38	9
43	39	8
43	40	5
43	41	6
43	42	9
44	4	2
44	5	3
44	7	1
44	8	3
44	10	2
44	11	2
44	12	1
44	18	1
44	19	3
44	20	1
44	23	1
44	24	3
44	25	2
44	26	4
44	27	4
44	28	4
44	29	3
44	30	4
44	31	5
44	32	3
44	33	1
44	34	5
44	35	5
44	36	4
44	37	4
44	38	13
44	39	3
44	40	5
44	41	8
44	42	5
44	43	16
45	0	1
45	3	3
45	5	3
45	6	1
45	9	1
45	10	4
45	11	2
45	19	1
45	20	1
45	24	3
45	25	1
45	26	2
45	27	1
45	28	2
45	29	4
45	30	4
45	31	6
45	32	5
45	33	4
45	34	4
45	35	5
45	36	7
45	37	7
45	38	13
45	39	8
45	40	4
45	41	9
45	42	6
45	43	7
45	44	4
46	0	2
46	2	1
46	4	3
46	8	2
46	10	4
46	11	3
46	13	4
46	15	1
46	17	2
46	18	1
46	19	1
46	22	1
46	23	1
46	24	2
46	26	3
46	27	4
46	28	8
46	29	3
46	30	5
46	31	3
46	32	6
46	33	4
46	34	8
46	35	10
46	36	6
46	37	5
46	38	10
46	39	5
46	40	4
46	41	4
46	42	1
46	43	8
46	44	4
46	45	4
47	2	2
47	3	4
47	4	2
47	9	1
47	11	1
47	13	4
47	15	1
47	16	1
47	18	1
47	20	3
47	21	1
47	23	1
47	24	5
47	25	3
47	26	3
47	27	4
47	28	5
47	29	4
47	30	4
47	31	5
47	32	3
47	33	6
47	34	5
47	35	9
47	36	3
47	37	12
47	38	5
47	39	2
47	40	7
47	41	1
47	42	5
47	43	4
47	44	1
47	45	4
47	46	12
48	1	10
48	2	3
48	4	3
48	6	3
48	7	3
48	8	1
48	9	2
48	10	3
48	11	9
48	12	2
48	13	1
48	14	4
48	15	2
48	16	2
48	18	6
48	19	3
48	20	2
48	21	1
48	23	5
48	24	7
48	25	8
48	26	4
48	27	1
48	28	2
48	30	3
48	31	5
48	32	2
48	33	8
48	34	8
48	35	2
48	36	4
48	37	1
48	38	4
48	39	3
48	40	6
48	41	2
48	42	1
48	43	1
48	44	3
48	45	1
48	46	1
48	47	3
49	0	3
49	1	5
49	2	6
49	3	4
49	4	8
49	5	1
49	6	3
49	7	1
49	8	4
49	9	3
49	10	9
49	11	4
49	12	2
49	13	4
49	14	6
49	15	4
49	16	3
49	17	2
49	18	3
49	19	4
49	20	2
49	21	1
49	22	1
49	23	4
49	24	11
49	25	2
49	26	2
49	27	5
49	28	10
49	29	5
49	30	4
49	31	4
49	32	6
49	33	3
49	34	18
49	35	6
49	36	13
49	37	5
49	38	12
49	39	6
49	40	4
49	41	3
49	42	4
49	43	2
49	44	2
49	45	5
49	46	5
49	47	7
49	48	9
50	1	6
50	2	1
50	4	5
50	8	5
50	9	2
50	10	3
50	11	1
50	12	2
50	13	4
50	14	4
50	15	4
50	18	1
50	19	2
50	23	1
50	24	8
50	25	8
50	26	3
50	27	6
50	28	2
50	29	2
50	30	1
50	31	3
50	32	2
50	33	3
50	34	8
50	35	4
50	36	7
50	37	2
50	38	2
50	41	1
50	42	3
50	43	2
50	45	2
50	46	3
50	47	5
50	48	6
50	49	9
51	1	6
51	2	6
51	3	2
51	4	1
51	5	3
51	6	2
51	7	2
51	8	3
51	9	6
51	10	7
51	11	5
51	12	3
51	14	5
51	15	3
51	18	4
51	19	1
51	20	3
51	21	1
51	22	5
51	23	2
51	24	9
51	25	1
51	26	3
51	27	8
51	28	5
51	29	4
51	30	7
51	31	7
51	32	6
51	33	2
51	34	14
51	35	6
51	36	2
51	37	5
51	38	9
51	39	3
51	40	18
51	41	8
51	42	4
51	43	7
51	44	5
51	45	3
51	46	3
51	47	3
51	48	7
51	49	14
51	50	6
52	1	2
52	2	3
52	3	4
52	4	3
52	5	3
52	7	1
52	8	2
52	10	2
52	11	1
52	12	2
52	13	4
52	14	4
52	15	4
52	16	7
52	18	3
52	19	5
52	20	3
52	21	2
52	22	5
52	23	3
52	24	4
52	26	5
52	27	2
52	28	7
52	29	1
52	30	2
52	32	2
52	33	7
52	34	5
52	35	4
52	36	8
52	37	5
52	38	13
52	39	7
52	40	3
52	41	2
52	42	6
52	43	3
52	44	3
52	45	6
52	46	7
52	47	4
52	48	5
52	49	8
52	50	4
52	51	8
53	1	1
53	2	2
53	3	1
53	4	2
53	5	2
53	6	1
53	7	5
53	8	5
53	9	2
53	10	7
53	11	5
53	12	3
53	14	6
53	15	5
53	16	4
53	17	3
53	18	5
53	19	3
53	20	2
53	21	2
53	22	4
53	24	10
53	25	6
53	26	4
53	27	2
53	28	4
53	29	1
53	30	2
53	31	1
53	32	5
53	33	3
53	34	4
53	35	7
53	36	2
53	37	9
53	38	10
53	39	3
53	40	15
53	41	3
53	42	9
53	43	7
53	44	2
53	45	1
53	46	3
53	47	4
53	48	6
53	49	12
53	50	2
53	51	4
53	52	16
54	1	2
54	2	2
54	3	3
54	4	5
54	5	1
54	8	3
54	9	2
54	10	6
54	11	2
54	12	4
54	13	2
54	14	3
54	15	3
54	16	3
54	17	2
54	18	3
54	19	2
54	20	3
54	21	2
54	22	2
54	23	4
54	24	3
54	25	4
54	27	1
54	28	4
54	29	1
54	30	1
54	31	1
54	32	2
54	33	2
54	34	2
54	35	3
54	36	4
54	37	4
54	38	7
54	39	2
54	40	7
54	41	2
54	42	2
54	43	3
54	44	3
54	45	2
54	46	1
54	47	4
54	48	5
54	49	5
54	50	2
54	51	4
54	52	10
54	53	6
55	1	2
55	2	3
55	3	2
55	4	7
55	5	3
55	6	3
55	8	3
55	9	5
55	10	4
55	11	4
55	12	4
55	13	2
55	14	2
55	15	3
55	16	3
55	17	4
55	18	4
55	19	2
55	20	5
55	21	4
55	22	4
55	23	4
55	24	1
55	25	6
55	26	2
55	27	5
55	28	15
55	29	4
55	30	2
55	31	1
55	33	4
55	34	5
55	35	3
55	36	6
55	37	3
55	38	8
55	39	7
55	40	6
55	41	3
55	42	3
55	43	5
55	44	3
55	45	5
55	46	2
55	47	1
55	48	4
55	49	8
55	50	1
55	51	5
55	52	11
55	53	12
55	54	19
56	0	2
56	1	3
56	2	1
56	3	1
56	4	2
56	5	3
56	9	1
56	10	2
56	11	2
56	12	5
56	13	1
56	14	2
56	15	3
56	16	1
56	17	3
56	18	4
56	20	2
56	21	3
56	22	1
56	23	1
56	25	2
56	26	4
56	27	3
56	28	8
56	30	2
56	31	4
56	32	2
56	34	4
56	35	2
56	36	4
56	37	1
56	38	12
56	39	11
56	40	7
56	41	5
56	42	3
56	43	4
56	44	6
56	45	5
56	46	7
56	47	4
56	48	5
56	49	7
56	50	3
56	51	6
56	52	9
56	53	9
56	54	3
56	55	10
57	0	2
57	1	6
57	2	4
57	3	6
57	4	3
57	8	2
57	9	2
57	10	4
57	11	1
57	12	2
57	13	4
57	14	5
57	15	3
57	16	1
57	18	2
57	22	1
57	23	5
57	24	3
57	25	3
57	26	3
57	27	1
57	28	4
57	29	5
57	30	2
57	31	3
57	32	2
57	33	3
57	34	3
57	35	6
57	36	11
57	37	5
57	38	10
57	39	4
57	40	4
57	41	4
57	42	4
57	43	2
57	44	3
57	45	7
57	46	6
57	47	3
57	48	1
57	49	5
57	50	3
57	51	8
57	52	9
57	53	7
57	54	5
57	55	8
57	56	9
58	0	2
58	2	3
58	3	3
58	4	3
58	10	3
58	11	1
58	14	3
58	16	2
58	18	5
58	20	2
58	22	3
58	24	4
58	25	2
58	26	1
58	27	2
58	28	3
58	29	3
58	30	4
58	31	4
58	32	3
58	33	1
58	34	4
58	35	9
58	36	6
58	37	4
58	38	3
58	39	5
58	40	5
58	41	1
58	42	2
58	43	1
58	44	6
58	45	6
58	46	7
58	47	8
58	48	2
58	49	6
58	50	3
58	51	5
58	52	5
58	53	4
58	54	2
58	55	5
58	56	3
58	57	6
59	1	9
59	2	7
59	3	4
59	4	4
59	5	2
59	6	3
59	8	3
59	9	1
59	10	6
59	11	4
59	12	2
59	13	3
59	14	3
59	15	8
59	16	2
59	17	1
59	18	4
59	19	5
59	20	2
59	21	1
59	22	3
59	23	8
59	24	4
59	25	2
59	26	3
59	27	6
59	28	4
59	29	2
59	30	4
59	31	3
59	32	7
59	33	4
59	34	6
59	35	4
59	36	7
59	37	7
59	38	8
59	39	5
59	40	7
59	41	2
59	42	3
59	43	5
59	44	6
59	45	5
59	46	7
59	47	2
59	48	5
59	49	11
59	50	4
59	51	11
59	52	14
59	53	7
59	54	5
59	55	6
59	56	6
59	57	8
59	58	5
60	0	2
60	2	1
60	3	2
60	4	1
60	7	2
60	8	2
60	10	3
60	11	1
60	13	3
60	14	1
60	15	3
60	18	1
60	20	1
60	23	4
60	24	3
60	25	3
60	26	2
60	27	5
60	28	4
60	29	3
60	30	4
60	31	2
60	32	2
60	33	6
60	34	6
60	35	7
60	36	6
60	37	4
60	38	4
60	39	4
60	40	4
60	41	2
60	42	2
60	43	3
60	44	1
60	45	3
60	46	8
60	47	9
60	48	3
60	49	6
60	50	4
60	51	4
60	52	6
60	53	8
60	54	1
60	55	4
60	56	4
60	57	12
60	58	9
60	59	4
