1	0	4
2	0	5
2	1	5
3	0	1
3	1	3
3	2	8
4	0	1
4	1	4
4	2	15
4	3	15
5	0	5
5	1	5
5	2	8
5	3	2
5	4	4
6	0	1
6	1	1
6	2	5
6	3	3
6	4	3
6	5	5
7	0	3
7	1	5
7	2	3
7	4	1
7	5	4
7	6	7
8	0	7
8	1	5
8	2	9
8	3	4
8	4	7
8	5	8
8	6	6
8	7	14
9	0	10
9	1	2
9	2	1
9	3	2
9	4	9
9	5	3
9	6	5
9	7	10
9	8	10
10	0	4
10	1	6
10	2	4
10	3	4
10	4	4
10	5	10
10	6	10
10	7	2
10	8	8
10	9	9
11	0	2
11	1	9
11	2	3
11	3	5
11	4	3
11	5	2
11	6	5
11	7	3
11	8	7
11	9	7
11	10	18
12	0	5
12	1	3
12	2	11
12	3	5
12	4	6
12	5	4
12	6	8
12	7	7
12	8	13
12	9	7
12	10	7
12	11	10
13	0	7
13	1	9
13	2	4
13	3	4
13	4	5
13	5	2
13	6	4
13	7	5
13	8	12
13	9	18
13	10	6
13	11	6
13	12	10
14	0	4
14	1	11
14	2	6
14	3	7
14	4	4
14	5	3
14	6	2
14	7	4
14	8	6
14	9	4
14	10	6
14	11	8
14	12	11
14	13	5
15	0	10
15	1	8
15	2	16
15	3	2
15	4	9
15	5	2
15	6	3
15	7	2
15	8	10
15	9	7
15	10	6
15	11	4
15	12	7
15	13	11
15	14	9
16	0	3
16	2	5
16	3	4
16	4	7
16	5	5
16	6	2
16	7	4
16	8	5
16	9	2
16	10	4
16	11	3
16	12	5
16	13	4
16	14	4
16	15	1
17	0	3
17	1	3
17	2	6
17	3	5
17	4	3
17	5	7
17	6	3
17	7	4
17	8	6
17	9	4
17	10	2
17	11	4
17	12	5
17	13	10
17	14	3
17	15	6
17	16	9
18	0	5
18	1	3
18	2	8
18	3	4
18	4	1
18	5	19
18	6	6
18	7	2
18	8	4
18	9	5
18	10	5
18	11	6
18	12	5
18	13	3
18	14	5
18	15	5
18	16	3
18	17	3
19	0	4
19	1	14
19	2	8
19	3	7
19	4	10
19	5	6
19	6	1
19	7	3
19	8	8
19	9	4
19	10	2
19	11	12
19	12	3
19	13	6
19	14	7
19	15	5
19	16	5
19	17	4
19	18	3
20	0	1
20	1	4
20	2	4
20	3	6
20	4	10
20	5	4
20	6	2
20	7	4
20	8	7
20	9	5
20	10	3
20	11	3
20	12	6
20	13	6
20	14	6
20	15	5
20	16	4
20	17	3
20	18	4
20	19	4
21	0	4
21	1	2
21	2	12
21	3	6
21	4	6
21	5	9
21	6	3
21	7	1
21	8	6
21	9	4
21	10	7
21	11	3
21	12	9
21	13	8
21	14	7
21	15	4
21	16	5
21	17	11
21	18	3
21	20	1
22	1	3
22	2	7
22	3	2
22	4	4
22	5	7
22	6	4
22	7	3
22	8	3
22	9	4
22	10	3
22	11	2
22	12	7
22	13	2
22	14	6
22	15	6
22	16	4
22	17	3
22	18	5
22	19	4
22	20	7
22	21	3
23	0	3
23	1	2
23	2	9
23	3	7
23	4	5
23	5	2
23	7	2
23	8	3
23	10	2
23	11	2
23	12	6
23	13	1
23	14	1
23	15	6
23	18	2
23	19	7
23	20	2
23	21	2
24	0	4
24	1	6
24	2	1
24	4	2
24	5	2
24	6	4
24	7	4
24	8	3
24	10	4
24	11	6
24	12	3
24	13	4
24	14	3
24	15	2
24	16	3
24	17	4
24	18	2
24	19	4
24	20	5
24	21	3
24	22	4
24	23	5
25	0	1
25	1	11
25	2	2
25	3	3
25	4	5
25	5	3
25	6	5
25	7	2
25	8	8
25	9	7
25	10	6
25	11	4
25	12	3
25	13	8
25	14	8
25	15	4
25	17	3
25	18	4
25	19	2
25	20	3
25	21	2
25	22	6
25	23	5
25	24	6
26	0	2
26	1	2
26	2	2
26	4	2
26	7	1
26	8	2
26	10	3
26	11	2
26	12	2
26	13	4
26	14	1
26	15	2
26	18	2
26	19	3
26	20	3
26	23	3
26	24	5
26	25	3
27	1	6
27	2	2
27	3	1
27	4	1
27	5	2
27	6	1
27	7	2
27	8	4
27	9	3
27	10	5
27	11	3
27	12	1
27	13	2
27	14	5
27	15	2
27	17	1
27	18	4
27	19	4
27	22	2
27	24	6
27	25	2
27	26	13
28	0	2
28	1	5
28	2	4
28	3	3
28	4	5
28	5	3
28	6	4
28	7	1
28	8	4
28	9	7
28	10	3
28	11	4
28	12	7
28	13	5
28	14	4
28	15	8
28	16	2
28	17	3
28	18	9
28	19	4
28	20	5
28	21	4
28	22	9
28	23	5
28	24	7
28	25	2
28	26	3
28	27	1
29	1	1
29	2	1
29	4	2
29	5	1
29	7	1
29	8	2
29	10	4
29	12	2
29	13	2
29	14	4
29	16	1
29	19	1
29	23	3
29	24	4
29	25	3
29	26	6
29	27	4
29	28	6
30	3	1
30	7	2
30	9	3
30	10	2
30	11	2
30	12	3
30	13	4
30	14	4
30	17	1
30	18	3
30	19	2
30	22	2
30	24	3
30	25	4
30	26	3
30	27	2
30	28	2
30	29	8
31	4	2
31	5	1
31	8	3
31	9	3
31	10	6
31	11	2
31	14	2
31	22	1
31	23	2
31	24	3
31	25	1
31	26	1
31	27	2
31	28	3
31	29	8
31	30	7
32	0	1
32	2	1
32	4	1
32	8	2
32	9	3
32	10	2
32	11	3
32	12	4
32	13	4
32	14	3
32	15	3
32	16	2
32	18	6
32	20	1
32	22	1
32	24	5
32	25	8
32	26	1
32	27	5
32	28	3
32	29	4
32	30	5
32	31	12
33	1	4
33	2	3
33	4	1
33	5	3
33	8	2
33	9	3
33	10	2
33	11	1
33	12	2
33	13	4
33	14	1
33	15	3
33	17	3
33	22	3
33	23	3
33	24	4
33	25	7
33	26	2
33	27	7
33	28	4
33	29	7
33	30	11
33	31	2
33	32	8
34	1	1
34	2	2
34	3	1
34	4	3
34	5	3
34	6	3
34	8	4
34	9	2
34	10	3
34	11	5
34	12	2
34	13	2
34	14	4
34	15	4
34	16	1
34	17	1
34	18	1
34	19	2
34	20	5
34	21	1
34	22	1
34	23	3
34	24	6
34	25	4
34	26	8
34	27	4
34	28	5
34	30	3
34	31	5
34	32	8
34	33	7
35	1	5
35	2	1
35	3	1
35	4	2
35	5	2
35	8	1
35	10	6
35	11	5
35	12	4
35	13	4
35	14	5
35	15	3
35	16	3
35	17	1
35	18	4
35	19	7
35	20	2
35	21	1
35	22	3
35	23	3
35	24	3
35	25	4
35	26	4
35	27	6
35	28	6
35	29	3
35	30	6
35	31	7
35	32	9
35	33	17
35	34	15
36	0	2
36	2	1
36	3	3
36	6	1
36	7	3
36	10	4
36	11	6
36	13	2
36	15	3
36	16	1
36	18	1
36	22	2
36	23	4
36	24	2
36	25	1
36	26	2
36	27	3
36	28	3
36	29	1
36	30	1
36	31	2
36	32	3
36	33	3
36	34	5
36	35	9
37	0	1
37	1	1
37	3	1
37	4	4
37	5	2
37	6	1
37	8	1
37	9	2
37	10	2
37	11	1
37	12	1
37	13	1
37	14	2
37	15	4
37	18	4
37	19	1
37	20	3
37	21	3
37	24	5
37	25	2
37	26	4
37	28	6
37	29	2
37	30	4
37	31	7
37	32	7
37	33	3
37	34	6
37	35	12
37	36	6
38	0	3
38	1	2
38	2	3
38	3	3
38	4	3
38	5	2
38	6	4
38	7	3
38	8	2
38	9	4
38	10	4
38	11	3
38	12	4
38	13	1
38	14	4
38	15	2
38	16	2
38	17	5
38	18	3
38	19	4
38	20	7
38	21	2
38	22	5
38	23	4
38	24	4
38	25	3
38	26	3
38	27	2
38	28	8
38	29	1
38	30	3
38	31	6
38	32	2
38	33	1
38	34	7
38	35	5
38	36	5
38	37	7
39	1	4
39	2	6
39	3	1
39	4	6
39	5	2
39	6	1
39	7	2
39	8	1
39	9	1
39	10	7
39	11	3
39	12	3
39	13	2
39	14	2
39	15	1
39	18	3
39	19	2
39	20	5
39	21	4
39	22	3
39	23	2
39	24	2
39	25	1
39	26	2
39	27	2
39	28	10
39	29	3
39	30	4
39	31	3
39	32	1
39	33	1
39	34	1
39	35	7
39	36	5
39	37	5
39	38	7
40	0	4
40	1	4
40	2	2
40	3	2
40	4	3
40	5	1
40	6	1
40	7	4
40	8	3
40	9	8
40	10	6
40	11	4
40	12	4
40	13	3
40	14	5
40	15	6
40	16	3
40	17	1
40	18	2
40	19	1
40	20	5
40	21	5
40	22	1
40	23	1
40	24	5
40	25	7
40	26	2
40	28	2
40	29	2
40	30	4
40	31	4
40	32	6
40	33	10
40	34	6
40	35	5
40	36	7
40	37	8
40	38	8
40	39	4
41	1	2
41	4	1
41	7	2
41	8	2
41	10	2
41	11	6
41	13	1
41	14	1
41	15	2
41	16	1
41	18	2
41	20	2
41	22	3
41	24	2
41	25	2
41	26	4
41	28	7
41	29	3
41	30	7
41	31	8
41	32	5
41	33	3
41	34	6
41	35	6
41	36	4
41	37	3
41	38	13
41	39	5
41	40	8
42	1	3
42	4	3
42	5	2
42	6	1
42	8	4
42	9	4
42	10	4
42	11	1
42	12	3
42	13	4
42	15	2
42	18	2
42	19	2
42	20	7
42	23	2
42	24	5
42	25	1
42	26	3
42	27	2
42	28	6
42	29	4
42	30	2
42	31	7
42	32	4
42	33	2
42	34	5
42	35	2
42	36	2
42	37	7
42	38	14
42	39	8
42	40	9
42	41	8
43	1	6
43	3	1
43	4	2
43	7	2
43	8	1
43	9	1
43	10	3
43	11	4
43	12	2
43	13	3
43	14	1
43	16	1
43	17	1
43	18	5
43	21	1
43	22	1
43	23	1
43	24	3
43	25	2
43	26	3
43	27	4
43	28	4
43	29	4
43	30	7
43	31	7
43	32	5
43	33	3
43	34	2
43	35	6
43	36	4
43	37	3
43	38	10
43	39	7
43	40	4
43	41	9
43	42	9
44	4	1
44	5	2
44	7	2
44	8	1
44	9	1
44	10	3
44	11	2
44	12	2
44	18	3
44	19	1
44	20	5
44	21	2
44	23	1
44	24	4
44	25	1
44	26	5
44	27	3
44	28	6
44	29	1
44	30	3
44	31	6
44	32	4
44	33	5
44	34	2
44	35	6
44	36	2
44	37	5
44	38	4
44	39	8
44	40	8
44	41	5
44	42	10
44	43	10
45	0	2
45	2	1
45	3	2
45	5	3
45	6	1
45	9	3
45	10	2
45	11	2
45	15	2
45	16	2
45	20	2
45	22	1
45	23	2
45	24	2
45	26	2
45	27	3
45	28	3
45	29	1
45	30	1
45	31	9
45	32	5
45	33	5
45	34	5
45	35	8
45	36	5
45	37	7
45	38	5
45	39	2
45	40	3
45	41	5
45	42	4
45	43	9
45	44	8
46	0	2
46	1	1
46	2	2
46	3	2
46	8	2
46	10	2
46	11	4
46	13	2
46	14	2
46	15	1
46	17	1
46	22	1
46	23	2
46	24	2
46	26	5
46	27	5
46	28	5
46	29	11
46	30	3
46	31	11
46	33	4
46	34	3
46	35	12
46	36	1
46	37	7
46	38	5
46	39	3
46	40	1
46	41	2
46	42	2
46	43	6
46	44	2
46	45	10
47	1	1
47	2	1
47	4	2
47	10	2
47	11	5
47	12	1
47	15	3
47	18	2
47	20	3
47	21	1
47	23	1
47	24	3
47	25	2
47	26	3
47	27	2
47	28	5
47	29	2
47	30	3
47	31	2
47	32	8
47	33	2
47	34	3
47	35	10
47	36	5
47	37	3
47	38	3
47	39	9
47	40	4
47	41	6
47	42	1
47	43	1
47	44	2
47	45	4
47	46	11
48	1	4
48	4	1
48	5	3
48	6	2
48	8	4
48	9	4
48	10	4
48	11	7
48	12	3
48	13	3
48	14	7
48	15	8
48	16	5
48	18	5
48	19	2
48	20	3
48	22	5
48	23	3
48	24	7
48	25	5
48	26	3
48	27	3
48	28	5
48	29	3
48	30	2
48	31	1
48	32	5
48	33	5
48	34	6
48	35	4
48	36	7
48	37	5
48	38	5
48	39	3
48	40	7
48	41	2
48	42	7
48	43	4
48	44	3
48	45	5
48	46	6
48	47	3
49	0	3
49	1	8
49	2	1
49	3	3
49	4	5
49	5	4
49	6	1
49	7	2
49	8	4
49	9	6
49	10	5
49	11	2
49	12	2
49	13	6
49	14	6
49	16	3
49	17	2
49	18	5
49	19	5
49	20	5
49	21	1
49	22	2
49	23	1
49	24	12
49	25	5
49	26	4
49	27	8
49	28	6
49	29	4
49	30	2
49	31	2
49	32	3
49	33	4
49	34	7
49	35	7
49	36	5
49	37	4
49	38	6
49	39	2
49	40	11
49	41	3
49	42	6
49	43	3
49	44	4
49	45	3
49	46	5
49	47	7
49	48	13
50	1	6
50	2	5
50	4	2
50	8	1
50	9	4
50	10	2
50	11	4
50	12	1
50	13	3
50	14	6
50	15	3
50	19	2
50	20	2
50	23	1
50	24	4
50	25	4
50	26	4
50	27	1
50	28	4
50	30	4
50	32	3
50	33	4
50	34	9
50	35	9
50	36	2
50	37	2
50	38	4
50	39	4
50	40	2
50	41	3
50	42	3
50	43	2
50	45	4
50	46	1
50	47	2
50	48	10
50	49	8
51	1	3
51	2	2
51	3	5
51	4	4
51	5	2
51	6	2
51	7	2
51	8	2
51	9	2
51	10	5
51	11	4
51	12	4
51	13	3
51	14	4
51	15	5
51	18	5
51	19	3
51	20	2
51	21	2
51	22	5
51	23	4
51	24	10
51	25	5
51	26	9
51	28	7
51	29	3
51	30	3
51	31	3
51	32	4
51	33	4
51	34	4
51	35	7
51	36	10
51	37	5
51	38	16
51	39	7
51	40	3
51	41	6
51	42	4
51	43	3
51	44	5
51	45	5
51	46	5
51	47	5
51	48	5
51	49	15
51	50	6
52	1	5
52	2	1
52	3	6
52	4	2
52	5	8
52	7	3
52	8	1
52	9	3
52	10	6
52	11	2
52	12	2
52	13	4
52	14	5
52	15	1
52	16	2
52	18	4
52	20	1
52	21	2
52	22	3
52	23	3
52	24	4
52	25	6
52	26	2
52	27	2
52	28	8
52	30	3
52	31	2
52	32	2
52	33	4
52	34	6
52	35	8
52	36	6
52	37	1
52	38	9
52	39	5
52	40	4
52	41	3
52	42	4
52	43	2
52	44	5
52	46	3
52	47	6
52	48	8
52	49	9
52	50	3
52	51	9
53	1	1
53	2	4
53	3	4
53	4	7
53	5	3
53	7	2
53	8	5
53	9	7
53	10	1
53	11	3
53	12	2
53	13	9
53	14	4
53	15	3
53	16	3
53	17	1
53	18	8
53	19	1
53	20	2
53	21	1
53	22	1
53	23	3
53	24	5
53	25	6
53	26	1
53	27	3
53	28	11
53	29	3
53	31	1
53	32	7
53	33	1
53	34	6
53	35	2
53	36	6
53	37	7
53	38	21
53	39	8
53	40	11
53	41	3
53	42	7
53	43	4
53	44	3
53	45	3
53	46	4
53	47	4
53	48	8
53	49	8
53	50	2
53	51	13
53	52	7
54	0	3
54	1	5
54	2	3
54	3	4
54	4	8
54	5	4
54	8	3
54	9	2
54	10	2
54	11	2
54	12	5
54	13	4
54	14	8
54	15	6
54	17	2
54	18	6
54	19	1
54	20	3
54	21	5
54	22	2
54	23	1
54	24	5
54	25	4
54	26	1
54	27	1
54	28	8
54	29	1
54	30	2
54	31	1
54	32	4
54	33	1
54	34	2
54	35	5
54	36	2
54	37	4
54	38	5
54	39	1
54	40	4
54	41	3
54	42	2
54	43	5
54	44	3
54	45	2
54	46	4
54	47	3
54	48	4
54	49	7
54	50	5
54	51	6
54	52	12
54	53	6
55	0	3
55	1	4
55	2	3
55	3	4
55	4	3
55	5	2
55	6	1
55	7	3
55	8	3
55	9	6
55	10	11
55	11	3
55	12	5
55	13	3
55	14	6
55	15	3
55	16	1
55	17	3
55	18	9
55	19	1
55	20	7
55	21	4
55	22	5
55	23	5
55	24	3
55	25	6
55	26	2
55	27	7
55	28	10
55	29	1
55	30	1
55	31	1
55	32	2
55	33	3
55	34	5
55	35	4
55	36	7
55	37	3
55	38	11
55	39	4
55	41	5
55	42	2
55	43	3
55	44	4
55	45	3
55	46	5
55	47	3
55	48	6
55	49	8
55	50	2
55	51	6
55	52	11
55	53	10
55	54	13
56	1	2
56	2	3
56	3	5
56	4	1
56	5	4
56	8	2
56	9	1
56	10	5
56	11	5
56	12	3
56	14	2
56	15	7
56	18	2
56	19	2
56	20	4
56	21	1
56	23	2
56	24	2
56	25	3
56	26	1
56	27	3
56	28	9
56	30	2
56	31	4
56	32	3
56	33	3
56	34	4
56	35	1
56	36	6
56	37	4
56	38	8
56	39	10
56	40	5
56	41	5
56	42	6
56	43	6
56	44	10
56	45	3
56	46	4
56	47	3
56	48	3
56	49	4
56	50	3
56	51	2
56	52	12
56	53	5
56	54	7
56	55	4
57	0	1
57	2	2
57	3	2
57	4	5
57	6	1
57	8	1
57	10	6
57	12	3
57	13	3
57	14	1
57	15	4
57	16	1
57	18	3
57	19	3
57	20	1
57	23	1
57	25	6
57	26	4
57	27	2
57	28	4
57	30	7
57	32	4
57	33	2
57	34	4
57	35	4
57	36	4
57	37	3
57	38	8
57	39	3
57	40	4
57	41	4
57	42	3
57	43	1
57	44	1
57	45	5
57	46	9
57	47	4
57	48	5
57	49	3
57	50	4
57	51	8
57	52	15
57	53	1
57	54	4
57	55	5
57	56	4
58	0	2
58	1	3
58	2	1
58	3	3
58	4	2
58	6	1
58	7	1
58	10	3
58	11	2
58	14	1
58	16	1
58	18	1
58	22	1
58	23	2
58	25	5
58	27	2
58	28	2
58	29	5
58	30	1
58	31	2
58	32	4
58	33	2
58	34	4
58	35	5
58	36	7
58	37	8
58	38	12
58	39	6
58	40	5
58	41	8
58	42	3
58	43	7
58	44	7
58	45	5
58	46	7
58	47	4
58	48	4
58	49	8
58	50	1
58	51	3
58	52	8
58	53	4
58	54	5
58	55	4
58	56	8
58	57	12
59	1	3
59	2	7
59	3	2
59	4	1
59	5	1
59	6	3
59	8	3
59	9	4
59	10	5
59	11	2
59	12	5
59	13	9
59	14	4
59	15	4
59	16	4
59	17	2
59	18	4
59	19	3
59	20	3
59	21	1
59	22	4
59	23	6
59	24	6
59	25	4
59	26	10
59	27	5
59	28	2
59	29	5
59	30	4
59	31	2
59	32	4
59	33	6
59	34	4
59	35	2
59	36	10
59	37	2
59	38	5
59	39	4
59	40	3
59	41	4
59	42	2
59	43	4
59	44	5
59	45	2
59	46	8
59	47	3
59	48	5
59	49	13
59	50	5
59	51	5
59	52	11
59	53	4
59	54	7
59	55	6
59	56	5
59	57	8
59	58	3
60	0	2
60	1	1
60	2	1
60	4	2
60	7	1
60	8	3
60	10	2
60	11	4
60	12	3
60	13	3
60	14	1
60	15	3
60	17	1
60	18	2
60	19	2
60	20	1
60	23	4
60	24	3
60	25	1
60	27	8
60	28	4
60	29	4
60	30	3
60	31	4
60	32	1
60	33	2
60	34	5
60	35	6
60	36	6
60	37	3
60	38	4
60	39	3
60	40	4
60	41	3
60	42	4
60	43	3
60	44	6
60	45	4
60	46	6
60	47	6
60	48	2
60	49	8
60	50	4
60	51	4
60	52	5
60	53	1
60	54	3
60	55	3
60	56	2
60	57	12
60	58	7
60	59	7
