1	0	6
2	0	5
2	1	2
3	1	3
3	2	6
4	0	1
4	1	4
4	2	13
4	3	9
5	0	4
5	1	1
5	2	4
5	3	4
5	4	7
6	0	7
6	1	1
6	2	3
6	3	4
6	5	9
7	0	3
7	1	5
7	2	1
7	3	1
7	4	5
7	5	5
7	6	5
8	0	3
8	1	6
8	2	2
8	3	4
8	4	4
8	5	6
8	6	6
8	7	5
9	1	6
9	2	1
9	3	1
9	4	3
9	5	7
9	6	10
9	7	12
9	8	4
10	0	5
10	1	7
10	2	6
10	3	3
10	4	6
10	5	6
10	6	6
10	7	5
10	8	11
10	9	9
11	0	5
11	1	5
11	2	3
11	4	4
11	5	3
11	6	3
11	7	3
11	8	4
11	9	10
11	10	14
12	0	3
12	1	3
12	2	6
12	3	1
12	4	5
12	5	4
12	6	10
12	7	11
12	8	6
12	9	10
12	10	15
12	11	6
13	0	6
13	1	10
13	2	6
13	3	1
13	4	3
13	5	2
13	6	6
13	7	3
13	8	9
13	9	17
13	10	12
13	11	12
13	12	13
14	0	5
14	1	8
14	2	4
14	3	4
14	4	5
14	5	9
14	6	7
14	7	3
14	8	7
14	9	5
14	10	6
14	11	9
14	12	12
14	13	4
15	0	5
15	1	7
15	2	4
15	3	3
15	4	4
15	5	5
15	6	5
15	7	3
15	8	6
15	9	4
15	10	4
15	11	5
15	12	9
15	13	12
15	14	8
16	1	6
16	2	5
16	3	3
16	4	6
16	5	2
16	6	3
16	8	2
16	9	1
16	10	2
16	11	3
16	12	3
16	13	2
16	14	7
16	15	9
17	0	2
17	1	1
17	2	3
17	3	8
17	4	6
17	5	4
17	6	4
17	7	2
17	8	8
17	9	3
17	10	5
17	11	10
17	12	3
17	13	2
17	14	6
17	15	5
17	16	8
18	0	2
18	1	6
18	2	4
18	3	2
18	4	6
18	5	6
18	6	4
18	7	5
18	8	7
18	9	7
18	10	4
18	11	3
18	12	9
18	13	6
18	14	5
18	15	2
18	16	4
18	17	3
19	0	3
19	1	4
19	2	2
19	3	7
19	4	5
19	5	7
19	6	5
19	7	3
19	8	3
19	9	1
19	10	3
19	11	3
19	12	8
19	13	6
19	14	4
19	15	8
19	16	2
19	17	6
19	18	1
20	0	1
20	1	3
20	2	8
20	3	7
20	4	11
20	5	6
20	6	2
20	7	1
20	8	7
20	9	6
20	10	3
20	11	1
20	12	10
20	13	3
20	14	14
20	15	5
20	16	2
20	17	2
20	18	8
20	19	1
21	0	5
21	1	3
21	2	9
21	3	2
21	4	6
21	5	5
21	6	7
21	7	5
21	8	3
21	9	4
21	10	9
21	11	1
21	12	8
21	13	3
21	14	7
21	15	4
21	16	5
21	17	10
21	18	4
21	19	2
21	20	6
22	1	1
22	2	10
22	3	3
22	4	7
22	5	7
22	6	4
22	7	4
22	8	2
22	9	2
22	10	4
22	11	2
22	12	3
22	13	1
22	14	4
22	15	8
22	16	2
22	17	5
22	18	8
22	19	4
22	20	8
22	21	15
23	0	1
23	1	7
23	2	2
23	3	6
23	4	6
23	7	4
23	8	6
23	9	2
23	10	1
23	11	2
23	12	2
23	13	2
23	14	4
23	15	6
23	18	1
23	19	5
23	20	5
23	21	2
23	22	3
24	0	3
24	1	2
24	2	7
24	3	2
24	4	1
24	5	2
24	6	1
24	8	4
24	9	5
24	10	4
24	11	7
24	12	5
24	13	2
24	14	9
24	15	7
24	16	1
24	18	4
24	19	8
24	20	4
24	21	1
24	22	3
24	23	12
25	0	3
25	1	8
25	2	1
25	3	5
25	4	3
25	5	5
25	6	3
25	7	3
25	8	4
25	9	7
25	10	7
25	11	7
25	12	4
25	13	4
25	14	2
25	15	4
25	16	3
25	18	1
25	19	1
25	20	6
25	21	3
25	23	4
25	24	4
26	0	1
26	1	3
26	2	3
26	4	2
26	5	1
26	7	3
26	10	3
26	11	2
26	13	7
26	14	3
26	15	3
26	18	1
26	19	2
26	20	1
26	22	1
26	23	2
26	24	4
26	25	6
27	1	6
27	2	2
27	3	1
27	4	2
27	5	3
27	7	2
27	8	2
27	9	1
27	10	1
27	11	4
27	12	1
27	13	1
27	14	3
27	15	3
27	18	3
27	19	8
27	22	3
27	23	3
27	24	5
27	25	11
27	26	12
28	0	2
28	1	2
28	3	7
28	4	8
28	5	3
28	6	3
28	7	1
28	8	5
28	9	1
28	10	9
28	11	5
28	12	7
28	13	3
28	14	4
28	15	4
28	16	3
28	17	5
28	18	15
28	19	2
28	20	5
28	21	2
28	22	3
28	23	3
28	24	6
28	25	6
28	26	3
28	27	2
29	1	3
29	2	2
29	4	2
29	5	2
29	7	1
29	8	1
29	10	3
29	12	2
29	13	1
29	16	1
29	18	2
29	20	1
29	24	1
29	25	3
29	26	3
29	27	3
30	1	3
30	3	2
30	5	2
30	8	3
30	9	2
30	10	3
30	11	3
30	12	2
30	13	2
30	14	1
30	17	2
30	18	4
30	19	2
30	20	1
30	22	5
30	24	3
30	25	1
30	26	3
30	27	3
30	28	8
30	29	7
31	4	2
31	8	1
31	9	5
31	10	4
31	11	1
31	14	4
31	15	1
31	19	1
31	21	1
31	23	1
31	24	3
31	25	3
31	26	2
31	27	4
31	28	3
31	29	6
31	30	12
32	1	3
32	2	2
32	4	2
32	9	3
32	10	3
32	11	5
32	13	1
32	14	2
32	15	4
32	16	1
32	17	3
32	18	4
32	20	1
32	22	1
32	23	2
32	24	2
32	25	2
32	26	3
32	27	4
32	28	2
32	29	11
32	30	3
32	31	13
33	1	1
33	2	2
33	3	1
33	4	2
33	5	3
33	8	2
33	9	5
33	10	3
33	11	1
33	12	1
33	13	1
33	14	1
33	15	5
33	17	3
33	18	4
33	19	2
33	21	1
33	23	2
33	24	5
33	25	8
33	26	1
33	27	6
33	28	3
33	29	6
33	30	3
33	31	10
33	32	14
34	1	4
34	2	3
34	3	2
34	5	1
34	6	4
34	8	3
34	9	2
34	10	3
34	11	4
34	13	3
34	14	5
34	15	3
34	16	1
34	17	2
34	18	2
34	19	3
34	20	2
34	21	5
34	23	1
34	24	6
34	25	6
34	26	4
34	27	4
34	28	4
34	29	5
34	30	2
34	31	7
34	32	5
34	33	7
35	0	1
35	1	3
35	2	3
35	4	3
35	5	1
35	6	3
35	8	4
35	9	2
35	10	3
35	11	2
35	12	2
35	13	7
35	14	5
35	15	3
35	17	1
35	18	5
35	19	5
35	20	2
35	21	3
35	22	2
35	23	4
35	24	3
35	25	4
35	26	7
35	27	6
35	28	8
35	29	9
35	30	2
35	31	6
35	32	12
35	33	12
35	34	11
36	0	3
36	1	2
36	2	3
36	3	4
36	4	5
36	6	2
36	8	3
36	10	2
36	11	4
36	12	3
36	13	2
36	14	2
36	15	1
36	16	1
36	18	4
36	23	2
36	24	6
36	25	3
36	26	4
36	28	1
36	29	7
36	30	6
36	31	4
36	32	3
36	33	3
36	34	7
36	35	9
37	0	1
37	2	4
37	3	3
37	5	4
37	6	1
37	7	2
37	10	5
37	11	2
37	12	2
37	13	3
37	14	2
37	15	2
37	18	5
37	19	2
37	20	1
37	21	2
37	24	3
37	25	3
37	27	3
37	28	3
37	29	7
37	30	10
37	31	6
37	32	9
37	33	6
37	34	7
37	35	8
37	36	4
38	2	5
38	3	5
38	4	2
38	5	5
38	6	2
38	7	4
38	8	4
38	9	1
38	10	4
38	11	3
38	12	6
38	13	6
38	14	3
38	15	4
38	16	3
38	18	2
38	19	2
38	20	1
38	21	3
38	22	11
38	23	4
38	24	2
38	25	2
38	26	1
38	27	6
38	28	7
38	29	4
38	30	3
38	31	4
38	32	7
38	33	1
38	34	7
38	35	8
38	36	6
38	37	10
39	1	4
39	2	2
39	3	1
39	4	1
39	5	5
39	7	1
39	8	2
39	9	1
39	10	1
39	11	3
39	12	3
39	13	2
39	14	2
39	15	3
39	16	1
39	18	2
39	19	4
39	20	6
39	21	1
39	22	1
39	23	1
39	24	4
39	25	1
39	27	2
39	28	13
39	29	3
39	30	5
39	31	1
39	32	6
39	33	3
39	34	2
39	35	3
39	36	3
39	37	9
39	38	13
40	1	6
40	2	5
40	4	2
40	5	2
40	6	1
40	7	4
40	8	2
40	9	4
40	10	4
40	11	7
40	12	4
40	13	3
40	14	4
40	15	8
40	16	6
40	17	2
40	18	1
40	19	6
40	20	4
40	21	5
40	22	4
40	23	1
40	24	6
40	25	1
40	26	2
40	28	4
40	29	2
40	30	4
40	31	2
40	32	2
40	33	4
40	34	10
40	35	3
40	37	9
40	38	10
40	39	7
41	1	1
41	4	3
41	5	2
41	6	2
41	7	2
41	8	3
41	10	6
41	12	4
41	13	6
41	14	1
41	15	2
41	16	2
41	18	3
41	20	2
41	22	1
41	24	3
41	25	4
41	26	2
41	27	4
41	28	6
41	30	7
41	31	3
41	32	4
41	33	4
41	35	5
41	36	4
41	37	11
41	38	1
41	39	7
41	40	10
42	1	3
42	2	3
42	3	2
42	4	1
42	5	2
42	6	1
42	8	2
42	9	2
42	10	3
42	11	2
42	12	1
42	13	3
42	14	3
42	15	2
42	17	3
42	18	1
42	19	1
42	20	1
42	24	2
42	25	3
42	26	2
42	27	3
42	28	7
42	30	3
42	31	3
42	32	5
42	33	5
42	34	4
42	35	6
42	36	1
42	37	5
42	38	14
42	39	8
42	40	8
42	41	10
43	1	3
43	2	3
43	3	2
43	4	5
43	5	3
43	7	1
43	8	3
43	10	3
43	11	3
43	12	3
43	13	1
43	14	1
43	15	1
43	16	1
43	17	3
43	18	2
43	20	1
43	21	3
43	22	2
43	23	2
43	24	1
43	25	4
43	26	4
43	27	5
43	28	2
43	29	3
43	30	9
43	31	8
43	32	4
43	33	3
43	34	2
43	35	5
43	36	2
43	37	10
43	38	14
43	39	6
43	40	8
43	41	4
43	42	8
44	4	1
44	5	6
44	7	2
44	8	1
44	10	6
44	11	4
44	19	1
44	20	2
44	21	1
44	23	3
44	25	3
44	27	2
44	28	3
44	29	7
44	30	3
44	31	2
44	32	1
44	33	4
44	34	4
44	35	3
44	36	2
44	37	9
44	38	10
44	39	6
44	40	2
44	41	10
44	42	8
44	43	11
45	0	1
45	6	2
45	10	1
45	15	2
45	19	2
45	20	1
45	23	2
45	25	3
45	26	3
45	27	2
45	28	2
45	30	6
45	31	8
45	32	7
45	33	2
45	34	2
45	35	6
45	36	3
45	37	5
45	38	4
45	39	5
45	40	6
45	41	4
45	42	4
45	43	12
45	44	8
46	0	1
46	1	1
46	3	1
46	4	3
46	8	3
46	10	3
46	11	6
46	13	2
46	14	2
46	15	2
46	18	6
46	19	1
46	23	3
46	24	3
46	26	3
46	27	2
46	28	3
46	29	3
46	30	2
46	31	7
46	32	3
46	33	4
46	34	3
46	35	5
46	36	4
46	37	10
46	38	6
46	39	3
46	40	6
46	41	5
46	42	6
46	43	7
46	44	6
46	45	8
47	2	1
47	3	2
47	4	1
47	9	1
47	10	1
47	11	3
47	12	3
47	13	4
47	15	1
47	16	1
47	18	2
47	20	2
47	23	2
47	24	5
47	25	4
47	26	5
47	27	6
47	28	5
47	29	1
47	30	5
47	31	1
47	32	3
47	33	9
47	34	7
47	35	16
47	36	3
47	37	6
47	38	2
47	39	4
47	40	3
47	41	6
47	42	1
47	43	1
47	44	5
47	45	7
47	46	13
48	1	3
48	3	3
48	5	2
48	6	3
48	7	2
48	8	3
48	9	4
48	10	5
48	11	5
48	12	7
48	13	7
48	14	3
48	15	4
48	18	2
48	19	4
48	20	3
48	21	2
48	23	2
48	24	4
48	25	6
48	27	5
48	28	4
48	29	2
48	30	3
48	31	3
48	32	1
48	33	2
48	34	13
48	35	10
48	36	4
48	37	2
48	38	4
48	39	3
48	40	4
48	41	2
48	42	1
48	43	1
48	44	6
48	45	2
48	46	1
48	47	3
49	0	1
49	1	10
49	2	2
49	3	2
49	4	6
49	5	4
49	6	3
49	8	3
49	9	3
49	10	2
49	11	2
49	12	3
49	13	5
49	14	2
49	15	2
49	16	1
49	17	7
49	18	3
49	19	10
49	20	5
49	21	3
49	22	3
49	23	9
49	24	7
49	25	4
49	26	5
49	27	4
49	28	10
49	29	3
49	30	3
49	31	6
49	32	5
49	33	8
49	34	15
49	35	8
49	36	7
49	37	7
49	38	13
49	39	2
49	40	5
49	41	5
49	42	3
49	43	3
49	44	1
49	46	4
49	47	2
49	48	11
50	0	1
50	1	4
50	3	4
50	4	3
50	7	3
50	9	3
50	10	3
50	11	3
50	13	2
50	14	2
50	15	4
50	18	2
50	19	4
50	20	3
50	23	3
50	24	13
50	25	4
50	26	6
50	27	6
50	28	3
50	29	1
50	30	3
50	31	2
50	32	4
50	33	3
50	34	9
50	35	2
50	36	5
50	37	3
50	38	7
50	39	2
50	40	6
50	41	2
50	42	5
50	43	2
50	45	1
50	46	2
50	47	3
50	48	5
50	49	12
51	1	4
51	2	3
51	3	1
51	4	5
51	5	2
51	6	3
51	7	2
51	8	8
51	9	5
51	10	6
51	11	4
51	12	3
51	13	4
51	14	2
51	15	2
51	18	4
51	19	1
51	20	3
51	21	4
51	22	3
51	23	4
51	24	7
51	25	5
51	26	1
51	27	1
51	28	2
51	29	3
51	30	3
51	31	4
51	32	6
51	33	2
51	34	11
51	35	7
51	36	8
51	37	4
51	38	10
51	39	7
51	40	6
51	41	7
51	42	3
51	43	2
51	44	4
51	45	5
51	46	3
51	47	7
51	48	4
51	49	14
51	50	9
52	1	2
52	2	5
52	3	2
52	4	5
52	5	2
52	8	2
52	9	1
52	10	2
52	11	2
52	12	4
52	13	5
52	14	6
52	15	2
52	16	3
52	17	3
52	18	5
52	19	3
52	20	1
52	21	2
52	22	2
52	23	1
52	24	3
52	25	2
52	26	4
52	27	4
52	28	9
52	29	4
52	30	1
52	31	3
52	32	2
52	33	1
52	34	4
52	35	3
52	36	3
52	37	4
52	38	15
52	39	2
52	40	1
52	41	1
52	42	4
52	43	3
52	44	1
52	45	4
52	46	3
52	47	1
52	48	2
52	49	14
52	50	3
52	51	15
53	1	2
53	2	2
53	3	2
53	4	5
53	5	4
53	6	2
53	7	3
53	8	4
53	9	5
53	10	11
53	11	4
53	12	6
53	14	7
53	15	2
53	16	5
53	17	2
53	18	5
53	19	3
53	20	6
53	21	1
53	22	4
53	23	2
53	24	5
53	25	5
53	26	1
53	27	4
53	28	10
53	29	1
53	30	3
53	31	3
53	32	2
53	33	5
53	34	2
53	35	4
53	37	7
53	38	18
53	39	12
53	40	7
53	41	5
53	42	6
53	43	4
53	44	7
53	45	3
53	46	2
53	47	4
53	48	2
53	49	8
53	50	1
53	51	14
53	52	10
54	0	3
54	1	3
54	2	4
54	3	2
54	4	7
54	5	3
54	8	3
54	9	3
54	10	3
54	11	2
54	12	5
54	13	4
54	14	3
54	15	4
54	16	1
54	17	5
54	18	6
54	19	2
54	20	3
54	21	2
54	22	1
54	23	7
54	24	5
54	25	4
54	26	1
54	27	4
54	28	5
54	30	3
54	31	4
54	33	1
54	34	2
54	35	1
54	36	1
54	37	3
54	38	12
54	39	5
54	40	3
54	41	3
54	42	1
54	43	5
54	44	3
54	45	1
54	46	3
54	47	5
54	48	3
54	49	7
54	50	2
54	51	7
54	52	12
54	53	5
55	1	6
55	2	2
55	3	5
55	4	4
55	5	4
55	6	8
55	7	3
55	8	4
55	9	2
55	10	5
55	11	4
55	12	6
55	13	3
55	14	5
55	15	5
55	16	4
55	17	3
55	18	4
55	19	7
55	20	9
55	21	2
55	22	2
55	23	6
55	24	9
55	25	6
55	26	6
55	27	3
55	28	15
55	29	3
55	30	5
55	31	2
55	32	1
55	33	3
55	34	4
55	35	2
55	36	5
55	37	6
55	38	10
55	39	9
55	40	6
55	41	5
55	42	4
55	43	2
55	44	8
55	45	1
55	46	5
55	47	2
55	48	3
55	49	14
55	50	3
55	51	8
55	52	13
55	53	13
55	54	19
56	0	2
56	3	3
56	4	5
56	5	2
56	8	4
56	9	1
56	10	1
56	11	3
56	12	6
56	14	1
56	15	1
56	18	8
56	19	1
56	20	5
56	21	2
56	22	3
56	23	2
56	24	2
56	25	3
56	26	5
56	27	3
56	28	8
56	30	1
56	31	3
56	32	2
56	33	1
56	34	8
56	35	3
56	36	1
56	37	5
56	38	14
56	39	9
56	40	9
56	41	4
56	42	5
56	43	2
56	44	5
56	46	3
56	47	2
56	48	4
56	49	6
56	50	3
56	51	6
56	52	6
56	53	6
56	54	11
56	55	5
57	0	1
57	1	1
57	2	1
57	3	3
57	4	2
57	8	1
57	9	3
57	10	2
57	11	3
57	12	1
57	13	2
57	14	2
57	15	5
57	16	3
57	18	1
57	19	2
57	20	1
57	22	2
57	23	1
57	24	5
57	25	4
57	26	2
57	27	1
57	28	1
57	29	1
57	30	4
57	31	2
57	32	6
57	33	2
57	34	4
57	35	6
57	36	5
57	37	4
57	38	10
57	39	6
57	40	2
57	41	4
57	42	2
57	43	7
57	44	3
57	45	5
57	46	9
57	47	5
57	49	3
57	50	1
57	51	9
57	52	8
57	53	3
57	54	3
57	55	8
57	56	6
58	1	4
58	3	2
58	6	1
58	7	2
58	10	3
58	11	1
58	14	1
58	17	2
58	18	2
58	20	4
58	22	2
58	23	3
58	24	2
58	25	1
58	26	4
58	27	1
58	28	5
58	29	4
58	30	5
58	31	4
58	32	3
58	33	4
58	34	3
58	35	7
58	36	8
58	37	5
58	38	7
58	39	4
58	40	8
58	41	4
58	42	1
58	43	3
58	44	6
58	45	7
58	46	6
58	47	12
58	48	5
58	49	6
58	50	1
58	51	6
58	52	7
58	53	7
58	54	5
58	55	1
58	56	3
58	57	11
59	1	3
59	2	2
59	3	1
59	4	2
59	5	6
59	6	1
59	8	4
59	9	3
59	10	7
59	11	7
59	12	4
59	13	4
59	14	2
59	15	5
59	16	3
59	17	1
59	18	3
59	19	3
59	21	5
59	22	3
59	23	5
59	24	7
59	25	2
59	26	6
59	27	1
59	28	8
59	29	2
59	30	1
59	31	5
59	32	2
59	33	2
59	34	5
59	35	5
59	36	6
59	37	4
59	38	8
59	39	2
59	40	4
59	41	9
59	42	5
59	43	3
59	45	4
59	46	3
59	47	7
59	48	3
59	49	4
59	50	4
59	51	7
59	52	15
59	53	7
59	54	12
59	55	7
59	56	4
59	57	11
59	58	4
60	0	1
60	1	1
60	2	4
60	3	4
60	4	6
60	7	1
60	8	3
60	10	3
60	11	5
60	12	5
60	13	5
60	14	5
60	15	1
60	17	4
60	18	1
60	19	2
60	20	4
60	23	4
60	24	6
60	25	1
60	26	5
60	27	4
60	28	3
60	29	1
60	30	3
60	32	4
60	33	5
60	34	1
60	35	7
60	36	5
60	37	7
60	38	4
60	39	4
60	40	2
60	41	4
60	42	1
60	43	2
60	44	3
60	45	3
60	46	6
60	47	6
60	48	3
60	49	5
60	50	3
60	51	8
60	52	7
60	53	5
60	54	5
60	55	5
60	56	5
60	57	8
60	58	8
60	59	3
