1	0	7
2	0	6
2	1	2
3	1	4
3	2	2
4	0	1
4	1	7
4	2	7
4	3	12
5	0	2
5	1	3
5	2	2
5	3	1
5	4	2
6	0	3
6	1	4
6	2	7
6	3	3
6	4	4
6	5	5
7	0	2
7	1	1
7	2	2
7	4	2
7	5	4
7	6	8
8	0	2
8	1	5
8	2	7
8	4	8
8	6	8
8	7	11
9	0	2
9	1	6
9	2	2
9	3	2
9	4	3
9	5	4
9	6	8
9	7	4
9	8	18
10	0	2
10	1	4
10	2	4
10	3	6
10	4	3
10	5	7
10	6	7
10	7	8
10	8	13
10	9	12
11	0	3
11	1	6
11	2	3
11	3	3
11	4	5
11	5	3
11	6	1
11	7	4
11	8	9
11	9	2
11	10	11
12	0	3
12	1	1
12	2	8
12	3	4
12	4	6
12	5	3
12	6	9
12	7	5
12	8	4
12	9	11
12	10	13
12	11	14
13	0	4
13	1	10
13	2	7
13	3	3
13	4	5
13	5	5
13	6	5
13	7	6
13	8	9
13	9	12
13	10	7
13	11	7
13	12	17
14	0	5
14	1	8
14	2	5
14	3	7
14	4	8
14	5	5
14	6	3
14	7	1
14	8	6
14	9	1
14	10	8
14	11	6
14	12	14
14	13	8
15	0	6
15	1	9
15	2	3
15	3	7
15	4	4
15	5	5
15	6	4
15	7	5
15	8	7
15	9	3
15	10	1
15	11	7
15	12	7
15	13	14
15	14	11
16	0	2
16	1	2
16	2	10
16	3	3
16	4	6
16	5	2
16	6	5
16	7	2
16	8	7
16	9	5
16	10	2
16	11	2
16	12	3
16	14	2
16	15	6
17	0	4
17	1	5
17	2	6
17	3	1
17	4	6
17	5	3
17	6	1
17	7	4
17	8	8
17	9	3
17	10	4
17	12	6
17	13	7
17	14	5
17	15	8
17	16	7
18	1	5
18	2	4
18	3	2
18	4	4
18	5	4
18	6	2
18	7	3
18	8	10
18	9	6
18	10	8
18	11	11
18	12	11
18	13	3
18	14	4
18	15	5
18	16	1
18	17	1
19	0	3
19	1	5
19	2	7
19	3	6
19	4	7
19	5	4
19	8	2
19	9	2
19	10	5
19	11	5
19	12	3
19	13	10
19	14	5
19	15	14
19	16	1
19	17	3
19	18	2
20	0	4
20	1	1
20	2	12
20	3	8
20	4	7
20	5	5
20	6	2
20	7	4
20	8	1
20	9	3
20	10	7
20	11	3
20	12	4
20	13	8
20	14	13
20	15	4
20	16	2
20	17	3
20	18	6
20	19	3
21	0	5
21	1	2
21	2	9
21	3	6
21	4	8
21	5	4
21	6	9
21	7	3
21	8	7
21	9	6
21	10	5
21	11	4
21	12	6
21	13	5
21	14	7
21	15	9
21	16	5
21	17	3
21	18	6
21	19	4
21	20	4
22	1	1
22	2	5
22	3	2
22	4	7
22	5	8
22	6	1
22	7	4
22	8	2
22	9	3
22	10	4
22	11	2
22	12	7
22	13	6
22	14	2
22	15	4
22	16	2
22	17	4
22	18	3
22	19	5
22	20	12
22	21	5
23	0	2
23	1	7
23	2	1
23	3	4
23	4	9
23	5	3
23	7	2
23	8	4
23	9	6
23	10	3
23	11	2
23	12	1
23	13	2
23	14	6
23	15	3
23	19	5
23	20	3
23	21	2
23	22	2
24	1	6
24	2	3
24	3	2
24	4	4
24	5	3
24	6	3
24	7	4
24	8	2
24	9	5
24	10	3
24	11	4
24	12	3
24	13	4
24	14	4
24	15	7
24	16	1
24	18	2
24	19	5
24	20	2
24	21	1
24	22	2
24	23	8
25	0	2
25	1	8
25	2	3
25	3	5
25	4	3
25	5	3
25	6	1
25	7	2
25	8	6
25	9	6
25	10	5
25	11	10
25	12	7
25	13	2
25	14	1
25	15	9
25	16	2
25	17	2
25	18	5
25	19	3
25	20	2
25	21	2
25	22	1
25	23	3
25	24	7
26	0	1
26	1	3
26	2	2
26	4	2
26	5	4
26	7	4
26	8	4
26	11	2
26	12	1
26	13	1
26	14	2
26	15	2
26	16	1
26	18	3
26	19	2
26	20	4
26	22	5
26	23	2
26	24	4
26	25	4
27	1	8
27	2	2
27	3	3
27	4	3
27	5	3
27	6	1
27	7	3
27	8	3
27	9	2
27	10	4
27	11	6
27	12	2
27	13	4
27	14	4
27	15	2
27	17	2
27	18	3
27	19	1
27	22	4
27	23	2
27	24	4
27	25	9
27	26	4
28	0	1
28	1	2
28	2	6
28	3	6
28	4	3
28	5	5
28	6	1
28	7	3
28	8	3
28	9	1
28	10	6
28	11	4
28	12	4
28	13	3
28	14	5
28	15	3
28	16	4
28	17	2
28	18	8
28	19	5
28	20	6
28	21	3
28	22	2
28	23	4
28	24	4
28	25	5
28	27	5
29	0	2
29	1	3
29	4	1
29	7	1
29	8	3
29	10	2
29	12	3
29	24	1
29	25	1
29	27	3
30	1	2
30	5	3
30	7	4
30	8	6
30	9	2
30	10	6
30	11	3
30	12	2
30	14	2
30	18	2
30	20	3
30	22	1
30	24	2
30	25	5
30	26	2
30	27	4
30	28	5
30	29	10
31	4	6
31	5	1
31	8	3
31	9	1
31	10	1
31	14	1
31	19	2
31	21	2
31	22	1
31	23	2
31	24	1
31	25	4
31	26	5
31	27	5
31	28	2
31	29	9
31	30	8
32	1	4
32	2	2
32	4	2
32	8	3
32	9	6
32	10	5
32	11	4
32	12	2
32	13	4
32	14	4
32	15	3
32	16	2
32	18	4
32	20	1
32	22	3
32	23	2
32	24	7
32	25	6
32	26	2
32	27	3
32	28	3
32	29	4
32	30	11
32	31	6
33	0	1
33	1	3
33	2	1
33	3	6
33	4	1
33	5	1
33	8	3
33	9	5
33	10	2
33	11	2
33	12	2
33	14	2
33	15	2
33	17	2
33	18	2
33	19	4
33	21	3
33	22	1
33	23	3
33	24	4
33	25	3
33	26	7
33	27	5
33	28	2
33	29	5
33	30	4
33	31	4
33	32	10
34	1	2
34	2	3
34	4	1
34	5	1
34	8	7
34	9	2
34	10	5
34	11	6
34	12	1
34	13	5
34	14	3
34	15	2
34	17	1
34	18	2
34	19	3
34	20	4
34	21	1
34	22	3
34	24	4
34	25	7
34	26	4
34	27	6
34	28	2
34	29	2
34	30	4
34	31	8
34	32	13
34	33	6
35	0	1
35	1	4
35	2	3
35	4	4
35	5	6
35	6	3
35	8	2
35	9	4
35	10	1
35	11	1
35	12	3
35	13	1
35	14	3
35	15	2
35	17	4
35	18	1
35	19	3
35	20	2
35	21	3
35	22	1
35	23	2
35	24	6
35	25	9
35	26	2
35	27	4
35	28	4
35	29	5
35	30	4
35	31	6
35	32	5
35	33	16
35	34	13
36	0	1
36	1	2
36	3	2
36	4	2
36	6	4
36	7	4
36	10	6
36	11	3
36	12	7
36	13	3
36	14	2
36	15	1
36	16	3
36	18	1
36	22	1
36	23	2
36	24	3
36	25	2
36	26	5
36	27	2
36	28	3
36	29	5
36	30	1
36	31	3
36	32	4
36	33	4
36	34	3
36	35	12
37	0	1
37	2	2
37	3	1
37	4	5
37	5	2
37	6	3
37	7	1
37	8	3
37	9	3
37	10	7
37	11	2
37	12	2
37	13	2
37	14	2
37	18	1
37	19	1
37	20	3
37	21	1
37	24	1
37	25	4
37	26	3
37	27	1
37	28	3
37	29	5
37	30	5
37	31	6
37	32	3
37	33	4
37	34	10
37	35	4
37	36	3
38	1	2
38	2	2
38	3	1
38	4	5
38	5	4
38	6	2
38	7	2
38	8	5
38	9	2
38	10	3
38	11	3
38	12	5
38	13	3
38	15	5
38	16	4
38	17	4
38	18	7
38	19	4
38	20	4
38	21	3
38	22	3
38	23	2
38	24	2
38	25	1
38	26	1
38	27	3
38	28	6
38	29	3
38	30	5
38	31	6
38	32	5
38	33	4
38	34	10
38	35	5
38	36	7
38	37	9
39	1	1
39	2	2
39	3	2
39	4	2
39	5	4
39	6	4
39	7	1
39	8	1
39	9	1
39	10	2
39	11	4
39	12	3
39	13	6
39	14	3
39	15	4
39	18	1
39	20	5
39	21	2
39	22	4
39	24	3
39	25	3
39	26	1
39	27	2
39	28	8
39	29	3
39	30	5
39	31	3
39	32	5
39	33	1
39	34	2
39	35	4
39	36	6
39	37	8
39	38	4
40	0	1
40	1	5
40	2	2
40	3	2
40	4	1
40	5	2
40	6	3
40	7	2
40	8	5
40	9	1
40	10	4
40	11	6
40	12	4
40	13	4
40	14	3
40	15	2
40	16	1
40	18	4
40	19	2
40	20	6
40	21	4
40	22	1
40	23	2
40	24	6
40	25	5
40	26	3
40	27	7
40	28	9
40	29	2
40	30	3
40	31	5
40	32	9
40	33	1
40	34	8
40	35	10
40	36	5
40	37	9
40	38	10
40	39	5
41	1	1
41	5	2
41	6	2
41	7	1
41	8	2
41	9	3
41	10	2
41	11	5
41	12	2
41	13	2
41	14	6
41	16	1
41	18	1
41	20	2
41	22	3
41	24	2
41	25	1
41	26	4
41	27	4
41	28	1
41	29	7
41	30	6
41	31	5
41	32	7
41	33	4
41	34	6
41	35	3
41	36	3
41	37	8
41	38	8
41	39	4
41	40	4
42	1	1
42	2	2
42	3	1
42	4	3
42	5	5
42	6	2
42	8	3
42	9	2
42	10	2
42	11	4
42	12	3
42	13	1
42	14	2
42	15	1
42	18	4
42	19	2
42	20	3
42	23	2
42	24	3
42	25	2
42	26	2
42	28	5
42	29	1
42	30	3
42	31	5
42	32	6
42	33	5
42	34	3
42	35	8
42	36	4
42	37	12
42	38	9
42	39	7
42	40	9
42	41	14
43	0	2
43	1	2
43	2	4
43	3	1
43	4	1
43	5	2
43	7	2
43	8	2
43	9	1
43	11	3
43	12	2
43	13	1
43	14	3
43	15	3
43	17	4
43	18	2
43	20	5
43	21	2
43	22	5
43	23	1
43	24	5
43	25	6
43	26	2
43	27	1
43	28	6
43	29	4
43	30	5
43	31	5
43	32	3
43	33	2
43	34	5
43	35	2
43	37	9
43	38	10
43	39	9
43	40	2
43	41	14
43	42	6
44	4	6
44	5	3
44	7	2
44	8	3
44	9	2
44	10	4
44	11	1
44	12	1
44	18	2
44	19	4
44	20	2
44	23	1
44	24	3
44	25	2
44	26	5
44	28	6
44	29	4
44	30	1
44	31	3
44	32	4
44	33	2
44	34	1
44	35	3
44	36	2
44	37	6
44	38	8
44	39	9
44	40	6
44	41	7
44	42	5
44	43	6
45	0	1
45	3	1
45	6	1
45	9	1
45	10	2
45	11	2
45	15	1
45	19	1
45	20	2
45	22	2
45	25	2
45	26	4
45	27	7
45	29	1
45	31	4
45	32	5
45	33	2
45	34	4
45	35	7
45	36	2
45	37	8
45	38	7
45	39	6
45	40	5
45	41	2
45	42	5
45	43	15
45	44	9
46	1	3
46	2	4
46	3	1
46	4	2
46	8	3
46	10	2
46	11	3
46	13	5
46	14	3
46	15	3
46	18	1
46	19	4
46	22	2
46	23	3
46	24	4
46	25	5
46	26	3
46	27	4
46	28	4
46	29	5
46	30	2
46	31	7
46	32	7
46	33	3
46	34	3
46	35	12
46	36	8
46	37	3
46	38	11
46	39	4
46	40	5
46	41	5
46	42	4
46	43	10
46	44	4
46	45	4
47	0	6
47	1	4
47	2	5
47	3	2
47	9	1
47	10	2
47	11	2
47	12	2
47	15	3
47	17	1
47	20	2
47	21	1
47	24	4
47	25	6
47	26	5
47	27	6
47	28	2
47	29	6
47	30	2
47	31	2
47	32	2
47	33	5
47	34	4
47	35	14
47	36	3
47	37	4
47	38	7
47	39	3
47	40	5
47	41	6
47	42	3
47	43	6
47	44	4
47	45	5
47	46	13
48	1	3
48	2	5
48	3	4
48	4	3
48	5	3
48	6	2
48	7	2
48	8	5
48	9	4
48	10	7
48	11	8
48	12	5
48	13	6
48	14	8
48	15	3
48	16	1
48	19	2
48	20	5
48	21	1
48	22	1
48	23	3
48	24	9
48	25	1
48	26	2
48	27	7
48	28	5
48	29	4
48	30	5
48	31	3
48	32	7
48	33	1
48	34	11
48	35	5
48	36	2
48	37	5
48	38	5
48	39	6
48	40	12
48	41	7
48	42	2
48	43	3
48	44	1
48	45	1
48	46	2
48	47	6
49	0	3
49	1	8
49	2	3
49	3	6
49	4	4
49	5	5
49	6	3
49	8	7
49	9	4
49	10	7
49	11	4
49	12	4
49	13	5
49	14	9
49	15	5
49	16	1
49	17	3
49	18	2
49	19	3
49	20	2
49	21	2
49	22	3
49	23	4
49	24	8
49	25	6
49	26	6
49	27	3
49	28	4
49	29	1
49	30	3
49	31	3
49	32	3
49	33	4
49	34	11
49	35	9
49	36	8
49	37	5
49	38	11
49	39	4
49	40	6
49	41	3
49	42	4
49	43	5
49	44	3
49	45	3
49	46	2
49	47	7
49	48	12
50	0	2
50	1	4
50	2	4
50	4	3
50	8	3
50	9	2
50	10	6
50	11	3
50	12	4
50	13	9
50	14	3
50	19	2
50	20	2
50	21	4
50	23	2
50	24	11
50	25	6
50	26	5
50	27	5
50	28	3
50	29	6
50	30	7
50	32	4
50	33	6
50	34	8
50	35	7
50	36	7
50	37	5
50	38	5
50	40	5
50	41	4
50	42	3
50	43	3
50	45	2
50	46	3
50	47	2
50	48	6
50	49	15
51	1	1
51	2	3
51	3	1
51	4	4
51	5	1
51	6	1
51	7	3
51	8	5
51	9	3
51	10	2
51	11	5
51	12	3
51	13	1
51	14	3
51	15	3
51	18	5
51	19	4
51	20	2
51	22	5
51	23	3
51	24	7
51	25	2
51	26	5
51	27	4
51	28	6
51	29	4
51	30	2
51	31	5
51	32	3
51	33	7
51	34	8
51	35	6
51	36	5
51	37	10
51	38	16
51	39	4
51	40	8
51	41	4
51	42	4
51	43	9
51	44	6
51	45	7
51	46	6
51	47	3
51	48	8
51	49	16
51	50	5
52	1	5
52	2	2
52	3	6
52	4	3
52	5	1
52	7	1
52	8	4
52	9	4
52	10	2
52	11	6
52	12	4
52	13	3
52	14	2
52	15	4
52	16	3
52	17	1
52	18	2
52	19	2
52	20	6
52	21	3
52	22	4
52	23	5
52	24	3
52	25	3
52	26	4
52	28	2
52	29	3
52	30	2
52	32	2
52	33	8
52	34	4
52	35	4
52	36	5
52	37	7
52	38	12
52	39	5
52	40	5
52	41	3
52	42	2
52	43	4
52	44	3
52	45	3
52	46	4
52	48	3
52	49	11
52	50	1
52	51	6
53	1	4
53	2	2
53	3	2
53	4	4
53	5	3
53	6	1
53	7	1
53	8	3
53	9	3
53	10	4
53	11	6
53	12	5
53	13	2
53	14	5
53	15	3
53	18	5
53	19	4
53	20	6
53	21	2
53	22	6
53	24	3
53	25	1
53	28	10
53	29	2
53	30	4
53	31	1
53	32	7
53	33	1
53	34	5
53	35	5
53	36	6
53	37	9
53	38	22
53	39	12
53	40	6
53	41	1
53	42	5
53	43	7
53	44	5
53	45	3
53	46	2
53	47	4
53	48	2
53	49	6
53	50	3
53	51	11
53	52	9
54	0	2
54	1	2
54	2	3
54	3	5
54	4	3
54	5	5
54	8	1
54	9	2
54	10	6
54	11	2
54	12	4
54	13	5
54	14	3
54	15	3
54	16	2
54	17	2
54	19	2
54	20	3
54	21	2
54	22	4
54	23	9
54	24	3
54	25	4
54	26	2
54	27	1
54	28	4
54	30	3
54	32	6
54	33	2
54	34	2
54	35	3
54	36	2
54	37	4
54	38	7
54	39	7
54	40	3
54	41	3
54	42	4
54	43	3
54	44	1
54	45	1
54	46	4
54	47	2
54	48	3
54	49	4
54	50	2
54	51	4
54	52	7
54	53	7
55	1	5
55	2	7
55	3	5
55	4	7
55	5	3
55	6	2
55	7	3
55	8	5
55	9	5
55	10	7
55	11	6
55	12	3
55	13	3
55	14	6
55	15	7
55	16	3
55	17	3
55	18	2
55	19	5
55	20	4
55	21	4
55	22	3
55	23	3
55	24	2
55	25	6
55	26	1
55	27	4
55	28	15
55	30	1
55	31	3
55	32	2
55	33	5
55	34	2
55	35	5
55	36	4
55	37	4
55	38	14
55	39	9
55	40	3
55	41	1
55	42	7
55	43	2
55	44	7
55	45	3
55	46	4
55	47	4
55	48	3
55	49	8
55	50	4
55	51	7
55	52	16
55	53	8
55	54	16
56	0	5
56	1	3
56	2	2
56	3	5
56	4	4
56	5	3
56	8	4
56	9	5
56	10	3
56	11	2
56	12	4
56	13	3
56	14	2
56	15	1
56	16	2
56	17	2
56	18	2
56	19	5
56	22	1
56	23	1
56	24	2
56	25	5
56	26	4
56	27	2
56	28	12
56	30	3
56	31	3
56	32	2
56	33	3
56	34	4
56	35	2
56	36	4
56	38	11
56	39	10
56	40	4
56	41	4
56	42	4
56	43	2
56	44	4
56	45	3
56	46	1
56	47	4
56	48	2
56	49	5
56	50	4
56	51	6
56	52	12
56	53	8
56	54	4
56	55	7
57	0	2
57	1	6
57	2	4
57	3	4
57	4	1
57	6	1
57	8	2
57	9	3
57	10	3
57	11	3
57	12	3
57	14	5
57	15	1
57	18	3
57	19	4
57	20	3
57	22	2
57	23	2
57	24	3
57	25	1
57	26	4
57	27	3
57	28	10
57	29	4
57	30	2
57	31	1
57	32	1
57	33	4
57	34	2
57	35	5
57	36	3
57	37	3
57	38	6
57	39	2
57	40	13
57	41	2
57	42	2
57	43	3
57	44	7
57	45	4
57	46	2
57	47	8
57	48	6
57	49	9
57	50	2
57	51	9
57	52	6
57	53	7
57	54	3
57	55	9
57	56	4
58	0	1
58	1	1
58	2	1
58	3	3
58	4	1
58	6	2
58	7	1
58	9	5
58	10	2
58	11	3
58	14	3
58	16	1
58	18	2
58	22	1
58	24	3
58	25	4
58	26	6
58	27	4
58	28	4
58	29	5
58	30	4
58	31	6
58	32	3
58	33	4
58	34	3
58	35	17
58	36	3
58	37	5
58	38	7
58	39	2
58	40	6
58	41	2
58	42	5
58	43	3
58	44	6
58	45	4
58	46	10
58	47	9
58	48	5
58	49	8
58	50	3
58	51	2
58	52	6
58	53	4
58	54	2
58	55	3
58	56	7
58	57	7
59	1	2
59	2	2
59	3	4
59	4	5
59	5	4
59	6	3
59	8	1
59	9	3
59	10	3
59	11	5
59	12	4
59	13	4
59	14	7
59	15	3
59	16	1
59	18	4
59	19	7
59	20	5
59	21	5
59	23	5
59	24	4
59	25	5
59	26	3
59	27	3
59	28	5
59	29	4
59	30	6
59	32	1
59	33	2
59	34	6
59	35	2
59	36	9
59	37	4
59	38	4
59	39	2
59	40	8
59	41	4
59	42	3
59	43	7
59	44	4
59	45	2
59	46	4
59	47	9
59	48	6
59	49	7
59	50	4
59	51	4
59	52	19
59	53	11
59	54	8
59	55	9
59	56	6
59	57	10
59	58	3
60	0	1
60	1	2
60	2	3
60	3	3
60	4	1
60	7	1
60	8	3
60	11	3
60	13	1
60	14	1
60	15	2
60	17	2
60	18	2
60	19	4
60	20	1
60	23	3
60	24	4
60	25	3
60	26	4
60	27	7
60	28	1
60	29	3
60	30	1
60	31	5
60	32	4
60	33	5
60	34	5
60	35	5
60	36	9
60	38	3
60	39	6
60	40	5
60	41	4
60	42	2
60	43	3
60	44	4
60	45	3
60	46	5
60	47	13
60	48	2
60	49	4
60	50	4
60	51	4
60	52	3
60	53	2
60	54	1
60	55	4
60	56	4
60	57	16
60	58	7
60	59	8
