1	0	9
2	0	3
2	1	3
3	0	1
3	1	6
3	2	9
4	0	1
4	2	14
4	3	13
5	0	3
5	1	2
5	2	9
5	3	2
5	4	4
6	0	5
6	1	7
6	2	2
6	3	3
6	4	2
6	5	3
7	0	3
7	1	3
7	4	2
7	5	3
7	6	4
8	0	10
8	1	6
8	3	3
8	4	6
8	5	5
8	6	6
8	7	8
9	0	2
9	1	7
9	2	4
9	3	2
9	4	4
9	5	4
9	6	7
9	7	11
9	8	5
10	0	3
10	1	3
10	2	5
10	3	3
10	4	4
10	5	8
10	6	9
10	7	11
10	8	6
10	9	18
11	0	4
11	1	7
11	2	2
11	3	8
11	4	4
11	5	2
11	6	5
11	7	8
11	8	4
11	9	8
11	10	12
12	0	5
12	1	9
12	2	7
12	3	5
12	4	8
12	5	11
12	6	9
12	7	3
12	8	10
12	9	6
12	10	8
12	11	5
13	0	6
13	1	8
13	2	2
13	3	3
13	4	7
13	5	5
13	6	8
13	7	2
13	8	10
13	9	8
13	10	4
13	11	9
13	12	9
14	0	3
14	1	6
14	2	8
14	3	4
14	4	7
14	5	4
14	6	2
14	7	4
14	8	6
14	9	10
14	10	3
14	11	7
14	12	9
14	13	9
15	0	7
15	1	5
15	2	7
15	3	6
15	4	5
15	5	6
15	6	4
15	7	3
15	8	9
15	9	7
15	10	7
15	11	8
15	12	7
15	13	10
15	14	4
16	0	3
16	1	6
16	2	10
16	3	3
16	4	4
16	5	4
16	6	2
16	7	3
16	8	4
16	9	5
16	10	3
16	11	6
16	12	3
16	13	2
16	14	1
16	15	4
17	0	5
17	1	4
17	2	4
17	3	4
17	4	2
17	5	6
17	6	6
17	7	2
17	8	10
17	9	6
17	10	3
17	12	5
17	13	2
17	14	3
17	15	7
17	16	12
18	0	3
18	1	4
18	2	1
18	3	3
18	4	6
18	5	7
18	6	6
18	7	3
18	8	2
18	9	3
18	10	7
18	11	5
18	12	5
18	13	4
18	14	4
18	15	3
18	16	1
19	0	2
19	1	7
19	2	6
19	3	7
19	4	5
19	5	1
19	6	1
19	7	1
19	8	5
19	9	1
19	10	3
19	12	5
19	13	7
19	14	8
19	15	7
19	16	4
19	17	5
19	18	5
20	0	6
20	1	1
20	2	10
20	3	3
20	4	6
20	5	2
20	6	5
20	7	4
20	8	9
20	9	2
20	10	4
20	11	5
20	12	10
20	13	6
20	14	9
20	15	7
20	16	3
20	17	2
20	18	3
20	19	2
21	0	4
21	1	5
21	2	15
21	3	5
21	4	4
21	5	8
21	6	5
21	7	3
21	8	5
21	9	6
21	10	3
21	11	2
21	12	8
21	13	4
21	14	4
21	15	9
21	16	5
21	17	9
21	18	3
21	19	4
21	20	1
22	1	1
22	2	3
22	3	4
22	4	6
22	5	6
22	6	7
22	7	2
22	8	7
22	9	1
22	10	6
22	11	7
22	12	8
22	13	3
22	14	5
22	15	6
22	16	7
22	17	5
22	18	6
22	19	4
22	20	10
22	21	6
23	0	3
23	1	5
23	2	3
23	3	3
23	4	10
23	5	5
23	8	2
23	9	1
23	10	4
23	11	3
23	12	4
23	13	6
23	14	3
23	15	5
23	17	4
23	18	1
23	19	4
23	20	3
23	21	2
24	0	3
24	1	5
24	2	4
24	3	4
24	4	5
24	5	1
24	6	5
24	7	5
24	8	4
24	9	4
24	10	4
24	11	4
24	12	4
24	13	6
24	14	6
24	15	5
24	16	1
24	17	3
24	18	5
24	19	4
24	20	5
24	21	1
24	22	3
24	23	6
25	0	3
25	1	7
25	2	4
25	3	1
25	4	6
25	5	5
25	6	1
25	7	4
25	8	1
25	9	5
25	10	6
25	11	4
25	12	7
25	13	6
25	14	4
25	15	6
25	16	1
25	17	1
25	18	4
25	19	3
25	20	5
25	21	3
25	22	2
25	23	1
25	24	7
26	0	2
26	1	3
26	2	5
26	4	4
26	5	1
26	8	3
26	10	4
26	12	1
26	13	4
26	14	4
26	15	2
26	17	2
26	18	3
26	19	3
26	20	1
26	22	2
26	23	2
26	24	4
26	25	1
27	1	2
27	2	2
27	3	1
27	4	4
27	5	1
27	7	2
27	8	5
27	9	1
27	10	2
27	11	3
27	12	1
27	13	1
27	14	5
27	15	2
27	17	1
27	18	3
27	19	1
27	23	3
27	24	3
27	25	5
27	26	7
28	0	1
28	2	3
28	3	4
28	4	8
28	5	8
28	6	1
28	7	2
28	8	2
28	9	3
28	10	9
28	11	2
28	12	6
28	13	7
28	14	6
28	15	5
28	17	1
28	18	12
28	19	2
28	20	5
28	21	5
28	22	7
28	23	4
28	24	7
28	25	2
28	26	2
28	27	3
29	0	2
29	1	2
29	2	2
29	7	2
29	8	2
29	10	2
29	12	3
29	13	3
29	14	1
29	16	1
29	19	1
29	24	3
29	25	4
29	27	2
29	28	2
30	1	3
30	3	2
30	5	4
30	7	2
30	8	3
30	9	2
30	10	3
30	11	4
30	12	3
30	13	2
30	14	1
30	17	2
30	18	1
30	20	4
30	24	4
30	25	8
30	26	3
30	27	1
30	28	3
30	29	10
31	5	1
31	9	5
31	10	5
31	14	3
31	19	2
31	21	2
31	23	1
31	24	3
31	25	3
31	26	1
31	27	2
31	28	3
31	29	8
31	30	10
32	1	2
32	2	2
32	4	2
32	8	5
32	9	1
32	10	3
32	11	2
32	12	2
32	14	2
32	17	1
32	20	3
32	22	3
32	23	2
32	24	4
32	25	2
32	26	4
32	27	1
32	28	4
32	29	9
32	30	6
32	31	6
33	0	4
33	1	2
33	2	2
33	3	1
33	5	3
33	8	1
33	9	2
33	10	3
33	11	2
33	12	1
33	13	3
33	14	2
33	15	3
33	17	1
33	18	1
33	21	1
33	22	1
33	23	1
33	24	5
33	25	5
33	26	3
33	27	8
33	28	5
33	29	12
33	30	7
33	31	3
33	32	10
34	1	4
34	2	4
34	3	5
34	4	2
34	5	2
34	6	2
34	8	2
34	10	3
34	11	4
34	12	2
34	13	1
34	14	3
34	15	1
34	17	4
34	18	4
34	19	4
34	21	4
34	22	1
34	23	5
34	24	5
34	25	5
34	26	4
34	27	9
34	28	2
34	29	3
34	30	6
34	31	5
34	32	1
34	33	7
35	0	1
35	1	5
35	2	3
35	3	3
35	5	2
35	6	1
35	10	3
35	12	2
35	13	2
35	14	1
35	15	2
35	17	1
35	18	4
35	20	3
35	21	3
35	22	6
35	23	1
35	24	2
35	25	3
35	26	4
35	27	5
35	28	1
35	29	4
35	30	12
35	31	9
35	32	6
35	33	12
35	34	9
36	1	4
36	3	2
36	4	4
36	5	1
36	6	1
36	10	5
36	11	2
36	12	2
36	13	1
36	14	2
36	15	1
36	16	1
36	18	3
36	23	4
36	24	9
36	25	3
36	26	2
36	27	3
36	28	5
36	29	1
36	30	3
36	31	2
36	32	2
36	33	2
36	34	4
36	35	12
37	0	5
37	1	3
37	2	4
37	4	4
37	6	1
37	7	1
37	8	3
37	9	2
37	10	5
37	11	2
37	12	3
37	13	1
37	14	3
37	15	1
37	18	1
37	20	5
37	21	4
37	24	3
37	25	3
37	26	2
37	27	2
37	28	2
37	29	4
37	30	5
37	31	8
37	32	3
37	33	5
37	34	11
37	35	11
37	36	6
38	0	2
38	1	2
38	2	5
38	4	4
38	5	6
38	6	3
38	7	4
38	8	4
38	9	4
38	10	4
38	11	5
38	14	3
38	15	3
38	16	5
38	17	1
38	18	2
38	19	5
38	20	3
38	21	3
38	22	3
38	23	7
38	24	9
38	25	6
38	26	4
38	27	3
38	28	9
38	29	1
38	30	6
38	31	5
38	32	9
38	33	6
38	34	8
38	35	7
38	36	5
38	37	9
39	1	2
39	2	1
39	3	3
39	4	3
39	5	6
39	6	2
39	7	2
39	8	1
39	9	2
39	10	7
39	11	2
39	12	4
39	13	3
39	14	4
39	15	2
39	18	4
39	19	4
39	20	1
39	21	3
39	22	1
39	23	3
39	24	4
39	25	3
39	26	5
39	27	6
39	28	11
39	29	3
39	30	1
39	31	7
39	32	4
39	33	2
39	34	3
39	35	3
39	36	2
39	37	4
39	38	8
40	1	8
40	2	3
40	4	1
40	5	1
40	6	3
40	8	7
40	9	1
40	10	5
40	11	6
40	12	2
40	13	5
40	14	3
40	15	4
40	16	3
40	17	2
40	18	2
40	19	2
40	20	4
40	21	2
40	22	2
40	23	5
40	24	4
40	25	7
40	26	2
40	27	4
40	28	6
40	29	2
40	30	3
40	31	8
40	32	8
40	33	6
40	34	4
40	35	7
40	36	6
40	37	9
40	38	7
40	39	8
41	1	1
41	4	2
41	5	2
41	6	2
41	7	5
41	8	2
41	10	3
41	11	1
41	12	2
41	13	1
41	14	2
41	15	1
41	18	3
41	20	4
41	22	1
41	24	3
41	25	5
41	26	2
41	27	3
41	28	4
41	29	4
41	30	3
41	31	2
41	32	8
41	33	3
41	34	4
41	35	6
41	36	2
41	37	7
41	38	7
41	39	5
41	40	6
42	1	2
42	2	2
42	3	1
42	4	5
42	5	3
42	6	2
42	8	1
42	9	2
42	10	1
42	11	1
42	12	4
42	13	3
42	14	1
42	15	1
42	17	3
42	18	2
42	19	1
42	20	2
42	24	5
42	26	1
42	28	2
42	29	1
42	30	5
42	31	3
42	33	5
42	34	2
42	35	4
42	36	4
42	37	7
42	38	14
42	39	6
42	40	11
42	41	17
43	1	2
43	2	2
43	3	2
43	4	1
43	5	2
43	8	1
43	9	2
43	10	3
43	11	1
43	12	3
43	13	2
43	14	6
43	15	1
43	18	1
43	21	2
43	23	1
43	24	4
43	25	4
43	26	2
43	27	2
43	28	5
43	29	5
43	30	5
43	31	3
43	32	2
43	33	7
43	34	2
43	35	5
43	36	7
43	37	9
43	38	10
43	39	8
43	40	6
43	41	6
43	42	11
44	4	3
44	5	5
44	7	3
44	8	2
44	9	2
44	10	5
44	11	2
44	19	3
44	20	4
44	21	3
44	23	3
44	24	2
44	25	4
44	26	2
44	27	2
44	28	3
44	29	6
44	30	3
44	31	4
44	32	4
44	33	3
44	34	4
44	35	3
44	36	6
44	37	10
44	38	4
44	39	9
44	40	4
44	41	3
44	42	6
44	43	8
45	0	5
45	3	1
45	9	2
45	10	1
45	11	1
45	15	2
45	19	4
45	20	1
45	22	5
45	23	4
45	24	4
45	26	6
45	27	5
45	28	3
45	29	3
45	30	2
45	31	6
45	32	2
45	33	6
45	34	3
45	35	2
45	36	2
45	37	3
45	38	8
45	39	5
45	40	2
45	41	3
45	42	3
45	43	12
45	44	8
46	0	3
46	1	1
46	3	3
46	4	2
46	8	2
46	10	4
46	11	1
46	13	1
46	14	3
46	15	3
46	18	3
46	19	4
46	23	2
46	24	1
46	25	2
46	26	2
46	27	2
46	28	3
46	29	6
46	30	4
46	31	9
46	32	8
46	33	6
46	34	6
46	35	12
46	36	3
46	37	6
46	38	13
46	39	4
46	40	4
46	41	3
46	42	4
46	43	6
46	44	4
46	45	5
47	0	1
47	1	3
47	2	2
47	3	2
47	4	2
47	9	1
47	10	1
47	11	3
47	12	1
47	13	1
47	16	2
47	17	1
47	20	2
47	23	2
47	24	4
47	25	3
47	26	7
47	27	6
47	28	2
47	29	4
47	30	2
47	31	6
47	32	3
47	33	8
47	34	5
47	35	11
47	36	2
47	37	3
47	38	5
47	40	1
47	41	3
47	42	3
47	43	4
47	44	4
47	45	5
47	46	9
48	1	5
48	2	2
48	3	2
48	4	2
48	5	2
48	6	2
48	7	4
48	8	2
48	9	1
48	10	10
48	11	10
48	12	4
48	13	6
48	14	2
48	15	4
48	16	5
48	18	2
48	19	2
48	20	2
48	21	3
48	22	2
48	23	5
48	24	3
48	25	4
48	26	1
48	27	4
48	28	7
48	29	1
48	30	3
48	31	3
48	32	2
48	33	3
48	34	7
48	35	10
48	36	3
48	37	6
48	38	4
48	39	1
48	40	7
48	41	2
48	42	4
48	43	4
48	44	4
48	45	2
48	46	3
48	47	1
49	0	1
49	1	7
49	2	4
49	3	7
49	4	3
49	5	2
49	6	1
49	7	2
49	8	2
49	9	1
49	10	4
49	11	8
49	12	5
49	13	3
49	14	1
49	15	8
49	16	2
49	17	3
49	18	6
49	19	2
49	20	6
49	22	5
49	23	2
49	24	10
49	25	4
49	26	6
49	27	3
49	28	6
49	29	4
49	30	1
49	31	3
49	32	2
49	33	10
49	34	11
49	35	12
49	36	6
49	37	6
49	38	6
49	39	4
49	40	7
49	41	7
49	42	4
49	43	5
49	44	1
49	45	4
49	46	9
49	47	7
49	48	15
50	1	2
50	2	3
50	4	4
50	7	2
50	8	2
50	9	3
50	11	4
50	12	4
50	13	1
50	14	5
50	15	4
50	18	3
50	19	4
50	20	2
50	21	2
50	23	1
50	24	8
50	25	3
50	26	6
50	27	5
50	28	2
50	29	2
50	31	3
50	32	1
50	33	6
50	34	11
50	35	7
50	36	10
50	37	2
50	38	3
50	39	1
50	40	2
50	41	4
50	42	2
50	43	7
50	45	2
50	47	3
50	48	13
50	49	12
51	1	6
51	3	2
51	4	2
51	5	5
51	6	1
51	7	1
51	8	3
51	9	2
51	10	5
51	11	1
51	12	3
51	13	4
51	14	4
51	15	1
51	18	3
51	19	4
51	20	5
51	22	1
51	23	4
51	24	6
51	25	5
51	26	6
51	27	5
51	28	7
51	29	7
51	30	5
51	31	4
51	32	5
51	33	6
51	34	10
51	35	9
51	36	6
51	37	6
51	38	17
51	39	7
51	40	9
51	41	6
51	42	5
51	43	3
51	44	2
51	45	1
51	46	5
51	47	2
51	48	9
51	49	19
51	50	3
52	1	6
52	2	1
52	3	3
52	4	5
52	5	4
52	7	3
52	9	2
52	10	4
52	12	5
52	13	4
52	14	9
52	15	1
52	16	2
52	18	3
52	19	2
52	20	1
52	21	1
52	22	4
52	23	5
52	24	5
52	25	2
52	26	8
52	27	2
52	28	7
52	29	2
52	30	2
52	31	1
52	32	3
52	33	5
52	34	2
52	35	5
52	36	11
52	37	3
52	38	15
52	39	7
52	40	7
52	41	1
52	42	5
52	43	4
52	45	3
52	46	1
52	47	7
52	48	7
52	49	10
52	50	3
52	51	13
53	1	5
53	2	2
53	3	2
53	4	2
53	5	4
53	6	4
53	7	6
53	8	2
53	9	4
53	10	4
53	11	4
53	12	3
53	13	5
53	14	2
53	15	5
53	16	3
53	18	5
53	19	1
53	20	4
53	21	1
53	22	4
53	23	3
53	24	5
53	25	3
53	26	3
53	27	7
53	28	2
53	29	2
53	30	3
53	31	2
53	32	7
53	33	5
53	34	6
53	35	4
53	36	4
53	37	11
53	38	17
53	39	4
53	40	15
53	41	12
53	42	9
53	43	1
53	44	9
53	45	4
53	46	1
53	47	3
53	48	5
53	49	7
53	50	6
53	51	13
53	52	7
54	2	3
54	3	1
54	4	3
54	5	3
54	8	4
54	9	3
54	11	2
54	12	6
54	13	3
54	14	5
54	15	2
54	16	1
54	17	2
54	18	3
54	19	6
54	20	4
54	21	3
54	22	2
54	23	7
54	24	5
54	25	2
54	26	3
54	27	3
54	28	10
54	29	2
54	30	3
54	31	1
54	32	3
54	33	5
54	34	4
54	36	7
54	37	2
54	38	9
54	39	3
54	40	3
54	41	2
54	42	1
54	43	3
54	44	2
54	45	3
54	47	4
54	48	5
54	49	7
54	50	1
54	51	6
54	52	9
54	53	8
55	0	3
55	1	10
55	2	1
55	3	3
55	4	5
55	5	4
55	6	3
55	8	5
55	9	2
55	10	5
55	11	2
55	12	2
55	13	5
55	14	3
55	15	2
55	16	4
55	17	3
55	18	6
55	19	2
55	20	8
55	21	2
55	22	1
55	23	3
55	24	5
55	25	6
55	26	3
55	27	1
55	28	12
55	30	2
55	31	2
55	32	3
55	33	1
55	34	3
55	35	6
55	36	3
55	37	5
55	38	11
55	39	7
55	40	3
55	41	7
55	42	5
55	43	1
55	44	4
55	45	4
55	46	2
55	47	3
55	48	8
55	49	7
55	51	9
55	52	9
55	53	20
55	54	21
56	0	4
56	1	2
56	3	4
56	4	3
56	5	3
56	8	3
56	9	3
56	10	4
56	11	1
56	13	1
56	14	3
56	15	1
56	18	5
56	19	2
56	20	1
56	21	1
56	22	3
56	23	3
56	24	2
56	25	3
56	26	3
56	27	1
56	28	10
56	30	2
56	31	1
56	32	2
56	33	2
56	34	3
56	35	2
56	36	6
56	37	4
56	38	16
56	39	9
56	40	5
56	41	5
56	42	4
56	43	3
56	44	8
56	45	5
56	46	2
56	47	1
56	48	6
56	49	5
56	50	1
56	51	6
56	52	10
56	53	5
56	54	1
56	55	9
57	2	2
57	3	5
57	4	3
57	6	2
57	8	5
57	9	2
57	10	2
57	11	3
57	12	3
57	13	2
57	14	2
57	15	2
57	18	3
57	19	2
57	20	1
57	22	2
57	23	3
57	24	9
57	25	1
57	26	2
57	27	3
57	28	2
57	29	3
57	30	2
57	31	3
57	32	2
57	33	1
57	34	6
57	35	10
57	36	9
57	37	5
57	38	9
57	39	3
57	40	6
57	41	3
57	42	1
57	43	3
57	44	5
57	45	4
57	46	4
57	47	4
57	48	3
57	49	8
57	50	6
57	51	6
57	52	19
57	53	3
57	54	9
57	55	6
57	56	6
58	0	2
58	1	1
58	3	4
58	4	4
58	6	2
58	7	3
58	10	5
58	14	3
58	16	2
58	17	2
58	18	4
58	22	2
58	24	5
58	25	5
58	26	5
58	27	6
58	28	1
58	29	2
58	30	6
58	31	4
58	32	4
58	33	5
58	34	4
58	35	6
58	36	5
58	37	4
58	38	6
58	39	4
58	40	7
58	41	3
58	42	8
58	43	5
58	44	5
58	45	8
58	46	6
58	47	7
58	48	2
58	49	5
58	50	1
58	51	5
58	52	4
58	53	5
58	54	7
58	55	1
58	56	5
58	57	17
59	1	3
59	2	1
59	4	4
59	5	5
59	6	2
59	8	2
59	9	3
59	10	6
59	11	7
59	12	5
59	14	3
59	15	5
59	16	2
59	17	2
59	19	8
59	21	1
59	22	4
59	23	3
59	24	6
59	25	3
59	26	3
59	27	1
59	28	6
59	29	4
59	30	3
59	31	6
59	32	6
59	33	3
59	34	9
59	35	4
59	36	6
59	37	3
59	38	4
59	39	3
59	40	5
59	41	6
59	42	2
59	44	4
59	45	4
59	46	8
59	47	2
59	48	4
59	49	6
59	50	4
59	51	7
59	52	13
59	53	3
59	54	9
59	55	8
59	56	3
59	57	8
59	58	6
60	0	2
60	1	3
60	2	2
60	3	1
60	4	1
60	7	1
60	8	3
60	10	4
60	11	1
60	12	1
60	13	1
60	14	1
60	15	4
60	17	1
60	18	4
60	19	2
60	20	3
60	23	1
60	24	8
60	25	4
60	26	4
60	27	2
60	28	5
60	29	2
60	30	4
60	31	1
60	32	3
60	33	1
60	34	3
60	35	5
60	36	6
60	37	6
60	38	4
60	39	8
60	40	4
60	41	3
60	42	1
60	43	4
60	44	4
60	45	7
60	46	3
60	47	9
60	48	4
60	49	4
60	50	2
60	51	9
60	52	8
60	53	1
60	54	2
60	55	2
60	56	6
60	57	11
60	58	5
60	59	2
