1	0	3
2	0	6
2	1	1
3	0	5
3	1	1
3	2	10
4	0	3
4	1	6
4	2	8
4	3	12
5	0	5
5	1	3
5	2	3
5	3	2
5	4	3
6	0	3
6	1	3
6	2	1
6	3	1
6	4	3
6	5	8
7	0	4
7	1	4
7	2	5
7	3	1
7	4	3
7	5	4
7	6	3
8	0	7
8	1	5
8	2	3
8	3	1
8	4	6
8	5	5
8	6	5
8	7	9
9	0	4
9	1	7
9	2	7
9	3	6
9	4	4
9	5	2
9	6	5
9	7	8
9	8	11
10	1	2
10	2	4
10	3	3
10	5	6
10	6	9
10	7	6
10	8	14
10	9	10
11	0	1
11	1	3
11	2	5
11	3	4
11	4	6
11	5	5
11	6	6
11	7	5
11	8	4
11	9	9
11	10	8
12	0	7
12	1	6
12	2	3
12	3	1
12	4	4
12	5	4
12	6	9
12	7	7
12	8	12
12	9	9
12	10	11
12	11	7
13	0	6
13	1	9
13	2	5
13	3	8
13	4	4
13	5	4
13	6	2
13	7	8
13	8	6
13	9	19
13	10	3
13	11	7
13	12	9
14	0	5
14	1	8
14	2	7
14	3	7
14	4	8
14	5	5
14	6	5
14	7	5
14	8	9
14	9	9
14	10	4
14	11	6
14	12	12
14	13	8
15	0	7
15	1	6
15	2	9
15	3	4
15	4	6
15	5	3
15	6	6
15	7	2
15	8	12
15	9	3
15	10	3
15	11	11
15	12	9
15	13	4
15	14	6
16	0	3
16	1	2
16	2	11
16	3	7
16	4	6
16	5	3
16	6	2
16	7	2
16	8	5
16	9	6
16	10	2
16	11	3
16	12	7
16	13	2
16	14	5
16	15	7
17	0	3
17	1	4
17	2	4
17	3	5
17	4	7
17	5	2
17	6	4
17	7	2
17	8	9
17	9	4
17	10	3
17	11	3
17	12	4
17	13	4
17	14	6
17	15	8
17	16	12
18	0	3
18	1	1
18	2	3
18	3	1
18	4	6
18	5	5
18	6	9
18	7	5
18	8	2
18	9	1
18	10	9
18	11	9
18	12	6
18	13	5
18	14	4
18	15	4
18	16	3
18	17	2
19	0	3
19	1	3
19	2	9
19	3	3
19	4	9
19	5	6
19	6	3
19	7	5
19	8	7
19	9	2
19	10	4
19	11	2
19	12	6
19	13	5
19	14	3
19	15	7
19	16	2
19	17	3
19	18	4
20	0	4
20	1	3
20	2	9
20	3	5
20	4	9
20	5	4
20	6	1
20	7	4
20	8	4
20	9	4
20	10	6
20	11	3
20	12	6
20	13	9
20	14	9
20	15	2
20	16	4
20	17	5
20	18	10
20	19	2
21	0	2
21	1	2
21	2	5
21	3	7
21	4	4
21	5	9
21	6	5
21	7	2
21	8	5
21	9	2
21	11	5
21	12	11
21	13	2
21	14	2
21	15	7
21	16	5
21	17	7
21	18	4
21	19	2
21	20	3
22	1	4
22	2	11
22	3	3
22	4	4
22	5	4
22	6	1
22	7	3
22	8	2
22	9	3
22	10	5
22	11	3
22	13	5
22	14	5
22	15	2
22	16	2
22	18	7
22	19	3
22	20	9
22	21	5
23	0	2
23	1	4
23	2	4
23	3	5
23	4	7
23	5	2
23	8	3
23	9	3
23	10	3
23	11	2
23	12	2
23	13	3
23	14	2
23	15	3
23	17	1
23	18	1
23	19	5
23	20	3
23	21	3
23	22	4
24	0	1
24	1	5
24	2	7
24	3	3
24	4	4
24	5	5
24	6	3
24	7	3
24	8	5
24	9	5
24	10	2
24	11	3
24	12	2
24	13	9
24	14	11
24	15	6
24	16	2
24	17	1
24	18	2
24	19	5
24	20	1
24	21	4
24	22	1
24	23	7
25	0	6
25	1	4
25	2	2
25	3	3
25	4	3
25	6	4
25	7	4
25	8	4
25	9	4
25	10	5
25	11	17
25	12	5
25	13	5
25	14	5
25	15	5
25	16	1
25	17	3
25	18	3
25	19	7
25	20	2
25	21	1
25	22	3
25	24	3
26	0	2
26	2	2
26	4	4
26	5	1
26	7	1
26	10	3
26	11	1
26	12	3
26	13	1
26	14	1
26	15	3
26	16	2
26	18	3
26	19	5
26	20	1
26	22	1
26	23	5
26	24	2
26	25	4
27	1	3
27	2	3
27	3	3
27	7	2
27	8	2
27	9	3
27	10	1
27	11	6
27	12	5
27	13	1
27	14	2
27	15	7
27	17	1
27	18	4
27	19	2
27	22	2
27	23	2
27	24	4
27	25	5
27	26	3
28	0	2
28	1	2
28	2	3
28	3	1
28	4	2
28	5	5
28	6	4
28	7	3
28	8	3
28	9	2
28	10	2
28	11	6
28	12	3
28	13	4
28	14	3
28	15	3
28	16	2
28	17	4
28	18	7
28	19	2
28	20	3
28	21	4
28	22	2
28	23	6
28	24	3
28	25	5
28	26	3
28	27	3
29	1	1
29	4	2
29	5	4
29	7	2
29	8	3
29	10	2
29	12	1
29	13	1
29	14	1
29	18	5
29	24	3
29	25	2
29	26	1
29	27	3
29	28	1
30	5	2
30	7	3
30	9	1
30	10	4
30	11	4
30	12	2
30	13	3
30	14	2
30	17	2
30	18	4
30	19	1
30	20	1
30	22	2
30	24	3
30	25	2
30	26	4
30	27	2
30	28	4
30	29	6
31	4	2
31	5	1
31	8	4
31	9	3
31	10	1
31	11	3
31	14	1
31	19	2
31	23	3
31	24	1
31	26	3
31	27	1
31	28	4
31	29	10
31	30	4
32	1	2
32	2	1
32	4	3
32	8	4
32	9	1
32	10	4
32	11	6
32	12	5
32	14	3
32	16	3
32	18	2
32	20	2
32	22	2
32	23	1
32	24	4
32	25	4
32	26	1
32	27	5
32	28	5
32	29	10
32	30	6
32	31	9
33	1	2
33	2	1
33	3	3
33	4	3
33	5	1
33	8	2
33	9	1
33	10	5
33	11	4
33	12	5
33	13	2
33	14	3
33	15	3
33	18	2
33	21	6
33	22	3
33	23	3
33	24	2
33	25	3
33	26	1
33	27	3
33	28	2
33	29	1
33	30	9
33	31	3
33	32	10
34	1	4
34	2	1
34	4	2
34	5	1
34	6	2
34	8	3
34	9	1
34	10	7
34	11	3
34	12	3
34	13	2
34	14	6
34	15	3
34	18	1
34	20	2
34	21	2
34	22	3
34	23	4
34	24	5
34	25	5
34	26	3
34	27	9
34	28	6
34	29	3
34	30	5
34	31	4
34	32	6
34	33	13
35	0	1
35	1	5
35	2	3
35	4	3
35	5	2
35	6	1
35	9	3
35	10	2
35	11	3
35	12	3
35	13	1
35	14	5
35	15	3
35	17	1
35	18	5
35	19	1
35	20	1
35	21	1
35	22	1
35	23	1
35	24	5
35	25	6
35	26	2
35	27	5
35	28	1
35	29	7
35	30	8
35	31	2
35	32	7
35	33	9
35	34	12
36	0	1
36	1	2
36	4	2
36	5	2
36	6	3
36	7	2
36	10	1
36	11	6
36	12	4
36	13	2
36	14	2
36	15	1
36	18	3
36	22	1
36	23	4
36	24	3
36	25	3
36	26	3
36	27	4
36	28	4
36	29	1
36	30	2
36	31	4
36	32	5
36	33	3
36	34	9
36	35	7
37	0	2
37	1	2
37	2	2
37	3	4
37	4	2
37	5	5
37	6	1
37	8	3
37	9	3
37	10	3
37	11	4
37	12	2
37	13	2
37	15	4
37	18	2
37	19	1
37	20	2
37	21	2
37	24	4
37	25	2
37	26	1
37	27	5
37	28	7
37	29	5
37	30	9
37	31	8
37	32	11
37	33	4
37	34	7
37	35	8
37	36	7
38	0	1
38	1	4
38	2	2
38	3	2
38	5	3
38	6	5
38	7	1
38	8	3
38	9	3
38	10	9
38	11	8
38	12	6
38	13	3
38	14	6
38	15	2
38	16	3
38	17	2
38	18	2
38	19	1
38	20	3
38	21	1
38	22	3
38	23	5
38	24	7
38	25	1
38	26	7
38	27	4
38	28	7
38	29	1
38	30	1
38	31	3
38	32	3
38	33	5
38	34	6
38	35	8
38	36	6
38	37	9
39	1	5
39	2	3
39	3	3
39	4	1
39	5	4
39	7	1
39	8	3
39	9	2
39	10	5
39	11	5
39	12	3
39	13	2
39	14	1
39	15	5
39	18	3
39	19	1
39	20	5
39	21	3
39	22	2
39	23	1
39	24	5
39	25	2
39	26	4
39	27	3
39	28	8
39	29	1
39	31	2
39	32	2
39	33	1
39	34	2
39	35	1
39	36	2
39	37	4
39	38	8
40	0	4
40	1	5
40	2	3
40	3	4
40	4	1
40	5	3
40	6	6
40	7	2
40	8	6
40	9	1
40	10	4
40	11	12
40	12	4
40	13	5
40	14	4
40	15	2
40	16	1
40	17	2
40	18	5
40	19	2
40	20	2
40	21	6
40	22	1
40	24	8
40	25	7
40	26	2
40	27	2
40	28	2
40	29	2
40	30	5
40	31	5
40	32	3
40	33	8
40	34	8
40	35	7
40	36	4
40	37	8
40	38	16
40	39	6
41	1	1
41	4	4
41	5	1
41	6	4
41	7	2
41	8	3
41	9	2
41	10	4
41	11	7
41	12	4
41	13	4
41	14	2
41	15	3
41	16	2
41	18	4
41	20	2
41	22	3
41	24	1
41	25	4
41	26	2
41	27	4
41	28	6
41	29	3
41	30	5
41	31	6
41	32	4
41	33	8
41	34	6
41	35	3
41	36	4
41	37	7
41	38	2
41	39	4
41	40	8
42	1	1
42	2	2
42	3	1
42	4	2
42	5	3
42	6	3
42	8	5
42	9	4
42	10	4
42	11	1
42	12	2
42	13	1
42	14	4
42	15	1
42	17	1
42	18	4
42	19	2
42	20	5
42	24	3
42	25	2
42	26	3
42	28	4
42	29	1
42	30	5
42	31	2
42	32	4
42	33	3
42	35	4
42	36	5
42	37	5
42	38	16
42	39	6
42	40	6
42	41	16
43	0	2
43	1	1
43	3	2
43	4	2
43	5	3
43	7	3
43	8	2
43	10	3
43	11	7
43	12	3
43	13	2
43	14	2
43	15	3
43	16	1
43	18	1
43	20	1
43	21	2
43	22	1
43	23	3
43	24	1
43	25	3
43	26	3
43	27	3
43	28	4
43	29	2
43	30	4
43	31	6
43	32	9
43	33	2
43	34	4
43	35	4
43	36	5
43	37	7
43	38	10
43	39	6
43	40	3
43	41	5
43	42	5
44	4	1
44	5	2
44	7	2
44	8	1
44	10	2
44	11	3
44	12	2
44	18	1
44	19	1
44	20	3
44	21	1
44	23	5
44	24	2
44	25	3
44	26	4
44	27	4
44	28	7
44	29	1
44	30	3
44	31	6
44	33	2
44	34	1
44	35	3
44	36	1
44	37	4
44	38	9
44	39	6
44	40	7
44	41	9
44	42	4
44	43	10
45	3	1
45	5	1
45	9	1
45	10	1
45	11	1
45	15	1
45	16	3
45	19	1
45	20	2
45	22	5
45	23	1
45	24	3
45	26	1
45	27	6
45	28	4
45	30	4
45	31	5
45	32	2
45	33	3
45	34	4
45	35	7
45	36	4
45	37	10
45	38	6
45	39	3
45	40	2
45	41	4
45	42	3
45	43	6
45	44	6
46	0	5
46	1	3
46	2	1
46	3	1
46	4	2
46	10	4
46	11	3
46	13	1
46	14	2
46	15	3
46	17	1
46	18	3
46	19	3
46	23	1
46	24	2
46	25	4
46	26	3
46	27	2
46	28	6
46	29	9
46	30	4
46	31	13
46	32	2
46	33	6
46	34	5
46	35	9
46	36	1
46	37	3
46	38	10
46	39	3
46	40	5
46	41	3
46	42	2
46	43	8
46	44	6
46	45	5
47	0	4
47	1	2
47	2	3
47	3	2
47	4	2
47	9	1
47	10	5
47	11	2
47	12	1
47	13	4
47	15	1
47	16	2
47	18	1
47	23	2
47	24	2
47	25	6
47	26	2
47	27	3
47	28	3
47	29	6
47	30	3
47	31	4
47	32	1
47	33	5
47	34	5
47	35	4
47	36	6
47	37	1
47	38	8
47	39	4
47	40	1
47	41	5
47	42	6
47	43	2
47	44	1
47	45	4
47	46	12
48	1	4
48	2	4
48	3	3
48	4	3
48	5	4
48	6	1
48	7	1
48	8	2
48	9	3
48	10	8
48	11	4
48	12	3
48	13	2
48	14	4
48	15	1
48	16	3
48	19	1
48	20	4
48	21	1
48	22	1
48	23	3
48	24	10
48	25	7
48	26	3
48	27	4
48	28	4
48	30	1
48	31	3
48	32	3
48	33	6
48	34	14
48	36	3
48	37	1
48	38	5
48	39	1
48	40	6
48	41	7
48	42	3
48	44	3
48	45	1
48	46	4
48	47	5
49	0	2
49	1	6
49	2	4
49	3	5
49	4	3
49	5	2
49	6	2
49	7	3
49	8	5
49	9	4
49	10	4
49	11	4
49	12	7
49	13	6
49	14	5
49	15	4
49	16	1
49	17	2
49	18	10
49	19	4
49	20	6
49	21	4
49	22	4
49	23	6
49	24	16
49	25	6
49	26	7
49	27	2
49	28	5
49	29	3
49	30	2
49	31	5
49	32	2
49	33	6
49	34	14
49	35	7
49	36	13
49	37	7
49	38	7
49	39	5
49	40	5
49	41	3
49	42	7
49	43	1
49	44	4
49	45	4
49	46	6
49	47	6
49	48	10
50	0	2
50	1	1
50	2	2
50	4	5
50	8	2
50	9	1
50	10	4
50	11	2
50	12	1
50	13	2
50	14	8
50	15	4
50	18	2
50	19	3
50	20	4
50	21	1
50	23	1
50	24	9
50	25	4
50	26	6
50	27	5
50	28	2
50	29	4
50	31	4
50	32	6
50	33	5
50	34	5
50	35	2
50	36	6
50	37	4
50	38	4
50	39	2
50	40	2
50	42	1
50	43	2
50	45	3
50	46	6
50	47	6
50	48	10
50	49	6
51	1	3
51	2	3
51	3	2
51	4	3
51	5	6
51	6	4
51	8	4
51	9	2
51	10	2
51	11	4
51	12	5
51	13	3
51	14	4
51	15	1
51	18	5
51	19	3
51	20	5
51	21	5
51	22	4
51	23	2
51	24	11
51	25	2
51	26	7
51	27	3
51	28	3
51	29	2
51	30	5
51	31	9
51	32	5
51	33	2
51	34	9
51	35	6
51	36	7
51	37	14
51	38	10
51	39	7
51	40	8
51	41	5
51	42	6
51	43	3
51	44	2
51	45	4
51	46	5
51	47	4
51	48	7
51	49	13
51	50	6
52	1	2
52	2	3
52	3	1
52	4	5
52	5	1
52	7	3
52	8	1
52	9	4
52	10	4
52	11	1
52	12	4
52	13	3
52	14	1
52	15	3
52	17	5
52	18	2
52	19	1
52	20	5
52	21	1
52	22	4
52	23	2
52	24	3
52	25	5
52	26	3
52	27	5
52	28	6
52	30	3
52	31	6
52	32	5
52	33	1
52	34	7
52	35	3
52	36	11
52	37	7
52	38	10
52	39	5
52	40	5
52	41	6
52	42	5
52	43	3
52	44	4
52	45	5
52	46	8
52	47	4
52	48	4
52	49	8
52	50	5
52	51	8
53	1	4
53	3	3
53	4	3
53	5	5
53	6	2
53	8	2
53	9	2
53	10	6
53	11	6
53	12	3
53	13	2
53	14	5
53	15	2
53	16	1
53	17	3
53	18	3
53	19	1
53	20	3
53	21	3
53	22	3
53	23	4
53	24	5
53	25	2
53	26	5
53	27	3
53	28	7
53	29	4
53	30	9
53	32	5
53	33	5
53	34	3
53	35	9
53	36	5
53	37	5
53	38	25
53	39	6
53	40	13
53	41	2
53	42	4
53	43	6
53	44	6
53	45	2
53	46	3
53	47	4
53	48	3
53	49	8
53	50	6
53	51	9
53	52	6
54	0	2
54	2	4
54	3	3
54	4	4
54	8	5
54	10	2
54	11	3
54	12	2
54	13	2
54	14	2
54	15	1
54	16	2
54	17	4
54	18	4
54	19	5
54	20	4
54	21	3
54	22	2
54	23	5
54	24	4
54	26	7
54	27	4
54	28	1
54	30	1
54	33	4
54	34	5
54	35	1
54	36	8
54	37	2
54	38	5
54	39	1
54	40	3
54	41	1
54	42	3
54	43	2
54	44	3
54	45	2
54	46	2
54	47	3
54	48	4
54	49	6
54	50	7
54	51	2
54	52	12
54	53	10
55	0	2
55	2	6
55	3	5
55	4	4
55	5	4
55	6	1
55	7	2
55	8	3
55	9	2
55	10	1
55	11	7
55	12	3
55	13	4
55	14	3
55	15	7
55	16	3
55	17	2
55	18	8
55	19	5
55	20	3
55	21	2
55	22	5
55	23	2
55	24	6
55	25	4
55	26	4
55	27	3
55	28	5
55	30	2
55	31	2
55	32	4
55	33	4
55	34	2
55	35	5
55	36	2
55	37	6
55	38	14
55	39	3
55	40	6
55	41	5
55	42	4
55	43	6
55	44	4
55	45	2
55	46	1
55	47	4
55	48	3
55	49	9
55	50	4
55	51	5
55	52	13
55	53	11
55	54	19
56	0	3
56	2	1
56	3	3
56	4	3
56	5	2
56	8	2
56	10	4
56	11	4
56	12	4
56	13	2
56	14	1
56	15	2
56	18	3
56	20	2
56	21	1
56	22	3
56	23	1
56	24	3
56	25	2
56	26	1
56	27	2
56	28	8
56	30	3
56	31	2
56	32	1
56	34	2
56	35	3
56	36	4
56	37	2
56	38	8
56	39	7
56	40	6
56	41	5
56	42	3
56	43	5
56	44	4
56	45	6
56	46	2
56	47	1
56	49	1
56	50	2
56	51	3
56	52	9
56	53	9
56	54	6
56	55	10
57	1	4
57	2	2
57	3	2
57	4	1
57	8	3
57	10	3
57	11	4
57	12	1
57	13	2
57	16	1
57	18	1
57	19	4
57	20	1
57	22	2
57	23	2
57	24	5
57	25	2
57	26	5
57	27	2
57	28	8
57	29	3
57	30	3
57	31	2
57	32	2
57	33	2
57	34	2
57	35	4
57	36	8
57	37	2
57	38	10
57	39	6
57	41	1
57	42	2
57	43	2
57	44	2
57	45	5
57	46	1
57	47	4
57	48	5
57	49	10
57	50	1
57	51	5
57	52	11
57	53	6
57	54	3
57	55	9
57	56	7
58	0	1
58	1	3
58	2	1
58	3	1
58	7	2
58	10	4
58	14	1
58	18	2
58	20	1
58	22	4
58	23	4
58	24	4
58	25	4
58	26	1
58	27	1
58	28	3
58	30	3
58	31	4
58	32	3
58	33	3
58	34	2
58	35	8
58	36	12
58	37	4
58	38	14
58	39	3
58	40	4
58	41	3
58	42	6
58	43	5
58	44	6
58	45	8
58	46	6
58	47	9
58	48	4
58	49	4
58	50	1
58	51	6
58	52	4
58	53	4
58	54	3
58	55	5
58	56	2
58	57	16
59	1	2
59	2	2
59	3	4
59	4	2
59	5	5
59	6	2
59	8	2
59	9	3
59	10	2
59	11	3
59	12	5
59	13	3
59	14	3
59	15	5
59	16	6
59	17	2
59	18	4
59	19	2
59	20	7
59	21	1
59	22	5
59	23	5
59	24	1
59	25	3
59	26	2
59	27	4
59	28	4
59	29	1
59	30	6
59	31	6
59	32	4
59	33	6
59	34	5
59	35	6
59	36	10
59	37	4
59	38	5
59	39	7
59	40	5
59	41	4
59	42	2
59	43	4
59	44	4
59	45	2
59	46	2
59	47	3
59	48	1
59	49	9
59	50	5
59	51	6
59	52	11
59	53	4
59	54	12
59	55	8
59	56	7
59	57	11
59	58	6
60	0	1
60	1	2
60	2	5
60	3	1
60	4	6
60	7	4
60	8	1
60	10	6
60	11	1
60	12	2
60	13	2
60	14	2
60	17	1
60	18	1
60	19	1
60	20	1
60	23	3
60	24	1
60	25	5
60	26	9
60	27	2
60	28	2
60	29	5
60	30	5
60	31	6
60	32	2
60	33	2
60	34	6
60	35	10
60	36	5
60	37	4
60	38	9
60	39	1
60	41	1
60	42	5
60	43	6
60	44	7
60	45	5
60	46	6
60	47	8
60	48	6
60	49	4
60	50	1
60	51	5
60	52	6
60	53	3
60	54	6
60	55	3
60	56	4
60	57	8
60	58	10
60	59	4
