1	0	3
2	0	1
2	1	1
3	1	4
3	2	12
4	1	7
4	2	10
4	3	13
5	0	5
5	1	6
5	2	5
5	3	2
5	4	3
6	0	2
6	1	1
6	2	4
6	3	3
6	4	3
6	5	10
7	0	5
7	1	4
7	2	3
7	3	4
7	4	9
7	5	5
7	6	13
8	0	5
8	1	4
8	2	8
8	3	7
8	4	5
8	5	4
8	6	9
8	7	7
9	0	3
9	1	3
9	2	6
9	3	1
9	4	2
9	5	4
9	6	12
9	7	9
9	8	4
10	0	7
10	1	8
10	2	3
10	3	3
10	4	4
10	5	5
10	6	9
10	7	3
10	8	5
10	9	11
11	0	1
11	1	12
11	2	4
11	3	3
11	4	2
11	5	1
11	6	7
11	7	5
11	8	3
11	9	11
11	10	9
12	0	5
12	1	9
12	2	9
12	3	2
12	4	2
12	5	2
12	6	9
12	7	2
12	8	16
12	9	8
12	10	20
12	11	7
13	0	3
13	1	11
13	2	3
13	3	1
13	4	3
13	5	2
13	6	6
13	7	2
13	8	9
13	9	14
13	10	15
13	11	8
13	12	15
14	0	5
14	1	11
14	2	7
14	3	4
14	4	3
14	5	5
14	6	1
14	7	4
14	8	7
14	9	8
14	10	8
14	11	7
14	12	10
14	13	4
15	0	3
15	1	12
15	2	10
15	3	7
15	4	6
15	5	6
15	6	4
15	7	3
15	8	9
15	9	10
15	10	2
15	11	5
15	12	10
15	13	12
15	14	11
16	0	4
16	1	3
16	2	5
16	3	6
16	4	3
16	5	6
16	6	2
16	7	3
16	8	7
16	9	4
16	10	1
16	11	2
16	12	6
16	13	3
16	14	3
16	15	4
17	0	3
17	1	3
17	2	7
17	4	5
17	5	2
17	6	4
17	7	8
17	8	11
17	9	3
17	10	3
17	11	4
17	12	7
17	13	1
17	14	6
17	15	8
17	16	10
18	0	7
18	1	1
18	2	2
18	3	7
18	4	5
18	5	10
18	6	4
18	7	2
18	8	6
18	9	4
18	10	7
18	11	8
18	12	8
18	13	1
18	14	3
18	15	3
18	16	1
18	17	2
19	0	2
19	1	5
19	2	4
19	3	5
19	4	6
19	5	4
19	6	2
19	7	2
19	8	4
19	10	5
19	11	4
19	12	2
19	13	8
19	14	2
19	15	9
19	16	4
19	17	4
19	18	5
20	0	4
20	1	1
20	2	5
20	3	6
20	4	14
20	5	4
20	6	3
20	7	3
20	8	5
20	9	3
20	10	3
20	11	4
20	12	6
20	13	3
20	14	7
20	15	8
20	16	7
20	17	4
20	18	6
20	19	6
21	0	1
21	1	2
21	2	4
21	3	3
21	4	4
21	5	9
21	6	5
21	7	2
21	8	3
21	9	3
21	10	8
21	11	6
21	12	7
21	13	2
21	14	5
21	15	3
21	16	5
21	17	8
21	18	7
21	19	5
21	20	7
22	1	2
22	2	4
22	3	4
22	4	7
22	5	8
22	6	8
22	7	2
22	8	7
22	9	2
22	10	5
22	11	4
22	12	6
22	13	2
22	14	2
22	15	7
22	16	3
22	17	3
22	18	8
22	19	4
22	20	10
22	21	9
23	1	5
23	2	3
23	3	7
23	4	9
23	5	1
23	7	2
23	8	4
23	9	4
23	10	2
23	11	1
23	12	4
23	13	3
23	14	2
23	15	4
23	17	3
23	18	1
23	19	9
23	20	5
23	21	2
23	22	3
24	0	3
24	1	9
24	2	10
24	3	3
24	4	7
24	5	3
24	6	4
24	7	4
24	8	6
24	9	1
24	10	3
24	11	8
24	12	5
24	13	5
24	14	11
24	15	4
24	17	2
24	18	6
24	19	4
24	20	4
24	21	4
24	23	6
25	0	2
25	1	7
25	2	1
25	4	4
25	5	1
25	6	4
25	7	2
25	8	9
25	9	6
25	10	5
25	11	6
25	12	3
25	13	10
25	14	2
25	15	6
25	16	4
25	17	4
25	18	6
25	20	5
25	21	3
25	22	5
25	23	2
25	24	8
26	0	1
26	1	5
26	2	3
26	4	3
26	7	1
26	8	1
26	10	4
26	11	1
26	12	3
26	13	1
26	14	1
26	15	1
26	18	1
26	19	5
26	20	5
26	22	1
26	23	3
26	24	5
26	25	1
27	1	3
27	2	4
27	3	2
27	4	1
27	5	2
27	8	1
27	9	3
27	10	3
27	11	3
27	12	4
27	14	2
27	15	3
27	17	1
27	18	3
27	19	3
27	22	1
27	23	1
27	24	4
27	25	1
27	26	7
28	0	2
28	1	5
28	2	4
28	3	4
28	4	5
28	5	8
28	6	4
28	7	3
28	8	1
28	9	5
28	10	2
28	11	5
28	12	4
28	13	4
28	14	3
28	15	4
28	16	6
28	18	6
28	19	4
28	20	10
28	21	3
28	22	10
28	23	6
28	24	5
28	25	6
28	27	2
29	1	5
29	2	1
29	4	1
29	5	2
29	7	2
29	10	3
29	12	2
29	13	1
29	18	1
29	19	2
29	20	2
29	23	4
29	24	3
29	25	6
29	26	1
29	27	1
29	28	3
30	1	1
30	3	1
30	8	6
30	9	1
30	10	7
30	11	2
30	13	2
30	14	3
30	17	2
30	18	2
30	19	1
30	22	1
30	24	2
30	25	4
30	26	1
30	27	5
30	28	4
30	29	5
31	4	2
31	5	1
31	8	1
31	11	2
31	14	4
31	15	3
31	21	1
31	22	1
31	23	2
31	24	4
31	25	3
31	27	4
31	28	4
31	29	11
31	30	14
32	1	3
32	2	2
32	4	3
32	8	2
32	9	1
32	10	3
32	11	2
32	12	2
32	13	3
32	14	5
32	15	2
32	18	2
32	20	4
32	22	1
32	23	5
32	24	2
32	25	5
32	26	2
32	27	1
32	28	3
32	29	6
32	30	3
32	31	9
33	0	4
33	1	4
33	2	3
33	3	1
33	4	3
33	5	3
33	8	1
33	9	3
33	10	2
33	11	1
33	12	3
33	13	7
33	14	1
33	15	1
33	17	3
33	18	3
33	19	2
33	21	2
33	22	2
33	24	7
33	25	5
33	26	6
33	27	5
33	28	3
33	29	6
33	30	4
33	31	12
33	32	6
34	1	7
34	2	1
34	3	2
34	4	5
34	5	2
34	6	2
34	8	5
34	9	2
34	10	8
34	11	4
34	12	5
34	13	2
34	15	2
34	16	1
34	17	1
34	18	1
34	19	2
34	20	5
34	21	2
34	22	4
34	23	3
34	24	7
34	25	10
34	26	3
34	27	7
34	28	5
34	29	3
34	30	3
34	31	4
34	32	6
34	33	6
35	0	2
35	1	3
35	3	2
35	4	4
35	5	1
35	6	2
35	8	4
35	9	2
35	10	4
35	11	8
35	12	4
35	13	2
35	14	1
35	15	4
35	17	1
35	19	3
35	20	1
35	21	1
35	22	4
35	23	6
35	24	4
35	25	3
35	26	5
35	27	5
35	28	4
35	29	2
35	30	5
35	31	5
35	32	8
35	33	14
35	34	5
36	0	3
36	1	1
36	2	1
36	3	3
36	4	7
36	5	1
36	6	1
36	7	2
36	8	1
36	10	1
36	11	1
36	13	3
36	14	3
36	15	1
36	16	3
36	18	2
36	22	4
36	23	4
36	24	2
36	25	5
36	26	5
36	27	6
36	29	1
36	30	4
36	31	1
36	32	4
36	33	3
36	34	8
36	35	13
37	0	3
37	1	2
37	2	3
37	3	2
37	4	2
37	5	2
37	6	2
37	7	1
37	8	3
37	9	1
37	10	2
37	11	4
37	12	2
37	13	2
37	14	3
37	15	3
37	18	8
37	19	2
37	20	2
37	21	1
37	24	6
37	25	2
37	26	1
37	27	1
37	28	2
37	29	3
37	30	2
37	31	5
37	32	9
37	33	3
37	34	8
37	35	10
37	36	3
38	1	1
38	2	5
38	3	3
38	4	4
38	5	3
38	6	1
38	7	3
38	8	3
38	9	2
38	10	7
38	11	5
38	12	2
38	13	2
38	14	2
38	15	5
38	16	5
38	17	3
38	18	5
38	19	1
38	20	11
38	21	3
38	22	8
38	23	4
38	24	6
38	25	5
38	26	3
38	27	5
38	28	12
38	29	4
38	30	1
38	31	5
38	32	6
38	33	3
38	34	5
38	35	7
38	36	8
38	37	5
39	1	4
39	3	4
39	4	1
39	5	1
39	6	4
39	7	3
39	8	3
39	9	6
39	10	5
39	11	2
39	12	1
39	13	2
39	14	1
39	15	4
39	18	3
39	19	3
39	20	1
39	21	4
39	22	1
39	23	2
39	24	3
39	25	1
39	26	4
39	27	1
39	28	11
39	29	4
39	30	3
39	31	5
39	32	5
39	33	3
39	34	4
39	35	2
39	36	4
39	37	8
39	38	9
40	0	2
40	1	4
40	2	2
40	3	3
40	4	5
40	5	1
40	6	3
40	7	5
40	8	2
40	9	1
40	10	8
40	11	2
40	12	4
40	13	8
40	14	3
40	15	3
40	16	3
40	17	1
40	18	2
40	19	3
40	20	4
40	22	4
40	23	3
40	24	7
40	25	6
40	26	1
40	27	6
40	28	5
40	29	2
40	30	4
40	31	7
40	32	1
40	33	2
40	34	14
40	35	6
40	36	2
40	37	9
40	38	4
40	39	7
41	4	3
41	5	5
41	6	2
41	7	1
41	8	4
41	9	5
41	10	5
41	11	6
41	12	3
41	13	4
41	14	1
41	15	4
41	16	1
41	18	2
41	20	3
41	22	3
41	24	3
41	25	6
41	26	4
41	27	3
41	28	5
41	30	5
41	31	8
41	32	4
41	33	1
41	34	4
41	35	6
41	36	2
41	37	5
41	38	6
41	39	8
41	40	5
42	1	2
42	2	2
42	3	1
42	4	3
42	5	2
42	6	2
42	8	2
42	9	3
42	10	4
42	11	3
42	12	1
42	13	3
42	14	3
42	15	1
42	17	3
42	18	8
42	19	1
42	23	2
42	24	3
42	25	7
42	26	1
42	27	7
42	28	1
42	29	2
42	30	3
42	31	4
42	32	2
42	33	8
42	34	3
42	35	2
42	36	3
42	37	7
42	38	9
42	39	4
42	40	8
42	41	12
43	0	2
43	1	2
43	2	1
43	3	1
43	4	4
43	5	4
43	9	2
43	10	3
43	11	2
43	12	3
43	13	2
43	17	1
43	20	1
43	21	1
43	22	4
43	24	1
43	25	2
43	26	3
43	27	3
43	28	4
43	29	6
43	30	8
43	31	7
43	32	12
43	33	5
43	34	3
43	35	10
43	36	5
43	37	9
43	38	10
43	39	14
43	40	7
43	41	8
43	42	16
44	4	2
44	10	6
44	11	1
44	12	1
44	18	1
44	20	3
44	21	3
44	23	1
44	24	4
44	25	2
44	26	1
44	27	1
44	28	7
44	29	1
44	30	6
44	31	5
44	32	5
44	33	2
44	34	3
44	35	3
44	36	3
44	37	6
44	38	12
44	39	8
44	40	7
44	41	8
44	42	4
44	43	3
45	0	1
45	3	2
45	6	2
45	9	3
45	10	2
45	11	1
45	15	1
45	19	2
45	20	2
45	22	1
45	23	1
45	24	1
45	25	3
45	26	3
45	27	1
45	28	2
45	29	1
45	30	6
45	31	3
45	32	4
45	33	1
45	34	3
45	35	7
45	36	3
45	37	5
45	38	9
45	39	5
45	40	6
45	41	8
45	42	7
45	43	7
45	44	9
46	0	2
46	1	2
46	2	2
46	3	1
46	4	4
46	8	4
46	10	1
46	11	5
46	13	1
46	14	3
46	15	3
46	18	1
46	19	2
46	22	2
46	23	1
46	25	3
46	26	4
46	27	5
46	28	1
46	29	4
46	30	5
46	31	4
46	32	8
46	33	10
46	34	3
46	35	8
46	36	7
46	37	6
46	38	5
46	39	4
46	40	4
46	41	2
46	42	4
46	43	8
46	44	4
46	45	5
47	1	3
47	2	1
47	3	3
47	4	1
47	9	1
47	10	2
47	11	2
47	13	2
47	15	2
47	18	3
47	21	2
47	23	2
47	24	3
47	25	3
47	26	4
47	27	3
47	28	3
47	29	1
47	30	3
47	31	2
47	32	4
47	33	1
47	34	1
47	35	9
47	36	6
47	37	9
47	38	10
47	39	1
47	40	1
47	41	2
47	42	2
47	43	1
47	44	4
47	45	5
47	46	11
48	1	3
48	2	3
48	3	1
48	4	3
48	5	2
48	6	4
48	7	2
48	8	2
48	9	1
48	10	3
48	11	11
48	12	5
48	13	6
48	14	3
48	15	3
48	16	2
48	18	7
48	19	1
48	20	1
48	21	1
48	22	2
48	23	1
48	24	15
48	25	8
48	27	2
48	28	1
48	30	2
48	31	3
48	32	4
48	33	5
48	34	6
48	35	4
48	36	3
48	37	3
48	38	2
48	39	3
48	40	8
48	41	3
48	42	5
48	43	1
48	44	2
48	45	5
48	46	5
48	47	2
49	0	1
49	1	7
49	2	3
49	3	2
49	4	3
49	5	5
49	6	2
49	7	3
49	8	3
49	9	2
49	10	3
49	11	6
49	12	5
49	13	6
49	14	7
49	15	6
49	16	3
49	17	3
49	18	6
49	19	4
49	20	3
49	21	3
49	22	2
49	23	5
49	24	13
49	25	4
49	26	3
49	27	5
49	28	4
49	29	2
49	30	3
49	31	6
49	32	2
49	33	4
49	34	9
49	35	9
49	36	7
49	37	1
49	38	8
49	39	3
49	40	11
49	41	2
49	42	6
49	43	3
49	44	2
49	45	3
49	46	8
49	47	5
49	48	13
50	0	1
50	1	5
50	2	3
50	3	1
50	4	2
50	7	4
50	8	4
50	9	2
50	10	5
50	11	4
50	12	2
50	13	5
50	14	6
50	15	2
50	18	3
50	19	1
50	20	3
50	23	2
50	24	11
50	25	3
50	26	4
50	27	5
50	28	1
50	29	5
50	30	1
50	31	1
50	32	3
50	33	5
50	34	3
50	35	7
50	36	3
50	37	4
50	38	2
50	39	4
50	40	3
50	41	2
50	43	1
50	46	4
50	47	3
50	48	7
50	49	12
51	1	3
51	2	1
51	3	4
51	4	2
51	5	6
51	6	2
51	7	1
51	8	2
51	9	5
51	10	5
51	11	10
51	12	3
51	13	5
51	14	2
51	15	3
51	18	9
51	19	4
51	20	2
51	21	1
51	22	1
51	23	5
51	24	2
51	25	5
51	26	1
51	27	4
51	28	8
51	29	2
51	30	2
51	31	8
51	32	10
51	33	5
51	34	11
51	35	6
51	36	12
51	37	5
51	38	13
51	39	5
51	40	8
51	41	4
51	42	10
51	43	7
51	44	7
51	45	1
51	46	6
51	47	5
51	48	5
51	49	16
51	50	7
52	1	7
52	2	4
52	3	4
52	4	1
52	5	3
52	7	2
52	8	3
52	9	3
52	10	7
52	11	2
52	12	5
52	13	6
52	14	3
52	15	3
52	16	2
52	17	4
52	18	3
52	20	1
52	21	4
52	22	3
52	23	4
52	24	2
52	25	4
52	26	4
52	27	2
52	28	9
52	29	5
52	30	3
52	31	2
52	32	3
52	33	3
52	34	2
52	35	2
52	36	5
52	37	7
52	38	7
52	39	2
52	40	2
52	41	4
52	42	5
52	43	4
52	44	8
52	45	1
52	46	6
52	47	1
52	48	6
52	49	6
52	50	5
52	51	12
53	2	3
53	3	4
53	4	5
53	5	8
53	8	2
53	9	5
53	10	5
53	11	5
53	12	6
53	13	3
53	14	4
53	15	4
53	17	1
53	18	5
53	20	4
53	21	2
53	22	3
53	23	4
53	24	10
53	25	4
53	26	4
53	28	5
53	29	4
53	30	4
53	31	8
53	32	4
53	33	5
53	34	5
53	35	2
53	36	3
53	37	9
53	38	12
53	39	8
53	40	8
53	41	8
53	42	9
53	43	8
53	44	4
53	45	4
53	46	1
53	47	3
53	48	3
53	49	8
53	50	2
53	51	13
53	52	6
54	1	4
54	2	1
54	3	3
54	4	3
54	5	3
54	8	6
54	10	4
54	11	4
54	12	2
54	13	8
54	14	4
54	15	3
54	16	3
54	17	3
54	18	4
54	19	4
54	20	4
54	21	1
54	22	2
54	23	9
54	24	5
54	25	3
54	26	4
54	27	2
54	28	10
54	29	1
54	30	3
54	31	1
54	32	3
54	34	4
54	35	3
54	36	3
54	37	3
54	38	9
54	39	2
54	40	6
54	41	3
54	42	1
54	43	1
54	44	3
54	45	3
54	46	1
54	47	4
54	48	1
54	49	5
54	50	5
54	51	3
54	52	13
54	53	6
55	1	4
55	2	4
55	3	4
55	4	4
55	5	12
55	6	4
55	7	2
55	8	5
55	9	7
55	10	6
55	11	3
55	13	2
55	14	2
55	15	4
55	16	1
55	17	1
55	18	1
55	19	3
55	20	2
55	21	1
55	22	1
55	23	4
55	24	9
55	25	6
55	26	5
55	27	9
55	28	13
55	29	2
55	30	2
55	31	2
55	33	2
55	34	5
55	35	8
55	36	4
55	37	4
55	38	10
55	39	4
55	40	9
55	41	4
55	42	6
55	43	6
55	44	3
55	45	4
55	46	7
55	48	6
55	49	5
55	51	12
55	52	10
55	53	7
55	54	12
56	1	2
56	2	3
56	3	1
56	4	2
56	8	3
56	9	2
56	10	5
56	11	2
56	12	4
56	13	4
56	14	3
56	15	4
56	16	3
56	17	1
56	18	2
56	19	1
56	20	3
56	21	6
56	22	4
56	23	5
56	24	5
56	25	1
56	26	2
56	27	4
56	28	9
56	30	2
56	31	4
56	32	4
56	33	3
56	34	2
56	35	5
56	36	2
56	37	3
56	38	8
56	39	12
56	40	6
56	41	4
56	42	3
56	43	5
56	44	12
56	45	3
56	46	6
56	47	2
56	48	2
56	49	1
56	50	1
56	51	12
56	52	10
56	53	6
56	54	9
56	55	6
57	0	2
57	1	1
57	2	2
57	3	2
57	4	2
57	6	3
57	8	2
57	9	2
57	10	5
57	11	2
57	12	3
57	13	4
57	14	4
57	15	2
57	16	1
57	18	3
57	19	4
57	20	4
57	22	2
57	23	2
57	24	1
57	25	2
57	26	2
57	27	2
57	28	11
57	29	5
57	30	2
57	31	1
57	32	3
57	33	5
57	34	6
57	35	8
57	36	5
57	37	4
57	38	12
57	39	4
57	40	5
57	41	2
57	42	2
57	43	4
57	44	8
57	45	5
57	46	8
57	47	4
57	48	6
57	49	5
57	50	2
57	51	7
57	52	8
57	53	4
57	54	5
57	55	6
57	56	5
58	1	4
58	2	2
58	4	3
58	6	4
58	7	1
58	9	1
58	11	3
58	16	1
58	17	1
58	18	2
58	20	1
58	22	1
58	23	1
58	24	2
58	25	4
58	26	4
58	27	3
58	28	5
58	29	6
58	30	5
58	31	5
58	32	1
58	33	12
58	34	2
58	35	5
58	36	6
58	37	7
58	38	8
58	39	4
58	40	2
58	41	4
58	42	6
58	43	6
58	44	6
58	45	8
58	46	4
58	47	5
58	48	1
58	49	7
58	50	1
58	51	4
58	52	7
58	53	6
58	54	9
58	55	5
58	56	3
58	57	10
59	1	4
59	2	1
59	3	1
59	4	5
59	5	2
59	6	1
59	8	2
59	9	2
59	10	2
59	11	5
59	12	5
59	13	2
59	14	3
59	15	2
59	16	3
59	17	1
59	18	5
59	19	2
59	20	5
59	22	6
59	23	7
59	24	5
59	25	2
59	26	1
59	27	2
59	28	4
59	29	4
59	30	1
59	31	4
59	32	2
59	33	5
59	34	5
59	35	7
59	36	4
59	37	4
59	38	6
59	39	4
59	40	4
59	41	2
59	42	5
59	43	1
59	44	1
59	45	5
59	46	3
59	47	2
59	48	4
59	49	9
59	50	3
59	51	4
59	52	20
59	53	2
59	54	11
59	55	6
59	56	12
59	57	9
59	58	5
60	0	1
60	1	3
60	2	2
60	3	5
60	4	2
60	7	2
60	8	3
60	10	1
60	11	2
60	12	1
60	13	4
60	15	2
60	17	1
60	18	4
60	19	5
60	23	5
60	24	5
60	25	2
60	26	7
60	27	6
60	28	4
60	29	2
60	30	5
60	31	5
60	32	1
60	33	3
60	34	2
60	35	3
60	36	6
60	37	3
60	38	4
60	39	3
60	40	6
60	41	3
60	42	3
60	43	5
60	44	3
60	45	3
60	46	2
60	47	14
60	48	3
60	49	3
60	50	10
60	51	6
60	52	6
60	53	3
60	54	4
60	55	2
60	56	3
60	57	9
60	58	4
60	59	5
