1	0	4
2	0	3
2	1	6
3	0	2
3	1	3
3	2	6
4	1	5
4	2	10
4	3	14
5	0	2
5	1	7
5	2	4
5	4	5
6	0	5
6	1	4
6	2	5
6	3	2
6	4	5
6	5	8
7	0	2
7	1	2
7	2	3
7	3	3
7	4	5
7	5	1
7	6	8
8	0	4
8	1	9
8	2	7
8	3	5
8	4	8
8	5	6
8	6	9
8	7	12
9	0	4
9	1	8
9	2	3
9	4	4
9	5	3
9	6	5
9	7	13
9	8	8
10	0	1
10	1	4
10	2	5
10	3	2
10	4	5
10	5	9
10	6	8
10	7	7
10	8	7
10	9	13
11	0	3
11	1	7
11	2	3
11	3	7
11	4	2
11	5	6
11	6	3
11	7	3
11	8	10
11	9	10
11	10	8
12	0	2
12	1	7
12	2	5
12	3	4
12	4	5
12	5	6
12	6	7
12	7	8
12	8	10
12	9	4
12	10	11
12	11	6
13	1	7
13	2	6
13	3	5
13	4	3
13	5	4
13	6	2
13	7	2
13	8	13
13	9	10
13	10	6
13	11	4
13	12	9
14	0	2
14	1	6
14	2	10
14	3	4
14	4	4
14	5	2
14	6	4
14	7	2
14	8	12
14	9	8
14	10	4
14	11	6
14	12	11
14	13	11
15	0	5
15	1	7
15	2	9
15	3	5
15	4	3
15	5	2
15	6	9
15	7	5
15	8	12
15	9	6
15	10	4
15	11	2
15	12	8
15	13	7
15	14	12
16	0	2
16	1	5
16	2	5
16	3	3
16	4	6
16	5	2
16	6	3
16	7	3
16	8	3
16	9	2
16	10	1
16	11	2
16	12	8
16	13	2
16	14	2
16	15	5
17	0	4
17	1	4
17	2	8
17	3	2
17	4	1
17	5	1
17	6	2
17	7	3
17	8	10
17	9	4
17	10	4
17	11	4
17	12	3
17	13	3
17	14	4
17	15	8
17	16	7
18	0	4
18	1	2
18	2	3
18	3	8
18	4	3
18	5	9
18	6	7
18	7	4
18	8	2
18	9	5
18	10	9
18	11	4
18	12	4
18	13	4
18	14	4
18	15	4
18	16	4
18	17	1
19	0	3
19	1	6
19	2	3
19	3	5
19	4	11
19	5	6
19	6	4
19	7	6
19	8	7
19	9	5
19	10	6
19	11	2
19	12	6
19	13	10
19	14	9
19	15	9
19	16	2
19	17	1
19	18	2
20	0	2
20	1	2
20	2	12
20	3	8
20	4	10
20	5	4
20	6	3
20	7	3
20	8	5
20	9	1
20	10	4
20	11	2
20	12	5
20	13	4
20	14	5
20	15	2
20	16	2
20	17	1
20	18	9
20	19	7
21	0	4
21	1	5
21	2	6
21	3	4
21	4	7
21	5	6
21	6	2
21	7	4
21	8	12
21	9	7
21	10	5
21	11	3
21	12	4
21	13	3
21	14	2
21	15	11
21	16	8
21	17	2
21	18	4
21	19	6
21	20	3
22	1	3
22	2	5
22	3	1
22	4	8
22	5	4
22	6	3
22	7	4
22	8	3
22	9	1
22	10	3
22	11	3
22	12	5
22	13	4
22	14	4
22	15	5
22	16	3
22	17	5
22	18	2
22	19	6
22	20	12
22	21	5
23	0	1
23	1	1
23	2	6
23	3	2
23	4	5
23	5	3
23	7	1
23	9	3
23	11	3
23	12	3
23	13	3
23	14	6
23	15	3
23	17	2
23	19	3
23	20	5
23	21	4
23	22	1
24	0	3
24	1	5
24	2	6
24	3	3
24	4	3
24	6	7
24	7	2
24	8	1
24	9	4
24	10	1
24	11	3
24	12	5
24	13	5
24	14	9
24	15	4
24	16	6
24	17	1
24	18	5
24	19	5
24	20	2
24	21	5
24	22	5
24	23	2
25	1	5
25	2	6
25	3	1
25	4	5
25	5	6
25	6	4
25	7	3
25	9	3
25	10	4
25	11	7
25	12	7
25	13	10
25	14	2
25	15	4
25	16	3
25	17	2
25	18	2
25	19	3
25	20	3
25	21	7
25	22	1
25	23	1
25	24	4
26	1	1
26	2	3
26	4	3
26	7	1
26	8	3
26	10	3
26	11	2
26	12	2
26	14	2
26	15	3
26	18	3
26	19	4
26	20	1
26	23	2
26	24	3
26	25	3
27	0	2
27	1	4
27	2	3
27	4	1
27	5	2
27	7	1
27	8	2
27	9	3
27	10	6
27	12	1
27	13	2
27	14	1
27	15	5
27	19	3
27	22	1
27	23	5
27	24	3
27	25	5
27	26	2
28	0	4
28	1	6
28	2	4
28	3	7
28	4	3
28	5	7
28	6	4
28	7	2
28	8	5
28	9	3
28	10	7
28	12	2
28	13	2
28	14	7
28	15	4
28	16	3
28	17	3
28	18	10
28	19	5
28	20	1
28	22	8
28	23	3
28	24	6
28	25	3
28	26	4
28	27	1
29	0	2
29	1	2
29	4	1
29	5	1
29	7	2
29	8	2
29	10	3
29	12	2
29	13	3
29	16	1
29	18	4
29	19	2
29	23	3
29	24	3
29	25	3
29	27	5
29	28	1
30	1	1
30	5	1
30	8	2
30	9	1
30	10	4
30	11	6
30	12	1
30	13	2
30	14	2
30	17	1
30	18	1
30	19	3
30	20	2
30	22	1
30	24	2
30	26	4
30	27	4
30	28	5
30	29	9
31	8	1
31	9	3
31	10	2
31	11	1
31	22	1
31	23	3
31	24	1
31	25	4
31	26	2
31	27	5
31	28	1
31	29	6
31	30	11
32	1	2
32	2	1
32	4	7
32	8	1
32	9	1
32	10	1
32	11	4
32	12	4
32	13	3
32	14	5
32	16	1
32	18	3
32	22	2
32	23	1
32	24	2
32	25	3
32	26	3
32	27	3
32	28	2
32	29	7
32	30	8
32	31	17
33	0	2
33	1	3
33	2	3
33	3	2
33	4	3
33	5	2
33	8	3
33	10	4
33	11	7
33	12	1
33	13	3
33	14	3
33	15	9
33	17	2
33	18	3
33	19	1
33	21	1
33	22	1
33	23	4
33	24	4
33	25	5
33	26	5
33	27	6
33	28	4
33	29	9
33	30	4
33	31	7
33	32	10
34	1	6
34	2	3
34	3	4
34	4	1
34	5	1
34	6	3
34	9	1
34	10	5
34	11	5
34	12	3
34	13	1
34	14	7
34	15	5
34	17	2
34	18	1
34	19	5
34	20	3
34	21	2
34	22	3
34	23	3
34	24	5
34	25	5
34	26	2
34	27	2
34	28	1
34	29	1
34	31	7
34	32	8
34	33	11
35	0	3
35	1	5
35	2	5
35	3	2
35	4	2
35	5	1
35	6	3
35	8	2
35	9	2
35	10	2
35	11	2
35	12	1
35	13	2
35	14	5
35	15	2
35	16	4
35	17	1
35	18	1
35	19	3
35	20	1
35	21	6
35	22	1
35	23	5
35	24	3
35	25	2
35	26	4
35	27	2
35	28	2
35	29	5
35	30	5
35	31	5
35	32	4
35	33	8
35	34	13
36	0	1
36	1	2
36	2	3
36	3	1
36	4	3
36	6	2
36	7	3
36	10	3
36	11	1
36	12	3
36	13	2
36	14	1
36	15	1
36	16	1
36	18	2
36	22	2
36	23	2
36	24	6
36	25	4
36	26	5
36	27	6
36	28	2
36	29	2
36	30	5
36	31	5
36	32	4
36	33	5
36	34	5
36	35	8
37	3	1
37	4	1
37	5	1
37	6	3
37	7	2
37	8	3
37	9	2
37	10	6
37	11	5
37	12	4
37	13	6
37	14	2
37	15	3
37	18	2
37	19	1
37	20	1
37	21	2
37	24	6
37	25	5
37	26	6
37	27	3
37	28	4
37	29	7
37	30	3
37	31	10
37	32	8
37	33	6
37	34	9
37	35	7
37	36	4
38	1	7
38	2	1
38	3	3
38	4	6
38	5	4
38	6	3
38	7	5
38	8	2
38	9	6
38	10	1
38	11	5
38	12	3
38	14	2
38	15	2
38	16	2
38	17	1
38	18	6
38	19	1
38	20	2
38	21	3
38	22	1
38	23	1
38	24	3
38	26	1
38	27	2
38	28	7
38	29	7
38	30	4
38	31	3
38	32	1
38	33	5
38	34	7
38	35	9
38	36	9
38	37	11
39	0	1
39	2	1
39	3	3
39	4	3
39	5	4
39	6	3
39	7	2
39	8	3
39	9	2
39	10	3
39	11	3
39	12	5
39	14	2
39	15	1
39	16	2
39	18	4
39	19	2
39	20	4
39	21	1
39	22	2
39	23	2
39	24	5
39	25	2
39	26	1
39	27	2
39	28	10
39	29	2
39	30	3
39	31	1
39	32	3
39	33	3
39	34	2
39	35	6
39	36	3
39	37	8
39	38	11
40	0	1
40	1	1
40	2	2
40	3	1
40	4	3
40	5	3
40	6	2
40	8	3
40	9	1
40	10	7
40	11	3
40	12	3
40	13	3
40	14	4
40	15	2
40	17	2
40	18	5
40	19	2
40	20	4
40	21	4
40	22	2
40	23	3
40	24	4
40	25	7
40	26	2
40	27	5
40	28	5
40	30	7
40	31	7
40	32	1
40	33	8
40	34	11
40	35	8
40	36	3
40	37	6
40	38	8
40	39	4
41	1	1
41	4	3
41	5	2
41	6	1
41	7	1
41	8	5
41	9	3
41	10	2
41	11	4
41	12	2
41	13	2
41	14	2
41	15	6
41	18	4
41	20	4
41	22	2
41	24	1
41	25	1
41	26	5
41	27	2
41	28	7
41	29	3
41	30	8
41	31	9
41	32	4
41	33	3
41	34	3
41	35	6
41	36	6
41	37	6
41	38	6
41	39	5
41	40	7
42	1	1
42	2	1
42	3	2
42	4	1
42	5	5
42	6	1
42	8	2
42	9	3
42	10	2
42	11	6
42	13	1
42	14	2
42	15	3
42	18	2
42	19	3
42	20	1
42	24	1
42	25	1
42	26	1
42	27	1
42	28	4
42	29	1
42	30	2
42	31	3
42	32	3
42	34	6
42	35	8
42	36	5
42	37	4
42	38	11
42	39	12
42	40	6
42	41	12
43	2	3
43	3	1
43	4	1
43	5	3
43	8	5
43	9	4
43	10	2
43	11	2
43	12	2
43	13	1
43	14	2
43	15	4
43	16	5
43	17	1
43	18	5
43	20	3
43	21	5
43	22	3
43	24	7
43	25	6
43	26	3
43	27	3
43	28	3
43	29	3
43	30	4
43	31	3
43	32	4
43	33	1
43	34	4
43	35	4
43	36	1
43	37	9
43	38	16
43	39	13
43	40	7
43	41	10
43	42	12
44	4	5
44	5	1
44	7	1
44	8	3
44	10	2
44	11	1
44	18	3
44	19	1
44	20	2
44	21	1
44	24	2
44	25	2
44	27	1
44	28	5
44	29	2
44	30	1
44	31	4
44	32	2
44	33	2
44	34	5
44	35	3
44	36	2
44	37	11
44	38	11
44	39	6
44	40	6
44	41	7
44	42	7
44	43	9
45	0	1
45	3	1
45	5	2
45	6	3
45	9	1
45	10	2
45	11	1
45	15	2
45	16	1
45	19	2
45	20	3
45	22	1
45	24	2
45	25	1
45	26	1
45	27	2
45	28	4
45	29	3
45	30	7
45	31	6
45	32	3
45	33	1
45	34	3
45	35	6
45	36	4
45	37	7
45	38	4
45	39	6
45	40	3
45	41	5
45	42	5
45	43	11
45	44	6
46	2	3
46	4	3
46	8	3
46	10	4
46	11	3
46	13	2
46	14	1
46	15	1
46	18	1
46	19	1
46	22	2
46	23	1
46	24	4
46	25	2
46	26	3
46	27	7
46	28	2
46	29	10
46	30	6
46	31	3
46	32	6
46	33	10
46	34	4
46	35	13
46	36	8
46	37	3
46	38	6
46	39	4
46	40	4
46	41	5
46	42	2
46	43	7
46	44	3
46	45	5
47	0	1
47	1	2
47	3	2
47	4	2
47	9	2
47	10	1
47	11	2
47	12	5
47	13	1
47	15	2
47	18	1
47	20	1
47	21	1
47	23	4
47	24	3
47	25	1
47	26	8
47	27	3
47	28	3
47	29	3
47	30	1
47	31	6
47	32	2
47	33	3
47	34	4
47	35	4
47	36	4
47	37	2
47	38	6
47	39	2
47	40	3
47	41	5
47	42	2
47	43	6
47	44	4
47	46	11
48	1	2
48	2	3
48	3	1
48	4	3
48	5	4
48	6	1
48	7	1
48	8	5
48	9	8
48	10	9
48	11	2
48	12	4
48	13	5
48	14	3
48	15	4
48	16	3
48	19	2
48	20	5
48	21	4
48	22	3
48	23	2
48	24	10
48	25	4
48	26	1
48	27	8
48	28	4
48	29	4
48	30	1
48	31	1
48	32	4
48	33	2
48	34	5
48	35	4
48	36	4
48	37	4
48	38	4
48	39	5
48	40	14
48	41	3
48	42	3
48	43	3
48	44	3
48	45	4
48	46	4
49	0	1
49	1	5
49	2	4
49	3	2
49	4	9
49	5	4
49	6	2
49	7	3
49	8	3
49	9	3
49	10	2
49	11	3
49	12	2
49	13	4
49	14	5
49	15	4
49	16	2
49	17	2
49	18	2
49	20	3
49	21	4
49	22	4
49	23	3
49	24	7
49	25	5
49	26	5
49	27	4
49	28	10
49	29	3
49	30	2
49	31	3
49	32	2
49	33	6
49	34	14
49	35	7
49	36	4
49	37	6
49	38	11
49	39	3
49	40	12
49	41	2
49	42	6
49	43	4
49	44	11
49	45	2
49	46	3
49	47	6
49	48	10
50	0	1
50	1	5
50	2	1
50	3	2
50	4	2
50	8	2
50	9	3
50	10	1
50	11	5
50	12	5
50	13	2
50	14	2
50	15	2
50	18	2
50	19	1
50	23	1
50	24	4
50	25	2
50	26	2
50	27	11
50	28	2
50	29	1
50	30	2
50	31	1
50	32	2
50	33	6
50	34	2
50	35	2
50	36	6
50	37	5
50	38	3
50	39	1
50	40	3
50	41	1
50	42	2
50	43	2
50	45	2
50	46	2
50	47	2
50	48	8
50	49	9
51	1	4
51	2	5
51	3	4
51	4	2
51	5	2
51	6	2
51	8	6
51	9	4
51	10	5
51	11	4
51	12	4
51	13	3
51	14	2
51	15	3
51	18	3
51	19	3
51	20	3
51	21	1
51	22	3
51	23	2
51	24	4
51	25	1
51	26	3
51	27	5
51	28	11
51	29	3
51	30	3
51	31	3
51	32	8
51	33	4
51	34	7
51	35	6
51	36	12
51	37	8
51	38	10
51	39	7
51	40	10
51	41	2
51	42	4
51	43	7
51	44	2
51	45	2
51	46	3
51	47	4
51	49	22
51	50	8
52	1	4
52	3	5
52	4	5
52	5	4
52	8	4
52	9	2
52	10	1
52	11	8
52	12	2
52	13	1
52	14	3
52	15	2
52	16	2
52	18	3
52	19	2
52	20	2
52	21	2
52	22	4
52	23	3
52	24	7
52	25	7
52	26	1
52	27	4
52	28	8
52	29	2
52	30	1
52	31	3
52	32	4
52	33	2
52	34	4
52	35	4
52	36	8
52	37	6
52	38	12
52	39	5
52	40	4
52	41	4
52	42	2
52	43	5
52	44	2
52	45	4
52	46	6
52	47	5
52	48	2
52	49	7
52	50	1
52	51	10
53	1	5
53	2	2
53	3	1
53	4	2
53	5	2
53	6	3
53	8	3
53	9	3
53	10	7
53	11	2
53	12	5
53	13	3
53	14	2
53	15	1
53	16	1
53	17	4
53	18	7
53	19	5
53	20	5
53	22	3
53	23	4
53	24	6
53	25	3
53	26	6
53	27	1
53	28	10
53	29	1
53	30	1
53	31	4
53	32	5
53	33	2
53	34	4
53	35	4
53	36	4
53	37	8
53	38	17
53	39	12
53	40	10
53	41	4
53	42	7
53	43	6
53	44	8
53	45	2
53	46	10
53	47	9
53	48	9
53	49	3
53	50	2
53	51	11
53	52	14
54	0	4
54	1	2
54	2	2
54	3	6
54	4	4
54	5	1
54	8	1
54	9	1
54	10	2
54	11	5
54	12	3
54	13	4
54	14	4
54	15	5
54	16	3
54	17	4
54	18	4
54	19	3
54	20	5
54	21	6
54	22	1
54	23	9
54	24	7
54	25	4
54	26	2
54	27	2
54	28	4
54	29	1
54	30	2
54	31	4
54	32	4
54	33	1
54	34	5
54	35	11
54	36	9
54	37	2
54	38	5
54	39	2
54	40	4
54	41	3
54	42	5
54	43	5
54	44	2
54	45	3
54	46	6
54	47	6
54	48	4
54	49	5
54	50	4
54	51	1
54	52	12
54	53	5
55	1	4
55	2	5
55	3	4
55	4	9
55	5	4
55	6	5
55	7	1
55	8	4
55	9	2
55	10	2
55	11	4
55	12	8
55	13	4
55	14	1
55	15	5
55	16	1
55	17	4
55	18	6
55	19	3
55	20	5
55	21	9
55	23	5
55	24	8
55	26	4
55	27	1
55	28	9
55	29	3
55	30	2
55	31	2
55	32	2
55	33	4
55	34	2
55	35	3
55	36	2
55	37	3
55	38	5
55	39	7
55	40	5
55	41	2
55	42	4
55	43	8
55	44	3
55	45	3
55	46	1
55	47	6
55	48	2
55	49	7
55	50	3
55	51	9
55	52	8
55	53	13
55	54	13
56	0	1
56	1	3
56	2	3
56	3	2
56	4	4
56	5	1
56	8	1
56	9	4
56	10	4
56	11	2
56	12	2
56	13	4
56	14	2
56	15	3
56	18	6
56	19	1
56	20	6
56	21	1
56	22	2
56	23	4
56	24	6
56	25	3
56	26	1
56	27	1
56	28	10
56	30	2
56	31	4
56	32	4
56	33	4
56	34	2
56	35	4
56	36	5
56	37	4
56	38	9
56	39	7
56	40	1
56	41	3
56	42	6
56	43	10
56	44	7
56	45	3
56	46	3
56	47	8
56	48	3
56	49	3
56	50	1
56	51	10
56	52	5
56	53	7
56	54	5
56	55	7
57	0	1
57	1	1
57	2	3
57	3	2
57	4	2
57	6	1
57	8	3
57	9	2
57	10	1
57	12	1
57	13	5
57	14	2
57	15	3
57	16	2
57	18	2
57	19	1
57	20	1
57	22	1
57	23	5
57	24	8
57	25	2
57	26	7
57	27	4
57	28	4
57	29	6
57	30	5
57	31	2
57	32	2
57	33	4
57	34	5
57	35	7
57	36	10
57	37	6
57	38	9
57	39	3
57	40	1
57	41	2
57	42	2
57	43	1
57	44	2
57	45	3
57	46	10
57	47	9
57	48	2
57	49	4
57	50	3
57	51	7
57	52	7
57	53	2
57	54	5
57	55	6
57	56	4
58	1	5
58	2	1
58	4	1
58	9	1
58	10	5
58	11	2
58	14	4
58	16	1
58	20	2
58	22	3
58	24	2
58	25	2
58	26	4
58	27	5
58	28	3
58	29	2
58	30	3
58	31	7
58	32	4
58	33	5
58	34	3
58	35	5
58	36	3
58	37	3
58	38	11
58	39	6
58	40	4
58	41	3
58	42	2
58	43	7
58	44	3
58	45	8
58	46	6
58	47	10
58	48	3
58	49	8
58	50	2
58	51	2
58	52	2
58	53	1
58	54	3
58	55	4
58	56	3
58	57	9
59	1	8
59	2	4
59	3	3
59	4	4
59	8	3
59	9	5
59	10	3
59	11	6
59	12	1
59	13	1
59	14	4
59	15	4
59	16	2
59	17	2
59	18	1
59	19	5
59	20	3
59	21	4
59	22	3
59	23	5
59	24	4
59	25	3
59	26	3
59	27	2
59	28	5
59	29	2
59	31	2
59	32	4
59	33	6
59	34	1
59	35	3
59	36	2
59	37	2
59	38	8
59	39	5
59	40	6
59	41	5
59	42	3
59	43	3
59	44	2
59	45	1
59	46	4
59	47	3
59	48	2
59	49	9
59	50	4
59	51	7
59	52	18
59	53	7
59	54	15
59	55	5
59	56	4
59	57	7
59	58	7
60	1	5
60	2	3
60	3	1
60	4	2
60	7	1
60	8	1
60	10	2
60	11	2
60	12	2
60	13	1
60	14	1
60	17	2
60	18	3
60	19	5
60	20	4
60	23	6
60	24	2
60	25	3
60	26	4
60	27	4
60	28	4
60	29	1
60	30	6
60	31	3
60	32	4
60	33	2
60	34	4
60	35	2
60	36	8
60	37	2
60	38	5
60	39	1
60	40	5
60	41	2
60	42	1
60	43	3
60	44	2
60	45	4
60	46	2
60	47	10
60	48	2
60	49	2
60	50	1
60	51	7
60	52	2
60	53	9
60	54	6
60	55	4
60	56	1
60	57	8
60	58	11
60	59	4
