1	0	3
2	0	2
2	1	9
3	1	3
3	2	4
4	1	2
4	2	11
4	3	14
5	0	4
5	1	2
5	2	1
5	3	3
5	4	4
6	0	3
6	1	2
6	2	6
6	3	1
6	4	2
6	5	7
7	0	3
7	1	4
7	2	2
7	3	2
7	4	3
7	5	4
7	6	5
8	0	6
8	1	5
8	2	8
8	3	4
8	4	7
8	5	8
8	6	8
8	7	12
9	0	6
9	1	7
9	2	6
9	4	4
9	5	3
9	6	7
9	7	9
9	8	8
10	0	3
10	1	6
10	2	3
10	3	4
10	4	4
10	5	3
10	6	3
10	7	5
10	8	4
10	9	13
11	0	1
11	1	6
11	2	2
11	3	4
11	4	4
11	5	4
11	6	5
11	7	2
11	8	2
11	9	8
11	10	10
12	0	3
12	1	11
12	2	4
12	3	2
12	4	6
12	5	6
12	6	14
12	7	7
12	8	11
12	9	11
12	10	9
12	11	9
13	0	9
13	1	11
13	2	9
13	3	4
13	4	1
13	5	5
13	6	4
13	7	6
13	8	12
13	9	14
13	10	5
13	11	10
13	12	14
14	0	3
14	1	6
14	2	5
14	3	3
14	4	7
14	5	3
14	6	5
14	7	1
14	8	5
14	9	4
14	10	3
14	11	6
14	12	15
14	13	12
15	0	5
15	1	9
15	2	8
15	3	4
15	4	5
15	5	7
15	6	4
15	7	6
15	8	8
15	9	5
15	10	1
15	11	7
15	12	9
15	13	6
15	14	10
16	0	4
16	2	2
16	3	8
16	4	7
16	5	8
16	6	2
16	7	5
16	8	5
16	9	2
16	10	1
16	11	4
16	12	5
16	13	2
16	14	4
16	15	2
17	0	5
17	1	4
17	2	2
17	3	3
17	4	4
17	5	4
17	6	4
17	7	3
17	8	6
17	9	2
17	10	1
17	11	3
17	12	5
17	13	6
17	14	6
17	15	12
17	16	7
18	0	4
18	1	2
18	2	5
18	3	3
18	4	5
18	5	9
18	6	6
18	7	4
18	8	9
18	9	7
18	10	9
18	11	1
18	12	6
18	13	9
18	14	11
18	15	3
18	16	2
18	17	3
19	0	2
19	1	6
19	2	5
19	3	6
19	4	8
19	5	6
19	7	1
19	8	3
19	9	3
19	10	4
19	11	4
19	12	2
19	13	3
19	14	8
19	15	6
19	16	6
19	17	8
19	18	4
20	0	4
20	1	3
20	2	10
20	3	5
20	4	12
20	5	7
20	7	3
20	8	3
20	9	8
20	10	5
20	11	6
20	12	7
20	13	1
20	14	9
20	15	3
20	16	4
20	17	4
20	18	7
20	19	3
21	0	3
21	1	4
21	2	12
21	3	6
21	4	3
21	5	4
21	6	5
21	7	2
21	8	5
21	9	4
21	10	3
21	11	1
21	12	8
21	13	2
21	14	6
21	15	9
21	16	8
21	17	5
21	18	4
21	19	9
21	20	9
22	1	6
22	2	5
22	3	2
22	4	3
22	5	8
22	6	4
22	7	1
22	8	6
22	9	4
22	10	3
22	11	3
22	12	6
22	13	6
22	14	5
22	15	2
22	16	6
22	17	2
22	18	4
22	19	4
22	20	8
22	21	4
23	2	2
23	3	3
23	4	6
23	5	2
23	7	1
23	8	4
23	9	5
23	10	3
23	11	1
23	12	8
23	13	6
23	14	6
23	15	5
23	17	3
23	18	1
23	19	6
23	20	4
23	21	1
23	22	1
24	0	3
24	1	12
24	2	3
24	3	6
24	4	7
24	5	3
24	6	3
24	7	3
24	8	7
24	9	1
24	10	7
24	11	5
24	12	5
24	13	7
24	14	7
24	15	10
24	16	2
24	17	5
24	18	3
24	19	5
24	20	3
24	21	1
24	23	3
25	0	5
25	1	8
25	2	1
25	3	3
25	4	4
25	5	3
25	6	4
25	7	4
25	8	4
25	9	8
25	10	12
25	11	11
25	12	3
25	13	10
25	14	5
25	15	3
25	17	4
25	18	6
25	19	4
25	20	4
25	21	4
25	22	2
25	23	3
25	24	5
26	0	1
26	1	3
26	2	3
26	4	2
26	5	3
26	7	2
26	8	2
26	11	4
26	12	1
26	13	1
26	14	2
26	15	1
26	16	2
26	18	1
26	19	3
26	20	2
26	22	3
26	23	3
26	24	1
26	25	7
27	0	1
27	1	2
27	2	1
27	3	1
27	4	2
27	5	2
27	7	4
27	8	1
27	9	1
27	10	5
27	11	3
27	12	2
27	13	2
27	14	4
27	15	3
27	17	2
27	18	3
27	19	3
27	22	1
27	23	2
27	24	5
27	25	11
27	26	5
28	0	1
28	1	2
28	2	2
28	3	3
28	4	10
28	5	4
28	6	2
28	7	4
28	8	5
28	9	3
28	10	8
28	11	1
28	12	1
28	13	2
28	14	6
28	15	5
28	16	4
28	17	2
28	18	5
28	19	3
28	20	4
28	21	4
28	22	3
28	23	7
28	25	7
28	26	1
28	27	1
29	2	2
29	5	2
29	7	1
29	8	2
29	10	4
29	13	2
29	14	4
29	16	1
29	18	1
29	19	1
29	24	1
29	25	4
29	26	1
29	27	3
30	1	2
30	3	4
30	7	3
30	8	4
30	9	2
30	10	3
30	11	1
30	13	1
30	14	2
30	17	1
30	18	1
30	19	2
30	20	1
30	22	1
30	24	2
30	25	1
30	26	4
30	27	2
30	28	5
30	29	4
31	4	6
31	5	3
31	8	1
31	9	1
31	11	3
31	14	5
31	19	2
31	21	1
31	22	4
31	23	1
31	24	5
31	25	1
31	26	1
31	27	4
31	28	3
31	29	11
31	30	21
32	1	1
32	2	2
32	4	3
32	8	3
32	9	3
32	10	6
32	11	3
32	12	2
32	13	4
32	14	2
32	15	3
32	16	1
32	18	3
32	23	2
32	24	2
32	25	6
32	26	3
32	27	5
32	28	3
32	29	2
32	30	8
32	31	8
33	0	2
33	1	4
33	3	3
33	4	1
33	5	1
33	8	1
33	9	3
33	10	1
33	12	2
33	13	3
33	15	3
33	18	4
33	19	4
33	21	4
33	22	1
33	23	2
33	24	3
33	25	3
33	26	2
33	27	4
33	28	4
33	29	5
33	30	8
33	31	5
33	32	8
34	1	1
34	2	1
34	4	3
34	5	7
34	6	3
34	9	4
34	10	7
34	11	5
34	12	2
34	13	6
34	14	1
34	15	2
34	16	2
34	17	3
34	18	3
34	19	2
34	20	4
34	21	3
34	22	4
34	23	3
34	24	3
34	25	1
34	26	2
34	27	3
34	28	2
34	29	4
34	30	5
34	31	1
34	32	11
34	33	7
35	1	1
35	2	2
35	3	5
35	6	2
35	10	4
35	11	4
35	12	2
35	13	1
35	14	5
35	15	5
35	17	1
35	18	3
35	19	2
35	20	3
35	21	1
35	22	2
35	23	4
35	24	2
35	25	3
35	26	6
35	28	4
35	29	6
35	30	10
35	31	10
35	32	11
35	33	16
35	34	8
36	0	5
36	1	2
36	3	3
36	4	6
36	5	2
36	6	2
36	7	3
36	10	3
36	11	8
36	12	3
36	13	2
36	14	1
36	15	1
36	18	3
36	22	1
36	23	2
36	24	5
36	25	7
36	26	2
36	27	1
36	28	3
36	29	4
36	30	2
36	32	3
36	33	6
36	34	7
36	35	4
37	0	3
37	1	1
37	2	1
37	4	1
37	5	2
37	6	2
37	7	1
37	8	2
37	9	1
37	10	6
37	11	1
37	12	5
37	13	3
37	14	6
37	15	3
37	19	2
37	20	3
37	21	3
37	24	4
37	26	3
37	27	2
37	28	6
37	29	3
37	30	5
37	31	10
37	32	5
37	33	9
37	34	4
37	35	12
37	36	2
38	1	4
38	3	2
38	4	6
38	5	4
38	6	5
38	8	4
38	9	1
38	10	1
38	11	6
38	12	4
38	13	1
38	14	2
38	15	4
38	16	1
38	17	3
38	18	4
38	19	4
38	20	6
38	21	4
38	22	2
38	23	6
38	24	7
38	25	3
38	26	2
38	27	3
38	28	4
38	29	2
38	30	1
38	31	4
38	32	3
38	33	12
38	34	6
38	35	10
38	36	9
38	37	10
39	1	4
39	2	1
39	3	3
39	4	2
39	5	4
39	6	3
39	7	1
39	8	2
39	9	1
39	10	6
39	11	1
39	12	6
39	13	4
39	14	2
39	15	2
39	16	1
39	18	4
39	19	3
39	20	5
39	21	3
39	22	4
39	24	4
39	25	5
39	26	1
39	27	1
39	28	8
39	29	1
39	30	3
39	31	4
39	32	2
39	33	5
39	34	5
39	35	1
39	36	3
39	37	8
39	38	14
40	0	2
40	1	5
40	2	3
40	3	3
40	4	7
40	5	3
40	6	1
40	7	3
40	8	9
40	9	9
40	10	8
40	11	6
40	12	4
40	13	6
40	14	5
40	15	3
40	16	5
40	18	4
40	19	3
40	21	5
40	22	3
40	23	2
40	24	5
40	25	4
40	26	2
40	27	5
40	28	4
40	29	4
40	30	2
40	31	5
40	32	5
40	33	6
40	34	6
40	35	8
40	36	3
40	37	11
40	38	12
40	39	6
41	1	3
41	4	2
41	5	2
41	6	2
41	7	2
41	8	5
41	9	3
41	10	8
41	11	4
41	12	2
41	13	2
41	14	1
41	15	3
41	16	2
41	18	3
41	20	3
41	22	3
41	24	2
41	25	2
41	26	2
41	27	1
41	28	4
41	29	6
41	30	8
41	31	4
41	32	3
41	33	4
41	34	3
41	35	5
41	36	6
41	37	8
41	38	12
41	39	6
41	40	3
42	1	8
42	2	2
42	3	3
42	5	1
42	6	1
42	8	1
42	10	4
42	12	3
42	13	2
42	14	2
42	15	1
42	18	1
42	19	1
42	25	1
42	26	4
42	27	2
42	28	6
42	29	2
42	30	6
42	31	1
42	32	1
42	33	3
42	34	2
42	35	1
42	36	2
42	37	6
42	38	9
42	39	8
42	40	8
42	41	4
43	0	1
43	1	1
43	2	2
43	3	5
43	4	1
43	5	5
43	7	1
43	8	4
43	9	4
43	10	6
43	11	2
43	14	1
43	15	1
43	17	5
43	18	5
43	21	1
43	22	1
43	23	1
43	24	4
43	25	4
43	26	3
43	27	3
43	28	6
43	29	3
43	30	4
43	31	8
43	32	1
43	33	3
43	34	5
43	35	5
43	36	4
43	37	8
43	38	9
43	39	8
43	40	9
43	41	17
43	42	10
44	3	2
44	4	2
44	5	2
44	7	2
44	8	1
44	9	1
44	10	5
44	11	3
44	12	2
44	18	3
44	20	1
44	21	2
44	23	4
44	24	5
44	25	2
44	26	2
44	27	1
44	29	2
44	30	4
44	31	5
44	32	2
44	33	2
44	34	2
44	35	6
44	36	4
44	37	9
44	38	10
44	39	6
44	40	5
44	41	4
44	42	5
44	43	15
45	0	1
45	3	2
45	6	2
45	9	2
45	10	2
45	11	3
45	15	2
45	19	2
45	20	1
45	22	3
45	24	1
45	25	4
45	26	3
45	27	2
45	28	4
45	29	2
45	30	3
45	31	4
45	32	3
45	33	6
45	34	1
45	35	8
45	36	2
45	37	5
45	38	3
45	39	6
45	40	3
45	41	4
45	42	7
45	43	11
45	44	7
46	0	4
46	1	2
46	2	2
46	3	2
46	4	3
46	10	5
46	11	3
46	13	1
46	14	1
46	15	1
46	17	2
46	18	1
46	19	3
46	22	1
46	23	5
46	24	4
46	25	4
46	26	2
46	27	1
46	28	4
46	29	9
46	30	4
46	31	8
46	32	2
46	33	3
46	34	8
46	35	5
46	36	5
46	37	6
46	38	6
46	39	1
46	40	2
46	41	5
46	42	2
46	43	9
46	44	3
46	45	9
47	0	2
47	1	1
47	2	3
47	3	4
47	9	3
47	10	1
47	11	1
47	12	2
47	13	3
47	15	1
47	16	1
47	17	2
47	18	1
47	20	3
47	23	1
47	24	1
47	25	1
47	26	4
47	27	3
47	28	5
47	29	6
47	30	8
47	31	3
47	32	4
47	33	2
47	34	8
47	35	11
47	36	3
47	37	4
47	38	10
47	39	4
47	40	4
47	41	4
47	42	6
47	43	3
47	44	2
47	45	5
47	46	7
48	1	5
48	2	1
48	3	4
48	4	5
48	5	2
48	7	2
48	8	5
48	9	2
48	10	5
48	11	6
48	12	6
48	13	8
48	14	1
48	15	4
48	16	4
48	18	5
48	19	3
48	20	5
48	21	2
48	22	4
48	23	2
48	24	13
48	25	5
48	26	2
48	27	5
48	28	3
48	29	2
48	30	1
48	31	4
48	32	5
48	33	4
48	34	8
48	35	4
48	36	6
48	37	4
48	38	3
48	39	2
48	40	8
48	41	2
48	42	3
48	43	5
48	44	4
48	45	4
48	46	3
48	47	1
49	0	2
49	1	3
49	2	3
49	3	4
49	4	5
49	5	5
49	6	1
49	7	1
49	8	1
49	10	9
49	11	6
49	12	4
49	13	2
49	14	11
49	15	3
49	16	5
49	17	3
49	18	7
49	19	3
49	20	4
49	21	4
49	22	5
49	23	7
49	24	12
49	25	7
49	26	3
49	27	2
49	28	5
49	29	5
49	30	4
49	31	3
49	32	2
49	33	9
49	34	9
49	35	5
49	36	8
49	37	11
49	38	7
49	39	8
49	40	12
49	41	4
49	42	5
49	43	11
49	44	3
49	45	7
49	46	9
49	47	5
49	48	12
50	0	2
50	1	4
50	2	3
50	4	3
50	8	6
50	9	2
50	10	4
50	11	3
50	12	3
50	13	5
50	14	2
50	15	2
50	18	2
50	19	2
50	20	5
50	21	3
50	23	3
50	24	9
50	25	3
50	26	2
50	27	3
50	28	5
50	29	3
50	30	4
50	31	2
50	32	6
50	33	8
50	34	10
50	35	6
50	36	7
50	37	3
50	38	5
50	39	1
50	40	4
50	41	2
50	42	4
50	45	2
50	46	3
50	47	3
50	48	10
50	49	10
51	1	4
51	2	3
51	3	2
51	4	4
51	5	3
51	6	1
51	8	4
51	9	3
51	10	7
51	11	2
51	12	5
51	13	3
51	14	3
51	15	2
51	18	5
51	19	6
51	20	3
51	21	2
51	22	2
51	23	6
51	24	11
51	25	2
51	26	4
51	27	7
51	28	6
51	29	5
51	30	5
51	31	5
51	32	5
51	33	2
51	34	13
51	35	11
51	36	4
51	37	5
51	38	16
51	39	6
51	40	12
51	41	4
51	42	7
51	43	7
51	44	6
51	45	2
51	46	4
51	47	2
51	48	5
51	49	12
51	50	4
52	1	1
52	2	2
52	3	3
52	4	2
52	5	2
52	7	2
52	8	1
52	9	4
52	10	2
52	11	2
52	12	4
52	13	2
52	14	5
52	16	4
52	17	2
52	18	3
52	19	1
52	20	4
52	21	2
52	22	3
52	23	3
52	24	7
52	25	5
52	26	2
52	28	4
52	29	1
52	30	2
52	32	2
52	33	1
52	34	4
52	35	5
52	36	6
52	37	7
52	38	15
52	39	4
52	40	6
52	41	9
52	42	3
52	43	1
52	44	4
52	45	4
52	46	3
52	47	7
52	48	5
52	49	11
52	50	4
52	51	10
53	1	1
53	2	2
53	3	2
53	5	3
53	6	2
53	7	3
53	8	3
53	9	1
53	10	6
53	11	4
53	12	2
53	13	2
53	14	3
53	16	4
53	17	1
53	18	10
53	19	4
53	20	6
53	23	2
53	24	6
53	25	4
53	26	1
53	27	3
53	28	5
53	29	2
53	30	3
53	31	5
53	32	7
53	33	5
53	34	11
53	35	6
53	36	5
53	37	6
53	38	13
53	39	7
53	40	13
53	41	5
53	42	4
53	43	8
53	44	3
53	45	1
53	46	4
53	47	4
53	48	4
53	49	6
53	50	7
53	51	11
53	52	7
54	0	1
54	1	2
54	2	2
54	3	6
54	4	3
54	5	3
54	8	5
54	9	4
54	10	4
54	11	4
54	12	5
54	13	4
54	14	9
54	15	4
54	16	2
54	17	2
54	18	5
54	19	8
54	20	8
54	21	1
54	22	2
54	23	3
54	24	5
54	25	6
54	26	2
54	28	6
54	29	2
54	30	2
54	31	2
54	32	3
54	33	4
54	34	5
54	35	4
54	36	3
54	37	3
54	38	3
54	39	8
54	40	3
54	41	2
54	42	3
54	43	7
54	44	5
54	46	4
54	47	1
54	48	2
54	49	13
54	50	2
54	51	8
54	52	9
54	53	5
55	0	4
55	1	4
55	2	5
55	3	4
55	4	7
55	5	1
55	6	2
55	7	2
55	8	2
55	9	2
55	10	7
55	11	2
55	12	6
55	13	3
55	14	6
55	15	5
55	17	1
55	18	5
55	19	4
55	20	5
55	21	1
55	23	1
55	24	6
55	25	8
55	26	1
55	27	1
55	28	21
55	29	1
55	30	2
55	31	2
55	32	3
55	33	1
55	34	3
55	35	4
55	37	3
55	38	11
55	39	10
55	40	4
55	41	9
55	42	7
55	43	3
55	44	4
55	45	1
55	46	4
55	47	2
55	48	3
55	49	10
55	50	6
55	51	9
55	52	14
55	53	18
55	54	14
56	0	1
56	1	1
56	2	3
56	3	8
56	4	1
56	8	2
56	9	1
56	10	5
56	11	3
56	12	3
56	14	5
56	15	1
56	16	2
56	18	3
56	20	4
56	21	3
56	22	7
56	23	1
56	24	4
56	25	3
56	26	2
56	27	3
56	28	2
56	30	1
56	31	3
56	32	4
56	33	4
56	34	5
56	35	6
56	36	2
56	37	5
56	38	10
56	39	10
56	40	2
56	41	4
56	42	5
56	43	1
56	44	8
56	45	1
56	46	2
56	47	4
56	48	3
56	49	1
56	50	3
56	51	6
56	52	7
56	53	6
56	54	5
56	55	12
57	1	2
57	2	6
57	3	1
57	4	3
57	6	1
57	8	3
57	9	1
57	10	3
57	11	4
57	12	2
57	13	1
57	14	1
57	16	3
57	19	4
57	20	5
57	22	2
57	23	2
57	24	5
57	25	2
57	26	4
57	27	3
57	28	3
57	29	2
57	30	5
57	31	2
57	32	2
57	33	5
57	34	4
57	35	6
57	36	7
57	37	5
57	38	8
57	39	5
57	40	7
57	41	3
57	42	2
57	43	4
57	44	6
57	45	3
57	46	5
57	47	3
57	48	1
57	49	4
57	51	11
57	52	13
57	53	5
57	54	5
57	55	7
57	56	6
58	1	1
58	6	1
58	7	1
58	10	3
58	11	3
58	14	2
58	17	2
58	18	3
58	20	1
58	22	2
58	23	1
58	24	1
58	25	3
58	26	3
58	27	1
58	28	5
58	29	1
58	30	2
58	31	3
58	32	2
58	33	3
58	34	1
58	35	10
58	36	3
58	37	4
58	38	7
58	39	1
58	40	7
58	41	5
58	42	8
58	43	12
58	44	3
58	45	6
58	46	6
58	47	7
58	49	8
58	50	5
58	51	8
58	52	8
58	53	5
58	54	4
58	55	1
58	56	5
58	57	6
59	1	1
59	2	4
59	3	4
59	4	6
59	5	4
59	6	1
59	8	9
59	9	1
59	10	5
59	11	3
59	12	3
59	13	2
59	14	6
59	15	3
59	17	2
59	18	3
59	19	2
59	20	1
59	21	2
59	22	2
59	23	7
59	24	6
59	25	2
59	27	7
59	28	5
59	29	4
59	30	5
59	31	2
59	32	4
59	33	7
59	34	5
59	35	3
59	36	4
59	37	1
59	38	6
59	39	5
59	40	3
59	41	1
59	42	4
59	43	3
59	44	2
59	45	5
59	46	3
59	47	2
59	48	5
59	49	8
59	50	2
59	51	6
59	52	12
59	53	5
59	54	14
59	55	6
59	56	10
59	57	8
59	58	8
60	0	1
60	2	2
60	3	1
60	4	4
60	7	1
60	8	1
60	10	1
60	11	1
60	12	4
60	13	3
60	14	4
60	15	2
60	17	2
60	18	5
60	19	1
60	20	1
60	23	5
60	24	2
60	25	1
60	26	12
60	27	5
60	28	3
60	29	4
60	30	5
60	31	4
60	32	7
60	33	1
60	34	1
60	35	6
60	36	3
60	37	2
60	38	6
60	39	3
60	40	7
60	41	1
60	42	1
60	43	2
60	45	2
60	46	6
60	47	6
60	48	4
60	49	4
60	50	6
60	51	7
60	52	6
60	53	4
60	54	5
60	55	5
60	56	3
60	57	8
60	58	3
60	59	5
