1	0	4
2	0	1
2	1	3
3	0	3
3	1	3
3	2	12
4	0	2
4	1	2
4	2	10
4	3	12
5	0	2
5	1	2
5	2	7
5	3	3
5	4	5
6	0	3
6	1	4
6	2	6
6	3	2
6	4	3
6	5	4
7	0	1
7	1	2
7	2	2
7	3	1
7	4	1
7	5	3
7	6	5
8	0	8
8	1	5
8	2	6
8	3	1
8	4	1
8	5	8
8	6	8
8	7	11
9	0	1
9	1	5
9	2	1
9	3	3
9	4	1
9	5	2
9	6	7
9	7	8
9	8	11
10	0	3
10	1	4
10	2	2
10	3	5
10	4	1
10	5	5
10	6	4
10	7	7
10	8	9
10	9	10
11	0	5
11	1	6
11	2	7
11	4	3
11	5	3
11	6	6
11	7	1
11	8	4
11	9	11
11	10	7
12	0	4
12	1	2
12	2	4
12	3	3
12	4	7
12	5	7
12	6	4
12	7	12
12	8	7
12	9	12
12	10	6
12	11	7
13	0	8
13	1	11
13	2	5
13	3	6
13	4	4
13	5	5
13	6	3
13	7	8
13	8	10
13	9	13
13	10	6
13	11	10
13	12	8
14	0	4
14	1	6
14	2	10
14	3	7
14	4	5
14	5	2
14	6	4
14	7	7
14	8	7
14	9	4
14	10	10
14	11	16
14	12	9
14	13	12
15	0	9
15	1	7
15	2	11
15	3	3
15	4	6
15	5	4
15	6	4
15	7	5
15	8	13
15	9	6
15	10	5
15	11	6
15	12	6
15	13	15
15	14	11
16	0	7
16	1	6
16	2	3
16	3	3
16	4	3
16	5	6
16	6	1
16	7	1
16	8	2
16	9	3
16	10	1
16	11	1
16	12	3
16	13	2
16	14	1
16	15	5
17	0	7
17	1	3
17	2	9
17	4	2
17	5	7
17	6	2
17	7	1
17	8	7
17	9	1
17	10	4
17	11	2
17	12	5
17	13	2
17	14	3
17	15	7
17	16	8
18	1	5
18	2	4
18	3	2
18	4	4
18	5	7
18	6	4
18	7	4
18	8	6
18	9	5
18	10	11
18	11	4
18	12	6
18	13	2
18	14	4
18	15	4
18	16	2
18	17	5
19	0	2
19	1	5
19	2	5
19	3	8
19	4	8
19	5	1
19	6	4
19	7	4
19	8	4
19	9	2
19	10	2
19	11	2
19	12	5
19	13	6
19	14	8
19	15	8
19	16	4
19	17	1
19	18	3
20	0	1
20	1	5
20	2	8
20	3	4
20	4	11
20	5	6
20	6	4
20	7	4
20	8	3
20	9	5
20	10	6
20	11	5
20	12	5
20	13	3
20	14	9
20	15	3
20	16	2
20	17	5
20	18	6
20	19	6
21	0	2
21	1	2
21	2	13
21	3	7
21	4	6
21	5	8
21	6	7
21	7	1
21	8	7
21	9	3
21	10	8
21	11	4
21	12	7
21	13	10
21	14	5
21	15	2
21	16	3
21	17	3
21	18	3
21	19	1
21	20	6
22	1	3
22	2	12
22	3	3
22	4	4
22	5	6
22	6	3
22	7	3
22	8	4
22	9	2
22	10	3
22	11	1
22	12	2
22	13	2
22	14	3
22	15	1
22	16	2
22	17	4
22	18	4
22	19	5
22	20	4
22	21	5
23	0	2
23	1	2
23	2	3
23	3	9
23	4	3
23	5	2
23	8	2
23	9	5
23	10	4
23	12	5
23	13	2
23	14	5
23	15	1
23	17	1
23	18	4
23	19	5
23	20	6
23	21	3
23	22	5
24	0	3
24	1	5
24	2	2
24	3	4
24	4	5
24	5	5
24	6	2
24	7	3
24	8	7
24	9	4
24	10	3
24	11	3
24	12	4
24	13	6
24	14	9
24	15	5
24	16	2
24	17	4
24	18	10
24	19	2
24	20	6
24	21	5
24	23	5
25	0	4
25	1	13
25	2	2
25	3	4
25	4	2
25	5	3
25	6	3
25	7	5
25	8	2
25	9	8
25	10	4
25	11	8
25	12	3
25	13	6
25	14	2
25	15	6
25	16	3
25	17	6
25	18	3
25	19	4
25	20	5
25	21	3
25	23	5
25	24	11
26	0	2
26	1	5
26	2	3
26	4	3
26	5	1
26	8	1
26	11	1
26	12	1
26	13	4
26	14	3
26	15	1
26	16	3
26	19	2
26	20	3
26	22	1
26	24	4
26	25	2
27	1	2
27	2	1
27	3	1
27	4	1
27	6	3
27	8	5
27	9	2
27	10	4
27	11	4
27	12	3
27	13	3
27	14	6
27	15	4
27	17	1
27	18	2
27	19	2
27	22	2
27	23	4
27	24	2
27	25	6
27	26	5
28	0	2
28	1	3
28	2	2
28	3	1
28	4	1
28	5	9
28	6	2
28	7	3
28	8	1
28	9	3
28	10	2
28	11	2
28	12	8
28	13	5
28	14	3
28	15	2
28	16	3
28	17	4
28	18	10
28	19	2
28	20	4
28	21	3
28	22	3
28	23	5
28	24	4
28	25	3
28	26	3
28	27	2
29	0	2
29	1	1
29	2	2
29	4	1
29	5	2
29	7	1
29	8	3
29	12	5
29	13	3
29	14	1
29	18	3
29	20	1
29	23	1
29	24	3
29	25	3
29	27	6
29	28	1
30	1	2
30	3	2
30	7	4
30	8	3
30	9	1
30	10	2
30	11	7
30	12	1
30	13	3
30	14	2
30	17	4
30	18	3
30	19	3
30	20	1
30	22	3
30	24	2
30	25	1
30	26	5
30	27	3
30	29	7
31	4	2
31	5	1
31	10	5
31	11	4
31	14	2
31	19	1
31	21	1
31	22	1
31	23	3
31	24	1
31	25	2
31	26	1
31	27	2
31	28	2
31	29	4
31	30	4
32	0	3
32	1	4
32	2	1
32	8	1
32	9	1
32	10	3
32	11	2
32	12	2
32	13	2
32	14	2
32	15	2
32	16	2
32	18	2
32	20	2
32	22	3
32	23	2
32	24	1
32	25	4
32	26	1
32	27	1
32	28	3
32	29	4
32	30	8
32	31	7
33	0	1
33	1	2
33	3	3
33	4	1
33	9	2
33	10	4
33	11	3
33	12	3
33	13	1
33	14	1
33	15	1
33	17	1
33	18	3
33	19	2
33	21	2
33	22	2
33	23	3
33	24	1
33	25	4
33	26	3
33	27	4
33	29	9
33	30	9
33	31	7
33	32	10
34	1	6
34	3	2
34	4	4
34	5	2
34	6	2
34	8	1
34	9	6
34	10	3
34	11	4
34	12	1
34	13	3
34	14	3
34	15	4
34	17	5
34	18	4
34	19	2
34	20	1
34	21	5
34	22	3
34	23	2
34	24	8
34	25	10
34	26	1
34	27	4
34	28	2
34	29	5
34	30	4
34	31	3
34	32	5
34	33	6
35	0	2
35	1	4
35	2	3
35	3	2
35	4	4
35	5	2
35	6	2
35	8	4
35	9	2
35	10	1
35	11	3
35	12	2
35	13	3
35	14	3
35	15	1
35	18	2
35	19	1
35	20	3
35	22	2
35	23	4
35	24	4
35	25	7
35	26	5
35	27	2
35	28	4
35	29	5
35	30	2
35	31	11
35	32	12
35	33	15
35	34	8
36	1	4
36	2	1
36	3	2
36	4	1
36	5	2
36	6	1
36	10	5
36	11	1
36	12	1
36	13	2
36	14	3
36	15	1
36	16	2
36	18	1
36	22	1
36	23	2
36	24	3
36	25	3
36	26	3
36	27	5
36	28	3
36	29	5
36	30	2
36	31	3
36	32	8
36	33	3
36	34	4
36	35	9
37	0	2
37	1	2
37	3	5
37	5	2
37	6	4
37	7	2
37	8	2
37	9	3
37	10	4
37	11	2
37	12	1
37	13	3
37	14	3
37	15	4
37	18	2
37	20	2
37	21	1
37	24	1
37	25	1
37	26	7
37	27	3
37	28	8
37	29	6
37	30	2
37	31	6
37	32	10
37	33	5
37	34	5
37	35	9
37	36	3
38	1	2
38	2	2
38	3	2
38	4	3
38	6	4
38	7	3
38	8	3
38	9	1
38	10	4
38	11	3
38	12	2
38	13	4
38	14	1
38	15	4
38	16	1
38	17	3
38	18	5
38	20	3
38	21	3
38	22	1
38	23	5
38	24	2
38	25	3
38	26	6
38	27	5
38	28	8
38	29	5
38	30	1
38	31	3
38	32	7
38	33	5
38	34	9
38	35	8
38	36	7
38	37	4
39	1	4
39	2	4
39	3	2
39	4	4
39	5	2
39	6	1
39	7	2
39	8	7
39	9	3
39	10	1
39	11	2
39	12	2
39	13	2
39	14	2
39	15	3
39	18	6
39	19	3
39	20	4
39	21	3
39	24	3
39	25	6
39	26	4
39	27	2
39	28	9
39	29	6
39	30	6
39	31	5
39	32	3
39	33	2
39	34	6
39	35	2
39	36	3
39	37	5
39	38	8
40	0	3
40	1	1
40	2	2
40	3	3
40	4	1
40	5	4
40	6	2
40	7	4
40	8	2
40	9	3
40	10	13
40	11	5
40	12	10
40	13	8
40	14	4
40	15	3
40	16	2
40	17	5
40	18	8
40	19	6
40	20	8
40	21	4
40	22	2
40	23	2
40	24	6
40	25	7
40	26	3
40	27	8
40	28	3
40	29	4
40	30	2
40	31	3
40	32	9
40	33	6
40	34	7
40	35	4
40	36	5
40	37	3
40	38	10
40	39	5
41	1	2
41	4	6
41	5	3
41	7	4
41	8	2
41	9	2
41	10	6
41	11	1
41	12	3
41	13	1
41	14	5
41	15	1
41	16	2
41	18	2
41	20	6
41	22	1
41	24	2
41	25	4
41	26	3
41	27	1
41	28	6
41	29	6
41	30	5
41	31	6
41	32	3
41	33	1
41	34	1
41	35	5
41	36	3
41	37	4
41	38	2
41	39	6
41	40	4
42	1	5
42	2	1
42	3	1
42	4	7
42	5	3
42	6	3
42	8	4
42	9	3
42	10	2
42	11	1
42	12	2
42	13	2
42	14	1
42	15	1
42	17	2
42	18	5
42	19	3
42	20	3
42	24	3
42	25	2
42	27	5
42	28	5
42	29	1
42	30	7
42	31	1
42	32	4
42	34	3
42	35	5
42	36	3
42	37	9
42	38	12
42	39	6
42	40	7
42	41	6
43	1	3
43	2	1
43	3	3
43	4	2
43	5	1
43	8	3
43	9	4
43	10	2
43	11	2
43	13	2
43	14	2
43	15	6
43	16	4
43	17	2
43	20	3
43	23	1
43	24	1
43	25	1
43	26	2
43	27	4
43	28	7
43	29	1
43	30	3
43	31	7
43	32	4
43	33	3
43	34	5
43	35	5
43	36	6
43	37	14
43	38	9
43	39	4
43	40	6
43	41	11
43	42	10
44	4	1
44	5	5
44	7	1
44	8	1
44	10	3
44	11	6
44	18	1
44	19	1
44	20	1
44	21	2
44	23	1
44	25	3
44	26	1
44	27	2
44	28	3
44	29	2
44	30	2
44	32	4
44	33	1
44	34	2
44	35	1
44	36	2
44	37	6
44	38	9
44	39	9
44	40	6
44	41	1
44	42	8
44	43	16
45	0	3
45	3	2
45	5	3
45	9	3
45	10	2
45	11	4
45	15	3
45	19	4
45	23	1
45	24	3
45	25	2
45	26	1
45	27	4
45	28	1
45	29	5
45	30	3
45	31	9
45	32	8
45	33	3
45	34	1
45	35	4
45	36	4
45	37	7
45	38	4
45	39	3
45	40	4
45	41	9
45	42	6
45	43	12
45	44	7
46	0	1
46	1	3
46	2	2
46	8	3
46	10	3
46	11	2
46	14	3
46	15	3
46	18	3
46	19	4
46	22	3
46	23	2
46	24	2
46	25	6
46	26	2
46	27	3
46	28	4
46	29	10
46	30	4
46	31	7
46	32	5
46	33	2
46	34	3
46	35	10
46	36	5
46	37	11
46	38	6
46	39	1
46	40	8
46	41	2
46	42	3
46	43	6
46	44	6
46	45	6
47	0	3
47	1	3
47	3	4
47	4	2
47	9	4
47	10	2
47	11	4
47	12	1
47	13	1
47	15	1
47	18	3
47	20	1
47	21	1
47	23	1
47	24	4
47	25	1
47	26	7
47	27	5
47	28	2
47	29	6
47	31	10
47	32	5
47	33	4
47	34	2
47	35	8
47	36	6
47	37	3
47	38	3
47	39	1
47	40	2
47	41	4
47	42	2
47	43	7
47	45	5
47	46	11
48	1	3
48	2	3
48	3	2
48	4	5
48	5	1
48	6	1
48	7	1
48	8	3
48	9	3
48	10	3
48	11	8
48	12	1
48	13	6
48	14	4
48	15	2
48	16	1
48	18	6
48	19	1
48	20	2
48	22	1
48	23	5
48	24	5
48	25	7
48	26	2
48	27	6
48	28	6
48	29	2
48	30	1
48	31	2
48	32	4
48	33	2
48	34	15
48	35	3
48	36	5
48	37	3
48	38	3
48	39	2
48	40	8
48	41	2
48	42	5
48	43	3
48	44	1
48	45	2
48	46	1
48	47	5
49	0	3
49	1	3
49	2	4
49	3	2
49	4	2
49	6	4
49	7	3
49	8	2
49	9	1
49	10	7
49	11	4
49	12	5
49	13	5
49	14	6
49	15	2
49	16	1
49	17	3
49	18	4
49	19	1
49	20	7
49	21	1
49	22	3
49	23	4
49	24	15
49	25	6
49	26	7
49	27	4
49	28	3
49	29	4
49	30	3
49	31	4
49	32	5
49	33	3
49	34	7
49	35	6
49	36	12
49	37	6
49	38	9
49	39	7
49	40	7
49	41	2
49	42	3
49	43	3
49	44	1
49	45	5
49	46	5
49	47	4
49	48	17
50	0	2
50	1	6
50	2	1
50	3	1
50	4	6
50	7	1
50	8	3
50	9	3
50	10	5
50	11	4
50	12	3
50	13	2
50	14	3
50	15	4
50	18	2
50	20	3
50	21	4
50	24	4
50	25	6
50	27	10
50	28	1
50	29	2
50	30	3
50	31	2
50	32	3
50	33	8
50	34	10
50	35	3
50	36	6
50	37	2
50	38	3
50	39	2
50	40	9
50	41	2
50	42	3
50	43	1
50	45	4
50	46	2
50	48	12
50	49	10
51	1	2
51	2	2
51	3	5
51	4	2
51	5	5
51	6	2
51	7	2
51	9	1
51	10	5
51	13	2
51	14	4
51	15	2
51	18	2
51	19	3
51	20	4
51	22	2
51	23	1
51	24	4
51	25	2
51	26	2
51	27	3
51	28	3
51	29	1
51	30	3
51	31	4
51	32	1
51	33	5
51	34	9
51	35	11
51	36	8
51	37	5
51	38	14
51	39	4
51	40	11
51	41	9
51	42	6
51	43	3
51	44	3
51	45	4
51	46	9
51	47	8
51	48	11
51	49	19
51	50	6
52	1	3
52	2	2
52	3	5
52	4	4
52	5	1
52	7	2
52	8	3
52	9	7
52	10	5
52	11	2
52	12	6
52	13	5
52	14	3
52	15	1
52	16	2
52	17	1
52	18	3
52	19	1
52	20	1
52	21	3
52	22	4
52	23	1
52	24	3
52	25	7
52	27	5
52	28	6
52	29	3
52	30	4
52	31	1
52	32	2
52	33	4
52	34	12
52	35	7
52	36	4
52	37	2
52	38	7
52	39	5
52	40	4
52	41	6
52	42	10
52	43	7
52	44	2
52	45	3
52	46	2
52	47	3
52	48	3
52	49	9
52	50	2
52	51	7
53	1	1
53	2	2
53	3	2
53	4	2
53	5	3
53	6	1
53	7	3
53	8	4
53	9	1
53	10	1
53	11	1
53	12	4
53	13	5
53	14	3
53	15	3
53	16	2
53	17	3
53	18	6
53	19	3
53	20	3
53	21	3
53	22	6
53	23	3
53	24	3
53	25	5
53	26	2
53	27	2
53	28	7
53	29	1
53	30	2
53	31	2
53	32	6
53	33	3
53	34	6
53	35	3
53	36	7
53	37	13
53	38	21
53	39	8
53	40	13
53	41	5
53	42	10
53	43	12
53	44	9
53	45	5
53	46	4
53	47	3
53	48	5
53	49	8
53	50	1
53	51	11
53	52	8
54	0	2
54	1	3
54	2	3
54	3	2
54	4	3
54	5	1
54	8	4
54	9	1
54	10	5
54	11	2
54	12	2
54	14	3
54	15	4
54	16	1
54	17	1
54	18	1
54	19	4
54	20	4
54	21	1
54	22	5
54	23	4
54	24	4
54	25	1
54	26	2
54	27	3
54	28	14
54	29	1
54	30	1
54	31	2
54	32	2
54	33	3
54	34	1
54	35	3
54	36	3
54	37	3
54	38	11
54	39	1
54	40	5
54	41	3
54	42	2
54	43	6
54	44	3
54	45	1
54	46	5
54	47	4
54	48	3
54	49	7
54	50	1
54	52	9
54	53	7
55	1	7
55	2	4
55	3	4
55	4	6
55	5	2
55	7	1
55	8	5
55	9	5
55	10	5
55	11	6
55	12	3
55	14	4
55	15	4
55	16	2
55	17	3
55	18	6
55	19	3
55	20	3
55	21	6
55	22	5
55	23	1
55	24	6
55	25	4
55	26	2
55	27	1
55	28	7
55	30	3
55	31	4
55	32	3
55	33	3
55	34	2
55	35	5
55	36	1
55	37	8
55	38	14
55	39	6
55	40	7
55	41	2
55	42	6
55	43	4
55	44	6
55	45	5
55	46	2
55	47	7
55	48	3
55	49	11
55	50	1
55	51	11
55	52	11
55	53	16
55	54	13
56	0	3
56	2	1
56	3	3
56	4	3
56	5	4
56	8	2
56	9	2
56	10	3
56	11	1
56	12	1
56	13	1
56	14	2
56	15	2
56	16	3
56	17	4
56	18	3
56	19	1
56	20	3
56	22	3
56	23	2
56	24	2
56	25	2
56	26	1
56	27	1
56	28	13
56	31	6
56	32	3
56	33	1
56	34	2
56	35	3
56	36	4
56	37	5
56	38	10
56	39	8
56	40	5
56	41	5
56	42	8
56	43	6
56	44	8
56	45	1
56	46	1
56	47	1
56	48	2
56	49	5
56	50	1
56	51	6
56	52	10
56	53	4
56	54	8
56	55	7
57	0	3
57	1	3
57	2	5
57	3	4
57	4	3
57	8	4
57	9	3
57	10	3
57	11	4
57	12	4
57	13	2
57	14	2
57	15	1
57	16	1
57	18	1
57	19	1
57	20	2
57	22	4
57	23	5
57	24	3
57	25	3
57	26	5
57	27	3
57	28	3
57	29	3
57	30	6
57	31	2
57	32	5
57	33	2
57	34	5
57	35	4
57	36	10
57	37	1
57	38	3
57	39	3
57	40	5
57	41	6
57	42	2
57	43	3
57	44	3
57	45	3
57	46	7
57	47	2
57	48	2
57	49	5
57	50	2
57	51	6
57	52	7
57	53	4
57	54	4
57	55	6
57	56	9
58	0	2
58	1	1
58	4	1
58	7	1
58	10	3
58	11	4
58	14	5
58	16	2
58	17	1
58	18	3
58	20	1
58	22	2
58	24	4
58	25	4
58	26	3
58	27	1
58	29	1
58	30	1
58	31	1
58	32	4
58	33	3
58	34	5
58	35	6
58	36	5
58	37	5
58	38	8
58	39	3
58	40	2
58	41	6
58	42	2
58	43	4
58	44	4
58	45	6
58	46	6
58	47	14
58	48	3
58	49	4
58	50	5
58	51	5
58	52	6
58	53	5
58	54	6
58	55	7
58	56	7
58	57	7
59	1	4
59	2	7
59	3	4
59	4	5
59	5	4
59	6	2
59	8	4
59	9	1
59	10	2
59	11	3
59	12	1
59	13	2
59	14	4
59	15	1
59	16	3
59	17	3
59	18	6
59	19	4
59	20	4
59	21	2
59	22	3
59	23	3
59	24	5
59	25	2
59	26	3
59	27	1
59	28	8
59	29	2
59	30	1
59	31	5
59	32	3
59	33	3
59	34	5
59	35	7
59	36	5
59	37	3
59	38	9
59	39	5
59	40	6
59	41	4
59	42	4
59	43	3
59	44	3
59	45	3
59	47	4
59	48	8
59	49	9
59	50	5
59	51	8
59	52	17
59	53	3
59	54	17
59	55	9
59	56	4
59	57	11
59	58	6
60	0	1
60	1	1
60	3	2
60	4	5
60	7	2
60	11	4
60	12	1
60	13	2
60	14	2
60	15	3
60	17	1
60	18	1
60	20	2
60	23	3
60	24	7
60	25	1
60	26	2
60	27	2
60	28	4
60	29	3
60	30	2
60	31	2
60	32	1
60	33	4
60	34	4
60	35	6
60	36	6
60	37	1
60	38	5
60	39	1
60	40	3
60	41	3
60	42	4
60	43	3
60	44	1
60	45	5
60	46	5
60	47	5
60	48	3
60	49	6
60	50	1
60	51	1
60	52	5
60	53	1
60	54	6
60	55	1
60	56	4
60	57	3
60	58	6
60	59	4
