1	0	5
2	0	2
2	1	7
3	1	4
3	2	6
4	0	2
4	1	6
4	2	13
4	3	10
5	0	3
5	1	4
5	2	7
5	3	4
5	4	4
6	0	3
6	1	5
6	2	2
6	3	3
6	4	3
6	5	11
7	0	4
7	1	3
7	2	4
7	3	3
7	4	7
7	5	4
7	6	5
8	0	2
8	1	5
8	2	3
8	3	1
8	4	4
8	5	6
8	6	6
8	7	13
9	0	4
9	1	4
9	2	5
9	3	2
9	4	3
9	5	2
9	6	10
9	7	9
9	8	8
10	0	2
10	1	9
10	2	9
10	3	5
10	4	6
10	5	5
10	6	7
10	7	5
10	8	8
10	9	9
11	0	1
11	1	4
11	2	5
11	3	2
11	4	2
11	5	4
11	6	3
11	7	2
11	8	4
11	9	9
11	10	15
12	0	8
12	1	7
12	2	8
12	3	4
12	4	5
12	5	7
12	6	9
12	7	6
12	8	7
12	9	5
12	10	10
12	11	6
13	0	10
13	1	10
13	2	11
13	3	7
13	4	2
13	5	4
13	6	3
13	7	3
13	8	17
13	9	8
13	10	5
13	11	12
13	12	10
14	0	3
14	1	8
14	2	10
14	3	6
14	4	5
14	5	3
14	6	2
14	7	2
14	8	9
14	9	6
14	10	7
14	11	6
14	12	8
14	13	10
15	0	4
15	1	8
15	2	9
15	3	2
15	4	8
15	5	2
15	6	4
15	7	4
15	8	9
15	9	4
15	10	5
15	11	5
15	12	9
15	13	12
15	14	14
16	0	2
16	1	3
16	2	2
16	3	3
16	4	8
16	5	10
16	6	1
16	7	3
16	8	2
16	9	2
16	11	2
16	12	1
16	13	5
16	14	3
16	15	2
17	0	4
17	1	1
17	2	11
17	3	1
17	4	4
17	5	2
17	6	1
17	8	7
17	9	5
17	10	6
17	11	2
17	12	3
17	13	6
17	14	9
17	15	4
17	16	9
18	0	5
18	1	5
18	2	5
18	3	7
18	4	4
18	5	10
18	6	2
18	7	5
18	8	2
18	9	5
18	10	7
18	11	8
18	12	9
18	13	5
18	14	7
18	15	3
18	17	1
19	0	6
19	1	6
19	2	5
19	3	5
19	4	8
19	5	1
19	6	3
19	7	3
19	8	6
19	9	3
19	10	2
19	11	4
19	12	9
19	13	6
19	14	3
19	15	5
19	16	2
19	17	3
19	18	2
20	0	1
20	2	10
20	3	6
20	4	10
20	5	3
20	6	4
20	7	7
20	8	5
20	9	6
20	10	4
20	11	6
20	12	6
20	13	1
20	14	8
20	15	8
20	17	3
20	18	5
20	19	4
21	0	3
21	1	1
21	2	6
21	3	6
21	4	9
21	5	7
21	6	9
21	7	4
21	8	5
21	9	4
21	10	8
21	11	2
21	12	10
21	13	9
21	14	5
21	15	3
21	16	4
21	17	5
21	18	1
21	19	3
21	20	9
22	1	5
22	2	9
22	3	5
22	4	6
22	5	8
22	6	5
22	7	2
22	8	3
22	9	1
22	10	2
22	11	1
22	12	4
22	13	2
22	14	4
22	15	1
22	16	3
22	17	2
22	18	6
22	19	3
22	20	9
22	21	4
23	0	2
23	1	3
23	2	2
23	3	7
23	4	9
23	8	2
23	9	2
23	10	2
23	11	4
23	12	5
23	13	3
23	14	2
23	15	2
23	17	1
23	18	2
23	19	11
23	20	5
23	21	5
23	22	3
24	0	1
24	1	7
24	2	4
24	3	1
24	4	3
24	5	2
24	6	2
24	7	6
24	8	5
24	9	4
24	10	3
24	11	6
24	12	5
24	13	9
24	14	3
24	15	7
24	17	1
24	18	7
24	19	3
24	20	2
24	21	2
24	22	2
24	23	5
25	0	3
25	1	5
25	3	3
25	4	2
25	5	3
25	6	4
25	7	3
25	8	5
25	9	3
25	10	4
25	11	2
25	12	2
25	13	4
25	14	6
25	15	6
25	16	1
25	18	1
25	19	3
25	20	2
25	21	1
25	22	1
25	23	3
25	24	6
26	0	1
26	1	3
26	5	3
26	7	2
26	8	1
26	10	1
26	11	5
26	12	2
26	14	2
26	15	3
26	18	1
26	19	1
26	20	4
26	22	4
26	23	3
26	24	2
26	25	5
27	0	3
27	1	5
27	3	2
27	4	2
27	5	3
27	6	1
27	7	3
27	8	6
27	9	3
27	10	4
27	11	2
27	12	4
27	13	4
27	14	5
27	15	3
27	17	1
27	19	3
27	22	2
27	23	4
27	24	6
27	25	6
27	26	7
28	0	2
28	1	4
28	2	1
28	3	9
28	4	6
28	5	7
28	6	2
28	7	1
28	8	6
28	9	3
28	10	5
28	12	8
28	13	5
28	14	6
28	16	1
28	17	2
28	18	7
28	19	1
28	20	5
28	21	3
28	22	5
28	23	2
28	24	1
28	25	2
28	26	3
28	27	1
29	0	2
29	1	1
29	2	2
29	4	3
29	7	2
29	8	1
29	10	5
29	12	2
29	13	2
29	14	2
29	18	1
29	19	2
29	20	1
29	23	1
29	24	2
29	25	1
29	27	3
30	1	3
30	3	4
30	5	1
30	8	3
30	9	2
30	10	4
30	11	2
30	12	1
30	13	2
30	14	1
30	17	1
30	18	1
30	19	3
30	20	2
30	22	1
30	24	1
30	25	4
30	26	3
30	27	1
30	28	2
30	29	6
31	4	1
31	9	2
31	10	3
31	11	3
31	14	1
31	19	1
31	21	2
31	22	2
31	23	2
31	24	2
31	25	4
31	26	1
31	27	2
31	28	2
31	29	9
31	30	14
32	0	3
32	1	2
32	2	2
32	4	1
32	8	2
32	10	1
32	11	2
32	12	5
32	13	1
32	14	1
32	15	2
32	16	1
32	17	1
32	18	1
32	22	1
32	23	2
32	24	2
32	25	5
32	26	1
32	27	2
32	28	5
32	29	4
32	30	6
32	31	7
33	0	3
33	1	3
33	2	2
33	3	2
33	4	4
33	5	3
33	8	3
33	9	4
33	10	2
33	11	6
33	12	2
33	13	5
33	14	2
33	15	3
33	17	1
33	19	3
33	21	1
33	22	1
33	23	1
33	24	5
33	25	4
33	26	4
33	27	7
33	28	2
33	29	4
33	30	3
33	31	6
33	32	12
34	1	6
34	2	5
34	3	4
34	4	4
34	8	4
34	9	2
34	10	3
34	11	2
34	12	5
34	13	6
34	14	1
34	16	4
34	18	5
34	19	3
34	20	2
34	21	2
34	23	1
34	24	8
34	25	1
34	26	4
34	27	3
34	28	2
34	29	3
34	30	4
34	31	2
34	32	6
34	33	7
35	0	4
35	1	2
35	2	2
35	3	1
35	4	3
35	5	2
35	6	4
35	8	3
35	9	1
35	10	6
35	11	2
35	13	1
35	14	3
35	15	1
35	17	1
35	18	5
35	19	6
35	20	1
35	21	1
35	22	1
35	23	3
35	24	3
35	25	4
35	26	4
35	27	5
35	28	8
35	29	7
35	30	9
35	31	10
35	32	11
35	33	9
35	34	7
36	0	2
36	3	3
36	4	4
36	5	1
36	7	2
36	8	3
36	10	8
36	11	1
36	12	2
36	13	2
36	15	1
36	16	2
36	22	1
36	23	1
36	24	3
36	25	5
36	26	4
36	27	2
36	28	4
36	29	5
36	30	2
36	31	2
36	32	5
36	33	7
36	34	6
36	35	7
37	1	2
37	2	6
37	3	1
37	4	1
37	5	3
37	6	3
37	7	1
37	8	7
37	9	4
37	10	6
37	11	3
37	12	4
37	14	1
37	15	3
37	18	1
37	19	1
37	20	1
37	21	3
37	24	2
37	25	3
37	26	6
37	27	5
37	28	4
37	29	3
37	30	7
37	31	6
37	32	10
37	33	8
37	34	6
37	35	7
37	36	3
38	1	3
38	2	1
38	3	1
38	4	2
38	5	3
38	6	1
38	7	1
38	8	4
38	9	3
38	10	6
38	11	9
38	12	4
38	13	5
38	14	3
38	15	4
38	16	2
38	17	2
38	18	4
38	19	4
38	20	6
38	21	4
38	22	5
38	23	3
38	24	1
38	25	6
38	26	3
38	27	3
38	28	9
38	29	2
38	30	5
38	31	4
38	32	2
38	33	4
38	34	5
38	35	10
38	36	4
38	37	8
39	0	3
39	1	4
39	2	3
39	3	1
39	4	4
39	5	1
39	6	5
39	8	5
39	9	2
39	10	4
39	11	4
39	12	5
39	13	2
39	14	1
39	15	4
39	16	1
39	18	6
39	19	1
39	20	1
39	21	3
39	23	2
39	24	2
39	25	4
39	26	1
39	27	1
39	28	5
39	29	6
39	30	6
39	31	1
39	32	2
39	33	4
39	34	2
39	35	4
39	36	2
39	37	9
39	38	7
40	0	2
40	1	5
40	2	2
40	3	6
40	4	3
40	5	3
40	6	2
40	7	1
40	8	7
40	9	4
40	10	9
40	11	6
40	12	5
40	13	4
40	14	5
40	15	2
40	16	6
40	17	2
40	18	5
40	19	4
40	20	2
40	21	4
40	22	2
40	23	2
40	24	4
40	25	3
40	26	4
40	27	3
40	28	5
40	29	3
40	30	5
40	31	3
40	32	5
40	33	7
40	34	12
40	35	3
40	36	7
40	37	7
40	38	8
40	39	4
41	1	1
41	4	1
41	5	1
41	6	5
41	7	3
41	8	2
41	9	4
41	10	2
41	11	2
41	12	2
41	13	3
41	14	2
41	15	4
41	16	3
41	18	2
41	20	4
41	22	1
41	24	2
41	25	8
41	27	3
41	28	3
41	29	4
41	30	6
41	31	6
41	32	8
41	33	2
41	34	2
41	35	3
41	36	1
41	37	9
41	38	7
41	39	5
41	40	10
42	0	3
42	1	2
42	3	1
42	4	2
42	5	1
42	6	1
42	8	2
42	10	1
42	11	4
42	12	2
42	13	2
42	14	1
42	15	3
42	17	1
42	18	2
42	19	3
42	20	4
42	24	4
42	25	4
42	26	6
42	27	2
42	28	4
42	29	1
42	30	4
42	31	1
42	32	5
42	33	2
42	34	6
42	35	2
42	36	1
42	37	6
42	38	9
42	39	9
42	40	6
42	41	7
43	0	1
43	1	1
43	2	2
43	3	1
43	4	4
43	5	2
43	7	2
43	8	1
43	9	6
43	10	4
43	11	2
43	12	2
43	13	2
43	14	2
43	15	1
43	16	1
43	17	2
43	20	2
43	23	4
43	24	2
43	25	2
43	26	2
43	27	5
43	28	3
43	29	3
43	30	6
43	31	3
43	32	5
43	33	6
43	34	5
43	35	8
43	36	2
43	37	8
43	38	14
43	39	7
43	40	8
43	41	12
43	42	14
44	5	2
44	8	2
44	10	2
44	11	3
44	19	1
44	20	1
44	23	4
44	24	1
44	25	3
44	26	5
44	27	1
44	28	3
44	29	3
44	30	3
44	31	6
44	32	4
44	33	2
44	34	4
44	35	6
44	36	2
44	37	5
44	38	11
44	39	9
44	40	6
44	41	2
44	42	4
44	43	10
45	0	1
45	3	4
45	5	1
45	6	2
45	9	2
45	10	1
45	11	3
45	15	3
45	19	3
45	20	2
45	22	1
45	24	4
45	25	2
45	26	4
45	27	2
45	28	4
45	29	3
45	30	2
45	31	7
45	33	1
45	34	2
45	35	7
45	36	2
45	37	2
45	38	7
45	39	2
45	40	4
45	41	1
45	42	3
45	43	7
45	44	8
46	0	4
46	1	1
46	2	2
46	3	2
46	4	2
46	10	3
46	11	4
46	13	1
46	14	4
46	15	2
46	18	2
46	19	1
46	22	1
46	23	1
46	24	1
46	25	2
46	26	3
46	27	7
46	28	5
46	29	7
46	30	6
46	31	12
46	32	7
46	33	6
46	34	3
46	35	8
46	36	4
46	37	4
46	38	4
46	39	2
46	40	5
46	41	9
46	42	6
46	43	2
46	44	2
46	45	8
47	9	1
47	10	4
47	11	2
47	12	2
47	13	2
47	16	1
47	17	2
47	18	2
47	20	3
47	21	3
47	25	3
47	26	5
47	27	2
47	28	3
47	29	3
47	30	3
47	31	3
47	32	6
47	33	4
47	34	2
47	35	4
47	36	7
47	37	3
47	38	5
47	39	2
47	41	4
47	42	3
47	43	5
47	44	2
47	45	8
47	46	9
48	1	5
48	3	2
48	4	1
48	5	4
48	6	1
48	7	2
48	8	1
48	9	2
48	10	1
48	11	7
48	12	3
48	13	8
48	14	1
48	15	4
48	16	2
48	18	2
48	19	4
48	20	3
48	21	1
48	22	3
48	23	1
48	24	9
48	25	4
48	26	5
48	27	2
48	28	5
48	29	1
48	30	4
48	31	4
48	32	4
48	33	5
48	34	9
48	35	8
48	37	1
48	38	5
48	39	2
48	40	5
48	41	5
48	42	2
48	43	3
48	44	4
48	45	1
48	46	3
48	47	1
49	0	2
49	1	2
49	2	1
49	3	7
49	4	9
49	5	1
49	6	2
49	7	2
49	8	3
49	9	3
49	10	4
49	11	6
49	12	4
49	13	1
49	14	4
49	15	7
49	17	1
49	18	5
49	19	3
49	20	3
49	21	1
49	23	5
49	24	12
49	25	3
49	26	8
49	27	4
49	28	3
49	29	3
49	30	1
49	31	3
49	32	5
49	33	7
49	34	14
49	35	17
49	36	8
49	37	10
49	38	11
49	39	5
49	40	5
49	41	6
49	42	4
49	43	6
49	44	5
49	45	6
49	46	2
49	47	4
49	48	10
50	1	3
50	2	1
50	3	2
50	4	3
50	8	2
50	9	5
50	10	3
50	11	4
50	12	1
50	13	2
50	14	3
50	15	4
50	18	2
50	19	4
50	21	2
50	23	2
50	24	12
50	25	8
50	26	3
50	27	9
50	28	3
50	29	3
50	30	3
50	31	5
50	32	5
50	33	5
50	34	8
50	35	3
50	36	2
50	37	4
50	38	4
50	40	5
50	41	3
50	42	5
50	43	3
50	46	3
50	47	2
50	48	7
50	49	7
51	1	4
51	2	4
51	3	2
51	4	5
51	5	4
51	6	1
51	7	1
51	8	2
51	9	2
51	10	5
51	11	6
51	12	2
51	13	9
51	14	2
51	18	7
51	19	1
51	20	2
51	21	1
51	22	2
51	23	3
51	24	2
51	25	3
51	26	1
51	27	1
51	28	11
51	29	4
51	30	3
51	31	1
51	32	4
51	33	4
51	34	10
51	35	10
51	36	12
51	37	6
51	38	17
51	39	8
51	40	11
51	41	3
51	42	3
51	43	7
51	44	5
51	45	3
51	46	7
51	47	4
51	48	8
51	49	16
51	50	3
52	1	2
52	2	3
52	3	4
52	4	6
52	5	6
52	7	1
52	8	3
52	9	2
52	10	8
52	11	7
52	12	3
52	13	1
52	14	7
52	15	1
52	16	1
52	17	3
52	18	5
52	19	1
52	20	2
52	21	1
52	22	4
52	23	6
52	24	7
52	25	2
52	26	4
52	27	1
52	28	6
52	29	3
52	30	4
52	31	4
52	32	2
52	33	2
52	34	3
52	35	5
52	36	3
52	37	5
52	38	17
52	39	5
52	40	3
52	41	5
52	42	6
52	43	5
52	44	5
52	45	4
52	46	8
52	47	2
52	48	2
52	49	10
52	50	5
52	51	7
53	1	3
53	3	1
53	4	3
53	5	4
53	6	5
53	7	4
53	8	1
53	9	4
53	10	3
53	11	2
53	12	3
53	13	3
53	14	9
53	15	4
53	16	3
53	17	5
53	18	3
53	19	2
53	20	5
53	21	3
53	22	5
53	23	3
53	24	7
53	25	5
53	26	1
53	27	2
53	28	14
53	29	2
53	30	4
53	31	4
53	32	3
53	33	2
53	34	7
53	35	6
53	36	3
53	37	9
53	38	13
53	39	8
53	40	5
53	41	5
53	42	7
53	43	2
53	44	2
53	45	5
53	46	4
53	47	5
53	48	3
53	49	10
53	50	5
53	51	7
53	52	5
54	1	3
54	2	1
54	3	3
54	4	4
54	5	3
54	8	2
54	10	3
54	11	4
54	12	5
54	13	2
54	14	4
54	15	7
54	16	2
54	17	2
54	18	4
54	19	2
54	20	5
54	21	1
54	22	2
54	23	7
54	24	4
54	25	1
54	26	2
54	27	8
54	28	8
54	31	4
54	32	3
54	33	2
54	34	5
54	35	3
54	36	1
54	38	6
54	39	4
54	41	6
54	42	3
54	43	2
54	44	2
54	45	5
54	46	3
54	48	3
54	49	7
54	50	6
54	51	6
54	52	6
54	53	2
55	2	5
55	3	1
55	4	3
55	5	7
55	6	3
55	7	3
55	8	2
55	9	7
55	10	4
55	11	3
55	12	3
55	13	5
55	14	5
55	15	5
55	16	3
55	17	1
55	18	4
55	19	1
55	20	4
55	21	1
55	23	2
55	24	5
55	26	5
55	27	1
55	28	15
55	29	2
55	30	2
55	31	4
55	32	2
55	33	6
55	34	3
55	35	7
55	36	6
55	37	2
55	38	13
55	39	6
55	40	5
55	41	3
55	42	3
55	43	3
55	44	5
55	45	5
55	46	1
55	47	1
55	48	6
55	49	4
55	50	2
55	51	7
55	52	16
55	53	10
55	54	15
56	0	1
56	1	2
56	2	6
56	3	2
56	4	2
56	5	2
56	8	4
56	9	1
56	10	4
56	11	1
56	12	1
56	13	3
56	14	1
56	15	1
56	16	2
56	17	2
56	18	5
56	19	2
56	21	2
56	22	7
56	23	3
56	24	4
56	25	2
56	26	2
56	27	1
56	28	13
56	30	2
56	31	4
56	32	2
56	33	4
56	34	3
56	35	2
56	36	3
56	37	5
56	38	9
56	39	5
56	40	3
56	41	1
56	42	6
56	43	2
56	44	10
56	45	3
56	46	2
56	47	2
56	48	6
56	50	2
56	51	7
56	52	9
56	53	10
56	54	5
56	55	6
57	0	4
57	1	3
57	2	2
57	3	1
57	4	5
57	6	1
57	8	5
57	9	1
57	11	3
57	13	5
57	14	3
57	15	1
57	16	3
57	19	2
57	22	2
57	24	6
57	25	3
57	26	4
57	27	4
57	28	3
57	29	3
57	30	3
57	31	3
57	32	4
57	33	5
57	34	7
57	35	5
57	36	8
57	37	4
57	38	9
57	39	5
57	40	3
57	41	5
57	43	4
57	44	5
57	45	6
57	46	3
57	47	2
57	48	5
57	49	8
57	50	2
57	51	8
57	52	11
57	53	2
57	54	8
57	55	2
57	56	5
58	0	1
58	1	4
58	7	1
58	10	2
58	11	3
58	14	2
58	16	1
58	18	3
58	22	1
58	23	5
58	24	5
58	25	2
58	26	3
58	27	1
58	28	5
58	29	2
58	30	1
58	31	3
58	32	3
58	33	4
58	34	4
58	35	5
58	36	7
58	37	4
58	38	9
58	39	3
58	40	2
58	41	3
58	42	2
58	43	5
58	44	2
58	45	8
58	46	14
58	47	4
58	48	1
58	49	2
58	50	5
58	51	6
58	52	7
58	53	2
58	54	2
58	55	3
58	56	6
58	57	10
59	1	4
59	2	1
59	3	4
59	4	11
59	5	2
59	6	4
59	8	8
59	9	2
59	10	3
59	11	1
59	12	4
59	13	5
59	14	3
59	15	1
59	17	5
59	18	2
59	19	3
59	20	3
59	21	3
59	22	2
59	23	8
59	24	4
59	25	3
59	26	5
59	27	2
59	28	6
59	29	1
59	30	3
59	31	5
59	32	3
59	33	4
59	34	2
59	35	5
59	36	7
59	37	4
59	38	12
59	39	1
59	40	4
59	41	2
59	42	2
59	43	2
59	44	1
59	45	6
59	46	3
59	47	1
59	48	3
59	49	10
59	50	1
59	51	8
59	52	11
59	53	5
59	54	15
59	55	7
59	56	4
59	57	14
59	58	6
60	0	4
60	1	3
60	2	1
60	3	3
60	4	3
60	8	4
60	10	2
60	11	3
60	12	3
60	13	3
60	14	2
60	15	3
60	17	2
60	18	5
60	20	3
60	23	3
60	24	6
60	25	2
60	26	9
60	27	3
60	28	3
60	29	3
60	30	3
60	31	4
60	32	4
60	33	2
60	34	2
60	35	4
60	36	4
60	37	5
60	38	4
60	39	2
60	40	5
60	41	2
60	42	3
60	43	3
60	44	7
60	45	7
60	46	4
60	47	8
60	48	3
60	49	7
60	50	8
60	51	3
60	52	3
60	53	1
60	54	4
60	55	4
60	56	3
60	57	11
60	58	7
60	59	5
