1	0	4
2	0	1
2	1	10
3	0	2
3	1	3
3	2	5
4	0	1
4	1	7
4	2	5
4	3	26
5	0	3
5	1	7
5	3	5
5	4	5
6	0	2
6	1	2
6	2	4
6	3	2
6	4	2
6	5	9
7	0	5
7	1	2
7	2	1
7	3	3
7	4	2
7	5	1
7	6	7
8	0	3
8	1	7
8	2	6
8	3	3
8	4	7
8	5	6
8	6	12
8	7	13
9	0	3
9	1	4
9	2	4
9	3	2
9	4	3
9	5	3
9	6	6
9	7	9
9	8	13
10	0	8
10	1	3
10	2	4
10	3	2
10	4	5
10	5	5
10	6	9
10	7	7
10	8	10
10	9	12
11	0	1
11	1	6
11	2	4
11	3	4
11	4	3
11	5	8
11	6	6
11	7	5
11	8	4
11	9	10
11	10	11
12	0	1
12	1	4
12	2	5
12	3	6
12	4	8
12	5	6
12	6	10
12	7	3
12	8	22
12	9	10
12	10	7
12	11	7
13	0	8
13	1	7
13	2	3
13	3	7
13	4	4
13	5	7
13	6	8
13	7	6
13	8	11
13	9	11
13	10	4
13	11	7
13	12	12
14	0	3
14	1	10
14	2	4
14	3	8
14	4	13
14	5	6
14	6	8
14	7	2
14	8	9
14	9	6
14	10	4
14	11	4
14	12	7
14	13	9
15	0	7
15	1	7
15	2	8
15	3	4
15	4	5
15	5	2
15	6	6
15	7	4
15	8	9
15	9	8
15	10	4
15	11	10
15	12	18
15	13	12
15	14	8
16	0	3
16	1	1
16	2	11
16	3	3
16	4	5
16	5	4
16	6	5
16	7	5
16	8	3
16	9	1
16	10	3
16	11	3
16	12	5
16	13	9
16	14	4
16	15	6
17	0	1
17	1	2
17	2	7
17	3	3
17	4	5
17	5	6
17	6	1
17	7	2
17	8	8
17	9	2
17	10	6
17	11	4
17	12	7
17	13	6
17	14	3
17	15	15
17	16	5
18	0	2
18	1	1
18	2	4
18	3	4
18	4	6
18	5	6
18	6	8
18	7	3
18	8	7
18	9	2
18	10	9
18	11	5
18	12	8
18	13	3
18	14	6
18	15	5
18	16	5
18	17	4
19	0	3
19	1	4
19	2	9
19	3	7
19	4	9
19	5	2
19	6	1
19	7	3
19	8	7
19	9	2
19	10	3
19	11	2
19	12	2
19	13	4
19	14	4
19	15	7
19	16	3
19	17	6
19	18	1
20	0	1
20	1	4
20	2	2
20	3	8
20	4	9
20	5	4
20	6	2
20	7	1
20	8	1
20	9	7
20	10	1
20	11	3
20	12	6
20	13	2
20	14	11
20	15	7
20	16	6
20	17	4
20	18	16
20	19	5
21	0	3
21	1	3
21	2	12
21	3	2
21	4	4
21	5	6
21	6	5
21	7	2
21	8	8
21	9	3
21	10	8
21	11	3
21	12	7
21	13	5
21	14	5
21	15	10
21	16	6
21	17	10
21	18	4
21	19	1
21	20	4
22	1	3
22	2	7
22	3	9
22	4	7
22	5	8
22	6	6
22	7	1
22	8	2
22	9	4
22	11	4
22	12	5
22	13	7
22	15	2
22	16	6
22	17	4
22	18	11
22	19	5
22	20	2
22	21	14
23	0	1
23	1	5
23	2	4
23	3	5
23	4	4
23	5	4
23	7	3
23	8	1
23	9	1
23	10	2
23	11	6
23	12	2
23	13	5
23	14	3
23	15	4
23	17	3
23	19	4
23	20	3
23	21	4
23	22	4
24	0	4
24	1	9
24	2	5
24	3	2
24	4	5
24	5	2
24	6	1
24	7	2
24	8	5
24	9	7
24	10	3
24	11	3
24	12	4
24	13	5
24	14	5
24	15	3
24	16	2
24	17	1
24	18	4
24	21	2
24	22	1
24	23	7
25	0	4
25	1	10
25	3	3
25	4	2
25	5	2
25	6	2
25	7	1
25	8	4
25	9	3
25	10	7
25	11	1
25	12	1
25	13	8
25	14	4
25	15	9
25	16	1
25	18	2
25	19	1
25	21	3
25	22	7
25	23	2
25	24	5
26	1	1
26	2	1
26	5	4
26	7	1
26	11	6
26	12	2
26	14	2
26	15	1
26	18	4
26	19	1
26	20	1
26	22	2
26	24	3
26	25	1
27	0	2
27	1	1
27	2	1
27	3	4
27	5	1
27	6	2
27	7	2
27	8	1
27	9	3
27	10	1
27	11	1
27	12	3
27	13	5
27	14	1
27	15	1
27	17	2
27	18	6
27	19	4
27	23	1
27	24	5
27	25	4
27	26	2
28	0	2
28	1	4
28	2	7
28	3	1
28	4	3
28	5	3
28	6	1
28	7	2
28	8	4
28	9	3
28	10	4
28	11	4
28	12	7
28	13	1
28	14	5
28	15	3
28	16	2
28	17	6
28	18	4
28	19	3
28	20	10
28	21	3
28	22	4
28	23	6
28	24	2
28	25	4
28	26	4
29	0	3
29	1	2
29	4	1
29	5	3
29	7	2
29	10	2
29	14	2
29	16	1
29	19	3
29	23	1
29	24	1
29	26	2
29	27	3
29	28	3
30	1	3
30	3	5
30	5	2
30	7	1
30	8	2
30	9	5
30	10	1
30	11	4
30	12	5
30	14	1
30	17	3
30	19	4
30	20	4
30	24	3
30	25	4
30	26	3
30	27	5
30	28	3
30	29	11
31	4	4
31	8	3
31	9	5
31	10	3
31	11	3
31	14	1
31	19	1
31	22	1
31	23	1
31	24	3
31	25	1
31	26	2
31	27	4
31	28	2
31	29	6
31	30	8
32	1	6
32	2	1
32	4	2
32	8	1
32	10	3
32	11	4
32	12	1
32	13	2
32	14	1
32	15	1
32	16	2
32	17	2
32	22	1
32	23	1
32	24	3
32	25	6
32	26	2
32	27	4
32	28	4
32	29	4
32	30	7
32	31	10
33	1	2
33	2	1
33	3	1
33	4	1
33	5	2
33	9	5
33	10	2
33	11	4
33	12	2
33	13	5
33	14	5
33	15	5
33	17	3
33	18	1
33	19	1
33	21	1
33	22	3
33	23	1
33	24	4
33	25	6
33	26	2
33	27	5
33	28	4
33	29	4
33	30	7
33	31	2
33	32	6
34	1	3
34	2	4
34	3	1
34	4	4
34	5	3
34	6	1
34	8	3
34	9	1
34	10	4
34	11	5
34	12	2
34	13	2
34	14	1
34	15	3
34	18	4
34	19	3
34	20	3
34	22	1
34	23	6
34	24	1
34	25	8
34	26	4
34	27	2
34	28	5
34	29	6
34	30	2
34	31	2
34	32	6
34	33	4
35	0	2
35	1	3
35	2	6
35	4	3
35	5	7
35	6	2
35	9	2
35	10	2
35	11	6
35	12	4
35	13	4
35	14	7
35	15	1
35	17	1
35	18	3
35	19	2
35	20	2
35	21	1
35	22	1
35	23	2
35	24	5
35	25	3
35	26	2
35	27	4
35	28	6
35	29	7
35	30	7
35	31	5
35	32	7
35	33	20
35	34	6
36	0	1
36	1	1
36	2	1
36	3	1
36	4	1
36	6	1
36	7	1
36	10	3
36	11	2
36	13	2
36	14	2
36	15	3
36	16	1
36	22	1
36	23	1
36	24	3
36	25	2
36	26	2
36	27	1
36	28	6
36	29	2
36	30	2
36	31	6
36	32	3
36	33	1
36	34	4
36	35	3
37	0	2
37	1	3
37	3	2
37	4	3
37	5	1
37	6	2
37	7	1
37	8	4
37	9	3
37	10	2
37	11	2
37	12	3
37	13	1
37	14	2
37	18	1
37	19	3
37	20	1
37	21	1
37	24	3
37	25	5
37	26	2
37	27	3
37	28	5
37	29	2
37	30	5
37	31	5
37	32	6
37	33	5
37	34	5
37	35	8
37	36	4
38	1	2
38	3	4
38	4	5
38	5	3
38	6	3
38	7	1
38	8	2
38	9	4
38	10	7
38	11	8
38	12	6
38	13	5
38	14	5
38	15	1
38	16	1
38	17	3
38	18	5
38	19	2
38	20	3
38	21	3
38	22	3
38	23	5
38	24	6
38	25	2
38	26	1
38	27	3
38	28	16
38	29	3
38	30	5
38	31	6
38	32	5
38	33	10
38	34	11
38	35	12
38	36	3
38	37	6
39	1	3
39	2	1
39	3	4
39	4	5
39	5	3
39	6	1
39	7	2
39	8	3
39	9	3
39	10	4
39	11	3
39	12	3
39	13	2
39	14	4
39	15	2
39	18	2
39	19	2
39	20	4
39	21	2
39	22	1
39	23	2
39	24	2
39	25	5
39	26	2
39	27	3
39	28	6
39	29	1
39	30	2
39	31	4
39	32	3
39	33	3
39	34	5
39	35	6
39	36	4
39	37	7
39	38	5
40	0	1
40	1	6
40	2	7
40	3	4
40	4	5
40	5	4
40	6	2
40	7	1
40	9	2
40	10	8
40	11	5
40	12	5
40	13	2
40	14	4
40	15	3
40	16	1
40	17	1
40	18	5
40	19	3
40	20	3
40	21	5
40	22	1
40	23	2
40	24	2
40	25	3
40	27	2
40	28	6
40	29	3
40	30	4
40	32	6
40	33	11
40	34	12
40	35	7
40	36	5
40	37	7
40	38	10
40	39	6
41	1	3
41	4	4
41	5	3
41	6	1
41	7	1
41	8	3
41	9	1
41	10	7
41	11	1
41	12	2
41	15	1
41	16	2
41	18	2
41	20	3
41	24	1
41	25	1
41	26	2
41	27	3
41	28	3
41	29	3
41	30	4
41	31	9
41	32	6
41	33	5
41	34	6
41	35	3
41	36	6
41	37	4
41	38	9
41	39	9
41	40	2
42	0	1
42	1	4
42	2	2
42	3	1
42	4	2
42	8	2
42	9	3
42	10	3
42	11	2
42	12	3
42	13	4
42	14	3
42	15	1
42	17	1
42	18	4
42	19	3
42	23	1
42	24	5
42	25	3
42	26	2
42	27	2
42	28	3
42	29	2
42	31	3
42	32	4
42	35	6
42	36	3
42	37	5
42	38	9
42	39	7
42	40	13
42	41	9
43	0	1
43	1	1
43	2	1
43	3	2
43	4	1
43	5	4
43	8	3
43	9	4
43	10	1
43	11	1
43	12	2
43	13	2
43	14	3
43	15	1
43	17	2
43	18	4
43	20	3
43	21	3
43	22	2
43	23	4
43	24	3
43	25	6
43	26	1
43	27	7
43	28	5
43	29	5
43	30	2
43	31	7
43	32	2
43	33	2
43	34	3
43	35	7
43	36	3
43	37	13
43	38	10
43	39	7
43	40	7
43	41	12
43	42	8
44	4	2
44	5	1
44	8	2
44	9	4
44	11	6
44	12	1
44	18	1
44	19	1
44	20	3
44	23	1
44	25	2
44	26	1
44	27	2
44	28	3
44	29	2
44	30	4
44	31	4
44	32	3
44	33	5
44	35	4
44	36	4
44	37	7
44	38	9
44	39	12
44	40	3
44	41	5
44	42	7
44	43	6
45	0	2
45	5	4
45	6	1
45	9	3
45	10	2
45	15	1
45	20	7
45	22	2
45	23	2
45	24	8
45	25	2
45	26	1
45	28	2
45	29	2
45	30	4
45	31	4
45	32	4
45	33	6
45	34	5
45	35	1
45	36	3
45	37	8
45	38	5
45	39	6
45	40	6
45	41	6
45	42	2
45	43	10
45	44	10
46	0	1
46	1	2
46	2	1
46	3	1
46	4	3
46	8	2
46	10	4
46	11	2
46	14	4
46	15	2
46	18	2
46	19	1
46	23	1
46	24	5
46	25	3
46	26	3
46	27	2
46	28	3
46	29	6
46	30	3
46	31	9
46	32	6
46	33	11
46	34	4
46	35	11
46	36	8
46	37	9
46	38	8
46	40	5
46	41	5
46	42	5
46	43	7
46	44	5
46	45	9
47	0	4
47	1	3
47	2	2
47	3	2
47	4	2
47	9	6
47	11	3
47	12	3
47	13	2
47	15	5
47	16	4
47	18	3
47	20	1
47	23	1
47	24	2
47	25	2
47	27	4
47	28	3
47	29	7
47	30	7
47	31	3
47	32	4
47	33	8
47	34	4
47	35	7
47	36	5
47	37	2
47	38	9
47	39	2
47	40	4
47	41	3
47	42	6
47	43	5
47	44	2
47	45	5
47	46	12
48	1	6
48	3	2
48	4	2
48	5	2
48	6	4
48	7	3
48	8	3
48	9	3
48	10	6
48	11	6
48	12	7
48	13	2
48	14	3
48	15	4
48	16	3
48	18	3
48	19	2
48	20	3
48	21	3
48	22	1
48	23	3
48	24	6
48	25	5
48	26	4
48	27	3
48	28	5
48	29	6
48	30	2
48	31	5
48	32	5
48	33	1
48	34	7
48	35	3
48	36	1
48	37	8
48	38	5
48	39	4
48	40	9
48	41	4
48	42	3
48	43	3
48	44	3
48	45	3
48	46	4
48	47	3
49	0	3
49	1	8
49	2	3
49	3	2
49	4	3
49	5	5
49	6	2
49	7	2
49	8	2
49	9	4
49	10	7
49	11	4
49	12	4
49	13	4
49	14	8
49	15	5
49	16	2
49	17	5
49	18	1
49	19	4
49	20	9
49	21	4
49	22	1
49	23	9
49	24	14
49	25	5
49	26	5
49	27	4
49	28	6
49	29	1
49	30	3
49	31	5
49	32	3
49	33	6
49	34	12
49	35	12
49	36	9
49	37	10
49	38	12
49	39	2
49	40	12
49	41	5
49	42	4
49	43	5
49	45	4
49	46	2
49	47	1
49	48	9
50	0	1
50	1	2
50	2	2
50	4	3
50	8	1
50	9	1
50	10	4
50	11	5
50	12	2
50	13	3
50	14	2
50	15	5
50	18	1
50	19	2
50	20	1
50	21	4
50	23	5
50	24	8
50	25	9
50	26	5
50	27	8
50	28	3
50	29	4
50	31	1
50	32	5
50	33	4
50	34	7
50	35	5
50	36	4
50	37	2
50	38	2
50	39	1
50	40	5
50	41	5
50	43	1
50	45	3
50	46	2
50	47	3
50	48	5
50	49	9
51	1	2
51	2	3
51	3	4
51	4	7
51	5	1
51	6	1
51	7	3
51	8	4
51	10	2
51	11	5
51	12	3
51	13	4
51	14	2
51	15	3
51	18	10
51	19	5
51	21	2
51	22	2
51	23	6
51	24	2
51	26	3
51	27	8
51	28	6
51	29	1
51	30	4
51	31	5
51	32	2
51	33	2
51	34	9
51	35	6
51	36	9
51	37	8
51	38	10
51	39	3
51	40	7
51	41	3
51	42	4
51	43	7
51	44	12
51	45	3
51	46	3
51	47	6
51	48	5
51	49	13
51	50	9
52	1	1
52	3	4
52	4	4
52	5	1
52	7	3
52	8	2
52	9	1
52	10	3
52	11	7
52	12	3
52	13	3
52	14	6
52	15	4
52	16	1
52	17	2
52	18	1
52	19	3
52	20	4
52	21	3
52	22	2
52	23	4
52	24	4
52	25	5
52	26	1
52	27	3
52	28	4
52	29	6
52	30	3
52	31	4
52	32	5
52	33	4
52	34	8
52	35	2
52	36	8
52	38	11
52	39	4
52	40	5
52	41	1
52	42	3
52	43	5
52	44	1
52	45	3
52	46	2
52	47	5
52	48	2
52	49	13
52	50	6
52	51	7
53	1	5
53	2	4
53	3	6
53	4	6
53	5	6
53	6	1
53	7	3
53	8	3
53	9	4
53	10	1
53	11	3
53	12	4
53	13	5
53	14	2
53	15	2
53	16	1
53	17	3
53	18	3
53	19	3
53	20	3
53	21	4
53	22	3
53	23	1
53	24	4
53	25	8
53	26	1
53	27	4
53	28	6
53	29	4
53	30	5
53	31	2
53	32	2
53	33	5
53	34	9
53	35	2
53	36	3
53	37	6
53	38	12
53	39	7
53	40	8
53	41	7
53	42	3
53	43	2
53	44	5
53	45	9
53	46	4
53	47	3
53	48	3
53	49	10
53	50	2
53	51	9
53	52	8
54	1	5
54	2	3
54	4	1
54	5	5
54	8	3
54	9	3
54	10	1
54	11	3
54	12	2
54	13	3
54	14	2
54	15	5
54	16	2
54	17	1
54	18	6
54	19	3
54	20	4
54	21	2
54	22	6
54	23	1
54	24	6
54	25	4
54	26	2
54	27	1
54	28	6
54	30	2
54	31	2
54	32	1
54	33	1
54	34	1
54	35	5
54	36	8
54	37	3
54	38	3
54	39	4
54	40	3
54	41	3
54	42	3
54	43	3
54	44	1
54	45	6
54	46	7
54	47	6
54	48	2
54	49	8
54	50	4
54	51	2
54	52	7
54	53	5
55	1	2
55	2	5
55	3	4
55	4	7
55	5	1
55	6	2
55	7	3
55	8	4
55	9	2
55	10	3
55	11	1
55	12	9
55	13	6
55	14	6
55	15	4
55	16	3
55	17	2
55	18	4
55	19	1
55	20	6
55	21	1
55	22	1
55	23	7
55	24	6
55	25	3
55	26	2
55	27	2
55	28	20
55	29	4
55	30	4
55	31	2
55	32	1
55	33	3
55	34	3
55	35	4
55	36	6
55	37	1
55	38	7
55	39	10
55	40	8
55	41	4
55	42	5
55	43	3
55	44	1
55	45	2
55	46	6
55	47	1
55	48	5
55	49	6
55	50	3
55	51	11
55	52	17
55	53	12
55	54	10
56	0	3
56	1	2
56	2	2
56	3	3
56	4	3
56	5	1
56	8	2
56	9	2
56	10	7
56	11	1
56	12	4
56	14	2
56	15	4
56	18	3
56	19	2
56	20	3
56	21	5
56	22	4
56	23	3
56	24	2
56	25	1
56	26	3
56	27	2
56	28	9
56	30	1
56	31	3
56	32	1
56	33	3
56	34	4
56	35	5
56	37	6
56	38	10
56	39	11
56	40	7
56	41	3
56	42	2
56	43	7
56	44	3
56	45	2
56	46	2
56	47	7
56	48	1
56	49	3
56	50	3
56	51	4
56	52	4
56	53	9
56	54	6
56	55	12
57	0	4
57	1	4
57	2	1
57	3	1
57	4	1
57	6	1
57	8	3
57	10	3
57	11	3
57	13	5
57	14	3
57	15	2
57	18	1
57	19	2
57	20	4
57	22	1
57	23	2
57	24	5
57	25	4
57	26	7
57	27	2
57	28	6
57	29	6
57	30	1
57	31	2
57	32	1
57	33	3
57	34	3
57	35	4
57	36	7
57	37	5
57	38	10
57	39	2
57	40	6
57	41	3
57	42	7
57	43	6
57	44	2
57	45	5
57	46	3
57	47	6
57	48	5
57	49	8
57	50	1
57	51	7
57	52	3
57	53	5
57	54	4
57	55	7
57	56	4
58	0	2
58	1	4
58	2	2
58	3	1
58	4	1
58	6	1
58	9	3
58	10	3
58	11	2
58	14	2
58	16	3
58	17	1
58	18	3
58	20	2
58	22	2
58	24	3
58	25	2
58	26	3
58	27	2
58	28	4
58	29	6
58	30	4
58	31	3
58	32	4
58	33	2
58	34	4
58	35	7
58	36	5
58	37	8
58	38	9
58	39	5
58	40	3
58	41	3
58	42	2
58	43	5
58	44	2
58	45	2
58	46	5
58	47	8
58	48	5
58	49	5
58	51	3
58	52	5
58	53	7
58	54	2
58	55	4
58	56	5
58	57	8
59	1	4
59	2	1
59	3	9
59	4	2
59	5	2
59	8	1
59	9	3
59	10	3
59	11	3
59	12	2
59	13	1
59	15	7
59	16	2
59	17	1
59	18	3
59	19	3
59	20	4
59	21	3
59	22	2
59	23	2
59	24	3
59	25	5
59	26	4
59	27	5
59	28	5
59	29	4
59	30	2
59	31	2
59	32	5
59	33	4
59	34	5
59	35	6
59	36	10
59	37	3
59	38	7
59	39	4
59	40	4
59	41	5
59	42	6
59	43	6
59	44	2
59	45	2
59	46	2
59	47	2
59	48	2
59	49	11
59	50	4
59	51	6
59	52	11
59	53	5
59	54	13
59	55	7
59	56	7
59	57	10
59	58	4
60	0	1
60	1	2
60	2	2
60	3	2
60	4	2
60	7	2
60	8	1
60	10	4
60	11	3
60	13	3
60	14	3
60	15	4
60	17	2
60	19	4
60	20	2
60	23	5
60	24	4
60	25	1
60	26	5
60	27	6
60	28	4
60	29	1
60	30	2
60	31	1
60	32	7
60	33	6
60	34	6
60	35	9
60	36	8
60	37	5
60	38	7
60	39	2
60	40	3
60	41	3
60	42	4
60	43	4
60	44	2
60	45	5
60	46	4
60	47	5
60	49	6
60	50	1
60	51	5
60	52	4
60	53	1
60	54	3
60	55	4
60	56	5
60	57	4
60	58	6
60	59	5
