1	0	6
2	0	3
2	1	2
3	0	1
3	1	3
3	2	9
4	0	1
4	1	2
4	2	8
4	3	13
5	0	1
5	1	7
5	2	3
5	3	2
5	4	3
6	0	3
6	1	2
6	2	4
6	3	4
6	4	5
6	5	8
7	0	3
7	1	8
7	2	6
7	3	1
7	4	3
7	5	7
7	6	6
8	0	4
8	1	6
8	2	2
8	3	2
8	4	4
8	5	6
8	6	12
8	7	12
9	0	2
9	1	6
9	2	4
9	3	1
9	4	4
9	5	1
9	6	5
9	7	13
9	8	10
10	0	3
10	1	5
10	2	2
10	3	6
10	4	4
10	5	6
10	6	12
10	7	4
10	8	8
10	9	9
11	0	4
11	1	5
11	2	3
11	4	5
11	5	4
11	6	7
11	7	4
11	8	9
11	9	11
11	10	11
12	0	4
12	1	8
12	2	6
12	3	5
12	4	3
12	5	8
12	6	6
12	7	5
12	8	8
12	9	7
12	10	9
12	11	5
13	0	9
13	1	9
13	2	8
13	3	6
13	4	6
13	5	4
13	6	4
13	7	8
13	8	13
13	9	17
13	10	7
13	11	4
13	12	11
14	0	7
14	1	8
14	2	6
14	3	5
14	4	5
14	5	2
14	6	7
14	7	5
14	8	4
14	9	4
14	10	7
14	11	8
14	12	8
14	13	9
15	0	4
15	1	9
15	2	8
15	3	3
15	4	6
15	5	5
15	6	4
15	7	9
15	8	4
15	9	5
15	10	5
15	11	6
15	12	14
15	13	13
15	14	9
16	0	5
16	1	2
16	2	7
16	3	1
16	4	5
16	5	4
16	7	1
16	8	4
16	9	4
16	10	2
16	11	6
16	12	6
16	13	4
16	14	3
16	15	3
17	0	1
17	1	4
17	2	8
17	3	2
17	4	3
17	5	3
17	6	3
17	7	3
17	8	9
17	9	2
17	10	2
17	11	1
17	12	7
17	13	6
17	14	3
17	15	8
17	16	8
18	0	4
18	1	2
18	2	5
18	3	5
18	4	9
18	5	6
18	6	4
18	7	4
18	8	3
18	9	3
18	10	15
18	11	5
18	12	6
18	13	2
18	14	3
18	15	8
18	16	1
18	17	2
19	0	2
19	1	1
19	2	6
19	3	10
19	4	9
19	5	2
19	6	2
19	7	2
19	8	6
19	9	3
19	10	4
19	11	2
19	12	3
19	13	5
19	14	4
19	15	5
19	16	5
19	17	3
19	18	6
20	0	4
20	1	1
20	2	3
20	3	9
20	4	15
20	5	4
20	6	5
20	7	5
20	8	8
20	9	3
20	10	11
20	11	2
20	12	5
20	13	7
20	14	8
20	15	12
20	16	2
20	17	7
20	18	10
20	19	3
21	0	3
21	1	2
21	2	7
21	3	1
21	4	4
21	5	9
21	6	6
21	7	5
21	8	6
21	10	7
21	12	5
21	13	8
21	14	4
21	15	8
21	16	8
21	17	4
21	18	1
21	19	3
21	20	9
22	1	2
22	2	8
22	3	4
22	4	13
22	5	4
22	6	6
22	7	2
22	8	3
22	9	1
22	10	4
22	12	3
22	13	4
22	14	4
22	15	4
22	16	2
22	17	6
22	18	5
22	19	5
22	20	17
22	21	7
23	0	4
23	1	8
23	2	3
23	3	5
23	4	9
23	5	6
23	7	1
23	8	1
23	9	4
23	10	4
23	11	1
23	12	6
23	13	1
23	14	2
23	15	6
23	17	5
23	18	3
23	19	9
23	20	4
23	21	1
23	22	2
24	1	7
24	2	1
24	3	2
24	4	8
24	5	3
24	6	4
24	7	5
24	8	2
24	9	2
24	10	6
24	11	8
24	12	4
24	13	2
24	14	2
24	15	1
24	16	5
24	17	6
24	19	3
24	20	2
24	21	5
24	22	5
24	23	2
25	0	3
25	1	8
25	2	2
25	3	1
25	4	6
25	5	3
25	7	3
25	8	6
25	9	11
25	10	4
25	11	9
25	12	5
25	13	8
25	14	4
25	15	3
25	16	1
25	17	4
25	18	4
25	19	4
25	20	4
25	21	5
25	22	2
25	23	2
25	24	2
26	1	1
26	2	3
26	4	1
26	7	2
26	8	3
26	10	2
26	11	6
26	13	2
26	14	2
26	15	1
26	18	2
26	19	3
26	20	3
26	23	3
26	24	3
26	25	2
27	1	7
27	2	1
27	4	3
27	5	1
27	7	3
27	8	5
27	9	3
27	10	2
27	11	6
27	12	3
27	13	1
27	14	3
27	18	2
27	19	1
27	22	2
27	23	5
27	24	1
27	25	6
27	26	4
28	0	4
28	1	2
28	2	5
28	3	5
28	4	5
28	5	2
28	6	2
28	7	2
28	8	3
28	9	4
28	10	7
28	11	2
28	12	1
28	13	1
28	14	4
28	15	7
28	16	2
28	17	3
28	18	11
28	19	1
28	20	8
28	21	3
28	22	7
28	23	4
28	24	2
28	25	7
28	26	1
28	27	5
29	0	2
29	1	1
29	2	1
29	4	3
29	5	2
29	8	1
29	10	2
29	12	3
29	13	2
29	14	1
29	16	1
29	19	4
29	20	2
29	23	2
29	24	1
29	25	5
29	27	3
30	1	1
30	3	1
30	5	2
30	7	2
30	8	2
30	9	2
30	12	3
30	13	2
30	14	1
30	17	3
30	18	3
30	19	3
30	20	2
30	22	1
30	24	1
30	25	3
30	26	2
30	28	5
30	29	5
31	5	1
31	8	3
31	9	5
31	10	3
31	11	3
31	14	1
31	19	3
31	21	1
31	23	1
31	24	4
31	25	5
31	26	3
31	27	3
31	29	10
31	30	19
32	1	1
32	2	2
32	4	3
32	8	4
32	9	2
32	11	3
32	13	5
32	14	3
32	15	1
32	16	1
32	18	3
32	20	1
32	22	6
32	23	2
32	24	3
32	25	1
32	26	6
32	27	3
32	28	4
32	29	6
32	30	1
32	31	9
33	0	5
33	1	3
33	2	1
33	3	4
33	4	1
33	5	4
33	8	1
33	9	5
33	10	2
33	11	1
33	12	3
33	13	2
33	14	4
33	15	3
33	17	4
33	18	1
33	19	2
33	21	2
33	22	2
33	23	2
33	25	4
33	26	3
33	27	8
33	28	2
33	29	4
33	30	4
33	31	6
33	32	13
34	1	4
34	2	3
34	3	1
34	4	4
34	5	1
34	6	2
34	8	3
34	9	1
34	10	4
34	11	4
34	12	5
34	13	3
34	14	6
34	15	2
34	16	3
34	17	2
34	18	5
34	19	1
34	20	2
34	21	3
34	22	3
34	23	3
34	24	4
34	25	6
34	26	6
34	27	3
34	28	2
34	29	4
34	30	5
34	31	3
34	32	5
34	33	6
35	0	2
35	1	3
35	2	3
35	3	4
35	4	1
35	5	3
35	6	2
35	8	4
35	9	4
35	10	4
35	11	2
35	12	5
35	13	3
35	14	4
35	15	2
35	16	3
35	17	1
35	18	7
35	19	1
35	20	1
35	21	2
35	22	2
35	24	6
35	25	2
35	26	5
35	27	6
35	28	7
35	29	5
35	30	6
35	31	5
35	32	9
35	33	9
35	34	5
36	0	2
36	1	3
36	2	2
36	3	2
36	4	1
36	6	2
36	8	2
36	10	10
36	11	1
36	12	6
36	13	3
36	14	2
36	15	2
36	18	1
36	22	3
36	24	5
36	25	2
36	26	5
36	27	3
36	28	7
36	29	2
36	30	2
36	31	1
36	32	5
36	33	5
36	34	9
36	35	5
37	0	2
37	1	2
37	2	2
37	4	1
37	5	2
37	6	2
37	8	4
37	9	1
37	10	4
37	11	4
37	12	5
37	13	1
37	14	1
37	18	2
37	19	2
37	20	4
37	24	4
37	25	4
37	26	6
37	27	3
37	28	7
37	29	5
37	30	7
37	31	4
37	32	7
37	33	8
37	34	8
37	35	5
37	36	4
38	1	4
38	2	2
38	3	5
38	4	7
38	5	7
38	6	1
38	7	4
38	8	1
38	9	3
38	10	7
38	11	6
38	12	5
38	13	1
38	14	6
38	15	3
38	16	1
38	17	1
38	18	5
38	19	1
38	20	3
38	21	4
38	23	6
38	24	3
38	25	8
38	26	4
38	27	6
38	28	7
38	29	1
38	30	5
38	31	9
38	32	6
38	33	6
38	34	4
38	35	14
38	36	4
38	37	5
39	0	2
39	1	2
39	2	3
39	3	1
39	4	2
39	5	4
39	6	2
39	8	1
39	9	6
39	10	8
39	11	5
39	12	3
39	13	4
39	14	2
39	15	6
39	16	1
39	18	2
39	19	1
39	22	3
39	23	2
39	24	4
39	25	2
39	27	2
39	28	8
39	29	4
39	30	4
39	31	2
39	32	3
39	33	4
39	34	3
39	35	6
39	36	4
39	37	6
39	38	11
40	0	2
40	1	4
40	2	1
40	4	3
40	5	3
40	6	5
40	8	5
40	9	8
40	10	4
40	11	8
40	12	2
40	13	4
40	14	7
40	15	5
40	16	1
40	17	2
40	18	5
40	19	2
40	20	2
40	21	1
40	22	3
40	23	8
40	24	6
40	25	5
40	26	4
40	27	6
40	28	12
40	29	2
40	30	6
40	31	3
40	32	6
40	33	7
40	34	9
40	35	3
40	36	8
40	37	7
40	38	9
40	39	3
41	1	3
41	4	2
41	5	1
41	6	2
41	7	4
41	8	2
41	9	3
41	10	4
41	11	6
41	12	2
41	13	3
41	14	1
41	15	2
41	16	1
41	18	1
41	20	1
41	24	3
41	25	7
41	26	4
41	27	4
41	28	6
41	29	2
41	30	5
41	31	6
41	32	3
41	33	3
41	34	3
41	35	4
41	36	4
41	37	10
41	38	4
41	39	8
41	40	11
42	1	5
42	3	2
42	4	3
42	5	2
42	6	2
42	8	5
42	9	5
42	10	2
42	11	3
42	12	2
42	13	2
42	14	4
42	15	3
42	17	1
42	18	5
42	19	3
42	20	1
42	23	1
42	24	3
42	25	6
42	26	3
42	27	5
42	28	6
42	31	3
42	32	5
42	33	3
42	34	6
42	35	2
42	36	4
42	37	6
42	38	10
42	39	7
42	40	6
42	41	10
43	0	1
43	1	1
43	2	1
43	3	3
43	4	2
43	5	5
43	8	3
43	9	1
43	10	5
43	11	2
43	12	2
43	13	4
43	14	2
43	15	1
43	17	1
43	18	4
43	20	3
43	21	1
43	22	3
43	24	1
43	25	4
43	26	2
43	27	2
43	28	3
43	29	6
43	30	3
43	31	5
43	32	2
43	33	4
43	34	5
43	35	5
43	36	4
43	37	8
43	38	6
43	39	5
43	40	3
43	41	9
43	42	6
44	4	1
44	5	1
44	8	1
44	9	5
44	10	4
44	18	2
44	19	3
44	20	1
44	23	1
44	24	2
44	25	3
44	26	7
44	27	3
44	28	4
44	29	4
44	30	4
44	31	2
44	32	6
44	33	5
44	34	3
44	35	5
44	36	6
44	37	7
44	38	11
44	39	2
44	40	4
44	41	10
44	42	14
44	43	10
45	0	2
45	6	1
45	9	3
45	10	1
45	11	1
45	15	4
45	19	5
45	20	2
45	22	1
45	24	4
45	25	2
45	26	1
45	27	1
45	28	3
45	29	2
45	30	2
45	31	4
45	32	4
45	33	4
45	34	5
45	35	3
45	36	2
45	37	6
45	38	10
45	39	2
45	40	6
45	41	4
45	42	7
45	43	7
45	44	10
46	0	1
46	1	5
46	2	1
46	3	1
46	4	2
46	8	4
46	10	1
46	11	6
46	13	3
46	14	1
46	15	3
46	18	5
46	19	2
46	22	3
46	23	2
46	25	5
46	26	1
46	27	1
46	28	3
46	29	5
46	30	5
46	31	9
46	32	5
46	33	7
46	34	6
46	35	13
46	36	3
46	37	4
46	38	7
46	39	1
46	40	6
46	41	3
46	42	8
46	43	10
46	44	4
46	45	10
47	1	2
47	2	2
47	3	2
47	4	2
47	9	1
47	10	2
47	11	1
47	12	1
47	13	3
47	16	2
47	18	3
47	20	3
47	21	1
47	23	1
47	24	4
47	25	1
47	26	8
47	27	2
47	28	1
47	29	6
47	30	5
47	31	5
47	32	4
47	33	6
47	34	4
47	35	10
47	36	4
47	37	3
47	38	5
47	40	4
47	42	3
47	43	8
47	44	4
47	45	1
47	46	17
48	1	1
48	2	3
48	3	3
48	4	8
48	5	5
48	6	3
48	8	3
48	9	1
48	10	7
48	11	2
48	12	1
48	13	9
48	14	5
48	15	3
48	16	1
48	18	5
48	19	1
48	20	3
48	21	5
48	23	2
48	24	11
48	25	7
48	26	2
48	27	3
48	28	2
48	29	6
48	30	3
48	31	1
48	32	6
48	33	2
48	34	6
48	35	6
48	36	5
48	37	6
48	38	8
48	39	3
48	40	8
48	41	6
48	42	7
48	44	2
48	45	1
48	46	5
48	47	6
49	0	2
49	1	6
49	2	3
49	4	2
49	5	1
49	6	3
49	7	2
49	8	4
49	9	4
49	10	6
49	11	4
49	12	2
49	13	5
49	14	5
49	15	8
49	16	3
49	17	2
49	18	4
49	19	3
49	20	5
49	21	4
49	22	7
49	23	5
49	24	19
49	25	6
49	26	5
49	27	7
49	28	5
49	30	8
49	31	5
49	32	3
49	33	5
49	34	19
49	35	3
49	36	9
49	37	5
49	38	9
49	39	3
49	40	4
49	41	3
49	42	3
49	43	3
49	44	1
49	45	2
49	46	5
49	47	4
49	48	7
50	0	2
50	1	3
50	2	3
50	3	1
50	4	1
50	7	1
50	8	5
50	9	2
50	10	5
50	11	4
50	12	3
50	13	1
50	14	3
50	15	4
50	18	3
50	19	2
50	20	3
50	21	1
50	23	1
50	24	13
50	25	9
50	26	1
50	27	6
50	28	1
50	29	1
50	31	2
50	32	3
50	33	3
50	34	8
50	35	7
50	36	5
50	37	6
50	38	4
50	39	1
50	40	4
50	42	3
50	43	3
50	46	3
50	47	3
50	48	5
50	49	7
51	1	5
51	2	2
51	3	1
51	4	2
51	5	3
51	6	1
51	7	3
51	8	6
51	9	5
51	10	4
51	11	4
51	12	2
51	13	6
51	14	4
51	15	2
51	18	3
51	19	2
51	20	3
51	21	1
51	22	1
51	23	3
51	24	6
51	25	1
51	26	4
51	27	2
51	28	8
51	29	3
51	30	1
51	31	5
51	32	4
51	33	4
51	34	11
51	35	11
51	36	15
51	37	6
51	38	22
51	39	6
51	40	6
51	41	6
51	42	6
51	43	6
51	44	8
51	45	4
51	47	6
51	48	6
51	49	11
51	50	4
52	1	2
52	2	1
52	3	7
52	4	3
52	7	2
52	10	5
52	11	1
52	12	4
52	13	2
52	14	2
52	15	5
52	16	1
52	17	1
52	18	2
52	19	2
52	20	6
52	21	4
52	22	2
52	23	7
52	24	3
52	25	7
52	26	4
52	28	6
52	29	4
52	30	2
52	31	2
52	32	4
52	33	4
52	34	4
52	35	6
52	36	4
52	37	1
52	38	13
52	39	2
52	40	9
52	41	2
52	42	4
52	43	3
52	44	3
52	45	4
52	46	4
52	47	1
52	48	3
52	49	4
52	50	5
52	51	11
53	1	4
53	2	5
53	3	4
53	4	6
53	5	4
53	6	2
53	8	3
53	9	3
53	10	4
53	11	4
53	12	5
53	13	1
53	14	4
53	15	3
53	17	2
53	18	3
53	19	6
53	20	3
53	21	3
53	22	5
53	23	2
53	24	6
53	26	5
53	27	2
53	28	6
53	29	1
53	30	2
53	31	5
53	32	6
53	33	3
53	34	2
53	35	4
53	36	8
53	37	5
53	38	21
53	39	10
53	40	17
53	41	5
53	42	8
53	43	6
53	44	3
53	45	6
53	46	6
53	47	5
53	48	4
53	49	11
53	50	2
53	51	11
53	52	8
54	0	3
54	1	5
54	2	1
54	3	2
54	4	1
54	5	2
54	9	1
54	10	3
54	11	2
54	12	3
54	13	3
54	14	1
54	15	2
54	16	1
54	17	1
54	18	4
54	19	4
54	20	2
54	21	1
54	22	4
54	23	3
54	24	7
54	25	3
54	26	4
54	27	4
54	28	10
54	31	1
54	32	5
54	33	2
54	34	2
54	35	4
54	36	2
54	37	2
54	38	5
54	39	2
54	40	5
54	41	4
54	42	4
54	43	5
54	44	4
54	45	2
54	47	4
54	48	4
54	49	8
54	50	2
54	51	5
54	52	8
54	53	5
55	0	1
55	2	2
55	3	3
55	4	5
55	5	4
55	6	7
55	7	1
55	8	4
55	9	6
55	10	6
55	11	4
55	12	4
55	13	3
55	14	5
55	15	4
55	16	2
55	17	2
55	18	6
55	19	4
55	20	5
55	21	4
55	22	5
55	23	6
55	24	4
55	25	6
55	26	3
55	27	4
55	28	8
55	29	4
55	30	1
55	31	7
55	32	3
55	33	3
55	34	4
55	35	8
55	36	4
55	37	4
55	38	9
55	39	3
55	40	2
55	41	4
55	42	4
55	43	3
55	44	7
55	45	1
55	46	8
55	47	5
55	48	3
55	49	11
55	50	9
55	51	9
55	52	8
55	53	11
55	54	12
56	0	1
56	1	1
56	2	2
56	4	5
56	5	2
56	8	2
56	9	1
56	10	5
56	11	4
56	12	4
56	14	1
56	16	3
56	18	3
56	19	1
56	20	4
56	21	1
56	22	3
56	23	3
56	24	2
56	26	1
56	27	1
56	28	8
56	30	2
56	31	3
56	32	6
56	33	2
56	34	2
56	35	3
56	36	2
56	37	2
56	38	11
56	39	9
56	40	2
56	41	4
56	42	3
56	43	10
56	44	9
56	45	3
56	46	2
56	47	3
56	48	2
56	49	3
56	51	4
56	52	8
56	53	8
56	54	8
56	55	8
57	0	4
57	1	3
57	3	3
57	4	4
57	6	3
57	8	5
57	9	2
57	10	1
57	11	4
57	13	1
57	14	3
57	18	5
57	19	1
57	20	1
57	22	1
57	23	2
57	24	8
57	25	2
57	26	2
57	27	1
57	28	4
57	29	2
57	30	1
57	31	3
57	32	2
57	33	3
57	34	2
57	35	8
57	36	7
57	38	5
57	39	3
57	40	3
57	41	6
57	42	5
57	43	2
57	44	2
57	45	3
57	46	4
57	47	7
57	48	6
57	49	7
57	50	3
57	51	3
57	52	10
57	53	2
57	54	9
57	55	3
57	56	4
58	0	1
58	1	3
58	2	4
58	3	3
58	4	2
58	6	1
58	10	3
58	11	2
58	14	1
58	17	2
58	18	4
58	20	2
58	22	1
58	23	4
58	24	2
58	25	1
58	26	6
58	27	3
58	28	6
58	29	2
58	30	1
58	31	3
58	32	3
58	33	9
58	34	2
58	35	7
58	36	10
58	37	7
58	38	12
58	39	2
58	40	6
58	41	4
58	42	5
58	43	4
58	44	8
58	45	8
58	46	5
58	47	7
58	48	3
58	49	9
58	51	7
58	52	4
58	53	2
58	54	4
58	55	3
58	56	4
58	57	6
59	1	2
59	2	3
59	3	4
59	4	7
59	5	2
59	8	1
59	9	1
59	10	6
59	11	1
59	12	2
59	13	1
59	14	9
59	15	5
59	16	2
59	17	2
59	18	6
59	19	3
59	20	3
59	21	2
59	22	4
59	23	8
59	24	6
59	25	5
59	26	5
59	27	1
59	28	4
59	30	4
59	31	2
59	32	1
59	33	4
59	34	3
59	35	8
59	36	9
59	37	3
59	38	5
59	39	1
59	40	3
59	41	2
59	42	1
59	43	6
59	44	8
59	45	3
59	46	3
59	47	4
59	48	5
59	49	10
59	50	4
59	51	9
59	52	9
59	53	5
59	54	9
59	55	9
59	56	5
59	57	11
59	58	7
60	0	4
60	1	3
60	2	2
60	3	1
60	4	1
60	7	5
60	8	2
60	10	5
60	11	4
60	12	4
60	13	4
60	14	7
60	15	3
60	17	2
60	18	1
60	19	2
60	20	2
60	23	4
60	24	3
60	25	3
60	26	8
60	27	2
60	28	1
60	29	4
60	30	6
60	31	2
60	32	4
60	33	5
60	34	4
60	35	7
60	36	9
60	37	3
60	38	12
60	39	3
60	40	8
60	41	2
60	42	4
60	43	3
60	44	2
60	45	3
60	46	8
60	47	13
60	49	7
60	50	5
60	51	5
60	52	8
60	53	5
60	54	6
60	55	3
60	56	1
60	57	6
60	58	6
60	59	4
