1	0	7
2	0	2
2	1	4
3	0	3
3	1	1
3	2	8
4	1	3
4	2	12
4	3	20
5	0	1
5	1	2
5	2	4
5	3	4
5	4	1
6	0	2
6	1	3
6	2	3
6	3	2
6	4	2
6	5	7
7	0	4
7	1	4
7	2	4
7	3	1
7	4	1
7	6	6
8	0	7
8	1	6
8	2	2
8	3	6
8	4	2
8	5	4
8	6	10
8	7	8
9	0	4
9	1	3
9	2	4
9	3	1
9	4	5
9	5	4
9	6	8
9	7	3
9	8	9
10	0	6
10	1	7
10	2	2
10	3	2
10	4	4
10	5	5
10	6	5
10	7	4
10	8	11
10	9	13
11	0	4
11	1	7
11	2	2
11	3	4
11	4	3
11	5	4
11	6	4
11	7	6
11	8	5
11	9	11
11	10	9
12	0	8
12	1	9
12	2	4
12	3	3
12	4	9
12	5	7
12	6	5
12	7	10
12	8	17
12	9	11
12	10	14
12	11	5
13	0	3
13	1	10
13	2	2
13	3	1
13	4	2
13	5	6
13	6	3
13	7	6
13	8	15
13	9	7
13	10	7
13	11	10
13	12	7
14	0	3
14	1	2
14	2	4
14	3	1
14	4	4
14	5	4
14	6	3
14	7	2
14	8	4
14	9	6
14	10	5
14	11	4
14	12	15
14	13	7
15	0	7
15	1	9
15	2	6
15	3	3
15	4	8
15	5	4
15	6	2
15	7	7
15	8	14
15	9	4
15	10	4
15	11	10
15	12	13
15	13	11
15	14	9
16	0	2
16	1	3
16	2	7
16	3	4
16	4	6
16	5	1
16	6	3
16	7	1
16	8	6
16	9	1
16	10	3
16	11	1
16	12	5
16	13	3
16	14	1
16	15	7
17	0	7
17	1	5
17	2	5
17	3	3
17	4	5
17	5	4
17	6	2
17	7	3
17	8	10
17	9	4
17	10	2
17	11	8
17	12	6
17	13	2
17	14	9
17	15	6
17	16	10
18	0	1
18	1	4
18	2	5
18	3	5
18	4	4
18	5	5
18	6	5
18	7	3
18	8	2
18	9	5
18	10	12
18	11	6
18	12	5
18	13	4
18	14	6
18	15	4
18	16	4
18	17	2
19	0	3
19	1	1
19	2	9
19	3	16
19	4	7
19	5	4
19	6	2
19	7	3
19	8	3
19	9	3
19	10	3
19	11	5
19	12	4
19	13	7
19	14	3
19	15	5
19	16	4
19	17	2
19	18	4
20	0	2
20	1	5
20	2	9
20	3	8
20	4	7
20	5	11
20	6	2
20	7	3
20	8	7
20	9	4
20	10	3
20	11	5
20	12	9
20	13	6
20	14	8
20	15	6
20	17	2
20	18	8
20	19	1
21	0	3
21	1	3
21	2	13
21	3	6
21	4	4
21	5	4
21	6	4
21	7	1
21	8	5
21	9	1
21	10	2
21	11	2
21	12	14
21	13	6
21	14	8
21	15	5
21	16	5
21	17	5
21	18	4
21	19	8
21	20	7
22	1	3
22	2	5
22	3	5
22	4	6
22	5	6
22	6	1
22	7	1
22	8	3
22	9	6
22	10	4
22	11	3
22	12	9
22	13	1
22	14	8
22	15	5
22	16	3
22	17	5
22	18	6
22	19	6
22	20	10
22	21	6
23	0	3
23	1	5
23	2	3
23	3	2
23	4	7
23	5	2
23	7	4
23	8	4
23	9	1
23	10	6
23	11	3
23	12	1
23	13	2
23	14	7
23	15	3
23	18	2
23	19	7
23	20	2
23	21	2
23	22	3
24	0	1
24	1	7
24	2	1
24	3	2
24	4	4
24	5	5
24	6	4
24	8	6
24	9	2
24	10	5
24	11	3
24	12	6
24	13	6
24	14	6
24	15	1
24	18	6
24	19	8
24	20	3
24	21	2
24	22	3
24	23	6
25	0	7
25	1	10
25	2	5
25	3	4
25	4	2
25	5	3
25	6	7
25	7	2
25	8	5
25	9	7
25	10	7
25	11	12
25	12	5
25	13	6
25	14	3
25	15	3
25	16	2
25	17	2
25	19	2
25	20	1
25	21	4
25	22	3
25	23	2
25	24	7
26	1	2
26	2	3
26	4	1
26	5	1
26	7	2
26	10	4
26	11	3
26	12	1
26	13	2
26	14	2
26	15	2
26	16	1
26	18	1
26	19	3
26	20	1
26	23	3
26	24	3
26	25	3
27	1	3
27	3	3
27	4	3
27	6	3
27	8	3
27	9	3
27	10	3
27	11	2
27	12	5
27	13	1
27	14	4
27	15	6
27	17	3
27	18	1
27	19	3
27	22	2
27	24	3
27	25	1
27	26	4
28	0	5
28	1	4
28	2	6
28	3	3
28	4	5
28	5	6
28	6	3
28	8	1
28	9	2
28	10	5
28	11	7
28	12	3
28	13	7
28	14	9
28	15	4
28	16	3
28	17	1
28	18	7
28	19	3
28	20	8
28	21	3
28	22	6
28	23	2
28	24	4
28	25	4
28	26	1
28	27	5
29	0	3
29	1	2
29	2	1
29	4	2
29	5	4
29	7	3
29	8	1
29	12	2
29	13	2
29	14	1
29	16	1
29	18	2
29	19	2
29	23	2
29	24	3
29	25	1
29	26	1
29	27	3
30	1	4
30	3	3
30	5	2
30	8	2
30	9	1
30	10	3
30	11	1
30	12	6
30	13	4
30	14	2
30	18	2
30	19	1
30	20	4
30	22	2
30	24	3
30	25	5
30	26	2
30	27	5
30	28	6
30	29	5
31	4	2
31	5	2
31	10	6
31	11	3
31	19	2
31	22	3
31	23	2
31	24	3
31	26	3
31	27	2
31	28	4
31	29	7
31	30	9
32	0	2
32	1	6
32	2	2
32	4	2
32	8	1
32	9	4
32	10	4
32	11	2
32	12	2
32	13	1
32	14	7
32	15	4
32	16	2
32	18	2
32	23	1
32	24	3
32	25	8
32	26	8
32	28	3
32	29	5
32	30	4
32	31	10
33	1	6
33	2	1
33	3	1
33	4	1
33	5	6
33	8	1
33	9	1
33	10	5
33	11	6
33	12	1
33	13	6
33	15	5
33	17	1
33	18	3
33	19	1
33	22	2
33	23	3
33	24	2
33	25	4
33	26	5
33	27	5
33	29	6
33	30	9
33	31	5
33	32	9
34	1	4
34	2	2
34	3	4
34	4	3
34	5	7
34	6	1
34	8	1
34	9	4
34	10	6
34	11	2
34	12	4
34	13	3
34	14	3
34	15	1
34	17	1
34	18	2
34	19	2
34	20	2
34	21	3
34	22	1
34	23	4
34	24	7
34	25	7
34	26	6
34	27	3
34	28	2
34	29	2
34	30	1
34	31	5
34	32	6
34	33	7
35	0	2
35	1	2
35	2	2
35	3	4
35	4	1
35	6	1
35	8	2
35	9	3
35	10	3
35	11	3
35	12	3
35	13	1
35	14	4
35	15	3
35	16	1
35	17	1
35	18	4
35	19	2
35	20	3
35	21	2
35	22	3
35	23	1
35	24	6
35	25	5
35	26	5
35	27	5
35	28	3
35	29	5
35	30	3
35	31	10
35	32	14
35	33	5
35	34	8
36	0	1
36	1	2
36	3	1
36	4	1
36	6	2
36	7	3
36	8	3
36	10	5
36	11	1
36	12	4
36	13	2
36	14	2
36	16	2
36	18	2
36	22	1
36	23	1
36	24	5
36	25	6
36	26	5
36	27	5
36	28	1
36	29	3
36	30	5
36	31	2
36	32	3
36	33	8
36	34	9
36	35	12
37	0	1
37	1	4
37	2	1
37	3	4
37	4	3
37	5	4
37	6	4
37	7	3
37	8	4
37	9	1
37	10	3
37	11	4
37	12	3
37	13	2
37	14	2
37	15	1
37	18	1
37	20	4
37	21	4
37	24	2
37	25	4
37	26	2
37	27	3
37	28	2
37	29	4
37	30	2
37	31	7
37	32	8
37	33	7
37	34	5
37	35	11
37	36	4
38	1	5
38	2	3
38	3	9
38	4	4
38	5	2
38	6	4
38	7	1
38	8	2
38	9	4
38	10	7
38	11	5
38	12	2
38	13	6
38	14	5
38	15	3
38	16	2
38	17	6
38	18	2
38	19	2
38	20	3
38	21	3
38	22	4
38	23	3
38	24	4
38	26	6
38	27	2
38	28	7
38	29	5
38	30	5
38	31	4
38	32	3
38	33	4
38	34	5
38	35	7
38	36	11
38	37	12
39	1	2
39	2	2
39	5	2
39	6	2
39	7	3
39	8	5
39	9	2
39	10	6
39	11	3
39	13	6
39	14	2
39	15	1
39	18	1
39	19	3
39	20	7
39	21	6
39	22	4
39	23	2
39	24	4
39	25	2
39	26	2
39	27	4
39	28	12
39	29	1
39	30	5
39	31	3
39	32	4
39	33	1
39	34	5
39	35	8
39	36	3
39	37	3
39	38	9
40	0	2
40	1	6
40	2	4
40	3	5
40	4	3
40	5	1
40	6	6
40	7	2
40	8	4
40	9	5
40	10	6
40	11	8
40	12	6
40	13	5
40	14	2
40	15	4
40	16	3
40	17	2
40	18	5
40	19	5
40	20	3
40	21	3
40	23	6
40	24	3
40	25	1
40	26	2
40	27	2
40	28	3
40	29	2
40	30	3
40	31	3
40	32	4
40	33	8
40	34	10
40	35	6
40	36	5
40	37	9
40	38	15
40	39	4
41	1	3
41	4	6
41	6	1
41	7	3
41	9	4
41	10	4
41	11	1
41	12	1
41	13	2
41	14	3
41	15	2
41	16	2
41	18	2
41	22	2
41	24	4
41	26	2
41	27	2
41	28	3
41	29	2
41	30	4
41	31	5
41	32	8
41	33	5
41	34	1
41	35	2
41	36	3
41	37	7
41	38	4
41	39	9
41	40	8
42	2	3
42	3	2
42	4	3
42	5	1
42	6	3
42	8	2
42	9	3
42	10	3
42	11	2
42	12	5
42	13	4
42	14	5
42	15	3
42	18	1
42	19	2
42	24	1
42	25	2
42	26	4
42	27	2
42	28	5
42	29	5
42	30	6
42	31	5
42	32	3
42	33	3
42	35	8
42	36	1
42	37	4
42	38	5
42	39	17
42	40	9
42	41	14
43	0	2
43	1	2
43	2	1
43	3	1
43	4	2
43	5	1
43	7	1
43	8	2
43	9	2
43	10	3
43	11	4
43	12	2
43	13	3
43	14	4
43	15	2
43	17	2
43	18	3
43	20	3
43	21	1
43	22	3
43	23	2
43	24	4
43	25	3
43	26	1
43	27	4
43	28	3
43	29	5
43	30	6
43	31	3
43	32	3
43	33	8
43	34	3
43	35	4
43	36	4
43	37	10
43	38	9
43	39	3
43	40	6
43	41	14
43	42	9
44	4	3
44	5	3
44	7	2
44	8	4
44	10	5
44	11	2
44	12	5
44	18	2
44	20	3
44	21	2
44	23	1
44	24	3
44	25	5
44	26	2
44	28	3
44	30	3
44	31	3
44	32	3
44	33	3
44	34	9
44	35	2
44	36	1
44	37	8
44	38	13
44	39	14
44	40	3
44	41	2
44	42	4
44	43	7
45	0	4
45	2	1
45	3	2
45	5	1
45	6	1
45	9	1
45	10	2
45	11	3
45	19	2
45	22	4
45	24	1
45	25	2
45	26	1
45	27	1
45	28	3
45	29	4
45	30	5
45	31	8
45	32	4
45	34	3
45	35	6
45	36	2
45	37	7
45	38	5
45	39	4
45	40	4
45	41	3
45	42	5
45	43	14
45	44	10
46	0	1
46	2	1
46	3	1
46	4	4
46	10	2
46	11	5
46	13	4
46	14	1
46	15	2
46	17	1
46	18	3
46	19	3
46	22	2
46	23	1
46	24	3
46	25	4
46	26	3
46	27	4
46	28	2
46	30	2
46	31	10
46	32	2
46	33	5
46	34	4
46	35	13
46	36	3
46	37	5
46	38	8
46	40	5
46	41	6
46	42	4
46	43	6
46	44	5
46	45	6
47	1	2
47	3	1
47	4	1
47	10	3
47	11	2
47	12	4
47	13	2
47	15	2
47	17	1
47	18	4
47	20	2
47	21	3
47	23	2
47	24	3
47	25	5
47	26	6
47	27	5
47	28	8
47	29	6
47	30	3
47	31	6
47	32	3
47	33	5
47	34	4
47	35	10
47	36	4
47	37	4
47	38	9
47	39	8
47	40	3
47	41	3
47	42	2
47	43	4
47	44	1
47	45	10
47	46	12
48	1	6
48	2	2
48	3	2
48	4	1
48	5	2
48	6	3
48	7	2
48	8	4
48	9	5
48	10	2
48	11	5
48	12	5
48	13	3
48	14	5
48	15	2
48	16	1
48	18	1
48	19	3
48	20	4
48	22	3
48	23	6
48	24	7
48	25	4
48	26	3
48	27	4
48	28	3
48	29	2
48	30	2
48	31	7
48	32	2
48	33	2
48	34	10
48	35	5
48	36	8
48	37	7
48	38	6
48	39	2
48	40	9
48	41	2
48	42	2
48	43	4
48	44	1
48	45	3
48	46	2
48	47	3
49	0	4
49	1	14
49	2	2
49	3	4
49	4	2
49	5	1
49	6	1
49	7	1
49	8	3
49	9	2
49	10	4
49	11	4
49	12	4
49	13	3
49	14	2
49	15	7
49	17	4
49	18	3
49	19	5
49	20	2
49	21	2
49	22	5
49	23	3
49	24	13
49	25	4
49	26	6
49	27	8
49	28	5
49	29	5
49	30	4
49	31	2
49	32	3
49	33	8
49	34	7
49	35	9
49	36	10
49	37	6
49	38	12
49	39	1
49	40	6
49	41	7
49	42	4
49	43	5
49	44	4
49	45	4
49	46	7
49	47	2
49	48	10
50	1	1
50	2	1
50	3	2
50	4	4
50	8	2
50	10	7
50	11	4
50	12	1
50	13	4
50	14	3
50	15	5
50	18	6
50	19	3
50	20	4
50	21	2
50	23	2
50	24	11
50	25	5
50	26	6
50	27	3
50	28	3
50	29	1
50	30	3
50	31	1
50	32	4
50	33	11
50	34	7
50	35	6
50	36	8
50	37	4
50	38	9
50	39	3
50	40	7
50	41	2
50	42	4
50	43	5
50	45	2
50	46	1
50	47	3
50	48	3
50	49	11
51	1	5
51	3	2
51	4	5
51	5	3
51	6	3
51	8	3
51	9	2
51	10	8
51	11	3
51	12	3
51	13	3
51	14	3
51	15	5
51	18	4
51	20	3
51	21	4
51	22	4
51	23	3
51	24	5
51	25	1
51	26	2
51	27	4
51	28	3
51	29	6
51	30	5
51	31	2
51	32	4
51	33	5
51	34	9
51	35	9
51	36	9
51	37	4
51	38	17
51	39	6
51	40	8
51	41	3
51	42	5
51	43	5
51	44	6
51	45	5
51	46	6
51	47	1
51	48	8
51	49	20
51	50	3
52	1	2
52	2	2
52	3	4
52	4	9
52	5	1
52	7	2
52	8	2
52	9	3
52	10	1
52	11	1
52	12	3
52	13	4
52	14	1
52	15	2
52	16	1
52	17	1
52	18	3
52	19	1
52	20	4
52	21	1
52	22	2
52	23	4
52	24	6
52	25	2
52	26	1
52	27	2
52	28	9
52	29	2
52	30	1
52	31	2
52	32	2
52	33	5
52	34	2
52	35	3
52	36	7
52	37	3
52	38	9
52	39	3
52	40	6
52	41	4
52	42	2
52	43	3
52	44	5
52	45	1
52	46	5
52	47	4
52	48	4
52	49	11
52	50	8
52	51	12
53	1	3
53	2	1
53	3	4
53	4	5
53	5	3
53	6	2
53	7	2
53	8	4
53	9	4
53	10	2
53	11	6
53	12	5
53	13	2
53	14	8
53	15	2
53	16	2
53	17	2
53	18	6
53	19	2
53	20	6
53	21	3
53	22	3
53	23	1
53	24	8
53	25	5
53	26	3
53	27	3
53	28	7
53	29	4
53	30	2
53	31	2
53	32	1
53	33	4
53	34	2
53	35	3
53	36	6
53	37	5
53	38	12
53	39	13
53	40	5
53	41	3
53	42	7
53	43	6
53	44	3
53	45	5
53	46	4
53	47	4
53	48	4
53	49	7
53	51	13
53	52	5
54	0	3
54	1	1
54	2	3
54	3	3
54	4	6
54	5	4
54	8	2
54	9	3
54	10	4
54	11	5
54	12	1
54	14	1
54	15	1
54	16	2
54	18	2
54	19	2
54	20	4
54	21	2
54	22	5
54	23	6
54	24	6
54	25	2
54	27	1
54	28	4
54	29	4
54	30	3
54	31	4
54	33	3
54	34	3
54	35	3
54	36	4
54	37	6
54	38	9
54	39	4
54	40	5
54	41	3
54	42	5
54	43	9
54	44	4
54	45	2
54	46	3
54	47	3
54	48	3
54	49	3
54	50	4
54	51	7
54	52	11
54	53	7
55	0	2
55	1	5
55	2	6
55	3	3
55	4	3
55	5	3
55	6	3
55	7	3
55	8	3
55	9	3
55	10	4
55	11	3
55	12	5
55	13	4
55	14	4
55	15	6
55	16	1
55	17	2
55	18	5
55	19	6
55	20	5
55	21	2
55	22	4
55	23	4
55	24	8
55	25	5
55	26	4
55	27	6
55	28	16
55	30	2
55	31	2
55	32	4
55	33	2
55	34	5
55	35	9
55	36	3
55	37	5
55	38	15
55	39	3
55	40	5
55	41	5
55	42	3
55	43	2
55	44	6
55	45	1
55	46	5
55	47	4
55	48	2
55	49	9
55	50	4
55	51	7
55	52	13
55	53	11
55	54	12
56	0	1
56	1	1
56	2	2
56	3	4
56	4	3
56	5	3
56	9	2
56	10	5
56	11	3
56	12	6
56	13	5
56	14	3
56	15	2
56	16	1
56	18	4
56	19	2
56	20	3
56	21	1
56	22	3
56	23	1
56	24	2
56	26	2
56	27	3
56	28	9
56	30	4
56	31	2
56	32	1
56	33	3
56	34	2
56	35	1
56	36	2
56	37	4
56	38	11
56	39	15
56	40	5
56	41	7
56	42	4
56	43	5
56	44	4
56	45	4
56	46	4
56	47	2
56	48	2
56	49	5
56	50	2
56	51	2
56	52	10
56	53	13
56	54	2
56	55	10
57	1	3
57	2	4
57	3	1
57	4	5
57	6	1
57	8	3
57	9	3
57	10	3
57	11	2
57	12	2
57	13	2
57	14	3
57	15	2
57	16	1
57	18	3
57	19	3
57	20	3
57	23	2
57	24	3
57	25	2
57	26	4
57	27	3
57	28	4
57	29	1
57	31	3
57	32	3
57	33	4
57	34	4
57	35	6
57	36	5
57	37	2
57	38	10
57	39	4
57	40	6
57	42	3
57	43	6
57	44	7
57	45	7
57	46	5
57	47	10
57	48	4
57	49	7
57	50	6
57	51	8
57	52	7
57	53	7
57	54	8
57	55	5
57	56	6
58	1	1
58	2	1
58	4	2
58	7	3
58	9	4
58	10	3
58	11	4
58	16	1
58	17	1
58	18	5
58	20	2
58	22	1
58	23	1
58	24	5
58	25	6
58	27	1
58	28	5
58	29	2
58	30	2
58	31	2
58	32	8
58	33	8
58	34	3
58	35	11
58	36	4
58	37	6
58	38	6
58	39	1
58	40	4
58	41	5
58	42	4
58	43	3
58	44	4
58	45	5
58	46	5
58	47	2
58	48	1
58	49	6
58	50	3
58	51	7
58	52	8
58	53	6
58	54	3
58	55	4
58	56	5
58	57	8
59	1	2
59	2	1
59	3	7
59	4	5
59	5	2
59	6	2
59	8	2
59	9	3
59	10	2
59	11	2
59	12	2
59	13	5
59	14	1
59	15	1
59	17	2
59	18	1
59	19	4
59	20	1
59	21	2
59	22	3
59	23	8
59	24	3
59	25	2
59	26	5
59	27	7
59	28	6
59	29	2
59	30	5
59	31	3
59	32	2
59	33	2
59	34	3
59	35	3
59	36	6
59	37	1
59	38	8
59	39	9
59	40	6
59	41	2
59	42	5
59	43	4
59	44	7
59	45	7
59	46	3
59	47	7
59	48	2
59	49	5
59	50	3
59	51	8
59	52	13
59	53	4
59	54	11
59	55	9
59	56	4
59	57	10
59	58	4
60	0	2
60	1	3
60	2	3
60	3	2
60	4	4
60	8	2
60	10	2
60	11	1
60	12	1
60	13	2
60	14	1
60	18	1
60	19	5
60	20	5
60	23	1
60	24	2
60	25	5
60	26	5
60	27	2
60	29	2
60	30	1
60	31	2
60	32	2
60	33	3
60	34	4
60	35	8
60	36	6
60	37	3
60	38	5
60	39	5
60	40	4
60	41	5
60	42	8
60	43	2
60	44	5
60	45	3
60	46	5
60	47	10
60	48	7
60	49	5
60	50	4
60	51	8
60	52	5
60	53	5
60	54	3
60	55	2
60	56	3
60	57	7
60	58	10
60	59	6
