1	0	8
2	0	3
2	1	3
3	0	2
3	1	2
3	2	7
4	1	4
4	2	4
4	3	14
5	0	1
5	1	4
5	2	1
5	3	1
5	4	6
6	0	6
6	1	4
6	2	4
6	3	1
6	4	3
6	5	6
7	0	2
7	1	3
7	2	3
7	3	2
7	4	2
7	5	5
7	6	5
8	0	6
8	1	8
8	2	4
8	3	2
8	4	5
8	5	3
8	6	9
8	7	11
9	0	3
9	1	2
9	3	2
9	4	4
9	5	5
9	6	7
9	7	8
9	8	9
10	0	3
10	1	3
10	2	3
10	3	5
10	4	2
10	5	1
10	6	11
10	7	5
10	8	12
10	9	9
11	0	5
11	1	9
11	2	2
11	3	5
11	4	3
11	5	2
11	6	2
11	7	1
11	8	2
11	9	5
11	10	8
12	0	4
12	1	4
12	2	4
12	3	8
12	4	6
12	5	10
12	6	7
12	7	4
12	8	14
12	9	13
12	10	6
12	11	7
13	0	11
13	1	10
13	2	5
13	3	7
13	4	2
13	5	5
13	6	5
13	7	7
13	8	12
13	9	10
13	10	10
13	11	7
13	12	11
14	0	1
14	1	6
14	2	8
14	3	4
14	4	5
14	5	8
14	6	5
14	7	5
14	8	2
14	9	4
14	10	8
14	11	7
14	12	19
14	13	12
15	0	7
15	1	4
15	2	8
15	3	2
15	4	5
15	5	6
15	6	5
15	7	7
15	8	8
15	9	6
15	10	10
15	11	1
15	12	12
15	13	13
15	14	10
16	0	4
16	1	2
16	2	11
16	3	5
16	4	4
16	5	3
16	6	1
16	7	9
16	8	4
16	9	2
16	10	1
16	11	1
16	12	2
16	13	2
16	14	4
16	15	7
17	0	4
17	1	4
17	2	4
17	3	2
17	4	7
17	5	5
17	6	1
17	7	3
17	8	7
17	9	2
17	10	3
17	11	7
17	12	7
17	13	4
17	14	4
17	15	10
17	16	11
18	0	4
18	1	3
18	2	3
18	3	4
18	4	9
18	5	8
18	6	8
18	7	6
18	8	4
18	9	6
18	10	7
18	11	8
18	12	1
18	13	5
18	14	8
18	15	7
18	16	1
18	17	3
19	0	2
19	1	10
19	2	5
19	3	10
19	4	17
19	5	3
19	6	3
19	7	2
19	8	3
19	9	3
19	10	3
19	11	2
19	12	4
19	13	2
19	14	3
19	15	4
19	16	10
19	17	2
19	18	3
20	0	1
20	1	3
20	2	8
20	3	5
20	4	7
20	5	9
20	6	2
20	7	3
20	8	6
20	9	1
20	10	2
20	11	4
20	12	7
20	13	5
20	14	11
20	15	2
20	16	2
20	17	1
20	18	10
20	19	4
21	0	3
21	1	3
21	2	13
21	3	1
21	4	8
21	5	4
21	6	7
21	7	3
21	8	8
21	9	3
21	10	3
21	11	1
21	12	5
21	13	4
21	14	3
21	15	9
21	16	5
21	17	10
21	18	3
21	19	2
21	20	7
22	1	3
22	2	6
22	3	2
22	4	8
22	5	4
22	6	7
22	7	7
22	8	4
22	9	2
22	10	2
22	11	1
22	12	4
22	13	3
22	14	1
22	15	3
22	16	2
22	17	5
22	18	7
22	19	4
22	20	7
22	21	5
23	0	4
23	1	3
23	2	3
23	3	4
23	4	5
23	5	5
23	7	3
23	8	1
23	9	1
23	10	3
23	11	3
23	12	7
23	13	5
23	14	5
23	15	4
23	17	1
23	18	7
23	19	4
23	20	3
23	21	1
23	22	1
24	0	5
24	1	6
24	2	4
24	3	4
24	4	4
24	5	2
24	6	2
24	7	1
24	8	1
24	9	1
24	10	9
24	11	4
24	12	9
24	13	4
24	14	11
24	15	6
24	16	2
24	17	3
24	18	6
24	19	3
24	20	7
24	21	4
24	22	3
24	23	3
25	0	5
25	1	5
25	2	5
25	3	2
25	4	1
25	5	6
25	6	4
25	7	7
25	8	4
25	9	10
25	10	6
25	11	10
25	12	5
25	13	6
25	14	5
25	15	4
25	16	1
25	17	2
25	18	2
25	19	4
25	20	1
25	21	2
25	22	5
25	23	1
25	24	5
26	0	2
26	1	2
26	2	1
26	4	2
26	5	1
26	7	1
26	8	2
26	10	3
26	11	4
26	12	4
26	13	4
26	14	2
26	15	1
26	18	4
26	19	3
26	20	2
26	22	2
26	23	2
26	24	3
26	25	3
27	0	1
27	1	4
27	2	3
27	3	3
27	4	5
27	5	1
27	7	2
27	8	3
27	9	5
27	10	3
27	11	5
27	12	2
27	13	1
27	14	1
27	15	3
27	17	3
27	18	2
27	19	3
27	22	2
27	23	1
27	24	4
27	25	5
27	26	6
28	0	5
28	2	3
28	3	4
28	4	10
28	5	4
28	6	3
28	7	2
28	8	3
28	9	5
28	10	6
28	11	6
28	12	2
28	13	4
28	14	3
28	15	7
28	16	2
28	17	2
28	18	3
28	19	6
28	20	7
28	21	6
28	22	8
28	23	2
28	24	7
28	25	1
28	26	3
28	27	7
29	0	3
29	1	3
29	4	2
29	5	3
29	7	1
29	8	2
29	10	2
29	12	1
29	16	1
29	18	1
29	19	1
29	23	2
29	24	3
29	25	2
29	26	2
29	27	3
30	1	2
30	3	2
30	5	5
30	7	1
30	8	2
30	9	3
30	10	2
30	11	3
30	12	1
30	13	4
30	14	2
30	17	1
30	18	1
30	20	6
30	22	1
30	24	2
30	25	4
30	26	3
30	27	3
30	28	3
30	29	6
31	4	1
31	5	1
31	8	1
31	9	1
31	10	4
31	11	1
31	14	5
31	19	2
31	22	2
31	24	1
31	25	4
31	26	4
31	27	5
31	28	3
31	29	8
31	30	10
32	1	2
32	2	6
32	8	3
32	10	3
32	11	1
32	13	3
32	14	1
32	16	2
32	18	4
32	20	1
32	22	2
32	23	1
32	24	4
32	25	2
32	26	3
32	27	2
32	29	5
32	30	4
32	31	12
33	0	1
33	1	1
33	3	1
33	4	3
33	5	4
33	8	3
33	9	1
33	10	3
33	11	6
33	12	2
33	13	3
33	15	1
33	18	6
33	19	1
33	23	1
33	24	3
33	25	6
33	26	3
33	27	4
33	28	2
33	29	8
33	30	6
33	31	4
33	32	7
34	1	3
34	2	4
34	3	2
34	5	4
34	6	1
34	8	3
34	9	3
34	10	4
34	12	4
34	13	2
34	14	4
34	15	1
34	17	1
34	18	3
34	19	2
34	20	5
34	21	3
34	22	2
34	23	3
34	24	8
34	25	11
34	26	1
34	27	9
34	28	5
34	29	3
34	30	2
34	31	10
34	32	6
34	33	7
35	0	3
35	1	1
35	2	1
35	3	5
35	4	3
35	5	5
35	6	1
35	8	1
35	9	3
35	10	6
35	11	4
35	13	2
35	14	3
35	15	2
35	16	1
35	18	5
35	19	2
35	20	2
35	22	2
35	23	4
35	24	3
35	25	3
35	26	8
35	27	2
35	28	1
35	29	8
35	30	12
35	31	6
35	32	9
35	33	13
35	34	7
36	0	1
36	1	4
36	2	4
36	3	3
36	4	3
36	6	1
36	7	2
36	10	3
36	12	3
36	13	1
36	14	3
36	15	1
36	16	3
36	18	1
36	22	2
36	23	1
36	24	6
36	25	2
36	26	2
36	27	4
36	28	1
36	29	1
36	30	2
36	31	1
36	32	4
36	33	3
36	34	8
36	35	8
37	0	2
37	1	4
37	2	3
37	3	2
37	4	1
37	5	1
37	6	5
37	7	1
37	8	2
37	10	3
37	11	2
37	12	2
37	14	3
37	15	1
37	18	3
37	19	3
37	20	4
37	21	3
37	24	4
37	25	3
37	26	2
37	27	2
37	28	8
37	29	6
37	30	5
37	31	13
37	32	17
37	33	3
37	34	5
37	35	14
37	36	4
38	0	2
38	1	4
38	2	7
38	3	6
38	4	3
38	5	5
38	6	4
38	7	1
38	8	2
38	10	3
38	11	7
38	12	5
38	13	3
38	14	4
38	15	5
38	16	1
38	17	2
38	18	4
38	19	3
38	20	4
38	21	3
38	22	1
38	23	1
38	24	4
38	25	8
38	26	2
38	27	2
38	28	4
38	29	7
38	30	8
38	31	6
38	32	4
38	33	5
38	34	6
38	35	8
38	36	4
38	37	12
39	0	3
39	1	3
39	2	3
39	3	2
39	4	2
39	5	2
39	6	1
39	8	4
39	9	1
39	11	3
39	12	4
39	13	3
39	14	2
39	15	3
39	16	3
39	18	4
39	19	2
39	20	5
39	21	3
39	22	2
39	23	1
39	24	4
39	25	3
39	26	1
39	27	3
39	28	13
39	29	3
39	30	2
39	31	5
39	33	6
39	34	4
39	35	1
39	36	2
39	37	6
39	38	8
40	0	3
40	1	2
40	2	2
40	3	3
40	4	2
40	5	3
40	6	5
40	7	4
40	8	4
40	9	3
40	10	8
40	11	2
40	12	3
40	13	4
40	14	4
40	15	5
40	16	2
40	17	2
40	18	4
40	19	3
40	20	4
40	21	2
40	22	2
40	23	4
40	24	8
40	25	5
40	26	1
40	27	4
40	28	4
40	29	3
40	30	3
40	31	4
40	32	9
40	33	5
40	34	10
40	35	6
40	36	4
40	37	3
40	38	12
40	39	4
41	1	2
41	4	2
41	5	2
41	6	1
41	7	2
41	8	2
41	9	3
41	10	6
41	11	4
41	12	4
41	13	2
41	14	2
41	15	2
41	16	2
41	18	1
41	20	3
41	22	3
41	24	2
41	25	1
41	26	1
41	27	3
41	28	3
41	30	10
41	31	5
41	32	7
41	33	2
41	34	2
41	35	3
41	36	5
41	37	7
41	38	3
41	39	5
41	40	7
42	1	3
42	2	2
42	3	1
42	4	2
42	5	3
42	6	1
42	9	3
42	10	4
42	11	5
42	12	3
42	13	2
42	15	4
42	18	2
42	19	1
42	20	2
42	24	3
42	25	4
42	26	3
42	28	9
42	29	4
42	30	3
42	31	2
42	32	4
42	33	4
42	34	4
42	35	4
42	36	4
42	37	5
42	38	6
42	39	10
42	40	5
42	41	11
43	0	1
43	1	4
43	2	1
43	3	3
43	4	3
43	5	2
43	8	3
43	9	3
43	10	4
43	11	1
43	12	3
43	13	5
43	14	2
43	15	3
43	17	1
43	18	2
43	21	4
43	22	4
43	25	1
43	26	4
43	28	2
43	29	4
43	30	2
43	31	5
43	32	3
43	33	4
43	34	5
43	35	5
43	36	5
43	37	9
43	38	9
43	39	8
43	40	3
43	41	9
43	42	9
44	4	2
44	5	2
44	7	1
44	8	2
44	9	2
44	10	2
44	11	4
44	18	2
44	19	1
44	20	1
44	21	1
44	23	1
44	24	4
44	25	1
44	26	1
44	27	2
44	28	5
44	30	3
44	31	3
44	32	6
44	33	3
44	34	4
44	35	3
44	36	1
44	37	2
44	38	10
44	39	7
44	40	3
44	41	6
44	42	5
44	43	10
45	0	1
45	5	4
45	9	1
45	10	7
45	11	3
45	15	1
45	19	3
45	20	5
45	22	2
45	23	1
45	24	4
45	25	2
45	27	2
45	28	1
45	30	3
45	31	2
45	32	4
45	34	4
45	35	11
45	36	6
45	37	4
45	38	14
45	39	3
45	41	8
45	42	9
45	43	11
45	44	8
46	1	1
46	2	3
46	3	3
46	4	3
46	10	3
46	11	5
46	13	1
46	14	3
46	15	1
46	19	1
46	24	2
46	25	2
46	26	3
46	27	1
46	28	3
46	29	9
46	30	7
46	31	9
46	32	3
46	33	2
46	34	4
46	35	4
46	36	3
46	37	5
46	38	13
46	39	2
46	40	4
46	41	5
46	42	6
46	43	8
46	44	3
46	45	5
47	3	2
47	4	1
47	9	3
47	10	5
47	12	1
47	13	2
47	15	3
47	16	1
47	17	1
47	18	2
47	20	1
47	21	1
47	23	3
47	24	2
47	25	2
47	26	4
47	27	2
47	28	2
47	29	8
47	30	3
47	31	5
47	32	1
47	33	6
47	34	4
47	35	9
47	36	4
47	37	3
47	38	6
47	40	3
47	41	3
47	42	2
47	43	6
47	44	4
47	45	5
47	46	6
48	1	5
48	2	4
48	3	4
48	4	2
48	5	2
48	6	2
48	8	3
48	9	7
48	10	7
48	11	6
48	12	1
48	13	3
48	14	4
48	15	5
48	16	1
48	18	3
48	19	4
48	20	3
48	21	1
48	22	7
48	23	1
48	24	6
48	25	8
48	26	2
48	27	3
48	28	5
48	29	2
48	30	3
48	31	6
48	32	2
48	33	3
48	34	5
48	35	4
48	36	4
48	37	5
48	38	4
48	39	3
48	40	8
48	41	3
48	42	7
48	43	1
48	44	4
48	45	1
48	46	3
48	47	4
49	0	3
49	1	3
49	2	3
49	3	2
49	4	2
49	5	1
49	6	3
49	7	2
49	8	1
49	9	3
49	10	5
49	11	1
49	12	4
49	13	7
49	14	9
49	15	3
49	16	2
49	18	7
49	19	3
49	20	5
49	21	1
49	22	2
49	23	6
49	24	5
49	25	2
49	26	8
49	27	5
49	28	3
49	29	2
49	30	6
49	31	3
49	32	5
49	33	7
49	34	7
49	35	3
49	36	8
49	37	6
49	38	11
49	39	4
49	40	7
49	41	3
49	42	3
49	43	4
49	44	3
49	45	3
49	46	6
49	47	5
49	48	8
50	0	1
50	1	5
50	2	1
50	8	2
50	9	2
50	10	3
50	11	5
50	12	1
50	13	1
50	14	3
50	15	3
50	18	1
50	19	2
50	23	1
50	24	5
50	25	4
50	26	1
50	27	6
50	28	5
50	29	3
50	30	4
50	31	3
50	32	1
50	33	2
50	34	7
50	35	8
50	36	5
50	37	3
50	38	7
50	39	2
50	40	1
50	41	2
50	42	4
50	43	2
50	45	2
50	46	3
50	47	6
50	48	7
50	49	10
51	1	4
51	2	2
51	3	3
51	4	6
51	5	6
51	6	1
51	7	3
51	8	2
51	9	3
51	10	3
51	11	5
51	12	2
51	14	4
51	18	3
51	19	1
51	21	3
51	22	1
51	23	2
51	24	8
51	25	3
51	26	4
51	27	5
51	28	6
51	29	4
51	30	3
51	31	1
51	32	9
51	33	4
51	34	8
51	35	5
51	36	8
51	37	5
51	38	14
51	39	5
51	40	8
51	41	3
51	42	10
51	43	5
51	44	3
51	45	2
51	46	2
51	47	7
51	48	7
51	49	17
51	50	6
52	1	4
52	2	1
52	3	1
52	4	7
52	5	3
52	7	3
52	8	3
52	9	2
52	10	2
52	11	5
52	12	1
52	14	1
52	15	1
52	16	1
52	18	1
52	19	4
52	20	5
52	21	5
52	22	2
52	23	5
52	24	5
52	25	2
52	26	1
52	27	4
52	28	5
52	30	3
52	31	2
52	32	1
52	33	5
52	34	5
52	35	5
52	36	2
52	37	3
52	38	12
52	39	4
52	40	11
52	41	2
52	42	7
52	43	5
52	44	6
52	45	4
52	46	1
52	47	3
52	48	5
52	49	8
52	50	4
52	51	7
53	1	2
53	2	3
53	3	2
53	4	4
53	5	5
53	6	3
53	7	3
53	8	4
53	9	3
53	10	5
53	11	7
53	12	4
53	13	8
53	14	4
53	15	4
53	17	1
53	18	7
53	19	2
53	20	4
53	21	3
53	22	1
53	23	3
53	24	6
53	25	3
53	26	3
53	27	3
53	28	7
53	29	2
53	30	2
53	31	4
53	32	7
53	33	3
53	34	5
53	35	5
53	36	5
53	37	5
53	38	20
53	39	6
53	40	10
53	41	6
53	42	7
53	43	5
53	44	6
53	45	6
53	46	3
53	47	2
53	48	4
53	49	13
53	50	2
53	51	8
53	52	7
54	0	2
54	1	5
54	2	1
54	3	3
54	4	3
54	5	1
54	8	2
54	9	2
54	10	2
54	11	3
54	12	2
54	13	3
54	14	3
54	15	3
54	16	1
54	18	1
54	19	3
54	20	4
54	21	4
54	22	6
54	23	3
54	24	4
54	25	2
54	26	3
54	27	1
54	28	8
54	29	2
54	30	1
54	31	2
54	32	2
54	33	1
54	34	2
54	35	2
54	37	4
54	38	5
54	39	3
54	40	2
54	41	4
54	42	2
54	43	3
54	44	2
54	45	3
54	46	2
54	47	4
54	48	3
54	49	4
54	50	6
54	51	5
54	52	14
54	53	4
55	0	2
55	1	1
55	2	6
55	3	4
55	4	2
55	5	6
55	6	1
55	7	2
55	8	6
55	10	4
55	11	4
55	12	4
55	13	2
55	14	3
55	15	6
55	16	4
55	17	4
55	18	1
55	19	2
55	20	4
55	21	2
55	22	3
55	23	6
55	24	6
55	25	2
55	26	1
55	27	6
55	28	10
55	29	4
55	30	2
55	31	1
55	32	2
55	33	5
55	34	4
55	35	3
55	36	6
55	37	1
55	38	6
55	39	8
55	40	7
55	41	8
55	42	8
55	43	5
55	44	6
55	45	2
55	46	3
55	47	3
55	48	4
55	49	5
55	50	4
55	51	7
55	52	12
55	53	12
55	54	7
56	1	1
56	2	2
56	3	3
56	4	4
56	5	2
56	8	4
56	9	2
56	10	3
56	11	1
56	12	2
56	14	1
56	15	4
56	18	2
56	19	1
56	20	3
56	21	2
56	22	5
56	23	2
56	24	7
56	25	1
56	26	2
56	27	3
56	28	8
56	30	4
56	31	2
56	32	1
56	33	3
56	34	2
56	35	6
56	36	5
56	37	6
56	38	13
56	39	11
56	40	7
56	41	1
56	42	3
56	43	4
56	44	7
56	45	5
56	46	2
56	47	2
56	49	7
56	50	4
56	51	2
56	52	6
56	53	5
56	54	6
56	55	6
57	0	4
57	1	2
57	2	2
57	3	1
57	4	2
57	6	1
57	8	3
57	9	2
57	10	6
57	11	1
57	12	2
57	13	5
57	15	2
57	16	2
57	18	4
57	19	1
57	20	4
57	22	3
57	23	3
57	25	8
57	26	4
57	27	2
57	28	5
57	29	1
57	30	3
57	31	2
57	32	3
57	33	1
57	34	6
57	35	5
57	36	8
57	37	1
57	38	9
57	39	6
57	40	7
57	41	1
57	42	3
57	43	3
57	44	5
57	45	2
57	46	5
57	47	2
57	48	6
57	49	10
57	50	5
57	51	3
57	52	9
57	53	6
57	54	7
57	55	3
57	56	7
58	1	1
58	2	1
58	3	1
58	4	3
58	6	1
58	7	4
58	10	2
58	16	2
58	17	1
58	18	5
58	20	1
58	22	3
58	23	3
58	24	3
58	25	2
58	26	3
58	27	1
58	28	5
58	29	3
58	30	5
58	31	2
58	32	7
58	33	3
58	34	5
58	35	4
58	36	5
58	37	6
58	38	5
58	39	2
58	40	5
58	41	3
58	42	2
58	43	4
58	44	6
58	45	5
58	46	8
58	47	3
58	48	1
58	49	8
58	50	2
58	51	3
58	52	6
58	53	2
58	54	1
58	55	7
58	56	5
58	57	7
59	1	5
59	2	8
59	3	7
59	4	4
59	5	3
59	6	3
59	8	5
59	9	2
59	10	4
59	11	1
59	12	1
59	13	2
59	14	3
59	15	4
59	16	3
59	17	3
59	18	2
59	19	5
59	20	5
59	21	2
59	22	3
59	23	4
59	24	10
59	25	6
59	26	6
59	27	10
59	28	4
59	30	1
59	31	1
59	32	6
59	33	3
59	34	3
59	35	2
59	36	2
59	37	8
59	38	7
59	39	6
59	40	5
59	41	4
59	42	3
59	43	7
59	44	7
59	45	2
59	46	3
59	47	2
59	48	6
59	49	11
59	50	3
59	51	12
59	52	14
59	53	2
59	54	11
59	55	6
59	56	5
59	57	12
59	58	4
60	0	2
60	1	2
60	2	2
60	3	2
60	4	3
60	7	1
60	8	2
60	10	3
60	11	1
60	12	3
60	13	3
60	14	2
60	15	1
60	17	5
60	18	1
60	19	3
60	20	2
60	23	5
60	24	1
60	25	4
60	26	5
60	27	5
60	28	5
60	29	2
60	30	3
60	31	3
60	32	4
60	33	3
60	34	3
60	35	8
60	36	7
60	37	3
60	38	11
60	39	6
60	40	4
60	41	3
60	42	2
60	43	2
60	44	3
60	45	5
60	46	6
60	47	7
60	48	3
60	49	7
60	50	2
60	51	5
60	52	4
60	53	5
60	54	5
60	55	4
60	56	1
60	57	11
60	58	11
60	59	6
