1	0	6
2	0	5
2	1	3
3	0	2
3	1	3
3	2	4
4	0	1
4	1	3
4	2	7
4	3	21
5	1	1
5	2	4
5	3	3
5	4	8
6	0	3
6	1	6
6	2	5
6	3	3
6	4	3
6	5	8
7	0	1
7	1	3
7	2	4
7	3	1
7	4	2
7	5	3
7	6	8
8	0	2
8	1	5
8	2	3
8	3	4
8	4	5
8	5	4
8	6	9
8	7	11
9	0	5
9	1	2
9	2	4
9	3	1
9	4	6
9	5	4
9	6	2
9	7	10
9	8	15
10	0	4
10	1	6
10	2	3
10	3	2
10	4	2
10	5	6
10	6	4
10	7	9
10	8	7
10	9	5
11	0	2
11	1	5
11	2	6
11	3	6
11	4	3
11	5	1
11	6	3
11	7	4
11	8	7
11	9	10
11	10	11
12	0	2
12	1	9
12	2	5
12	3	2
12	4	1
12	5	3
12	6	10
12	7	3
12	8	13
12	9	6
12	10	6
12	11	5
13	0	2
13	1	9
13	2	4
13	3	4
13	4	4
13	5	3
13	6	7
13	7	7
13	8	14
13	9	17
13	10	6
13	11	8
13	12	7
14	0	4
14	1	12
14	2	8
14	3	1
14	4	7
14	5	8
14	6	3
14	7	4
14	8	2
14	9	5
14	10	8
14	11	6
14	12	9
14	13	10
15	0	5
15	1	11
15	2	11
15	3	3
15	4	7
15	5	4
15	6	6
15	7	7
15	8	11
15	9	5
15	10	4
15	11	11
15	12	7
15	13	11
15	14	6
16	0	2
16	1	3
16	2	3
16	3	3
16	4	7
16	5	2
16	8	6
16	9	1
16	10	2
16	11	1
16	12	3
16	13	2
16	14	4
16	15	9
17	0	3
17	1	6
17	2	6
17	3	2
17	4	9
17	5	4
17	6	6
17	7	1
17	8	5
17	9	3
17	10	2
17	11	6
17	12	3
17	13	8
17	14	5
17	15	4
17	16	7
18	0	4
18	1	9
18	2	1
18	3	2
18	4	11
18	5	9
18	6	8
18	7	4
18	8	5
18	9	9
18	10	9
18	11	4
18	12	5
18	13	6
18	14	8
18	16	4
18	17	2
19	0	5
19	1	4
19	2	12
19	3	8
19	4	5
19	5	1
19	6	3
19	7	2
19	8	4
19	9	5
19	10	3
19	11	2
19	12	4
19	13	6
19	14	10
19	15	5
19	16	3
19	17	6
19	18	6
20	0	1
20	1	4
20	2	11
20	3	6
20	4	8
20	5	6
20	6	4
20	7	1
20	8	5
20	9	3
20	10	2
20	11	4
20	12	7
20	13	8
20	14	8
20	15	6
20	16	4
20	17	3
20	18	3
20	19	5
21	0	2
21	1	5
21	2	8
21	3	4
21	4	6
21	5	8
21	6	1
21	7	2
21	8	5
21	9	4
21	10	7
21	11	2
21	12	13
21	13	4
21	14	6
21	15	3
21	16	2
21	17	7
21	18	6
21	19	3
21	20	6
22	1	1
22	2	6
22	3	6
22	4	5
22	5	5
22	6	3
22	7	1
22	8	6
22	9	4
22	10	2
22	11	2
22	12	2
22	13	3
22	14	4
22	15	7
22	16	3
22	17	4
22	18	2
22	19	8
22	20	7
22	21	12
23	0	2
23	1	3
23	2	4
23	3	8
23	4	2
23	5	4
23	7	1
23	8	3
23	10	1
23	11	3
23	12	4
23	13	2
23	14	3
23	15	4
23	17	3
23	18	5
23	19	1
23	20	4
23	21	1
23	22	3
24	1	11
24	2	6
24	3	3
24	4	4
24	5	8
24	6	5
24	7	2
24	8	4
24	9	7
24	10	5
24	11	10
24	12	6
24	13	8
24	14	6
24	15	6
24	16	4
24	17	6
24	18	8
24	19	1
24	20	3
24	21	3
24	22	4
24	23	5
25	0	6
25	1	9
25	2	2
25	3	1
25	4	2
25	5	2
25	6	3
25	7	3
25	8	3
25	9	4
25	10	4
25	11	2
25	12	11
25	13	5
25	14	4
25	15	4
25	17	1
25	19	3
25	20	2
25	21	2
25	22	1
25	23	4
25	24	5
26	0	1
26	1	5
26	2	5
26	4	4
26	5	1
26	7	2
26	8	1
26	10	1
26	11	4
26	12	3
26	13	3
26	14	1
26	15	2
26	16	1
26	18	2
26	19	2
26	22	3
26	23	2
26	24	5
26	25	1
27	0	1
27	1	4
27	2	4
27	3	2
27	4	1
27	5	1
27	6	4
27	7	4
27	8	2
27	9	2
27	10	1
27	11	4
27	12	1
27	13	3
27	14	3
27	15	1
27	18	2
27	19	2
27	22	1
27	23	1
27	24	2
27	25	4
27	26	3
28	0	3
28	1	2
28	2	6
28	3	3
28	4	3
28	5	3
28	6	4
28	7	3
28	9	2
28	10	5
28	11	5
28	12	6
28	13	1
28	14	3
28	15	5
28	16	1
28	17	7
28	18	9
28	19	2
28	20	7
28	21	6
28	23	7
28	24	3
28	25	4
28	26	3
28	27	1
29	0	1
29	2	1
29	4	2
29	5	1
29	7	1
29	8	3
29	10	2
29	12	1
29	18	4
29	23	1
29	24	2
29	25	2
29	26	2
29	27	1
29	28	2
30	1	3
30	3	1
30	5	1
30	7	1
30	8	4
30	9	1
30	10	3
30	11	1
30	12	1
30	13	5
30	14	4
30	17	1
30	18	1
30	19	1
30	20	1
30	22	2
30	24	1
30	25	1
30	26	2
30	27	1
30	29	3
31	8	2
31	9	2
31	10	3
31	11	4
31	14	3
31	19	1
31	24	2
31	25	1
31	26	2
31	27	1
31	28	2
31	29	7
31	30	9
32	1	2
32	2	2
32	4	1
32	8	3
32	9	4
32	10	2
32	11	4
32	12	2
32	13	2
32	14	1
32	15	1
32	16	2
32	18	2
32	20	1
32	22	2
32	23	1
32	24	4
32	25	2
32	26	2
32	27	3
32	28	2
32	29	7
32	30	7
32	31	3
33	1	2
33	3	2
33	4	3
33	8	2
33	9	4
33	10	9
33	11	1
33	12	3
33	13	3
33	14	2
33	17	3
33	18	2
33	19	2
33	21	2
33	22	3
33	23	4
33	24	6
33	25	3
33	26	5
33	27	5
33	28	4
33	29	8
33	30	6
33	31	7
33	32	5
34	1	5
34	3	3
34	4	2
34	5	5
34	8	1
34	10	4
34	11	7
34	12	3
34	13	3
34	14	2
34	15	3
34	17	1
34	18	2
34	19	4
34	20	5
34	21	2
34	23	5
34	24	4
34	25	2
34	26	1
34	27	3
34	28	5
34	29	4
34	30	4
34	32	7
34	33	11
35	0	2
35	1	1
35	2	1
35	3	2
35	4	3
35	5	2
35	6	1
35	8	2
35	9	3
35	10	5
35	11	4
35	12	3
35	13	2
35	14	3
35	15	7
35	17	2
35	18	2
35	19	1
35	20	2
35	21	3
35	22	1
35	23	3
35	24	4
35	25	4
35	26	2
35	27	5
35	28	1
35	29	6
35	30	3
35	31	4
35	32	6
35	33	14
35	34	8
36	0	1
36	1	3
36	2	2
36	3	2
36	4	2
36	6	1
36	7	1
36	10	3
36	11	2
36	12	1
36	13	4
36	15	4
36	16	2
36	18	2
36	23	2
36	24	3
36	25	4
36	26	6
36	27	3
36	28	3
36	29	1
36	30	1
36	31	4
36	32	5
36	33	2
36	34	4
36	35	11
37	1	2
37	3	3
37	4	4
37	5	6
37	6	2
37	7	3
37	8	3
37	9	3
37	10	4
37	11	1
37	12	3
37	14	5
37	15	3
37	18	2
37	20	3
37	21	2
37	24	1
37	25	3
37	26	4
37	27	1
37	28	4
37	29	2
37	30	3
37	31	6
37	32	12
37	33	6
37	34	11
37	35	8
37	36	6
38	1	3
38	3	3
38	4	4
38	5	5
38	6	4
38	7	2
38	8	2
38	9	2
38	10	7
38	11	5
38	12	7
38	13	1
38	14	6
38	15	5
38	16	4
38	17	2
38	18	2
38	19	2
38	20	3
38	21	4
38	22	7
38	23	1
38	24	4
38	25	7
38	26	4
38	27	5
38	28	7
38	29	4
38	30	2
38	31	10
38	32	9
38	33	3
38	34	6
38	35	9
38	36	7
38	37	6
39	0	3
39	1	4
39	2	2
39	3	3
39	4	3
39	5	1
39	6	6
39	7	2
39	8	2
39	9	4
39	10	3
39	11	4
39	12	1
39	13	6
39	14	2
39	15	3
39	16	1
39	18	2
39	19	2
39	20	3
39	22	4
39	23	2
39	24	2
39	25	6
39	26	2
39	27	2
39	28	9
39	30	4
39	31	2
39	32	1
39	33	5
39	34	3
39	35	3
39	36	5
39	37	6
39	38	7
40	1	6
40	2	5
40	3	2
40	4	4
40	5	4
40	6	3
40	7	3
40	8	6
40	9	3
40	10	6
40	11	7
40	12	5
40	13	3
40	14	3
40	15	3
40	16	1
40	18	8
40	19	2
40	20	4
40	21	2
40	22	2
40	23	2
40	24	12
40	25	4
40	26	1
40	27	1
40	28	5
40	29	2
40	30	2
40	31	2
40	32	4
40	33	8
40	34	7
40	35	9
40	36	2
40	37	9
40	38	8
40	39	6
41	1	3
41	4	2
41	5	3
41	6	1
41	8	3
41	9	3
41	11	2
41	12	3
41	13	5
41	14	4
41	15	4
41	16	2
41	18	3
41	20	3
41	22	3
41	25	3
41	26	1
41	27	6
41	28	2
41	29	4
41	30	2
41	31	5
41	32	2
41	33	7
41	34	4
41	35	5
41	36	3
41	37	12
41	38	7
41	39	8
41	40	7
42	0	1
42	1	1
42	3	2
42	4	2
42	5	2
42	6	1
42	8	1
42	9	2
42	11	5
42	12	3
42	13	2
42	14	1
42	17	1
42	18	3
42	19	2
42	20	2
42	23	3
42	25	4
42	26	4
42	27	1
42	29	1
42	30	3
42	31	3
42	32	4
42	33	2
42	34	4
42	35	5
42	36	5
42	37	11
42	38	12
42	39	6
42	40	5
42	41	11
43	0	2
43	1	3
43	2	1
43	3	2
43	4	2
43	5	3
43	8	3
43	9	5
43	10	3
43	11	1
43	12	3
43	14	1
43	15	2
43	17	2
43	18	3
43	20	2
43	22	1
43	23	3
43	24	7
43	25	7
43	26	3
43	27	3
43	28	7
43	29	3
43	30	2
43	31	2
43	32	4
43	33	7
43	34	3
43	35	3
43	36	8
43	37	10
43	38	12
43	39	5
43	40	9
43	41	9
43	42	13
44	5	2
44	8	4
44	10	4
44	11	1
44	18	3
44	20	3
44	21	2
44	24	4
44	25	4
44	26	2
44	27	2
44	28	9
44	29	3
44	30	4
44	31	5
44	32	6
44	33	3
44	34	2
44	35	4
44	36	3
44	37	4
44	38	10
44	39	13
44	40	4
44	41	3
44	42	10
44	43	11
45	0	2
45	2	1
45	3	1
45	6	1
45	9	4
45	11	2
45	15	3
45	20	2
45	24	4
45	25	2
45	27	1
45	28	1
45	29	1
45	30	4
45	31	4
45	32	4
45	33	3
45	34	6
45	35	3
45	36	2
45	37	12
45	38	7
45	39	2
45	41	6
45	42	7
45	43	10
45	44	10
46	1	2
46	3	1
46	4	1
46	8	1
46	10	1
46	11	4
46	13	2
46	14	2
46	15	2
46	17	1
46	18	3
46	19	3
46	24	1
46	25	3
46	26	1
46	27	3
46	28	2
46	29	7
46	30	6
46	31	8
46	32	8
46	33	12
46	34	2
46	35	10
46	36	6
46	37	8
46	38	7
46	39	1
46	40	5
46	41	3
46	42	1
46	43	11
46	44	4
46	45	10
47	1	3
47	2	6
47	3	1
47	9	2
47	10	3
47	11	1
47	12	2
47	13	4
47	15	5
47	16	2
47	18	1
47	20	2
47	21	1
47	23	2
47	24	4
47	25	4
47	26	6
47	27	6
47	28	4
47	29	3
47	30	4
47	31	4
47	32	1
47	33	4
47	34	8
47	35	6
47	36	5
47	37	7
47	38	7
47	39	3
47	40	3
47	41	2
47	42	4
47	43	4
47	44	4
47	45	5
47	46	7
48	1	2
48	2	1
48	3	2
48	4	1
48	5	2
48	6	3
48	7	1
48	8	1
48	9	4
48	10	3
48	11	5
48	12	3
48	13	3
48	14	2
48	15	2
48	16	1
48	18	4
48	20	4
48	21	2
48	22	1
48	23	4
48	24	10
48	25	3
48	26	3
48	27	3
48	28	4
48	29	2
48	30	4
48	31	2
48	32	1
48	33	3
48	34	12
48	35	11
48	36	2
48	37	7
48	38	5
48	39	4
48	40	9
48	41	2
48	42	4
48	43	5
48	44	1
48	45	3
48	46	2
48	47	5
49	0	3
49	1	7
49	2	1
49	3	6
49	4	4
49	5	1
49	6	2
49	7	2
49	8	2
49	9	2
49	10	7
49	11	8
49	12	5
49	13	5
49	14	6
49	15	5
49	16	3
49	17	2
49	18	1
49	19	7
49	20	4
49	21	2
49	22	1
49	23	4
49	24	7
49	25	6
49	26	3
49	27	7
49	28	11
49	29	4
49	30	3
49	31	4
49	32	4
49	33	11
49	34	13
49	35	5
49	36	7
49	37	3
49	38	5
49	39	2
49	40	9
49	41	1
49	42	4
49	43	5
49	44	4
49	45	2
49	46	2
49	47	3
49	48	7
50	1	5
50	2	2
50	4	3
50	8	3
50	9	1
50	10	3
50	11	3
50	12	3
50	13	4
50	14	3
50	18	1
50	19	4
50	20	1
50	23	7
50	24	6
50	25	8
50	26	3
50	27	5
50	28	1
50	29	2
50	30	4
50	31	7
50	32	4
50	33	3
50	34	6
50	35	11
50	36	1
50	37	5
50	38	3
50	39	3
50	40	4
50	41	1
50	42	4
50	46	4
50	47	2
50	48	8
50	49	11
51	1	6
51	2	3
51	3	2
51	4	9
51	5	3
51	6	4
51	7	4
51	8	2
51	9	1
51	10	6
51	11	5
51	12	3
51	13	5
51	14	3
51	15	2
51	18	1
51	19	2
51	20	3
51	21	1
51	22	3
51	24	2
51	25	1
51	26	3
51	27	2
51	28	6
51	29	2
51	30	2
51	31	4
51	32	2
51	33	5
51	34	16
51	35	7
51	36	8
51	37	8
51	38	18
51	39	6
51	40	8
51	41	4
51	42	5
51	43	10
51	44	6
51	45	6
51	46	4
51	47	3
51	48	3
51	49	12
51	50	8
52	1	1
52	2	2
52	3	1
52	4	5
52	5	2
52	7	2
52	9	2
52	10	4
52	11	3
52	12	1
52	13	4
52	14	7
52	15	3
52	19	1
52	20	3
52	21	2
52	22	3
52	23	5
52	24	5
52	25	2
52	26	2
52	27	1
52	28	5
52	29	2
52	30	4
52	31	2
52	32	2
52	33	1
52	34	6
52	35	8
52	36	7
52	37	1
52	38	13
52	39	8
52	40	1
52	41	7
52	42	2
52	43	5
52	44	5
52	45	3
52	46	3
52	47	5
52	48	4
52	49	8
52	50	3
52	51	9
53	1	2
53	2	1
53	3	3
53	4	2
53	5	1
53	6	3
53	7	1
53	8	4
53	9	4
53	10	4
53	11	5
53	12	2
53	13	4
53	14	9
53	15	3
53	17	2
53	18	2
53	19	4
53	20	4
53	22	3
53	23	3
53	24	3
53	25	3
53	26	2
53	27	2
53	28	9
53	29	4
53	30	3
53	31	2
53	32	2
53	33	7
53	34	6
53	35	8
53	36	3
53	37	5
53	38	10
53	39	4
53	40	8
53	41	6
53	42	8
53	43	3
53	44	3
53	45	2
53	46	7
53	47	2
53	48	12
53	49	5
53	50	4
53	51	10
53	52	5
54	1	1
54	2	2
54	3	3
54	4	8
54	5	5
54	8	2
54	9	1
54	10	5
54	11	4
54	12	1
54	13	2
54	14	3
54	16	3
54	17	2
54	19	3
54	20	9
54	21	2
54	22	3
54	23	1
54	24	2
54	25	4
54	27	7
54	28	3
54	29	4
54	30	1
54	31	3
54	32	2
54	33	2
54	34	3
54	35	4
54	36	5
54	37	1
54	38	10
54	39	4
54	40	1
54	41	5
54	42	1
54	43	5
54	44	5
54	45	4
54	46	5
54	47	4
54	48	2
54	49	9
54	50	1
54	51	4
54	52	12
54	53	10
55	1	1
55	2	4
55	3	2
55	4	6
55	5	4
55	6	1
55	7	2
55	8	3
55	9	1
55	10	4
55	11	1
55	12	3
55	13	2
55	14	4
55	15	2
55	17	2
55	18	3
55	19	2
55	20	7
55	21	2
55	22	9
55	24	6
55	25	3
55	26	5
55	27	3
55	28	12
55	29	3
55	30	2
55	31	4
55	32	1
55	33	7
55	34	5
55	35	1
55	36	2
55	37	8
55	38	16
55	39	6
55	40	8
55	41	6
55	42	7
55	43	7
55	44	6
55	45	2
55	46	2
55	47	7
55	48	7
55	49	12
55	50	5
55	51	7
55	52	11
55	53	14
55	54	12
56	0	2
56	1	1
56	2	3
56	3	6
56	5	2
56	8	6
56	10	2
56	11	3
56	12	3
56	13	2
56	14	4
56	15	3
56	16	2
56	18	5
56	19	3
56	20	2
56	21	1
56	22	4
56	23	1
56	24	5
56	25	3
56	26	2
56	27	2
56	28	3
56	30	7
56	31	5
56	32	4
56	33	3
56	34	2
56	35	1
56	36	1
56	37	9
56	38	6
56	39	11
56	40	3
56	41	5
56	42	4
56	43	4
56	44	10
56	45	3
56	46	4
56	48	2
56	49	6
56	50	2
56	51	5
56	52	7
56	53	5
56	54	8
56	55	8
57	0	1
57	1	3
57	2	3
57	3	2
57	4	2
57	8	1
57	10	1
57	11	5
57	12	3
57	13	4
57	14	3
57	15	6
57	18	4
57	19	2
57	20	6
57	22	3
57	23	1
57	24	2
57	25	2
57	26	6
57	27	2
57	28	5
57	29	2
57	31	1
57	32	1
57	33	7
57	34	5
57	35	4
57	36	2
57	37	4
57	38	8
57	39	3
57	40	4
57	41	3
57	42	1
57	43	4
57	44	3
57	45	6
57	46	4
57	47	6
57	48	3
57	49	5
57	50	4
57	51	7
57	52	11
57	53	4
57	54	4
57	55	8
57	56	5
58	0	1
58	1	2
58	2	2
58	3	2
58	4	1
58	7	2
58	10	1
58	11	1
58	14	2
58	16	1
58	17	1
58	18	2
58	20	4
58	24	1
58	25	1
58	26	1
58	27	1
58	28	3
58	29	3
58	30	4
58	31	4
58	32	6
58	33	2
58	34	6
58	35	7
58	36	9
58	37	3
58	38	8
58	39	4
58	40	7
58	41	3
58	42	4
58	43	4
58	44	5
58	45	6
58	46	8
58	47	3
58	48	1
58	49	6
58	50	3
58	51	12
58	52	6
58	53	5
58	54	3
58	55	7
58	56	2
58	57	9
59	1	7
59	2	4
59	3	2
59	4	6
59	5	1
59	8	4
59	9	2
59	10	4
59	11	2
59	12	3
59	13	2
59	14	4
59	15	1
59	16	2
59	17	2
59	18	6
59	19	5
59	20	3
59	21	5
59	22	1
59	23	3
59	24	4
59	25	2
59	26	5
59	27	3
59	28	6
59	29	2
59	30	2
59	31	3
59	32	4
59	33	3
59	34	1
59	35	7
59	36	7
59	37	6
59	38	12
59	39	4
59	40	9
59	41	3
59	42	5
59	43	4
59	44	5
59	45	5
59	46	5
59	47	6
59	48	6
59	49	11
59	50	6
59	51	4
59	52	22
59	53	5
59	54	12
59	55	9
59	56	7
59	57	11
59	58	9
60	0	2
60	1	2
60	2	4
60	3	1
60	4	5
60	10	3
60	11	1
60	12	2
60	13	1
60	14	2
60	18	3
60	19	1
60	20	4
60	23	4
60	24	5
60	25	6
60	26	6
60	27	7
60	28	2
60	29	6
60	30	3
60	31	6
60	32	1
60	33	4
60	34	3
60	35	7
60	36	5
60	37	3
60	38	8
60	39	2
60	40	4
60	41	4
60	42	4
60	43	1
60	44	5
60	45	3
60	46	6
60	47	6
60	48	2
60	49	7
60	50	1
60	51	5
60	52	6
60	53	4
60	54	3
60	55	2
60	56	5
60	57	7
60	58	10
60	59	10
