1	0	3
2	0	4
2	1	2
3	1	4
3	2	3
4	0	2
4	1	6
4	2	5
4	3	15
5	1	5
5	2	7
5	3	4
5	4	2
6	0	3
6	1	4
6	2	3
6	3	2
6	4	2
6	5	3
7	0	1
7	1	4
7	2	2
7	3	4
7	4	4
7	5	3
7	6	5
8	0	5
8	1	3
8	2	5
8	3	4
8	4	3
8	5	2
8	6	6
8	7	5
9	0	3
9	1	7
9	2	1
9	3	2
9	4	2
9	5	4
9	6	3
9	7	6
9	8	6
10	0	4
10	1	5
10	2	2
10	3	1
10	4	5
10	5	9
10	6	9
10	7	5
10	8	2
10	9	6
11	0	3
11	1	2
11	2	5
11	3	2
11	4	1
11	5	2
11	6	4
11	7	5
11	8	2
11	9	5
11	10	10
12	0	2
12	1	1
12	2	7
12	3	6
12	4	3
12	5	6
12	6	6
12	7	3
12	8	8
12	9	5
12	10	13
12	11	8
13	0	9
13	1	5
13	2	2
13	3	5
13	4	4
13	5	10
13	6	5
13	7	1
13	8	11
13	9	7
13	10	4
13	11	7
13	12	12
14	0	5
14	1	4
14	2	5
14	3	5
14	4	6
14	5	4
14	6	4
14	7	1
14	8	4
14	9	4
14	10	6
14	11	7
14	12	10
14	13	5
15	0	7
15	1	6
15	2	10
15	3	4
15	4	4
15	5	2
15	6	6
15	7	4
15	8	10
15	9	5
15	10	5
15	11	4
15	12	13
15	13	15
15	14	11
16	0	1
16	2	10
16	3	1
16	4	2
16	5	4
16	6	5
16	8	6
16	10	1
16	11	1
16	13	2
16	14	3
16	15	3
17	0	1
17	1	6
17	2	6
17	3	1
17	4	1
17	5	5
17	7	3
17	8	5
17	9	4
17	10	1
17	11	2
17	12	4
17	13	5
17	14	4
17	15	6
17	16	11
18	0	5
18	1	3
18	2	3
18	3	2
18	4	3
18	5	7
18	6	6
18	7	3
18	8	2
18	9	3
18	10	9
18	11	3
18	12	5
18	13	3
18	14	5
18	15	6
18	17	4
19	0	3
19	1	8
19	2	6
19	3	5
19	4	7
19	5	4
19	6	3
19	7	1
19	8	5
19	9	3
19	10	5
19	11	3
19	12	5
19	13	4
19	14	5
19	15	9
19	16	4
19	18	2
20	1	3
20	2	5
20	3	1
20	4	12
20	5	5
20	6	5
20	7	1
20	8	4
20	9	3
20	10	3
20	11	2
20	12	6
20	13	6
20	14	3
20	15	3
20	16	2
20	17	4
20	18	4
20	19	3
21	0	3
21	1	3
21	2	4
21	3	2
21	4	4
21	5	4
21	6	4
21	7	2
21	8	6
21	9	5
21	10	5
21	11	2
21	12	6
21	13	6
21	14	4
21	15	7
21	16	4
21	17	4
21	18	2
21	19	1
21	20	4
22	1	2
22	2	3
22	3	1
22	4	6
22	5	7
22	6	3
22	7	2
22	8	5
22	9	3
22	10	1
22	11	1
22	12	6
22	13	2
22	14	1
22	15	2
22	16	3
22	17	1
22	18	5
22	19	1
22	20	9
22	21	10
23	0	3
23	1	1
23	2	4
23	3	7
23	4	3
23	5	2
23	7	2
23	8	3
23	9	1
23	10	4
23	11	3
23	12	2
23	13	3
23	14	3
23	15	3
23	17	1
23	18	2
23	19	2
23	20	2
23	21	1
24	0	3
24	1	2
24	2	4
24	3	2
24	4	4
24	5	4
24	6	1
24	7	3
24	8	3
24	9	6
24	10	3
24	11	1
24	12	5
24	13	1
24	14	5
24	15	2
24	16	3
24	17	3
24	18	1
24	19	7
24	20	1
24	21	2
25	0	2
25	1	6
25	2	2
25	3	2
25	4	3
25	5	1
25	6	1
25	7	4
25	8	5
25	9	1
25	10	3
25	11	9
25	12	7
25	13	2
25	14	1
25	16	2
25	17	3
25	18	3
25	20	6
25	21	2
25	23	1
25	24	2
26	0	1
26	1	2
26	2	3
26	4	3
26	5	3
26	7	1
26	8	6
26	10	2
26	11	1
26	12	2
26	13	2
26	14	1
26	16	2
26	18	1
26	19	1
26	20	1
26	22	1
26	23	4
26	24	1
27	1	3
27	2	1
27	3	2
27	4	2
27	6	2
27	8	2
27	9	2
27	10	4
27	11	2
27	12	2
27	13	2
27	15	3
27	17	2
27	18	1
27	19	2
27	22	2
27	23	3
27	24	1
27	25	3
27	26	6
28	0	2
28	1	1
28	2	1
28	3	4
28	4	4
28	5	4
28	6	3
28	7	1
28	8	6
28	9	3
28	10	6
28	11	5
28	12	3
28	13	1
28	14	5
28	15	2
28	16	2
28	17	1
28	18	6
28	19	2
28	20	7
28	21	3
28	22	4
28	23	1
28	24	6
28	25	4
28	26	1
28	27	5
29	0	2
29	1	2
29	4	4
29	5	1
29	7	1
29	8	3
29	10	1
29	14	2
29	16	1
29	18	2
29	19	1
29	20	4
29	23	3
29	25	1
29	26	2
29	27	1
29	28	1
30	1	1
30	3	1
30	5	2
30	7	1
30	8	1
30	9	1
30	10	1
30	11	2
30	12	3
30	13	2
30	14	1
30	18	2
30	19	1
30	20	2
30	22	1
30	24	3
30	25	1
30	26	2
30	27	4
30	28	4
30	29	5
31	4	3
31	9	1
31	10	4
31	14	1
31	19	1
31	21	2
31	22	2
31	23	3
31	24	4
31	25	3
31	26	1
31	28	1
31	29	11
31	30	8
32	1	3
32	2	1
32	4	2
32	8	4
32	9	2
32	10	6
32	11	2
32	12	3
32	13	2
32	14	1
32	18	1
32	22	2
32	23	1
32	24	3
32	26	1
32	27	1
32	28	3
32	29	3
32	30	2
32	31	12
33	0	1
33	1	1
33	2	1
33	3	1
33	4	1
33	8	2
33	9	1
33	10	3
33	11	3
33	12	2
33	13	7
33	15	4
33	17	1
33	18	2
33	19	1
33	21	3
33	22	2
33	23	2
33	25	3
33	26	3
33	28	2
33	29	3
33	30	4
33	31	6
33	32	8
34	1	5
34	2	2
34	3	3
34	4	8
34	8	1
34	9	2
34	10	5
34	11	6
34	12	2
34	13	7
34	14	2
34	15	1
34	17	1
34	19	2
34	20	2
34	21	1
34	22	2
34	23	4
34	24	7
34	25	4
34	26	2
34	27	1
34	29	2
34	30	1
34	31	3
34	32	7
34	33	6
35	0	2
35	1	1
35	4	2
35	5	1
35	6	1
35	9	2
35	11	1
35	13	2
35	14	4
35	15	4
35	18	2
35	20	4
35	22	1
35	24	6
35	25	2
35	26	2
35	27	6
35	28	2
35	29	1
35	30	5
35	31	3
35	32	7
35	33	11
35	34	8
36	0	2
36	1	2
36	2	4
36	4	2
36	7	1
36	11	3
36	12	2
36	13	4
36	14	2
36	15	1
36	18	1
36	22	1
36	23	2
36	24	1
36	25	1
36	26	7
36	27	8
36	28	2
36	29	2
36	30	1
36	31	3
36	32	3
36	33	4
36	34	5
36	35	8
37	0	2
37	1	3
37	2	2
37	3	1
37	4	5
37	5	2
37	7	2
37	8	1
37	9	2
37	10	2
37	11	1
37	12	2
37	15	2
37	18	3
37	20	1
37	24	2
37	25	3
37	26	3
37	28	5
37	29	3
37	30	5
37	31	3
37	32	5
37	33	5
37	34	6
37	35	8
37	36	1
38	1	4
38	2	2
38	3	4
38	4	4
38	5	1
38	7	2
38	8	4
38	9	1
38	10	6
38	11	2
38	13	4
38	14	3
38	15	1
38	16	2
38	17	1
38	18	8
38	19	2
38	20	1
38	21	1
38	22	2
38	23	1
38	24	5
38	25	5
38	26	1
38	27	2
38	28	7
38	29	4
38	30	4
38	31	4
38	32	6
38	33	4
38	34	7
38	35	6
38	36	3
38	37	4
39	2	2
39	3	2
39	4	3
39	5	2
39	7	1
39	8	4
39	9	3
39	10	2
39	11	2
39	12	2
39	13	5
39	14	2
39	15	3
39	16	3
39	18	3
39	19	1
39	20	1
39	21	1
39	22	2
39	23	3
39	24	1
39	25	2
39	26	1
39	28	7
39	30	2
39	31	2
39	32	7
39	34	4
39	35	4
39	36	1
39	37	7
39	38	5
40	0	3
40	1	6
40	2	1
40	3	1
40	4	3
40	5	4
40	6	1
40	7	2
40	8	3
40	9	4
40	10	3
40	11	5
40	12	8
40	13	3
40	14	3
40	16	1
40	17	1
40	18	6
40	19	2
40	20	1
40	21	1
40	22	3
40	23	2
40	24	2
40	25	8
40	27	2
40	28	10
40	29	1
40	30	4
40	31	1
40	32	6
40	33	4
40	34	5
40	35	6
40	36	3
40	37	4
40	38	7
40	39	6
41	1	2
41	4	1
41	5	3
41	6	2
41	8	1
41	9	2
41	10	2
41	11	5
41	12	5
41	14	3
41	15	2
41	16	1
41	18	2
41	20	1
41	22	2
41	24	2
41	25	1
41	27	1
41	28	4
41	29	2
41	30	1
41	31	3
41	32	9
41	33	3
41	34	1
41	35	1
41	36	3
41	37	6
41	38	4
41	39	4
41	40	3
42	1	4
42	2	3
42	3	1
42	4	2
42	5	2
42	6	1
42	10	3
42	12	4
42	13	2
42	15	2
42	17	1
42	18	1
42	19	2
42	20	5
42	23	3
42	24	2
42	25	4
42	26	1
42	27	2
42	28	5
42	29	1
42	30	2
42	31	5
42	32	7
42	33	6
42	34	4
42	35	3
42	37	5
42	38	12
42	39	7
42	40	4
42	41	7
43	1	2
43	2	1
43	3	1
43	4	4
43	5	1
43	7	2
43	8	2
43	9	1
43	10	4
43	11	2
43	12	3
43	13	1
43	14	5
43	15	2
43	17	2
43	18	3
43	20	2
43	21	2
43	23	2
43	24	1
43	25	1
43	26	3
43	27	3
43	28	4
43	29	3
43	30	3
43	31	9
43	32	5
43	33	2
43	34	2
43	35	6
43	37	11
43	38	12
43	39	6
43	40	4
43	41	10
43	42	3
44	4	2
44	5	2
44	7	2
44	8	1
44	10	6
44	11	2
44	18	2
44	19	3
44	20	1
44	23	3
44	24	4
44	25	5
44	26	1
44	27	1
44	28	12
44	29	1
44	30	4
44	31	1
44	32	3
44	33	3
44	34	4
44	35	2
44	36	1
44	37	6
44	38	10
44	39	4
44	40	3
44	41	11
44	42	4
44	43	5
45	3	1
45	6	2
45	10	2
45	16	1
45	19	1
45	20	2
45	22	1
45	23	3
45	24	2
45	25	5
45	26	1
45	27	3
45	28	2
45	29	2
45	30	2
45	31	4
45	32	2
45	33	2
45	34	2
45	35	3
45	36	3
45	37	8
45	38	4
45	39	4
45	40	1
45	41	5
45	42	7
45	43	5
45	44	3
46	1	3
46	2	1
46	4	1
46	8	2
46	11	1
46	14	1
46	15	1
46	18	4
46	19	1
46	24	4
46	25	6
46	26	1
46	28	3
46	29	6
46	30	1
46	31	2
46	32	2
46	33	6
46	34	2
46	35	7
46	36	3
46	37	8
46	38	5
46	39	4
46	40	3
46	41	4
46	42	2
46	43	5
46	44	1
46	45	5
47	0	1
47	1	5
47	3	1
47	4	1
47	9	1
47	10	3
47	11	2
47	12	4
47	13	1
47	15	2
47	16	1
47	18	3
47	20	1
47	23	1
47	24	1
47	25	3
47	26	2
47	27	2
47	28	2
47	29	6
47	30	3
47	31	1
47	32	6
47	33	3
47	34	2
47	35	9
47	36	4
47	37	4
47	38	6
47	39	1
47	40	5
47	41	1
47	42	3
47	43	6
47	44	6
47	45	6
47	46	4
48	1	3
48	3	4
48	4	1
48	5	2
48	6	3
48	7	2
48	8	2
48	9	3
48	10	6
48	11	5
48	12	1
48	13	3
48	14	2
48	15	3
48	16	5
48	18	3
48	19	2
48	20	1
48	21	3
48	22	1
48	23	2
48	24	8
48	25	2
48	26	2
48	27	7
48	28	4
48	29	2
48	30	3
48	31	2
48	32	4
48	33	5
48	34	5
48	35	3
48	36	3
48	37	1
48	38	5
48	39	3
48	40	8
48	41	4
48	42	4
48	43	3
48	44	3
48	45	3
48	47	1
49	0	1
49	2	1
49	3	1
49	5	5
49	6	4
49	7	1
49	8	3
49	9	3
49	10	3
49	11	10
49	12	3
49	13	3
49	14	3
49	15	1
49	17	3
49	18	4
49	19	1
49	20	1
49	21	1
49	22	5
49	23	3
49	24	14
49	25	8
49	26	1
49	27	5
49	28	1
49	30	3
49	31	1
49	32	6
49	33	6
49	34	6
49	35	7
49	36	3
49	37	4
49	38	6
49	39	2
49	40	4
49	41	3
49	42	5
49	43	2
49	44	2
49	45	2
49	46	1
49	47	3
49	48	7
50	0	2
50	1	4
50	2	2
50	4	2
50	7	1
50	9	3
50	10	1
50	11	4
50	12	1
50	13	3
50	14	2
50	15	3
50	18	1
50	19	3
50	20	1
50	21	5
50	23	2
50	24	3
50	25	4
50	26	1
50	27	3
50	28	2
50	30	3
50	31	1
50	32	2
50	33	4
50	34	3
50	35	5
50	36	5
50	37	3
50	38	1
50	39	4
50	40	3
50	41	1
50	42	4
50	43	1
50	45	1
50	46	2
50	47	6
50	48	5
50	49	9
51	1	2
51	2	4
51	3	2
51	4	2
51	5	2
51	6	2
51	7	4
51	8	1
51	9	4
51	10	3
51	11	3
51	12	2
51	13	3
51	14	2
51	15	3
51	18	1
51	19	5
51	20	1
51	21	1
51	22	1
51	23	3
51	24	8
51	25	4
51	27	2
51	28	2
51	29	3
51	30	1
51	32	7
51	33	6
51	34	8
51	35	9
51	36	5
51	37	4
51	38	7
51	39	3
51	40	8
51	41	4
51	42	7
51	43	2
51	44	4
51	45	9
51	46	3
51	47	5
51	48	6
51	49	11
51	50	5
52	1	1
52	2	3
52	3	4
52	4	6
52	5	2
52	7	1
52	8	1
52	10	4
52	11	2
52	12	4
52	13	3
52	14	3
52	15	4
52	16	2
52	19	2
52	20	2
52	21	2
52	23	5
52	24	4
52	25	2
52	26	2
52	27	6
52	28	3
52	29	1
52	30	1
52	31	2
52	32	1
52	33	1
52	34	1
52	35	7
52	36	5
52	37	4
52	38	7
52	39	3
52	40	5
52	41	3
52	42	3
52	43	4
52	44	4
52	45	1
52	46	1
52	47	1
52	48	3
52	49	6
52	50	5
52	51	9
53	1	2
53	2	4
53	3	1
53	4	5
53	5	2
53	6	3
53	8	4
53	9	2
53	10	5
53	11	5
53	12	3
53	13	4
53	14	2
53	15	2
53	16	4
53	17	1
53	18	7
53	19	2
53	20	1
53	21	2
53	22	1
53	23	2
53	24	2
53	25	4
53	26	2
53	27	4
53	28	9
53	30	2
53	31	4
53	32	3
53	33	3
53	34	1
53	35	7
53	36	1
53	37	6
53	38	15
53	39	8
53	40	10
53	41	6
53	42	5
53	43	5
53	44	2
53	45	3
53	46	2
53	47	5
53	48	3
53	49	8
53	50	3
53	51	6
53	52	8
54	0	2
54	2	1
54	3	4
54	4	8
54	8	1
54	9	1
54	10	5
54	11	2
54	12	1
54	13	1
54	14	2
54	15	2
54	16	1
54	17	3
54	18	4
54	19	1
54	20	4
54	21	1
54	22	3
54	23	7
54	24	2
54	25	3
54	26	1
54	28	7
54	29	1
54	30	1
54	31	1
54	33	1
54	34	2
54	35	1
54	36	4
54	37	4
54	38	4
54	39	4
54	40	4
54	42	1
54	43	1
54	44	1
54	45	1
54	46	2
54	47	2
54	48	3
54	49	5
54	50	1
54	51	3
54	52	9
54	53	4
55	1	3
55	2	4
55	3	3
55	4	3
55	5	5
55	6	1
55	7	3
55	9	3
55	10	6
55	11	5
55	12	1
55	13	5
55	14	9
55	15	6
55	16	1
55	17	2
55	18	8
55	19	3
55	20	5
55	21	4
55	22	2
55	23	7
55	24	3
55	25	2
55	26	1
55	27	3
55	28	13
55	29	1
55	30	2
55	31	3
55	32	3
55	33	2
55	34	2
55	35	8
55	36	3
55	37	2
55	38	9
55	39	2
55	40	6
55	41	3
55	42	1
55	43	9
55	44	4
55	45	7
55	46	4
55	47	1
55	48	4
55	49	5
55	50	2
55	51	5
55	52	6
55	53	11
55	54	7
56	0	3
56	1	2
56	3	2
56	4	1
56	8	1
56	9	2
56	10	1
56	11	4
56	12	4
56	13	2
56	14	4
56	15	3
56	16	7
56	18	3
56	19	2
56	20	2
56	21	3
56	22	1
56	23	3
56	24	2
56	25	4
56	26	3
56	28	3
56	30	3
56	31	4
56	32	2
56	33	2
56	34	2
56	35	6
56	36	1
56	37	5
56	38	11
56	39	3
56	40	4
56	41	4
56	43	4
56	44	8
56	45	2
56	46	3
56	47	4
56	48	3
56	49	5
56	50	3
56	51	2
56	52	6
56	53	10
56	54	4
56	55	6
57	1	2
57	2	1
57	3	2
57	4	1
57	6	2
57	8	3
57	9	1
57	10	1
57	11	1
57	12	6
57	13	2
57	14	2
57	15	2
57	16	1
57	18	5
57	19	3
57	22	1
57	23	1
57	24	4
57	25	1
57	26	1
57	27	1
57	28	6
57	29	3
57	31	1
57	32	3
57	33	3
57	34	2
57	35	1
57	36	11
57	37	2
57	38	10
57	39	4
57	40	3
57	41	3
57	42	2
57	43	3
57	44	1
57	45	5
57	46	1
57	47	3
57	48	1
57	49	5
57	51	3
57	52	4
57	53	5
57	54	1
57	55	5
57	56	4
58	1	2
58	2	4
58	3	1
58	4	2
58	6	3
58	10	3
58	11	2
58	14	2
58	16	2
58	17	1
58	18	1
58	20	2
58	22	2
58	24	6
58	25	1
58	26	1
58	27	3
58	29	4
58	30	5
58	31	2
58	32	1
58	33	2
58	34	3
58	35	8
58	36	1
58	37	5
58	38	10
58	39	4
58	40	4
58	41	1
58	42	5
58	43	4
58	44	5
58	45	2
58	46	3
58	47	3
58	48	4
58	49	3
58	50	1
58	51	3
58	52	3
58	53	8
58	54	2
58	55	1
58	56	3
58	57	5
59	1	3
59	2	4
59	3	3
59	4	2
59	5	3
59	6	1
59	8	1
59	10	6
59	11	2
59	12	1
59	13	4
59	14	1
59	15	2
59	16	1
59	17	2
59	18	4
59	19	6
59	20	4
59	21	1
59	23	2
59	24	5
59	25	2
59	26	3
59	27	3
59	28	4
59	30	2
59	31	1
59	32	2
59	33	6
59	34	3
59	35	2
59	36	4
59	37	4
59	38	6
59	39	5
59	40	2
59	41	2
59	42	1
59	43	4
59	44	3
59	45	4
59	46	2
59	47	5
59	49	6
59	50	4
59	51	5
59	52	11
59	53	3
59	54	12
59	55	2
59	57	6
59	58	8
60	0	2
60	1	5
60	2	3
60	3	4
60	4	2
60	8	1
60	10	4
60	11	1
60	12	3
60	13	3
60	14	1
60	15	2
60	17	3
60	18	4
60	19	3
60	20	1
60	23	3
60	25	2
60	26	6
60	27	4
60	28	3
60	29	6
60	30	2
60	31	2
60	33	2
60	34	5
60	35	8
60	36	6
60	37	3
60	38	4
60	39	2
60	40	2
60	41	3
60	42	4
60	43	1
60	45	2
60	46	4
60	47	3
60	48	7
60	49	6
60	50	1
60	51	3
60	52	5
60	53	4
60	54	4
60	55	1
60	56	2
60	57	5
60	58	4
60	59	3
