1	0	1
2	0	1
3	0	2
3	1	1
3	2	4
4	0	3
4	1	1
4	2	5
4	3	20
5	2	7
5	3	3
5	4	6
6	0	2
6	1	4
6	2	5
6	3	2
6	4	4
6	5	7
7	0	5
7	1	1
7	2	3
7	3	2
7	4	2
7	5	4
7	6	3
8	0	6
8	1	9
8	2	1
8	3	4
8	4	2
8	5	5
8	6	10
8	7	4
9	0	7
9	1	8
9	2	4
9	3	3
9	5	6
9	6	7
9	7	5
9	8	10
10	0	3
10	1	7
10	2	6
10	4	3
10	5	3
10	6	8
10	7	3
10	8	6
10	9	13
11	1	5
11	2	2
11	3	3
11	4	2
11	5	1
11	6	4
11	7	7
11	8	2
11	9	6
11	10	9
12	1	3
12	2	8
12	3	1
12	4	2
12	5	4
12	6	7
12	7	9
12	8	5
12	9	5
12	10	11
12	11	5
13	0	6
13	1	8
13	2	2
13	3	1
13	4	6
13	5	7
13	6	3
13	7	3
13	8	17
13	9	11
13	10	10
13	11	9
13	12	12
14	0	4
14	1	5
14	2	6
14	3	3
14	4	3
14	5	6
14	6	1
14	7	1
14	8	11
14	9	6
14	10	5
14	11	4
14	12	7
14	13	4
15	0	4
15	1	4
15	2	10
15	3	3
15	4	5
15	5	4
15	6	2
15	7	4
15	8	10
15	9	6
15	10	1
15	11	9
15	12	11
15	13	8
15	14	7
16	0	2
16	1	5
16	2	7
16	3	4
16	4	4
16	5	1
16	6	1
16	7	1
16	8	4
16	11	4
16	12	2
16	14	6
16	15	3
17	0	2
17	1	3
17	2	4
17	3	4
17	5	3
17	6	4
17	7	2
17	8	5
17	9	4
17	10	4
17	11	3
17	12	4
17	13	1
17	14	1
17	15	5
17	16	7
18	0	3
18	1	3
18	2	4
18	3	4
18	4	4
18	5	11
18	6	3
18	7	5
18	8	7
18	9	5
18	10	7
18	11	1
18	12	6
18	13	3
18	14	12
18	15	3
18	16	3
18	17	2
19	0	1
19	1	4
19	2	10
19	3	7
19	4	6
19	5	2
19	6	2
19	7	4
19	8	2
19	9	3
19	10	4
19	11	4
19	12	2
19	13	2
19	14	2
19	15	5
19	16	5
19	17	6
19	18	2
20	0	3
20	1	3
20	2	3
20	3	8
20	4	6
20	5	5
20	6	5
20	7	1
20	8	6
20	9	8
20	10	5
20	11	2
20	12	6
20	13	5
20	14	6
20	15	3
20	16	3
20	17	4
20	18	6
20	19	5
21	0	1
21	1	4
21	2	4
21	3	1
21	4	6
21	5	3
21	6	4
21	7	4
21	8	5
21	9	1
21	10	4
21	11	4
21	12	6
21	13	4
21	14	3
21	15	4
21	16	3
21	17	4
21	18	4
21	19	4
21	20	2
22	1	1
22	2	4
22	3	2
22	4	7
22	5	7
22	6	3
22	7	3
22	8	7
22	10	9
22	11	2
22	12	6
22	13	5
22	14	7
22	15	3
22	16	4
22	17	3
22	18	4
22	19	3
22	20	5
22	21	10
23	0	1
23	1	3
23	2	3
23	3	3
23	4	10
23	5	5
23	7	1
23	8	2
23	9	3
23	10	5
23	11	6
23	12	2
23	13	3
23	14	4
23	15	5
23	17	1
23	18	3
23	19	7
23	20	7
23	21	2
23	22	4
24	0	1
24	1	4
24	2	5
24	4	5
24	5	3
24	6	2
24	7	4
24	8	3
24	10	6
24	11	4
24	12	3
24	13	5
24	14	7
24	17	1
24	18	2
24	19	8
24	20	4
24	21	1
24	22	1
24	23	4
25	0	1
25	1	4
25	2	4
25	3	2
25	4	4
25	5	3
25	6	3
25	7	3
25	8	4
25	9	7
25	10	2
25	11	5
25	12	5
25	13	4
25	14	4
25	15	3
25	16	2
25	18	1
25	19	1
25	20	3
25	21	3
25	22	1
25	23	6
25	24	3
26	1	2
26	4	1
26	5	3
26	8	3
26	10	2
26	11	1
26	12	1
26	13	1
26	14	1
26	15	1
26	19	2
26	20	1
26	22	1
26	23	2
26	24	6
26	25	1
27	0	2
27	1	1
27	2	2
27	3	1
27	4	2
27	5	1
27	6	1
27	7	1
27	8	2
27	9	3
27	10	3
27	11	3
27	12	3
27	13	5
27	14	1
27	15	1
27	17	1
27	18	2
27	19	5
27	23	1
27	24	1
27	25	4
27	26	4
28	1	1
28	2	2
28	3	7
28	4	5
28	5	4
28	6	3
28	7	2
28	8	2
28	9	2
28	10	8
28	11	2
28	12	2
28	13	1
28	14	3
28	15	2
28	16	2
28	17	4
28	18	6
28	19	2
28	20	2
28	22	4
28	23	5
28	24	4
28	25	1
28	26	5
28	27	1
29	0	3
29	7	1
29	8	2
29	10	1
29	13	2
29	16	2
29	18	1
29	19	4
29	24	1
29	25	8
29	26	2
29	27	1
30	5	1
30	7	1
30	8	2
30	9	4
30	12	2
30	13	2
30	14	3
30	19	1
30	20	3
30	25	2
30	27	4
30	28	4
30	29	2
31	4	1
31	5	1
31	8	2
31	9	1
31	14	1
31	15	3
31	21	3
31	22	1
31	23	4
31	24	3
31	25	5
31	27	5
31	28	3
31	29	2
31	30	6
32	0	1
32	1	2
32	2	2
32	4	2
32	8	2
32	9	2
32	10	3
32	11	2
32	12	3
32	14	1
32	15	1
32	16	1
32	18	1
32	23	2
32	24	2
32	25	5
32	26	5
32	27	2
32	28	3
32	29	5
32	30	3
32	31	8
33	0	1
33	1	2
33	2	5
33	4	2
33	5	4
33	8	3
33	9	3
33	10	1
33	11	3
33	12	1
33	13	1
33	14	3
33	15	1
33	17	1
33	18	1
33	19	1
33	21	1
33	22	1
33	23	2
33	24	1
33	25	4
33	26	3
33	27	8
33	28	1
33	29	3
33	30	2
33	31	5
33	32	5
34	1	4
34	5	2
34	6	1
34	8	2
34	10	2
34	11	5
34	12	1
34	13	3
34	14	6
34	15	2
34	17	1
34	18	3
34	19	1
34	20	2
34	21	3
34	23	1
34	24	2
34	25	5
34	26	2
34	27	4
34	28	4
34	29	4
34	30	2
34	31	2
34	32	7
34	33	5
35	0	3
35	1	3
35	3	4
35	4	1
35	5	2
35	8	4
35	9	3
35	10	2
35	11	4
35	12	2
35	13	3
35	14	4
35	17	2
35	18	1
35	19	3
35	20	1
35	21	1
35	22	1
35	23	2
35	24	4
35	25	7
35	26	6
35	27	3
35	28	2
35	29	4
35	30	4
35	31	7
35	32	6
35	33	14
35	34	13
36	0	1
36	1	3
36	2	4
36	4	1
36	5	2
36	10	5
36	11	1
36	13	2
36	14	5
36	16	1
36	23	5
36	24	4
36	26	4
36	27	2
36	29	4
36	30	3
36	31	1
36	32	4
36	33	1
36	34	4
36	35	10
37	1	3
37	3	1
37	4	2
37	5	1
37	6	5
37	7	3
37	8	2
37	9	2
37	10	3
37	11	4
37	12	2
37	13	4
37	14	3
37	15	1
37	18	2
37	19	2
37	20	1
37	21	2
37	24	2
37	25	3
37	26	2
37	27	2
37	28	4
37	30	3
37	31	7
37	32	7
37	33	4
37	34	6
37	35	4
37	36	3
38	1	1
38	2	1
38	3	4
38	4	1
38	5	2
38	6	1
38	7	1
38	8	1
38	9	2
38	10	1
38	11	4
38	12	7
38	13	2
38	14	4
38	15	6
38	16	2
38	17	3
38	18	7
38	20	2
38	21	1
38	22	1
38	23	4
38	24	2
38	25	3
38	26	3
38	27	2
38	28	6
38	29	2
38	30	3
38	31	4
38	32	4
38	33	6
38	34	6
38	35	6
38	36	5
38	37	12
39	2	3
39	3	2
39	4	2
39	5	4
39	6	1
39	8	2
39	9	1
39	10	1
39	11	2
39	12	1
39	13	1
39	14	1
39	15	2
39	18	3
39	19	2
39	20	4
39	21	1
39	22	2
39	23	3
39	24	4
39	25	4
39	26	1
39	27	3
39	28	10
39	30	2
39	31	2
39	32	2
39	33	6
39	34	1
39	35	3
39	36	5
39	37	4
39	38	7
40	0	1
40	1	1
40	2	2
40	3	2
40	4	1
40	5	3
40	6	5
40	7	1
40	8	4
40	9	1
40	10	4
40	11	3
40	12	2
40	13	3
40	14	2
40	15	3
40	16	2
40	17	1
40	18	3
40	19	1
40	20	3
40	21	2
40	22	5
40	23	3
40	24	6
40	25	4
40	26	2
40	27	3
40	28	5
40	29	2
40	30	5
40	31	5
40	32	5
40	33	5
40	34	9
40	35	7
40	36	3
40	37	8
40	38	5
40	39	2
41	1	2
41	5	3
41	6	3
41	8	1
41	9	3
41	10	2
41	12	3
41	13	4
41	14	2
41	15	4
41	18	2
41	20	3
41	22	3
41	24	2
41	25	2
41	26	3
41	27	6
41	28	1
41	29	2
41	30	3
41	31	5
41	32	4
41	33	2
41	34	1
41	35	7
41	36	3
41	37	7
41	38	4
41	39	6
41	40	8
42	2	1
42	4	4
42	5	4
42	6	3
42	8	1
42	9	1
42	10	7
42	11	2
42	12	3
42	14	4
42	17	3
42	18	4
42	19	2
42	20	2
42	24	1
42	25	4
42	26	1
42	27	2
42	28	3
42	29	3
42	30	1
42	31	1
42	32	2
42	33	3
42	34	2
42	35	4
42	37	6
42	38	7
42	39	11
42	40	7
42	41	9
43	0	1
43	1	3
43	2	3
43	5	1
43	9	6
43	10	6
43	11	3
43	13	3
43	14	6
43	15	1
43	17	1
43	18	1
43	20	6
43	21	1
43	22	1
43	23	3
43	24	3
43	25	5
43	26	1
43	27	2
43	28	4
43	29	6
43	30	6
43	31	6
43	32	3
43	33	3
43	34	1
43	35	6
43	36	4
43	37	8
43	38	6
43	39	3
43	40	1
43	41	11
43	42	10
44	3	2
44	4	1
44	8	3
44	9	4
44	10	5
44	11	3
44	18	3
44	19	1
44	20	2
44	21	1
44	24	4
44	25	3
44	26	1
44	27	2
44	28	4
44	29	3
44	30	3
44	31	4
44	32	1
44	34	1
44	35	4
44	36	1
44	37	2
44	38	7
44	39	6
44	40	3
44	41	3
44	42	6
44	43	15
45	2	2
45	3	3
45	5	3
45	6	5
45	9	3
45	10	1
45	11	1
45	15	1
45	16	2
45	19	3
45	20	2
45	23	1
45	24	2
45	25	1
45	26	2
45	27	3
45	28	4
45	29	1
45	30	2
45	31	5
45	32	2
45	34	2
45	35	7
45	37	3
45	38	4
45	39	2
45	40	2
45	41	6
45	42	1
45	43	7
45	44	2
46	0	2
46	1	2
46	2	1
46	3	1
46	4	3
46	8	3
46	10	2
46	11	3
46	14	2
46	15	2
46	17	1
46	18	4
46	19	1
46	22	1
46	23	1
46	25	2
46	27	1
46	28	2
46	29	2
46	30	2
46	31	6
46	32	3
46	33	10
46	34	7
46	35	7
46	36	4
46	37	4
46	38	6
46	39	1
46	40	1
46	41	1
46	42	6
46	43	8
46	44	3
46	45	5
47	1	6
47	3	3
47	9	1
47	10	2
47	11	3
47	12	1
47	13	1
47	15	1
47	16	1
47	18	1
47	20	1
47	23	1
47	25	3
47	26	5
47	27	2
47	28	1
47	29	5
47	30	2
47	31	5
47	32	3
47	33	2
47	34	2
47	35	7
47	37	3
47	38	3
47	39	2
47	40	2
47	41	1
47	42	3
47	43	6
47	44	2
47	45	2
47	46	8
48	1	5
48	2	2
48	3	4
48	4	3
48	5	4
48	6	3
48	7	2
48	8	5
48	9	4
48	10	9
48	11	5
48	13	4
48	14	3
48	15	4
48	18	1
48	19	1
48	20	2
48	21	3
48	22	2
48	23	2
48	24	8
48	25	4
48	26	5
48	27	5
48	28	3
48	29	1
48	30	3
48	31	1
48	32	1
48	33	3
48	34	5
48	35	7
48	36	2
48	37	2
48	38	3
48	39	2
48	40	7
48	41	4
48	42	1
48	43	2
48	44	3
48	47	1
49	1	2
49	2	3
49	3	2
49	4	4
49	5	4
49	6	6
49	7	4
49	9	2
49	10	3
49	11	2
49	12	4
49	13	3
49	14	6
49	15	2
49	16	2
49	18	3
49	19	1
49	20	1
49	21	1
49	22	2
49	23	3
49	24	15
49	25	1
49	26	2
49	27	7
49	28	9
49	29	1
49	30	2
49	31	5
49	32	5
49	33	4
49	34	12
49	35	5
49	36	8
49	37	5
49	38	11
49	39	4
49	40	5
49	41	5
49	42	4
49	43	3
49	44	3
49	45	3
49	46	2
49	47	1
49	48	4
50	0	2
50	1	4
50	2	2
50	4	2
50	7	4
50	8	5
50	9	3
50	10	5
50	13	1
50	14	1
50	15	4
50	18	1
50	19	6
50	20	3
50	23	1
50	24	2
50	25	9
50	26	2
50	27	6
50	28	3
50	29	1
50	30	1
50	31	4
50	32	2
50	33	7
50	34	7
50	35	2
50	36	1
50	37	2
50	38	4
50	39	2
50	40	5
50	43	3
50	45	2
50	46	2
50	47	1
50	48	4
50	49	4
51	1	5
51	2	1
51	3	2
51	4	5
51	5	6
51	7	1
51	8	1
51	9	2
51	11	3
51	13	2
51	14	2
51	15	5
51	18	4
51	19	3
51	20	3
51	21	4
51	22	3
51	23	1
51	24	5
51	25	5
51	26	2
51	27	5
51	28	4
51	29	2
51	30	4
51	31	3
51	32	2
51	33	5
51	34	12
51	35	6
51	36	2
51	37	8
51	38	14
51	39	6
51	40	7
51	41	4
51	42	4
51	43	1
51	44	4
51	45	4
51	46	4
51	47	6
51	48	6
51	49	11
51	50	3
52	1	2
52	2	1
52	3	2
52	4	3
52	5	1
52	7	1
52	8	3
52	9	1
52	10	6
52	11	1
52	12	3
52	13	2
52	14	4
52	16	2
52	17	2
52	18	2
52	20	2
52	21	2
52	23	4
52	24	3
52	25	1
52	26	1
52	27	1
52	28	10
52	30	1
52	32	3
52	33	1
52	34	6
52	35	3
52	36	5
52	37	3
52	38	10
52	39	9
52	40	8
52	41	3
52	42	3
52	43	2
52	44	5
52	45	4
52	46	2
52	47	1
52	48	4
52	49	8
52	50	2
52	51	7
53	1	1
53	2	2
53	3	3
53	4	4
53	5	1
53	6	1
53	7	1
53	8	2
53	9	3
53	10	4
53	11	3
53	12	4
53	13	1
53	14	3
53	15	1
53	17	1
53	18	4
53	19	3
53	20	4
53	21	1
53	22	2
53	23	1
53	24	6
53	25	3
53	26	3
53	27	3
53	28	2
53	29	3
53	30	2
53	31	1
53	32	3
53	33	2
53	34	4
53	35	2
53	36	3
53	37	9
53	38	17
53	39	5
53	40	3
53	41	6
53	42	4
53	43	6
53	44	4
53	45	2
53	46	1
53	47	6
53	48	2
53	49	6
53	50	3
53	51	10
53	52	8
54	1	4
54	2	3
54	3	3
54	4	2
54	5	1
54	8	1
54	10	1
54	12	2
54	14	4
54	15	1
54	16	2
54	17	4
54	18	2
54	19	1
54	20	1
54	21	2
54	22	1
54	23	3
54	24	5
54	25	1
54	26	1
54	27	1
54	28	5
54	29	1
54	30	2
54	32	2
54	33	1
54	34	2
54	35	2
54	36	2
54	37	7
54	38	6
54	39	3
54	40	2
54	42	6
54	43	1
54	44	2
54	45	2
54	46	2
54	47	4
54	48	1
54	49	5
54	50	3
54	51	4
54	52	3
54	53	3
55	0	2
55	1	2
55	2	1
55	3	1
55	4	6
55	5	4
55	6	1
55	7	1
55	9	2
55	10	1
55	11	6
55	12	2
55	13	2
55	14	2
55	15	1
55	16	1
55	17	1
55	18	2
55	19	3
55	20	3
55	22	2
55	23	2
55	24	5
55	25	9
55	26	1
55	27	1
55	28	13
55	29	2
55	30	1
55	31	2
55	32	2
55	33	5
55	34	3
55	35	6
55	36	3
55	37	6
55	38	8
55	39	6
55	40	3
55	41	3
55	42	4
55	43	1
55	44	3
55	45	4
55	46	1
55	47	1
55	48	3
55	50	4
55	51	4
55	52	3
55	53	9
55	54	10
56	0	1
56	1	3
56	2	1
56	3	1
56	4	5
56	5	2
56	8	1
56	10	5
56	11	2
56	12	1
56	13	3
56	14	2
56	16	1
56	18	3
56	20	1
56	22	1
56	23	2
56	24	1
56	25	5
56	27	2
56	28	8
56	30	2
56	31	3
56	32	2
56	33	4
56	34	3
56	35	2
56	36	3
56	37	4
56	38	6
56	39	8
56	40	2
56	41	1
56	42	6
56	43	3
56	44	9
56	45	3
56	46	2
56	47	2
56	49	2
56	50	1
56	51	4
56	52	2
56	53	7
56	54	8
56	55	11
57	0	1
57	1	2
57	2	2
57	3	2
57	4	3
57	8	1
57	9	1
57	10	4
57	11	2
57	12	3
57	13	7
57	14	3
57	15	3
57	16	1
57	18	2
57	19	1
57	20	2
57	22	5
57	23	1
57	24	5
57	26	6
57	27	4
57	28	4
57	29	2
57	30	1
57	31	2
57	32	4
57	33	3
57	34	2
57	35	4
57	36	10
57	37	2
57	38	5
57	39	4
57	41	3
57	42	1
57	43	3
57	44	2
57	45	2
57	46	4
57	47	2
57	48	4
57	49	9
57	50	3
57	51	5
57	52	4
57	53	9
57	54	3
57	55	5
57	56	2
58	0	2
58	1	2
58	2	2
58	4	2
58	6	1
58	7	1
58	10	4
58	11	4
58	14	3
58	16	1
58	18	1
58	20	1
58	22	1
58	24	2
58	25	2
58	26	2
58	27	4
58	28	2
58	29	4
58	30	2
58	31	1
58	32	1
58	33	2
58	34	1
58	35	9
58	36	3
58	37	1
58	38	7
58	39	1
58	40	4
58	41	3
58	42	3
58	43	6
58	44	2
58	45	5
58	46	4
58	47	3
58	48	2
58	49	6
58	50	4
58	51	4
58	52	3
58	53	3
58	54	4
58	55	1
58	56	3
58	57	10
59	1	5
59	2	3
59	3	5
59	4	5
59	6	3
59	8	1
59	9	1
59	10	1
59	11	4
59	12	6
59	13	1
59	14	1
59	15	2
59	16	4
59	17	2
59	18	4
59	19	2
59	20	4
59	21	2
59	23	5
59	24	3
59	25	1
59	26	5
59	27	3
59	28	5
59	31	2
59	33	2
59	34	3
59	35	3
59	36	2
59	37	3
59	38	5
59	39	4
59	40	4
59	41	3
59	42	4
59	43	3
59	44	6
59	45	5
59	46	3
59	47	1
59	48	6
59	49	6
59	50	2
59	51	5
59	52	13
59	53	4
59	54	5
59	55	9
59	56	4
59	57	5
59	58	8
60	0	1
60	1	1
60	2	1
60	3	1
60	4	3
60	7	2
60	8	1
60	10	1
60	11	4
60	12	1
60	13	2
60	15	2
60	17	3
60	18	3
60	19	2
60	20	5
60	23	3
60	24	1
60	25	1
60	26	3
60	27	3
60	28	3
60	29	1
60	30	3
60	31	3
60	33	4
60	34	6
60	35	4
60	36	5
60	37	2
60	38	4
60	39	1
60	40	5
60	41	4
60	42	2
60	43	2
60	44	1
60	45	1
60	46	5
60	47	6
60	48	5
60	49	3
60	50	3
60	51	5
60	52	4
60	53	2
60	54	3
60	55	3
60	57	9
60	58	10
60	59	4
