1	0	5
2	0	1
2	1	2
3	1	3
3	2	5
4	0	1
4	1	4
4	2	9
4	3	11
5	0	1
5	1	2
5	2	2
5	3	2
5	4	4
6	0	5
6	1	2
6	2	5
6	3	3
6	4	8
6	5	6
7	0	3
7	1	3
7	2	1
7	3	2
7	4	7
7	5	3
7	6	11
8	0	4
8	1	4
8	2	2
8	3	4
8	4	3
8	5	5
8	6	10
8	7	6
9	0	1
9	1	2
9	2	2
9	3	5
9	4	3
9	5	3
9	6	7
9	7	4
9	8	11
10	0	3
10	1	5
10	2	4
10	3	2
10	4	3
10	5	4
10	6	5
10	7	5
10	8	1
10	9	11
11	0	5
11	1	5
11	2	1
11	3	1
11	5	5
11	6	2
11	7	3
11	8	9
11	9	6
11	10	5
12	0	5
12	1	5
12	2	6
12	3	4
12	4	8
12	5	7
12	6	8
12	7	8
12	8	9
12	9	11
12	10	7
12	11	3
13	0	12
13	1	11
13	2	6
13	3	4
13	4	3
13	5	1
13	6	3
13	7	6
13	8	8
13	9	9
13	10	4
13	11	6
13	12	8
14	0	8
14	1	7
14	2	9
14	3	6
14	4	8
14	5	3
14	6	2
14	7	1
14	8	3
14	9	3
14	10	3
14	11	8
14	12	4
14	13	5
15	0	10
15	1	4
15	2	2
15	3	1
15	4	4
15	5	5
15	6	3
15	7	4
15	8	8
15	9	5
15	10	3
15	11	3
15	12	12
15	13	5
15	14	8
16	0	2
16	1	1
16	2	6
16	3	1
16	4	6
16	5	3
16	6	1
16	7	3
16	8	6
16	12	2
16	13	3
16	14	4
16	15	11
17	0	1
17	1	4
17	2	6
17	3	5
17	4	2
17	5	5
17	6	2
17	7	3
17	8	3
17	9	4
17	10	3
17	11	1
17	12	4
17	13	4
17	14	3
17	15	3
17	16	10
18	0	2
18	1	4
18	2	3
18	3	3
18	4	5
18	5	10
18	6	5
18	7	6
18	8	4
18	9	2
18	10	6
18	11	5
18	12	3
18	13	2
18	14	3
18	15	4
18	16	4
18	17	3
19	1	6
19	2	3
19	3	6
19	4	4
19	6	1
19	7	3
19	8	2
19	9	3
19	10	3
19	12	5
19	13	6
19	14	8
19	15	7
19	16	4
19	17	2
19	18	2
20	0	2
20	1	6
20	2	4
20	3	4
20	4	9
20	5	5
20	6	3
20	7	2
20	8	4
20	9	3
20	10	6
20	11	3
20	12	7
20	13	1
20	14	10
20	15	4
20	16	1
20	17	2
20	18	9
20	19	2
21	0	1
21	1	1
21	2	7
21	3	3
21	4	7
21	6	5
21	7	5
21	8	7
21	9	4
21	10	2
21	11	7
21	12	9
21	13	5
21	14	3
21	15	4
21	16	2
21	17	2
21	18	7
21	19	4
21	20	8
22	1	3
22	2	7
22	3	1
22	4	7
22	5	8
22	6	3
22	7	1
22	8	5
22	9	1
22	10	1
22	11	2
22	12	4
22	13	2
22	14	2
22	15	5
22	16	3
22	17	6
22	18	1
22	19	3
22	20	5
22	21	9
23	0	2
23	4	7
23	5	2
23	7	3
23	10	4
23	11	2
23	12	1
23	13	3
23	14	5
23	15	3
23	17	2
23	18	1
23	19	9
23	20	4
23	21	1
23	22	5
24	0	3
24	1	6
24	3	6
24	4	6
24	5	3
24	6	1
24	7	3
24	8	2
24	9	3
24	10	8
24	11	4
24	12	2
24	13	3
24	14	7
24	15	1
24	16	1
24	17	3
24	18	3
24	19	6
24	20	4
24	21	1
24	22	4
24	23	5
25	0	1
25	1	9
25	3	2
25	4	2
25	5	3
25	6	2
25	8	4
25	9	3
25	10	4
25	11	5
25	12	4
25	13	7
25	14	5
25	15	3
25	16	2
25	18	5
25	19	3
25	20	1
25	21	2
25	22	2
25	23	2
25	24	5
26	1	2
26	2	2
26	4	1
26	5	1
26	7	2
26	8	2
26	10	3
26	12	2
26	13	1
26	14	3
26	15	1
26	16	2
26	18	2
26	19	6
26	20	1
26	22	1
26	23	1
26	24	7
26	25	4
27	1	2
27	3	1
27	4	7
27	5	1
27	6	2
27	7	1
27	8	1
27	10	4
27	11	4
27	12	1
27	14	2
27	15	1
27	18	3
27	19	2
27	22	4
27	24	5
27	25	4
27	26	3
28	0	1
28	1	3
28	2	3
28	3	4
28	4	3
28	5	4
28	6	4
28	7	1
28	8	1
28	9	5
28	10	8
28	11	4
28	12	2
28	13	6
28	14	4
28	15	2
28	16	2
28	17	4
28	18	3
28	19	4
28	20	5
28	22	4
28	23	3
28	24	3
28	25	3
28	26	1
29	0	1
29	1	1
29	2	1
29	5	4
29	7	1
29	8	1
29	13	1
29	14	3
29	19	2
29	23	1
29	24	2
29	25	2
29	26	2
29	27	2
29	28	2
30	1	1
30	3	1
30	10	6
30	11	3
30	13	1
30	14	2
30	18	2
30	19	1
30	20	2
30	22	1
30	24	2
30	25	2
30	26	4
30	27	6
30	28	5
30	29	5
31	8	2
31	10	2
31	11	1
31	14	2
31	19	1
31	22	1
31	23	2
31	24	3
31	25	2
31	27	5
31	29	2
31	30	4
32	0	2
32	2	1
32	9	2
32	10	2
32	11	4
32	12	1
32	13	2
32	15	2
32	16	1
32	18	1
32	23	2
32	24	3
32	25	1
32	26	2
32	27	1
32	28	3
32	29	2
32	30	6
32	31	13
33	1	1
33	2	1
33	4	2
33	5	3
33	8	1
33	9	1
33	10	1
33	11	3
33	12	3
33	13	1
33	14	3
33	15	1
33	17	1
33	18	2
33	21	2
33	22	1
33	23	2
33	25	2
33	26	6
33	27	4
33	28	2
33	29	7
33	30	7
33	31	8
33	32	7
34	1	1
34	2	1
34	3	2
34	4	2
34	5	1
34	6	3
34	8	1
34	9	2
34	10	1
34	11	5
34	12	2
34	13	5
34	14	1
34	15	1
34	16	1
34	17	3
34	18	1
34	19	2
34	20	3
34	21	2
34	22	1
34	24	4
34	25	6
34	26	1
34	27	5
34	28	2
34	29	4
34	30	4
34	31	3
34	32	7
34	33	8
35	0	3
35	2	1
35	3	2
35	6	2
35	8	2
35	9	6
35	10	4
35	12	1
35	13	4
35	14	2
35	15	5
35	18	4
35	19	3
35	20	4
35	21	1
35	22	2
35	23	2
35	24	6
35	25	5
35	26	1
35	27	6
35	28	6
35	29	5
35	30	6
35	31	4
35	32	8
35	33	9
35	34	8
36	0	1
36	1	2
36	2	3
36	3	2
36	4	3
36	5	1
36	6	1
36	8	1
36	10	2
36	11	1
36	12	1
36	13	4
36	14	1
36	15	1
36	16	1
36	18	2
36	24	3
36	25	4
36	26	2
36	27	2
36	28	2
36	29	2
36	31	3
36	32	2
36	33	2
36	34	6
36	35	6
37	0	1
37	1	4
37	2	2
37	4	2
37	5	2
37	6	2
37	8	2
37	9	3
37	10	7
37	11	3
37	12	2
37	14	1
37	15	2
37	20	2
37	21	3
37	24	1
37	25	2
37	26	4
37	28	2
37	29	3
37	30	1
37	31	3
37	32	4
37	33	3
37	34	2
37	35	13
37	36	2
38	1	3
38	3	3
38	4	4
38	5	3
38	7	4
38	8	3
38	9	2
38	10	5
38	11	4
38	12	3
38	13	3
38	14	3
38	15	1
38	16	1
38	17	2
38	18	5
38	19	2
38	20	3
38	22	3
38	23	2
38	24	5
38	25	4
38	26	1
38	27	4
38	28	9
38	30	4
38	31	4
38	32	6
38	33	5
38	34	5
38	35	7
38	36	5
38	37	7
39	1	2
39	3	3
39	4	1
39	7	4
39	9	2
39	10	2
39	11	2
39	12	1
39	13	4
39	14	3
39	15	4
39	18	3
39	19	3
39	20	1
39	23	2
39	24	1
39	27	1
39	28	6
39	30	1
39	31	3
39	32	2
39	33	2
39	34	7
39	36	3
39	37	2
39	38	11
40	0	2
40	1	1
40	2	3
40	3	1
40	4	3
40	5	5
40	6	1
40	7	2
40	8	2
40	9	2
40	10	5
40	11	2
40	12	4
40	13	6
40	14	3
40	15	1
40	16	2
40	17	2
40	18	6
40	20	3
40	21	2
40	22	4
40	23	2
40	24	3
40	25	6
40	26	1
40	27	4
40	28	4
40	30	2
40	31	3
40	32	4
40	33	9
40	34	4
40	35	9
40	36	5
40	37	7
40	38	8
40	39	3
41	1	2
41	4	1
41	5	5
41	6	1
41	7	1
41	8	2
41	9	4
41	10	5
41	11	1
41	12	1
41	13	3
41	14	1
41	18	2
41	20	3
41	22	3
41	24	1
41	25	4
41	27	6
41	28	6
41	29	1
41	30	4
41	31	2
41	32	3
41	33	5
41	34	4
41	35	3
41	36	5
41	37	5
41	38	5
41	39	8
41	40	3
42	0	1
42	1	2
42	2	1
42	4	2
42	5	3
42	8	1
42	9	2
42	10	3
42	11	2
42	12	3
42	13	2
42	14	3
42	17	2
42	18	2
42	20	2
42	24	3
42	25	4
42	26	1
42	27	2
42	28	6
42	29	1
42	31	4
42	32	4
42	33	1
42	35	7
42	36	1
42	37	4
42	38	9
42	39	4
42	40	7
42	41	10
43	0	1
43	1	3
43	2	3
43	3	2
43	4	4
43	5	4
43	7	2
43	8	2
43	9	2
43	10	5
43	11	3
43	12	2
43	13	1
43	14	3
43	15	2
43	16	4
43	17	2
43	18	4
43	21	1
43	22	1
43	23	2
43	24	3
43	25	4
43	26	2
43	27	2
43	28	9
43	29	5
43	30	2
43	31	5
43	32	1
43	33	5
43	34	1
43	35	5
43	36	1
43	37	7
43	38	9
43	39	1
43	40	3
43	41	4
43	42	5
44	3	1
44	4	2
44	5	2
44	7	3
44	8	1
44	10	5
44	11	3
44	18	1
44	20	2
44	21	2
44	23	2
44	24	1
44	25	1
44	26	1
44	27	1
44	28	5
44	29	3
44	30	1
44	31	1
44	32	3
44	33	2
44	34	5
44	35	5
44	37	6
44	38	5
44	39	5
44	40	5
44	41	2
44	42	3
44	43	11
45	0	1
45	3	3
45	5	1
45	9	2
45	10	3
45	15	1
45	20	1
45	22	1
45	25	2
45	26	1
45	27	3
45	28	4
45	29	1
45	30	2
45	31	3
45	32	4
45	33	3
45	34	4
45	35	3
45	36	1
45	37	5
45	38	8
45	39	5
45	40	2
45	41	7
45	42	2
45	43	12
45	44	6
46	0	3
46	2	1
46	3	4
46	4	1
46	8	1
46	10	3
46	11	1
46	13	2
46	14	1
46	17	1
46	18	2
46	19	1
46	22	2
46	25	2
46	26	4
46	27	4
46	28	3
46	29	7
46	30	5
46	31	5
46	32	5
46	33	4
46	34	1
46	35	12
46	36	3
46	37	2
46	38	5
46	42	1
46	43	3
46	44	5
46	45	6
47	0	2
47	1	2
47	2	3
47	3	4
47	4	3
47	9	4
47	11	1
47	12	2
47	13	2
47	15	4
47	16	2
47	18	1
47	20	1
47	23	3
47	24	2
47	25	2
47	26	5
47	27	3
47	28	1
47	29	4
47	30	3
47	31	5
47	32	3
47	33	4
47	34	1
47	35	6
47	36	4
47	37	3
47	38	5
47	39	4
47	40	3
47	41	4
47	42	2
47	43	2
47	44	3
47	45	4
47	46	14
48	1	3
48	2	2
48	3	4
48	4	2
48	5	1
48	6	2
48	7	1
48	8	2
48	9	3
48	10	3
48	11	3
48	12	3
48	13	3
48	14	4
48	15	1
48	16	2
48	18	1
48	19	3
48	20	4
48	21	1
48	22	1
48	23	3
48	24	7
48	25	3
48	26	3
48	27	2
48	28	1
48	29	1
48	30	2
48	31	2
48	32	3
48	33	2
48	34	13
48	35	6
48	36	2
48	37	2
48	38	2
48	39	3
48	40	8
48	41	3
48	42	2
48	43	1
48	44	5
48	45	1
48	46	1
48	47	1
49	0	3
49	1	4
49	3	4
49	4	2
49	5	1
49	6	2
49	7	1
49	8	4
49	9	3
49	10	8
49	11	5
49	12	4
49	13	6
49	14	6
49	15	1
49	17	3
49	18	3
49	19	3
49	20	2
49	22	2
49	23	7
49	24	5
49	25	7
49	26	3
49	27	4
49	28	4
49	29	5
49	30	2
49	31	3
49	32	7
49	33	1
49	34	6
49	35	7
49	36	13
49	37	6
49	38	3
49	39	2
49	40	9
49	41	3
49	42	2
49	43	1
49	44	4
49	45	2
49	46	4
49	47	6
49	48	7
50	0	3
50	1	6
50	2	2
50	4	2
50	7	2
50	10	3
50	11	5
50	12	1
50	13	1
50	14	3
50	15	1
50	18	2
50	19	1
50	20	2
50	21	2
50	23	2
50	24	4
50	25	6
50	26	4
50	27	5
50	28	3
50	29	4
50	30	4
50	31	2
50	32	6
50	33	1
50	34	6
50	35	2
50	36	2
50	37	1
50	38	4
50	39	2
50	40	3
50	42	1
50	46	1
50	47	3
50	48	6
50	49	6
51	1	5
51	2	4
51	3	2
51	4	2
51	5	2
51	6	2
51	7	1
51	8	3
51	9	2
51	10	3
51	11	7
51	12	4
51	13	3
51	14	2
51	15	3
51	18	3
51	19	2
51	20	2
51	21	3
51	22	2
51	23	3
51	24	1
51	25	5
51	26	4
51	27	5
51	28	2
51	29	1
51	30	3
51	31	2
51	32	5
51	33	2
51	34	8
51	35	6
51	36	10
51	37	5
51	38	14
51	39	2
51	40	8
51	41	7
51	42	4
51	43	7
51	44	6
51	45	2
51	46	6
51	47	1
51	48	3
51	49	11
51	50	6
52	1	4
52	2	2
52	3	2
52	4	3
52	5	2
52	8	2
52	9	2
52	10	4
52	11	2
52	12	4
52	13	2
52	14	3
52	15	6
52	16	2
52	18	3
52	19	2
52	20	3
52	21	1
52	23	1
52	24	1
52	25	2
52	26	5
52	27	1
52	28	7
52	29	2
52	30	1
52	31	2
52	32	2
52	34	4
52	35	7
52	36	5
52	37	5
52	38	15
52	39	4
52	40	4
52	41	7
52	42	3
52	43	1
52	44	6
52	45	1
52	46	2
52	47	6
52	48	4
52	49	7
52	50	5
52	51	8
53	1	4
53	2	1
53	3	5
53	4	2
53	5	3
53	6	2
53	7	1
53	9	5
53	10	5
53	11	2
53	13	2
53	14	6
53	15	4
53	16	2
53	17	1
53	18	6
53	20	1
53	21	3
53	22	1
53	23	2
53	24	7
53	25	8
53	26	1
53	27	3
53	28	6
53	29	3
53	30	3
53	31	3
53	32	2
53	33	3
53	34	4
53	35	5
53	36	5
53	37	11
53	38	8
53	39	7
53	40	8
53	41	1
53	42	6
53	43	4
53	44	7
53	45	7
53	46	2
53	47	2
53	48	4
53	49	4
53	50	3
53	51	7
53	52	6
54	0	3
54	1	1
54	2	2
54	3	6
54	4	3
54	5	1
54	8	2
54	9	3
54	10	3
54	11	5
54	12	2
54	13	1
54	14	2
54	15	2
54	16	1
54	17	4
54	18	3
54	20	3
54	21	2
54	22	3
54	23	7
54	24	7
54	25	1
54	26	4
54	27	1
54	28	9
54	29	1
54	30	1
54	31	1
54	32	2
54	33	5
54	34	6
54	35	3
54	36	2
54	37	5
54	38	8
54	39	5
54	40	1
54	42	4
54	43	3
54	44	2
54	45	2
54	46	5
54	48	1
54	49	4
54	50	2
54	51	3
54	52	14
54	53	5
55	0	1
55	1	1
55	2	5
55	3	3
55	4	5
55	5	4
55	6	3
55	7	2
55	8	5
55	9	4
55	10	4
55	11	6
55	12	3
55	14	3
55	15	5
55	17	1
55	18	2
55	19	2
55	20	2
55	21	4
55	22	5
55	23	2
55	24	4
55	25	4
55	26	2
55	28	9
55	29	3
55	30	1
55	31	1
55	32	2
55	33	5
55	34	2
55	35	3
55	36	2
55	37	6
55	38	5
55	39	3
55	40	7
55	41	5
55	42	9
55	43	3
55	44	4
55	46	4
55	47	2
55	48	3
55	49	9
55	50	2
55	51	5
55	52	6
55	53	7
55	54	7
56	1	2
56	2	1
56	3	1
56	4	3
56	5	2
56	8	2
56	10	2
56	11	5
56	12	3
56	14	2
56	16	1
56	18	4
56	20	2
56	22	2
56	23	2
56	24	5
56	25	1
56	26	3
56	28	5
56	30	1
56	31	4
56	32	2
56	33	1
56	34	2
56	35	3
56	36	3
56	37	3
56	38	5
56	39	5
56	40	1
56	41	4
56	42	3
56	43	3
56	44	3
56	45	4
56	46	4
56	47	4
56	48	2
56	49	4
56	50	3
56	51	3
56	52	6
56	53	7
56	54	6
56	55	6
57	0	1
57	1	4
57	2	3
57	3	2
57	4	2
57	6	2
57	8	1
57	9	4
57	10	2
57	11	2
57	12	3
57	13	1
57	14	1
57	15	1
57	16	1
57	18	1
57	19	2
57	20	2
57	22	2
57	24	4
57	25	3
57	26	5
57	27	4
57	28	4
57	29	1
57	30	3
57	31	1
57	32	2
57	33	2
57	34	4
57	35	4
57	36	8
57	37	4
57	38	8
57	39	3
57	40	4
57	41	1
57	42	4
57	44	1
57	45	3
57	46	6
57	47	6
57	48	1
57	49	5
57	50	1
57	51	7
57	52	8
57	53	13
57	54	8
57	55	6
57	56	4
58	1	2
58	2	3
58	3	1
58	4	1
58	6	1
58	10	2
58	11	1
58	14	3
58	16	1
58	22	1
58	24	3
58	25	1
58	26	1
58	27	1
58	28	7
58	29	1
58	30	1
58	31	3
58	32	6
58	33	3
58	34	2
58	35	1
58	36	4
58	37	1
58	38	6
58	39	5
58	40	6
58	41	3
58	42	2
58	43	3
58	44	4
58	45	4
58	46	3
58	47	4
58	48	3
58	49	5
58	50	3
58	51	5
58	52	5
58	53	5
58	54	1
58	55	2
58	56	6
58	57	8
59	1	2
59	2	6
59	3	2
59	4	5
59	5	3
59	6	1
59	8	1
59	9	2
59	10	1
59	11	3
59	12	3
59	13	1
59	14	4
59	15	3
59	16	3
59	17	1
59	18	2
59	19	1
59	20	4
59	21	1
59	22	1
59	23	5
59	24	5
59	25	4
59	26	2
59	27	1
59	28	4
59	30	1
59	31	1
59	32	1
59	33	4
59	34	5
59	35	5
59	36	5
59	37	2
59	38	7
59	39	4
59	40	5
59	41	1
59	42	1
59	44	6
59	45	3
59	46	3
59	47	3
59	48	4
59	49	10
59	50	6
59	51	6
59	52	9
59	53	4
59	54	8
59	55	6
59	56	3
59	57	7
60	0	1
60	1	3
60	2	2
60	3	2
60	4	1
60	7	1
60	8	2
60	10	2
60	11	5
60	13	1
60	14	2
60	15	2
60	17	4
60	18	1
60	19	2
60	24	3
60	25	2
60	26	1
60	27	2
60	29	2
60	30	1
60	31	4
60	32	3
60	33	7
60	34	1
60	35	6
60	36	7
60	37	6
60	38	3
60	39	2
60	40	2
60	41	5
60	42	1
60	43	2
60	44	3
60	45	1
60	46	7
60	47	6
60	48	3
60	49	2
60	50	1
60	51	3
60	52	3
60	53	1
60	54	4
60	55	4
60	56	3
60	57	18
60	58	8
60	59	6
