1	0	7
2	0	2
2	1	3
3	0	1
3	1	3
3	2	8
4	0	1
4	2	13
4	3	12
5	0	2
5	1	2
5	2	6
5	3	2
5	4	2
6	0	3
6	1	5
6	2	2
6	3	2
6	4	2
6	5	3
7	0	3
7	1	2
7	4	1
7	5	2
7	6	2
8	0	6
8	1	6
8	3	2
8	4	5
8	5	4
8	6	5
8	7	7
9	0	1
9	1	5
9	2	3
9	3	1
9	4	3
9	5	3
9	6	6
9	7	10
9	8	4
10	0	3
10	1	2
10	2	5
10	3	2
10	4	2
10	5	6
10	6	6
10	7	7
10	8	6
10	9	15
11	0	4
11	1	6
11	2	1
11	3	6
11	4	4
11	5	1
11	6	5
11	7	7
11	8	3
11	9	6
11	10	11
12	0	4
12	1	8
12	2	6
12	3	5
12	4	7
12	5	9
12	6	9
12	7	3
12	8	8
12	9	4
12	10	6
12	11	5
13	0	6
13	1	7
13	2	2
13	4	7
13	5	1
13	6	8
13	7	2
13	8	8
13	9	7
13	10	1
13	11	9
13	12	7
14	0	2
14	1	6
14	2	7
14	3	3
14	4	5
14	5	2
14	6	1
14	7	4
14	8	6
14	9	7
14	10	2
14	11	4
14	12	6
14	13	7
15	0	6
15	1	4
15	2	7
15	3	6
15	4	4
15	5	4
15	6	2
15	7	2
15	8	7
15	9	5
15	10	6
15	11	8
15	12	7
15	13	6
15	14	4
16	0	3
16	1	3
16	2	7
16	3	1
16	4	3
16	5	2
16	6	1
16	7	2
16	8	4
16	9	4
16	10	2
16	11	5
16	12	2
16	13	1
16	14	1
16	15	4
17	0	5
17	1	4
17	2	3
17	3	4
17	4	2
17	5	6
17	6	3
17	7	1
17	8	8
17	9	5
17	10	2
17	12	3
17	13	2
17	15	6
17	16	10
18	0	2
18	1	3
18	2	1
18	3	3
18	4	5
18	5	7
18	6	5
18	7	3
18	8	1
18	9	3
18	10	7
18	11	4
18	12	4
18	13	3
18	14	4
18	15	2
18	16	1
19	0	2
19	1	5
19	2	6
19	3	6
19	4	4
19	7	1
19	8	4
19	9	1
19	10	2
19	12	4
19	13	6
19	14	5
19	15	7
19	16	4
19	17	5
19	18	3
20	0	3
20	1	1
20	2	7
20	3	3
20	4	5
20	5	1
20	6	4
20	7	3
20	8	6
20	9	1
20	10	3
20	11	4
20	12	8
20	13	5
20	14	7
20	15	6
20	16	2
20	17	1
20	18	1
20	19	1
21	0	3
21	1	5
21	2	12
21	3	4
21	4	3
21	5	7
21	6	4
21	7	3
21	8	3
21	9	5
21	10	3
21	11	2
21	12	8
21	13	3
21	14	4
21	15	9
21	16	4
21	17	9
21	18	2
21	19	3
22	2	3
22	3	2
22	4	6
22	5	6
22	6	7
22	7	2
22	8	4
22	10	5
22	11	6
22	12	5
22	13	2
22	14	4
22	15	6
22	16	6
22	17	4
22	18	4
22	19	2
22	20	8
22	21	5
23	0	1
23	1	5
23	2	3
23	3	2
23	4	8
23	5	4
23	8	2
23	9	1
23	10	3
23	11	3
23	12	2
23	13	4
23	14	3
23	15	5
23	17	3
23	18	1
23	19	1
23	20	3
23	21	2
24	0	3
24	1	3
24	2	4
24	3	3
24	4	5
24	5	1
24	6	3
24	7	4
24	8	3
24	9	4
24	10	4
24	11	4
24	12	3
24	13	3
24	14	4
24	15	3
24	17	3
24	18	5
24	19	3
24	20	3
24	21	1
24	22	2
24	23	4
25	0	3
25	1	7
25	2	4
25	3	1
25	4	5
25	5	5
25	6	1
25	7	2
25	9	4
25	10	5
25	11	4
25	12	6
25	13	6
25	14	3
25	15	4
25	16	1
25	17	1
25	18	2
25	19	1
25	20	4
25	21	3
25	22	2
25	24	5
26	0	2
26	1	2
26	2	3
26	4	3
26	5	1
26	8	3
26	10	4
26	12	1
26	13	2
26	14	3
26	15	2
26	17	2
26	18	3
26	19	3
26	20	1
26	22	2
26	23	2
26	24	3
27	1	2
27	2	1
27	4	2
27	7	2
27	8	3
27	9	1
27	10	2
27	11	2
27	12	1
27	13	1
27	14	4
27	15	2
27	17	1
27	18	2
27	19	1
27	23	2
27	24	3
27	25	5
27	26	5
28	0	1
28	2	1
28	3	4
28	4	8
28	5	7
28	6	1
28	7	1
28	8	1
28	9	2
28	10	7
28	11	2
28	12	5
28	13	7
28	14	5
28	15	5
28	17	1
28	18	6
28	19	1
28	20	4
28	21	5
28	22	6
28	23	4
28	24	7
28	25	2
28	26	2
28	27	2
29	0	1
29	1	2
29	2	2
29	7	2
29	8	2
29	10	2
29	12	3
29	13	3
29	19	1
29	24	3
29	25	3
29	28	2
30	1	3
30	3	2
30	5	3
30	7	1
30	8	2
30	9	2
30	10	3
30	11	3
30	12	3
30	13	2
30	14	1
30	17	2
30	18	1
30	20	4
30	24	4
30	25	7
30	26	3
30	28	3
30	29	7
31	5	1
31	9	5
31	10	1
31	14	2
31	19	2
31	21	1
31	23	1
31	24	3
31	25	3
31	27	2
31	28	3
31	29	5
31	30	9
32	2	1
32	4	2
32	8	5
32	10	3
32	11	2
32	12	2
32	14	2
32	17	1
32	20	2
32	22	3
32	23	2
32	24	4
32	25	2
32	26	3
32	27	1
32	28	3
32	29	9
32	30	4
32	31	4
33	0	2
33	1	1
33	2	1
33	3	1
33	5	1
33	8	1
33	9	2
33	10	3
33	13	3
33	14	2
33	15	2
33	17	1
33	18	1
33	21	1
33	23	1
33	24	5
33	25	5
33	26	2
33	27	7
33	28	4
33	29	10
33	30	5
33	31	3
33	32	10
34	1	2
34	2	3
34	3	4
34	4	2
34	5	2
34	6	2
34	8	2
34	10	3
34	11	4
34	12	1
34	13	1
34	14	2
34	15	1
34	17	2
34	18	4
34	19	3
34	21	4
34	22	1
34	23	4
34	24	3
34	25	5
34	26	3
34	27	6
34	28	2
34	29	2
34	30	4
34	31	4
34	32	1
34	33	7
35	0	1
35	1	3
35	2	2
35	3	2
35	5	2
35	6	1
35	10	3
35	12	2
35	13	1
35	15	1
35	17	1
35	18	4
35	20	1
35	21	3
35	22	5
35	23	1
35	24	1
35	25	2
35	26	3
35	27	5
35	28	1
35	29	4
35	30	8
35	31	8
35	32	3
35	33	12
35	34	6
36	1	3
36	3	1
36	4	4
36	5	1
36	6	1
36	10	2
36	11	1
36	12	2
36	14	1
36	15	1
36	18	2
36	23	4
36	24	8
36	25	3
36	26	2
36	27	2
36	28	1
36	29	1
36	30	2
36	31	1
36	32	2
36	33	1
36	34	4
36	35	10
37	0	5
37	1	3
37	2	4
37	4	3
37	7	1
37	8	1
37	10	3
37	11	2
37	12	2
37	13	1
37	14	3
37	18	1
37	20	4
37	21	4
37	24	2
37	25	3
37	26	1
37	27	2
37	28	2
37	29	2
37	30	4
37	31	7
37	32	3
37	33	4
37	34	9
37	35	9
37	36	5
38	0	1
38	1	2
38	2	5
38	4	4
38	5	6
38	6	3
38	7	4
38	8	4
38	9	4
38	10	2
38	11	4
38	14	2
38	15	2
38	16	2
38	17	1
38	18	2
38	19	3
38	20	2
38	21	2
38	22	1
38	23	7
38	24	7
38	25	5
38	26	3
38	27	3
38	28	9
38	30	6
38	31	4
38	32	8
38	33	4
38	34	6
38	35	6
38	36	5
38	37	7
39	1	1
39	2	1
39	3	3
39	4	3
39	5	5
39	6	2
39	7	2
39	8	1
39	9	2
39	10	6
39	11	2
39	12	3
39	13	2
39	14	3
39	15	2
39	18	4
39	19	4
39	20	1
39	21	2
39	22	1
39	23	2
39	24	3
39	25	3
39	26	3
39	27	4
39	28	10
39	29	3
39	31	5
39	32	3
39	33	1
39	34	3
39	36	2
39	37	4
39	38	5
40	1	8
40	2	3
40	4	1
40	6	3
40	8	5
40	10	4
40	11	5
40	12	2
40	13	3
40	14	1
40	15	2
40	16	2
40	17	2
40	18	2
40	19	2
40	20	4
40	21	2
40	22	1
40	23	3
40	24	4
40	25	6
40	26	2
40	27	3
40	28	6
40	29	2
40	30	2
40	31	6
40	32	7
40	33	6
40	34	1
40	35	5
40	36	6
40	37	6
40	38	7
40	39	5
41	1	1
41	4	2
41	5	2
41	6	1
41	7	4
41	8	2
41	10	2
41	12	2
41	13	1
41	14	1
41	15	1
41	18	2
41	20	4
41	24	3
41	25	3
41	26	1
41	27	3
41	28	2
41	29	3
41	30	3
41	31	2
41	32	7
41	33	1
41	34	2
41	35	6
41	36	2
41	37	6
41	38	5
41	39	4
41	40	5
42	1	1
42	2	2
42	3	1
42	4	5
42	5	2
42	6	2
42	8	1
42	9	2
42	10	1
42	11	1
42	12	2
42	13	2
42	14	1
42	15	1
42	17	2
42	18	2
42	19	1
42	20	2
42	24	4
42	26	1
42	28	1
42	29	1
42	30	4
42	31	1
42	33	5
42	34	2
42	35	3
42	36	4
42	37	5
42	38	9
42	39	3
42	40	8
42	41	10
43	1	2
43	2	2
43	3	2
43	4	1
43	5	1
43	8	1
43	9	2
43	10	2
43	12	2
43	13	1
43	14	5
43	15	1
43	18	1
43	21	1
43	23	1
43	24	4
43	25	2
43	26	2
43	27	2
43	28	4
43	29	5
43	30	4
43	31	2
43	32	2
43	33	3
43	34	2
43	35	4
43	36	7
43	37	6
43	38	8
43	39	6
43	40	3
43	41	6
43	42	7
44	4	2
44	5	3
44	7	3
44	8	2
44	9	2
44	10	4
44	11	2
44	19	2
44	20	3
44	21	2
44	23	3
44	24	2
44	25	3
44	26	2
44	27	2
44	28	1
44	29	4
44	30	3
44	31	3
44	32	3
44	33	3
44	34	3
44	35	2
44	36	6
44	37	8
44	38	3
44	39	8
44	40	4
44	41	2
44	42	5
44	43	3
45	0	5
45	3	1
45	9	2
45	11	1
45	15	2
45	19	3
45	20	1
45	22	4
45	23	3
45	24	2
45	26	4
45	27	4
45	28	1
45	29	2
45	30	2
45	31	5
45	32	2
45	33	4
45	34	3
45	35	2
45	36	2
45	37	3
45	38	6
45	39	3
45	40	1
45	41	2
45	42	2
45	43	12
45	44	6
46	0	3
46	1	1
46	3	2
46	4	2
46	8	1
46	10	4
46	11	1
46	14	3
46	15	2
46	18	3
46	19	4
46	23	2
46	24	1
46	25	1
46	26	1
46	27	1
46	28	2
46	29	4
46	30	3
46	31	3
46	32	6
46	33	6
46	34	4
46	35	11
46	36	3
46	37	6
46	38	11
46	39	4
46	40	2
46	41	3
46	42	2
46	43	6
46	44	3
46	45	5
47	0	1
47	1	2
47	2	2
47	3	2
47	4	2
47	9	1
47	10	1
47	11	3
47	12	1
47	13	1
47	16	2
47	17	1
47	20	2
47	23	2
47	24	2
47	25	2
47	26	7
47	27	5
47	28	1
47	29	3
47	30	2
47	31	5
47	32	3
47	33	6
47	34	5
47	35	8
47	36	2
47	37	2
47	38	4
47	40	1
47	41	2
47	42	3
47	43	3
47	44	4
47	45	4
47	46	7
48	1	5
48	2	2
48	3	2
48	4	1
48	5	1
48	6	2
48	7	4
48	8	2
48	9	1
48	10	10
48	11	9
48	12	4
48	13	4
48	15	3
48	16	5
48	18	1
48	19	2
48	20	2
48	21	3
48	22	1
48	23	2
48	24	2
48	25	2
48	27	4
48	28	6
48	29	1
48	30	2
48	31	2
48	32	2
48	33	2
48	34	4
48	35	10
48	36	3
48	37	4
48	38	2
48	39	1
48	40	6
48	41	2
48	42	3
48	43	3
48	44	4
48	45	1
48	46	3
48	47	1
49	0	1
49	1	6
49	2	4
49	3	7
49	4	3
49	5	1
49	6	1
49	7	1
49	8	2
49	9	1
49	10	4
49	11	6
49	12	3
49	13	2
49	15	6
49	16	1
49	17	2
49	18	4
49	19	2
49	20	5
49	22	3
49	23	2
49	24	7
49	25	4
49	26	4
49	27	2
49	28	4
49	29	3
49	30	1
49	31	1
49	32	2
49	33	9
49	34	8
49	35	12
49	36	6
49	37	4
49	38	3
49	39	4
49	40	6
49	41	5
49	42	4
49	43	3
49	44	1
49	45	4
49	46	4
49	47	5
49	48	15
50	2	2
50	4	4
50	7	2
50	8	1
50	9	2
50	11	2
50	12	4
50	13	1
50	14	5
50	15	3
50	18	2
50	19	3
50	20	2
50	21	1
50	23	1
50	24	7
50	25	2
50	26	6
50	27	3
50	28	2
50	29	1
50	31	2
50	33	5
50	34	8
50	35	5
50	36	6
50	37	2
50	38	3
50	39	1
50	40	2
50	41	3
50	42	1
50	43	6
50	45	1
50	47	2
50	48	11
50	49	8
51	1	6
51	3	2
51	4	2
51	5	5
51	6	1
51	8	1
51	9	2
51	10	4
51	11	1
51	12	3
51	13	3
51	14	4
51	15	1
51	18	3
51	19	3
51	20	5
51	22	1
51	23	4
51	24	5
51	25	5
51	26	6
51	27	3
51	28	6
51	29	7
51	30	3
51	31	3
51	32	4
51	33	4
51	34	8
51	35	8
51	36	3
51	37	3
51	38	14
51	39	4
51	40	7
51	41	5
51	42	2
51	43	1
51	44	2
51	45	1
51	46	5
51	47	2
51	48	8
51	49	14
51	50	1
52	1	6
52	2	1
52	3	2
52	4	3
52	5	4
52	7	3
52	9	2
52	10	2
52	12	3
52	13	3
52	14	7
52	16	1
52	18	2
52	19	1
52	20	1
52	21	1
52	22	3
52	23	5
52	24	5
52	25	2
52	26	6
52	27	2
52	28	6
52	29	1
52	30	2
52	31	1
52	32	3
52	33	4
52	34	2
52	35	4
52	36	8
52	37	3
52	38	11
52	39	6
52	40	6
52	41	1
52	42	3
52	43	3
52	45	1
52	47	6
52	48	6
52	49	9
52	50	2
52	51	13
53	1	4
53	2	2
53	3	2
53	4	2
53	5	4
53	6	3
53	7	6
53	8	1
53	9	3
53	10	1
53	11	3
53	12	3
53	13	4
53	14	1
53	15	5
53	16	2
53	18	5
53	19	1
53	20	4
53	21	1
53	22	3
53	23	2
53	24	5
53	25	2
53	26	3
53	27	6
53	28	2
53	29	2
53	30	3
53	31	1
53	32	6
53	33	5
53	34	6
53	35	3
53	36	3
53	37	10
53	38	15
53	39	3
53	40	14
53	41	11
53	42	7
53	43	1
53	44	8
53	45	4
53	46	1
53	47	1
53	48	4
53	49	5
53	50	5
53	51	9
53	52	6
54	2	3
54	4	3
54	5	3
54	8	3
54	9	1
54	12	4
54	13	3
54	14	3
54	15	1
54	16	1
54	17	2
54	18	3
54	19	3
54	20	4
54	21	2
54	22	2
54	23	5
54	24	5
54	25	1
54	26	3
54	27	3
54	28	10
54	29	1
54	30	2
54	31	1
54	32	2
54	33	4
54	34	3
54	36	6
54	37	1
54	38	8
54	39	2
54	40	2
54	41	1
54	42	1
54	43	2
54	44	1
54	45	2
54	47	3
54	48	1
54	49	7
54	51	4
54	52	7
54	53	4
55	0	3
55	1	9
55	2	1
55	3	2
55	4	5
55	5	4
55	6	3
55	8	2
55	9	1
55	10	4
55	11	2
55	12	2
55	13	4
55	14	2
55	16	3
55	17	3
55	18	3
55	19	2
55	20	8
55	21	1
55	22	1
55	23	3
55	24	5
55	25	4
55	26	3
55	27	1
55	28	9
55	30	1
55	32	1
55	33	1
55	34	2
55	35	6
55	36	1
55	37	3
55	38	9
55	39	6
55	40	2
55	41	6
55	42	3
55	43	1
55	44	3
55	45	2
55	46	2
55	47	2
55	48	5
55	49	7
55	51	8
55	52	5
55	53	17
55	54	14
56	0	2
56	1	1
56	3	3
56	4	3
56	5	3
56	8	3
56	9	2
56	10	4
56	13	1
56	14	3
56	15	1
56	18	5
56	19	2
56	20	1
56	21	1
56	22	3
56	23	3
56	24	2
56	25	2
56	26	3
56	27	1
56	28	9
56	30	1
56	31	1
56	32	2
56	33	2
56	34	3
56	35	2
56	36	5
56	37	3
56	38	11
56	39	9
56	40	3
56	41	4
56	42	4
56	43	2
56	44	8
56	45	5
56	46	2
56	47	1
56	48	6
56	49	4
56	50	1
56	51	5
56	52	8
56	53	5
56	55	8
57	2	2
57	3	5
57	4	1
57	6	2
57	8	5
57	9	2
57	10	1
57	11	3
57	12	3
57	13	2
57	14	1
57	15	2
57	18	3
57	19	2
57	20	1
57	22	1
57	23	1
57	24	6
57	25	1
57	26	2
57	27	3
57	28	2
57	29	3
57	30	2
57	31	1
57	32	2
57	33	1
57	34	5
57	35	9
57	36	8
57	37	5
57	38	7
57	39	1
57	40	3
57	41	3
57	43	2
57	44	5
57	45	4
57	46	3
57	47	3
57	48	2
57	49	7
57	50	6
57	51	5
57	52	15
57	53	3
57	54	9
57	55	5
57	56	4
58	0	2
58	3	2
58	4	3
58	6	2
58	7	3
58	10	4
58	14	3
58	16	1
58	17	1
58	18	3
58	22	2
58	24	5
58	25	4
58	26	4
58	27	4
58	28	1
58	29	2
58	30	3
58	31	4
58	32	3
58	33	4
58	34	4
58	35	4
58	36	5
58	37	3
58	38	3
58	39	4
58	40	6
58	41	3
58	42	8
58	43	4
58	44	4
58	45	8
58	46	6
58	47	7
58	48	2
58	49	4
58	50	1
58	51	3
58	52	4
58	53	4
58	54	5
58	55	1
58	56	5
58	57	12
59	1	2
59	4	3
59	5	4
59	6	2
59	8	1
59	9	3
59	10	6
59	11	4
59	12	3
59	14	1
59	15	5
59	16	2
59	17	2
59	19	5
59	21	1
59	22	1
59	23	2
59	24	6
59	25	2
59	26	3
59	27	1
59	28	5
59	29	4
59	30	3
59	31	5
59	32	4
59	33	2
59	34	7
59	35	3
59	36	6
59	37	3
59	38	4
59	39	3
59	40	2
59	41	5
59	42	2
59	44	4
59	45	1
59	46	7
59	47	2
59	48	4
59	49	6
59	50	4
59	51	5
59	52	10
59	53	3
59	54	8
59	55	8
59	56	3
59	57	8
59	58	4
60	0	2
60	1	3
60	2	2
60	3	1
60	4	1
60	7	1
60	8	3
60	10	3
60	11	1
60	12	1
60	13	1
60	15	3
60	18	2
60	19	2
60	20	2
60	24	6
60	25	4
60	26	4
60	28	4
60	29	2
60	30	3
60	31	1
60	32	3
60	34	2
60	35	3
60	36	5
60	37	5
60	38	3
60	39	7
60	40	3
60	41	1
60	42	1
60	43	3
60	44	4
60	45	6
60	46	3
60	47	5
60	48	3
60	49	2
60	50	2
60	51	7
60	52	6
60	53	1
60	54	2
60	55	1
60	56	5
60	57	10
60	58	5
60	59	2
