1	0	4
2	0	3
2	1	3
3	0	2
3	1	9
3	2	5
4	0	5
4	1	2
4	2	8
4	3	12
5	0	3
5	1	3
5	2	1
5	3	2
5	4	3
6	1	4
6	2	2
6	3	2
6	4	3
6	5	5
7	0	1
7	1	7
7	2	3
7	3	2
7	4	5
7	5	2
7	6	8
8	0	4
8	1	4
8	2	5
8	3	7
8	4	2
8	5	5
8	6	10
8	7	6
9	0	2
9	1	3
9	3	3
9	4	3
9	5	3
9	6	7
9	7	10
9	8	4
10	0	5
10	1	6
10	2	5
10	3	5
10	4	3
10	5	6
10	6	5
10	7	1
10	8	4
10	9	5
11	1	5
11	2	4
11	3	1
11	4	2
11	5	5
11	6	2
11	7	2
11	8	5
11	9	11
11	10	5
12	0	3
12	1	6
12	2	6
12	3	2
12	4	7
12	5	6
12	6	6
12	7	2
12	8	6
12	9	5
12	10	10
12	11	10
13	0	8
13	1	6
13	2	2
13	3	1
13	4	2
13	5	4
13	6	4
13	7	3
13	8	7
13	9	5
13	10	3
13	11	7
13	12	4
14	0	3
14	1	7
14	2	6
14	4	12
14	5	3
14	6	2
14	7	3
14	8	11
14	9	6
14	10	11
14	11	7
14	12	13
14	13	7
15	0	8
15	1	3
15	2	5
15	3	3
15	4	4
15	5	2
15	6	3
15	7	6
15	8	5
15	9	6
15	10	3
15	11	2
15	12	7
15	13	10
15	14	10
16	0	1
16	2	3
16	3	5
16	4	3
16	5	2
16	6	3
16	7	1
16	8	4
16	9	2
16	10	1
16	11	1
16	12	4
16	13	2
16	14	3
16	15	3
17	0	4
17	1	1
17	2	5
17	3	3
17	4	5
17	5	5
17	6	3
17	8	4
17	9	5
17	10	3
17	11	2
17	12	5
17	13	3
17	14	4
17	15	3
17	16	5
18	1	6
18	2	4
18	3	1
18	4	5
18	5	4
18	6	3
18	7	4
18	8	1
18	9	5
18	10	8
18	11	2
18	12	7
18	13	1
18	14	6
18	15	2
18	16	4
18	17	3
19	1	9
19	2	5
19	3	4
19	4	9
19	5	3
19	6	3
19	7	4
19	8	8
19	9	5
19	10	2
19	11	5
19	12	3
19	13	4
19	14	6
19	15	3
19	16	3
19	17	7
20	0	1
20	1	4
20	2	11
20	3	5
20	4	12
20	5	5
20	6	2
20	7	2
20	8	8
20	9	5
20	10	4
20	11	2
20	12	7
20	13	5
20	14	6
20	15	3
20	16	2
20	17	2
20	18	4
20	19	7
21	0	3
21	1	5
21	2	4
21	3	2
21	4	5
21	5	2
21	6	2
21	7	5
21	8	6
21	9	5
21	10	6
21	11	1
21	12	4
21	13	5
21	14	3
21	15	10
21	16	2
21	17	6
21	18	6
21	19	6
21	20	5
22	1	2
22	2	5
22	3	3
22	4	5
22	5	6
22	6	1
22	7	2
22	8	3
22	9	4
22	10	2
22	11	2
22	12	3
22	13	4
22	14	4
22	15	2
22	16	5
22	17	1
22	18	3
22	19	2
22	20	2
22	21	2
23	0	5
23	1	3
23	2	1
23	3	1
23	4	2
23	5	2
23	8	1
23	10	1
23	11	4
23	12	3
23	13	1
23	14	1
23	15	4
23	17	2
23	18	2
23	19	3
23	20	2
23	21	5
23	22	3
24	0	7
24	1	5
24	2	4
24	3	3
24	4	6
24	5	1
24	6	1
24	7	3
24	8	6
24	9	3
24	10	4
24	11	4
24	12	4
24	13	5
24	14	4
24	15	6
24	16	1
24	17	4
24	18	4
24	19	4
24	20	5
24	22	1
24	23	5
25	0	4
25	1	4
25	2	1
25	3	2
25	4	3
25	5	2
25	6	5
25	7	2
25	8	5
25	9	5
25	10	4
25	11	3
25	12	1
25	13	1
25	14	6
25	15	2
25	17	4
25	18	3
25	19	3
25	20	1
25	21	3
25	22	2
25	23	1
25	24	3
26	1	1
26	2	1
26	4	2
26	5	2
26	7	3
26	8	2
26	10	1
26	12	1
26	13	3
26	14	2
26	15	3
26	17	1
26	18	2
26	19	4
26	20	4
26	22	1
26	23	2
26	24	5
26	25	1
27	1	1
27	2	4
27	3	1
27	5	1
27	7	1
27	8	3
27	9	2
27	10	1
27	11	2
27	12	5
27	14	2
27	15	2
27	17	2
27	18	1
27	19	1
27	23	4
27	24	6
27	25	5
27	26	8
28	0	3
28	1	3
28	2	3
28	3	3
28	4	8
28	5	3
28	6	3
28	7	4
28	9	6
28	10	4
28	11	3
28	12	3
28	13	1
28	14	6
28	15	2
28	16	1
28	18	7
28	19	2
28	20	5
28	21	2
28	22	3
28	23	3
28	24	2
28	25	4
28	26	1
28	27	3
29	1	2
29	2	2
29	4	1
29	7	2
29	10	3
29	14	4
29	16	3
29	18	2
29	19	1
29	20	1
29	23	1
29	24	2
29	25	3
29	26	3
29	27	1
29	28	2
30	1	1
30	3	1
30	5	1
30	8	2
30	10	3
30	11	3
30	12	3
30	13	1
30	14	1
30	17	1
30	18	1
30	19	1
30	24	1
30	25	5
30	26	2
30	27	2
30	28	3
30	29	3
31	4	3
31	5	2
31	8	2
31	9	4
31	10	1
31	11	1
31	14	2
31	21	2
31	22	1
31	23	3
31	24	1
31	25	1
31	26	2
31	27	4
31	28	3
31	29	4
31	30	4
32	1	2
32	2	3
32	4	1
32	8	5
32	9	2
32	10	2
32	11	3
32	12	4
32	13	1
32	14	1
32	15	2
32	18	4
32	23	1
32	24	1
32	25	2
32	26	1
32	28	1
32	29	5
32	30	5
32	31	8
33	0	1
33	1	4
33	2	2
33	3	2
33	4	1
33	5	2
33	8	2
33	10	2
33	11	1
33	12	3
33	13	2
33	15	2
33	18	3
33	19	4
33	21	1
33	22	5
33	23	1
33	24	1
33	25	1
33	26	5
33	27	5
33	28	2
33	29	6
33	30	2
33	31	2
33	32	9
34	1	3
34	2	2
34	3	1
34	4	3
34	5	1
34	6	2
34	8	1
34	9	2
34	10	4
34	11	6
34	12	1
34	13	1
34	14	2
34	15	1
34	17	3
34	18	3
34	19	1
34	20	1
34	22	4
34	23	2
34	24	6
34	25	4
34	26	1
34	27	4
34	28	2
34	29	3
34	30	4
34	31	3
34	32	3
34	33	4
35	0	1
35	1	5
35	3	3
35	4	2
35	5	2
35	6	2
35	8	5
35	9	3
35	10	4
35	11	2
35	12	5
35	13	6
35	14	3
35	15	1
35	16	1
35	19	1
35	20	1
35	22	2
35	23	2
35	24	5
35	25	3
35	26	3
35	27	6
35	28	2
35	29	4
35	30	5
35	31	7
35	32	4
35	33	13
35	34	11
36	1	3
36	2	2
36	3	3
36	4	3
36	5	2
36	6	1
36	10	2
36	11	1
36	12	3
36	13	1
36	14	3
36	15	3
36	16	2
36	18	2
36	22	2
36	24	2
36	26	4
36	27	2
36	28	2
36	29	1
36	31	2
36	33	3
36	34	5
36	35	5
37	1	1
37	2	3
37	5	3
37	6	3
37	7	1
37	8	2
37	10	5
37	11	4
37	12	4
37	13	1
37	14	1
37	15	2
37	18	4
37	19	2
37	20	4
37	21	1
37	24	4
37	25	2
37	26	3
37	27	1
37	29	2
37	30	5
37	31	6
37	32	6
37	33	3
37	34	8
37	35	5
37	36	7
38	1	2
38	2	1
38	3	3
38	4	2
38	6	1
38	7	1
38	8	2
38	9	3
38	10	4
38	11	2
38	12	4
38	13	2
38	14	2
38	15	1
38	17	1
38	18	3
38	19	2
38	20	3
38	21	4
38	22	2
38	23	3
38	24	5
38	25	4
38	26	4
38	27	2
38	28	7
38	29	2
38	30	3
38	31	8
38	32	3
38	33	6
38	34	4
38	35	6
38	36	5
38	37	10
39	1	4
39	4	5
39	5	2
39	7	3
39	8	1
39	9	2
39	10	3
39	11	4
39	12	3
39	13	4
39	14	2
39	15	1
39	16	1
39	18	3
39	19	3
39	20	2
39	21	1
39	22	2
39	23	1
39	24	2
39	25	2
39	27	1
39	28	8
39	29	3
39	30	2
39	31	3
39	32	4
39	34	2
39	36	3
39	37	7
39	38	15
40	0	1
40	1	3
40	4	1
40	5	1
40	7	1
40	8	3
40	9	5
40	10	6
40	11	7
40	12	2
40	13	3
40	14	4
40	16	5
40	17	3
40	18	5
40	19	3
40	20	3
40	23	2
40	24	10
40	25	6
40	26	3
40	27	8
40	28	5
40	29	4
40	30	7
40	31	6
40	32	3
40	33	4
40	34	9
40	36	3
40	37	6
40	38	8
40	39	5
41	4	2
41	5	5
41	6	10
41	8	7
41	10	4
41	11	3
41	12	2
41	14	2
41	15	2
41	16	4
41	18	3
41	20	2
41	22	3
41	24	2
41	25	2
41	26	2
41	27	3
41	28	3
41	29	5
41	30	2
41	31	3
41	32	5
41	33	5
41	34	3
41	35	6
41	36	1
41	37	7
41	38	3
41	39	7
41	40	3
42	2	1
42	3	2
42	4	3
42	5	2
42	6	1
42	8	3
42	10	3
42	11	3
42	12	2
42	13	2
42	14	5
42	15	5
42	17	1
42	18	3
42	19	5
42	24	3
42	26	1
42	27	3
42	28	2
42	29	2
42	31	2
42	32	3
42	33	1
42	34	3
42	35	6
42	36	1
42	37	3
42	38	6
42	39	12
42	40	6
42	41	7
43	0	3
43	1	2
43	2	2
43	3	2
43	4	2
43	5	1
43	7	2
43	8	1
43	9	2
43	10	3
43	11	5
43	12	2
43	13	2
43	14	2
43	15	3
43	17	1
43	18	2
43	20	1
43	23	5
43	24	1
43	25	4
43	26	4
43	27	1
43	28	3
43	29	4
43	30	5
43	31	4
43	32	8
43	33	4
43	34	4
43	35	3
43	36	2
43	37	4
43	38	6
43	39	8
43	40	4
43	41	5
43	42	9
44	4	2
44	5	3
44	7	1
44	8	3
44	10	1
44	11	2
44	12	1
44	18	1
44	19	2
44	20	1
44	23	1
44	24	3
44	25	1
44	26	3
44	27	4
44	28	3
44	29	2
44	30	4
44	31	3
44	32	3
44	33	1
44	34	4
44	35	3
44	36	3
44	37	3
44	38	12
44	39	2
44	40	5
44	41	5
44	42	5
44	43	14
45	0	1
45	3	1
45	5	2
45	6	1
45	9	1
45	10	4
45	11	2
45	19	1
45	20	1
45	24	2
45	25	1
45	26	2
45	27	1
45	28	1
45	29	3
45	30	3
45	31	5
45	32	4
45	33	4
45	34	4
45	35	3
45	36	6
45	37	7
45	38	11
45	39	8
45	40	4
45	41	7
45	42	3
45	43	6
45	44	4
46	0	2
46	2	1
46	4	2
46	8	2
46	10	4
46	11	3
46	13	4
46	15	1
46	17	1
46	18	1
46	19	1
46	23	1
46	24	1
46	26	1
46	27	2
46	28	8
46	29	3
46	30	5
46	31	3
46	32	5
46	33	3
46	34	7
46	35	9
46	36	5
46	37	5
46	38	8
46	39	5
46	40	3
46	41	3
46	42	1
46	43	7
46	44	4
46	45	3
47	2	2
47	3	3
47	4	1
47	9	1
47	11	1
47	13	3
47	15	1
47	18	1
47	20	1
47	21	1
47	23	1
47	24	3
47	25	3
47	26	1
47	27	3
47	28	5
47	29	3
47	30	3
47	31	4
47	32	2
47	33	4
47	34	4
47	35	7
47	36	2
47	37	11
47	38	4
47	39	1
47	40	5
47	41	1
47	42	4
47	43	4
47	45	2
47	46	9
48	1	8
48	2	3
48	4	2
48	6	3
48	7	3
48	8	1
48	9	1
48	10	2
48	11	4
48	12	2
48	13	1
48	14	4
48	15	2
48	16	2
48	18	5
48	19	1
48	20	1
48	23	3
48	24	6
48	25	4
48	26	4
48	27	1
48	28	1
48	30	3
48	31	5
48	32	1
48	33	6
48	34	6
48	35	2
48	36	4
48	37	1
48	38	2
48	39	2
48	40	5
48	41	2
48	42	1
48	44	3
48	45	1
48	46	1
48	47	2
49	0	3
49	1	5
49	2	5
49	3	4
49	4	8
49	5	1
49	6	1
49	7	1
49	8	2
49	9	3
49	10	6
49	11	2
49	12	1
49	13	3
49	14	5
49	15	2
49	16	3
49	17	2
49	18	2
49	19	3
49	20	2
49	21	1
49	22	1
49	23	3
49	24	9
49	25	2
49	26	2
49	27	5
49	28	8
49	29	4
49	30	4
49	31	2
49	32	3
49	33	3
49	34	15
49	35	6
49	36	9
49	37	4
49	38	12
49	39	5
49	40	3
49	41	3
49	42	4
49	43	2
49	44	2
49	45	3
49	46	3
49	47	5
49	48	7
50	1	6
50	2	1
50	4	5
50	8	5
50	9	2
50	10	2
50	11	1
50	12	2
50	13	2
50	14	4
50	15	4
50	18	1
50	19	2
50	23	1
50	24	7
50	25	7
50	26	3
50	27	5
50	28	2
50	30	1
50	31	3
50	32	1
50	33	2
50	34	7
50	35	4
50	36	6
50	37	1
50	38	2
50	41	1
50	42	3
50	43	2
50	45	2
50	46	2
50	47	5
50	48	3
50	49	7
51	1	4
51	2	5
51	3	2
51	4	1
51	5	2
51	6	1
51	7	2
51	8	3
51	9	5
51	10	6
51	11	4
51	12	3
51	14	2
51	15	1
51	18	4
51	19	1
51	20	2
51	22	4
51	23	1
51	24	8
51	25	1
51	26	3
51	27	8
51	28	4
51	29	2
51	30	6
51	31	4
51	32	5
51	33	1
51	34	12
51	35	5
51	36	2
51	37	3
51	38	6
51	39	2
51	40	18
51	41	7
51	42	3
51	43	6
51	44	5
51	45	3
51	46	3
51	47	2
51	48	7
51	49	13
51	50	6
52	1	1
52	2	3
52	3	3
52	4	3
52	5	2
52	7	1
52	8	2
52	10	1
52	12	2
52	13	2
52	14	3
52	15	3
52	16	4
52	18	2
52	19	5
52	20	2
52	21	2
52	22	5
52	23	2
52	24	3
52	26	4
52	27	2
52	28	5
52	29	1
52	30	2
52	32	2
52	33	6
52	34	4
52	35	3
52	36	7
52	37	4
52	38	10
52	39	6
52	40	3
52	41	1
52	42	3
52	43	3
52	44	3
52	45	6
52	46	5
52	47	3
52	48	3
52	49	7
52	50	2
52	51	7
53	1	1
53	2	2
53	3	1
53	4	2
53	5	1
53	7	5
53	8	4
53	9	1
53	10	6
53	11	5
53	12	3
53	14	3
53	15	3
53	16	3
53	17	3
53	18	4
53	19	3
53	20	2
53	21	2
53	22	3
53	24	8
53	25	5
53	26	4
53	27	1
53	28	4
53	29	1
53	30	1
53	31	1
53	32	3
53	33	3
53	34	4
53	35	5
53	36	1
53	37	6
53	38	10
53	39	3
53	40	15
53	41	2
53	42	8
53	43	6
53	44	2
53	45	1
53	46	3
53	47	4
53	48	4
53	49	8
53	51	3
53	52	12
54	1	2
54	2	2
54	3	3
54	4	4
54	5	1
54	8	2
54	9	2
54	10	6
54	11	1
54	12	3
54	13	2
54	14	1
54	15	3
54	16	3
54	17	2
54	18	2
54	19	2
54	20	3
54	21	1
54	22	1
54	23	3
54	24	3
54	25	2
54	27	1
54	28	2
54	29	1
54	30	1
54	31	1
54	32	2
54	33	2
54	34	1
54	35	3
54	36	2
54	37	3
54	38	6
54	39	1
54	40	5
54	41	2
54	42	2
54	43	2
54	44	3
54	45	2
54	47	4
54	48	4
54	49	4
54	50	1
54	51	3
54	52	7
54	53	4
55	1	2
55	2	3
55	3	1
55	4	5
55	5	3
55	6	2
55	8	3
55	9	5
55	10	3
55	11	3
55	12	3
55	13	2
55	14	2
55	15	3
55	16	3
55	17	1
55	18	4
55	19	2
55	20	5
55	21	1
55	22	1
55	23	2
55	24	1
55	25	5
55	26	2
55	27	4
55	28	12
55	29	3
55	30	2
55	31	1
55	33	2
55	34	5
55	35	3
55	36	5
55	37	3
55	38	5
55	39	7
55	40	4
55	41	2
55	42	3
55	43	5
55	44	3
55	45	3
55	46	2
55	47	1
55	48	3
55	49	6
55	50	1
55	51	5
55	52	10
55	53	8
55	54	15
56	0	2
56	1	3
56	2	1
56	3	1
56	4	1
56	5	3
56	9	1
56	10	2
56	11	1
56	12	5
56	14	2
56	15	3
56	17	3
56	18	3
56	20	2
56	21	1
56	23	1
56	26	4
56	27	3
56	28	6
56	30	2
56	31	4
56	32	2
56	34	2
56	35	1
56	36	3
56	37	1
56	38	9
56	39	9
56	40	7
56	41	4
56	42	2
56	43	3
56	44	6
56	45	4
56	46	7
56	47	3
56	48	3
56	49	5
56	50	3
56	51	4
56	52	6
56	53	7
56	54	2
56	55	9
57	0	1
57	1	5
57	2	1
57	3	4
57	4	2
57	8	1
57	9	2
57	10	4
57	12	1
57	13	4
57	14	4
57	15	3
57	16	1
57	18	2
57	22	1
57	23	5
57	24	3
57	25	2
57	26	2
57	27	1
57	28	2
57	29	4
57	30	1
57	31	2
57	32	2
57	33	3
57	34	3
57	35	6
57	36	9
57	37	5
57	38	10
57	39	4
57	40	3
57	41	4
57	42	3
57	43	2
57	44	3
57	45	5
57	46	6
57	47	3
57	48	1
57	49	3
57	50	3
57	51	6
57	52	8
57	53	5
57	54	3
57	55	6
57	56	7
58	0	2
58	3	3
58	4	3
58	10	3
58	11	1
58	14	3
58	16	2
58	18	4
58	20	2
58	22	2
58	24	2
58	25	1
58	27	2
58	28	3
58	29	1
58	30	3
58	31	4
58	32	3
58	33	1
58	34	4
58	35	6
58	36	4
58	37	4
58	38	3
58	39	5
58	40	4
58	41	1
58	42	2
58	43	1
58	44	5
58	45	5
58	46	7
58	47	8
58	48	2
58	49	5
58	50	1
58	51	4
58	52	5
58	53	3
58	54	2
58	55	5
58	56	1
58	57	5
59	1	7
59	2	6
59	3	4
59	4	4
59	5	2
59	6	2
59	8	2
59	10	5
59	11	4
59	12	1
59	13	2
59	14	3
59	15	5
59	17	1
59	18	3
59	19	4
59	22	2
59	23	7
59	24	3
59	25	1
59	26	3
59	27	5
59	28	3
59	29	2
59	30	3
59	31	3
59	32	6
59	33	3
59	34	5
59	35	3
59	36	6
59	37	6
59	38	7
59	39	2
59	40	5
59	41	1
59	42	2
59	43	3
59	44	6
59	45	3
59	46	5
59	47	2
59	48	5
59	49	7
59	50	4
59	51	9
59	52	10
59	53	6
59	54	4
59	55	3
59	56	6
59	57	6
59	58	3
60	0	1
60	4	1
60	7	2
60	8	1
60	10	3
60	13	3
60	14	1
60	15	2
60	23	3
60	24	2
60	25	2
60	26	1
60	27	3
60	28	3
60	29	3
60	30	3
60	31	1
60	32	1
60	33	4
60	34	4
60	35	4
60	36	4
60	37	3
60	38	2
60	39	3
60	40	3
60	41	2
60	42	2
60	43	2
60	44	1
60	45	2
60	46	6
60	47	8
60	48	2
60	49	6
60	50	4
60	51	3
60	52	5
60	53	7
60	55	2
60	56	4
60	57	10
60	58	7
60	59	3
