1	0	6
2	0	1
2	1	5
3	0	3
3	2	6
4	0	1
4	1	6
4	2	7
4	3	17
5	0	3
5	1	2
5	2	2
5	3	5
5	4	3
6	0	5
6	1	6
6	2	4
6	4	1
6	5	5
7	0	3
7	1	2
7	2	2
7	3	4
7	4	4
7	5	4
7	6	2
8	0	4
8	1	5
8	3	1
8	4	1
8	5	5
8	6	8
8	7	11
9	0	3
9	1	3
9	2	4
9	3	4
9	4	2
9	5	6
9	6	8
9	7	2
9	8	13
10	0	3
10	1	4
10	2	1
10	3	3
10	4	1
10	5	6
10	6	14
10	7	8
10	8	6
10	9	3
11	0	2
11	1	7
11	2	2
11	3	4
11	4	4
11	5	3
11	6	3
11	7	2
11	8	2
11	9	7
11	10	9
12	0	6
12	1	7
12	2	9
12	3	4
12	4	6
12	5	7
12	6	3
12	7	2
12	8	12
12	9	5
12	10	13
12	11	9
13	0	9
13	1	10
13	2	3
13	3	5
13	4	2
13	5	3
13	6	5
13	7	3
13	8	6
13	9	5
13	10	8
13	11	8
13	12	4
14	0	7
14	1	6
14	2	3
14	3	5
14	4	9
14	5	4
14	6	3
14	7	4
14	8	6
14	9	5
14	10	4
14	11	3
14	12	7
14	13	6
15	0	2
15	1	8
15	2	5
15	3	5
15	4	2
15	5	2
15	6	3
15	7	4
15	8	6
15	9	4
15	10	2
15	11	2
15	12	4
15	13	14
15	14	5
16	0	3
16	1	3
16	2	4
16	3	2
16	4	3
16	5	5
16	6	3
16	7	2
16	8	7
16	9	1
16	11	3
16	12	2
16	13	4
16	14	4
16	15	8
17	0	4
17	1	3
17	2	6
17	3	2
17	4	3
17	6	5
17	7	1
17	8	8
17	9	1
17	10	1
17	11	2
17	12	2
17	13	3
17	14	2
17	15	10
17	16	8
18	1	1
18	2	6
18	4	6
18	5	13
18	6	4
18	7	3
18	8	3
18	9	4
18	10	5
18	11	6
18	12	5
18	13	8
18	14	8
18	15	1
18	16	3
18	17	4
19	0	2
19	1	7
19	2	5
19	3	5
19	4	2
19	5	3
19	6	5
19	7	2
19	8	3
19	9	1
19	10	1
19	11	3
19	12	1
19	13	4
19	14	6
19	15	6
19	16	1
19	17	4
19	18	1
20	0	3
20	1	6
20	2	8
20	3	4
20	4	9
20	5	4
20	6	2
20	7	5
20	8	3
20	9	2
20	10	5
20	11	4
20	12	4
20	13	4
20	14	8
20	15	3
20	16	2
20	17	3
20	18	6
20	19	6
21	0	1
21	1	6
21	2	10
21	3	1
21	4	2
21	5	2
21	6	4
21	7	2
21	8	7
21	9	5
21	10	8
21	11	2
21	12	6
21	13	2
21	14	7
21	15	5
21	16	4
21	17	4
21	18	3
21	19	2
21	20	4
22	1	4
22	2	2
22	3	2
22	4	7
22	5	7
22	6	3
22	7	2
22	8	2
22	9	3
22	10	5
22	11	3
22	12	4
22	13	3
22	14	4
22	15	3
22	16	4
22	17	2
22	18	1
22	20	6
22	21	10
23	0	2
23	1	8
23	2	9
23	3	7
23	4	5
23	5	2
23	8	5
23	9	2
23	10	2
23	11	1
23	12	1
23	14	6
23	15	2
23	17	2
23	18	3
23	19	4
23	20	1
23	21	1
23	22	2
24	0	1
24	1	3
24	2	3
24	3	4
24	4	3
24	5	4
24	6	1
24	7	1
24	8	2
24	9	2
24	10	3
24	11	4
24	12	3
24	13	2
24	14	6
24	15	8
24	17	2
24	18	7
24	19	5
24	20	1
24	21	4
24	22	2
24	23	2
25	0	4
25	1	7
25	2	2
25	4	2
25	5	4
25	6	2
25	7	1
25	8	2
25	9	4
25	10	6
25	11	3
25	12	4
25	13	5
25	14	3
25	15	6
25	16	1
25	17	3
25	18	3
25	19	2
25	21	1
25	22	2
25	23	3
25	24	4
26	0	6
26	1	3
26	4	3
26	5	3
26	7	1
26	8	1
26	10	1
26	11	3
26	12	1
26	13	2
26	14	2
26	15	1
26	18	2
26	19	4
26	20	4
26	22	2
26	23	4
26	25	7
27	1	3
27	3	1
27	4	1
27	5	2
27	6	2
27	7	5
27	8	1
27	9	2
27	10	2
27	11	2
27	12	2
27	13	1
27	14	2
27	17	3
27	18	1
27	22	1
27	23	3
27	24	4
27	25	3
27	26	5
28	1	3
28	2	5
28	3	3
28	4	6
28	5	3
28	6	4
28	7	1
28	8	4
28	9	4
28	10	9
28	11	1
28	12	2
28	13	4
28	14	1
28	15	4
28	16	1
28	17	2
28	18	3
28	19	2
28	20	3
28	21	4
28	22	7
28	23	5
28	24	3
28	26	5
28	27	5
29	1	2
29	2	1
29	5	2
29	7	2
29	8	2
29	10	2
29	12	1
29	13	2
29	18	1
29	19	1
29	20	1
29	23	1
29	24	1
29	26	1
29	27	1
29	28	1
30	1	5
30	5	2
30	8	1
30	9	4
30	10	2
30	11	3
30	12	3
30	13	1
30	14	4
30	17	1
30	18	1
30	19	3
30	20	1
30	22	1
30	24	3
30	25	4
30	26	2
30	27	3
30	29	9
31	4	3
31	5	2
31	8	3
31	9	1
31	10	3
31	14	1
31	19	1
31	21	2
31	22	1
31	24	2
31	25	3
31	26	2
31	28	9
31	29	7
31	30	12
32	0	3
32	1	1
32	2	1
32	4	4
32	8	1
32	9	3
32	10	2
32	11	2
32	12	1
32	13	2
32	14	4
32	16	1
32	18	3
32	23	2
32	24	1
32	25	2
32	26	1
32	27	1
32	28	3
32	29	5
32	30	3
32	31	10
33	0	1
33	1	1
33	3	1
33	4	3
33	8	3
33	9	1
33	11	4
33	12	1
33	13	1
33	15	3
33	17	2
33	18	4
33	21	2
33	24	4
33	25	2
33	26	1
33	27	4
33	28	5
33	29	5
33	30	5
33	31	3
33	32	6
34	1	5
34	2	2
34	3	4
34	4	2
34	5	3
34	6	2
34	8	2
34	9	2
34	10	7
34	11	4
34	12	2
34	13	2
34	15	3
34	16	2
34	19	2
34	20	2
34	23	2
34	24	9
34	25	7
34	26	3
34	27	2
34	28	1
34	29	1
34	30	5
34	31	4
34	32	5
34	33	4
35	0	3
35	1	6
35	2	1
35	3	1
35	4	3
35	5	3
35	6	1
35	8	3
35	9	3
35	10	2
35	11	1
35	12	2
35	13	4
35	14	1
35	15	2
35	16	2
35	17	1
35	19	1
35	21	3
35	22	1
35	23	4
35	24	5
35	25	1
35	26	3
35	27	3
35	28	2
35	29	4
35	30	2
35	31	5
35	32	11
35	33	18
35	34	6
36	0	1
36	1	5
36	2	3
36	3	2
36	6	1
36	10	4
36	13	2
36	14	2
36	15	2
36	16	1
36	18	1
36	22	1
36	23	2
36	24	4
36	25	2
36	26	1
36	27	2
36	28	3
36	29	1
36	30	1
36	31	2
36	32	3
36	33	4
36	34	5
36	35	6
37	0	1
37	1	7
37	3	2
37	5	2
37	6	2
37	7	2
37	8	1
37	9	3
37	10	1
37	11	1
37	12	4
37	13	2
37	14	1
37	15	3
37	18	3
37	19	2
37	20	3
37	21	3
37	24	3
37	25	3
37	26	2
37	27	1
37	28	3
37	29	8
37	30	1
37	31	2
37	32	9
37	33	6
37	34	8
37	35	6
37	36	2
38	0	1
38	2	1
38	3	7
38	4	3
38	5	3
38	6	1
38	7	3
38	8	7
38	9	1
38	10	9
38	11	3
38	12	2
38	13	2
38	14	1
38	15	1
38	16	2
38	17	3
38	18	7
38	19	2
38	20	3
38	21	1
38	22	3
38	23	5
38	24	4
38	25	4
38	26	2
38	27	6
38	28	6
38	29	3
38	30	6
38	31	1
38	32	4
38	33	4
38	34	3
38	35	11
38	36	5
38	37	10
39	1	3
39	2	3
39	3	2
39	4	3
39	5	1
39	6	1
39	7	1
39	8	2
39	9	1
39	10	2
39	11	1
39	13	2
39	14	1
39	15	2
39	16	2
39	18	1
39	19	3
39	20	4
39	21	1
39	22	2
39	23	3
39	24	2
39	25	2
39	26	1
39	27	3
39	28	8
39	29	3
39	30	2
39	31	2
39	32	1
39	33	2
39	34	4
39	35	3
39	36	4
39	38	8
40	0	3
40	1	6
40	2	3
40	3	5
40	4	2
40	5	3
40	6	4
40	7	1
40	8	3
40	9	3
40	10	3
40	11	1
40	12	5
40	13	4
40	14	3
40	15	3
40	16	4
40	17	2
40	18	5
40	19	1
40	20	5
40	21	2
40	22	1
40	23	3
40	24	7
40	25	4
40	26	1
40	27	1
40	28	2
40	29	3
40	30	5
40	31	4
40	32	2
40	33	2
40	34	7
40	35	5
40	36	2
40	37	8
40	38	10
40	39	2
41	4	1
41	5	4
41	6	2
41	7	4
41	8	2
41	9	5
41	10	5
41	11	1
41	12	3
41	13	2
41	14	1
41	15	1
41	18	5
41	20	1
41	22	2
41	24	1
41	25	2
41	26	2
41	27	2
41	28	3
41	29	4
41	30	5
41	31	2
41	32	3
41	33	2
41	35	1
41	36	2
41	37	4
41	38	1
41	39	4
41	40	8
42	1	1
42	3	3
42	5	2
42	6	1
42	8	2
42	9	2
42	10	1
42	11	2
42	12	3
42	13	2
42	14	4
42	15	3
42	17	1
42	18	1
42	20	4
42	24	3
42	25	1
42	26	2
42	27	2
42	28	3
42	29	1
42	30	2
42	31	4
42	32	1
42	33	1
42	34	1
42	35	2
42	36	3
42	37	7
42	38	6
42	39	8
42	40	3
42	41	6
43	2	2
43	3	2
43	4	3
43	5	2
43	7	2
43	8	1
43	9	3
43	10	4
43	11	1
43	13	1
43	16	1
43	18	5
43	21	1
43	22	1
43	23	2
43	24	1
43	25	3
43	26	2
43	27	2
43	28	4
43	29	2
43	30	4
43	31	4
43	32	5
43	33	1
43	34	2
43	35	7
43	36	1
43	37	7
43	38	8
43	39	3
43	40	4
43	41	12
43	42	7
44	4	3
44	5	3
44	7	4
44	8	2
44	9	1
44	10	1
44	11	4
44	12	1
44	18	1
44	20	1
44	21	1
44	24	2
44	25	2
44	26	3
44	27	1
44	28	5
44	29	1
44	30	3
44	31	5
44	32	1
44	33	3
44	34	1
44	35	2
44	36	2
44	37	4
44	38	10
44	39	6
44	40	4
44	41	3
44	42	2
44	43	8
45	0	3
45	3	4
45	5	1
45	6	1
45	9	2
45	10	1
45	11	1
45	15	4
45	19	1
45	20	1
45	22	1
45	24	4
45	25	2
45	26	1
45	27	3
45	28	1
45	29	1
45	30	3
45	31	7
45	32	1
45	33	4
45	34	2
45	35	2
45	36	1
45	37	2
45	38	8
45	39	5
45	40	1
45	41	1
45	42	1
45	43	8
45	44	5
46	0	4
46	1	2
46	2	1
46	4	4
46	8	1
46	11	1
46	13	2
46	15	2
46	19	1
46	22	1
46	23	1
46	24	3
46	25	1
46	26	4
46	27	5
46	28	2
46	29	4
46	30	6
46	31	4
46	32	2
46	33	6
46	34	8
46	35	6
46	36	1
46	37	1
46	38	4
46	40	2
46	41	4
46	42	1
46	43	3
46	44	2
46	45	7
47	0	1
47	1	2
47	3	2
47	4	1
47	9	1
47	10	2
47	11	1
47	12	1
47	13	1
47	15	3
47	16	2
47	17	1
47	18	1
47	20	1
47	23	1
47	24	2
47	25	5
47	26	2
47	27	2
47	28	1
47	29	6
47	30	5
47	31	3
47	32	2
47	33	6
47	34	3
47	35	7
47	36	5
47	37	2
47	38	2
47	39	3
47	40	2
47	42	1
47	43	1
47	45	4
47	46	8
48	1	3
48	3	2
48	4	6
48	5	2
48	6	1
48	8	3
48	9	4
48	10	2
48	11	2
48	12	1
48	13	2
48	14	3
48	15	4
48	18	1
48	19	1
48	20	2
48	21	2
48	22	1
48	23	4
48	24	4
48	25	5
48	26	4
48	27	4
48	28	3
48	30	1
48	31	2
48	32	5
48	33	4
48	34	11
48	35	4
48	36	8
48	37	2
48	38	2
48	39	1
48	40	4
48	41	4
48	42	1
48	43	3
48	44	1
48	45	5
48	46	2
49	0	2
49	1	3
49	2	6
49	3	1
49	4	5
49	5	5
49	6	1
49	8	5
49	9	2
49	10	4
49	11	4
49	12	4
49	13	3
49	14	3
49	15	5
49	16	1
49	17	2
49	18	4
49	19	5
49	20	5
49	22	3
49	23	5
49	24	10
49	25	8
49	26	6
49	27	3
49	28	5
49	29	3
49	30	3
49	32	3
49	33	2
49	34	9
49	35	4
49	36	12
49	37	1
49	38	5
49	39	3
49	40	3
49	41	2
49	42	6
49	43	2
49	44	4
49	45	2
49	46	3
49	47	3
49	48	10
50	0	1
50	1	3
50	2	1
50	4	2
50	7	1
50	8	2
50	9	6
50	11	4
50	12	3
50	13	4
50	14	3
50	15	2
50	18	5
50	20	1
50	23	2
50	24	6
50	25	3
50	26	2
50	27	6
50	28	7
50	29	4
50	30	3
50	31	6
50	32	8
50	33	3
50	34	5
50	35	8
50	36	5
50	37	2
50	38	3
50	39	1
50	40	2
50	41	2
50	42	1
50	43	2
50	45	1
50	46	3
50	47	4
50	48	7
50	49	7
51	2	1
51	3	2
51	4	4
51	5	2
51	6	3
51	7	1
51	8	4
51	9	1
51	10	5
51	11	6
51	12	2
51	13	3
51	15	3
51	18	5
51	19	2
51	20	4
51	21	3
51	22	2
51	23	2
51	24	5
51	25	4
51	26	3
51	27	5
51	28	4
51	29	1
51	30	2
51	31	2
51	32	3
51	33	2
51	34	16
51	35	3
51	36	12
51	37	9
51	38	11
51	39	3
51	40	8
51	41	2
51	42	6
51	43	2
51	44	2
51	45	3
51	46	4
51	47	5
51	48	2
51	49	10
51	50	3
52	1	5
52	2	3
52	3	2
52	4	1
52	7	1
52	8	1
52	10	5
52	12	1
52	13	1
52	14	4
52	18	3
52	19	3
52	20	4
52	21	1
52	22	1
52	23	5
52	24	3
52	25	2
52	26	2
52	27	3
52	28	1
52	29	3
52	30	1
52	32	5
52	33	2
52	34	4
52	35	1
52	36	6
52	37	4
52	38	5
52	39	2
52	40	4
52	41	2
52	42	4
52	43	3
52	44	4
52	45	3
52	46	7
52	47	5
52	48	3
52	49	11
52	50	1
52	51	8
53	1	3
53	3	3
53	4	5
53	5	4
53	6	1
53	8	2
53	9	1
53	10	4
53	11	3
53	12	1
53	13	3
53	14	1
53	15	4
53	16	2
53	17	3
53	18	3
53	19	1
53	20	2
53	21	2
53	22	1
53	23	3
53	24	4
53	25	3
53	26	4
53	27	3
53	28	3
53	29	1
53	30	1
53	31	3
53	32	5
53	33	3
53	34	2
53	35	6
53	36	2
53	37	9
53	38	13
53	39	1
53	40	9
53	41	4
53	42	2
53	43	6
53	44	5
53	45	8
53	46	5
53	47	5
53	48	3
53	49	4
53	50	4
53	51	10
53	52	7
54	0	3
54	1	3
54	3	3
54	4	2
54	5	3
54	9	1
54	10	1
54	11	2
54	13	3
54	14	3
54	15	4
54	16	1
54	18	1
54	19	3
54	20	2
54	23	7
54	24	2
54	25	2
54	27	4
54	28	8
54	29	1
54	30	2
54	31	1
54	32	2
54	33	1
54	34	3
54	35	2
54	36	1
54	37	1
54	38	8
54	39	7
54	40	3
54	41	1
54	42	3
54	44	3
54	45	2
54	46	3
54	47	2
54	48	4
54	49	2
54	50	1
54	51	6
54	52	12
54	53	8
55	0	1
55	1	5
55	2	3
55	3	2
55	4	6
55	5	5
55	6	2
55	7	2
55	8	3
55	9	2
55	10	9
55	11	2
55	12	3
55	13	7
55	14	4
55	15	2
55	16	3
55	17	4
55	18	1
55	19	3
55	20	7
55	21	3
55	22	5
55	23	2
55	24	5
55	25	5
55	26	3
55	27	3
55	28	6
55	29	1
55	30	5
55	31	1
55	32	4
55	33	3
55	34	4
55	35	2
55	36	3
55	37	5
55	38	11
55	39	1
55	40	4
55	41	6
55	42	4
55	43	1
55	44	5
55	45	6
55	46	6
55	47	1
55	48	3
55	49	4
55	50	3
55	51	4
55	52	13
55	53	7
55	54	12
56	1	4
56	3	2
56	4	1
56	8	1
56	10	2
56	11	6
56	12	3
56	13	1
56	14	4
56	15	2
56	16	1
56	18	4
56	20	1
56	21	1
56	22	1
56	23	1
56	24	2
56	25	1
56	26	2
56	27	1
56	28	7
56	30	5
56	31	6
56	32	1
56	33	3
56	34	1
56	35	3
56	36	2
56	37	5
56	38	5
56	39	7
56	40	5
56	41	2
56	42	2
56	43	6
56	44	7
56	45	1
56	46	5
56	47	8
56	48	3
56	49	5
56	50	1
56	51	4
56	52	7
56	53	7
56	54	3
56	55	7
57	1	3
57	2	1
57	3	2
57	4	2
57	8	1
57	9	1
57	11	2
57	12	3
57	13	1
57	14	4
57	15	2
57	18	3
57	19	2
57	22	3
57	23	4
57	24	5
57	25	4
57	26	5
57	28	3
57	30	3
57	31	1
57	32	2
57	33	3
57	34	3
57	35	8
57	36	5
57	37	2
57	38	4
57	39	1
57	40	2
57	41	2
57	42	2
57	43	2
57	45	1
57	46	4
57	47	1
57	48	2
57	49	3
57	50	4
57	51	5
57	52	13
57	53	3
57	54	5
57	55	4
57	56	7
58	0	1
58	1	1
58	3	1
58	4	1
58	6	2
58	7	2
58	10	3
58	11	4
58	14	1
58	16	3
58	17	2
58	18	2
58	20	3
58	22	2
58	23	1
58	24	3
58	25	2
58	26	3
58	27	3
58	28	3
58	29	1
58	30	4
58	31	4
58	32	2
58	33	2
58	34	5
58	35	5
58	36	2
58	37	2
58	38	4
58	39	2
58	40	1
58	41	4
58	42	4
58	43	5
58	44	4
58	45	1
58	46	4
58	47	4
58	48	1
58	49	6
58	50	1
58	51	2
58	52	6
58	53	3
58	54	3
58	55	2
58	56	3
58	57	14
59	1	3
59	2	1
59	3	5
59	4	5
59	5	2
59	6	3
59	8	4
59	9	1
59	10	3
59	11	2
59	12	2
59	13	7
59	14	3
59	16	4
59	17	2
59	18	3
59	20	3
59	21	3
59	22	1
59	23	2
59	24	4
59	26	4
59	27	5
59	29	1
59	30	1
59	31	2
59	33	3
59	34	6
59	36	1
59	38	12
59	39	3
59	40	4
59	41	3
59	42	5
59	43	2
59	44	4
59	45	1
59	46	2
59	47	3
59	48	2
59	49	6
59	50	5
59	51	3
59	52	12
59	53	1
59	54	10
59	55	8
59	56	1
59	57	9
59	58	1
60	0	2
60	1	2
60	3	3
60	4	3
60	7	2
60	8	3
60	10	4
60	11	2
60	12	4
60	13	2
60	14	5
60	15	4
60	18	2
60	19	3
60	20	1
60	23	2
60	24	3
60	25	3
60	26	2
60	27	5
60	28	4
60	29	4
60	30	2
60	31	4
60	32	3
60	33	2
60	34	3
60	35	2
60	36	8
60	37	2
60	38	5
60	40	3
60	41	2
60	42	1
60	43	4
60	44	2
60	45	2
60	46	6
60	47	6
60	48	1
60	49	4
60	50	6
60	51	2
60	52	6
60	53	1
60	54	4
60	55	3
60	56	3
60	57	6
60	58	2
60	59	7
