1	0	1
2	0	2
2	1	2
3	1	2
3	2	5
4	0	1
4	1	5
4	2	16
4	3	12
5	0	1
5	1	1
5	2	3
5	3	2
5	4	3
6	0	3
6	1	2
6	2	3
6	3	3
6	4	1
6	5	5
7	0	2
7	1	3
7	2	2
7	3	1
7	4	2
7	5	5
7	6	8
8	0	4
8	1	8
8	2	2
8	3	4
8	4	3
8	5	4
8	6	9
8	7	10
9	0	5
9	1	3
9	2	4
9	3	4
9	4	4
9	5	6
9	6	4
9	7	7
9	8	9
10	0	2
10	1	3
10	2	4
10	3	2
10	4	1
10	5	4
10	6	2
10	7	4
10	8	7
10	9	11
11	0	5
11	1	8
11	2	4
11	3	5
11	4	3
11	5	1
11	6	2
11	7	3
11	8	2
11	9	13
11	10	17
12	0	4
12	1	5
12	2	1
12	4	4
12	5	5
12	6	3
12	7	8
12	8	12
12	9	2
12	10	5
12	11	4
13	0	3
13	1	6
13	2	3
13	4	6
13	5	2
13	6	4
13	7	3
13	8	11
13	9	12
13	10	5
13	11	6
13	12	13
14	0	2
14	1	7
14	2	3
14	3	2
14	4	4
14	5	6
14	6	3
14	7	6
14	8	9
14	9	4
14	10	5
14	11	5
14	12	14
14	13	12
15	0	7
15	1	9
15	2	5
15	3	8
15	4	2
15	5	6
15	6	5
15	7	5
15	8	12
15	9	7
15	10	3
15	11	2
15	12	8
15	13	9
15	14	7
16	0	1
16	2	7
16	3	1
16	4	3
16	5	3
16	6	1
16	7	1
16	8	7
16	9	2
16	11	4
16	12	6
16	13	6
16	14	4
16	15	4
17	0	7
17	1	2
17	2	5
17	3	2
17	4	5
17	5	3
17	6	4
17	7	2
17	8	7
17	9	4
17	10	3
17	11	2
17	12	4
17	13	4
17	14	5
17	15	7
17	16	4
18	1	2
18	2	3
18	3	1
18	4	2
18	5	6
18	6	1
18	7	2
18	8	4
18	9	2
18	10	9
18	11	6
18	12	2
18	13	5
18	14	3
18	15	3
18	16	3
18	17	1
19	0	5
19	1	8
19	2	7
19	3	10
19	4	7
19	5	3
19	7	2
19	8	3
19	9	1
19	10	6
19	11	4
19	12	6
19	13	5
19	14	5
19	15	3
19	16	5
19	17	4
19	18	4
20	1	5
20	2	11
20	3	5
20	4	15
20	5	2
20	6	3
20	7	2
20	8	3
20	9	4
20	10	2
20	11	2
20	12	10
20	13	6
20	14	4
20	15	5
20	16	3
20	17	2
20	18	8
20	19	4
21	0	2
21	1	2
21	2	4
21	3	6
21	4	4
21	5	3
21	6	6
21	7	5
21	8	2
21	9	3
21	11	1
21	12	3
21	13	1
21	14	1
21	15	2
21	17	4
21	18	4
21	19	3
21	20	11
22	2	4
22	3	3
22	4	7
22	5	5
22	6	1
22	7	4
22	8	1
22	9	2
22	10	5
22	11	1
22	12	2
22	13	5
22	14	4
22	15	4
22	16	2
22	17	1
22	18	6
22	19	4
22	20	6
22	21	8
23	0	2
23	1	3
23	2	5
23	3	5
23	4	4
23	5	1
23	8	2
23	9	4
23	10	2
23	12	5
23	13	3
23	14	3
23	15	3
23	18	1
23	19	4
23	20	6
23	21	1
23	22	3
24	0	1
24	1	5
24	2	2
24	3	4
24	4	5
24	5	2
24	6	2
24	7	1
24	8	4
24	9	2
24	10	5
24	11	1
24	12	4
24	13	3
24	14	3
24	15	4
24	16	2
24	18	4
24	19	5
24	20	5
24	21	3
24	22	2
24	23	6
25	0	3
25	1	6
25	2	3
25	3	4
25	4	2
25	5	3
25	6	2
25	7	1
25	8	2
25	9	6
25	10	5
25	11	2
25	13	6
25	14	5
25	15	5
25	16	2
25	18	3
25	19	6
25	20	3
25	21	1
25	22	2
25	23	1
25	24	3
26	0	1
26	1	1
26	2	2
26	4	3
26	5	3
26	7	1
26	8	2
26	10	3
26	11	1
26	12	1
26	14	1
26	15	2
26	18	1
26	19	4
26	20	4
26	22	3
26	23	2
26	24	2
26	25	2
27	1	2
27	2	1
27	3	2
27	4	1
27	5	1
27	7	3
27	8	2
27	9	2
27	10	2
27	11	3
27	12	5
27	13	3
27	14	4
27	15	2
27	17	2
27	18	2
27	19	2
27	22	1
27	23	1
27	24	4
27	25	4
27	26	2
28	0	1
28	1	6
28	2	3
28	3	3
28	4	4
28	5	2
28	6	2
28	7	3
28	8	7
28	9	3
28	10	3
28	11	8
28	12	2
28	13	5
28	14	5
28	15	7
28	16	3
28	18	5
28	19	4
28	20	3
28	21	2
28	22	7
28	23	1
28	24	1
28	25	2
28	26	1
28	27	3
29	1	1
29	2	2
29	5	1
29	10	1
29	12	2
29	14	3
29	16	2
29	18	2
29	23	3
29	25	5
29	26	1
29	27	3
29	28	2
30	1	1
30	3	1
30	5	1
30	7	2
30	8	3
30	9	4
30	11	6
30	12	1
30	13	4
30	14	3
30	18	2
30	19	1
30	22	3
30	24	1
30	25	5
30	26	3
30	27	2
30	28	2
30	29	10
31	4	2
31	5	2
31	8	2
31	9	2
31	10	1
31	11	3
31	19	1
31	21	1
31	22	3
31	23	3
31	24	1
31	25	1
31	26	2
31	28	2
31	29	9
31	30	12
32	4	1
32	8	2
32	9	1
32	10	3
32	11	2
32	12	4
32	13	3
32	14	3
32	15	1
32	16	1
32	18	1
32	23	1
32	24	2
32	25	5
32	27	6
32	28	4
32	29	5
32	30	5
32	31	13
33	0	3
33	1	3
33	2	3
33	4	2
33	5	3
33	8	3
33	11	5
33	12	3
33	14	2
33	17	2
33	18	1
33	19	3
33	22	2
33	23	1
33	24	3
33	25	3
33	26	1
33	27	5
33	28	3
33	29	8
33	30	9
33	31	7
33	32	5
34	1	2
34	2	3
34	3	1
34	5	1
34	6	1
34	8	5
34	10	2
34	11	6
34	12	1
34	13	1
34	14	1
34	15	3
34	16	1
34	17	1
34	18	5
34	19	1
34	20	4
34	21	3
34	23	1
34	25	2
34	26	3
34	27	4
34	28	2
34	29	1
34	30	3
34	31	1
34	32	4
34	33	7
35	3	1
35	4	2
35	5	1
35	6	3
35	8	5
35	9	1
35	10	4
35	11	4
35	12	2
35	13	3
35	14	2
35	15	4
35	17	2
35	18	1
35	19	2
35	20	3
35	21	1
35	24	1
35	25	1
35	26	3
35	27	1
35	28	3
35	29	4
35	30	1
35	31	5
35	32	9
35	33	12
35	34	11
36	0	2
36	1	1
36	3	4
36	4	3
36	6	2
36	8	5
36	10	4
36	11	2
36	12	1
36	14	2
36	15	1
36	18	6
36	22	2
36	23	4
36	24	2
36	25	2
36	27	2
36	28	3
36	29	1
36	30	1
36	31	2
36	32	5
36	33	1
36	34	4
36	35	7
37	1	2
37	3	2
37	4	2
37	5	2
37	9	1
37	10	5
37	11	2
37	12	2
37	14	2
37	15	1
37	18	2
37	19	2
37	24	2
37	25	2
37	26	1
37	27	2
37	28	4
37	29	2
37	30	3
37	31	6
37	32	6
37	33	2
37	34	7
37	35	6
37	36	3
38	0	3
38	1	3
38	2	3
38	3	5
38	4	4
38	5	1
38	6	2
38	7	2
38	9	2
38	10	4
38	11	1
38	12	1
38	13	1
38	14	2
38	15	2
38	16	1
38	17	2
38	18	5
38	19	4
38	20	2
38	21	1
38	22	3
38	24	5
38	25	4
38	26	1
38	27	1
38	28	6
38	29	2
38	31	3
38	32	5
38	33	8
38	34	7
38	35	2
38	36	6
38	37	9
39	1	1
39	3	2
39	4	3
39	5	2
39	6	6
39	7	1
39	8	1
39	9	2
39	10	5
39	12	2
39	13	6
39	14	4
39	15	5
39	18	6
39	19	1
39	20	2
39	21	1
39	22	2
39	23	1
39	24	4
39	27	2
39	28	5
39	29	2
39	30	2
39	31	2
39	33	1
39	34	4
39	35	2
39	36	4
39	37	3
39	38	4
40	0	2
40	1	1
40	2	7
40	3	1
40	4	7
40	5	1
40	6	2
40	7	1
40	8	3
40	9	4
40	10	9
40	11	3
40	12	2
40	13	3
40	14	2
40	15	2
40	16	2
40	18	2
40	19	1
40	20	2
40	21	2
40	22	4
40	23	1
40	24	6
40	25	14
40	26	3
40	27	1
40	28	8
40	29	1
40	30	2
40	31	3
40	32	4
40	33	3
40	34	6
40	35	8
40	36	4
40	37	13
40	38	10
40	39	4
41	1	2
41	4	4
41	5	2
41	7	3
41	8	3
41	9	2
41	10	2
41	11	5
41	12	3
41	13	2
41	14	4
41	15	5
41	16	2
41	18	1
41	20	3
41	22	3
41	24	3
41	25	4
41	26	1
41	27	2
41	28	2
41	29	2
41	30	8
41	31	3
41	32	4
41	33	2
41	34	2
41	35	6
41	36	2
41	37	6
41	38	12
41	39	4
41	40	6
42	1	2
42	3	1
42	4	3
42	5	2
42	6	1
42	8	6
42	10	7
42	11	4
42	12	2
42	13	1
42	14	5
42	15	2
42	17	2
42	18	3
42	19	1
42	20	3
42	23	2
42	24	2
42	25	1
42	26	1
42	28	9
42	29	4
42	30	4
42	31	2
42	32	3
42	33	3
42	34	3
42	35	6
42	36	3
42	37	11
42	38	9
42	39	11
42	40	4
42	41	4
43	1	2
43	3	2
43	4	2
43	5	2
43	7	1
43	9	3
43	10	2
43	11	4
43	12	2
43	13	1
43	14	1
43	15	4
43	17	1
43	18	3
43	20	2
43	21	2
43	22	2
43	23	2
43	25	2
43	27	3
43	28	5
43	29	2
43	30	2
43	31	4
43	32	3
43	33	5
43	34	2
43	35	2
43	36	2
43	37	5
43	38	8
43	39	4
43	40	5
43	41	4
43	42	4
44	4	3
44	5	2
44	7	2
44	8	1
44	10	3
44	11	1
44	12	3
44	18	4
44	19	1
44	21	2
44	24	1
44	25	2
44	26	1
44	27	2
44	28	2
44	29	2
44	30	4
44	31	2
44	32	2
44	33	1
44	34	6
44	35	7
44	36	1
44	37	7
44	38	3
44	39	8
44	40	4
44	41	5
44	42	3
44	43	14
45	0	2
45	5	2
45	6	4
45	9	5
45	10	6
45	11	2
45	15	1
45	19	1
45	20	2
45	22	2
45	24	1
45	27	1
45	28	4
45	29	2
45	30	3
45	31	5
45	32	4
45	33	4
45	34	1
45	35	6
45	36	3
45	37	2
45	38	3
45	39	2
45	40	5
45	41	6
45	42	6
45	43	6
45	44	7
46	1	2
46	3	3
46	4	2
46	10	1
46	11	1
46	13	3
46	14	1
46	17	2
46	18	1
46	19	2
46	23	2
46	24	3
46	25	1
46	26	2
46	27	4
46	28	3
46	29	5
46	30	2
46	31	4
46	32	6
46	33	5
46	34	3
46	35	11
46	36	8
46	37	7
46	38	3
46	40	1
46	41	2
46	42	3
46	43	4
46	44	2
46	45	7
47	0	1
47	1	1
47	3	1
47	4	1
47	9	2
47	10	2
47	11	2
47	12	1
47	15	2
47	16	2
47	17	1
47	18	2
47	23	1
47	24	3
47	25	1
47	26	2
47	27	3
47	29	5
47	30	4
47	31	1
47	32	2
47	33	3
47	34	4
47	35	7
47	36	8
47	37	2
47	38	5
47	39	2
47	40	3
47	42	1
47	43	6
47	44	3
47	45	3
47	46	11
48	1	4
48	2	7
48	4	5
48	5	4
48	6	1
48	7	2
48	9	2
48	10	5
48	11	6
48	12	3
48	13	2
48	14	6
48	15	4
48	18	1
48	20	1
48	22	1
48	23	4
48	24	9
48	25	3
48	26	1
48	27	5
48	28	5
48	30	4
48	31	2
48	32	1
48	33	3
48	34	8
48	35	2
48	36	4
48	37	2
48	38	6
48	39	2
48	40	5
48	41	3
48	42	6
48	43	1
48	44	2
48	45	3
48	46	3
48	47	4
49	0	2
49	1	2
49	2	1
49	3	2
49	4	1
49	6	2
49	8	1
49	9	3
49	10	8
49	11	6
49	12	1
49	13	3
49	14	7
49	15	1
49	17	2
49	18	3
49	19	3
49	20	1
49	21	2
49	22	4
49	23	3
49	24	9
49	25	3
49	26	5
49	27	3
49	28	2
49	29	3
49	30	5
49	31	3
49	32	1
49	33	5
49	34	12
49	35	8
49	36	5
49	37	5
49	38	11
49	39	3
49	40	3
49	41	5
49	42	4
49	43	3
49	44	3
49	45	1
49	46	2
49	47	3
49	48	12
50	1	2
50	2	1
50	8	3
50	9	1
50	10	6
50	11	1
50	12	2
50	13	1
50	14	3
50	15	4
50	18	3
50	19	1
50	20	1
50	21	2
50	23	2
50	24	6
50	25	5
50	26	5
50	27	2
50	30	1
50	31	2
50	33	4
50	34	6
50	35	4
50	36	2
50	37	4
50	38	2
50	39	3
50	40	4
50	41	3
50	42	1
50	45	2
50	46	2
50	47	4
50	48	3
50	49	8
51	1	3
51	3	2
51	4	3
51	5	1
51	6	3
51	7	2
51	8	3
51	9	1
51	10	3
51	11	5
51	12	3
51	13	1
51	14	3
51	15	2
51	18	1
51	19	7
51	20	2
51	21	1
51	22	1
51	23	6
51	24	4
51	25	3
51	26	2
51	27	2
51	28	4
51	30	3
51	31	2
51	32	2
51	33	5
51	34	7
51	35	5
51	36	10
51	37	8
51	38	13
51	39	3
51	40	4
51	41	4
51	42	7
51	43	14
51	44	4
51	45	7
51	46	1
51	47	3
51	48	6
51	49	15
51	50	8
52	1	1
52	2	2
52	3	4
52	4	5
52	5	1
52	7	1
52	8	2
52	9	1
52	10	1
52	11	1
52	12	2
52	13	1
52	14	1
52	16	2
52	18	4
52	19	3
52	20	2
52	21	1
52	22	1
52	23	3
52	24	5
52	25	1
52	26	2
52	27	1
52	28	3
52	29	3
52	30	1
52	31	3
52	32	2
52	33	5
52	34	3
52	35	4
52	36	4
52	37	1
52	38	7
52	40	2
52	41	4
52	42	2
52	43	5
52	44	2
52	45	4
52	46	2
52	47	3
52	48	4
52	49	9
52	50	2
52	51	9
53	1	3
53	2	2
53	3	3
53	4	1
53	6	4
53	7	2
53	8	1
53	9	2
53	10	5
53	11	2
53	12	2
53	13	1
53	14	2
53	15	3
53	16	2
53	17	1
53	18	3
53	19	4
53	20	4
53	21	3
53	23	2
53	24	3
53	26	2
53	27	2
53	28	3
53	29	1
53	30	1
53	31	7
53	32	3
53	33	3
53	34	5
53	35	4
53	36	5
53	37	9
53	38	15
53	39	5
53	40	8
53	41	4
53	42	13
53	43	2
53	44	4
53	45	4
53	46	1
53	47	2
53	48	3
53	49	6
53	50	8
53	51	14
53	52	4
54	0	3
54	1	2
54	2	1
54	3	3
54	4	5
54	5	1
54	8	1
54	9	1
54	10	4
54	11	3
54	12	3
54	13	2
54	15	4
54	17	2
54	18	4
54	19	4
54	20	4
54	21	2
54	22	1
54	23	2
54	24	2
54	25	1
54	26	1
54	27	2
54	28	2
54	29	1
54	30	1
54	31	1
54	32	2
54	33	2
54	34	3
54	35	5
54	36	2
54	37	3
54	38	6
54	39	3
54	40	2
54	41	1
54	42	1
54	43	3
54	44	2
54	45	1
54	47	2
54	48	2
54	49	7
54	50	1
54	51	6
54	52	6
54	53	7
55	1	4
55	2	4
55	3	5
55	4	1
55	5	1
55	6	5
55	7	4
55	8	1
55	9	3
55	10	2
55	11	4
55	12	1
55	13	3
55	14	6
55	15	1
55	16	3
55	17	2
55	18	4
55	19	3
55	20	4
55	21	2
55	22	2
55	24	6
55	25	2
55	26	2
55	27	1
55	28	5
55	29	1
55	31	3
55	32	4
55	33	4
55	34	4
55	35	1
55	36	3
55	37	1
55	38	8
55	39	5
55	40	3
55	41	5
55	42	3
55	43	1
55	44	3
55	45	3
55	46	4
55	47	4
55	48	1
55	49	9
55	50	3
55	51	5
55	52	5
55	53	6
55	54	9
56	0	3
56	1	2
56	2	1
56	3	3
56	4	2
56	5	2
56	8	2
56	9	2
56	10	1
56	11	3
56	12	2
56	13	3
56	14	1
56	15	2
56	19	6
56	22	3
56	23	5
56	24	5
56	25	3
56	26	3
56	27	1
56	28	2
56	30	4
56	31	2
56	32	6
56	33	2
56	35	1
56	36	1
56	37	2
56	38	11
56	39	10
56	40	5
56	41	9
56	42	6
56	43	4
56	44	6
56	45	4
56	46	3
56	47	1
56	48	1
56	49	4
56	50	2
56	51	5
56	52	10
56	53	4
56	54	6
56	55	9
57	0	2
57	1	6
57	2	2
57	4	1
57	6	1
57	9	2
57	10	1
57	11	3
57	12	3
57	13	5
57	15	4
57	16	1
57	18	1
57	22	3
57	23	3
57	24	2
57	25	1
57	26	5
57	27	4
57	28	4
57	29	1
57	30	2
57	31	1
57	32	2
57	33	1
57	34	4
57	35	5
57	36	7
57	37	1
57	38	5
57	40	5
57	41	3
57	42	4
57	43	2
57	44	5
57	45	3
57	46	4
57	47	5
57	48	3
57	49	8
57	50	3
57	51	3
57	52	4
57	53	6
57	54	7
57	55	3
57	56	4
58	0	1
58	1	2
58	2	1
58	4	1
58	6	4
58	7	2
58	11	3
58	14	1
58	17	1
58	20	2
58	23	2
58	24	7
58	26	4
58	27	3
58	28	4
58	30	4
58	31	2
58	33	1
58	34	4
58	35	6
58	36	7
58	37	2
58	38	10
58	39	3
58	40	2
58	41	3
58	42	1
58	43	6
58	44	6
58	45	3
58	46	8
58	47	4
58	48	1
58	49	2
58	50	3
58	51	3
58	52	4
58	53	2
58	54	2
58	55	1
58	56	3
58	57	9
59	1	2
59	2	2
59	3	3
59	4	3
59	5	2
59	8	3
59	9	2
59	10	1
59	11	3
59	12	4
59	13	1
59	14	2
59	15	1
59	16	1
59	18	4
59	19	1
59	20	1
59	22	1
59	23	5
59	24	6
59	25	4
59	26	4
59	27	3
59	28	3
59	29	3
59	30	4
59	32	4
59	33	1
59	34	2
59	35	5
59	36	7
59	37	4
59	38	6
59	39	5
59	40	3
59	41	2
59	42	3
59	43	4
59	44	1
59	45	1
59	46	2
59	47	7
59	48	3
59	49	6
59	50	2
59	51	10
59	52	15
59	53	4
59	54	6
59	55	8
59	56	3
59	57	6
59	58	5
60	0	1
60	1	3
60	2	2
60	3	5
60	4	2
60	7	3
60	8	2
60	10	3
60	11	4
60	12	1
60	14	3
60	15	2
60	17	1
60	18	2
60	19	3
60	20	2
60	23	3
60	24	1
60	25	3
60	26	9
60	27	4
60	28	4
60	29	3
60	30	4
60	31	3
60	32	5
60	33	4
60	34	3
60	35	6
60	36	7
60	37	4
60	38	4
60	39	1
60	40	6
60	42	1
60	43	1
60	44	6
60	45	6
60	46	6
60	47	7
60	48	4
60	49	6
60	50	2
60	51	3
60	52	2
60	54	2
60	55	1
60	56	1
60	57	10
60	58	7
60	59	5
