1	0	7
2	0	1
2	1	6
3	0	2
3	1	2
3	2	4
4	0	2
4	1	6
4	2	6
4	3	13
5	0	1
5	1	2
5	2	6
5	3	5
5	4	3
6	0	1
6	1	1
6	2	2
6	3	2
6	4	2
6	5	4
7	0	3
7	1	1
7	2	6
7	4	3
7	5	2
7	6	3
8	0	3
8	1	6
8	2	5
8	3	4
8	4	2
8	5	4
8	6	13
8	7	9
9	0	3
9	1	7
9	2	2
9	3	1
9	4	1
9	5	2
9	6	8
9	7	2
9	8	11
10	0	2
10	1	6
10	2	2
10	3	4
10	4	3
10	5	7
10	6	9
10	7	6
10	8	4
10	9	10
11	0	2
11	1	2
11	2	4
11	4	3
11	5	3
11	7	6
11	8	7
11	9	6
11	10	14
12	0	4
12	1	3
12	2	6
12	3	3
12	4	6
12	5	4
12	6	3
12	7	3
12	8	23
12	9	11
12	10	9
12	11	4
13	0	3
13	1	5
13	2	2
13	3	1
13	4	3
13	5	5
13	6	5
13	7	4
13	8	9
13	9	12
13	10	4
13	11	8
13	12	6
14	0	5
14	1	8
14	2	9
14	3	1
14	4	7
14	5	2
14	6	1
14	8	7
14	9	5
14	10	2
14	11	6
14	12	5
14	13	7
15	0	8
15	1	3
15	2	10
15	3	7
15	4	6
15	5	4
15	6	3
15	7	7
15	8	11
15	9	3
15	10	6
15	11	5
15	12	4
15	13	6
15	14	7
16	1	4
16	2	5
16	3	3
16	4	2
16	6	1
16	7	3
16	8	1
16	9	3
16	10	4
16	11	1
16	12	2
16	13	4
16	14	1
16	15	4
17	0	2
17	1	4
17	2	6
17	3	1
17	4	4
17	5	2
17	6	3
17	7	1
17	8	2
17	9	3
17	10	1
17	11	3
17	12	5
17	13	8
17	14	2
17	15	2
17	16	4
18	0	2
18	1	5
18	2	3
18	3	3
18	4	2
18	5	5
18	6	8
18	7	4
18	8	4
18	9	3
18	10	4
18	11	4
18	12	5
18	13	5
18	14	5
18	15	3
18	16	2
18	17	4
19	0	3
19	1	4
19	2	6
19	3	9
19	4	6
19	5	2
19	6	2
19	7	1
19	8	3
19	9	2
19	10	4
19	11	6
19	12	7
19	13	6
19	14	4
19	15	4
19	16	3
19	17	3
19	18	3
20	0	2
20	1	3
20	2	8
20	3	4
20	4	6
20	5	5
20	6	6
20	7	3
20	8	2
20	9	3
20	10	1
20	11	4
20	12	3
20	13	1
20	14	11
20	15	8
20	16	6
20	17	2
20	18	4
20	19	4
21	0	2
21	1	7
21	2	6
21	3	3
21	4	2
21	5	2
21	6	7
21	7	2
21	8	6
21	9	3
21	10	4
21	11	1
21	12	7
21	13	5
21	14	6
21	15	6
21	16	2
21	17	4
21	18	3
21	19	2
21	20	3
22	1	1
22	2	5
22	3	3
22	4	9
22	5	2
22	6	2
22	7	1
22	8	5
22	9	2
22	10	5
22	11	2
22	12	6
22	13	3
22	14	5
22	15	2
22	16	5
22	17	6
22	18	3
22	19	3
22	20	8
22	21	6
23	1	4
23	2	4
23	3	1
23	4	3
23	5	3
23	7	1
23	8	1
23	9	2
23	10	2
23	11	1
23	12	1
23	13	5
23	14	4
23	15	3
23	17	2
23	18	3
23	19	3
23	20	3
23	22	1
24	0	2
24	1	6
24	2	3
24	3	5
24	4	7
24	5	2
24	6	2
24	7	5
24	8	2
24	9	3
24	10	4
24	11	5
24	12	2
24	13	4
24	14	2
24	15	2
24	16	2
24	17	2
24	18	2
24	19	4
24	20	8
24	21	6
24	22	2
24	23	3
25	0	1
25	1	5
25	2	3
25	3	2
25	4	3
25	5	1
25	6	4
25	7	2
25	8	4
25	9	10
25	10	5
25	11	5
25	12	4
25	13	5
25	14	5
25	15	2
25	16	1
25	17	6
25	18	2
25	19	2
25	20	4
25	21	4
25	23	2
25	24	9
26	0	2
26	1	1
26	2	2
26	4	3
26	5	1
26	7	4
26	10	2
26	11	2
26	12	2
26	13	2
26	14	3
26	15	1
26	17	1
26	18	1
26	19	3
26	20	5
26	23	3
26	24	6
26	25	3
27	0	1
27	1	3
27	2	3
27	3	3
27	6	3
27	7	1
27	8	1
27	9	1
27	10	1
27	12	2
27	13	1
27	15	2
27	17	1
27	18	2
27	19	4
27	22	2
27	23	1
27	24	2
27	25	4
27	26	9
28	0	4
28	1	3
28	2	3
28	3	3
28	4	9
28	5	5
28	6	2
28	7	1
28	8	2
28	9	4
28	10	3
28	11	6
28	12	4
28	14	3
28	15	1
28	16	4
28	17	2
28	18	7
28	19	2
28	20	2
28	21	3
28	22	4
28	23	3
28	24	2
28	25	3
28	27	2
29	2	2
29	4	1
29	8	1
29	12	4
29	13	2
29	14	2
29	16	2
29	18	2
29	24	1
29	25	1
29	26	4
29	27	4
29	28	3
30	1	3
30	3	2
30	7	2
30	8	3
30	9	1
30	10	1
30	11	4
30	12	2
30	13	2
30	14	2
30	18	4
30	20	1
30	22	2
30	24	1
30	26	1
30	27	1
30	28	1
30	29	11
31	8	1
31	10	2
31	11	2
31	14	1
31	19	1
31	21	1
31	22	2
31	23	2
31	24	1
31	25	2
31	26	2
31	27	3
31	28	5
31	29	14
31	30	14
32	1	2
32	2	1
32	4	2
32	8	2
32	10	1
32	11	3
32	12	3
32	13	1
32	15	2
32	17	1
32	18	2
32	22	1
32	23	4
32	24	3
32	25	3
32	26	2
32	27	1
32	28	3
32	29	5
32	30	4
32	31	5
33	0	1
33	1	3
33	2	1
33	3	6
33	4	4
33	5	2
33	8	2
33	9	1
33	10	4
33	11	2
33	12	1
33	13	6
33	15	1
33	18	3
33	19	6
33	21	2
33	23	4
33	24	1
33	25	4
33	26	4
33	27	3
33	29	5
33	30	3
33	31	8
33	32	10
34	1	2
34	2	2
34	3	1
34	4	1
34	5	2
34	6	1
34	8	5
34	9	2
34	10	2
34	11	4
34	12	3
34	13	2
34	14	3
34	15	2
34	16	2
34	18	5
34	19	2
34	20	1
34	21	1
34	22	1
34	23	2
34	24	4
34	25	5
34	26	2
34	27	2
34	28	3
34	29	4
34	30	5
34	31	1
34	32	9
34	33	7
35	1	4
35	2	2
35	3	5
35	4	1
35	5	1
35	6	2
35	8	2
35	9	2
35	10	6
35	11	3
35	12	3
35	13	1
35	14	4
35	17	2
35	19	3
35	20	2
35	22	2
35	23	1
35	24	5
35	25	1
35	26	4
35	27	6
35	28	3
35	29	4
35	30	3
35	31	7
35	32	9
35	33	10
35	34	11
36	1	2
36	2	2
36	3	3
36	4	2
36	5	1
36	6	1
36	8	1
36	11	3
36	12	2
36	13	2
36	14	1
36	15	1
36	18	3
36	22	2
36	23	1
36	24	4
36	25	2
36	26	1
36	27	2
36	29	2
36	30	3
36	31	1
36	32	2
36	33	2
36	34	3
36	35	5
37	1	4
37	3	2
37	4	1
37	5	3
37	8	4
37	9	2
37	10	2
37	11	2
37	12	2
37	13	4
37	14	1
37	18	1
37	19	1
37	20	1
37	21	2
37	24	2
37	25	1
37	26	2
37	27	2
37	28	6
37	29	1
37	30	7
37	31	4
37	32	12
37	33	4
37	34	3
37	35	7
38	0	3
38	3	3
38	4	3
38	5	5
38	6	3
38	7	1
38	8	1
38	9	6
38	10	4
38	11	5
38	12	5
38	13	3
38	14	4
38	15	2
38	17	2
38	18	2
38	19	7
38	20	2
38	21	1
38	23	2
38	24	1
38	25	2
38	26	2
38	27	4
38	28	8
38	29	2
38	30	3
38	31	4
38	32	7
38	33	3
38	34	6
38	35	6
38	36	2
38	37	12
39	1	3
39	2	3
39	3	1
39	4	4
39	5	1
39	7	1
39	8	2
39	9	4
39	10	3
39	11	2
39	12	2
39	13	2
39	14	3
39	15	3
39	18	3
39	19	3
39	20	1
39	21	2
39	22	2
39	24	1
39	25	2
39	28	7
39	29	2
39	31	2
39	32	2
39	33	6
39	34	1
39	35	3
39	36	4
39	37	3
39	38	4
40	0	6
40	1	5
40	2	1
40	3	1
40	4	1
40	5	2
40	6	1
40	7	2
40	8	3
40	9	4
40	10	5
40	11	3
40	12	2
40	13	4
40	14	4
40	15	4
40	17	1
40	18	3
40	20	6
40	21	2
40	22	1
40	23	3
40	24	6
40	25	1
40	26	2
40	27	2
40	28	3
40	29	3
40	30	5
40	31	8
40	32	3
40	33	4
40	34	7
40	35	1
40	36	3
40	37	9
40	38	10
40	39	5
41	1	4
41	5	2
41	6	1
41	7	1
41	8	1
41	10	2
41	11	2
41	12	3
41	13	3
41	14	1
41	15	2
41	16	1
41	18	2
41	20	3
41	24	2
41	25	4
41	26	2
41	27	1
41	28	3
41	29	2
41	30	3
41	31	5
41	32	5
41	33	5
41	34	3
41	35	5
41	36	4
41	37	4
41	38	9
41	39	5
41	40	2
42	0	2
42	1	1
42	3	2
42	4	2
42	5	1
42	6	3
42	8	2
42	9	4
42	10	3
42	11	3
42	13	2
42	14	2
42	15	2
42	19	3
42	20	3
42	23	3
42	24	1
42	26	2
42	27	2
42	28	3
42	29	2
42	30	2
42	31	2
42	32	3
42	33	4
42	34	2
42	35	3
42	36	1
42	37	6
42	38	12
42	39	8
42	40	13
42	41	5
43	1	1
43	2	4
43	3	1
43	4	3
43	5	2
43	7	5
43	8	2
43	9	3
43	10	4
43	11	2
43	12	2
43	14	2
43	15	2
43	20	3
43	23	1
43	24	3
43	25	4
43	26	3
43	27	2
43	28	7
43	29	4
43	30	3
43	31	1
43	32	5
43	33	5
43	34	2
43	35	1
43	36	2
43	37	8
43	38	8
43	39	5
43	40	5
43	41	8
43	42	5
44	3	1
44	5	1
44	7	2
44	10	7
44	11	2
44	12	2
44	18	2
44	19	1
44	20	1
44	21	4
44	23	1
44	24	2
44	25	3
44	26	3
44	27	2
44	28	5
44	29	4
44	30	1
44	31	6
44	32	2
44	33	2
44	34	1
44	35	4
44	36	3
44	37	7
44	38	11
44	39	6
44	40	2
44	41	4
44	42	6
44	43	10
45	0	2
45	5	1
45	9	2
45	10	1
45	11	1
45	20	2
45	22	2
45	23	2
45	26	1
45	27	4
45	28	2
45	29	1
45	30	4
45	31	7
45	32	2
45	33	2
45	34	3
45	35	8
45	36	3
45	37	3
45	38	8
45	39	4
45	40	6
45	41	1
45	42	6
45	43	11
45	44	7
46	1	2
46	3	1
46	4	4
46	11	2
46	17	2
46	18	3
46	19	1
46	22	1
46	24	2
46	25	4
46	26	6
46	27	4
46	28	6
46	29	5
46	30	6
46	31	4
46	32	8
46	33	2
46	34	2
46	35	4
46	36	5
46	37	5
46	38	8
46	39	4
46	40	3
46	41	5
46	42	2
46	43	7
46	45	6
47	0	1
47	1	1
47	2	1
47	4	2
47	9	2
47	10	1
47	11	5
47	12	1
47	15	1
47	16	1
47	18	2
47	20	2
47	23	1
47	24	3
47	25	3
47	26	1
47	27	6
47	28	4
47	29	5
47	30	2
47	31	4
47	32	4
47	33	5
47	34	7
47	35	6
47	36	3
47	37	2
47	38	6
47	39	4
47	40	5
47	41	3
47	42	3
47	43	6
47	44	6
47	45	4
47	46	12
48	1	2
48	2	1
48	3	1
48	4	1
48	5	4
48	6	5
48	7	3
48	8	4
48	10	6
48	11	2
48	12	3
48	13	3
48	14	2
48	15	1
48	16	1
48	19	1
48	20	1
48	21	2
48	22	3
48	23	1
48	24	9
48	25	10
48	26	3
48	27	4
48	28	2
48	29	2
48	30	3
48	31	3
48	32	2
48	33	6
48	34	10
48	35	1
48	36	2
48	37	5
48	38	3
48	39	3
48	40	5
48	41	1
48	42	1
48	43	4
48	44	1
48	45	1
48	46	3
48	47	6
49	0	1
49	1	3
49	2	5
49	3	2
49	4	4
49	5	3
49	6	6
49	7	3
49	8	6
49	9	5
49	10	3
49	11	2
49	12	1
49	13	4
49	14	4
49	15	1
49	16	1
49	17	3
49	18	2
49	19	3
49	20	4
49	21	4
49	22	2
49	23	5
49	24	8
49	25	3
49	26	1
49	27	4
49	28	9
49	29	1
49	30	2
49	31	4
49	33	9
49	34	7
49	35	3
49	36	9
49	37	4
49	38	6
49	39	2
49	40	3
49	41	3
49	42	4
49	43	1
49	44	2
49	45	2
49	46	5
49	47	4
49	48	14
50	1	6
50	2	3
50	4	2
50	8	3
50	9	2
50	11	2
50	12	2
50	13	3
50	15	2
50	18	1
50	24	3
50	25	4
50	26	1
50	27	2
50	28	3
50	29	2
50	30	4
50	31	3
50	32	2
50	33	3
50	34	6
50	35	4
50	36	4
50	37	2
50	38	4
50	40	2
50	41	2
50	42	1
50	43	2
50	45	1
50	46	1
50	47	3
50	48	6
50	49	7
51	1	6
51	2	2
51	3	4
51	4	3
51	7	2
51	8	3
51	10	1
51	11	3
51	12	3
51	14	4
51	15	1
51	18	1
51	19	2
51	20	1
51	21	2
51	22	2
51	23	1
51	24	1
51	25	6
51	26	4
51	27	2
51	28	6
51	29	2
51	30	2
51	31	2
51	32	7
51	33	1
51	34	9
51	35	8
51	36	4
51	37	7
51	38	15
51	39	5
51	40	6
51	41	1
51	42	3
51	43	7
51	44	9
51	45	5
51	46	3
51	47	4
51	48	4
51	49	17
51	50	4
52	1	2
52	2	1
52	3	2
52	4	2
52	7	1
52	8	4
52	9	1
52	10	2
52	11	2
52	12	3
52	13	1
52	14	4
52	15	1
52	17	3
52	18	3
52	19	2
52	20	3
52	21	1
52	22	1
52	23	3
52	25	2
52	26	2
52	27	2
52	28	6
52	29	5
52	30	1
52	31	1
52	32	1
52	33	4
52	34	1
52	35	3
52	36	9
52	37	1
52	38	11
52	39	1
52	40	9
52	41	3
52	42	1
52	43	2
52	44	1
52	45	3
52	46	6
52	47	5
52	48	3
52	49	8
52	50	2
52	51	8
53	1	2
53	2	3
53	3	3
53	4	3
53	5	5
53	6	2
53	7	1
53	8	1
53	9	3
53	10	2
53	11	5
53	12	2
53	13	2
53	14	3
53	15	1
53	16	3
53	17	2
53	18	7
53	19	8
53	20	2
53	21	4
53	22	1
53	23	1
53	24	5
53	25	5
53	26	4
53	27	3
53	28	6
53	29	2
53	30	3
53	31	4
53	32	1
53	33	2
53	34	5
53	35	8
53	36	1
53	37	10
53	38	10
53	39	6
53	40	10
53	41	5
53	42	7
53	43	2
53	44	3
53	45	2
53	46	3
53	47	3
53	48	9
53	49	5
53	50	1
53	51	6
53	52	11
54	0	2
54	1	2
54	2	1
54	3	6
54	4	1
54	8	2
54	9	7
54	10	2
54	11	6
54	12	2
54	13	2
54	14	3
54	15	2
54	18	1
54	19	5
54	20	3
54	21	1
54	22	2
54	23	2
54	24	7
54	25	3
54	27	3
54	28	11
54	30	2
54	31	4
54	32	3
54	33	2
54	34	4
54	35	4
54	36	1
54	37	3
54	38	4
54	39	5
54	40	1
54	41	3
54	42	3
54	43	2
54	44	2
54	45	2
54	46	1
54	47	1
54	48	4
54	49	2
54	51	5
54	52	11
54	53	1
55	0	1
55	1	3
55	2	4
55	3	4
55	4	6
55	5	2
55	6	3
55	7	3
55	8	4
55	9	1
55	10	3
55	11	9
55	12	2
55	13	3
55	14	2
55	15	5
55	16	1
55	17	2
55	18	5
55	19	5
55	20	4
55	21	2
55	22	3
55	23	4
55	24	6
55	26	4
55	28	11
55	31	3
55	33	3
55	34	2
55	35	6
55	36	2
55	37	4
55	38	4
55	39	6
55	40	7
55	41	4
55	42	4
55	44	2
55	46	3
55	47	3
55	48	6
55	49	7
55	50	1
55	51	6
55	52	19
55	53	6
55	54	5
56	1	1
56	3	2
56	4	4
56	5	1
56	9	1
56	10	5
56	11	3
56	12	3
56	13	6
56	14	1
56	15	1
56	18	1
56	19	2
56	20	5
56	21	1
56	22	1
56	25	1
56	26	3
56	28	5
56	30	1
56	31	1
56	32	2
56	33	1
56	34	2
56	35	6
56	36	4
56	37	2
56	38	13
56	39	8
56	40	3
56	41	3
56	42	4
56	43	8
56	44	7
56	45	1
56	46	7
56	47	1
56	48	3
56	49	5
56	51	1
56	52	6
56	53	5
56	54	7
56	55	7
57	0	3
57	1	2
57	3	1
57	4	3
57	9	1
57	10	4
57	11	2
57	12	1
57	13	2
57	14	1
57	15	1
57	16	3
57	18	1
57	19	2
57	20	1
57	23	4
57	24	2
57	26	5
57	27	1
57	28	1
57	30	3
57	31	4
57	32	4
57	33	5
57	34	4
57	35	4
57	36	7
57	37	1
57	38	7
57	39	3
57	40	4
57	41	8
57	43	4
57	44	6
57	45	4
57	46	3
57	47	5
57	48	4
57	49	6
57	50	2
57	51	2
57	52	7
57	53	1
57	54	3
57	55	6
57	56	8
58	0	2
58	1	6
58	2	2
58	3	1
58	4	1
58	7	1
58	9	2
58	10	1
58	11	2
58	14	2
58	16	1
58	17	1
58	18	1
58	20	2
58	24	3
58	26	7
58	27	5
58	28	3
58	29	2
58	30	3
58	31	2
58	32	1
58	33	6
58	34	4
58	35	3
58	36	7
58	37	2
58	38	9
58	39	4
58	40	2
58	41	4
58	42	3
58	43	4
58	44	2
58	45	4
58	46	4
58	47	6
58	48	2
58	49	5
58	50	2
58	51	5
58	52	2
58	53	3
58	54	3
58	55	5
58	56	5
58	57	6
59	1	5
59	2	4
59	3	7
59	4	5
59	5	2
59	8	1
59	9	2
59	10	5
59	11	3
59	13	1
59	14	2
59	15	5
59	16	1
59	17	4
59	18	5
59	19	4
59	21	1
59	22	1
59	23	5
59	24	5
59	25	1
59	26	2
59	27	5
59	28	5
59	29	3
59	30	3
59	31	3
59	32	2
59	33	2
59	34	2
59	35	3
59	36	8
59	37	3
59	38	5
59	39	2
59	40	5
59	41	5
59	42	4
59	43	5
59	44	6
59	45	1
59	46	2
59	48	2
59	49	6
59	50	2
59	51	8
59	52	14
59	53	3
59	54	12
59	55	5
59	56	7
59	57	8
59	58	3
60	0	1
60	1	1
60	2	1
60	3	1
60	4	2
60	8	2
60	10	1
60	11	1
60	12	4
60	13	1
60	14	3
60	15	2
60	17	3
60	18	5
60	19	1
60	23	3
60	24	1
60	25	2
60	26	1
60	28	2
60	29	2
60	30	3
60	31	2
60	32	5
60	33	3
60	34	1
60	35	9
60	36	7
60	37	4
60	38	4
60	39	6
60	40	2
60	41	5
60	42	4
60	43	2
60	45	6
60	46	4
60	47	7
60	48	2
60	49	7
60	50	1
60	51	8
60	52	4
60	53	2
60	54	5
60	55	4
60	57	4
60	58	9
60	59	2
