1	0	2
2	0	3
2	1	5
3	1	3
3	2	7
4	1	3
4	2	11
4	3	9
5	3	1
5	4	6
6	0	4
6	1	1
6	2	5
6	4	2
6	5	3
7	0	6
7	1	4
7	2	2
7	3	2
7	4	1
7	5	1
7	6	4
8	0	5
8	1	4
8	2	2
8	3	3
8	4	4
8	5	2
8	6	6
8	7	10
9	0	1
9	1	5
9	2	2
9	3	2
9	4	5
9	5	6
9	6	3
9	7	6
9	8	8
10	0	3
10	1	6
10	2	3
10	3	3
10	4	5
10	5	4
10	6	6
10	7	2
10	8	7
10	9	11
11	0	1
11	1	12
11	2	1
11	3	1
11	4	2
11	5	1
11	7	4
11	8	4
11	9	5
11	10	12
12	0	8
12	1	3
12	2	5
12	3	3
12	4	6
12	5	6
12	6	7
12	7	3
12	8	3
12	9	4
12	10	7
12	11	5
13	0	7
13	1	11
13	2	1
13	3	6
13	4	4
13	5	4
13	6	5
13	7	3
13	8	9
13	9	12
13	10	6
13	11	6
13	12	10
14	0	6
14	1	4
14	2	8
14	3	4
14	4	8
14	5	4
14	6	2
14	7	4
14	8	3
14	9	3
14	10	5
14	11	4
14	12	7
14	13	5
15	0	9
15	1	8
15	2	6
15	3	1
15	4	4
15	5	2
15	6	1
15	7	3
15	8	6
15	9	2
15	10	2
15	11	3
15	12	7
15	13	9
15	14	8
16	0	4
16	1	2
16	2	4
16	3	6
16	4	2
16	5	3
16	6	3
16	8	2
16	9	1
16	10	4
16	11	3
16	12	1
16	13	3
16	14	2
16	15	4
17	0	1
17	1	5
17	2	4
17	3	2
17	4	6
17	5	5
17	6	5
17	7	2
17	8	4
17	9	3
17	10	3
17	11	2
17	12	4
17	13	5
17	14	1
17	15	6
17	16	10
18	0	2
18	1	3
18	2	6
18	3	1
18	4	5
18	5	6
18	6	4
18	7	5
18	8	6
18	9	6
18	10	7
18	11	7
18	12	6
18	13	1
18	14	3
18	15	2
18	16	3
18	17	2
19	1	7
19	2	7
19	3	3
19	4	5
19	5	3
19	6	2
19	7	3
19	8	2
19	9	5
19	11	3
19	12	3
19	13	2
19	14	3
19	15	7
19	16	2
19	17	6
19	18	2
20	0	1
20	1	3
20	2	11
20	3	6
20	4	10
20	5	3
20	6	2
20	8	4
20	9	1
20	10	1
20	11	2
20	12	5
20	13	9
20	14	5
20	15	2
20	16	1
20	17	2
20	18	4
20	19	1
21	1	1
21	2	4
21	3	4
21	4	3
21	5	9
21	6	3
21	7	5
21	8	3
21	9	1
21	10	1
21	11	1
21	12	5
21	13	2
21	14	2
21	15	6
21	16	3
21	17	2
21	18	5
21	19	2
21	20	7
22	1	3
22	2	5
22	3	4
22	4	3
22	5	2
22	6	2
22	8	5
22	9	3
22	10	4
22	11	3
22	12	2
22	13	2
22	14	1
22	15	2
22	16	3
22	17	8
22	18	4
22	19	3
22	20	9
22	21	7
23	0	2
23	1	5
23	2	7
23	3	5
23	4	1
23	5	1
23	8	2
23	10	2
23	11	2
23	12	1
23	13	3
23	14	9
23	15	4
23	18	3
23	19	6
23	20	1
23	21	3
23	22	2
24	0	2
24	1	6
24	2	5
24	3	2
24	4	7
24	5	4
24	6	3
24	8	2
24	9	4
24	10	9
24	11	6
24	12	4
24	13	6
24	14	3
24	15	1
24	16	3
24	17	3
24	18	3
24	19	4
24	20	4
24	21	2
24	23	4
25	0	4
25	1	9
25	2	2
25	3	2
25	4	1
25	5	2
25	6	3
25	7	2
25	8	5
25	9	4
25	10	3
25	12	5
25	13	2
25	14	9
25	15	5
25	16	2
25	17	2
25	18	3
25	19	1
25	22	1
25	23	2
25	24	5
26	1	4
26	2	4
26	4	2
26	5	2
26	7	3
26	8	3
26	10	3
26	11	1
26	12	2
26	13	1
26	14	1
26	15	3
26	16	1
26	17	2
26	18	3
26	19	2
26	20	1
26	24	6
26	25	2
27	0	1
27	1	4
27	3	3
27	4	2
27	7	2
27	9	3
27	10	2
27	12	1
27	13	1
27	14	1
27	15	3
27	18	3
27	19	5
27	23	4
27	24	4
27	25	4
27	26	1
28	0	3
28	1	2
28	2	2
28	3	6
28	4	4
28	5	4
28	6	5
28	7	2
28	8	4
28	9	2
28	10	8
28	11	4
28	12	4
28	13	1
28	14	3
28	15	2
28	16	1
28	17	1
28	18	8
28	19	1
28	20	4
28	21	2
28	22	2
28	23	6
28	24	3
28	25	2
28	26	3
28	27	2
29	0	2
29	1	1
29	2	1
29	4	1
29	5	4
29	8	2
29	10	2
29	12	1
29	13	1
29	14	3
29	16	1
29	18	2
29	19	2
29	23	2
29	24	2
29	25	2
29	26	2
29	27	4
29	28	1
30	1	3
30	3	3
30	5	1
30	7	1
30	8	5
30	9	2
30	10	1
30	12	1
30	13	1
30	14	5
30	17	2
30	20	1
30	22	1
30	24	3
30	25	2
30	26	1
30	27	5
30	28	3
30	29	8
31	4	1
31	5	1
31	8	1
31	9	3
31	10	3
31	11	3
31	14	3
31	15	2
31	21	3
31	24	2
31	25	5
31	27	3
31	28	2
31	29	10
31	30	6
32	0	1
32	2	1
32	4	1
32	9	1
32	10	2
32	11	4
32	12	1
32	13	3
32	14	1
32	15	3
32	18	2
32	22	1
32	23	3
32	24	1
32	25	4
32	26	1
32	27	2
32	28	2
32	29	7
32	30	7
32	31	7
33	1	2
33	2	3
33	3	2
33	4	1
33	5	2
33	8	2
33	9	2
33	10	1
33	11	2
33	12	1
33	13	3
33	14	3
33	15	2
33	17	1
33	21	3
33	22	1
33	23	3
33	24	1
33	25	4
33	26	3
33	27	3
33	28	3
33	29	7
33	30	3
33	31	6
33	32	4
34	1	2
34	2	5
34	3	1
34	4	4
34	5	1
34	8	2
34	9	2
34	10	5
34	11	2
34	12	3
34	13	5
34	14	6
34	15	2
34	16	2
34	17	1
34	18	2
34	19	4
34	20	3
34	21	3
34	22	2
34	24	4
34	25	4
34	26	3
34	27	3
34	28	4
34	29	2
34	30	5
34	31	2
34	32	4
34	33	7
35	0	3
35	1	2
35	2	1
35	3	2
35	4	1
35	6	1
35	8	3
35	9	2
35	10	7
35	11	3
35	12	5
35	13	2
35	14	3
35	15	5
35	18	4
35	19	2
35	20	4
35	21	1
35	22	1
35	23	2
35	24	3
35	25	5
35	26	2
35	27	5
35	28	3
35	29	7
35	30	2
35	31	5
35	32	5
35	33	6
35	34	10
36	0	2
36	4	2
36	7	1
36	10	2
36	12	1
36	13	2
36	15	2
36	16	2
36	18	4
36	22	2
36	23	2
36	24	2
36	25	1
36	26	3
36	27	3
36	28	3
36	30	3
36	31	2
36	32	3
36	33	2
36	34	6
36	35	9
37	0	2
37	1	1
37	2	1
37	3	2
37	4	2
37	5	1
37	7	1
37	8	3
37	9	1
37	10	1
37	11	1
37	12	2
37	14	1
37	15	2
37	18	5
37	19	2
37	21	1
37	24	2
37	25	4
37	26	2
37	27	3
37	28	3
37	29	2
37	30	6
37	31	3
37	32	11
37	33	2
37	34	3
37	35	7
37	36	4
38	1	4
38	2	1
38	3	3
38	4	1
38	5	1
38	6	3
38	7	3
38	8	4
38	9	2
38	10	8
38	11	2
38	12	2
38	13	5
38	14	1
38	15	2
38	18	2
38	19	2
38	20	1
38	21	1
38	22	1
38	23	2
38	24	4
38	25	2
38	26	4
38	27	2
38	28	7
38	29	3
38	30	5
38	31	4
38	32	4
38	33	2
38	34	1
38	35	4
38	36	7
38	37	10
39	1	2
39	2	1
39	3	1
39	4	6
39	5	3
39	6	2
39	7	1
39	8	3
39	9	2
39	10	3
39	12	2
39	13	3
39	14	3
39	15	3
39	18	1
39	19	1
39	20	1
39	21	1
39	22	3
39	23	5
39	24	5
39	25	2
39	26	1
39	27	1
39	28	10
39	29	2
39	31	3
39	32	1
39	33	4
39	34	2
39	35	4
39	37	6
39	38	7
40	0	2
40	1	4
40	2	2
40	4	4
40	5	5
40	6	2
40	7	1
40	8	2
40	9	2
40	10	6
40	11	3
40	12	1
40	13	4
40	14	6
40	15	1
40	16	1
40	17	1
40	18	4
40	19	1
40	20	6
40	21	1
40	22	1
40	23	3
40	24	9
40	25	3
40	27	2
40	28	1
40	29	2
40	30	1
40	31	6
40	32	4
40	33	7
40	34	3
40	35	5
40	36	6
40	37	8
40	38	9
40	39	9
41	1	3
41	4	2
41	5	2
41	6	3
41	8	4
41	9	3
41	10	2
41	11	2
41	12	1
41	13	1
41	14	4
41	15	1
41	16	1
41	18	3
41	20	1
41	22	1
41	24	1
41	25	1
41	27	1
41	28	4
41	29	2
41	30	4
41	31	7
41	32	1
41	33	2
41	34	1
41	35	7
41	36	3
41	37	9
41	38	3
41	39	5
41	40	3
42	0	1
42	1	3
42	2	2
42	3	2
42	4	2
42	5	3
42	8	2
42	9	2
42	10	4
42	11	2
42	12	2
42	13	1
42	14	1
42	17	1
42	19	2
42	20	2
42	23	1
42	25	3
42	26	2
42	27	4
42	28	6
42	30	2
42	31	1
42	32	4
42	33	4
42	34	4
42	35	2
42	36	3
42	37	6
42	38	5
42	39	5
42	40	4
42	41	2
43	0	2
43	1	2
43	3	2
43	4	2
43	8	2
43	9	3
43	10	1
43	11	2
43	12	1
43	13	1
43	15	4
43	17	1
43	18	5
43	20	2
43	21	2
43	22	3
43	23	1
43	24	2
43	25	3
43	26	3
43	27	3
43	28	2
43	29	3
43	30	2
43	31	3
43	32	3
43	33	1
43	34	4
43	35	5
43	36	3
43	37	3
43	38	8
43	39	6
43	40	1
43	41	9
43	42	5
44	4	3
44	5	2
44	10	3
44	11	2
44	12	2
44	18	1
44	19	1
44	21	2
44	24	1
44	25	1
44	28	2
44	30	4
44	31	2
44	32	5
44	33	3
44	34	4
44	35	2
44	36	3
44	37	6
44	38	9
44	39	5
44	40	2
44	41	4
44	42	9
44	43	5
45	0	2
45	2	2
45	3	1
45	5	2
45	6	1
45	9	2
45	10	2
45	11	3
45	15	1
45	16	2
45	19	1
45	20	2
45	22	1
45	24	1
45	25	4
45	26	7
45	27	4
45	28	2
45	29	4
45	30	9
45	31	5
45	32	8
45	34	4
45	35	3
45	36	1
45	37	6
45	38	8
45	39	5
45	40	3
45	41	3
45	42	3
45	43	8
45	44	11
46	0	1
46	1	2
46	2	1
46	3	2
46	4	1
46	8	2
46	10	2
46	13	2
46	14	1
46	15	1
46	18	1
46	19	3
46	22	1
46	23	2
46	24	7
46	25	1
46	26	1
46	27	3
46	29	6
46	30	5
46	31	8
46	32	6
46	33	6
46	34	1
46	35	6
46	36	1
46	37	2
46	38	8
46	39	3
46	40	5
46	41	2
46	42	4
46	43	10
46	44	3
46	45	11
47	0	1
47	1	4
47	3	2
47	4	1
47	10	5
47	11	4
47	12	1
47	13	3
47	16	1
47	18	1
47	21	2
47	23	1
47	24	4
47	27	5
47	28	2
47	29	5
47	30	4
47	31	4
47	32	5
47	33	4
47	34	8
47	35	8
47	36	3
47	37	2
47	38	4
47	39	1
47	40	6
47	41	1
47	42	3
47	43	1
47	44	1
47	45	2
47	46	5
48	1	7
48	2	2
48	3	6
48	4	3
48	5	3
48	6	1
48	7	2
48	8	4
48	9	2
48	10	3
48	11	4
48	12	5
48	13	3
48	14	3
48	15	3
48	18	1
48	19	3
48	20	2
48	21	1
48	22	2
48	23	2
48	24	4
48	25	5
48	26	3
48	27	3
48	28	3
48	29	2
48	30	3
48	31	2
48	32	9
48	33	3
48	34	4
48	35	3
48	36	3
48	37	3
48	38	2
48	39	2
48	40	2
48	41	1
48	42	4
48	43	3
48	44	2
48	45	3
48	46	2
48	47	2
49	0	2
49	1	5
49	2	4
49	4	3
49	5	1
49	7	1
49	8	4
49	9	7
49	10	3
49	11	3
49	12	1
49	13	1
49	14	4
49	15	3
49	16	5
49	17	2
49	18	1
49	20	5
49	21	1
49	22	4
49	23	4
49	24	10
49	25	3
49	26	5
49	27	7
49	28	5
49	29	2
49	30	4
49	31	2
49	32	6
49	33	2
49	34	5
49	35	11
49	36	5
49	37	5
49	38	5
49	39	1
49	40	10
49	41	1
49	42	3
49	43	4
49	45	2
49	46	2
49	47	7
49	48	10
50	0	1
50	1	4
50	3	2
50	4	3
50	9	2
50	10	3
50	11	1
50	12	1
50	13	1
50	14	2
50	18	1
50	19	3
50	21	2
50	23	1
50	24	6
50	25	4
50	26	3
50	27	2
50	28	1
50	29	2
50	31	3
50	32	3
50	33	6
50	34	8
50	35	3
50	36	5
50	37	4
50	38	3
50	39	3
50	40	2
50	41	1
50	42	2
50	45	1
50	46	2
50	47	3
50	48	6
50	49	9
51	1	2
51	2	3
51	3	4
51	4	3
51	6	1
51	7	1
51	8	1
51	9	2
51	10	2
51	11	6
51	12	5
51	13	4
51	14	1
51	15	3
51	18	1
51	19	2
51	20	3
51	21	2
51	22	3
51	23	4
51	24	5
51	25	4
51	26	4
51	27	4
51	28	5
51	29	3
51	30	2
51	31	1
51	33	1
51	34	9
51	35	5
51	36	11
51	37	8
51	38	14
51	39	6
51	40	5
51	41	4
51	42	6
51	43	3
51	44	3
51	45	2
51	46	2
51	47	4
51	48	4
51	49	8
51	50	4
52	1	1
52	2	3
52	3	1
52	4	5
52	5	4
52	7	1
52	8	1
52	9	2
52	10	5
52	11	2
52	12	3
52	13	3
52	14	2
52	15	3
52	16	1
52	18	4
52	19	4
52	20	2
52	24	4
52	25	3
52	26	3
52	27	3
52	28	3
52	29	6
52	30	3
52	31	4
52	32	2
52	33	4
52	34	7
52	35	7
52	36	3
52	37	2
52	38	8
52	39	5
52	40	3
52	41	4
52	42	4
52	43	2
52	44	5
52	45	2
52	46	5
52	47	1
52	48	5
52	49	6
52	50	5
52	51	6
53	1	2
53	2	2
53	4	3
53	5	4
53	6	1
53	8	3
53	9	3
53	10	9
53	11	5
53	12	2
53	13	2
53	14	3
53	15	6
53	17	1
53	18	3
53	19	2
53	20	7
53	21	1
53	22	2
53	23	4
53	24	3
53	25	4
53	26	1
53	27	3
53	28	3
53	29	4
53	30	6
53	31	3
53	32	2
53	33	2
53	34	8
53	35	9
53	36	2
53	37	5
53	38	16
53	39	7
53	40	11
53	41	5
53	42	3
53	43	3
53	44	5
53	45	3
53	46	2
53	47	3
53	48	1
53	49	10
53	50	8
53	51	10
53	52	6
54	1	3
54	3	4
54	4	4
54	9	3
54	10	3
54	11	5
54	12	4
54	13	4
54	14	5
54	15	1
54	16	4
54	17	5
54	19	2
54	20	2
54	21	2
54	22	6
54	23	4
54	24	6
54	25	2
54	26	3
54	27	2
54	28	6
54	29	2
54	30	6
54	31	1
54	32	3
54	33	2
54	34	1
54	35	6
54	36	3
54	37	1
54	38	3
54	39	1
54	40	3
54	43	2
54	45	2
54	46	3
54	47	1
54	48	3
54	49	2
54	50	5
54	51	4
54	52	13
54	53	5
55	0	2
55	1	4
55	2	1
55	3	1
55	4	5
55	5	4
55	6	2
55	7	1
55	8	2
55	9	1
55	10	4
55	12	3
55	13	2
55	14	4
55	15	3
55	17	3
55	18	6
55	19	3
55	20	8
55	21	2
55	22	5
55	23	3
55	24	3
55	25	1
55	26	4
55	27	1
55	28	8
55	29	2
55	30	4
55	31	1
55	32	2
55	33	1
55	34	10
55	35	4
55	36	2
55	37	2
55	38	10
55	39	4
55	40	3
55	41	1
55	42	7
55	43	4
55	44	6
55	46	1
55	47	3
55	48	3
55	49	4
55	50	4
55	51	11
55	52	10
55	53	8
55	54	13
56	0	2
56	1	4
56	2	3
56	3	3
56	4	1
56	5	2
56	8	1
56	10	3
56	11	3
56	12	2
56	13	4
56	14	4
56	15	1
56	16	1
56	18	1
56	19	2
56	20	3
56	21	1
56	22	2
56	23	1
56	24	2
56	25	1
56	26	3
56	27	3
56	28	8
56	30	4
56	32	3
56	33	3
56	34	2
56	35	4
56	36	4
56	37	2
56	38	16
56	39	3
56	40	5
56	41	1
56	42	6
56	43	4
56	44	4
56	45	3
56	46	3
56	47	2
56	48	1
56	49	2
56	50	1
56	51	1
56	52	7
56	53	6
56	54	7
56	55	6
57	1	1
57	2	2
57	3	1
57	4	1
57	8	1
57	9	1
57	10	1
57	11	4
57	12	4
57	13	2
57	14	1
57	15	2
57	16	3
57	18	3
57	19	4
57	20	4
57	22	1
57	23	2
57	24	2
57	25	1
57	26	3
57	27	1
57	28	5
57	30	2
57	31	3
57	32	1
57	33	5
57	34	4
57	35	4
57	36	5
57	37	1
57	38	4
57	39	5
57	40	3
57	41	5
57	42	3
57	43	5
57	44	4
57	45	5
57	46	4
57	47	3
57	48	4
57	49	5
57	50	2
57	51	5
57	52	4
57	53	3
57	54	8
57	55	5
57	56	7
58	0	3
58	1	1
58	2	5
58	3	2
58	4	1
58	7	3
58	10	1
58	14	3
58	16	1
58	18	6
58	20	1
58	22	2
58	23	2
58	24	2
58	25	3
58	26	4
58	28	2
58	29	2
58	30	1
58	31	3
58	32	1
58	33	2
58	34	3
58	35	5
58	36	2
58	37	6
58	38	4
58	39	2
58	40	3
58	41	3
58	42	1
58	43	3
58	44	6
58	45	3
58	46	4
58	47	6
58	48	3
58	49	7
58	50	2
58	51	8
58	52	2
58	53	2
58	54	3
58	55	1
58	56	2
58	57	8
59	1	1
59	2	1
59	3	4
59	4	2
59	5	2
59	6	1
59	9	2
59	10	2
59	11	3
59	12	2
59	13	1
59	14	3
59	15	3
59	16	3
59	17	1
59	18	3
59	19	4
59	20	3
59	22	1
59	23	4
59	24	7
59	25	3
59	26	2
59	27	1
59	28	2
59	29	2
59	30	3
59	31	1
59	32	2
59	33	1
59	34	4
59	35	4
59	36	7
59	37	1
59	38	3
59	39	4
59	40	1
59	42	3
59	43	4
59	44	4
59	45	3
59	46	5
59	47	7
59	48	5
59	49	19
59	50	5
59	51	8
59	52	10
59	53	7
59	54	8
59	55	2
59	56	7
59	57	13
59	58	1
60	0	4
60	1	2
60	2	1
60	3	4
60	4	3
60	7	2
60	8	4
60	10	1
60	11	1
60	12	2
60	13	3
60	15	3
60	18	2
60	19	5
60	20	4
60	23	1
60	24	3
60	25	4
60	26	5
60	27	3
60	28	2
60	29	3
60	30	3
60	31	2
60	32	2
60	33	2
60	34	4
60	35	1
60	36	3
60	37	6
60	38	7
60	39	2
60	41	2
60	42	2
60	43	2
60	44	1
60	45	4
60	46	2
60	47	7
60	48	2
60	49	6
60	50	4
60	51	4
60	52	3
60	53	2
60	54	6
60	55	3
60	56	2
60	57	2
60	58	7
60	59	5
