1	0	2
2	0	1
2	1	4
3	1	4
3	2	7
4	0	3
4	1	3
4	2	7
4	3	17
5	0	3
5	1	2
5	2	4
5	4	2
6	0	2
6	1	4
6	2	3
6	3	2
6	4	3
6	5	5
7	0	1
7	1	1
7	2	2
7	3	1
7	4	3
7	5	2
7	6	5
8	0	8
8	1	4
8	2	5
8	3	2
8	4	4
8	5	5
8	6	7
8	7	5
9	0	5
9	1	4
9	4	5
9	5	8
9	6	4
9	7	5
9	8	9
10	0	3
10	1	4
10	2	4
10	4	2
10	5	5
10	6	5
10	7	9
10	8	4
10	9	6
11	0	1
11	1	8
11	2	2
11	3	2
11	4	8
11	5	1
11	6	3
11	7	4
11	8	7
11	9	6
11	10	6
12	0	2
12	1	4
12	2	4
12	3	5
12	4	7
12	5	8
12	6	6
12	7	3
12	8	15
12	9	6
12	10	6
12	11	3
13	0	1
13	1	12
13	2	6
13	3	2
13	4	5
13	5	4
13	6	2
13	7	5
13	8	6
13	9	13
13	10	6
13	11	6
13	12	9
14	0	6
14	1	5
14	2	5
14	3	7
14	4	6
14	5	1
14	6	6
14	7	5
14	8	5
14	9	1
14	10	3
14	11	5
14	12	11
14	13	5
15	0	7
15	1	3
15	2	5
15	3	7
15	4	6
15	5	3
15	6	7
15	7	2
15	8	6
15	9	4
15	10	5
15	11	5
15	12	6
15	13	9
15	14	9
16	0	3
16	1	3
16	2	5
16	3	1
16	4	1
16	5	3
16	6	2
16	7	4
16	8	5
16	9	3
16	10	3
16	12	1
16	13	1
16	14	3
16	15	3
17	0	4
17	1	1
17	2	4
17	3	9
17	4	8
17	5	1
17	6	4
17	7	3
17	8	5
17	9	5
17	10	2
17	11	2
17	12	3
17	13	2
17	14	6
17	15	4
17	16	5
18	0	1
18	1	2
18	2	3
18	3	3
18	4	8
18	5	5
18	6	8
18	8	3
18	9	6
18	10	5
18	11	13
18	12	3
18	13	1
18	14	1
18	15	4
18	16	3
19	0	3
19	1	8
19	2	5
19	3	4
19	4	4
19	5	1
19	6	2
19	7	1
19	8	5
19	9	3
19	10	2
19	11	2
19	12	8
19	13	1
19	14	5
19	15	7
19	16	4
19	17	6
20	0	3
20	1	1
20	2	3
20	3	2
20	4	12
20	5	2
20	6	3
20	8	2
20	9	2
20	10	2
20	11	6
20	12	9
20	13	5
20	14	3
20	15	4
20	16	1
20	17	3
20	18	5
20	19	2
21	0	1
21	1	5
21	2	6
21	3	3
21	4	1
21	5	4
21	6	6
21	7	3
21	8	8
21	9	3
21	10	3
21	11	4
21	12	5
21	13	2
21	14	5
21	15	5
21	16	4
21	17	7
21	18	2
21	19	2
21	20	2
22	1	1
22	2	5
22	4	6
22	5	3
22	6	5
22	7	2
22	8	4
22	9	5
22	10	2
22	11	1
22	12	2
22	13	3
22	15	2
22	16	2
22	17	2
22	18	4
22	19	6
22	20	7
22	21	13
23	0	1
23	1	5
23	2	4
23	3	3
23	4	3
23	7	2
23	8	2
23	10	4
23	11	3
23	12	4
23	14	5
23	15	4
23	17	1
23	18	2
23	19	6
23	20	1
23	21	2
23	22	3
24	0	3
24	1	7
24	2	10
24	3	1
24	4	5
24	5	1
24	6	2
24	7	1
24	8	1
24	9	4
24	10	2
24	11	6
24	12	5
24	13	3
24	14	9
24	15	3
24	16	1
24	17	4
24	18	2
24	19	1
24	20	4
24	21	1
24	22	2
24	23	6
25	0	7
25	1	4
25	2	3
25	3	3
25	4	2
25	5	4
25	6	5
25	7	6
25	8	3
25	9	2
25	10	1
25	11	2
25	12	7
25	13	5
25	14	6
25	15	2
25	16	2
25	17	5
25	18	6
25	19	1
25	20	1
25	23	3
25	24	2
26	0	1
26	1	1
26	4	2
26	7	1
26	11	2
26	12	1
26	13	4
26	14	1
26	19	1
26	20	1
26	22	3
26	24	4
26	25	4
27	1	3
27	2	2
27	4	2
27	7	2
27	8	4
27	9	3
27	10	1
27	11	4
27	12	1
27	13	4
27	14	2
27	15	3
27	18	2
27	19	2
27	22	2
27	23	1
27	25	3
27	26	4
28	0	2
28	1	3
28	2	4
28	3	1
28	4	5
28	5	1
28	6	3
28	7	1
28	8	3
28	9	2
28	10	4
28	11	5
28	12	2
28	13	3
28	14	1
28	15	2
28	16	1
28	17	1
28	18	6
28	19	3
28	20	5
28	21	2
28	22	4
28	23	2
28	25	1
28	26	1
28	27	2
29	1	3
29	2	1
29	5	1
29	7	2
29	8	2
29	10	1
29	12	1
29	13	2
29	14	2
29	18	2
29	19	1
29	20	2
29	23	1
29	24	3
29	25	5
29	26	3
29	27	1
29	28	2
30	1	3
30	3	2
30	7	1
30	10	5
30	11	1
30	12	3
30	13	1
30	14	2
30	17	2
30	24	1
30	25	1
30	26	2
30	27	2
30	29	6
31	4	3
31	5	1
31	10	2
31	11	1
31	14	1
31	19	1
31	21	1
31	22	2
31	24	3
31	25	1
31	27	1
31	28	2
31	29	5
31	30	11
32	0	1
32	1	1
32	2	2
32	4	2
32	8	2
32	10	2
32	11	3
32	12	4
32	13	2
32	14	1
32	15	2
32	16	2
32	18	1
32	20	1
32	22	1
32	24	2
32	25	2
32	26	3
32	28	3
32	29	6
32	30	5
32	31	4
33	0	1
33	1	1
33	2	1
33	4	2
33	5	4
33	8	2
33	9	3
33	10	2
33	11	2
33	13	2
33	15	2
33	17	1
33	18	1
33	19	2
33	22	1
33	23	3
33	24	1
33	25	3
33	26	4
33	27	3
33	29	7
33	30	2
33	31	3
33	32	7
34	1	2
34	2	1
34	3	1
34	5	1
34	6	5
34	8	3
34	9	3
34	10	3
34	11	2
34	12	2
34	13	2
34	14	1
34	15	2
34	18	2
34	19	1
34	20	5
34	21	1
34	22	4
34	25	3
34	26	3
34	27	2
34	28	3
34	29	3
34	30	3
34	31	1
34	32	7
34	33	5
35	0	1
35	1	2
35	3	1
35	4	4
35	5	2
35	6	2
35	8	1
35	9	3
35	10	4
35	11	1
35	13	3
35	14	3
35	15	1
35	16	1
35	17	3
35	18	2
35	19	2
35	20	3
35	21	3
35	22	2
35	23	1
35	24	7
35	25	5
35	26	4
35	27	3
35	28	2
35	29	6
35	30	4
35	31	4
35	32	7
35	33	7
35	34	7
36	1	1
36	2	2
36	3	1
36	4	4
36	7	2
36	10	3
36	11	2
36	12	2
36	13	1
36	14	1
36	15	1
36	18	1
36	22	2
36	23	2
36	24	3
36	25	2
36	26	2
36	27	3
36	29	2
36	30	1
36	31	3
36	32	2
36	33	6
36	34	8
36	35	9
37	0	2
37	1	1
37	2	3
37	3	2
37	4	3
37	5	1
37	6	2
37	8	3
37	10	2
37	11	3
37	12	1
37	13	3
37	14	2
37	15	1
37	18	2
37	19	3
37	20	1
37	21	1
37	24	1
37	25	6
37	26	2
37	27	3
37	28	3
37	29	3
37	30	4
37	31	5
37	32	6
37	33	4
37	34	9
37	35	4
37	36	7
38	1	2
38	2	3
38	3	2
38	4	4
38	5	3
38	7	4
38	8	3
38	10	4
38	11	6
38	12	3
38	14	3
38	15	5
38	16	3
38	17	1
38	18	2
38	19	3
38	20	5
38	22	1
38	23	4
38	24	1
38	25	4
38	26	2
38	27	3
38	28	8
38	29	2
38	30	5
38	31	8
38	32	3
38	33	4
38	34	5
38	35	4
38	36	4
38	37	8
39	0	3
39	1	7
39	2	2
39	3	4
39	4	2
39	6	1
39	7	1
39	8	1
39	9	1
39	10	1
39	11	6
39	12	4
39	13	2
39	14	4
39	15	2
39	18	2
39	19	2
39	20	2
39	21	1
39	22	2
39	23	2
39	24	2
39	25	3
39	26	1
39	27	1
39	28	14
39	29	1
39	30	3
39	32	4
39	34	3
39	35	5
39	36	2
39	37	3
39	38	5
40	0	2
40	1	1
40	2	1
40	3	3
40	4	2
40	5	2
40	6	3
40	7	1
40	8	4
40	9	2
40	10	9
40	11	5
40	12	2
40	13	4
40	14	2
40	15	5
40	16	1
40	17	1
40	18	3
40	20	2
40	21	3
40	22	2
40	23	1
40	25	5
40	26	1
40	27	2
40	28	8
40	29	1
40	30	2
40	31	4
40	32	6
40	33	5
40	34	11
40	35	6
40	36	2
40	37	17
40	38	6
40	39	5
41	1	1
41	4	4
41	5	1
41	6	2
41	7	2
41	10	3
41	11	3
41	12	4
41	13	1
41	14	3
41	15	3
41	16	1
41	18	1
41	20	4
41	22	1
41	24	5
41	25	4
41	26	3
41	27	3
41	28	1
41	29	5
41	30	4
41	31	5
41	32	1
41	33	4
41	34	2
41	35	6
41	36	2
41	37	8
41	38	4
41	39	6
41	40	8
42	2	1
42	3	2
42	4	1
42	5	3
42	6	1
42	8	2
42	9	2
42	10	1
42	11	1
42	12	3
42	13	3
42	14	2
42	15	2
42	17	1
42	18	2
42	20	3
42	24	4
42	25	3
42	26	1
42	27	3
42	28	2
42	29	1
42	30	4
42	31	4
42	32	6
42	33	1
42	34	3
42	35	4
42	36	1
42	37	6
42	38	5
42	39	5
42	40	2
42	41	9
43	0	1
43	2	3
43	3	3
43	4	1
43	5	2
43	8	2
43	9	2
43	10	3
43	11	2
43	12	1
43	13	3
43	14	3
43	15	1
43	17	2
43	18	1
43	20	5
43	21	4
43	22	2
43	23	1
43	24	4
43	25	1
43	26	2
43	27	3
43	28	2
43	29	1
43	30	3
43	31	2
43	32	5
43	33	3
43	34	2
43	35	3
43	36	3
43	37	5
43	38	9
43	39	2
43	40	7
43	41	15
43	42	12
44	3	1
44	7	2
44	8	1
44	10	1
44	11	2
44	18	3
44	20	1
44	21	3
44	23	2
44	24	6
44	25	1
44	26	2
44	28	4
44	29	3
44	30	2
44	32	2
44	33	2
44	34	3
44	35	5
44	36	3
44	37	5
44	38	7
44	39	3
44	40	6
44	41	2
44	42	6
44	43	5
45	0	2
45	2	3
45	3	2
45	5	1
45	6	1
45	9	1
45	10	2
45	11	4
45	15	4
45	19	1
45	23	1
45	24	2
45	25	2
45	26	5
45	28	2
45	29	2
45	30	1
45	31	5
45	33	4
45	34	2
45	35	4
45	37	4
45	38	8
45	39	3
45	40	2
45	41	1
45	42	3
45	43	10
45	44	4
46	1	1
46	2	2
46	3	2
46	4	2
46	8	2
46	10	3
46	11	1
46	13	3
46	14	2
46	15	2
46	17	2
46	18	2
46	19	2
46	23	1
46	24	3
46	25	1
46	26	5
46	27	4
46	28	3
46	29	3
46	30	4
46	31	4
46	32	11
46	33	3
46	34	3
46	35	11
46	36	2
46	37	4
46	38	6
46	39	2
46	40	4
46	41	2
46	42	3
46	43	3
46	44	1
46	45	6
47	1	2
47	2	1
47	3	2
47	4	1
47	9	1
47	11	5
47	12	1
47	13	1
47	15	2
47	16	2
47	18	2
47	20	4
47	23	2
47	24	5
47	26	3
47	27	3
47	28	1
47	29	4
47	30	2
47	31	5
47	32	5
47	33	6
47	34	6
47	35	7
47	36	3
47	37	4
47	38	6
47	39	5
47	40	2
47	41	3
47	42	2
47	43	5
47	44	1
47	45	3
47	46	10
48	1	5
48	2	1
48	3	3
48	4	2
48	5	4
48	7	5
48	8	3
48	9	3
48	10	7
48	11	7
48	12	6
48	14	6
48	15	2
48	19	2
48	20	2
48	21	1
48	22	1
48	23	2
48	24	7
48	25	7
48	26	1
48	27	1
48	28	4
48	29	1
48	30	3
48	31	2
48	32	2
48	33	6
48	34	11
48	35	8
48	36	6
48	37	2
48	38	4
48	39	1
48	40	7
48	42	7
48	43	4
48	44	1
48	45	2
48	47	3
49	0	1
49	1	3
49	2	3
49	3	4
49	4	5
49	5	6
49	6	2
49	7	1
49	8	1
49	9	3
49	10	2
49	11	3
49	12	1
49	13	2
49	14	3
49	15	3
49	16	1
49	17	1
49	18	2
49	19	1
49	20	3
49	21	3
49	23	4
49	24	14
49	25	4
49	26	4
49	27	4
49	28	4
49	29	4
49	30	2
49	31	3
49	32	3
49	33	6
49	34	8
49	35	4
49	36	9
49	37	4
49	38	8
49	39	9
49	40	1
49	41	3
49	42	7
49	43	5
49	44	2
49	45	3
49	46	5
49	47	6
49	48	4
50	0	2
50	4	1
50	8	5
50	9	1
50	10	2
50	11	1
50	12	7
50	13	2
50	14	4
50	15	1
50	18	4
50	19	1
50	20	4
50	21	2
50	23	3
50	24	8
50	25	2
50	26	6
50	27	6
50	28	1
50	29	2
50	30	3
50	31	2
50	33	9
50	34	2
50	35	3
50	36	3
50	37	1
50	38	3
50	39	2
50	40	4
50	41	2
50	42	1
50	43	2
50	45	2
50	46	4
50	47	3
50	48	6
50	49	7
51	2	1
51	3	1
51	4	3
51	5	1
51	6	1
51	7	2
51	8	3
51	9	2
51	10	4
51	11	4
51	12	5
51	13	2
51	14	2
51	15	5
51	18	1
51	19	5
51	20	2
51	21	2
51	22	1
51	24	4
51	25	2
51	26	4
51	27	3
51	28	5
51	29	2
51	30	4
51	31	3
51	32	3
51	33	2
51	34	6
51	35	8
51	36	7
51	37	7
51	38	13
51	39	6
51	40	4
51	41	4
51	42	3
51	43	1
51	44	3
51	45	3
51	46	3
51	47	2
51	48	7
51	49	12
51	50	2
52	1	3
52	2	3
52	3	3
52	4	8
52	5	2
52	7	1
52	8	1
52	9	2
52	10	4
52	11	4
52	12	3
52	13	1
52	14	1
52	15	3
52	17	1
52	18	4
52	19	2
52	20	4
52	21	4
52	23	1
52	24	1
52	25	2
52	26	1
52	28	9
52	29	1
52	30	5
52	31	1
52	32	4
52	33	1
52	34	3
52	35	3
52	36	2
52	37	4
52	38	11
52	39	5
52	40	6
52	41	1
52	42	3
52	43	3
52	44	4
52	45	3
52	47	2
52	48	5
52	49	5
52	50	3
52	51	10
53	1	1
53	2	1
53	3	1
53	4	4
53	5	3
53	6	2
53	7	1
53	8	1
53	9	3
53	10	7
53	11	3
53	12	2
53	13	5
53	14	3
53	15	7
53	16	3
53	18	6
53	19	4
53	20	5
53	21	4
53	22	1
53	23	3
53	24	5
53	25	3
53	27	2
53	28	2
53	29	3
53	30	4
53	31	2
53	32	3
53	33	3
53	34	3
53	35	5
53	36	6
53	37	7
53	38	15
53	39	7
53	40	9
53	41	2
53	42	5
53	43	7
53	44	2
53	45	1
53	47	3
53	48	4
53	49	4
53	50	6
53	51	7
53	52	10
54	0	1
54	1	4
54	3	1
54	4	3
54	5	4
54	8	6
54	9	1
54	10	3
54	11	3
54	12	2
54	13	2
54	14	4
54	15	1
54	16	1
54	17	2
54	18	5
54	19	2
54	20	1
54	21	3
54	22	3
54	23	3
54	24	3
54	25	2
54	26	1
54	27	2
54	28	8
54	29	3
54	30	1
54	32	1
54	33	3
54	34	1
54	35	4
54	36	5
54	38	7
54	39	1
54	40	7
54	41	3
54	42	2
54	43	3
54	44	1
54	45	1
54	46	1
54	47	2
54	48	3
54	49	6
54	50	4
54	51	3
54	52	7
54	53	3
55	1	5
55	3	5
55	4	3
55	5	4
55	6	2
55	7	4
55	8	5
55	9	4
55	10	1
55	11	5
55	12	3
55	13	5
55	14	4
55	15	2
55	16	1
55	17	2
55	18	4
55	19	5
55	20	3
55	21	1
55	22	1
55	23	2
55	24	2
55	25	8
55	26	3
55	27	1
55	28	8
55	30	1
55	31	2
55	32	1
55	33	1
55	34	3
55	35	3
55	36	6
55	37	1
55	38	8
55	39	7
55	40	7
55	41	5
55	42	3
55	43	4
55	44	3
55	45	3
55	46	3
55	48	5
55	49	1
55	50	2
55	51	6
55	52	9
55	53	11
55	54	8
56	1	2
56	2	1
56	3	4
56	4	4
56	5	1
56	8	1
56	9	2
56	10	1
56	12	4
56	13	2
56	14	3
56	16	1
56	19	1
56	20	1
56	21	4
56	22	1
56	23	4
56	24	1
56	25	2
56	27	2
56	28	8
56	30	1
56	31	2
56	33	1
56	34	2
56	35	1
56	36	2
56	37	1
56	38	14
56	39	5
56	40	3
56	41	1
56	42	5
56	43	3
56	44	6
56	45	4
56	46	4
56	47	2
56	48	5
56	49	4
56	50	2
56	51	2
56	52	2
56	53	5
56	54	6
56	55	8
57	1	1
57	2	1
57	3	2
57	4	2
57	6	1
57	8	2
57	9	3
57	10	3
57	11	1
57	12	4
57	13	1
57	14	2
57	16	1
57	18	1
57	19	1
57	22	3
57	23	1
57	25	3
57	26	2
57	27	1
57	28	3
57	29	2
57	31	2
57	32	3
57	33	2
57	34	4
57	35	3
57	36	7
57	37	2
57	38	7
57	39	4
57	40	3
57	41	3
57	42	5
57	43	6
57	45	6
57	46	7
57	47	1
57	48	3
57	49	4
57	50	3
57	51	8
57	52	5
57	53	2
57	54	3
57	55	4
57	56	6
58	0	3
58	1	1
58	2	1
58	3	3
58	4	1
58	6	1
58	10	1
58	11	1
58	14	2
58	17	3
58	18	4
58	20	3
58	22	1
58	23	2
58	24	1
58	25	1
58	26	1
58	27	2
58	28	3
58	29	1
58	30	1
58	31	1
58	32	2
58	33	3
58	34	4
58	35	4
58	36	6
58	37	4
58	38	6
58	39	3
58	40	3
58	41	2
58	43	5
58	44	4
58	45	10
58	46	5
58	47	3
58	48	3
58	49	4
58	50	1
58	51	6
58	52	6
58	53	4
58	54	2
58	55	4
58	56	6
58	57	8
59	1	8
59	2	1
59	3	5
59	4	5
59	8	1
59	9	2
59	10	2
59	11	3
59	12	3
59	13	4
59	14	1
59	15	3
59	17	1
59	18	1
59	19	3
59	20	4
59	21	2
59	22	5
59	24	4
59	25	4
59	26	2
59	27	2
59	28	7
59	30	2
59	31	4
59	32	4
59	33	1
59	34	6
59	35	4
59	36	4
59	37	2
59	38	1
59	39	2
59	40	1
59	41	3
59	42	2
59	43	4
59	44	2
59	45	3
59	46	1
59	47	4
59	48	2
59	49	5
59	50	5
59	51	6
59	52	8
59	53	2
59	54	9
59	55	2
59	57	7
59	58	3
60	1	3
60	2	1
60	3	2
60	4	3
60	7	3
60	10	2
60	11	2
60	12	1
60	13	2
60	14	1
60	15	4
60	17	1
60	19	2
60	20	3
60	23	2
60	24	1
60	25	1
60	26	2
60	27	2
60	28	5
60	29	3
60	30	4
60	31	3
60	33	3
60	34	2
60	35	6
60	36	3
60	37	4
60	38	6
60	39	5
60	40	4
60	41	1
60	42	6
60	43	6
60	44	2
60	45	2
60	46	6
60	47	8
60	48	3
60	49	3
60	51	4
60	52	1
60	53	2
60	54	3
60	55	2
60	56	5
60	57	9
60	58	11
60	59	2
