1	0	2
2	0	4
2	1	5
3	0	1
3	1	4
3	2	7
4	0	1
4	1	4
4	2	7
4	3	15
5	0	1
5	1	7
5	2	6
5	3	6
5	4	5
6	0	2
6	1	2
6	2	5
6	3	1
6	4	4
6	5	3
7	1	4
7	2	4
7	3	2
7	4	1
7	5	2
7	6	6
8	0	4
8	1	5
8	2	3
8	3	3
8	4	5
8	5	4
8	6	9
8	7	4
9	0	2
9	1	9
9	2	3
9	3	1
9	4	4
9	5	5
9	6	10
9	7	11
9	8	10
10	0	2
10	1	1
10	2	2
10	3	4
10	4	3
10	5	9
10	6	6
10	7	5
10	8	3
10	9	7
11	0	7
11	1	3
11	2	3
11	3	4
11	4	5
11	5	2
11	6	4
11	7	2
11	8	7
11	9	1
11	10	6
12	0	1
12	1	7
12	2	5
12	3	2
12	4	8
12	5	7
12	6	9
12	7	4
12	8	13
12	9	3
12	10	10
12	11	5
13	0	4
13	1	7
13	2	6
13	3	5
13	4	6
13	5	7
13	6	6
13	7	2
13	8	16
13	9	7
13	10	8
13	11	6
13	12	9
14	0	1
14	1	5
14	2	8
14	3	3
14	4	6
14	5	7
14	6	4
14	7	4
14	8	6
14	9	3
14	10	4
14	11	3
14	12	9
14	13	8
15	0	8
15	1	9
15	2	5
15	3	6
15	4	3
15	5	6
15	6	3
15	7	4
15	8	9
15	9	3
15	10	5
15	11	7
15	12	5
15	13	15
15	14	17
16	0	3
16	1	1
16	2	3
16	3	3
16	4	2
16	5	2
16	6	1
16	7	2
16	8	4
16	9	4
16	10	2
16	11	3
16	12	3
16	13	2
16	14	2
17	0	4
17	1	2
17	2	3
17	3	2
17	4	4
17	5	5
17	7	2
17	8	6
17	9	3
17	10	2
17	11	1
17	12	2
17	13	2
17	14	4
17	15	7
17	16	9
18	0	2
18	1	3
18	2	5
18	3	5
18	4	2
18	5	11
18	6	3
18	7	4
18	8	3
18	9	4
18	10	7
18	11	8
18	12	2
18	13	4
18	14	3
18	15	6
18	16	1
18	17	1
19	0	4
19	1	3
19	2	4
19	3	9
19	4	6
19	5	2
19	6	2
19	7	1
19	8	7
19	9	2
19	10	3
19	11	4
19	12	3
19	13	3
19	14	6
19	15	3
19	16	5
19	17	1
19	18	2
20	1	1
20	2	5
20	3	3
20	4	12
20	5	4
20	6	2
20	8	7
20	9	4
20	10	3
20	11	3
20	12	11
20	13	5
20	14	3
20	15	4
20	16	4
20	17	1
20	18	7
20	19	6
21	0	4
21	1	7
21	2	6
21	3	1
21	4	3
21	5	9
21	6	4
21	7	1
21	8	6
21	9	2
21	10	5
21	11	7
21	12	5
21	13	6
21	14	3
21	15	2
21	16	3
21	17	5
21	18	3
21	19	5
21	20	4
22	1	3
22	2	6
22	3	7
22	4	8
22	5	9
22	6	2
22	7	1
22	8	3
22	9	2
22	10	3
22	11	2
22	12	9
22	13	3
22	14	2
22	15	2
22	16	2
22	17	3
22	18	2
22	19	3
22	20	7
22	21	5
23	1	5
23	2	3
23	3	6
23	4	1
23	5	2
23	8	4
23	9	1
23	10	2
23	11	3
23	12	5
23	13	5
23	14	1
23	15	1
23	17	1
23	18	2
23	19	5
23	20	1
23	21	1
23	22	3
24	1	5
24	2	1
24	3	5
24	4	2
24	5	3
24	6	1
24	7	4
24	8	3
24	9	3
24	10	6
24	11	7
24	12	1
24	13	5
24	14	5
24	15	1
24	16	3
24	17	3
24	18	2
24	19	3
24	20	1
24	21	3
24	22	1
24	23	7
25	0	1
25	1	4
25	2	3
25	3	3
25	6	3
25	7	7
25	8	5
25	9	3
25	10	3
25	11	5
25	12	2
25	13	7
25	14	3
25	15	5
25	16	1
25	17	2
25	18	3
25	19	5
25	20	3
25	22	2
25	23	2
25	24	2
26	0	2
26	1	4
26	2	3
26	7	1
26	8	3
26	10	2
26	11	3
26	13	5
26	14	2
26	15	2
26	23	3
26	24	2
26	25	2
27	1	2
27	2	2
27	3	2
27	4	2
27	5	2
27	6	4
27	7	1
27	8	4
27	9	1
27	10	2
27	11	1
27	12	1
27	13	2
27	14	2
27	15	1
27	17	2
27	18	2
27	19	1
27	24	2
27	25	5
27	26	4
28	0	1
28	1	2
28	2	3
28	3	4
28	4	4
28	5	2
28	6	3
28	7	2
28	8	6
28	9	1
28	10	4
28	11	4
28	12	4
28	13	4
28	14	7
28	15	5
28	16	3
28	17	2
28	18	5
28	19	2
28	20	5
28	21	2
28	22	7
28	23	4
28	24	1
28	25	4
28	26	4
28	27	3
29	0	1
29	1	1
29	2	3
29	4	1
29	10	1
29	13	1
29	14	2
29	16	2
29	18	2
29	19	1
29	20	1
29	23	1
29	24	3
29	25	3
29	26	2
29	27	2
30	1	2
30	3	3
30	8	1
30	9	2
30	10	1
30	11	2
30	12	2
30	13	2
30	17	2
30	18	2
30	19	2
30	20	1
30	22	1
30	24	2
30	25	3
30	26	1
30	27	4
30	28	1
30	29	2
31	5	1
31	8	3
31	10	2
31	14	3
31	15	2
31	21	1
31	22	1
31	23	2
31	24	1
31	25	3
31	26	3
31	27	3
31	28	3
31	29	10
31	30	7
32	1	2
32	4	2
32	8	2
32	9	2
32	10	4
32	11	3
32	12	3
32	13	7
32	14	1
32	15	2
32	16	4
32	17	2
32	20	3
32	23	3
32	24	1
32	25	4
32	27	5
32	28	1
32	29	2
32	30	4
32	31	8
33	0	3
33	1	3
33	3	2
33	4	1
33	5	1
33	8	1
33	9	2
33	10	6
33	12	2
33	13	3
33	14	2
33	15	4
33	17	2
33	18	2
33	19	1
33	21	2
33	22	1
33	24	3
33	25	3
33	26	5
33	27	4
33	28	1
33	29	3
33	30	7
33	31	5
33	32	5
34	1	3
34	2	2
34	3	1
34	6	3
34	8	1
34	9	7
34	10	4
34	11	3
34	12	3
34	13	3
34	14	3
34	15	1
34	17	3
34	18	6
34	19	1
34	21	1
34	22	1
34	23	3
34	24	3
34	25	5
34	27	6
34	28	2
34	29	3
34	30	4
34	32	4
34	33	12
35	1	2
35	2	3
35	3	1
35	5	2
35	6	2
35	8	3
35	9	3
35	10	4
35	11	5
35	12	4
35	13	3
35	14	5
35	16	1
35	17	2
35	18	1
35	19	2
35	20	5
35	21	5
35	22	1
35	23	3
35	24	5
35	25	2
35	26	4
35	27	2
35	28	6
35	29	9
35	30	1
35	31	8
35	32	7
35	33	8
35	34	9
36	0	1
36	1	2
36	2	1
36	3	1
36	4	3
36	6	1
36	7	1
36	10	2
36	11	3
36	13	2
36	14	1
36	16	5
36	22	1
36	23	2
36	24	2
36	25	2
36	26	3
36	27	1
36	28	2
36	31	2
36	32	3
36	33	2
36	34	2
36	35	5
37	0	2
37	1	4
37	2	2
37	3	1
37	4	3
37	5	3
37	6	1
37	7	2
37	8	2
37	9	3
37	10	3
37	11	2
37	12	2
37	14	5
37	15	1
37	18	3
37	19	3
37	20	2
37	21	3
37	24	4
37	25	4
37	26	3
37	27	2
37	28	2
37	29	4
37	30	6
37	31	5
37	32	7
37	33	3
37	34	4
37	35	7
37	36	3
38	1	1
38	2	3
38	3	5
38	4	3
38	5	2
38	6	4
38	7	3
38	8	2
38	10	7
38	11	8
38	12	3
38	13	4
38	14	3
38	15	3
38	16	3
38	17	1
38	18	4
38	19	1
38	20	2
38	21	2
38	22	4
38	23	3
38	24	2
38	25	5
38	26	3
38	27	3
38	28	9
38	29	2
38	30	2
38	31	3
38	32	3
38	33	4
38	34	1
38	35	8
38	36	5
38	37	10
39	2	1
39	3	2
39	4	6
39	5	3
39	6	2
39	7	2
39	8	1
39	9	3
39	11	4
39	12	4
39	13	1
39	14	5
39	15	1
39	18	2
39	19	2
39	20	4
39	21	2
39	22	2
39	23	1
39	24	1
39	26	2
39	27	3
39	28	2
39	29	2
39	30	2
39	31	3
39	32	2
39	33	1
39	34	1
39	35	5
39	36	2
39	37	3
39	38	3
40	0	3
40	1	1
40	2	1
40	3	3
40	4	1
40	5	5
40	6	1
40	7	3
40	8	2
40	9	1
40	10	4
40	11	3
40	12	5
40	13	2
40	14	3
40	15	2
40	16	3
40	17	1
40	18	3
40	19	2
40	20	1
40	22	2
40	23	2
40	24	4
40	25	9
40	26	3
40	27	6
40	28	2
40	29	2
40	30	5
40	31	2
40	32	2
40	33	4
40	34	6
40	35	4
40	36	3
40	37	3
40	38	6
40	39	4
41	1	2
41	4	2
41	5	3
41	7	1
41	8	2
41	9	3
41	10	2
41	11	4
41	12	3
41	13	1
41	14	1
41	16	2
41	18	3
41	20	1
41	22	3
41	24	4
41	25	3
41	26	4
41	27	1
41	28	6
41	29	1
41	30	5
41	31	2
41	32	8
41	33	1
41	34	5
41	35	3
41	36	1
41	37	6
41	38	2
41	39	4
41	40	3
42	2	2
42	3	3
42	4	1
42	5	1
42	6	2
42	9	1
42	10	6
42	11	2
42	12	1
42	13	2
42	14	3
42	15	1
42	18	1
42	19	2
42	20	2
42	24	3
42	25	2
42	26	3
42	27	4
42	28	3
42	29	2
42	30	2
42	31	4
42	32	3
42	33	2
42	34	4
42	35	2
42	36	6
42	37	3
42	38	6
42	39	9
42	40	7
42	41	6
43	0	2
43	1	1
43	2	2
43	4	2
43	5	1
43	7	1
43	8	2
43	9	1
43	10	4
43	11	1
43	12	1
43	13	1
43	14	1
43	15	1
43	16	1
43	18	1
43	20	2
43	22	2
43	23	1
43	24	1
43	25	3
43	26	1
43	27	2
43	28	5
43	29	2
43	30	4
43	31	6
43	32	3
43	33	4
43	34	3
43	35	2
43	36	5
43	37	8
43	38	5
43	39	2
43	40	7
43	41	7
43	42	6
44	4	2
44	5	3
44	7	4
44	8	2
44	10	1
44	11	5
44	19	2
44	20	2
44	21	1
44	23	2
44	24	1
44	25	2
44	26	2
44	28	4
44	29	4
44	30	2
44	31	4
44	32	5
44	33	2
44	34	6
44	35	3
44	36	1
44	37	6
44	38	10
44	39	9
44	40	2
44	41	3
44	42	8
44	43	7
45	3	2
45	5	1
45	9	2
45	11	4
45	15	1
45	16	3
45	19	1
45	22	3
45	24	2
45	25	2
45	26	1
45	28	5
45	30	1
45	31	2
45	32	2
45	33	3
45	34	1
45	35	4
45	36	5
45	37	5
45	38	4
45	39	4
45	41	2
45	42	4
45	43	8
45	44	16
46	0	1
46	1	2
46	2	5
46	3	2
46	4	1
46	8	2
46	11	3
46	14	1
46	19	1
46	22	1
46	24	2
46	25	1
46	26	2
46	27	3
46	28	5
46	29	3
46	30	5
46	31	5
46	32	8
46	33	5
46	34	1
46	35	8
46	36	1
46	37	6
46	38	4
46	39	2
46	40	2
46	41	3
46	42	3
46	43	6
46	44	3
46	45	7
47	0	1
47	2	1
47	3	1
47	4	3
47	9	1
47	10	4
47	11	2
47	13	2
47	15	7
47	16	1
47	17	2
47	18	4
47	20	1
47	21	1
47	23	1
47	25	2
47	26	1
47	27	4
47	28	2
47	29	4
47	30	1
47	31	4
47	32	3
47	33	3
47	34	4
47	35	7
47	36	4
47	37	4
47	38	4
47	39	3
47	41	1
47	43	3
47	44	1
47	45	3
47	46	5
48	2	2
48	3	3
48	4	2
48	5	3
48	6	1
48	7	2
48	8	5
48	9	2
48	10	3
48	11	8
48	12	4
48	13	4
48	14	4
48	15	2
48	16	2
48	18	4
48	20	3
48	21	4
48	22	2
48	23	2
48	24	7
48	25	6
48	26	1
48	27	4
48	28	4
48	29	1
48	30	3
48	31	2
48	32	3
48	33	3
48	34	9
48	35	1
48	36	5
48	37	7
48	38	6
48	39	1
48	40	5
48	41	4
48	42	1
48	43	1
48	44	3
48	45	1
48	46	4
48	47	2
49	0	1
49	1	3
49	2	4
49	3	4
49	4	3
49	5	2
49	6	2
49	7	7
49	8	2
49	9	3
49	10	4
49	11	8
49	12	1
49	13	5
49	14	5
49	15	2
49	16	4
49	17	2
49	18	2
49	19	5
49	20	2
49	21	3
49	22	1
49	23	3
49	24	4
49	25	2
49	26	9
49	27	2
49	28	6
49	30	1
49	31	4
49	32	1
49	33	3
49	34	7
49	35	5
49	36	12
49	37	5
49	38	8
49	39	2
49	40	7
49	41	1
49	42	6
49	43	3
49	44	3
49	45	5
49	46	2
49	47	4
49	48	10
50	1	1
50	2	2
50	4	4
50	7	2
50	8	3
50	9	2
50	10	2
50	11	3
50	12	3
50	13	1
50	14	6
50	15	1
50	18	2
50	19	3
50	23	2
50	24	5
50	25	6
50	26	5
50	27	4
50	28	2
50	29	3
50	30	3
50	31	2
50	32	6
50	33	2
50	34	5
50	35	4
50	36	4
50	37	3
50	38	4
50	40	5
50	41	2
50	43	1
50	45	1
50	46	2
50	47	2
50	48	3
50	49	10
51	1	1
51	2	1
51	3	1
51	4	1
51	5	1
51	6	1
51	7	4
51	8	4
51	9	2
51	10	3
51	11	5
51	12	3
51	13	2
51	14	1
51	15	1
51	18	4
51	19	1
51	20	4
51	21	3
51	23	4
51	24	5
51	25	1
51	26	4
51	27	3
51	28	6
51	29	1
51	30	4
51	31	5
51	32	4
51	33	8
51	34	9
51	35	7
51	36	8
51	37	7
51	38	14
51	39	4
51	40	4
51	41	2
51	42	4
51	43	6
51	44	3
51	45	1
51	46	6
51	47	6
51	48	5
51	49	9
51	50	3
52	1	1
52	2	3
52	5	2
52	8	1
52	9	1
52	10	4
52	11	2
52	12	3
52	13	4
52	14	6
52	15	4
52	16	1
52	18	2
52	20	1
52	21	3
52	22	1
52	23	2
52	24	4
52	25	3
52	26	1
52	27	2
52	28	9
52	29	4
52	30	4
52	33	1
52	34	1
52	35	5
52	36	4
52	37	5
52	38	9
52	39	3
52	40	6
52	41	1
52	42	2
52	43	4
52	44	5
52	45	2
52	46	6
52	47	5
52	48	7
52	49	2
52	50	1
52	51	12
53	1	2
53	2	2
53	3	6
53	4	3
53	5	2
53	6	5
53	7	1
53	8	4
53	9	1
53	10	3
53	11	3
53	12	3
53	13	2
53	14	2
53	15	1
53	16	1
53	17	2
53	18	5
53	19	1
53	20	6
53	21	2
53	22	3
53	23	6
53	24	5
53	25	6
53	26	1
53	28	10
53	30	1
53	31	3
53	32	3
53	33	5
53	34	2
53	35	4
53	36	4
53	37	4
53	38	9
53	39	10
53	40	4
53	41	11
53	42	4
53	43	6
53	44	2
53	46	4
53	47	3
53	48	6
53	49	9
53	50	3
53	51	8
53	52	5
54	1	4
54	2	4
54	3	4
54	4	2
54	5	1
54	8	2
54	10	1
54	11	1
54	12	5
54	13	2
54	14	5
54	16	1
54	17	4
54	18	5
54	19	3
54	20	3
54	22	4
54	23	4
54	24	1
54	25	5
54	26	2
54	27	2
54	28	9
54	30	4
54	31	1
54	32	1
54	34	4
54	35	7
54	36	3
54	37	3
54	38	9
54	39	2
54	40	4
54	41	5
54	42	4
54	43	1
54	44	2
54	45	3
54	46	1
54	47	1
54	48	1
54	49	7
54	50	4
54	51	3
54	52	9
54	53	5
55	0	1
55	1	2
55	2	4
55	3	1
55	4	8
55	5	4
55	7	1
55	8	2
55	9	3
55	10	4
55	11	3
55	12	1
55	13	3
55	14	2
55	15	4
55	16	2
55	17	3
55	18	5
55	19	5
55	20	1
55	21	2
55	22	1
55	23	3
55	24	8
55	25	1
55	28	9
55	29	3
55	30	4
55	31	3
55	32	2
55	33	3
55	34	5
55	35	1
55	36	4
55	37	4
55	38	9
55	39	4
55	40	5
55	41	2
55	42	5
55	43	3
55	44	2
55	45	2
55	46	3
55	47	4
55	48	6
55	49	3
55	50	2
55	51	6
55	52	8
55	53	9
55	54	5
56	0	1
56	1	4
56	2	1
56	4	1
56	5	4
56	9	1
56	10	2
56	11	5
56	12	2
56	13	2
56	14	3
56	15	3
56	16	2
56	18	2
56	20	1
56	21	5
56	22	3
56	24	2
56	25	4
56	26	2
56	27	2
56	28	5
56	31	1
56	32	4
56	33	2
56	34	4
56	35	4
56	36	2
56	37	5
56	38	10
56	39	5
56	40	2
56	41	4
56	42	2
56	43	2
56	44	3
56	45	4
56	46	4
56	47	1
56	48	1
56	49	4
56	51	2
56	52	5
56	53	5
56	54	5
56	55	11
57	1	2
57	2	2
57	3	1
57	4	5
57	6	3
57	8	4
57	10	2
57	11	2
57	13	1
57	14	1
57	15	1
57	16	1
57	18	1
57	19	2
57	20	1
57	23	3
57	24	4
57	25	2
57	26	1
57	27	1
57	28	2
57	29	2
57	30	4
57	31	4
57	32	4
57	33	3
57	34	1
57	35	6
57	36	5
57	37	5
57	38	5
57	39	2
57	40	2
57	41	7
57	43	2
57	44	2
57	45	4
57	46	7
57	47	7
57	48	1
57	49	3
57	50	3
57	51	5
57	52	9
57	53	4
57	54	4
57	55	4
57	56	2
58	2	2
58	3	1
58	4	2
58	6	2
58	7	1
58	10	2
58	11	2
58	14	1
58	16	2
58	17	1
58	18	1
58	20	1
58	22	1
58	24	2
58	25	2
58	26	2
58	27	4
58	28	2
58	29	2
58	30	5
58	31	2
58	32	1
58	33	3
58	34	2
58	35	6
58	36	9
58	37	3
58	38	4
58	39	1
58	40	6
58	41	6
58	42	1
58	43	5
58	44	2
58	45	3
58	46	5
58	47	4
58	48	5
58	49	7
58	50	2
58	51	5
58	52	6
58	53	2
58	54	4
58	55	2
58	56	7
58	57	9
59	1	2
59	2	3
59	3	5
59	4	2
59	5	1
59	6	1
59	8	4
59	9	2
59	11	6
59	12	3
59	13	4
59	14	3
59	15	2
59	16	3
59	17	2
59	18	3
59	19	3
59	20	2
59	21	2
59	22	5
59	23	7
59	24	6
59	25	4
59	26	2
59	27	1
59	28	4
59	29	2
59	30	1
59	31	1
59	32	3
59	33	4
59	34	1
59	35	6
59	36	4
59	37	2
59	38	5
59	39	3
59	40	2
59	41	4
59	42	2
59	43	3
59	44	2
59	46	3
59	47	3
59	48	7
59	49	10
59	50	5
59	51	3
59	52	13
59	53	4
59	54	15
59	55	6
59	56	4
59	57	8
59	58	5
60	0	1
60	1	3
60	2	2
60	3	1
60	7	3
60	8	3
60	10	2
60	11	4
60	12	5
60	13	1
60	14	1
60	15	1
60	17	1
60	18	1
60	19	1
60	20	3
60	23	2
60	24	1
60	25	3
60	26	2
60	27	2
60	28	3
60	29	5
60	30	3
60	31	3
60	32	2
60	33	5
60	34	4
60	35	5
60	36	8
60	37	2
60	38	4
60	39	4
60	40	3
60	41	1
60	42	5
60	43	3
60	44	4
60	45	9
60	46	4
60	47	6
60	48	3
60	49	7
60	50	2
60	51	5
60	52	1
60	53	2
60	54	2
60	55	3
60	56	3
60	57	4
60	58	13
60	59	5
