1	0	2
2	0	2
2	1	6
3	1	2
3	2	3
4	1	2
4	2	11
4	3	7
5	0	4
5	1	2
5	3	3
5	4	4
6	0	2
6	1	2
6	2	5
6	3	1
6	4	2
6	5	7
7	0	3
7	1	4
7	2	2
7	3	2
7	4	3
7	5	3
7	6	4
8	0	5
8	1	4
8	2	4
8	3	4
8	4	5
8	5	5
8	6	5
8	7	12
9	0	5
9	1	5
9	2	4
9	4	3
9	5	2
9	6	4
9	7	7
9	8	7
10	0	3
10	1	5
10	2	3
10	3	2
10	4	2
10	5	3
10	6	3
10	7	4
10	8	4
10	9	9
11	1	5
11	3	3
11	4	3
11	5	4
11	6	4
11	7	2
11	8	1
11	9	7
11	10	7
12	0	2
12	1	8
12	2	3
12	3	2
12	4	3
12	5	6
12	6	12
12	7	5
12	8	9
12	9	9
12	10	6
12	11	3
13	0	7
13	1	7
13	2	8
13	3	4
13	4	1
13	5	5
13	6	4
13	7	4
13	8	9
13	9	12
13	10	5
13	11	8
13	12	11
14	0	3
14	1	4
14	2	5
14	3	3
14	4	6
14	5	2
14	6	4
14	7	1
14	8	4
14	9	3
14	10	3
14	11	5
14	12	12
14	13	12
15	0	3
15	1	9
15	2	7
15	3	4
15	4	4
15	5	6
15	6	4
15	7	5
15	8	6
15	9	4
15	11	5
15	12	6
15	13	5
15	14	8
16	0	4
16	2	2
16	3	7
16	4	4
16	5	7
16	6	2
16	7	5
16	8	5
16	9	2
16	11	4
16	12	4
16	13	2
16	14	3
16	15	2
17	0	4
17	1	4
17	2	1
17	3	3
17	4	3
17	5	4
17	6	3
17	7	2
17	8	6
17	9	2
17	10	1
17	11	3
17	12	4
17	13	5
17	14	6
17	15	11
17	16	6
18	0	3
18	1	1
18	2	5
18	3	3
18	4	5
18	5	8
18	6	5
18	7	2
18	8	6
18	9	4
18	10	9
18	11	1
18	12	6
18	13	7
18	14	9
18	15	3
18	17	3
19	0	2
19	1	6
19	2	5
19	3	5
19	4	6
19	5	4
19	8	2
19	9	3
19	10	4
19	11	4
19	12	2
19	13	2
19	14	5
19	15	6
19	16	4
19	17	7
19	18	3
20	0	3
20	1	3
20	2	8
20	3	5
20	4	9
20	5	5
20	7	2
20	8	2
20	9	5
20	10	4
20	11	4
20	12	6
20	13	1
20	14	9
20	15	3
20	16	3
20	17	2
20	18	6
20	19	3
21	0	2
21	1	2
21	2	11
21	3	5
21	4	2
21	5	2
21	6	2
21	7	2
21	8	3
21	9	4
21	10	2
21	11	1
21	12	5
21	13	2
21	14	5
21	15	7
21	16	6
21	17	3
21	18	4
21	19	8
21	20	8
22	1	5
22	2	4
22	3	1
22	4	3
22	5	7
22	6	3
22	7	1
22	8	6
22	9	4
22	10	2
22	11	3
22	12	4
22	13	6
22	14	5
22	15	1
22	16	5
22	17	1
22	18	4
22	19	4
22	20	7
22	21	4
23	2	2
23	3	3
23	4	5
23	5	2
23	7	1
23	8	3
23	9	4
23	10	2
23	11	1
23	12	8
23	13	4
23	14	5
23	15	5
23	17	1
23	18	1
23	19	5
23	20	2
23	21	1
24	0	3
24	1	8
24	2	3
24	3	4
24	4	5
24	5	2
24	6	2
24	7	1
24	8	7
24	9	1
24	10	5
24	11	5
24	12	5
24	13	6
24	14	6
24	15	9
24	16	2
24	17	4
24	18	2
24	19	3
24	20	2
24	23	1
25	0	4
25	1	7
25	2	1
25	3	2
25	4	4
25	5	1
25	6	3
25	7	3
25	8	2
25	9	6
25	10	10
25	11	8
25	12	3
25	13	8
25	14	3
25	15	3
25	17	3
25	18	5
25	19	4
25	20	3
25	21	4
25	22	1
25	23	1
25	24	3
26	1	3
26	2	2
26	4	1
26	5	2
26	8	2
26	11	4
26	12	1
26	13	1
26	14	2
26	15	1
26	18	1
26	19	3
26	20	1
26	22	3
26	23	3
26	24	1
26	25	4
27	1	2
27	2	1
27	3	1
27	4	1
27	5	2
27	7	4
27	9	1
27	10	4
27	11	2
27	12	2
27	13	1
27	14	4
27	15	2
27	17	2
27	18	2
27	19	1
27	22	1
27	23	2
27	24	2
27	25	8
27	26	4
28	0	1
28	1	2
28	2	1
28	3	2
28	4	10
28	5	4
28	6	1
28	7	3
28	8	4
28	9	1
28	10	6
28	11	1
28	12	1
28	13	1
28	14	5
28	15	5
28	16	4
28	17	2
28	18	3
28	19	2
28	20	4
28	21	3
28	22	3
28	23	7
28	25	6
28	26	1
28	27	1
29	2	2
29	5	2
29	7	1
29	8	1
29	10	3
29	13	1
29	14	4
29	16	1
29	18	1
29	24	1
29	26	1
30	1	1
30	3	2
30	7	2
30	8	2
30	9	1
30	10	3
30	11	1
30	13	1
30	14	1
30	17	1
30	19	1
30	20	1
30	22	1
30	24	1
30	25	1
30	26	4
30	27	2
30	28	5
30	29	4
31	4	4
31	5	3
31	8	1
31	9	1
31	11	3
31	14	5
31	19	1
31	21	1
31	22	3
31	24	4
31	25	1
31	26	1
31	27	3
31	28	3
31	29	9
31	30	19
32	1	1
32	2	1
32	4	2
32	8	2
32	9	2
32	10	5
32	11	3
32	12	2
32	13	4
32	14	2
32	15	3
32	16	1
32	18	2
32	23	2
32	24	2
32	25	6
32	26	1
32	27	5
32	28	3
32	29	1
32	30	5
32	31	6
33	1	3
33	3	3
33	5	1
33	9	2
33	10	1
33	12	2
33	13	3
33	15	2
33	18	4
33	19	4
33	21	3
33	22	1
33	23	2
33	24	3
33	25	1
33	26	2
33	27	3
33	28	3
33	29	4
33	30	7
33	31	5
33	32	6
34	1	1
34	2	1
34	4	3
34	5	6
34	6	2
34	9	3
34	10	4
34	11	5
34	12	1
34	13	5
34	14	1
34	15	1
34	16	2
34	17	2
34	18	2
34	19	1
34	20	3
34	21	1
34	22	4
34	23	3
34	24	2
34	25	1
34	26	1
34	27	3
34	28	1
34	29	3
34	30	3
34	31	1
34	32	11
34	33	4
35	1	1
35	2	1
35	3	4
35	6	2
35	10	2
35	11	4
35	12	2
35	13	1
35	14	3
35	15	4
35	17	1
35	18	2
35	19	2
35	20	2
35	21	1
35	22	1
35	23	4
35	24	2
35	25	3
35	26	4
35	28	4
35	29	6
35	30	9
35	31	7
35	32	9
35	33	14
35	34	8
36	0	4
36	1	2
36	3	2
36	4	5
36	5	2
36	6	2
36	7	2
36	10	3
36	11	7
36	12	3
36	13	2
36	15	1
36	18	2
36	22	1
36	23	2
36	24	4
36	25	6
36	26	2
36	28	2
36	29	3
36	30	1
36	32	2
36	33	6
36	34	7
36	35	3
37	0	3
37	1	1
37	2	1
37	4	1
37	5	1
37	6	2
37	8	2
37	10	5
37	11	1
37	12	3
37	13	2
37	14	4
37	15	3
37	19	2
37	20	1
37	21	3
37	24	3
37	26	3
37	27	1
37	28	6
37	29	2
37	30	5
37	31	6
37	32	4
37	33	8
37	34	3
37	35	11
37	36	2
38	1	4
38	3	2
38	4	6
38	5	3
38	6	1
38	8	3
38	10	1
38	11	5
38	12	3
38	13	1
38	14	1
38	15	4
38	16	1
38	17	2
38	18	4
38	19	4
38	20	6
38	21	4
38	22	1
38	23	5
38	24	4
38	25	3
38	26	1
38	27	2
38	28	4
38	29	1
38	30	1
38	31	3
38	32	3
38	33	11
38	34	3
38	35	9
38	36	8
38	37	8
39	1	3
39	2	1
39	3	2
39	4	1
39	5	3
39	6	2
39	8	1
39	9	1
39	10	5
39	11	1
39	12	4
39	13	3
39	14	2
39	15	2
39	16	1
39	18	2
39	19	3
39	20	4
39	22	3
39	24	3
39	25	4
39	26	1
39	27	1
39	28	7
39	30	3
39	31	2
39	32	1
39	33	5
39	34	5
39	35	1
39	36	1
39	37	7
39	38	11
40	0	2
40	1	4
40	2	3
40	3	3
40	4	3
40	5	2
40	6	1
40	7	1
40	8	6
40	9	7
40	10	7
40	11	4
40	12	2
40	13	6
40	14	4
40	15	3
40	16	3
40	18	2
40	19	2
40	21	5
40	22	2
40	23	1
40	24	5
40	25	3
40	26	2
40	27	5
40	28	3
40	29	4
40	30	1
40	31	5
40	32	4
40	33	4
40	34	5
40	35	7
40	36	2
40	37	8
40	38	10
40	39	3
41	1	3
41	4	2
41	5	2
41	6	1
41	8	4
41	9	2
41	10	7
41	11	3
41	12	1
41	13	1
41	14	1
41	15	3
41	16	2
41	18	3
41	20	2
41	22	2
41	24	2
41	25	2
41	28	3
41	29	5
41	30	7
41	31	4
41	32	1
41	33	4
41	34	3
41	35	3
41	36	5
41	37	6
41	38	8
41	39	5
41	40	3
42	1	8
42	2	2
42	3	1
42	5	1
42	6	1
42	10	4
42	12	2
42	13	1
42	14	2
42	15	1
42	18	1
42	19	1
42	25	1
42	26	3
42	27	2
42	28	5
42	29	2
42	30	5
42	31	1
42	32	1
42	33	2
42	34	1
42	35	1
42	36	2
42	37	2
42	38	8
42	39	7
42	40	6
42	41	3
43	0	1
43	1	1
43	2	2
43	3	5
43	4	1
43	5	4
43	7	1
43	8	4
43	9	4
43	10	5
43	11	2
43	14	1
43	15	1
43	17	4
43	18	3
43	21	1
43	22	1
43	23	1
43	24	2
43	25	3
43	26	2
43	27	3
43	28	5
43	29	3
43	30	2
43	31	8
43	32	1
43	33	3
43	34	5
43	35	3
43	36	4
43	37	6
43	38	7
43	39	5
43	40	9
43	41	15
43	42	9
44	3	2
44	4	2
44	5	2
44	7	1
44	9	1
44	10	4
44	11	3
44	12	2
44	18	3
44	20	1
44	21	2
44	23	4
44	24	5
44	25	2
44	26	2
44	27	1
44	29	2
44	30	3
44	31	4
44	32	2
44	33	2
44	34	2
44	35	5
44	36	3
44	37	8
44	38	10
44	39	4
44	40	5
44	41	4
44	42	1
44	43	12
45	0	1
45	3	1
45	6	2
45	9	2
45	10	2
45	11	2
45	15	1
45	19	1
45	22	3
45	25	4
45	26	2
45	27	2
45	28	3
45	29	1
45	30	2
45	31	2
45	32	3
45	33	6
45	34	1
45	35	7
45	36	2
45	37	2
45	38	3
45	39	6
45	40	2
45	41	4
45	42	7
45	43	5
45	44	5
46	0	4
46	1	2
46	2	1
46	3	1
46	4	3
46	10	3
46	11	3
46	13	1
46	14	1
46	17	2
46	18	1
46	19	2
46	22	1
46	23	2
46	24	2
46	25	4
46	26	2
46	27	1
46	28	4
46	29	5
46	30	4
46	31	7
46	32	2
46	33	2
46	34	6
46	35	4
46	36	3
46	37	6
46	38	3
46	39	1
46	41	5
46	42	2
46	43	7
46	44	3
46	45	8
47	0	1
47	1	1
47	2	2
47	3	2
47	9	3
47	10	1
47	11	1
47	12	2
47	13	2
47	15	1
47	16	1
47	17	2
47	18	1
47	20	3
47	23	1
47	24	1
47	25	1
47	26	4
47	27	3
47	28	4
47	29	3
47	30	7
47	31	1
47	32	4
47	33	1
47	34	7
47	35	9
47	36	3
47	37	3
47	38	9
47	39	4
47	40	3
47	41	4
47	42	4
47	43	3
47	44	1
47	45	5
47	46	6
48	1	3
48	2	1
48	3	4
48	4	5
48	7	2
48	8	3
48	9	1
48	10	4
48	11	4
48	12	5
48	13	4
48	14	1
48	15	4
48	16	3
48	18	4
48	19	3
48	20	4
48	21	1
48	22	3
48	23	2
48	24	11
48	25	4
48	27	5
48	28	3
48	29	2
48	30	1
48	31	2
48	32	5
48	33	3
48	34	7
48	35	4
48	36	6
48	37	4
48	38	2
48	39	2
48	40	5
48	41	2
48	42	3
48	43	5
48	44	4
48	45	4
48	46	1
48	47	1
49	0	2
49	1	2
49	2	3
49	3	4
49	4	5
49	5	4
49	6	1
49	7	1
49	10	5
49	11	5
49	12	3
49	13	2
49	14	10
49	15	3
49	16	4
49	17	3
49	18	5
49	19	1
49	20	4
49	21	4
49	22	3
49	23	5
49	24	9
49	25	4
49	26	3
49	27	2
49	28	4
49	29	4
49	30	2
49	31	3
49	32	2
49	33	9
49	34	7
49	35	4
49	36	7
49	37	10
49	38	7
49	39	8
49	40	8
49	41	3
49	42	2
49	43	10
49	44	3
49	45	6
49	46	4
49	47	4
49	48	9
50	0	1
50	1	3
50	2	3
50	4	2
50	8	4
50	9	2
50	10	4
50	11	1
50	12	3
50	13	5
50	14	2
50	15	1
50	18	1
50	19	2
50	20	3
50	21	3
50	23	2
50	24	7
50	25	2
50	26	1
50	27	2
50	28	2
50	29	3
50	30	4
50	31	2
50	32	6
50	33	6
50	34	8
50	35	6
50	36	5
50	37	3
50	38	4
50	39	1
50	40	4
50	41	2
50	42	4
50	45	2
50	46	2
50	47	3
50	48	7
50	49	8
51	1	4
51	2	2
51	3	2
51	4	3
51	5	3
51	6	1
51	8	3
51	9	2
51	10	6
51	11	1
51	12	4
51	13	2
51	14	3
51	15	1
51	18	4
51	19	5
51	20	3
51	21	2
51	22	2
51	23	6
51	24	10
51	25	1
51	26	3
51	27	5
51	28	4
51	29	4
51	30	4
51	31	5
51	32	3
51	33	2
51	34	8
51	35	9
51	36	3
51	37	5
51	38	12
51	39	6
51	40	7
51	41	4
51	42	5
51	43	6
51	44	6
51	45	2
51	46	4
51	47	2
51	48	3
51	49	9
51	50	3
52	1	1
52	2	2
52	3	2
52	4	2
52	5	1
52	7	2
52	8	1
52	9	2
52	10	1
52	11	2
52	12	4
52	13	2
52	14	3
52	16	4
52	17	2
52	18	2
52	19	1
52	20	3
52	21	2
52	22	3
52	23	3
52	24	6
52	25	4
52	26	2
52	28	3
52	29	1
52	30	2
52	32	2
52	33	1
52	34	2
52	35	5
52	36	5
52	37	5
52	38	10
52	39	2
52	40	6
52	41	5
52	42	3
52	43	1
52	44	3
52	45	2
52	46	3
52	47	4
52	48	3
52	49	9
52	50	4
52	51	8
53	1	1
53	2	1
53	3	2
53	5	3
53	6	2
53	7	3
53	8	3
53	9	1
53	10	4
53	11	3
53	12	2
53	13	1
53	14	1
53	16	3
53	17	1
53	18	9
53	19	4
53	20	5
53	23	1
53	24	5
53	25	4
53	26	1
53	27	3
53	28	5
53	29	2
53	30	3
53	31	5
53	32	6
53	33	4
53	34	10
53	35	6
53	36	4
53	37	6
53	38	9
53	39	6
53	40	9
53	41	5
53	42	4
53	43	8
53	44	3
53	46	4
53	47	3
53	48	4
53	49	5
53	50	6
53	51	8
53	52	5
54	0	1
54	1	1
54	2	2
54	3	5
54	4	3
54	5	3
54	8	4
54	9	3
54	10	2
54	11	3
54	12	3
54	13	3
54	14	9
54	15	3
54	16	1
54	17	2
54	18	4
54	19	5
54	20	6
54	21	1
54	22	2
54	23	2
54	24	2
54	25	6
54	26	2
54	28	5
54	29	2
54	30	2
54	31	2
54	32	3
54	33	3
54	34	5
54	35	2
54	36	2
54	37	2
54	38	3
54	39	8
54	40	1
54	41	2
54	42	3
54	43	6
54	44	4
54	46	3
54	47	1
54	48	2
54	49	11
54	50	2
54	51	8
54	52	9
54	53	5
55	0	3
55	1	4
55	2	5
55	3	3
55	4	5
55	6	2
55	7	2
55	8	2
55	9	2
55	10	5
55	11	2
55	12	5
55	13	3
55	14	6
55	15	4
55	17	1
55	18	5
55	19	3
55	20	3
55	23	1
55	24	4
55	25	8
55	27	1
55	28	17
55	29	1
55	30	2
55	31	1
55	32	2
55	34	1
55	35	3
55	37	2
55	38	9
55	39	7
55	40	4
55	41	8
55	42	6
55	43	2
55	44	4
55	45	1
55	46	2
55	47	1
55	48	2
55	49	7
55	50	6
55	51	8
55	52	11
55	53	17
55	54	11
56	0	1
56	1	1
56	2	3
56	3	5
56	4	1
56	8	2
56	10	3
56	11	2
56	12	3
56	14	5
56	15	1
56	16	1
56	18	3
56	20	2
56	21	2
56	22	7
56	24	4
56	25	2
56	26	2
56	27	2
56	28	1
56	30	1
56	31	1
56	32	3
56	33	3
56	34	4
56	35	3
56	36	2
56	37	2
56	38	8
56	39	9
56	40	1
56	41	3
56	42	5
56	43	1
56	44	8
56	45	1
56	46	2
56	47	3
56	48	2
56	49	1
56	50	3
56	51	5
56	52	5
56	53	6
56	54	5
56	55	10
57	1	2
57	2	6
57	3	1
57	4	2
57	6	1
57	8	3
57	9	1
57	10	3
57	11	3
57	14	1
57	16	3
57	19	3
57	20	3
57	22	2
57	23	2
57	24	3
57	25	1
57	26	2
57	27	2
57	28	2
57	29	2
57	30	4
57	31	2
57	32	2
57	33	4
57	34	4
57	35	4
57	36	7
57	37	4
57	38	6
57	39	3
57	40	6
57	41	3
57	43	3
57	44	5
57	45	2
57	46	5
57	47	2
57	48	1
57	49	4
57	51	11
57	52	9
57	53	3
57	54	2
57	55	4
57	56	3
58	1	1
58	6	1
58	10	3
58	11	2
58	14	1
58	17	2
58	18	2
58	20	1
58	22	2
58	23	1
58	24	1
58	25	2
58	26	1
58	27	1
58	28	4
58	29	1
58	30	2
58	31	3
58	33	2
58	35	9
58	36	2
58	37	3
58	38	5
58	39	1
58	40	4
58	41	4
58	42	7
58	43	10
58	44	2
58	45	2
58	46	6
58	47	7
58	49	7
58	50	5
58	51	6
58	52	5
58	53	4
58	54	3
58	55	1
58	56	5
58	57	5
59	1	1
59	2	4
59	3	3
59	4	5
59	5	4
59	6	1
59	8	6
59	9	1
59	10	4
59	11	2
59	12	2
59	13	2
59	14	3
59	15	2
59	17	1
59	18	2
59	19	2
59	20	1
59	21	2
59	22	2
59	23	5
59	25	2
59	27	6
59	28	3
59	29	2
59	30	5
59	31	2
59	32	4
59	33	5
59	34	5
59	35	3
59	36	4
59	38	4
59	39	5
59	40	3
59	41	1
59	42	3
59	43	3
59	44	1
59	45	3
59	46	2
59	47	1
59	48	4
59	49	4
59	50	1
59	51	3
59	52	7
59	53	4
59	54	12
59	55	5
59	56	4
59	57	7
59	58	7
60	0	1
60	2	1
60	4	2
60	7	1
60	10	1
60	11	1
60	12	3
60	13	3
60	14	3
60	15	1
60	17	2
60	18	4
60	19	1
60	20	1
60	23	5
60	24	1
60	25	1
60	26	9
60	27	3
60	28	3
60	29	2
60	30	4
60	31	4
60	32	5
60	33	1
60	35	4
60	36	2
60	37	1
60	38	6
60	39	3
60	40	5
60	41	1
60	42	1
60	43	2
60	45	2
60	46	3
60	47	6
60	48	1
60	49	4
60	50	6
60	51	7
60	52	5
60	53	4
60	54	4
60	55	3
60	56	3
60	57	8
60	58	3
60	59	5
