1	0	1
2	0	2
2	1	4
3	0	3
3	1	1
3	2	4
4	0	3
4	1	3
4	2	7
4	3	21
5	0	2
5	1	4
5	2	3
5	3	3
5	4	6
6	0	3
6	1	3
6	2	1
6	3	1
6	4	2
6	5	2
7	0	3
7	3	1
7	4	1
7	5	2
7	6	7
8	0	3
8	1	2
8	2	2
8	3	2
8	4	3
8	5	4
8	6	14
8	7	13
9	0	2
9	1	1
9	2	1
9	3	2
9	4	3
9	5	2
9	6	4
9	7	8
9	8	1
10	0	2
10	1	1
10	2	5
10	3	4
10	4	1
10	5	4
10	6	3
10	7	4
10	8	7
10	9	11
11	0	2
11	1	10
11	2	4
11	3	2
11	5	5
11	6	2
11	7	2
11	8	4
11	9	6
11	10	10
12	0	4
12	1	1
12	2	5
12	3	2
12	4	4
12	5	9
12	6	8
12	7	8
12	8	6
12	9	8
12	10	11
12	11	2
13	0	3
13	1	6
13	2	4
13	3	5
13	4	3
13	5	3
13	6	6
13	7	4
13	8	5
13	9	14
13	10	7
13	11	6
13	12	18
14	0	5
14	1	4
14	2	8
14	3	5
14	4	6
14	5	3
14	6	3
14	7	3
14	8	6
14	9	6
14	10	7
14	11	10
14	12	6
14	13	11
15	0	8
15	1	10
15	2	3
15	3	1
15	4	4
15	5	4
15	6	3
15	7	3
15	8	11
15	9	3
15	10	5
15	11	5
15	12	6
15	13	9
15	14	5
16	0	2
16	1	3
16	2	3
16	3	2
16	4	5
16	5	1
16	6	1
16	7	1
16	8	3
16	9	1
16	10	1
16	11	2
16	12	3
16	13	3
16	14	7
16	15	3
17	0	3
17	1	4
17	2	7
17	3	3
17	4	3
17	5	6
17	6	3
17	7	3
17	8	3
17	9	3
17	10	4
17	11	1
17	12	6
17	13	5
17	14	6
17	15	6
17	16	12
18	0	2
18	1	2
18	2	4
18	3	2
18	4	2
18	5	6
18	6	4
18	8	4
18	9	3
18	10	11
18	11	3
18	12	6
18	13	1
18	14	2
18	15	1
19	0	3
19	1	4
19	2	5
19	3	5
19	4	3
19	6	5
19	7	4
19	8	1
19	9	1
19	10	3
19	11	3
19	12	7
19	13	5
19	14	6
19	15	8
19	16	2
19	17	2
19	18	3
20	1	3
20	2	2
20	3	2
20	4	3
20	5	2
20	6	2
20	7	2
20	8	6
20	9	3
20	10	4
20	11	1
20	12	7
20	13	6
20	14	3
20	15	5
20	16	3
20	17	3
20	18	5
20	19	6
21	0	2
21	1	3
21	2	8
21	3	3
21	4	2
21	5	4
21	6	3
21	7	1
21	8	7
21	9	3
21	10	2
21	11	3
21	12	9
21	13	5
21	14	2
21	15	3
21	16	4
21	17	4
21	18	2
21	19	2
21	20	1
22	1	6
22	2	4
22	3	3
22	4	4
22	5	7
22	6	3
22	8	8
22	9	2
22	10	6
22	11	2
22	12	1
22	13	3
22	14	4
22	15	6
22	16	3
22	17	3
22	18	5
22	19	2
22	20	6
22	21	9
23	0	1
23	1	4
23	2	4
23	3	4
23	4	3
23	5	1
23	7	2
23	8	3
23	9	1
23	10	4
23	11	2
23	12	3
23	13	3
23	14	8
23	15	4
23	17	2
23	18	2
23	19	2
23	20	3
23	21	2
23	22	3
24	0	2
24	1	7
24	2	1
24	3	4
24	4	3
24	5	2
24	6	5
24	7	4
24	8	3
24	9	3
24	10	3
24	11	5
24	12	4
24	13	7
24	14	5
24	15	8
24	16	2
24	17	3
24	18	3
24	19	3
24	20	3
24	21	2
24	22	1
24	23	9
25	0	5
25	1	6
25	2	2
25	3	5
25	5	2
25	7	3
25	8	7
25	9	3
25	10	7
25	11	5
25	12	3
25	13	3
25	14	5
25	15	3
25	16	2
25	17	1
25	18	4
25	19	3
25	20	2
25	21	2
25	22	3
25	23	2
25	24	2
26	0	2
26	1	3
26	2	4
26	4	2
26	7	3
26	10	2
26	11	2
26	12	2
26	13	2
26	14	2
26	15	1
26	16	1
26	17	2
26	19	6
26	20	1
26	22	2
26	23	3
26	24	2
26	25	5
27	1	1
27	2	2
27	3	2
27	4	3
27	5	2
27	6	3
27	7	4
27	8	3
27	9	7
27	10	1
27	11	4
27	12	4
27	13	1
27	14	1
27	15	2
27	17	1
27	18	2
27	19	4
27	22	2
27	23	1
27	24	3
27	25	2
27	26	4
28	0	1
28	1	5
28	2	3
28	3	1
28	4	3
28	5	3
28	6	2
28	7	5
28	8	4
28	9	3
28	10	3
28	11	1
28	12	4
28	13	3
28	14	6
28	15	2
28	16	1
28	17	1
28	18	5
28	19	1
28	20	13
28	21	6
28	22	3
28	24	5
28	25	2
28	26	3
28	27	2
29	0	1
29	1	1
29	2	4
29	4	2
29	7	2
29	10	1
29	12	2
29	13	6
29	18	3
29	19	1
29	25	7
29	26	3
29	27	2
29	28	4
30	1	1
30	3	1
30	5	4
30	7	2
30	9	3
30	11	1
30	13	2
30	14	2
30	17	2
30	19	2
30	20	2
30	22	2
30	24	5
30	25	6
30	27	2
30	28	4
30	29	7
31	4	4
31	5	1
31	8	1
31	9	4
31	10	2
31	14	2
31	19	4
31	21	2
31	22	1
31	23	2
31	25	2
31	26	2
31	27	3
31	28	3
31	29	7
31	30	9
32	0	2
32	1	5
32	2	1
32	4	1
32	8	1
32	9	5
32	10	2
32	11	3
32	12	2
32	13	2
32	14	3
32	15	3
32	16	2
32	17	3
32	18	2
32	20	1
32	23	5
32	24	2
32	25	3
32	26	1
32	27	2
32	28	2
32	29	3
32	30	9
32	31	7
33	0	1
33	1	4
33	2	2
33	3	2
33	4	1
33	5	1
33	8	1
33	9	2
33	10	4
33	12	1
33	13	3
33	15	4
33	17	3
33	18	2
33	19	2
33	21	4
33	22	2
33	23	3
33	24	1
33	25	3
33	26	6
33	27	1
33	28	2
33	29	2
33	30	4
33	31	4
33	32	8
34	1	2
34	2	1
34	3	5
34	4	1
34	5	1
34	6	4
34	8	3
34	10	1
34	11	5
34	12	4
34	13	4
34	15	3
34	17	2
34	18	3
34	19	1
34	20	2
34	21	1
34	22	2
34	24	2
34	25	7
34	26	2
34	27	7
34	28	3
34	29	1
34	30	2
34	31	5
34	32	7
35	1	3
35	2	2
35	3	1
35	4	1
35	5	3
35	6	1
35	9	1
35	11	4
35	12	2
35	13	2
35	14	2
35	15	2
35	17	1
35	18	1
35	19	1
35	20	1
35	21	1
35	22	3
35	23	3
35	24	5
35	25	2
35	26	4
35	27	3
35	28	1
35	29	5
35	30	5
35	31	6
35	32	9
35	33	12
35	34	5
36	0	1
36	1	1
36	2	2
36	3	2
36	4	1
36	6	1
36	7	1
36	10	1
36	11	4
36	12	4
36	13	1
36	14	1
36	15	5
36	18	3
36	22	3
36	23	3
36	24	4
36	25	4
36	26	2
36	27	3
36	28	3
36	31	2
36	32	3
36	33	3
36	34	8
36	35	6
37	1	1
37	2	2
37	3	2
37	4	4
37	5	1
37	6	2
37	8	2
37	9	4
37	10	5
37	11	1
37	12	5
37	13	5
37	15	2
37	18	4
37	19	2
37	20	2
37	21	1
37	24	2
37	25	2
37	26	4
37	27	3
37	28	2
37	29	3
37	30	1
37	31	2
37	32	8
37	33	2
37	34	4
37	35	4
37	36	2
38	1	4
38	2	3
38	3	2
38	4	3
38	5	4
38	6	3
38	10	1
38	11	5
38	12	1
38	13	1
38	14	3
38	15	6
38	16	1
38	17	2
38	18	3
38	19	2
38	20	3
38	21	1
38	22	1
38	23	2
38	24	1
38	25	4
38	26	1
38	27	7
38	28	4
38	29	3
38	30	4
38	31	4
38	32	2
38	33	1
38	34	10
38	35	8
38	36	1
38	37	13
39	1	4
39	2	2
39	4	4
39	5	2
39	6	6
39	7	3
39	8	2
39	9	7
39	10	3
39	11	3
39	12	2
39	13	4
39	14	2
39	15	3
39	18	1
39	19	1
39	20	3
39	21	1
39	22	3
39	23	1
39	24	3
39	25	2
39	26	2
39	27	5
39	28	6
39	29	2
39	30	1
39	32	2
39	33	1
39	34	2
39	35	2
39	36	1
39	37	5
39	38	7
40	0	1
40	2	2
40	3	5
40	4	2
40	5	5
40	6	1
40	8	3
40	9	3
40	10	7
40	11	7
40	12	2
40	13	5
40	14	2
40	15	4
40	17	2
40	18	1
40	19	2
40	20	2
40	21	3
40	22	4
40	23	1
40	24	7
40	25	1
40	26	2
40	27	2
40	28	3
40	30	6
40	31	3
40	32	7
40	33	6
40	34	10
40	35	4
40	36	1
40	37	5
40	38	4
40	39	2
41	1	2
41	5	1
41	6	2
41	7	3
41	8	2
41	9	2
41	10	3
41	12	3
41	14	3
41	18	5
41	20	2
41	22	4
41	24	1
41	25	2
41	27	1
41	28	3
41	29	1
41	30	6
41	31	7
41	32	6
41	33	2
41	34	3
41	35	5
41	37	9
41	38	2
41	39	3
41	40	4
42	1	3
42	2	5
42	3	1
42	4	2
42	5	1
42	8	1
42	9	2
42	10	2
42	11	2
42	12	1
42	13	1
42	14	3
42	15	1
42	18	3
42	19	4
42	20	1
42	23	1
42	24	3
42	25	1
42	26	3
42	27	1
42	28	3
42	29	1
42	30	4
42	31	3
42	32	6
42	33	1
42	34	3
42	35	4
42	36	2
42	37	7
42	38	9
42	39	8
42	40	8
42	41	9
43	2	3
43	3	3
43	4	2
43	5	1
43	7	3
43	8	3
43	10	2
43	12	1
43	13	2
43	15	2
43	20	2
43	21	1
43	22	1
43	23	1
43	24	3
43	25	1
43	26	2
43	28	4
43	29	3
43	30	4
43	31	9
43	32	1
43	33	1
43	34	3
43	35	1
43	36	2
43	37	6
43	38	5
43	39	6
43	40	4
43	41	4
43	42	6
44	3	1
44	4	2
44	5	1
44	8	1
44	9	3
44	11	4
44	18	1
44	21	1
44	23	3
44	24	3
44	25	1
44	27	1
44	28	2
44	29	4
44	30	6
44	31	1
44	32	1
44	33	3
44	34	4
44	35	6
44	36	4
44	37	4
44	38	6
44	39	12
44	40	2
44	41	7
44	42	10
44	43	2
45	0	3
45	2	3
45	3	4
45	5	1
45	9	2
45	10	4
45	20	1
45	25	2
45	26	4
45	27	1
45	28	3
45	29	3
45	31	3
45	32	2
45	33	1
45	34	1
45	35	7
45	36	1
45	37	1
45	38	4
45	39	3
45	40	5
45	41	5
45	42	3
45	43	5
45	44	7
46	0	2
46	1	2
46	2	1
46	3	3
46	8	1
46	10	2
46	11	3
46	13	3
46	14	1
46	15	2
46	18	2
46	22	1
46	23	1
46	24	3
46	25	3
46	27	1
46	28	3
46	29	3
46	30	5
46	31	4
46	32	6
46	33	7
46	34	1
46	35	6
46	36	4
46	37	8
46	38	1
46	39	2
46	40	1
46	41	4
46	42	4
46	43	6
46	44	3
46	45	4
47	3	2
47	4	2
47	9	1
47	11	2
47	12	2
47	13	1
47	15	1
47	16	1
47	20	1
47	21	2
47	23	2
47	24	3
47	26	4
47	27	4
47	28	1
47	29	6
47	30	4
47	31	2
47	32	3
47	33	3
47	34	5
47	35	13
47	36	6
47	38	6
47	39	1
47	40	4
47	41	2
47	42	1
47	43	5
47	44	2
47	45	5
47	46	5
48	1	1
48	2	5
48	3	1
48	4	3
48	5	5
48	6	2
48	8	2
48	9	4
48	10	5
48	11	1
48	12	4
48	13	1
48	14	2
48	15	5
48	16	1
48	18	3
48	19	1
48	21	1
48	22	1
48	23	2
48	24	6
48	25	2
48	26	2
48	27	2
48	28	6
48	29	1
48	30	3
48	32	4
48	33	1
48	34	8
48	35	4
48	36	4
48	37	3
48	38	11
48	39	2
48	40	6
48	41	1
48	42	2
48	43	2
48	44	1
48	45	1
48	46	2
48	47	2
49	0	2
49	1	6
49	4	6
49	6	3
49	7	3
49	8	3
49	9	2
49	10	4
49	11	7
49	13	4
49	14	2
49	15	2
49	16	3
49	17	6
49	18	2
49	19	6
49	20	2
49	21	1
49	22	3
49	23	3
49	24	13
49	25	3
49	26	2
49	27	2
49	28	3
49	29	3
49	30	3
49	31	4
49	32	3
49	33	10
49	34	7
49	35	7
49	36	6
49	37	7
49	38	7
49	39	6
49	41	3
49	42	2
49	43	4
49	44	4
49	45	1
49	46	4
49	47	9
49	48	11
50	0	3
50	1	2
50	2	2
50	3	3
50	4	2
50	8	3
50	9	1
50	10	3
50	11	1
50	12	2
50	13	1
50	14	1
50	15	3
50	18	1
50	19	1
50	20	4
50	21	1
50	23	1
50	24	7
50	25	3
50	26	3
50	27	4
50	29	4
50	31	4
50	32	2
50	33	4
50	34	3
50	35	2
50	36	1
50	37	1
50	38	2
50	39	1
50	40	3
50	41	4
50	42	5
50	43	4
50	45	3
50	46	2
50	47	5
50	48	1
50	49	9
51	1	3
51	2	1
51	3	2
51	4	5
51	5	1
51	6	3
51	7	1
51	8	2
51	9	1
51	10	5
51	11	2
51	12	2
51	13	4
51	14	7
51	18	3
51	19	1
51	20	1
51	21	2
51	22	4
51	23	2
51	24	2
51	25	3
51	26	1
51	27	2
51	28	4
51	29	2
51	30	3
51	31	7
51	32	5
51	33	4
51	34	7
51	35	7
51	36	3
51	37	6
51	38	8
51	39	5
51	40	7
51	41	2
51	42	2
51	43	5
51	45	1
51	46	4
51	48	1
51	49	15
51	50	4
52	1	1
52	2	2
52	3	2
52	5	3
52	7	1
52	9	1
52	10	2
52	11	4
52	12	3
52	13	3
52	14	5
52	15	2
52	16	2
52	17	5
52	18	5
52	19	1
52	20	2
52	21	1
52	22	1
52	24	6
52	25	3
52	26	2
52	27	3
52	28	4
52	30	2
52	31	1
52	32	1
52	33	3
52	34	2
52	35	4
52	36	4
52	37	2
52	38	6
52	39	5
52	40	2
52	41	3
52	42	2
52	43	6
52	44	2
52	46	1
52	47	3
52	48	5
52	49	13
52	50	1
52	51	10
53	1	4
53	2	2
53	3	1
53	4	1
53	5	3
53	7	5
53	9	5
53	10	2
53	11	3
53	12	5
53	13	4
53	14	1
53	15	4
53	16	1
53	17	3
53	18	3
53	20	1
53	21	4
53	22	4
53	23	3
53	24	2
53	25	2
53	26	3
53	27	1
53	28	10
53	29	1
53	30	2
53	31	3
53	32	2
53	33	4
53	34	4
53	35	3
53	36	2
53	37	2
53	38	16
53	39	9
53	40	11
53	41	2
53	42	6
53	43	6
53	44	9
53	45	2
53	46	4
53	47	1
53	48	7
53	49	6
53	50	2
53	51	12
53	52	7
54	0	1
54	2	6
54	3	1
54	4	3
54	5	2
54	10	2
54	11	3
54	12	6
54	13	4
54	14	1
54	15	4
54	16	2
54	17	2
54	18	2
54	19	4
54	20	2
54	21	2
54	22	2
54	23	4
54	24	8
54	25	6
54	27	3
54	28	3
54	29	1
54	30	3
54	32	2
54	33	1
54	34	3
54	35	5
54	36	2
54	38	6
54	39	1
54	40	2
54	41	3
54	42	2
54	43	3
54	44	1
54	45	2
54	46	3
54	47	2
54	48	3
54	49	9
54	50	4
54	51	7
54	52	10
54	53	8
55	0	1
55	1	2
55	2	3
55	3	2
55	4	4
55	5	3
55	6	1
55	7	5
55	8	1
55	9	2
55	10	8
55	11	5
55	12	4
55	13	3
55	14	4
55	15	3
55	16	2
55	17	1
55	18	4
55	20	3
55	21	2
55	22	6
55	23	5
55	24	3
55	25	3
55	27	4
55	28	11
55	29	2
55	30	4
55	31	2
55	32	5
55	33	5
55	34	1
55	35	3
55	36	4
55	37	3
55	38	8
55	39	7
55	40	8
55	41	3
55	42	5
55	43	3
55	44	3
55	45	5
55	47	4
55	48	2
55	49	8
55	50	3
55	51	5
55	52	12
55	53	6
55	54	14
56	1	3
56	2	3
56	3	2
56	4	2
56	5	2
56	8	2
56	9	2
56	10	5
56	11	2
56	12	2
56	13	1
56	14	4
56	15	6
56	16	2
56	17	4
56	18	2
56	20	2
56	21	3
56	22	2
56	23	3
56	24	1
56	25	1
56	26	2
56	28	11
56	30	1
56	31	1
56	32	5
56	33	3
56	34	1
56	35	5
56	36	3
56	37	3
56	38	4
56	39	6
56	40	6
56	41	2
56	42	2
56	43	2
56	44	5
56	45	3
56	46	2
56	47	5
56	48	2
56	49	3
56	50	3
56	51	5
56	52	5
56	53	7
56	54	9
56	55	2
57	1	4
57	2	2
57	3	2
57	4	2
57	8	3
57	9	5
57	10	3
57	11	1
57	12	1
57	13	3
57	14	4
57	15	2
57	16	4
57	18	2
57	19	2
57	22	1
57	24	3
57	25	5
57	26	2
57	27	1
57	28	1
57	29	3
57	30	1
57	31	2
57	32	2
57	33	1
57	34	3
57	35	4
57	36	9
57	37	7
57	38	4
57	39	3
57	40	2
57	41	7
57	42	2
57	43	3
57	45	2
57	46	2
57	47	4
57	48	5
57	49	7
57	51	4
57	52	4
57	53	4
57	54	3
57	55	3
57	56	2
58	0	1
58	1	4
58	2	3
58	3	2
58	4	3
58	6	1
58	7	1
58	10	5
58	11	2
58	14	3
58	16	1
58	17	2
58	20	2
58	22	2
58	24	4
58	26	5
58	27	4
58	28	2
58	29	1
58	30	4
58	32	3
58	33	2
58	34	6
58	35	3
58	36	2
58	37	5
58	38	3
58	39	1
58	40	6
58	41	5
58	42	4
58	43	3
58	44	5
58	45	6
58	46	4
58	47	11
58	48	5
58	49	5
58	50	4
58	52	7
58	53	3
58	54	1
58	55	4
58	56	6
58	57	8
59	1	4
59	4	1
59	5	3
59	6	2
59	9	1
59	10	6
59	11	2
59	12	4
59	13	2
59	14	3
59	15	1
59	16	3
59	17	1
59	19	3
59	20	2
59	21	1
59	22	2
59	23	3
59	24	4
59	25	1
59	26	1
59	27	2
59	28	8
59	29	4
59	30	3
59	31	1
59	32	4
59	33	4
59	34	6
59	35	3
59	36	5
59	37	3
59	38	6
59	39	2
59	40	3
59	41	7
59	42	1
59	43	2
59	44	2
59	45	1
59	46	1
59	47	3
59	49	5
59	50	3
59	51	8
59	52	12
59	53	8
59	54	6
59	55	3
59	56	3
59	57	14
59	58	4
60	0	2
60	1	1
60	2	2
60	3	2
60	4	2
60	7	3
60	8	4
60	10	1
60	11	5
60	12	3
60	13	1
60	14	4
60	15	3
60	17	2
60	18	1
60	19	1
60	20	4
60	23	3
60	24	1
60	25	4
60	26	2
60	27	1
60	28	1
60	29	1
60	30	2
60	31	1
60	32	4
60	33	3
60	34	4
60	35	1
60	36	4
60	37	1
60	38	2
60	39	5
60	40	6
60	42	4
60	43	3
60	44	4
60	45	6
60	46	4
60	47	9
60	48	2
60	49	4
60	50	2
60	51	2
60	52	5
60	54	1
60	55	3
60	57	5
60	58	1
60	59	6
