1	0	4
2	0	3
2	1	2
3	0	2
3	1	6
3	2	4
4	0	3
4	1	2
4	2	9
4	3	15
5	0	2
5	1	2
5	2	4
5	3	1
5	4	5
6	0	2
6	2	2
6	3	1
6	4	2
6	5	5
7	0	3
7	1	2
7	2	2
7	3	2
7	4	3
7	6	3
8	0	2
8	1	3
8	2	2
8	3	2
8	4	2
8	5	2
8	6	4
8	7	8
9	0	5
9	1	7
9	2	3
9	4	3
9	5	3
9	6	5
9	7	5
9	8	10
10	0	2
10	1	6
10	2	6
10	3	5
10	4	4
10	5	5
10	6	3
10	7	7
10	8	5
10	9	4
11	0	5
11	1	4
11	2	2
11	3	1
11	4	3
11	6	4
11	7	3
11	8	4
11	9	4
11	10	13
12	0	1
12	1	4
12	2	3
12	3	3
12	4	6
12	5	6
12	6	8
12	7	5
12	8	11
12	9	7
12	10	8
12	11	3
13	0	3
13	1	11
13	2	4
13	3	3
13	4	6
13	5	4
13	6	5
13	7	5
13	8	10
13	9	10
13	10	5
13	11	10
13	12	11
14	0	5
14	1	7
14	2	5
14	3	4
14	4	5
14	5	4
14	6	4
14	7	1
14	8	9
14	9	10
14	10	3
14	11	7
14	12	10
14	13	3
15	0	6
15	1	3
15	2	5
15	4	8
15	5	2
15	6	2
15	7	5
15	8	8
15	9	4
15	10	7
15	11	3
15	12	7
15	13	7
15	14	12
16	0	2
16	1	1
16	2	4
16	3	2
16	4	5
16	5	1
16	6	1
16	7	2
16	8	5
16	9	5
16	10	4
16	11	1
16	12	5
16	13	3
16	14	3
16	15	4
17	0	2
17	1	4
17	2	13
17	3	1
17	4	2
17	5	2
17	6	2
17	7	2
17	8	10
17	9	3
17	10	3
17	12	4
17	13	2
17	14	2
17	15	10
17	16	10
18	0	1
18	1	2
18	2	4
18	3	2
18	4	7
18	5	6
18	7	3
18	8	3
18	9	3
18	10	5
18	11	7
18	12	4
18	13	3
18	14	3
18	15	3
18	16	1
18	17	2
19	0	1
19	1	7
19	2	6
19	3	4
19	4	7
19	5	3
19	6	1
19	7	2
19	8	6
19	9	5
19	10	2
19	11	5
19	12	1
19	13	4
19	14	7
19	15	7
19	16	3
19	17	1
19	18	2
20	1	2
20	2	3
20	3	3
20	4	2
20	5	3
20	6	3
20	7	1
20	8	6
20	10	2
20	11	2
20	12	5
20	13	6
20	14	5
20	15	3
20	16	3
20	17	1
20	18	9
20	19	3
21	0	7
21	1	2
21	2	5
21	3	2
21	4	7
21	5	6
21	6	4
21	7	3
21	8	6
21	9	5
21	10	4
21	11	1
21	12	6
21	13	4
21	14	3
21	15	1
21	16	6
21	17	4
21	19	3
21	20	2
22	1	2
22	2	4
22	3	3
22	4	10
22	5	7
22	6	1
22	7	2
22	8	3
22	9	3
22	10	1
22	13	4
22	14	2
22	15	3
22	16	5
22	17	2
22	18	1
22	19	1
22	20	7
22	21	7
23	0	2
23	1	3
23	2	4
23	3	3
23	4	5
23	5	4
23	8	1
23	9	2
23	10	2
23	11	2
23	12	3
23	13	7
23	14	3
23	15	2
23	17	2
23	18	3
23	19	7
23	20	3
23	21	1
23	22	1
24	0	1
24	1	4
24	2	4
24	3	3
24	4	5
24	5	4
24	6	5
24	7	1
24	8	3
24	9	1
24	10	2
24	11	4
24	12	3
24	13	6
24	14	5
24	15	5
24	16	2
24	17	3
24	18	3
24	19	2
24	20	2
24	22	2
24	23	5
25	0	1
25	1	2
25	2	1
25	3	1
25	4	3
25	5	3
25	6	2
25	7	5
25	8	4
25	9	6
25	10	2
25	11	8
25	12	1
25	13	3
25	14	3
25	15	1
25	16	1
25	17	2
25	18	2
25	19	4
25	20	3
25	21	2
25	22	4
25	23	2
25	24	1
26	0	2
26	1	3
26	2	1
26	7	4
26	8	1
26	10	2
26	11	2
26	12	1
26	13	3
26	14	3
26	15	1
26	19	2
26	20	3
26	22	2
26	23	3
26	24	1
26	25	6
27	0	4
27	1	3
27	2	3
27	3	1
27	4	2
27	5	1
27	7	3
27	8	1
27	9	2
27	10	2
27	11	2
27	12	2
27	13	3
27	14	2
27	17	1
27	18	3
27	22	1
27	23	1
27	24	8
27	25	3
27	26	6
28	1	3
28	2	4
28	3	12
28	4	5
28	5	4
28	6	1
28	7	2
28	8	2
28	9	3
28	10	5
28	11	5
28	12	2
28	13	2
28	14	6
28	15	1
28	17	1
28	18	5
28	19	1
28	20	6
28	21	2
28	22	4
28	23	5
28	24	4
28	25	3
28	26	3
28	27	1
29	0	1
29	1	5
29	4	1
29	5	3
29	7	1
29	13	1
29	16	2
29	18	1
29	19	2
29	23	3
29	24	1
29	25	1
29	26	3
29	27	4
29	28	1
30	1	1
30	5	2
30	8	4
30	9	4
30	10	4
30	11	4
30	13	5
30	14	1
30	19	2
30	20	3
30	22	1
30	24	1
30	25	6
30	27	3
30	28	1
30	29	5
31	5	1
31	8	1
31	9	1
31	11	4
31	14	3
31	15	1
31	19	2
31	21	1
31	22	1
31	23	1
31	24	2
31	25	1
31	27	2
31	29	5
31	30	8
32	1	1
32	2	5
32	4	1
32	9	1
32	10	3
32	11	3
32	12	4
32	13	3
32	14	1
32	15	2
32	16	1
32	17	1
32	20	1
32	22	2
32	24	4
32	25	4
32	26	1
32	27	2
32	28	1
32	29	7
32	30	6
32	31	4
33	0	2
33	1	3
33	2	3
33	3	3
33	4	1
33	5	2
33	9	2
33	10	2
33	11	2
33	12	3
33	13	2
33	14	2
33	15	1
33	18	1
33	21	1
33	22	2
33	23	4
33	24	2
33	25	3
33	26	5
33	27	5
33	28	3
33	29	5
33	30	7
33	31	2
33	32	9
34	2	4
34	3	2
34	4	2
34	8	5
34	9	3
34	10	3
34	11	1
34	13	2
34	14	4
34	15	2
34	17	1
34	19	4
34	21	2
34	23	3
34	24	5
34	25	6
34	27	7
34	28	5
34	29	3
34	30	4
34	31	3
34	32	5
34	33	7
35	0	4
35	2	1
35	3	3
35	5	2
35	6	3
35	9	2
35	10	3
35	11	3
35	12	2
35	13	3
35	14	4
35	15	3
35	16	2
35	17	3
35	18	3
35	19	2
35	21	2
35	22	1
35	23	2
35	24	4
35	25	2
35	26	4
35	27	3
35	28	1
35	29	5
35	30	5
35	31	5
35	32	6
35	33	9
35	34	12
36	1	2
36	2	2
36	3	3
36	4	1
36	7	1
36	10	2
36	11	1
36	12	1
36	13	2
36	14	1
36	15	3
36	16	2
36	18	1
36	22	2
36	24	4
36	26	2
36	27	2
36	28	5
36	29	4
36	30	1
36	31	4
36	32	1
36	33	6
36	34	5
36	35	3
37	2	3
37	5	2
37	6	2
37	8	3
37	9	1
37	10	2
37	11	1
37	12	3
37	13	2
37	14	2
37	15	2
37	18	1
37	19	3
37	25	1
37	26	1
37	27	4
37	28	5
37	30	8
37	31	9
37	32	7
37	33	3
37	34	4
37	35	7
37	36	2
38	0	2
38	1	3
38	3	3
38	4	4
38	5	2
38	6	4
38	7	2
38	8	4
38	9	2
38	10	4
38	11	4
38	12	4
38	13	3
38	14	4
38	15	2
38	16	3
38	17	1
38	18	3
38	20	2
38	21	4
38	22	2
38	23	2
38	24	4
38	25	8
38	26	1
38	27	3
38	28	3
38	29	2
38	31	3
38	32	5
38	33	5
38	34	2
38	35	9
38	36	8
38	37	5
39	0	3
39	1	2
39	2	1
39	3	1
39	4	3
39	5	4
39	7	3
39	8	1
39	9	4
39	10	4
39	11	5
39	12	3
39	13	2
39	14	3
39	21	3
39	22	2
39	23	1
39	24	5
39	25	1
39	26	1
39	28	6
39	29	1
39	30	7
39	31	1
39	32	1
39	33	3
39	34	2
39	35	3
39	36	1
39	37	4
39	38	8
40	0	1
40	1	3
40	2	2
40	3	2
40	4	4
40	5	4
40	6	2
40	7	4
40	8	2
40	9	5
40	10	6
40	11	4
40	12	2
40	13	4
40	14	7
40	15	3
40	17	1
40	18	6
40	20	4
40	22	4
40	24	3
40	25	6
40	26	1
40	27	3
40	28	6
40	29	2
40	30	3
40	31	4
40	32	2
40	33	8
40	34	4
40	35	4
40	36	3
40	37	11
40	38	4
40	39	3
41	1	2
41	4	2
41	5	5
41	7	1
41	8	2
41	9	4
41	10	5
41	13	2
41	14	3
41	15	3
41	16	2
41	18	4
41	22	3
41	24	4
41	25	2
41	26	3
41	27	4
41	28	8
41	29	4
41	30	5
41	31	1
41	32	3
41	33	3
41	34	4
41	35	5
41	36	3
41	37	5
41	38	5
41	39	6
41	40	3
42	1	3
42	3	1
42	4	2
42	5	1
42	6	3
42	8	1
42	9	2
42	10	2
42	11	4
42	12	2
42	13	2
42	14	1
42	15	2
42	17	2
42	18	4
42	19	2
42	20	3
42	24	2
42	25	3
42	26	1
42	27	3
42	28	6
42	29	1
42	30	3
42	31	2
42	32	3
42	33	1
42	34	8
42	35	4
42	36	1
42	37	4
42	38	11
42	39	7
42	40	10
42	41	11
43	0	1
43	1	1
43	3	1
43	4	2
43	5	2
43	7	2
43	8	3
43	9	2
43	10	1
43	11	3
43	12	5
43	13	4
43	14	1
43	15	1
43	17	1
43	18	1
43	20	5
43	21	2
43	22	2
43	23	2
43	25	1
43	26	2
43	28	4
43	29	4
43	30	4
43	31	3
43	33	3
43	35	4
43	36	6
43	37	14
43	38	8
43	39	8
43	40	6
43	41	9
43	42	7
44	4	3
44	5	1
44	7	2
44	8	1
44	9	2
44	11	4
44	19	2
44	20	2
44	21	2
44	24	1
44	25	3
44	26	3
44	27	3
44	28	3
44	31	2
44	32	4
44	33	3
44	34	1
44	35	4
44	36	1
44	37	7
44	38	2
44	39	3
44	40	2
44	41	2
44	42	4
44	43	7
45	3	1
45	5	2
45	6	2
45	9	2
45	10	6
45	11	4
45	15	4
45	19	1
45	20	2
45	23	1
45	24	3
45	25	2
45	26	1
45	27	3
45	28	1
45	30	2
45	31	1
45	32	4
45	33	2
45	34	3
45	36	1
45	37	7
45	38	5
45	39	7
45	40	2
45	41	4
45	42	4
45	43	8
45	44	7
46	1	4
46	3	2
46	4	2
46	8	2
46	10	4
46	11	2
46	14	2
46	15	1
46	17	2
46	18	3
46	19	2
46	22	1
46	23	1
46	24	4
46	25	1
46	26	5
46	27	5
46	28	3
46	29	6
46	30	4
46	31	10
46	32	3
46	33	6
46	34	2
46	35	4
46	36	3
46	37	4
46	38	5
46	39	2
46	40	2
46	41	2
46	42	2
46	43	5
46	44	2
46	45	11
47	0	1
47	2	4
47	3	3
47	4	4
47	9	3
47	10	2
47	11	5
47	12	1
47	15	1
47	21	1
47	23	2
47	24	1
47	25	2
47	26	3
47	27	2
47	28	1
47	29	6
47	30	4
47	31	3
47	32	5
47	33	3
47	34	6
47	35	7
47	36	3
47	37	2
47	38	9
47	39	3
47	41	1
47	42	4
47	43	2
47	44	1
47	45	4
47	46	12
48	1	5
48	2	1
48	3	1
48	4	5
48	5	2
48	6	2
48	7	2
48	8	2
48	9	3
48	10	5
48	11	7
48	12	5
48	13	1
48	14	3
48	15	1
48	18	3
48	19	2
48	20	1
48	21	1
48	22	3
48	23	2
48	24	12
48	25	6
48	26	3
48	27	4
48	28	3
48	29	2
48	30	1
48	31	4
48	32	2
48	33	7
48	34	6
48	35	2
48	36	2
48	38	4
48	39	3
48	40	6
48	41	1
48	42	4
48	43	3
48	44	2
48	45	3
48	47	3
49	0	4
49	1	2
49	2	2
49	3	3
49	4	5
49	6	2
49	7	1
49	8	3
49	9	1
49	10	5
49	11	4
49	12	3
49	13	4
49	14	6
49	15	2
49	16	1
49	19	3
49	20	3
49	21	1
49	22	5
49	23	3
49	24	6
49	25	5
49	26	4
49	27	1
49	28	7
49	29	3
49	30	2
49	31	2
49	32	4
49	33	3
49	34	7
49	35	8
49	36	5
49	37	5
49	38	10
49	39	3
49	40	7
49	41	4
49	42	3
49	43	3
49	44	1
49	46	5
49	47	4
49	48	8
50	0	1
50	1	2
50	2	1
50	3	3
50	4	1
50	7	1
50	8	1
50	9	2
50	10	2
50	11	2
50	12	7
50	13	4
50	14	3
50	15	1
50	18	5
50	20	1
50	21	4
50	23	2
50	24	3
50	25	6
50	26	2
50	27	7
50	28	2
50	30	1
50	31	2
50	32	3
50	33	8
50	34	2
50	35	1
50	36	3
50	37	4
50	38	3
50	39	1
50	40	5
50	41	1
50	42	3
50	43	4
50	45	3
50	47	3
50	48	7
50	49	8
51	1	4
51	2	1
51	3	5
51	4	1
51	5	3
51	6	1
51	7	3
51	8	3
51	10	3
51	11	1
51	12	2
51	13	3
51	14	6
51	15	3
51	18	1
51	19	3
51	20	3
51	22	3
51	23	1
51	24	5
51	25	4
51	27	5
51	28	3
51	29	3
51	30	3
51	31	2
51	32	2
51	33	1
51	34	6
51	35	9
51	36	7
51	37	5
51	38	18
51	39	6
51	40	6
51	41	4
51	42	7
51	43	2
51	44	5
51	45	1
51	46	2
51	47	3
51	48	7
51	49	6
51	50	8
52	1	3
52	2	5
52	3	3
52	4	1
52	5	1
52	8	3
52	9	3
52	10	2
52	12	1
52	13	1
52	14	3
52	15	1
52	18	5
52	19	4
52	20	1
52	21	3
52	22	2
52	23	2
52	24	2
52	25	4
52	26	1
52	28	5
52	29	5
52	30	2
52	31	5
52	32	3
52	33	1
52	34	1
52	35	3
52	36	4
52	37	9
52	38	10
52	40	9
52	41	2
52	42	4
52	43	1
52	44	4
52	45	3
52	46	1
52	47	2
52	48	3
52	49	7
52	50	3
52	51	8
53	1	3
53	2	2
53	3	1
53	4	3
53	6	3
53	8	6
53	10	4
53	11	4
53	12	1
53	13	1
53	14	3
53	15	2
53	16	2
53	17	2
53	18	4
53	19	2
53	20	4
53	21	3
53	23	2
53	24	3
53	25	1
53	26	3
53	27	2
53	28	4
53	29	2
53	30	5
53	31	2
53	32	2
53	33	1
53	34	5
53	35	3
53	37	8
53	38	10
53	39	9
53	40	9
53	41	7
53	42	5
53	43	8
53	44	4
53	45	1
53	46	3
53	47	2
53	48	2
53	49	11
53	50	3
53	51	12
53	52	8
54	0	1
54	1	4
54	2	3
54	3	5
54	4	6
54	5	5
54	8	1
54	10	2
54	11	4
54	12	2
54	13	4
54	14	3
54	15	2
54	16	1
54	19	2
54	20	2
54	21	2
54	22	1
54	23	4
54	24	2
54	25	3
54	26	1
54	27	1
54	28	5
54	30	5
54	32	1
54	34	1
54	35	1
54	36	3
54	37	1
54	38	7
54	39	6
54	40	4
54	41	2
54	42	5
54	44	2
54	46	2
54	47	3
54	48	1
54	49	4
54	50	2
54	51	7
54	52	7
54	53	7
55	0	3
55	1	4
55	2	5
55	3	2
55	4	5
55	5	3
55	6	5
55	7	3
55	8	6
55	9	1
55	10	3
55	11	6
55	12	6
55	13	2
55	14	3
55	15	1
55	17	6
55	18	4
55	19	2
55	20	3
55	21	6
55	22	2
55	23	5
55	24	3
55	25	7
55	26	2
55	27	3
55	28	14
55	29	5
55	30	3
55	31	4
55	32	1
55	34	7
55	35	2
55	36	7
55	37	2
55	38	8
55	39	6
55	40	3
55	41	7
55	42	4
55	43	3
55	44	1
55	45	2
55	46	2
55	47	1
55	48	2
55	49	1
55	50	4
55	51	4
55	52	11
55	53	2
55	54	7
56	0	1
56	1	3
56	2	3
56	3	1
56	4	3
56	5	1
56	10	3
56	11	2
56	12	2
56	14	2
56	15	2
56	18	1
56	19	1
56	20	3
56	21	2
56	22	2
56	23	1
56	24	4
56	25	1
56	27	5
56	28	5
56	30	3
56	31	1
56	32	4
56	33	3
56	34	3
56	35	4
56	36	2
56	37	3
56	38	9
56	39	12
56	40	6
56	41	6
56	42	5
56	43	3
56	44	11
56	45	6
56	46	4
56	47	3
56	48	1
56	49	5
56	50	1
56	51	7
56	52	4
56	53	3
56	54	3
56	55	8
57	0	2
57	1	2
57	3	1
57	4	6
57	6	4
57	9	2
57	10	7
57	11	5
57	12	2
57	13	3
57	15	1
57	16	1
57	18	1
57	19	1
57	20	4
57	23	1
57	24	6
57	26	3
57	27	2
57	28	2
57	29	2
57	30	1
57	32	4
57	33	3
57	34	3
57	35	3
57	36	5
57	37	1
57	38	5
57	39	2
57	40	5
57	41	2
57	42	3
57	43	1
57	44	1
57	45	3
57	47	7
57	48	1
57	49	8
57	50	2
57	51	7
57	52	9
57	53	5
57	54	2
57	55	4
57	56	3
58	0	1
58	1	2
58	2	1
58	3	3
58	6	2
58	7	1
58	10	2
58	11	2
58	14	5
58	17	1
58	18	4
58	20	3
58	22	1
58	24	1
58	25	2
58	26	2
58	27	2
58	28	2
58	29	4
58	30	2
58	31	4
58	32	4
58	33	5
58	34	2
58	35	6
58	36	8
58	37	4
58	38	3
58	39	4
58	40	2
58	41	2
58	42	3
58	43	5
58	44	6
58	45	5
58	46	4
58	47	7
58	48	5
58	49	2
58	50	1
58	51	4
58	52	6
58	53	6
58	54	1
58	56	6
58	57	7
59	2	2
59	3	3
59	4	3
59	5	1
59	6	2
59	8	2
59	10	3
59	11	2
59	12	4
59	13	2
59	14	5
59	15	5
59	18	2
59	19	5
59	20	4
59	21	2
59	22	4
59	23	2
59	24	7
59	25	4
59	26	5
59	27	4
59	28	3
59	29	3
59	30	3
59	31	2
59	32	5
59	33	2
59	35	3
59	36	4
59	37	4
59	38	4
59	39	1
59	40	2
59	41	3
59	42	3
59	43	3
59	44	4
59	45	1
59	46	4
59	47	5
59	48	7
59	49	8
59	50	3
59	51	1
59	52	19
59	53	5
59	54	6
59	55	5
59	56	5
59	57	4
59	58	3
60	0	1
60	1	1
60	2	1
60	3	3
60	4	3
60	7	2
60	8	1
60	10	2
60	11	2
60	12	1
60	13	1
60	14	1
60	15	2
60	17	3
60	18	3
60	19	2
60	20	3
60	23	1
60	24	5
60	25	1
60	26	7
60	27	1
60	28	2
60	29	4
60	30	1
60	31	3
60	33	4
60	34	4
60	35	7
60	36	3
60	37	1
60	38	2
60	39	3
60	40	4
60	41	4
60	42	2
60	43	4
60	44	3
60	45	2
60	46	7
60	47	6
60	48	2
60	49	5
60	50	5
60	51	1
60	52	6
60	53	3
60	55	4
60	56	3
60	57	5
60	58	3
60	59	2
