1	0	5
2	0	4
2	1	3
3	0	3
3	1	3
3	2	3
4	0	3
4	1	5
4	2	11
4	3	11
5	0	2
5	1	3
5	2	3
5	3	4
5	4	2
6	0	2
6	1	2
6	2	2
6	3	2
6	5	7
7	0	2
7	1	2
7	2	4
7	3	1
7	4	3
7	5	1
7	6	3
8	0	7
8	1	3
8	2	5
8	3	2
8	4	6
8	5	3
8	6	13
8	7	9
9	0	2
9	1	3
9	5	3
9	6	2
9	7	7
9	8	8
10	0	3
10	1	4
10	2	10
10	3	1
10	4	2
10	5	4
10	6	3
10	7	1
10	8	6
10	9	6
11	0	4
11	1	1
11	2	6
11	3	5
11	4	1
11	5	4
11	6	5
11	7	3
11	8	4
11	9	8
11	10	12
12	0	6
12	1	5
12	2	5
12	3	4
12	4	3
12	5	6
12	6	6
12	7	6
12	8	11
12	9	10
12	10	8
12	11	5
13	0	5
13	1	11
13	2	3
13	3	3
13	4	5
13	5	3
13	6	3
13	7	5
13	8	7
13	9	11
13	10	10
13	11	7
13	12	15
14	0	5
14	1	7
14	2	3
14	3	3
14	4	7
14	5	3
14	6	1
14	7	2
14	9	5
14	10	5
14	11	4
14	12	10
14	13	13
15	0	6
15	1	6
15	2	5
15	3	4
15	4	3
15	5	4
15	6	1
15	7	1
15	8	9
15	9	4
15	10	5
15	11	7
15	12	5
15	13	6
15	14	5
16	0	5
16	1	1
16	2	2
16	3	1
16	4	2
16	5	4
16	6	3
16	7	2
16	8	3
16	9	1
16	10	1
16	11	7
16	12	5
16	13	4
16	14	2
16	15	4
17	0	3
17	1	2
17	2	11
17	4	1
17	5	2
17	6	6
17	7	3
17	8	4
17	9	1
17	10	3
17	11	1
17	12	2
17	13	7
17	14	4
17	15	9
17	16	4
18	0	1
18	1	6
18	2	3
18	3	4
18	4	5
18	5	4
18	6	3
18	7	4
18	8	4
18	9	2
18	10	6
18	11	3
18	12	4
18	13	4
18	14	4
18	15	4
18	16	3
18	17	1
19	0	5
19	1	3
19	2	15
19	3	7
19	4	4
19	5	2
19	7	1
19	8	4
19	9	2
19	10	5
19	11	2
19	12	3
19	13	4
19	14	5
19	15	10
19	16	3
19	17	3
19	18	2
20	0	1
20	1	2
20	2	5
20	3	3
20	4	11
20	5	1
20	6	6
20	7	1
20	8	2
20	9	5
20	10	5
20	11	3
20	12	4
20	13	5
20	14	9
20	15	6
20	16	5
20	17	6
20	18	13
20	19	2
21	1	3
21	2	4
21	3	2
21	4	5
21	6	3
21	7	1
21	8	1
21	9	5
21	10	4
21	11	4
21	12	10
21	13	3
21	14	3
21	15	10
21	16	5
21	17	6
21	19	3
21	20	6
22	1	2
22	2	2
22	3	9
22	4	3
22	5	2
22	6	2
22	8	5
22	9	2
22	10	2
22	11	1
22	12	4
22	13	2
22	14	1
22	15	4
22	18	2
22	19	3
22	20	8
22	21	4
23	0	1
23	1	3
23	2	3
23	3	6
23	4	3
23	5	2
23	7	2
23	8	1
23	9	2
23	10	5
23	11	1
23	12	4
23	13	4
23	14	4
23	15	2
23	17	4
23	18	6
23	19	4
23	20	4
23	22	2
24	1	5
24	4	6
24	5	1
24	6	3
24	8	2
24	9	2
24	10	5
24	11	6
24	12	2
24	13	4
24	14	11
24	15	5
24	16	1
24	17	2
24	18	2
24	19	5
24	20	2
24	21	3
24	22	4
24	23	9
25	0	3
25	1	3
25	2	4
25	3	2
25	4	2
25	6	4
25	8	4
25	9	3
25	10	7
25	11	8
25	12	4
25	13	3
25	14	3
25	15	2
25	16	4
25	17	4
25	18	2
25	19	2
25	20	4
25	21	2
25	22	2
25	24	5
26	1	5
26	4	2
26	7	1
26	11	1
26	13	1
26	14	1
26	15	3
26	18	2
26	20	1
26	22	1
26	23	1
26	24	5
26	25	2
27	1	2
27	2	1
27	4	1
27	5	1
27	7	1
27	8	6
27	9	1
27	10	2
27	11	2
27	13	2
27	14	3
27	15	2
27	17	4
27	19	4
27	23	3
27	24	4
27	25	6
27	26	5
28	0	3
28	1	2
28	2	3
28	3	2
28	4	8
28	5	8
28	6	7
28	7	4
28	8	3
28	9	3
28	10	5
28	11	2
28	12	2
28	13	1
28	14	5
28	15	4
28	17	1
28	18	3
28	19	3
28	20	5
28	21	2
28	22	3
28	23	5
28	24	5
28	25	7
28	26	2
29	8	2
29	12	1
29	13	4
29	18	3
29	19	1
29	23	3
29	25	4
29	26	3
29	27	2
29	28	2
30	1	2
30	3	2
30	5	3
30	7	1
30	8	1
30	9	1
30	10	2
30	11	1
30	12	2
30	13	6
30	14	1
30	17	2
30	18	1
30	19	1
30	22	1
30	24	1
30	25	1
30	26	2
30	27	7
30	29	3
31	4	1
31	5	1
31	8	2
31	9	2
31	10	1
31	11	4
31	14	1
31	19	1
31	23	1
31	24	1
31	25	2
31	27	3
31	28	2
31	29	9
31	30	11
32	1	5
32	2	2
32	4	1
32	8	1
32	9	3
32	10	4
32	11	5
32	12	2
32	14	2
32	15	2
32	18	1
32	22	3
32	23	3
32	24	1
32	25	3
32	26	2
32	27	5
32	28	3
32	29	3
32	30	7
32	31	4
33	0	1
33	1	1
33	2	1
33	8	1
33	9	3
33	10	4
33	11	3
33	12	2
33	13	4
33	14	2
33	15	2
33	18	2
33	19	3
33	21	2
33	22	3
33	24	2
33	25	3
33	26	1
33	27	4
33	28	2
33	29	3
33	30	1
33	31	4
33	32	7
34	1	2
34	2	4
34	4	1
34	5	2
34	6	5
34	8	1
34	9	3
34	10	3
34	11	1
34	12	1
34	13	4
34	14	1
34	15	2
34	16	1
34	17	3
34	18	3
34	19	3
34	20	1
34	21	2
34	23	2
34	24	3
34	25	5
34	26	1
34	27	5
34	28	2
34	29	3
34	30	2
34	31	3
34	32	10
34	33	3
35	0	1
35	1	1
35	2	1
35	4	5
35	5	2
35	8	2
35	9	2
35	10	4
35	12	2
35	13	1
35	14	3
35	15	1
35	17	1
35	18	3
35	21	1
35	22	1
35	23	2
35	24	2
35	25	2
35	26	4
35	27	8
35	28	5
35	29	2
35	30	6
35	31	5
35	32	9
35	33	8
35	34	10
36	1	2
36	2	4
36	3	2
36	4	2
36	6	1
36	10	2
36	11	1
36	12	2
36	13	1
36	14	5
36	15	1
36	16	1
36	18	2
36	23	1
36	24	2
36	25	1
36	26	6
36	27	4
36	29	3
36	30	4
36	31	1
36	32	3
36	33	3
36	34	7
36	35	4
37	0	2
37	1	1
37	2	3
37	3	2
37	5	1
37	6	2
37	8	1
37	9	2
37	11	4
37	13	1
37	15	3
37	18	2
37	19	4
37	21	2
37	24	1
37	25	1
37	26	3
37	28	3
37	29	2
37	30	2
37	31	4
37	32	5
37	33	2
37	34	4
37	35	3
37	36	6
38	1	2
38	2	1
38	3	2
38	4	3
38	5	3
38	6	4
38	7	1
38	8	2
38	9	4
38	10	1
38	11	2
38	12	2
38	13	3
38	14	2
38	15	4
38	16	1
38	17	4
38	18	4
38	19	2
38	20	4
38	21	1
38	22	2
38	23	2
38	24	3
38	25	5
38	26	2
38	27	3
38	28	4
38	29	3
38	30	2
38	31	4
38	32	2
38	33	5
38	34	4
38	35	6
38	36	5
38	37	7
39	1	2
39	2	1
39	4	2
39	5	3
39	6	4
39	7	3
39	8	1
39	9	4
39	10	2
39	11	1
39	12	1
39	13	2
39	14	3
39	15	1
39	18	6
39	19	1
39	20	1
39	21	2
39	22	2
39	23	1
39	24	1
39	25	1
39	26	1
39	27	2
39	28	6
39	29	4
39	30	4
39	31	2
39	32	2
39	33	1
39	34	3
39	35	2
39	36	3
39	37	6
39	38	5
40	0	3
40	2	2
40	3	2
40	5	3
40	6	3
40	7	1
40	8	3
40	9	3
40	10	1
40	11	4
40	12	1
40	13	4
40	14	1
40	15	5
40	17	1
40	18	4
40	20	6
40	21	4
40	22	1
40	23	4
40	25	6
40	26	1
40	27	2
40	28	7
40	29	1
40	30	4
40	31	5
40	32	4
40	33	3
40	34	8
40	35	6
40	36	4
40	37	6
40	38	4
40	39	4
41	4	1
41	6	1
41	8	2
41	9	2
41	10	1
41	12	4
41	13	4
41	14	1
41	15	2
41	18	2
41	20	3
41	24	2
41	25	2
41	26	2
41	27	1
41	28	2
41	29	5
41	30	6
41	31	2
41	32	4
41	33	3
41	34	6
41	35	2
41	36	3
41	37	3
41	38	9
41	39	9
41	40	8
42	1	1
42	2	1
42	3	1
42	4	2
42	5	4
42	6	1
42	8	1
42	9	1
42	10	3
42	11	2
42	13	2
42	14	1
42	17	1
42	18	2
42	19	1
42	20	2
42	23	1
42	25	1
42	27	3
42	28	8
42	29	3
42	31	3
42	32	6
42	33	2
42	34	2
42	35	2
42	36	1
42	37	10
42	38	11
42	39	5
42	40	4
42	41	13
43	1	1
43	4	1
43	5	2
43	8	3
43	9	2
43	10	1
43	11	3
43	12	2
43	13	1
43	14	2
43	15	3
43	17	1
43	18	4
43	21	3
43	22	1
43	23	2
43	24	1
43	25	2
43	26	2
43	27	3
43	28	2
43	29	5
43	30	5
43	31	4
43	32	4
43	33	2
43	34	5
43	35	2
43	36	5
43	37	9
43	38	4
43	39	6
43	40	4
43	41	7
43	42	7
44	4	3
44	7	2
44	8	2
44	9	3
44	10	2
44	18	2
44	20	1
44	21	3
44	23	1
44	24	4
44	25	3
44	26	2
44	27	1
44	28	7
44	30	3
44	31	3
44	32	2
44	33	2
44	34	1
44	35	2
44	36	5
44	37	7
44	38	8
44	39	5
44	40	5
44	41	3
44	42	3
44	43	9
45	3	1
45	10	2
45	15	2
45	19	3
45	20	1
45	22	1
45	23	2
45	24	1
45	25	3
45	26	3
45	27	3
45	28	1
45	29	6
45	30	3
45	31	3
45	32	4
45	33	1
45	34	3
45	35	5
45	36	3
45	37	6
45	38	5
45	39	2
45	40	4
45	41	3
45	42	1
45	43	5
45	44	9
46	0	1
46	1	2
46	4	1
46	10	1
46	11	3
46	13	1
46	14	2
46	17	2
46	18	1
46	19	2
46	22	1
46	23	1
46	24	1
46	25	3
46	26	1
46	27	4
46	28	2
46	29	5
46	30	2
46	31	5
46	32	3
46	33	3
46	34	2
46	35	7
46	36	4
46	37	4
46	38	6
46	39	3
46	40	2
46	41	7
46	42	3
46	43	6
46	44	5
46	45	3
47	1	2
47	2	1
47	3	2
47	4	5
47	9	3
47	10	2
47	11	2
47	16	1
47	18	2
47	20	2
47	21	3
47	23	2
47	24	3
47	26	5
47	27	1
47	28	1
47	29	4
47	30	3
47	31	3
47	32	2
47	33	8
47	34	2
47	35	4
47	36	5
47	37	2
47	38	6
47	39	2
47	40	1
47	41	2
47	42	4
47	43	2
47	44	1
47	45	4
47	46	9
48	1	6
48	2	1
48	3	1
48	4	2
48	5	2
48	6	2
48	7	2
48	8	4
48	9	5
48	10	2
48	11	9
48	12	1
48	13	4
48	14	2
48	15	3
48	16	3
48	18	3
48	19	2
48	20	4
48	22	1
48	23	6
48	24	5
48	25	9
48	26	2
48	28	1
48	29	3
48	30	1
48	31	3
48	32	5
48	33	4
48	34	8
48	35	2
48	36	1
48	37	4
48	38	5
48	39	6
48	40	2
48	42	2
48	43	1
48	44	2
48	45	1
48	47	3
49	0	2
49	1	2
49	2	1
49	3	2
49	4	3
49	5	2
49	6	3
49	7	1
49	8	3
49	9	3
49	10	5
49	11	4
49	12	1
49	13	1
49	14	2
49	15	2
49	16	1
49	17	1
49	18	1
49	19	2
49	20	3
49	22	4
49	23	4
49	24	9
49	25	6
49	26	3
49	27	6
49	28	1
49	29	1
49	30	1
49	31	5
49	32	4
49	33	1
49	34	12
49	35	10
49	36	10
49	37	5
49	38	9
49	39	5
49	40	5
49	41	2
49	42	6
49	43	7
49	44	1
49	45	4
49	47	2
49	48	10
50	0	1
50	1	5
50	2	3
50	3	2
50	4	2
50	7	2
50	8	5
50	9	2
50	10	1
50	11	3
50	12	1
50	13	3
50	14	2
50	15	2
50	19	2
50	20	2
50	21	1
50	23	4
50	24	4
50	25	6
50	27	7
50	28	2
50	30	2
50	31	1
50	32	6
50	33	4
50	34	1
50	35	3
50	36	2
50	38	3
50	39	5
50	40	2
50	43	3
50	45	4
50	46	1
50	47	6
50	48	10
50	49	9
51	1	4
51	2	1
51	3	5
51	4	6
51	5	1
51	6	2
51	7	1
51	8	2
51	9	4
51	10	5
51	11	3
51	12	4
51	13	3
51	14	2
51	15	2
51	18	5
51	19	1
51	20	2
51	21	1
51	22	1
51	23	1
51	24	5
51	25	1
51	26	2
51	27	3
51	28	4
51	29	4
51	30	2
51	31	2
51	32	5
51	33	4
51	34	7
51	35	8
51	36	6
51	37	4
51	38	11
51	39	6
51	40	5
51	41	3
51	42	4
51	43	1
51	44	4
51	45	5
51	46	5
51	47	6
51	48	5
51	49	10
51	50	3
52	1	2
52	2	1
52	3	1
52	4	3
52	5	1
52	7	1
52	9	3
52	10	5
52	11	4
52	12	2
52	13	1
52	14	1
52	15	2
52	18	1
52	20	2
52	21	4
52	22	3
52	23	4
52	24	2
52	25	4
52	27	2
52	28	8
52	29	1
52	30	1
52	31	1
52	32	3
52	33	3
52	34	6
52	35	5
52	36	4
52	37	1
52	38	11
52	39	1
52	40	3
52	41	3
52	42	2
52	43	4
52	44	4
52	45	6
52	46	7
52	47	4
52	48	6
52	49	6
52	50	9
52	51	12
53	1	5
53	2	3
53	3	1
53	4	3
53	5	3
53	6	2
53	7	2
53	9	2
53	10	9
53	11	3
53	13	1
53	14	1
53	15	2
53	16	1
53	17	2
53	18	3
53	20	3
53	21	2
53	22	1
53	24	3
53	25	2
53	26	4
53	27	2
53	28	9
53	29	1
53	30	1
53	31	4
53	32	4
53	33	5
53	34	6
53	35	3
53	36	3
53	37	8
53	38	8
53	39	5
53	40	4
53	41	1
53	42	4
53	43	6
53	44	4
53	45	2
53	46	1
53	47	3
53	48	2
53	49	4
53	50	3
53	51	8
53	52	9
54	0	2
54	1	5
54	2	3
54	3	8
54	4	5
54	5	1
54	8	2
54	9	1
54	10	3
54	11	1
54	12	5
54	14	3
54	15	3
54	16	2
54	17	1
54	18	3
54	19	1
54	20	2
54	21	3
54	22	4
54	23	2
54	24	5
54	25	5
54	26	1
54	27	1
54	28	4
54	29	3
54	31	1
54	33	2
54	34	3
54	35	1
54	36	3
54	37	5
54	38	2
54	39	1
54	40	5
54	42	4
54	43	2
54	44	1
54	45	3
54	46	3
54	47	3
54	48	3
54	49	2
54	51	5
54	52	10
54	53	5
55	1	4
55	2	3
55	3	2
55	4	6
55	5	7
55	6	3
55	7	1
55	8	1
55	9	1
55	10	2
55	11	3
55	12	4
55	13	2
55	14	3
55	15	2
55	17	2
55	18	5
55	19	3
55	20	8
55	21	1
55	22	5
55	23	5
55	24	2
55	25	1
55	26	2
55	27	2
55	28	11
55	29	1
55	30	2
55	31	4
55	32	1
55	33	4
55	34	3
55	35	1
55	36	1
55	38	5
55	39	5
55	40	2
55	41	1
55	42	6
55	43	4
55	44	1
55	46	4
55	47	2
55	48	5
55	49	3
55	50	1
55	51	6
55	52	9
55	53	8
55	54	16
56	0	3
56	3	4
56	4	2
56	5	3
56	9	4
56	10	2
56	11	2
56	12	2
56	13	2
56	14	4
56	15	1
56	17	1
56	18	1
56	19	2
56	20	4
56	21	1
56	22	3
56	23	3
56	24	2
56	26	3
56	27	3
56	28	6
56	30	2
56	31	1
56	32	1
56	33	2
56	34	2
56	35	2
56	36	3
56	37	8
56	38	2
56	39	13
56	40	2
56	41	4
56	42	4
56	43	1
56	44	9
56	45	2
56	46	4
56	47	3
56	48	4
56	49	3
56	50	2
56	51	1
56	52	10
56	53	8
56	54	7
56	55	7
57	0	4
57	1	1
57	2	1
57	3	2
57	4	1
57	6	2
57	8	2
57	10	6
57	11	1
57	12	5
57	13	2
57	14	4
57	15	2
57	16	1
57	18	1
57	19	1
57	20	1
57	22	1
57	24	2
57	25	5
57	26	4
57	27	1
57	28	4
57	29	1
57	30	2
57	32	1
57	33	3
57	34	1
57	35	2
57	36	11
57	37	3
57	38	11
57	40	2
57	41	1
57	42	6
57	43	1
57	44	3
57	45	6
57	46	4
57	47	3
57	48	3
57	49	3
57	50	3
57	51	7
57	52	4
57	53	2
57	55	3
57	56	5
58	0	1
58	1	2
58	2	2
58	3	3
58	4	2
58	6	2
58	9	3
58	10	3
58	11	1
58	14	1
58	16	1
58	18	2
58	20	1
58	22	1
58	24	3
58	25	2
58	26	4
58	27	2
58	28	8
58	29	2
58	30	3
58	31	3
58	32	1
58	33	5
58	34	2
58	35	5
58	36	4
58	37	5
58	38	11
58	39	3
58	40	5
58	41	7
58	42	2
58	43	2
58	44	2
58	45	8
58	46	11
58	47	4
58	48	1
58	49	3
58	50	4
58	51	2
58	52	7
58	53	3
58	54	3
58	55	4
58	56	5
58	57	14
59	1	3
59	2	3
59	3	4
59	4	4
59	5	4
59	6	2
59	8	5
59	9	1
59	10	2
59	11	2
59	12	6
59	13	2
59	14	4
59	16	2
59	18	2
59	19	1
59	20	2
59	21	2
59	22	1
59	23	6
59	24	2
59	25	5
59	26	3
59	28	6
59	30	1
59	31	3
59	32	1
59	33	3
59	35	2
59	36	5
59	37	5
59	38	6
59	39	3
59	40	8
59	41	6
59	42	2
59	43	1
59	44	4
59	45	2
59	46	1
59	47	2
59	48	2
59	49	9
59	50	3
59	51	7
59	52	17
59	53	3
59	54	7
59	55	9
59	56	3
59	57	8
59	58	2
60	0	1
60	1	2
60	3	1
60	7	2
60	10	2
60	12	1
60	14	1
60	17	4
60	18	1
60	20	3
60	23	1
60	24	4
60	26	2
60	27	4
60	28	3
60	29	1
60	30	4
60	31	5
60	32	3
60	33	4
60	34	4
60	35	11
60	36	3
60	37	4
60	38	6
60	39	8
60	40	1
60	41	1
60	43	3
60	44	4
60	45	6
60	46	2
60	47	7
60	48	2
60	49	3
60	50	1
60	51	7
60	52	4
60	53	4
60	54	3
60	55	7
60	56	1
60	57	8
60	58	6
60	59	3
