1	0	2
2	0	5
2	1	3
3	1	4
3	2	3
4	0	3
4	1	4
4	2	7
4	3	11
5	1	2
5	2	4
5	3	3
5	4	2
6	0	1
6	1	2
6	2	5
6	3	2
6	4	2
6	5	4
7	0	3
7	1	2
7	2	1
7	3	2
7	4	3
7	5	1
7	6	7
8	0	3
8	1	1
8	2	5
8	3	2
8	4	2
8	5	4
8	6	9
8	7	9
9	0	5
9	1	4
9	2	1
9	3	4
9	4	5
9	5	2
9	6	4
9	7	6
9	8	10
10	0	2
10	1	2
10	2	6
10	3	4
10	4	5
10	5	5
10	6	3
10	7	6
10	8	4
10	9	9
11	0	1
11	1	10
11	2	1
11	3	2
11	4	3
11	5	2
11	6	5
11	7	3
11	8	3
11	9	7
11	10	11
12	0	5
12	1	8
12	2	4
12	4	10
12	5	5
12	6	5
12	7	5
12	8	7
12	9	4
12	10	8
12	11	2
13	0	6
13	1	8
13	2	4
13	3	1
13	4	4
13	5	2
13	6	2
13	7	1
13	8	15
13	9	11
13	10	8
13	11	8
13	12	10
14	0	2
14	1	8
14	2	10
14	3	2
14	4	10
14	5	2
14	6	5
14	7	3
14	8	5
14	9	3
14	10	3
14	11	5
14	12	14
14	13	10
15	0	5
15	1	7
15	2	3
15	3	1
15	4	5
15	5	4
15	6	4
15	7	2
15	8	13
15	9	1
15	10	6
15	11	4
15	12	7
15	13	14
15	14	2
16	0	4
16	2	5
16	3	6
16	4	3
16	5	2
16	6	3
16	7	2
16	8	3
16	9	2
16	11	1
16	12	4
16	13	6
16	15	7
17	0	2
17	1	1
17	2	5
17	3	3
17	4	5
17	5	3
17	6	2
17	7	1
17	8	1
17	9	2
17	10	8
17	11	2
17	12	3
17	13	4
17	14	5
17	15	6
17	16	3
18	0	3
18	2	1
18	3	3
18	4	7
18	5	11
18	6	3
18	7	5
18	8	4
18	9	1
18	10	6
18	11	6
18	12	6
18	13	1
18	14	4
18	15	3
18	16	2
18	17	2
19	0	1
19	1	5
19	2	4
19	3	10
19	4	5
19	6	1
19	7	3
19	8	5
19	9	1
19	10	3
19	11	4
19	12	6
19	13	2
19	14	4
19	15	4
19	16	4
19	17	2
19	18	3
20	0	1
20	1	6
20	2	8
20	3	5
20	4	7
20	5	6
20	6	1
20	7	3
20	8	2
20	9	3
20	10	2
20	11	3
20	12	3
20	13	6
20	14	4
20	15	5
20	16	5
20	17	4
20	18	8
20	19	1
21	0	2
21	1	3
21	2	10
21	3	4
21	4	9
21	5	6
21	6	2
21	7	3
21	8	3
21	9	1
21	10	3
21	11	2
21	12	4
21	13	3
21	14	5
21	15	6
21	16	1
21	17	4
21	19	5
21	20	5
22	1	5
22	2	8
22	3	3
22	4	5
22	5	1
22	6	2
22	7	3
22	8	4
22	9	1
22	10	5
22	11	2
22	12	5
22	13	3
22	14	2
22	15	3
22	16	2
22	17	3
22	18	3
22	19	3
22	20	8
22	21	2
23	0	4
23	1	9
23	2	4
23	3	3
23	4	5
23	5	3
23	8	5
23	9	3
23	10	4
23	12	3
23	13	1
23	14	4
23	15	3
23	18	6
23	19	4
23	20	3
23	21	3
24	0	3
24	1	8
24	2	3
24	3	6
24	4	3
24	5	2
24	6	4
24	7	3
24	8	1
24	9	2
24	10	2
24	11	1
24	13	6
24	14	5
24	17	3
24	18	3
24	19	2
24	20	5
24	21	3
24	23	6
25	0	1
25	1	4
25	2	2
25	3	1
25	4	2
25	5	5
25	6	3
25	7	3
25	8	5
25	9	9
25	10	5
25	11	3
25	12	6
25	13	5
25	14	3
25	15	4
25	16	1
25	17	3
25	19	1
25	20	1
25	21	3
25	22	2
25	23	1
25	24	5
26	1	3
26	2	2
26	4	1
26	5	4
26	7	2
26	8	2
26	10	2
26	11	2
26	14	3
26	15	3
26	17	1
26	18	1
26	19	1
26	20	1
26	22	2
26	23	3
26	24	3
26	25	3
27	1	7
27	3	1
27	4	2
27	5	2
27	6	1
27	8	2
27	10	1
27	11	2
27	13	1
27	14	1
27	15	3
27	17	1
27	22	2
27	23	2
27	24	5
27	25	5
27	26	4
28	0	2
28	1	3
28	2	3
28	3	2
28	4	4
28	5	4
28	7	2
28	8	3
28	9	6
28	10	5
28	11	4
28	12	1
28	13	6
28	14	4
28	15	3
28	16	1
28	17	1
28	18	6
28	19	2
28	20	8
28	21	1
28	22	2
28	23	2
28	24	4
28	25	1
28	26	2
28	27	5
29	1	1
29	4	1
29	5	1
29	8	2
29	10	3
29	14	1
29	16	2
29	19	2
29	23	2
29	24	1
29	25	1
29	26	4
29	27	2
29	28	1
30	1	1
30	3	1
30	5	3
30	8	3
30	9	1
30	10	2
30	11	2
30	12	1
30	13	1
30	17	1
30	18	1
30	19	4
30	20	2
30	22	2
30	25	2
30	26	3
30	27	3
30	28	1
30	29	9
31	4	1
31	8	2
31	9	1
31	10	5
31	11	4
31	14	2
31	21	1
31	22	4
31	23	1
31	24	1
31	25	2
31	27	2
31	28	2
31	29	4
31	30	5
32	0	1
32	1	2
32	2	2
32	4	2
32	8	4
32	9	1
32	10	2
32	11	2
32	12	2
32	14	2
32	15	1
32	16	1
32	18	1
32	22	3
32	24	1
32	25	5
32	26	1
32	28	5
32	29	8
32	30	5
32	31	6
33	1	4
33	2	1
33	3	1
33	4	4
33	5	3
33	8	2
33	9	3
33	10	1
33	11	1
33	12	3
33	13	2
33	15	2
33	17	1
33	19	3
33	21	2
33	22	3
33	23	1
33	24	2
33	25	7
33	26	2
33	27	3
33	29	7
33	30	6
33	31	4
33	32	10
34	1	4
34	2	1
34	4	4
34	5	1
34	6	1
34	8	2
34	9	3
34	10	6
34	11	3
34	12	3
34	13	5
34	14	2
34	18	2
34	19	2
34	20	2
34	21	4
34	22	3
34	23	2
34	24	6
34	25	1
34	26	7
34	27	2
34	28	1
34	29	5
34	30	4
34	31	6
34	32	11
34	33	10
35	1	2
35	3	3
35	4	2
35	5	2
35	6	1
35	8	2
35	9	1
35	10	5
35	12	2
35	13	1
35	14	5
35	16	1
35	17	1
35	18	4
35	19	1
35	21	1
35	22	3
35	23	3
35	24	3
35	25	6
35	26	3
35	27	5
35	28	10
35	29	4
35	30	1
35	31	7
35	32	10
35	33	13
35	34	7
36	0	1
36	1	1
36	2	3
36	3	2
36	4	3
36	5	3
36	10	1
36	11	2
36	12	2
36	13	3
36	14	1
36	15	1
36	16	1
36	18	1
36	23	1
36	24	3
36	25	2
36	26	4
36	27	1
36	28	3
36	29	1
36	30	3
36	31	2
36	32	3
36	33	4
36	34	5
36	35	5
37	1	3
37	2	1
37	3	4
37	4	3
37	5	1
37	6	1
37	8	2
37	9	3
37	10	2
37	11	2
37	13	4
37	14	1
37	15	2
37	18	4
37	19	4
37	20	1
37	21	1
37	24	3
37	25	1
37	27	3
37	28	5
37	29	1
37	30	3
37	31	7
37	32	4
37	33	2
37	34	7
37	35	5
37	36	1
38	1	1
38	2	1
38	3	1
38	4	3
38	5	3
38	6	2
38	7	1
38	8	1
38	9	3
38	10	4
38	11	4
38	12	5
38	13	3
38	14	2
38	15	4
38	16	3
38	17	2
38	18	3
38	19	4
38	20	2
38	21	4
38	22	4
38	23	2
38	24	1
38	25	3
38	26	1
38	27	4
38	28	7
38	29	5
38	30	3
38	31	4
38	32	3
38	33	4
38	34	2
38	35	5
38	36	5
38	37	9
39	1	2
39	3	2
39	4	2
39	5	4
39	6	2
39	7	2
39	8	3
39	9	2
39	10	3
39	11	1
39	12	2
39	13	4
39	14	3
39	15	3
39	18	3
39	19	5
39	20	3
39	21	1
39	22	1
39	23	3
39	24	4
39	25	3
39	26	2
39	27	2
39	28	5
39	29	1
39	30	6
39	31	2
39	32	3
39	33	2
39	34	2
39	35	8
39	36	2
39	37	6
39	38	11
40	0	4
40	1	3
40	2	2
40	3	3
40	4	4
40	5	2
40	7	1
40	8	2
40	9	3
40	10	11
40	11	6
40	12	4
40	13	4
40	14	3
40	15	1
40	16	3
40	17	3
40	18	3
40	19	2
40	20	1
40	21	2
40	22	3
40	24	3
40	25	3
40	26	1
40	27	3
40	28	3
40	29	1
40	30	3
40	31	3
40	32	3
40	33	3
40	34	4
40	35	3
40	36	6
40	37	6
40	38	12
40	39	6
41	1	1
41	4	2
41	5	1
41	6	1
41	7	3
41	9	2
41	10	2
41	11	5
41	12	2
41	13	2
41	14	4
41	15	1
41	16	2
41	20	2
41	22	3
41	24	3
41	25	1
41	26	1
41	27	4
41	28	5
41	29	1
41	30	4
41	31	4
41	32	1
41	33	4
41	34	3
41	35	1
41	36	2
41	37	4
41	38	2
41	39	3
41	40	4
42	1	1
42	2	1
42	3	3
42	4	4
42	5	2
42	6	3
42	8	1
42	9	2
42	10	3
42	11	5
42	12	2
42	13	4
42	17	2
42	18	2
42	19	2
42	20	3
42	23	2
42	24	2
42	26	3
42	27	1
42	28	2
42	29	4
42	30	6
42	31	1
42	32	5
42	33	7
42	34	3
42	35	3
42	36	3
42	37	5
42	38	11
42	39	4
42	40	6
42	41	5
43	0	1
43	1	2
43	4	5
43	5	1
43	8	1
43	9	2
43	10	4
43	11	2
43	12	2
43	13	2
43	14	2
43	15	4
43	16	1
43	18	1
43	20	2
43	21	3
43	23	3
43	24	2
43	25	1
43	26	4
43	27	4
43	28	2
43	29	2
43	30	3
43	31	6
43	32	3
43	33	2
43	34	2
43	35	4
43	36	3
43	37	8
43	38	12
43	39	4
43	40	6
43	41	13
43	42	7
44	4	2
44	5	2
44	8	3
44	10	3
44	11	2
44	18	2
44	19	2
44	20	1
44	21	3
44	23	1
44	24	2
44	25	1
44	26	1
44	27	3
44	28	4
44	29	2
44	30	3
44	31	5
44	32	4
44	34	2
44	35	5
44	37	5
44	38	6
44	39	5
44	40	2
44	41	5
44	42	6
44	43	6
45	0	1
45	5	3
45	6	2
45	9	2
45	10	4
45	11	1
45	15	2
45	19	1
45	20	2
45	22	1
45	27	2
45	28	4
45	29	2
45	30	6
45	31	5
45	32	4
45	33	3
45	34	6
45	35	3
45	36	3
45	37	9
45	38	7
45	39	3
45	40	2
45	41	6
45	42	5
45	43	4
45	44	8
46	1	1
46	2	1
46	3	3
46	4	1
46	8	1
46	10	2
46	11	2
46	14	1
46	18	1
46	19	4
46	22	1
46	23	2
46	24	1
46	25	4
46	26	3
46	28	3
46	29	1
46	30	4
46	31	4
46	32	3
46	33	8
46	34	5
46	35	6
46	36	5
46	37	7
46	38	4
46	39	6
46	40	4
46	41	1
46	42	2
46	43	4
46	44	4
46	45	6
47	1	4
47	3	1
47	4	1
47	9	2
47	10	4
47	11	2
47	12	2
47	13	5
47	15	3
47	16	1
47	18	1
47	23	1
47	24	4
47	25	1
47	26	7
47	27	4
47	28	2
47	29	2
47	30	2
47	31	4
47	32	3
47	33	8
47	34	4
47	35	4
47	36	5
47	37	7
47	38	6
47	39	1
47	40	2
47	41	1
47	42	1
47	43	4
47	44	4
47	45	4
47	46	11
48	1	3
48	2	2
48	3	3
48	5	3
48	6	2
48	8	3
48	9	2
48	10	3
48	11	3
48	12	2
48	14	9
48	15	1
48	16	1
48	18	3
48	19	2
48	20	5
48	21	3
48	22	1
48	23	1
48	24	6
48	25	3
48	26	2
48	27	4
48	28	3
48	29	2
48	30	2
48	32	3
48	33	1
48	34	9
48	35	4
48	36	1
48	37	1
48	38	7
48	40	11
48	41	1
48	42	2
48	43	2
48	45	4
48	46	4
48	47	4
49	0	3
49	1	7
49	2	1
49	3	1
49	4	2
49	5	2
49	6	1
49	7	1
49	8	2
49	9	4
49	10	1
49	11	4
49	12	5
49	13	2
49	14	4
49	15	5
49	16	1
49	17	2
49	18	4
49	20	3
49	21	3
49	22	5
49	23	3
49	24	5
49	25	8
49	26	2
49	27	4
49	28	3
49	29	4
49	30	3
49	31	5
49	32	4
49	33	7
49	34	8
49	35	4
49	36	4
49	37	5
49	38	5
49	39	3
49	40	7
49	41	4
49	42	3
49	43	6
49	44	3
49	45	1
49	46	3
49	47	7
49	48	8
50	1	4
50	2	2
50	4	3
50	8	1
50	9	4
50	10	5
50	11	4
50	12	3
50	14	6
50	15	3
50	18	2
50	19	3
50	23	5
50	24	6
50	25	2
50	26	1
50	27	7
50	28	2
50	29	1
50	30	1
50	31	2
50	32	2
50	33	1
50	34	9
50	35	4
50	36	4
50	38	6
50	39	2
50	40	2
50	41	1
50	42	2
50	43	1
50	45	2
50	46	4
50	47	2
50	48	7
50	49	6
51	1	4
51	2	4
51	3	1
51	4	4
51	7	1
51	8	3
51	9	2
51	10	6
51	11	4
51	12	4
51	13	4
51	14	3
51	18	4
51	20	1
51	22	1
51	23	3
51	24	7
51	25	2
51	26	7
51	27	5
51	28	4
51	29	2
51	30	2
51	31	4
51	32	6
51	33	1
51	34	5
51	35	8
51	36	8
51	37	7
51	38	7
51	39	4
51	40	13
51	41	5
51	42	5
51	43	5
51	44	6
51	45	3
51	46	4
51	48	3
51	49	8
51	50	1
52	2	3
52	3	3
52	5	1
52	8	3
52	9	4
52	11	1
52	12	3
52	13	2
52	14	4
52	15	2
52	17	2
52	18	3
52	19	3
52	21	3
52	22	1
52	23	4
52	24	1
52	25	3
52	26	3
52	27	2
52	28	6
52	29	1
52	30	1
52	31	2
52	32	5
52	33	3
52	34	3
52	35	6
52	36	4
52	37	3
52	38	6
52	39	5
52	40	4
52	41	5
52	42	2
52	43	2
52	44	2
52	46	7
52	47	5
52	48	1
52	49	5
52	50	4
52	51	9
53	1	3
53	2	3
53	3	4
53	4	6
53	5	6
53	6	2
53	7	2
53	8	4
53	9	5
53	10	3
53	11	4
53	13	3
53	14	4
53	15	2
53	16	4
53	17	2
53	18	3
53	19	1
53	20	2
53	21	6
53	22	1
53	23	1
53	24	1
53	25	6
53	27	3
53	28	10
53	29	2
53	31	1
53	32	3
53	33	2
53	34	3
53	35	3
53	36	4
53	37	6
53	38	10
53	39	3
53	40	8
53	41	5
53	42	5
53	43	7
53	44	4
53	45	5
53	46	7
53	47	2
53	48	5
53	49	6
53	50	5
53	51	10
53	52	3
54	0	1
54	1	3
54	2	3
54	3	4
54	4	6
54	5	1
54	8	2
54	10	1
54	11	6
54	12	1
54	13	2
54	14	2
54	15	3
54	16	1
54	18	3
54	19	1
54	20	2
54	21	5
54	22	2
54	23	1
54	24	7
54	25	5
54	26	2
54	27	4
54	28	10
54	30	2
54	32	6
54	33	6
54	34	2
54	35	3
54	37	3
54	38	4
54	39	4
54	41	2
54	42	2
54	43	2
54	44	1
54	45	2
54	46	3
54	47	3
54	48	1
54	49	6
54	50	1
54	51	2
54	52	6
54	53	8
55	0	1
55	1	2
55	2	1
55	3	2
55	4	4
55	5	2
55	6	1
55	7	4
55	8	5
55	9	1
55	10	2
55	11	4
55	12	1
55	13	2
55	14	6
55	15	3
55	16	1
55	17	1
55	18	2
55	19	6
55	20	2
55	21	1
55	22	8
55	23	2
55	24	5
55	25	9
55	26	4
55	27	2
55	28	10
55	29	2
55	30	4
55	31	5
55	32	2
55	33	3
55	34	2
55	35	2
55	36	3
55	37	5
55	38	10
55	39	1
55	40	6
55	41	4
55	42	4
55	43	3
55	44	2
55	45	2
55	46	9
55	47	2
55	48	4
55	49	4
55	50	4
55	51	4
55	52	11
55	53	7
55	54	7
56	0	1
56	1	1
56	2	2
56	3	3
56	4	1
56	5	2
56	8	1
56	9	3
56	10	3
56	11	2
56	13	1
56	14	1
56	15	2
56	18	2
56	19	4
56	20	1
56	21	2
56	23	3
56	24	2
56	25	2
56	26	1
56	27	2
56	28	9
56	30	1
56	32	2
56	34	2
56	35	3
56	36	1
56	37	1
56	38	10
56	39	6
56	40	3
56	41	3
56	42	5
56	43	2
56	44	1
56	45	4
56	46	5
56	47	3
56	49	1
56	50	1
56	51	3
56	52	4
56	53	8
56	54	9
56	55	7
57	0	1
57	1	4
57	2	3
57	3	1
57	4	2
57	8	1
57	9	1
57	10	1
57	11	2
57	12	1
57	14	2
57	15	1
57	16	2
57	19	2
57	20	4
57	22	3
57	23	3
57	24	2
57	25	2
57	26	3
57	27	1
57	28	4
57	31	1
57	32	2
57	33	4
57	34	5
57	35	3
57	36	10
57	37	3
57	38	10
57	39	4
57	40	7
57	41	1
57	43	1
57	44	2
57	45	5
57	46	6
57	47	2
57	48	2
57	49	4
57	50	1
57	51	7
57	52	8
57	53	1
57	54	5
57	55	6
57	56	6
58	1	1
58	2	1
58	4	4
58	10	2
58	11	1
58	17	2
58	18	1
58	20	1
58	22	2
58	25	2
58	27	2
58	28	2
58	29	1
58	32	3
58	33	1
58	35	4
58	36	5
58	37	6
58	38	9
58	39	1
58	40	2
58	41	1
58	42	3
58	43	5
58	44	4
58	45	5
58	46	6
58	47	8
58	48	5
58	49	6
58	51	1
58	52	6
58	53	2
58	54	1
58	55	4
58	56	3
58	57	5
59	1	3
59	2	4
59	3	3
59	4	2
59	5	2
59	6	3
59	8	1
59	9	3
59	10	2
59	11	3
59	12	2
59	13	3
59	14	2
59	15	2
59	16	1
59	17	1
59	18	4
59	19	1
59	20	6
59	21	3
59	22	5
59	23	2
59	24	6
59	26	2
59	27	1
59	28	2
59	29	3
59	31	3
59	32	3
59	33	2
59	34	1
59	35	3
59	36	7
59	37	2
59	38	6
59	39	3
59	40	4
59	41	5
59	42	3
59	43	3
59	44	2
59	46	6
59	47	6
59	48	2
59	49	10
59	50	1
59	51	4
59	52	9
59	53	3
59	54	7
59	55	4
59	56	1
59	57	8
59	58	2
60	1	3
60	2	4
60	3	4
60	4	3
60	7	1
60	8	3
60	10	2
60	12	1
60	14	2
60	15	1
60	17	2
60	18	1
60	19	2
60	20	2
60	23	4
60	24	2
60	25	9
60	26	2
60	27	2
60	28	7
60	30	1
60	31	4
60	32	2
60	33	1
60	34	3
60	35	2
60	36	4
60	37	4
60	38	6
60	39	2
60	40	9
60	41	4
60	42	4
60	43	2
60	44	3
60	45	4
60	46	4
60	47	11
60	48	2
60	50	1
60	51	7
60	52	4
60	53	1
60	54	4
60	55	4
60	56	1
60	57	6
60	58	10
60	59	5
