1	0	2
2	0	1
3	0	2
3	1	1
3	2	4
4	0	3
4	1	5
4	2	8
4	3	18
5	0	3
5	1	3
5	2	4
5	3	2
5	4	1
6	0	1
6	1	2
6	2	3
6	3	2
6	4	3
6	5	7
7	0	2
7	1	1
7	2	2
7	3	3
7	4	2
7	5	4
7	6	3
8	0	1
8	1	6
8	2	2
8	3	4
8	4	4
8	5	8
8	6	6
8	7	7
9	0	2
9	1	6
9	2	4
9	3	1
9	4	1
9	5	2
9	6	8
9	7	9
9	8	9
10	0	3
10	1	5
10	2	2
10	5	9
10	6	8
10	7	2
10	8	4
10	9	7
11	0	5
11	1	6
11	2	5
11	3	1
11	4	3
11	5	3
11	6	3
11	7	1
11	8	4
11	9	6
11	10	16
12	0	9
12	1	5
12	2	4
12	3	3
12	4	6
12	5	6
12	6	8
12	7	5
12	8	8
12	9	4
12	10	7
12	11	6
13	0	5
13	1	6
13	3	5
13	4	5
13	5	2
13	6	5
13	7	7
13	8	8
13	9	10
13	10	6
13	11	4
13	12	10
14	0	3
14	1	4
14	2	4
14	4	4
14	5	2
14	6	3
14	7	2
14	8	5
14	9	10
14	10	9
14	11	11
14	12	9
14	13	10
15	0	2
15	1	4
15	2	8
15	3	3
15	4	3
15	5	2
15	6	3
15	7	3
15	8	10
15	9	3
15	10	6
15	11	6
15	12	8
15	13	10
15	14	7
16	0	2
16	1	2
16	2	3
16	3	4
16	4	2
16	5	3
16	6	1
16	7	1
16	8	1
16	9	1
16	10	3
16	12	5
16	13	3
16	14	2
16	15	2
17	0	3
17	1	3
17	2	3
17	3	2
17	4	4
17	5	2
17	6	3
17	8	4
17	9	5
17	10	3
17	11	2
17	12	5
17	13	4
17	14	3
17	15	6
17	16	2
18	1	1
18	3	3
18	4	9
18	5	5
18	6	2
18	8	4
18	9	5
18	10	6
18	11	6
18	12	3
18	13	1
18	14	3
18	15	2
18	16	1
18	17	4
19	0	2
19	1	4
19	2	2
19	3	7
19	4	7
19	5	7
19	6	2
19	7	2
19	8	3
19	9	5
19	10	1
19	11	3
19	12	6
19	13	4
19	14	8
19	15	5
19	16	5
19	17	1
20	0	2
20	1	5
20	2	3
20	3	4
20	4	6
20	5	7
20	6	3
20	7	3
20	8	4
20	9	2
20	10	2
20	11	5
20	12	8
20	13	3
20	14	7
20	15	5
20	16	3
20	17	1
20	18	2
20	19	2
21	0	2
21	1	3
21	2	7
21	4	11
21	5	8
21	6	5
21	7	2
21	8	8
21	9	1
21	10	3
21	11	2
21	12	4
21	13	4
21	14	3
21	15	4
21	16	3
21	17	6
21	18	6
21	19	3
21	20	4
22	1	6
22	2	8
22	3	3
22	4	7
22	5	7
22	6	4
22	7	2
22	8	1
22	9	3
22	10	1
22	11	1
22	12	2
22	13	1
22	14	2
22	15	3
22	16	3
22	17	2
22	18	5
22	19	4
22	20	5
22	21	5
23	0	3
23	1	1
23	2	1
23	3	8
23	4	6
23	5	1
23	9	3
23	11	2
23	12	5
23	13	1
23	14	1
23	15	4
23	17	5
23	18	2
23	19	5
23	20	2
23	21	3
23	22	1
24	1	15
24	2	1
24	3	2
24	4	5
24	5	1
24	6	6
24	7	2
24	8	5
24	9	3
24	10	6
24	11	6
24	12	4
24	13	5
24	14	10
24	15	7
24	17	6
24	18	5
24	19	4
24	20	3
24	21	2
24	22	2
24	23	6
25	0	2
25	1	4
25	3	2
25	4	2
25	6	5
25	7	2
25	8	6
25	9	6
25	10	2
25	11	9
25	12	4
25	13	4
25	14	7
25	15	4
25	16	4
25	17	2
25	18	2
25	19	3
25	20	1
25	21	2
25	22	1
25	23	2
25	24	7
26	1	1
26	2	1
26	4	5
26	5	1
26	7	3
26	8	2
26	10	1
26	12	1
26	13	2
26	14	1
26	15	1
26	16	1
26	18	4
26	19	3
26	20	1
26	23	2
26	24	2
26	25	1
27	1	5
27	2	3
27	3	1
27	4	3
27	5	1
27	6	2
27	7	3
27	8	2
27	9	2
27	10	2
27	11	6
27	12	1
27	13	2
27	15	3
27	17	1
27	19	1
27	22	2
27	23	1
27	24	3
27	25	9
27	26	5
28	0	1
28	1	2
28	2	4
28	3	3
28	4	4
28	5	4
28	6	3
28	7	1
28	8	2
28	9	4
28	10	6
28	11	5
28	12	8
28	13	3
28	14	4
28	15	5
28	17	2
28	18	4
28	19	6
28	20	4
28	21	1
28	22	2
28	23	2
28	24	4
28	25	3
28	26	2
28	27	1
29	1	1
29	4	2
29	8	1
29	10	2
29	12	1
29	13	1
29	18	3
29	23	1
29	24	4
29	25	3
29	26	1
29	27	4
29	28	2
30	1	2
30	3	1
30	5	1
30	7	3
30	8	3
30	9	2
30	10	1
30	11	1
30	12	4
30	13	4
30	14	2
30	17	2
30	18	3
30	19	1
30	20	1
30	24	4
30	25	1
30	26	5
30	27	1
30	28	1
30	29	7
31	4	2
31	8	2
31	9	1
31	10	2
31	11	2
31	14	1
31	15	3
31	19	2
31	21	1
31	22	2
31	23	1
31	24	3
31	25	1
31	26	2
31	27	2
31	28	3
31	29	6
31	30	8
32	1	2
32	2	4
32	4	1
32	8	3
32	9	2
32	10	1
32	11	2
32	12	3
32	13	3
32	15	6
32	18	2
32	23	6
32	24	2
32	25	2
32	26	2
32	28	6
32	29	9
32	30	4
32	31	7
33	0	2
33	2	3
33	3	2
33	4	2
33	5	2
33	8	2
33	9	1
33	10	1
33	11	6
33	12	1
33	13	1
33	14	3
33	15	2
33	17	1
33	18	3
33	21	3
33	22	2
33	23	2
33	24	2
33	25	1
33	26	2
33	27	8
33	28	6
33	29	5
33	30	2
33	31	2
33	32	7
34	1	1
34	3	1
34	4	2
34	6	2
34	8	2
34	9	2
34	10	3
34	11	3
34	12	1
34	13	2
34	14	3
34	15	4
34	17	1
34	18	3
34	19	5
34	21	2
34	22	2
34	23	2
34	24	1
34	25	3
34	26	2
34	27	3
34	28	5
34	29	2
34	30	1
34	31	3
34	32	7
34	33	1
35	1	2
35	3	1
35	5	3
35	6	1
35	8	2
35	9	2
35	10	1
35	11	1
35	12	1
35	13	2
35	14	3
35	15	2
35	17	1
35	18	2
35	19	3
35	20	1
35	21	2
35	23	2
35	24	5
35	25	2
35	26	3
35	27	6
35	28	4
35	29	4
35	30	4
35	31	3
35	32	5
35	33	11
35	34	8
36	1	1
36	2	2
36	3	4
36	4	2
36	5	1
36	6	1
36	8	3
36	12	2
36	13	2
36	14	6
36	15	3
36	18	7
36	22	3
36	23	3
36	26	1
36	27	1
36	28	1
36	29	2
36	30	4
36	31	2
36	32	5
36	33	1
36	34	4
36	35	8
37	0	1
37	1	1
37	2	1
37	4	2
37	6	3
37	7	2
37	8	4
37	9	2
37	10	5
37	11	3
37	12	1
37	13	5
37	14	3
37	15	1
37	18	1
37	19	1
37	20	2
37	21	1
37	24	4
37	25	1
37	26	1
37	27	2
37	28	4
37	29	1
37	30	3
37	31	2
37	32	12
37	34	8
37	35	5
37	36	6
38	0	2
38	1	2
38	2	1
38	4	3
38	5	3
38	6	3
38	7	1
38	8	1
38	9	5
38	10	4
38	11	6
38	12	2
38	13	1
38	14	2
38	15	1
38	16	2
38	17	2
38	18	3
38	20	6
38	21	2
38	22	3
38	23	5
38	24	4
38	25	5
38	26	2
38	27	3
38	28	7
38	29	2
38	30	5
38	31	2
38	32	4
38	33	3
38	34	3
38	35	8
38	36	8
38	37	5
39	1	1
39	2	3
39	3	2
39	4	4
39	5	1
39	6	2
39	7	3
39	8	3
39	9	2
39	10	3
39	11	4
39	12	1
39	13	3
39	14	3
39	15	1
39	16	2
39	18	2
39	19	4
39	20	1
39	21	3
39	22	3
39	23	3
39	24	1
39	25	2
39	26	3
39	27	2
39	28	5
39	29	2
39	30	2
39	31	2
39	32	1
39	33	1
39	34	3
39	35	2
39	36	3
39	37	2
39	38	7
40	1	5
40	2	3
40	3	2
40	4	4
40	5	4
40	7	1
40	8	3
40	9	2
40	10	5
40	11	3
40	12	3
40	13	2
40	14	2
40	15	4
40	16	2
40	17	3
40	18	6
40	19	1
40	20	3
40	21	1
40	23	2
40	24	2
40	25	4
40	26	2
40	27	5
40	28	5
40	29	2
40	30	4
40	31	1
40	32	7
40	33	7
40	34	12
40	35	3
40	36	5
40	37	8
40	38	5
40	39	3
41	1	3
41	5	1
41	6	2
41	7	1
41	8	3
41	9	3
41	10	3
41	11	4
41	12	1
41	13	3
41	14	4
41	15	3
41	16	2
41	18	3
41	20	3
41	24	2
41	25	5
41	26	1
41	27	3
41	28	3
41	29	2
41	30	7
41	31	2
41	32	4
41	33	1
41	34	1
41	35	5
41	36	1
41	37	10
41	38	9
41	39	6
41	40	5
42	3	1
42	4	3
42	5	5
42	6	5
42	8	2
42	9	2
42	10	2
42	11	2
42	12	3
42	13	2
42	14	1
42	15	4
42	17	2
42	18	2
42	19	2
42	20	2
42	23	1
42	24	4
42	25	3
42	26	1
42	27	1
42	28	1
42	29	3
42	30	2
42	31	2
42	33	1
42	34	3
42	35	2
42	36	3
42	37	4
42	38	14
42	39	14
42	41	10
43	0	1
43	1	1
43	2	2
43	3	2
43	4	3
43	5	1
43	8	3
43	9	2
43	10	3
43	11	3
43	12	1
43	13	4
43	14	2
43	15	1
43	17	2
43	18	4
43	20	1
43	21	2
43	22	1
43	23	1
43	24	2
43	25	3
43	28	1
43	29	1
43	30	3
43	31	3
43	33	4
43	34	9
43	35	6
43	36	3
43	37	10
43	38	9
43	39	9
43	40	7
43	41	6
43	42	10
44	4	2
44	5	1
44	7	1
44	18	6
44	19	3
44	20	1
44	23	1
44	24	1
44	25	3
44	26	2
44	27	2
44	28	5
44	29	2
44	30	1
44	31	6
44	32	2
44	33	3
44	34	2
44	35	2
44	36	4
44	37	1
44	38	9
44	39	3
44	40	2
44	41	1
44	42	6
44	43	5
45	0	1
45	2	1
45	5	1
45	6	2
45	10	5
45	11	2
45	15	1
45	20	1
45	22	1
45	24	1
45	25	3
45	26	1
45	28	5
45	29	1
45	30	6
45	31	3
45	32	4
45	33	5
45	34	4
45	35	6
45	36	3
45	37	6
45	38	7
45	39	1
45	40	2
45	41	6
45	42	3
45	43	6
45	44	5
46	0	1
46	1	2
46	4	2
46	10	2
46	13	3
46	18	1
46	19	3
46	23	2
46	24	2
46	25	3
46	26	4
46	27	2
46	28	4
46	29	11
46	30	2
46	31	4
46	32	6
46	33	2
46	34	3
46	35	4
46	36	6
46	37	8
46	38	3
46	39	6
46	40	2
46	41	3
46	42	3
46	43	4
46	44	3
46	45	11
47	1	2
47	2	1
47	3	2
47	4	1
47	9	1
47	11	2
47	13	3
47	15	4
47	16	1
47	21	2
47	23	2
47	24	3
47	25	3
47	26	2
47	27	4
47	28	6
47	29	4
47	31	5
47	32	2
47	33	4
47	35	9
47	36	6
47	37	4
47	38	4
47	39	1
47	40	2
47	41	1
47	42	3
47	43	2
47	44	1
47	45	3
47	46	12
48	1	4
48	2	4
48	3	1
48	4	5
48	5	3
48	6	1
48	7	2
48	8	5
48	9	3
48	10	1
48	11	3
48	12	5
48	13	4
48	14	1
48	15	2
48	16	1
48	18	2
48	19	2
48	20	1
48	21	3
48	22	4
48	23	1
48	24	7
48	25	6
48	26	3
48	27	1
48	28	4
48	29	1
48	30	3
48	31	4
48	32	1
48	33	4
48	34	6
48	35	2
48	36	5
48	37	1
48	38	2
48	39	3
48	40	1
48	42	3
48	43	6
48	44	1
48	45	2
48	46	2
48	47	1
49	0	2
49	1	4
49	2	2
49	3	4
49	4	1
49	5	5
49	6	2
49	7	1
49	8	1
49	10	5
49	11	4
49	12	1
49	13	3
49	14	3
49	15	3
49	17	2
49	18	7
49	19	4
49	20	3
49	21	3
49	22	2
49	23	8
49	24	8
49	25	3
49	26	6
49	27	5
49	28	2
49	29	1
49	30	3
49	31	5
49	32	9
49	33	7
49	34	5
49	35	13
49	36	10
49	37	5
49	38	6
49	39	4
49	40	13
49	41	3
49	42	4
49	43	5
49	44	2
49	45	2
49	46	4
49	47	4
49	48	10
50	1	5
50	2	2
50	4	4
50	7	1
50	8	1
50	9	1
50	10	1
50	11	5
50	12	5
50	13	4
50	14	2
50	15	1
50	18	1
50	19	4
50	21	4
50	23	2
50	24	2
50	25	3
50	26	3
50	29	5
50	30	3
50	32	1
50	33	3
50	34	8
50	35	5
50	36	1
50	37	2
50	38	4
50	40	2
50	41	3
50	42	1
50	43	4
50	45	2
50	46	1
50	48	12
50	49	9
51	1	5
51	3	2
51	4	1
51	5	2
51	7	1
51	8	4
51	9	7
51	10	2
51	11	6
51	12	3
51	13	2
51	14	3
51	15	2
51	18	2
51	19	1
51	21	3
51	22	4
51	23	3
51	24	5
51	25	3
51	26	3
51	27	3
51	29	2
51	30	1
51	31	1
51	32	4
51	33	2
51	34	7
51	35	5
51	36	11
51	37	8
51	38	10
51	39	11
51	40	9
51	41	4
51	42	4
51	43	4
51	44	3
51	45	6
51	46	5
51	47	6
51	48	6
51	49	7
51	50	4
52	1	4
52	2	2
52	3	2
52	4	3
52	5	2
52	7	2
52	8	2
52	9	1
52	10	1
52	11	2
52	12	2
52	15	4
52	16	2
52	17	1
52	18	1
52	19	5
52	20	4
52	21	5
52	22	1
52	23	3
52	24	2
52	25	4
52	26	1
52	27	1
52	28	4
52	29	1
52	30	5
52	31	2
52	32	4
52	33	3
52	34	2
52	35	3
52	36	7
52	37	3
52	38	9
52	39	5
52	40	5
52	41	4
52	42	5
52	43	4
52	44	1
52	45	5
52	46	4
52	47	2
52	48	3
52	49	7
52	50	1
52	51	7
53	1	2
53	2	5
53	3	4
53	4	1
53	5	5
53	6	1
53	7	2
53	8	5
53	9	6
53	10	2
53	11	4
53	12	4
53	13	3
53	14	1
53	15	1
53	17	3
53	18	2
53	19	3
53	20	2
53	21	4
53	22	2
53	23	2
53	24	5
53	25	1
53	26	1
53	27	2
53	28	4
53	29	2
53	30	2
53	31	2
53	32	8
53	33	2
53	34	2
53	35	6
53	36	3
53	37	3
53	38	8
53	39	12
53	40	5
53	41	3
53	42	8
53	43	3
53	44	1
53	45	3
53	46	4
53	47	4
53	48	4
53	49	5
53	50	2
53	51	16
53	52	7
54	1	1
54	2	2
54	3	3
54	5	4
54	8	3
54	9	4
54	10	1
54	11	3
54	12	1
54	13	4
54	14	2
54	15	1
54	16	4
54	17	1
54	21	1
54	22	4
54	23	7
54	24	5
54	25	4
54	26	2
54	27	1
54	28	8
54	29	2
54	30	3
54	31	1
54	32	1
54	33	1
54	34	2
54	35	7
54	36	1
54	37	1
54	38	3
54	39	3
54	40	3
54	41	1
54	42	2
54	43	3
54	44	1
54	45	4
54	46	7
54	47	2
54	48	4
54	49	5
54	50	4
54	51	3
54	52	13
54	53	1
55	0	2
55	1	1
55	2	2
55	3	3
55	4	1
55	5	1
55	6	1
55	7	2
55	8	1
55	10	1
55	11	3
55	12	2
55	14	9
55	15	4
55	16	3
55	17	2
55	18	5
55	19	1
55	20	3
55	21	1
55	22	4
55	23	5
55	24	7
55	25	2
55	28	7
55	29	4
55	30	1
55	31	5
55	32	3
55	33	3
55	34	4
55	35	1
55	36	2
55	37	2
55	38	9
55	39	6
55	40	5
55	41	4
55	42	5
55	43	1
55	44	1
55	45	6
55	46	3
55	47	1
55	48	4
55	49	5
55	50	3
55	51	10
55	52	13
55	53	8
55	54	14
56	1	1
56	2	3
56	3	1
56	4	3
56	5	3
56	9	2
56	10	3
56	11	3
56	13	3
56	14	2
56	17	1
56	19	2
56	20	6
56	21	3
56	22	3
56	23	4
56	24	1
56	25	4
56	27	3
56	28	4
56	30	3
56	31	2
56	32	2
56	33	2
56	34	3
56	35	3
56	36	3
56	37	2
56	38	5
56	39	10
56	40	4
56	42	7
56	43	6
56	44	7
56	45	2
56	47	3
56	48	2
56	49	4
56	50	2
56	51	5
56	52	7
56	53	4
56	54	3
56	55	9
57	0	2
57	1	3
57	3	1
57	4	2
57	8	1
57	9	3
57	11	1
57	13	1
57	14	1
57	16	1
57	18	1
57	20	2
57	22	1
57	23	2
57	24	5
57	25	1
57	26	2
57	27	2
57	28	2
57	29	2
57	30	2
57	31	2
57	33	2
57	34	4
57	35	1
57	36	8
57	37	2
57	38	5
57	39	4
57	40	1
57	41	1
57	42	1
57	43	1
57	44	1
57	45	3
57	46	5
57	47	3
57	48	3
57	49	7
57	51	5
57	52	9
57	53	2
57	54	5
57	55	2
57	56	4
58	0	1
58	1	2
58	2	2
58	4	2
58	6	2
58	7	1
58	9	2
58	10	1
58	11	2
58	14	4
58	16	2
58	17	1
58	18	2
58	22	2
58	24	4
58	26	4
58	27	1
58	28	6
58	29	3
58	30	2
58	31	3
58	32	3
58	33	4
58	34	2
58	35	9
58	36	7
58	37	3
58	38	11
58	39	1
58	40	3
58	41	3
58	42	4
58	43	4
58	44	3
58	45	5
58	46	13
58	47	4
58	48	2
58	49	3
58	50	3
58	51	4
58	52	7
58	53	5
58	54	4
58	55	3
58	56	4
58	57	8
59	1	5
59	2	1
59	3	2
59	4	6
59	5	3
59	6	2
59	8	3
59	9	2
59	10	4
59	11	3
59	12	1
59	14	2
59	15	1
59	16	1
59	17	1
59	18	7
59	19	4
59	20	4
59	21	3
59	22	1
59	23	5
59	24	7
59	25	2
59	26	4
59	28	4
59	29	1
59	30	2
59	31	3
59	32	4
59	33	1
59	34	7
59	35	1
59	36	5
59	37	1
59	38	5
59	39	2
59	40	6
59	42	5
59	43	2
59	44	3
59	45	1
59	46	5
59	47	5
59	48	5
59	49	5
59	50	4
59	51	2
59	52	11
59	53	3
59	54	6
59	55	6
59	56	4
59	57	5
59	58	5
60	2	2
60	3	3
60	4	5
60	8	1
60	10	3
60	11	3
60	12	1
60	13	3
60	14	1
60	15	1
60	18	3
60	19	4
60	20	2
60	24	1
60	25	4
60	26	5
60	27	5
60	28	4
60	29	4
60	32	3
60	33	3
60	35	4
60	36	3
60	37	7
60	38	8
60	39	1
60	40	1
60	42	4
60	43	3
60	44	3
60	45	2
60	46	2
60	47	6
60	48	4
60	49	1
60	50	4
60	51	2
60	52	2
60	53	3
60	54	6
60	55	3
60	56	3
60	57	10
60	58	3
60	59	11
