1	0	7
2	0	2
2	1	3
3	0	1
3	1	6
3	2	3
4	0	3
4	1	2
4	2	6
4	3	9
5	0	2
5	1	4
5	2	4
5	4	4
6	0	1
6	1	1
6	3	1
6	4	3
6	5	5
7	0	2
7	1	6
7	2	1
7	3	1
7	5	2
7	6	2
8	0	4
8	1	6
8	2	7
8	3	2
8	4	3
8	5	9
8	6	10
8	7	12
9	0	5
9	1	2
9	2	2
9	3	3
9	4	2
9	5	4
9	6	10
9	7	7
9	8	4
10	0	4
10	1	4
10	2	3
10	4	3
10	5	5
10	6	2
10	7	7
10	8	2
10	9	12
11	0	5
11	1	10
11	2	5
11	3	1
11	4	1
11	5	7
11	6	1
11	7	3
11	8	6
11	9	7
11	10	13
12	0	4
12	1	5
12	2	3
12	3	2
12	4	3
12	5	5
12	6	4
12	7	6
12	8	14
12	9	12
12	10	4
12	11	6
13	0	10
13	1	8
13	2	6
13	3	3
13	4	4
13	5	5
13	6	6
13	7	6
13	8	8
13	9	12
13	10	3
13	11	5
13	12	10
14	0	1
14	1	10
14	2	5
14	3	5
14	4	8
14	5	3
14	6	2
14	7	3
14	8	7
14	9	6
14	10	4
14	11	8
14	12	7
14	13	3
15	0	6
15	1	5
15	2	8
15	3	2
15	4	2
15	5	4
15	6	3
15	7	6
15	8	11
15	9	2
15	10	3
15	11	3
15	12	7
15	13	7
15	14	5
16	0	1
16	1	2
16	2	2
16	3	6
16	4	2
16	5	3
16	8	4
16	10	3
16	11	1
16	12	2
16	13	2
16	14	3
16	15	4
17	0	4
17	1	3
17	2	2
17	3	1
17	4	4
17	5	5
17	6	1
17	7	2
17	8	5
17	9	2
17	10	4
17	11	6
17	12	4
17	13	2
17	14	6
17	15	10
17	16	5
18	0	1
18	1	2
18	2	4
18	3	4
18	4	2
18	5	5
18	6	2
18	7	7
18	8	2
18	9	4
18	10	4
18	11	6
18	12	7
18	13	2
18	14	5
18	15	5
18	16	2
19	0	1
19	1	3
19	2	6
19	3	7
19	4	4
19	5	3
19	7	2
19	8	4
19	9	6
19	10	4
19	12	4
19	13	7
19	14	6
19	15	4
19	16	2
19	17	2
19	18	2
20	0	2
20	1	4
20	2	3
20	3	7
20	4	8
20	5	5
20	6	4
20	7	3
20	8	3
20	9	6
20	10	3
20	11	4
20	12	4
20	13	2
20	14	6
20	15	2
20	16	3
20	17	4
20	18	3
20	19	4
21	0	1
21	1	2
21	2	9
21	3	3
21	4	3
21	5	5
21	6	3
21	7	3
21	8	2
21	9	4
21	10	3
21	11	2
21	12	7
21	13	4
21	14	5
21	15	6
21	16	2
21	18	5
21	19	4
21	20	6
22	1	2
22	2	5
22	3	4
22	4	2
22	5	6
22	6	2
22	7	2
22	8	2
22	10	5
22	11	3
22	12	2
22	13	2
22	14	3
22	15	5
22	16	1
22	17	1
22	18	9
22	19	3
22	20	8
22	21	8
23	0	3
23	1	3
23	2	4
23	3	12
23	4	7
23	5	1
23	8	2
23	10	3
23	11	8
23	12	4
23	13	1
23	14	4
23	15	8
23	17	1
23	18	4
23	19	6
23	20	3
23	21	1
23	22	2
24	0	3
24	1	2
24	2	4
24	3	4
24	4	3
24	5	1
24	6	1
24	7	1
24	8	5
24	9	2
24	10	5
24	11	4
24	12	5
24	13	3
24	14	6
24	15	6
24	16	2
24	17	2
24	18	6
24	19	3
24	20	1
24	21	2
24	22	2
24	23	6
25	0	2
25	1	5
25	2	3
25	3	3
25	4	2
25	5	3
25	6	4
25	7	2
25	8	4
25	9	6
25	10	8
25	11	5
25	12	7
25	13	6
25	14	2
25	15	8
25	16	1
25	17	3
25	18	5
25	19	1
25	20	4
25	21	1
25	22	2
25	23	4
25	24	4
26	0	1
26	1	1
26	2	1
26	4	4
26	5	1
26	8	1
26	10	6
26	11	1
26	12	4
26	13	1
26	14	1
26	17	1
26	18	1
26	19	2
26	20	3
26	22	1
26	23	4
26	24	2
26	25	6
27	1	6
27	2	1
27	3	2
27	4	1
27	8	2
27	9	5
27	10	4
27	11	1
27	13	1
27	14	5
27	15	2
27	17	3
27	18	2
27	22	1
27	23	5
27	24	4
27	25	6
27	26	3
28	1	2
28	2	3
28	3	2
28	4	3
28	5	2
28	6	3
28	7	1
28	8	4
28	9	2
28	10	5
28	11	1
28	12	4
28	13	5
28	14	1
28	15	1
28	16	3
28	17	1
28	18	5
28	19	3
28	20	4
28	21	4
28	22	4
28	23	1
28	24	1
28	25	2
28	26	3
28	27	3
29	0	3
29	2	1
29	4	3
29	8	1
29	10	1
29	14	2
29	18	1
29	19	3
29	20	2
29	23	2
29	24	1
29	25	4
29	26	3
29	27	1
29	28	1
30	1	1
30	3	1
30	5	1
30	8	5
30	9	3
30	10	4
30	11	4
30	12	3
30	13	1
30	14	1
30	17	1
30	19	1
30	20	2
30	22	2
30	24	1
30	25	1
30	26	2
30	27	8
30	28	5
30	29	7
31	5	1
31	8	4
31	11	3
31	14	1
31	19	1
31	22	1
31	23	1
31	24	4
31	25	1
31	26	2
31	27	1
31	28	2
31	29	4
31	30	12
32	0	1
32	1	3
32	2	1
32	4	2
32	8	3
32	10	1
32	11	3
32	12	1
32	13	3
32	14	1
32	16	2
32	17	1
32	23	1
32	24	4
32	25	4
32	26	1
32	27	4
32	28	3
32	29	2
32	30	5
32	31	3
33	1	3
33	3	3
33	4	2
33	5	1
33	9	4
33	10	2
33	11	2
33	12	2
33	13	1
33	14	5
33	17	2
33	18	3
33	19	3
33	21	3
33	22	2
33	23	2
33	24	3
33	25	4
33	26	2
33	27	5
33	28	2
33	29	9
33	30	1
33	31	2
33	32	13
34	1	2
34	2	1
34	3	4
34	4	6
34	5	2
34	6	3
34	8	2
34	9	1
34	10	3
34	11	2
34	12	2
34	13	4
34	14	2
34	15	2
34	18	4
34	19	3
34	21	2
34	22	2
34	23	2
34	24	4
34	25	7
34	26	1
34	27	6
34	28	6
34	29	3
34	30	4
34	31	6
34	32	5
34	33	6
35	1	3
35	3	2
35	4	1
35	5	3
35	6	2
35	8	3
35	9	1
35	10	5
35	11	4
35	12	3
35	13	3
35	14	3
35	15	3
35	16	1
35	17	1
35	18	1
35	19	2
35	20	2
35	21	2
35	22	2
35	23	4
35	24	4
35	25	4
35	26	3
35	27	5
35	28	2
35	29	8
35	30	4
35	31	6
35	32	5
35	33	10
35	34	10
36	0	1
36	1	3
36	2	3
36	4	2
36	7	1
36	10	4
36	11	2
36	12	3
36	13	2
36	14	1
36	15	1
36	16	2
36	18	2
36	23	1
36	24	1
36	25	1
36	26	1
36	27	3
36	29	4
36	30	4
36	31	2
36	32	6
36	33	4
36	34	5
36	35	4
37	1	2
37	2	1
37	3	2
37	4	2
37	5	1
37	6	1
37	7	1
37	8	5
37	9	1
37	10	6
37	11	2
37	12	2
37	13	2
37	14	5
37	15	1
37	19	2
37	20	3
37	21	1
37	24	3
37	25	5
37	26	2
37	27	1
37	28	2
37	29	2
37	30	3
37	31	9
37	32	7
37	33	4
37	34	5
37	35	8
37	36	1
38	1	4
38	3	3
38	4	2
38	5	1
38	6	2
38	7	1
38	8	5
38	9	5
38	10	3
38	11	5
38	12	1
38	13	5
38	14	5
38	15	1
38	16	1
38	17	2
38	18	3
38	19	3
38	20	3
38	21	1
38	22	3
38	23	3
38	24	5
38	25	6
38	26	8
38	28	5
38	29	6
38	30	3
38	31	2
38	32	2
38	33	4
38	34	4
38	35	7
38	36	1
38	37	5
39	1	1
39	2	2
39	3	3
39	4	1
39	5	2
39	6	4
39	8	2
39	9	2
39	10	4
39	11	1
39	12	3
39	13	4
39	14	3
39	15	1
39	16	3
39	18	2
39	19	2
39	20	2
39	21	1
39	22	7
39	24	2
39	25	4
39	26	3
39	28	12
39	29	1
39	30	1
39	31	4
39	32	1
39	33	4
39	35	4
39	36	2
39	37	3
39	38	6
40	0	1
40	1	6
40	2	3
40	3	1
40	4	3
40	5	1
40	6	2
40	7	2
40	8	3
40	9	3
40	10	3
40	11	2
40	12	4
40	13	1
40	14	2
40	15	3
40	16	1
40	18	3
40	19	2
40	20	1
40	21	1
40	22	1
40	24	4
40	25	3
40	26	1
40	27	2
40	28	11
40	30	4
40	31	5
40	32	8
40	33	11
40	34	6
40	35	2
40	36	1
40	37	2
40	38	10
40	39	7
41	1	1
41	4	2
41	5	4
41	6	3
41	7	1
41	8	3
41	9	4
41	10	6
41	12	2
41	13	2
41	14	2
41	15	1
41	16	2
41	18	2
41	20	4
41	22	1
41	24	1
41	25	7
41	27	2
41	28	2
41	29	1
41	30	1
41	31	2
41	32	6
41	33	3
41	34	3
41	35	3
41	36	5
41	37	10
41	38	7
41	39	4
41	40	4
42	1	2
42	2	1
42	3	1
42	4	6
42	5	4
42	6	3
42	8	2
42	9	1
42	10	1
42	11	4
42	12	1
42	13	2
42	14	3
42	15	2
42	17	2
42	18	1
42	19	1
42	20	2
42	24	5
42	25	2
42	26	3
42	27	1
42	28	4
42	29	1
42	30	1
42	31	3
42	32	2
42	33	2
42	34	4
42	35	7
42	36	3
42	37	11
42	38	3
42	39	8
42	41	8
43	1	1
43	3	2
43	4	1
43	5	1
43	7	2
43	8	2
43	9	5
43	10	3
43	11	2
43	12	1
43	13	4
43	14	2
43	15	1
43	17	1
43	18	2
43	20	5
43	21	1
43	22	3
43	23	2
43	24	1
43	25	3
43	26	3
43	29	2
43	30	3
43	31	2
43	32	8
43	33	4
43	34	9
43	35	4
43	36	2
43	37	9
43	38	12
43	39	3
43	40	5
43	41	7
43	42	3
44	4	1
44	5	2
44	8	1
44	10	1
44	11	2
44	18	4
44	19	2
44	23	1
44	25	6
44	27	1
44	28	4
44	29	7
44	30	5
44	31	1
44	32	2
44	33	4
44	34	3
44	35	2
44	36	2
44	37	2
44	38	8
44	39	7
44	40	1
44	41	5
44	42	7
44	43	8
45	0	2
45	5	1
45	6	1
45	9	2
45	10	1
45	11	3
45	15	1
45	20	2
45	22	3
45	24	1
45	25	1
45	27	2
45	28	1
45	30	4
45	31	5
45	32	6
45	33	2
45	34	4
45	35	4
45	36	3
45	37	4
45	38	5
45	39	3
45	40	2
45	41	1
45	42	8
45	43	6
45	44	4
46	0	1
46	1	1
46	2	3
46	3	2
46	4	1
46	8	3
46	11	1
46	13	2
46	15	2
46	17	2
46	18	1
46	19	3
46	22	2
46	23	2
46	24	2
46	25	4
46	26	1
46	27	1
46	28	3
46	29	5
46	30	4
46	31	4
46	32	6
46	33	2
46	34	5
46	35	7
46	36	3
46	37	4
46	38	1
46	39	4
46	40	3
46	41	2
46	42	6
46	43	2
46	44	3
46	45	5
47	1	1
47	2	1
47	3	1
47	4	2
47	9	1
47	10	1
47	11	2
47	12	2
47	15	1
47	16	2
47	18	3
47	20	3
47	21	1
47	23	2
47	24	2
47	25	1
47	26	6
47	27	4
47	28	5
47	29	1
47	30	1
47	31	2
47	32	1
47	33	10
47	34	2
47	35	13
47	36	4
47	37	5
47	38	4
47	39	2
47	41	2
47	42	1
47	43	3
47	44	2
47	45	4
47	46	8
48	1	6
48	2	1
48	4	2
48	5	1
48	6	2
48	7	2
48	8	3
48	9	3
48	10	4
48	11	10
48	12	2
48	13	3
48	14	3
48	18	5
48	19	1
48	20	1
48	22	2
48	23	2
48	24	6
48	25	9
48	26	2
48	27	3
48	28	4
48	29	2
48	30	2
48	31	4
48	32	6
48	33	2
48	34	10
48	35	3
48	36	5
48	37	6
48	38	3
48	39	3
48	40	6
48	41	2
48	42	2
48	43	3
48	45	1
48	46	2
48	47	1
49	0	3
49	1	3
49	2	3
49	3	6
49	4	2
49	6	1
49	7	1
49	8	3
49	9	2
49	10	2
49	11	10
49	12	3
49	13	3
49	14	2
49	15	6
49	17	1
49	18	5
49	19	1
49	20	6
49	21	4
49	22	3
49	23	7
49	24	10
49	25	5
49	26	3
49	27	1
49	28	4
49	29	1
49	31	3
49	32	3
49	33	5
49	34	7
49	35	6
49	36	8
49	37	3
49	38	4
49	39	4
49	40	2
49	41	2
49	42	3
49	43	5
49	44	3
49	45	3
49	46	4
49	47	7
49	48	8
50	0	1
50	1	9
50	2	2
50	4	5
50	7	2
50	8	1
50	9	4
50	10	3
50	12	3
50	14	5
50	15	3
50	18	2
50	19	3
50	20	1
50	24	5
50	25	3
50	26	4
50	27	8
50	28	2
50	29	2
50	30	1
50	31	5
50	32	3
50	33	1
50	34	1
50	35	2
50	36	5
50	37	5
50	38	1
50	39	4
50	40	1
50	41	1
50	45	2
50	46	1
50	47	4
50	48	3
50	49	9
51	1	3
51	2	2
51	3	1
51	4	2
51	5	1
51	6	2
51	7	3
51	8	2
51	9	1
51	10	3
51	11	7
51	12	1
51	13	4
51	14	3
51	15	1
51	18	6
51	20	7
51	21	1
51	22	3
51	23	3
51	24	3
51	25	2
51	26	1
51	27	4
51	28	3
51	29	3
51	30	2
51	31	5
51	32	4
51	33	4
51	34	6
51	35	7
51	36	6
51	37	3
51	38	18
51	39	3
51	40	5
51	41	1
51	42	4
51	43	5
51	45	7
51	46	3
51	47	3
51	48	8
51	49	9
52	1	2
52	2	1
52	3	3
52	4	4
52	7	4
52	8	3
52	9	3
52	10	2
52	11	3
52	12	2
52	13	3
52	14	4
52	16	1
52	17	2
52	18	1
52	19	3
52	20	1
52	21	3
52	22	2
52	23	8
52	24	8
52	25	3
52	26	2
52	27	2
52	28	5
52	29	6
52	30	3
52	31	4
52	32	1
52	33	4
52	34	2
52	35	3
52	36	5
52	37	5
52	38	6
52	39	5
52	40	4
52	41	3
52	42	5
52	43	2
52	44	3
52	45	2
52	46	2
52	47	2
52	48	6
52	49	7
52	50	5
52	51	5
53	1	4
53	2	1
53	3	3
53	4	1
53	5	4
53	6	2
53	9	2
53	10	4
53	11	6
53	12	2
53	13	2
53	14	7
53	15	2
53	16	1
53	17	2
53	18	4
53	19	5
53	20	5
53	21	3
53	22	1
53	23	2
53	24	4
53	25	5
53	26	1
53	28	4
53	29	1
53	30	4
53	32	4
53	33	4
53	34	4
53	35	10
53	36	1
53	37	4
53	38	10
53	39	5
53	40	10
53	41	6
53	42	4
53	43	14
53	44	4
53	45	3
53	46	4
53	47	2
53	48	9
53	49	7
53	50	5
53	51	15
53	52	10
54	1	3
54	2	1
54	3	2
54	4	4
54	5	1
54	9	1
54	10	1
54	12	2
54	13	1
54	14	2
54	15	2
54	17	1
54	18	2
54	19	3
54	20	3
54	21	5
54	22	5
54	23	3
54	24	1
54	25	2
54	26	5
54	27	2
54	28	4
54	31	3
54	32	2
54	33	3
54	34	1
54	35	3
54	36	3
54	37	4
54	38	5
54	39	2
54	40	2
54	41	4
54	42	3
54	43	2
54	44	2
54	45	1
54	46	4
54	47	2
54	48	4
54	49	4
54	50	1
54	51	5
54	52	10
54	53	2
55	1	3
55	2	1
55	3	2
55	4	2
55	6	3
55	7	2
55	8	5
55	9	3
55	10	3
55	11	3
55	12	4
55	13	4
55	14	4
55	15	7
55	16	2
55	17	2
55	18	4
55	19	5
55	20	4
55	21	2
55	22	6
55	23	3
55	24	5
55	25	6
55	26	2
55	27	3
55	28	14
55	29	1
55	30	3
55	31	2
55	32	4
55	33	2
55	34	5
55	35	1
55	36	3
55	37	2
55	38	2
55	39	3
55	40	5
55	41	2
55	42	4
55	43	4
55	44	1
55	46	2
55	47	5
55	48	4
55	49	7
55	50	2
55	51	5
55	52	9
55	53	12
55	54	9
56	0	2
56	2	2
56	3	2
56	4	2
56	8	1
56	9	2
56	10	4
56	11	1
56	12	1
56	13	1
56	14	4
56	15	1
56	16	1
56	18	1
56	19	3
56	20	4
56	22	6
56	23	1
56	24	1
56	25	3
56	27	3
56	28	7
56	30	1
56	31	2
56	32	2
56	33	2
56	34	1
56	35	1
56	37	3
56	38	7
56	39	5
56	40	2
56	41	2
56	42	4
56	43	1
56	44	7
56	45	2
56	46	2
56	47	3
56	48	2
56	49	4
56	50	4
56	51	4
56	52	9
56	53	7
56	54	4
56	55	7
57	0	1
57	1	2
57	2	3
57	3	2
57	4	3
57	6	2
57	8	1
57	10	2
57	12	6
57	13	1
57	14	3
57	15	2
57	16	1
57	18	2
57	19	2
57	20	5
57	23	2
57	24	5
57	25	3
57	26	2
57	27	2
57	28	6
57	29	1
57	30	1
57	31	1
57	32	2
57	33	4
57	34	1
57	35	3
57	36	10
57	37	2
57	38	10
57	39	5
57	40	1
57	41	2
57	42	2
57	43	8
57	44	1
57	45	2
57	46	3
57	47	2
57	48	2
57	49	4
57	50	5
57	51	2
57	52	6
57	53	5
57	54	3
57	55	3
57	56	8
58	0	1
58	1	2
58	4	4
58	7	2
58	9	4
58	10	1
58	11	3
58	14	1
58	16	1
58	18	1
58	20	2
58	22	1
58	24	1
58	25	4
58	26	4
58	27	2
58	28	1
58	30	3
58	31	4
58	32	3
58	34	1
58	35	8
58	36	4
58	37	1
58	38	7
58	39	4
58	40	5
58	41	3
58	43	3
58	44	7
58	45	3
58	46	12
58	47	7
58	48	2
58	49	4
58	50	5
58	51	5
58	52	8
58	53	3
58	54	3
58	55	4
58	56	4
58	57	8
59	1	1
59	2	2
59	3	5
59	4	4
59	5	1
59	8	4
59	9	4
59	10	4
59	11	7
59	12	2
59	13	3
59	14	3
59	15	2
59	18	4
59	19	5
59	20	1
59	21	4
59	23	3
59	24	7
59	25	1
59	26	4
59	27	8
59	28	5
59	32	4
59	33	4
59	34	1
59	35	6
59	36	2
59	37	3
59	38	6
59	39	5
59	40	5
59	41	3
59	42	3
59	45	1
59	46	3
59	47	6
59	48	5
59	49	5
59	50	1
59	51	7
59	52	12
59	53	6
59	54	6
59	55	4
59	56	1
59	57	10
59	58	6
60	0	1
60	2	1
60	3	5
60	4	2
60	7	1
60	10	1
60	11	2
60	12	1
60	13	1
60	14	3
60	18	3
60	20	3
60	23	1
60	24	5
60	25	1
60	26	7
60	27	1
60	28	1
60	30	3
60	31	1
60	32	3
60	33	9
60	34	2
60	35	5
60	36	2
60	37	5
60	38	11
60	39	1
60	40	4
60	41	4
60	43	5
60	44	2
60	45	6
60	46	5
60	47	6
60	48	1
60	49	5
60	50	2
60	51	2
60	52	4
60	53	2
60	54	2
60	55	2
60	56	2
60	57	8
60	58	5
60	59	6
