1	0	3
2	0	2
2	1	1
3	0	1
3	1	3
3	2	6
4	0	1
4	1	2
4	2	7
4	3	10
5	0	1
5	1	6
5	2	1
5	3	1
5	4	2
6	0	3
6	1	2
6	2	4
6	3	4
6	4	4
6	5	6
7	0	3
7	1	7
7	2	4
7	3	1
7	5	5
7	6	4
8	0	3
8	1	5
8	2	2
8	3	2
8	4	4
8	5	3
8	6	9
8	7	7
9	0	2
9	1	3
9	2	4
9	3	1
9	4	3
9	5	1
9	6	5
9	7	11
9	8	9
10	0	3
10	1	3
10	2	2
10	3	6
10	4	3
10	5	6
10	6	11
10	7	2
10	8	7
10	9	8
11	0	3
11	1	3
11	2	3
11	4	4
11	5	4
11	6	7
11	7	3
11	8	8
11	9	10
11	10	9
12	0	1
12	1	5
12	2	6
12	3	5
12	4	3
12	5	7
12	6	5
12	7	4
12	8	8
12	9	4
12	10	7
12	11	5
13	0	7
13	1	8
13	2	7
13	3	4
13	4	6
13	5	2
13	6	2
13	7	8
13	8	10
13	9	15
13	10	7
13	11	3
13	12	8
14	0	6
14	1	6
14	2	5
14	3	5
14	4	5
14	5	2
14	6	4
14	7	4
14	8	3
14	9	4
14	10	6
14	11	5
14	12	6
14	13	7
15	0	4
15	1	7
15	2	6
15	3	2
15	4	6
15	5	4
15	6	2
15	7	8
15	8	4
15	9	4
15	10	4
15	11	4
15	12	12
15	13	11
15	14	7
16	0	5
16	1	1
16	2	6
16	3	1
16	4	4
16	5	4
16	7	1
16	8	3
16	9	4
16	10	1
16	11	4
16	12	6
16	13	4
16	14	1
16	15	3
17	1	2
17	2	7
17	3	2
17	4	3
17	5	3
17	6	2
17	7	2
17	8	5
17	9	2
17	10	1
17	11	1
17	12	5
17	13	6
17	14	3
17	15	7
17	16	6
18	0	3
18	1	2
18	2	5
18	3	4
18	4	7
18	5	5
18	6	4
18	7	2
18	8	3
18	9	2
18	10	10
18	11	3
18	12	5
18	13	1
18	14	3
18	15	7
18	17	1
19	0	2
19	1	1
19	2	4
19	3	8
19	4	5
19	5	2
19	6	1
19	7	1
19	8	5
19	9	2
19	10	4
19	11	2
19	12	3
19	13	5
19	14	4
19	15	3
19	16	3
19	17	2
19	18	4
20	0	3
20	1	1
20	2	2
20	3	8
20	4	10
20	5	4
20	6	3
20	7	5
20	8	8
20	9	3
20	10	9
20	11	2
20	12	5
20	13	7
20	14	7
20	15	9
20	16	2
20	17	6
20	18	7
20	19	2
21	0	3
21	1	2
21	2	6
21	3	1
21	4	1
21	5	9
21	6	5
21	7	5
21	8	6
21	10	4
21	12	3
21	13	5
21	14	4
21	15	6
21	16	7
21	17	3
21	18	1
21	19	2
21	20	7
22	1	2
22	2	7
22	3	2
22	4	11
22	5	2
22	6	5
22	7	1
22	8	2
22	9	1
22	10	3
22	12	2
22	13	4
22	14	4
22	15	3
22	16	2
22	17	4
22	18	4
22	19	5
22	20	15
22	21	4
23	0	2
23	1	7
23	2	3
23	3	4
23	4	6
23	5	5
23	7	1
23	8	1
23	9	4
23	10	4
23	11	1
23	12	5
23	13	1
23	14	2
23	15	3
23	17	4
23	18	1
23	19	8
23	20	4
23	21	1
23	22	2
24	1	5
24	2	1
24	3	1
24	4	7
24	5	3
24	6	2
24	7	5
24	9	2
24	10	5
24	11	7
24	12	3
24	13	2
24	14	2
24	16	5
24	17	5
24	19	3
24	20	2
24	21	5
24	22	5
24	23	1
25	0	3
25	1	6
25	2	2
25	3	1
25	4	4
25	5	2
25	7	3
25	8	5
25	9	8
25	10	1
25	11	8
25	12	5
25	13	8
25	14	3
25	15	1
25	16	1
25	17	4
25	18	3
25	19	3
25	20	3
25	21	5
25	22	1
25	23	2
25	24	1
26	1	1
26	2	2
26	7	2
26	8	1
26	10	2
26	11	6
26	13	2
26	14	2
26	18	2
26	19	3
26	20	3
26	23	3
26	24	2
26	25	2
27	1	6
27	2	1
27	4	3
27	5	1
27	7	1
27	8	4
27	9	2
27	10	1
27	11	6
27	12	3
27	13	1
27	14	2
27	18	2
27	19	1
27	23	5
27	24	1
27	25	5
27	26	4
28	0	2
28	1	2
28	2	3
28	3	4
28	4	4
28	5	2
28	6	2
28	7	2
28	8	2
28	9	4
28	10	6
28	11	2
28	12	1
28	13	1
28	14	3
28	15	7
28	16	1
28	17	2
28	18	11
28	19	1
28	20	6
28	21	3
28	22	6
28	23	3
28	24	1
28	25	7
28	26	1
28	27	5
29	0	2
29	1	1
29	2	1
29	4	2
29	10	2
29	12	2
29	13	2
29	14	1
29	19	4
29	20	2
29	23	2
29	24	1
29	25	4
29	27	3
30	3	1
30	5	2
30	7	2
30	8	1
30	9	1
30	12	2
30	13	1
30	14	1
30	17	3
30	18	2
30	19	3
30	20	2
30	22	1
30	25	3
30	26	2
30	28	3
30	29	3
31	8	3
31	9	4
31	10	2
31	11	3
31	14	1
31	19	3
31	21	1
31	23	1
31	24	4
31	25	3
31	26	3
31	27	1
31	29	7
31	30	15
32	1	1
32	2	2
32	4	3
32	8	3
32	9	2
32	11	3
32	13	4
32	14	3
32	15	1
32	16	1
32	18	3
32	22	6
32	23	2
32	24	1
32	25	1
32	26	6
32	27	3
32	28	4
32	29	5
32	30	1
32	31	8
33	0	3
33	1	2
33	3	1
33	4	1
33	5	1
33	8	1
33	9	4
33	10	2
33	11	1
33	12	3
33	13	2
33	14	2
33	15	1
33	17	4
33	18	1
33	19	1
33	21	1
33	22	2
33	23	2
33	25	3
33	26	3
33	27	6
33	28	2
33	29	3
33	30	3
33	31	5
33	32	9
34	1	3
34	2	2
34	4	4
34	5	1
34	6	2
34	8	2
34	9	1
34	10	1
34	11	3
34	12	4
34	13	2
34	14	6
34	15	2
34	16	2
34	17	2
34	18	4
34	19	1
34	20	1
34	21	3
34	22	2
34	23	2
34	24	1
34	25	5
34	26	4
34	27	2
34	29	3
34	30	5
34	31	3
34	32	5
34	33	5
35	0	2
35	1	2
35	2	2
35	3	4
35	4	1
35	5	3
35	6	2
35	8	3
35	9	4
35	10	3
35	11	2
35	12	4
35	13	3
35	14	2
35	15	2
35	16	3
35	17	1
35	18	6
35	21	2
35	22	2
35	24	5
35	25	2
35	26	4
35	27	5
35	28	6
35	29	4
35	30	4
35	31	5
35	32	8
35	33	9
35	34	4
36	0	1
36	1	3
36	2	2
36	3	2
36	6	1
36	8	2
36	10	6
36	11	1
36	12	6
36	13	2
36	14	1
36	15	2
36	18	1
36	22	2
36	24	5
36	25	2
36	26	5
36	27	3
36	28	3
36	29	2
36	30	2
36	31	1
36	32	3
36	33	4
36	34	8
36	35	4
37	0	2
37	1	2
37	2	2
37	4	1
37	5	2
37	6	2
37	8	2
37	9	1
37	10	4
37	11	4
37	12	4
37	13	1
37	14	1
37	18	2
37	19	2
37	20	3
37	24	4
37	25	3
37	26	5
37	27	3
37	28	6
37	29	4
37	30	5
37	31	2
37	32	7
37	33	5
37	34	7
37	35	5
37	36	4
38	1	3
38	2	1
38	3	5
38	4	7
38	5	5
38	6	1
38	7	4
38	8	1
38	9	2
38	10	6
38	11	5
38	12	5
38	14	6
38	15	2
38	18	3
38	19	1
38	20	3
38	21	3
38	23	6
38	24	2
38	25	6
38	26	3
38	27	4
38	28	5
38	29	1
38	30	5
38	31	7
38	32	6
38	33	5
38	34	3
38	35	12
38	36	3
38	37	3
39	0	2
39	1	2
39	2	1
39	4	2
39	5	3
39	6	1
39	8	1
39	9	5
39	10	7
39	11	4
39	12	3
39	13	2
39	14	2
39	15	4
39	16	1
39	18	2
39	19	1
39	22	3
39	23	2
39	24	4
39	25	2
39	27	1
39	28	8
39	29	2
39	30	3
39	31	2
39	32	3
39	33	4
39	34	3
39	35	5
39	36	4
39	37	6
39	38	9
40	0	1
40	1	3
40	2	1
40	4	3
40	5	2
40	6	3
40	8	3
40	9	7
40	10	3
40	11	7
40	12	1
40	13	2
40	14	4
40	15	3
40	16	1
40	17	2
40	18	4
40	19	2
40	20	1
40	21	1
40	22	2
40	23	7
40	24	6
40	25	5
40	26	3
40	27	5
40	28	10
40	29	2
40	30	5
40	31	2
40	32	5
40	33	7
40	34	8
40	35	3
40	36	6
40	37	6
40	38	6
40	39	3
41	1	2
41	4	1
41	5	1
41	6	1
41	7	3
41	8	2
41	9	2
41	10	2
41	11	6
41	12	1
41	13	2
41	14	1
41	16	1
41	18	1
41	20	1
41	24	2
41	25	7
41	26	3
41	27	3
41	28	5
41	29	2
41	30	2
41	31	5
41	32	2
41	33	2
41	34	1
41	35	3
41	36	2
41	37	8
41	38	3
41	39	8
41	40	9
42	1	5
42	3	1
42	4	2
42	5	2
42	6	2
42	8	3
42	9	4
42	10	1
42	11	1
42	12	1
42	13	2
42	14	3
42	15	3
42	17	1
42	18	4
42	19	3
42	20	1
42	24	2
42	25	5
42	26	2
42	27	5
42	28	6
42	31	3
42	32	4
42	33	2
42	34	5
42	35	2
42	36	3
42	37	4
42	38	10
42	39	7
42	40	6
42	41	10
43	0	1
43	1	1
43	2	1
43	3	3
43	4	1
43	5	5
43	8	2
43	9	1
43	10	4
43	12	2
43	13	3
43	14	1
43	18	2
43	20	2
43	21	1
43	22	2
43	24	1
43	25	3
43	26	1
43	27	1
43	28	2
43	29	4
43	30	3
43	31	5
43	32	1
43	33	3
43	34	5
43	35	4
43	36	4
43	37	5
43	38	5
43	39	4
43	40	2
43	41	7
43	42	3
44	4	1
44	5	1
44	8	1
44	9	4
44	10	3
44	18	1
44	19	2
44	20	1
44	23	1
44	24	1
44	25	2
44	26	5
44	27	1
44	28	4
44	29	3
44	30	4
44	31	1
44	32	5
44	33	5
44	34	2
44	35	4
44	36	4
44	37	6
44	38	8
44	39	2
44	40	4
44	41	8
44	42	14
44	43	7
45	0	2
45	6	1
45	9	1
45	10	1
45	15	4
45	19	5
45	20	2
45	22	1
45	24	2
45	25	1
45	26	1
45	27	1
45	28	3
45	29	2
45	30	1
45	31	4
45	32	4
45	33	3
45	34	4
45	35	2
45	36	2
45	37	4
45	38	9
45	39	2
45	40	6
45	41	4
45	42	6
45	43	5
45	44	9
46	1	3
46	3	1
46	4	2
46	8	3
46	10	1
46	11	6
46	13	2
46	14	1
46	15	2
46	18	4
46	19	2
46	22	1
46	23	2
46	25	4
46	26	1
46	27	1
46	28	3
46	29	2
46	30	5
46	31	9
46	32	5
46	33	4
46	34	6
46	35	8
46	36	3
46	37	4
46	38	5
46	39	1
46	40	6
46	41	3
46	42	7
46	43	8
46	44	3
46	45	8
47	1	1
47	2	2
47	3	2
47	4	2
47	9	1
47	10	2
47	11	1
47	13	2
47	16	1
47	18	1
47	20	2
47	21	1
47	24	4
47	26	5
47	27	1
47	28	1
47	29	4
47	30	5
47	31	5
47	32	4
47	33	6
47	34	3
47	35	5
47	36	1
47	37	2
47	38	4
47	40	3
47	42	2
47	43	7
47	44	4
47	45	1
47	46	12
48	1	1
48	2	3
48	3	3
48	4	6
48	5	5
48	6	2
48	8	2
48	9	1
48	10	6
48	11	2
48	13	7
48	14	4
48	15	2
48	16	1
48	18	3
48	19	1
48	20	3
48	21	4
48	23	2
48	24	8
48	25	6
48	26	1
48	27	3
48	28	2
48	29	6
48	30	3
48	31	1
48	32	6
48	33	1
48	34	3
48	35	4
48	36	5
48	37	5
48	38	6
48	39	1
48	40	5
48	41	5
48	42	5
48	44	1
48	45	1
48	46	3
48	47	5
49	0	1
49	1	4
49	2	3
49	4	1
49	5	1
49	6	3
49	7	1
49	8	4
49	9	3
49	10	5
49	11	4
49	12	1
49	13	3
49	14	5
49	15	4
49	16	3
49	17	1
49	18	2
49	19	3
49	20	5
49	21	4
49	22	6
49	23	1
49	24	12
49	25	3
49	26	3
49	27	6
49	28	5
49	30	7
49	31	4
49	33	3
49	34	16
49	35	2
49	36	7
49	37	3
49	38	7
49	39	3
49	40	3
49	41	3
49	42	3
49	43	3
49	44	1
49	45	1
49	46	3
49	47	3
49	48	7
50	1	3
50	2	3
50	3	1
50	4	1
50	7	1
50	8	5
50	9	1
50	10	5
50	11	3
50	12	2
50	13	1
50	14	2
50	15	3
50	18	2
50	19	2
50	20	3
50	21	1
50	24	9
50	25	9
50	26	1
50	27	6
50	29	1
50	31	2
50	32	2
50	33	3
50	34	5
50	35	5
50	36	5
50	37	3
50	38	4
50	39	1
50	40	4
50	42	3
50	43	3
50	46	3
50	47	3
50	48	5
50	49	6
51	1	5
51	2	1
51	3	1
51	4	1
51	5	3
51	6	1
51	7	1
51	8	6
51	9	4
51	10	3
51	11	1
51	12	2
51	13	4
51	14	4
51	15	2
51	18	2
51	19	2
51	20	3
51	21	1
51	22	1
51	23	3
51	24	5
51	26	4
51	27	1
51	28	8
51	29	2
51	30	1
51	31	4
51	32	4
51	33	3
51	34	8
51	35	10
51	36	12
51	37	6
51	38	16
51	39	5
51	40	6
51	41	6
51	42	5
51	43	4
51	44	8
51	45	2
51	47	5
51	48	4
51	49	10
51	50	3
52	1	2
52	2	1
52	3	6
52	4	3
52	7	1
52	10	2
52	11	1
52	12	3
52	13	1
52	14	2
52	15	5
52	16	1
52	17	1
52	18	2
52	19	1
52	20	4
52	21	3
52	22	2
52	23	4
52	24	3
52	25	4
52	26	2
52	28	5
52	29	3
52	30	2
52	31	2
52	32	3
52	33	4
52	34	4
52	35	4
52	36	3
52	37	1
52	38	11
52	39	1
52	40	6
52	41	2
52	42	4
52	43	3
52	44	3
52	45	4
52	46	4
52	47	1
52	48	2
52	49	4
52	50	4
52	51	10
53	1	2
53	2	2
53	3	2
53	4	5
53	5	4
53	6	1
53	8	2
53	9	2
53	10	4
53	11	4
53	12	3
53	14	2
53	15	3
53	17	2
53	18	3
53	19	5
53	20	3
53	21	2
53	22	3
53	23	2
53	24	4
53	26	5
53	27	2
53	28	4
53	29	1
53	30	1
53	31	5
53	32	3
53	33	3
53	34	2
53	35	4
53	36	7
53	37	4
53	38	13
53	39	10
53	40	14
53	41	5
53	42	6
53	43	4
53	44	3
53	45	6
53	46	6
53	47	4
53	48	3
53	49	10
53	50	2
53	51	10
53	52	6
54	0	2
54	1	5
54	2	1
54	3	1
54	4	1
54	5	2
54	9	1
54	10	3
54	11	2
54	12	3
54	13	3
54	14	1
54	15	2
54	16	1
54	17	1
54	18	3
54	19	4
54	20	2
54	22	2
54	23	2
54	24	5
54	25	3
54	26	2
54	27	3
54	28	8
54	31	1
54	32	5
54	33	1
54	34	2
54	35	4
54	36	2
54	37	2
54	38	4
54	39	2
54	40	5
54	41	3
54	42	4
54	43	4
54	44	3
54	45	2
54	47	4
54	48	2
54	49	7
54	50	1
54	51	3
54	52	6
54	53	4
55	0	1
55	2	2
55	3	3
55	4	5
55	5	2
55	6	5
55	7	1
55	8	3
55	9	5
55	10	6
55	11	2
55	12	2
55	13	1
55	14	4
55	15	3
55	16	1
55	17	2
55	18	3
55	19	4
55	20	5
55	21	3
55	22	5
55	23	6
55	24	3
55	25	5
55	26	3
55	27	4
55	28	6
55	29	2
55	30	1
55	31	5
55	32	3
55	33	2
55	34	3
55	35	5
55	36	3
55	37	3
55	38	7
55	39	3
55	40	2
55	41	3
55	42	4
55	43	3
55	44	3
55	45	1
55	46	7
55	47	4
55	48	2
55	49	9
55	50	8
55	51	8
55	52	7
55	53	9
55	54	9
56	0	1
56	1	1
56	2	2
56	4	5
56	8	2
56	10	3
56	11	4
56	12	3
56	14	1
56	16	3
56	18	2
56	19	1
56	20	3
56	21	1
56	22	2
56	23	2
56	24	2
56	27	1
56	28	4
56	30	1
56	31	1
56	32	5
56	33	1
56	34	2
56	35	1
56	36	1
56	37	1
56	38	9
56	39	9
56	40	1
56	41	3
56	42	3
56	43	9
56	44	4
56	45	3
56	46	2
56	47	3
56	48	2
56	49	1
56	51	4
56	52	8
56	53	6
56	54	3
56	55	5
57	0	2
57	1	3
57	3	2
57	4	3
57	6	1
57	8	3
57	9	2
57	11	3
57	13	1
57	14	1
57	18	4
57	20	1
57	22	1
57	23	2
57	24	6
57	25	2
57	26	2
57	27	1
57	28	3
57	29	1
57	30	1
57	31	2
57	32	2
57	33	2
57	34	2
57	35	8
57	36	7
57	38	4
57	39	2
57	40	2
57	41	4
57	42	4
57	43	1
57	44	2
57	45	3
57	46	4
57	47	5
57	48	4
57	49	6
57	50	3
57	51	2
57	52	8
57	53	2
57	54	8
57	55	3
57	56	2
58	0	1
58	1	3
58	2	4
58	3	2
58	4	2
58	6	1
58	10	3
58	17	2
58	18	4
58	20	2
58	22	1
58	23	4
58	24	1
58	25	1
58	26	4
58	27	1
58	28	6
58	29	2
58	30	1
58	31	1
58	32	3
58	33	8
58	35	2
58	36	10
58	37	5
58	38	9
58	39	1
58	40	4
58	41	3
58	42	3
58	43	4
58	44	7
58	45	6
58	46	4
58	47	4
58	48	2
58	49	6
58	51	6
58	52	2
58	53	2
58	54	3
58	55	2
58	56	2
58	57	5
59	1	2
59	2	3
59	3	3
59	4	4
59	5	2
59	8	1
59	9	1
59	10	5
59	11	1
59	12	1
59	13	1
59	14	7
59	15	5
59	16	2
59	18	4
59	19	2
59	20	2
59	21	2
59	22	3
59	23	6
59	24	4
59	25	5
59	26	4
59	28	2
59	30	4
59	32	1
59	33	4
59	34	2
59	35	6
59	36	8
59	37	2
59	38	5
59	40	3
59	41	2
59	42	1
59	43	4
59	44	7
59	45	2
59	46	3
59	47	2
59	48	4
59	49	9
59	50	4
59	51	7
59	52	7
59	53	5
59	54	7
59	55	6
59	56	3
59	57	10
59	58	5
60	0	2
60	1	3
60	4	1
60	7	4
60	8	2
60	10	5
60	11	4
60	12	4
60	13	3
60	14	7
60	15	3
60	17	2
60	18	1
60	19	1
60	20	2
60	23	3
60	24	3
60	25	3
60	26	7
60	27	1
60	28	1
60	29	2
60	30	5
60	32	2
60	33	5
60	34	3
60	35	5
60	36	9
60	37	3
60	38	12
60	39	3
60	40	4
60	41	2
60	42	4
60	43	3
60	44	2
60	45	3
60	46	6
60	47	12
60	49	6
60	50	4
60	51	5
60	52	5
60	53	3
60	54	2
60	55	3
60	57	4
60	58	6
60	59	4
