1	0	3
2	0	2
2	1	4
3	0	1
3	1	3
3	2	4
4	0	1
4	1	3
4	2	6
4	3	9
5	0	2
5	1	1
5	2	7
5	3	3
5	4	2
6	1	3
6	2	2
6	3	2
6	4	5
6	5	6
7	0	1
7	1	4
7	2	4
7	4	5
7	5	1
7	6	6
8	0	5
8	1	5
8	2	3
8	3	6
8	4	3
8	5	3
8	6	5
8	7	10
9	0	2
9	1	5
9	2	6
9	3	2
9	4	3
9	5	3
9	6	4
9	7	10
9	8	8
10	0	5
10	1	2
10	2	3
10	3	2
10	4	2
10	5	5
10	6	5
10	7	7
10	8	5
10	9	9
11	0	2
11	1	3
11	2	1
11	3	1
11	4	3
11	5	5
11	6	6
11	7	3
11	8	5
11	9	6
11	10	8
12	1	9
12	2	6
12	3	6
12	4	5
12	5	4
12	6	8
12	7	2
12	8	8
12	9	6
12	10	7
12	11	3
13	0	4
13	1	7
13	2	6
13	3	1
13	4	2
13	5	5
13	6	3
13	7	7
13	8	11
13	9	8
13	10	8
13	11	6
13	12	12
14	0	2
14	1	7
14	2	6
14	3	3
14	4	8
14	5	4
14	6	3
14	7	1
14	8	7
14	9	7
14	10	3
14	11	2
14	12	10
14	13	9
15	0	6
15	1	5
15	2	9
15	3	6
15	4	3
15	5	3
15	6	2
15	7	5
15	8	9
15	9	1
15	10	4
15	11	2
15	12	8
15	13	7
15	14	9
16	0	1
16	1	1
16	2	6
16	3	3
16	4	2
16	5	6
16	6	2
16	7	1
16	8	2
16	10	1
16	11	1
16	12	4
16	14	3
16	15	5
17	0	3
17	2	5
17	3	1
17	4	3
17	5	3
17	6	3
17	7	7
17	8	4
17	9	2
17	10	3
17	11	2
17	12	4
17	13	5
17	14	5
17	15	9
17	16	7
18	0	1
18	1	1
18	2	2
18	3	1
18	4	4
18	5	5
18	6	4
18	7	3
18	8	6
18	9	6
18	10	7
18	11	5
18	12	4
18	13	5
18	14	5
18	15	1
18	16	1
18	17	3
19	0	2
19	1	5
19	2	2
19	3	6
19	4	3
19	5	1
19	6	4
19	7	4
19	8	7
19	9	3
19	10	6
19	11	1
19	12	7
19	13	3
19	14	3
19	15	6
19	16	3
19	17	3
19	18	3
20	0	2
20	1	4
20	2	4
20	3	4
20	4	6
20	5	5
20	6	2
20	7	2
20	8	1
20	9	1
20	11	3
20	12	8
20	13	3
20	14	6
20	15	3
20	16	1
20	17	4
20	18	5
20	19	4
21	0	2
21	1	1
21	2	7
21	3	3
21	4	9
21	5	9
21	6	4
21	7	3
21	8	5
21	9	5
21	12	9
21	13	4
21	14	7
21	15	7
21	16	5
21	17	4
21	18	7
21	19	2
21	20	5
22	1	3
22	2	5
22	3	2
22	4	8
22	5	9
22	6	2
22	7	1
22	8	2
22	9	2
22	10	3
22	11	1
22	12	3
22	13	4
22	14	5
22	15	5
22	16	5
22	17	4
22	18	7
22	19	6
22	20	4
22	21	8
23	0	1
23	1	1
23	2	1
23	3	4
23	4	2
23	7	2
23	8	1
23	10	2
23	11	5
23	12	4
23	13	2
23	14	3
23	15	4
23	17	2
23	18	5
23	19	3
23	20	6
23	21	1
23	22	1
24	0	2
24	1	9
24	2	3
24	3	4
24	4	5
24	5	2
24	6	1
24	8	1
24	9	2
24	10	3
24	11	4
24	12	4
24	13	3
24	14	4
24	15	6
24	17	1
24	18	4
24	19	6
24	20	6
24	21	2
24	22	4
24	23	9
25	0	3
25	1	12
25	2	4
25	4	3
25	5	5
25	6	4
25	7	1
25	8	6
25	9	6
25	10	1
25	11	6
25	12	1
25	13	6
25	14	4
25	15	3
25	16	1
25	17	1
25	18	2
25	19	1
25	20	3
25	21	1
25	23	7
25	24	3
26	0	2
26	1	1
26	2	3
26	4	3
26	5	3
26	7	1
26	8	4
26	10	2
26	11	2
26	12	3
26	13	1
26	14	3
26	15	1
26	18	3
26	19	1
26	20	4
26	22	2
26	23	3
26	24	4
26	25	2
27	1	2
27	2	1
27	5	1
27	6	1
27	7	4
27	8	2
27	9	2
27	10	2
27	11	5
27	12	2
27	13	2
27	14	6
27	15	4
27	17	2
27	18	1
27	19	4
27	22	3
27	24	6
27	25	6
27	26	4
28	0	3
28	1	4
28	2	4
28	3	4
28	4	3
28	5	7
28	6	2
28	7	2
28	8	2
28	9	3
28	10	6
28	11	4
28	12	5
28	13	5
28	14	3
28	15	2
28	16	3
28	17	2
28	18	8
28	19	3
28	20	7
28	21	3
28	22	5
28	23	2
28	24	8
28	25	3
28	26	1
28	27	2
29	0	2
29	1	2
29	2	2
29	10	4
29	12	1
29	13	5
29	16	1
29	18	1
29	19	3
29	20	1
29	23	1
29	24	4
29	25	3
29	27	2
29	28	1
30	1	3
30	3	2
30	7	1
30	8	1
30	9	1
30	10	5
30	11	1
30	12	3
30	14	3
30	17	2
30	20	2
30	22	2
30	24	2
30	25	2
30	26	4
30	27	2
30	28	1
30	29	3
31	4	3
31	8	1
31	9	1
31	10	3
31	11	2
31	14	1
31	15	2
31	19	1
31	21	1
31	23	1
31	24	2
31	25	2
31	26	1
31	27	2
31	28	1
31	29	7
31	30	9
32	0	1
32	1	1
32	4	1
32	8	1
32	9	3
32	10	5
32	11	1
32	12	2
32	13	1
32	15	1
32	16	3
32	17	3
32	20	2
32	22	1
32	24	2
32	25	3
32	26	3
32	27	2
32	28	1
32	29	2
32	30	3
32	31	4
33	1	1
33	4	2
33	5	2
33	8	1
33	9	3
33	11	2
33	12	3
33	14	5
33	17	2
33	18	1
33	19	1
33	21	2
33	22	1
33	23	1
33	24	2
33	25	3
33	26	4
33	27	5
33	28	1
33	29	6
33	30	3
33	31	6
33	32	8
34	1	1
34	2	2
34	4	2
34	5	1
34	6	2
34	8	2
34	9	4
34	10	3
34	11	4
34	12	3
34	13	5
34	14	3
34	15	6
34	16	1
34	18	1
34	19	1
34	20	4
34	21	1
34	22	1
34	23	3
34	24	1
34	25	3
34	26	2
34	27	5
34	30	7
34	32	6
34	33	8
35	1	1
35	2	1
35	3	5
35	4	4
35	5	1
35	6	2
35	8	4
35	9	3
35	10	4
35	11	7
35	12	6
35	13	1
35	14	4
35	17	2
35	18	4
35	20	4
35	21	1
35	22	3
35	23	2
35	24	4
35	25	6
35	26	3
35	27	4
35	28	1
35	29	2
35	30	5
35	31	5
35	32	5
35	33	6
35	34	13
36	1	3
36	3	2
36	4	1
36	6	1
36	7	1
36	11	1
36	12	3
36	13	1
36	16	1
36	18	2
36	23	2
36	24	2
36	25	2
36	26	5
36	27	2
36	28	4
36	29	1
36	30	3
36	32	2
36	33	2
36	34	6
36	35	14
37	1	4
37	2	1
37	3	1
37	4	3
37	5	1
37	6	2
37	8	4
37	9	2
37	10	3
37	11	1
37	12	4
37	13	3
37	14	3
37	15	4
37	18	3
37	19	1
37	20	3
37	21	1
37	24	2
37	25	4
37	26	4
37	27	5
37	28	3
37	29	5
37	30	1
37	31	8
37	32	8
37	33	9
37	34	5
37	35	8
37	36	4
38	0	2
38	1	2
38	2	2
38	3	3
38	4	1
38	7	1
38	8	5
38	9	1
38	10	1
38	11	4
38	12	5
38	13	2
38	14	3
38	15	3
38	17	5
38	18	2
38	19	2
38	20	3
38	21	5
38	22	4
38	23	3
38	24	4
38	25	2
38	27	3
38	28	5
38	29	2
38	30	3
38	31	5
38	32	4
38	33	6
38	34	4
38	35	6
38	36	4
38	37	5
39	1	2
39	2	1
39	4	3
39	5	5
39	6	2
39	7	1
39	9	2
39	10	6
39	11	2
39	12	2
39	13	6
39	14	2
39	15	1
39	18	3
39	19	4
39	20	5
39	21	1
39	22	2
39	23	3
39	25	6
39	26	4
39	28	10
39	29	4
39	30	5
39	31	1
39	33	1
39	34	5
39	36	3
39	37	5
39	38	12
40	0	1
40	1	6
40	3	2
40	4	4
40	5	4
40	6	2
40	7	2
40	8	8
40	9	3
40	10	1
40	11	7
40	12	2
40	13	1
40	14	1
40	15	3
40	17	2
40	18	1
40	19	5
40	20	2
40	23	4
40	24	4
40	25	3
40	26	2
40	27	2
40	28	4
40	31	4
40	32	4
40	33	4
40	34	7
40	35	6
40	36	2
40	37	4
40	38	5
40	39	6
41	1	1
41	4	3
41	5	2
41	7	2
41	8	2
41	9	2
41	11	2
41	12	1
41	13	1
41	14	1
41	15	1
41	16	2
41	18	4
41	20	2
41	22	1
41	24	2
41	25	2
41	26	2
41	27	1
41	28	4
41	29	4
41	30	2
41	31	2
41	32	6
41	33	5
41	34	5
41	35	4
41	36	2
41	37	4
41	38	4
41	39	2
41	40	5
42	0	3
42	1	1
42	2	1
42	3	2
42	4	2
42	6	2
42	8	1
42	9	1
42	10	4
42	11	4
42	12	3
42	13	1
42	14	3
42	15	1
42	17	2
42	18	3
42	19	1
42	20	3
42	24	3
42	25	4
42	28	5
42	29	1
42	30	6
42	32	1
42	33	5
42	34	2
42	35	4
42	36	3
42	37	3
42	38	7
42	39	12
42	40	8
42	41	7
43	0	1
43	1	1
43	2	1
43	3	2
43	4	4
43	5	3
43	7	1
43	10	3
43	11	4
43	12	2
43	13	1
43	14	4
43	15	1
43	16	1
43	17	1
43	18	1
43	20	1
43	21	1
43	23	2
43	24	3
43	26	1
43	27	4
43	28	6
43	29	5
43	30	9
43	31	10
43	32	3
43	33	3
43	34	9
43	35	5
43	36	1
43	37	3
43	38	8
43	39	7
43	40	5
43	41	9
43	42	6
44	4	4
44	5	4
44	7	2
44	8	2
44	10	1
44	11	1
44	12	2
44	19	3
44	20	3
44	23	2
44	25	2
44	26	3
44	27	4
44	28	5
44	29	3
44	30	2
44	31	4
44	32	1
44	33	2
44	34	1
44	35	4
44	36	1
44	37	1
44	38	8
44	39	6
44	40	4
44	41	3
44	42	2
44	43	10
45	0	1
45	3	3
45	5	3
45	6	1
45	10	4
45	11	1
45	20	1
45	22	1
45	23	2
45	24	2
45	25	3
45	26	3
45	27	4
45	28	5
45	29	1
45	30	3
45	31	10
45	32	2
45	33	1
45	34	3
45	35	3
45	36	2
45	37	2
45	38	7
45	39	4
45	40	4
45	41	1
45	42	3
45	43	8
45	44	6
46	1	2
46	3	3
46	4	3
46	10	1
46	11	3
46	13	1
46	14	1
46	15	3
46	18	1
46	19	1
46	22	2
46	23	3
46	24	4
46	25	3
46	26	4
46	27	5
46	28	3
46	29	8
46	30	2
46	31	6
46	32	1
46	33	3
46	34	7
46	35	13
46	36	2
46	37	5
46	38	10
46	39	5
46	40	6
46	41	7
46	42	1
46	43	4
46	44	7
46	45	4
47	0	2
47	1	2
47	2	1
47	3	2
47	9	3
47	10	2
47	11	1
47	12	1
47	13	2
47	15	3
47	16	1
47	18	3
47	20	3
47	23	3
47	24	5
47	25	4
47	26	6
47	27	3
47	28	2
47	29	2
47	30	2
47	31	2
47	32	2
47	33	5
47	35	7
47	36	6
47	37	5
47	38	7
47	39	3
47	40	3
47	41	4
47	42	2
47	43	1
47	44	3
47	45	4
47	46	15
48	1	5
48	3	1
48	5	2
48	6	1
48	7	3
48	9	3
48	10	3
48	11	11
48	12	7
48	13	3
48	14	5
48	15	3
48	16	1
48	18	2
48	19	1
48	20	1
48	21	2
48	23	1
48	24	5
48	25	7
48	26	2
48	27	5
48	28	1
48	30	2
48	32	3
48	33	3
48	34	9
48	35	3
48	36	5
48	37	2
48	38	6
48	39	1
48	40	1
48	41	3
48	42	1
48	43	1
48	44	2
48	46	2
48	47	2
49	0	2
49	1	4
49	2	1
49	3	5
49	4	6
49	5	1
49	6	2
49	7	1
49	8	2
49	9	3
49	10	2
49	11	4
49	12	4
49	13	1
49	14	4
49	15	6
49	16	2
49	18	3
49	19	7
49	20	4
49	21	1
49	23	2
49	24	9
49	25	2
49	26	3
49	27	2
49	28	5
49	29	2
49	30	3
49	31	7
49	32	5
49	33	3
49	34	11
49	35	3
49	36	7
49	37	3
49	38	5
49	39	9
49	40	4
49	41	3
49	42	2
49	43	3
49	44	8
49	45	5
49	46	1
49	47	5
49	48	7
50	1	2
50	2	1
50	3	3
50	7	2
50	8	2
50	9	2
50	10	4
50	11	2
50	14	2
50	19	2
50	20	3
50	23	1
50	24	11
50	25	4
50	26	4
50	27	4
50	28	3
50	29	1
50	30	2
50	31	3
50	32	5
50	34	10
50	35	4
50	36	1
50	37	2
50	38	3
50	39	2
50	41	1
50	42	3
50	43	5
50	45	2
50	46	4
50	47	2
50	48	3
50	49	12
51	1	1
51	3	7
51	4	5
51	5	1
51	6	2
51	7	3
51	8	1
51	9	2
51	10	5
51	11	2
51	12	4
51	14	4
51	15	4
51	18	1
51	19	2
51	20	3
51	21	1
51	22	2
51	23	3
51	24	3
51	25	2
51	26	1
51	27	2
51	28	4
51	29	4
51	30	1
51	31	2
51	32	4
51	33	6
51	34	7
51	35	9
51	36	6
51	37	4
51	38	16
51	39	4
51	40	5
51	41	4
51	42	7
51	43	5
51	44	8
51	45	3
51	46	1
51	47	3
51	48	6
51	49	17
51	50	3
52	1	3
52	3	2
52	4	5
52	5	3
52	7	3
52	8	2
52	9	1
52	10	2
52	11	2
52	12	4
52	13	1
52	14	2
52	15	3
52	16	4
52	17	3
52	18	3
52	19	3
52	20	3
52	21	1
52	22	3
52	23	4
52	24	3
52	25	5
52	26	1
52	28	2
52	29	2
52	30	1
52	31	3
52	32	3
52	33	5
52	34	4
52	35	2
52	36	4
52	38	9
52	39	3
52	40	4
52	41	6
52	42	3
52	43	2
52	44	4
52	45	5
52	46	1
52	48	2
52	49	5
52	50	6
52	51	9
53	1	1
53	2	1
53	4	5
53	5	2
53	6	4
53	9	5
53	10	3
53	11	2
53	13	3
53	14	5
53	16	2
53	17	2
53	18	5
53	19	3
53	20	7
53	21	1
53	22	2
53	24	3
53	25	5
53	26	4
53	27	3
53	28	6
53	29	2
53	30	5
53	31	5
53	32	2
53	33	6
53	34	3
53	35	3
53	36	3
53	37	6
53	38	17
53	39	3
53	40	4
53	41	8
53	42	7
53	43	3
53	44	2
53	45	3
53	46	2
53	47	1
53	48	4
53	49	8
53	50	2
53	51	12
53	52	10
54	0	2
54	1	2
54	2	1
54	3	1
54	4	1
54	5	1
54	8	4
54	9	2
54	11	1
54	12	1
54	13	1
54	14	2
54	15	4
54	16	1
54	17	2
54	18	3
54	19	7
54	20	2
54	21	1
54	22	5
54	23	4
54	24	4
54	25	1
54	27	3
54	28	5
54	29	1
54	30	2
54	31	2
54	33	1
54	34	3
54	35	2
54	36	5
54	37	1
54	38	5
54	39	3
54	40	5
54	41	4
54	42	2
54	43	1
54	44	2
54	47	5
54	48	3
54	49	5
54	50	3
54	51	2
54	52	8
54	53	7
55	1	3
55	2	1
55	3	2
55	4	3
55	5	4
55	6	3
55	7	2
55	8	4
55	9	2
55	10	4
55	11	3
55	12	3
55	13	2
55	14	5
55	15	2
55	16	1
55	17	1
55	18	9
55	19	2
55	20	5
55	21	3
55	24	6
55	25	3
55	26	5
55	28	15
55	29	1
55	30	2
55	31	1
55	33	2
55	34	5
55	35	7
55	36	3
55	37	5
55	38	10
55	39	5
55	40	3
55	41	2
55	42	2
55	43	1
55	44	4
55	45	3
55	46	4
55	48	4
55	49	3
55	50	5
55	51	3
55	52	5
55	53	9
55	54	9
56	1	2
56	2	3
56	3	1
56	4	2
56	8	2
56	9	2
56	10	2
56	12	2
56	13	2
56	14	2
56	15	1
56	17	2
56	18	4
56	19	1
56	20	2
56	22	1
56	23	3
56	24	3
56	25	3
56	26	2
56	27	1
56	28	2
56	30	4
56	31	1
56	32	2
56	34	2
56	35	5
56	36	2
56	37	2
56	38	11
56	39	10
56	40	1
56	41	2
56	42	3
56	43	3
56	44	3
56	45	2
56	46	8
56	47	2
56	49	4
56	50	2
56	51	3
56	52	5
56	53	7
56	54	5
56	55	7
57	1	4
57	2	3
57	3	3
57	4	3
57	6	1
57	9	2
57	10	2
57	11	2
57	12	2
57	13	3
57	14	4
57	15	2
57	18	1
57	19	2
57	20	5
57	22	1
57	23	2
57	24	2
57	25	1
57	26	2
57	27	4
57	28	1
57	29	1
57	30	3
57	31	4
57	32	4
57	33	2
57	34	1
57	35	6
57	36	4
57	38	6
57	39	2
57	40	2
57	41	1
57	42	4
57	43	1
57	44	4
57	45	3
57	46	5
57	47	2
57	48	4
57	49	3
57	50	6
57	51	5
57	52	8
57	53	3
57	54	7
57	55	9
57	56	5
58	0	1
58	2	3
58	3	1
58	4	1
58	6	2
58	7	1
58	9	2
58	10	2
58	11	1
58	14	4
58	18	1
58	22	3
58	23	4
58	24	2
58	25	1
58	26	1
58	27	3
58	28	1
58	29	1
58	30	3
58	31	1
58	32	2
58	33	1
58	34	1
58	35	4
58	36	1
58	37	2
58	38	7
58	39	3
58	40	2
58	41	4
58	42	3
58	43	6
58	44	4
58	45	6
58	46	2
58	47	7
58	48	2
58	49	8
58	50	3
58	51	6
58	52	3
58	53	5
58	54	5
58	55	2
58	56	5
58	57	9
59	1	1
59	2	1
59	3	5
59	4	3
59	5	4
59	6	3
59	8	1
59	9	2
59	10	3
59	11	5
59	12	1
59	13	3
59	14	8
59	15	2
59	16	1
59	17	3
59	19	5
59	20	5
59	21	4
59	22	2
59	23	10
59	24	2
59	25	7
59	26	6
59	28	7
59	29	3
59	30	1
59	31	6
59	32	2
59	33	6
59	34	7
59	35	2
59	36	2
59	37	4
59	38	8
59	39	7
59	40	2
59	41	1
59	42	4
59	43	1
59	44	3
59	45	4
59	46	4
59	47	2
59	48	4
59	49	4
59	50	3
59	51	5
59	52	12
59	53	3
59	54	9
59	55	3
59	56	3
59	57	12
59	58	1
60	0	3
60	2	3
60	4	3
60	7	5
60	8	1
60	10	2
60	11	3
60	14	3
60	15	1
60	18	4
60	19	3
60	23	1
60	24	1
60	25	4
60	26	1
60	27	3
60	29	2
60	30	4
60	32	4
60	33	2
60	34	5
60	35	7
60	36	3
60	38	1
60	39	3
60	40	4
60	41	3
60	42	3
60	43	2
60	44	2
60	45	1
60	46	5
60	47	7
60	48	6
60	49	3
60	50	2
60	51	4
60	52	2
60	53	1
60	54	1
60	55	1
60	56	5
60	57	7
60	58	3
60	59	7
