1	0	7
2	0	3
2	1	2
3	0	1
3	1	2
3	2	6
4	1	4
4	2	3
4	3	13
5	0	1
5	1	2
5	2	1
5	3	1
5	4	6
6	0	5
6	1	3
6	2	3
6	3	1
6	4	3
6	5	4
7	0	1
7	1	3
7	2	3
7	3	2
7	4	2
7	5	2
7	6	3
8	0	4
8	1	8
8	2	4
8	3	2
8	4	5
8	5	2
8	6	8
8	7	10
9	0	3
9	1	1
9	3	2
9	4	3
9	5	5
9	6	6
9	7	7
9	8	7
10	0	3
10	1	3
10	2	3
10	3	3
10	4	1
10	5	1
10	6	10
10	7	4
10	8	8
10	9	6
11	0	5
11	1	8
11	2	2
11	3	2
11	4	2
11	5	1
11	6	1
11	8	2
11	9	4
11	10	5
12	0	4
12	1	3
12	2	3
12	3	6
12	4	4
12	5	10
12	6	6
12	7	4
12	8	11
12	9	7
12	10	4
12	11	6
13	0	10
13	1	7
13	2	4
13	3	5
13	4	1
13	5	4
13	6	1
13	7	6
13	8	10
13	9	9
13	10	6
13	11	5
13	12	7
14	0	1
14	1	4
14	2	6
14	3	4
14	4	5
14	5	7
14	6	5
14	7	4
14	8	2
14	9	4
14	10	8
14	11	5
14	12	16
14	13	10
15	0	6
15	1	2
15	2	7
15	3	1
15	4	5
15	5	6
15	6	4
15	7	5
15	8	3
15	9	5
15	10	6
15	11	1
15	12	9
15	13	11
15	14	6
16	0	3
16	1	2
16	2	10
16	3	5
16	4	2
16	5	3
16	6	1
16	7	7
16	8	3
16	9	2
16	10	1
16	11	1
16	12	2
16	13	2
16	14	2
16	15	5
17	0	3
17	1	4
17	2	3
17	3	2
17	4	6
17	5	5
17	6	1
17	7	2
17	8	7
17	9	2
17	10	3
17	11	6
17	12	6
17	13	3
17	14	3
17	15	8
17	16	5
18	0	3
18	1	1
18	2	2
18	3	3
18	4	7
18	5	5
18	6	6
18	7	5
18	8	3
18	9	6
18	10	7
18	11	7
18	13	5
18	14	6
18	15	4
18	16	1
18	17	2
19	0	2
19	1	9
19	2	3
19	3	8
19	4	14
19	5	3
19	6	2
19	7	1
19	8	2
19	9	2
19	10	3
19	11	2
19	12	4
19	13	1
19	14	3
19	15	4
19	16	10
19	17	2
19	18	2
20	0	1
20	1	2
20	2	5
20	3	2
20	4	4
20	5	8
20	6	2
20	7	3
20	8	6
20	9	1
20	10	2
20	11	3
20	12	6
20	13	5
20	14	9
20	15	2
20	16	1
20	17	1
20	18	10
20	19	4
21	0	2
21	1	2
21	2	11
21	3	1
21	4	8
21	5	4
21	6	5
21	7	2
21	8	6
21	9	2
21	10	2
21	11	1
21	12	2
21	13	2
21	14	3
21	15	9
21	16	5
21	17	7
21	18	2
21	19	2
21	20	5
22	1	2
22	2	4
22	3	2
22	4	6
22	5	4
22	6	4
22	7	4
22	8	4
22	9	1
22	10	2
22	11	1
22	12	2
22	13	3
22	14	1
22	15	2
22	16	2
22	17	3
22	18	6
22	19	4
22	20	6
22	21	5
23	0	3
23	1	3
23	2	2
23	3	4
23	4	4
23	5	4
23	7	3
23	8	1
23	9	1
23	10	2
23	11	3
23	12	6
23	13	4
23	14	4
23	15	4
23	17	1
23	18	6
23	19	4
23	20	2
23	21	1
23	22	1
24	0	4
24	1	5
24	2	4
24	3	2
24	4	3
24	5	1
24	6	2
24	7	1
24	8	1
24	9	1
24	10	8
24	11	2
24	12	6
24	13	3
24	14	8
24	15	4
24	16	2
24	17	2
24	18	6
24	19	1
24	20	7
24	21	2
24	22	3
24	23	3
25	0	5
25	1	4
25	2	4
25	3	1
25	4	1
25	5	5
25	6	3
25	7	6
25	8	3
25	9	7
25	10	5
25	11	8
25	12	5
25	13	6
25	14	5
25	15	3
25	16	1
25	18	2
25	19	3
25	21	1
25	22	4
25	24	4
26	0	2
26	1	1
26	2	1
26	4	2
26	7	1
26	8	2
26	10	2
26	11	4
26	12	4
26	13	2
26	14	1
26	18	3
26	19	2
26	20	2
26	22	2
26	23	2
26	24	2
26	25	3
27	1	3
27	2	2
27	3	2
27	4	5
27	5	1
27	7	2
27	8	3
27	9	5
27	10	3
27	11	4
27	12	1
27	13	1
27	14	1
27	15	3
27	17	2
27	18	2
27	19	3
27	22	2
27	23	1
27	24	4
27	25	1
27	26	6
28	0	4
28	2	3
28	3	3
28	4	10
28	5	4
28	6	3
28	7	2
28	8	3
28	9	5
28	10	5
28	11	4
28	12	2
28	13	2
28	14	3
28	15	6
28	16	2
28	17	1
28	18	3
28	19	6
28	20	5
28	21	5
28	22	8
28	23	2
28	24	3
28	25	1
28	26	2
28	27	6
29	0	3
29	1	3
29	4	1
29	5	2
29	7	1
29	10	1
29	12	1
29	18	1
29	19	1
29	23	1
29	24	2
29	25	2
29	26	2
29	27	2
30	1	2
30	3	1
30	5	4
30	9	3
30	10	2
30	11	3
30	12	1
30	13	3
30	14	2
30	17	1
30	18	1
30	20	4
30	22	1
30	24	2
30	25	2
30	26	3
30	27	3
30	28	3
30	29	5
31	4	1
31	5	1
31	9	1
31	10	2
31	11	1
31	14	5
31	19	2
31	24	1
31	25	3
31	26	2
31	27	5
31	28	2
31	29	7
31	30	8
32	1	2
32	2	5
32	8	2
32	10	2
32	11	1
32	13	2
32	14	1
32	16	2
32	18	2
32	20	1
32	22	2
32	23	1
32	24	3
32	25	2
32	26	3
32	27	2
32	29	4
32	30	2
32	31	10
33	3	1
33	4	3
33	5	3
33	8	1
33	9	1
33	10	3
33	11	5
33	13	3
33	15	1
33	18	4
33	19	1
33	23	1
33	24	2
33	25	5
33	26	2
33	27	3
33	28	1
33	29	6
33	30	4
33	31	3
33	32	6
34	1	2
34	2	3
34	3	2
34	5	4
34	6	1
34	8	3
34	9	3
34	10	3
34	12	3
34	13	2
34	14	2
34	15	1
34	17	1
34	18	1
34	19	2
34	20	4
34	21	3
34	22	2
34	23	2
34	24	5
34	25	9
34	26	1
34	27	5
34	28	3
34	29	3
34	30	2
34	31	8
34	32	6
34	33	6
35	0	3
35	2	1
35	3	5
35	4	2
35	5	4
35	6	1
35	8	1
35	9	2
35	10	6
35	11	3
35	13	2
35	14	2
35	15	1
35	16	1
35	18	3
35	19	2
35	20	1
35	22	2
35	23	2
35	24	3
35	25	3
35	26	8
35	27	2
35	28	1
35	29	7
35	30	11
35	31	6
35	32	7
35	33	10
35	34	5
36	0	1
36	1	4
36	2	1
36	3	3
36	4	3
36	7	1
36	10	3
36	12	2
36	14	3
36	15	1
36	16	1
36	18	1
36	22	2
36	24	3
36	25	2
36	26	2
36	27	3
36	28	1
36	30	1
36	31	1
36	32	4
36	33	2
36	34	8
36	35	5
37	0	1
37	1	3
37	2	3
37	3	1
37	4	1
37	5	1
37	6	5
37	7	1
37	8	1
37	10	3
37	11	2
37	12	1
37	14	2
37	15	1
37	18	2
37	19	3
37	20	4
37	21	2
37	24	3
37	25	3
37	26	2
37	27	1
37	28	5
37	29	4
37	30	4
37	31	12
37	32	16
37	33	2
37	34	3
37	35	14
37	36	3
38	0	2
38	1	3
38	2	7
38	3	4
38	4	3
38	5	5
38	6	3
38	7	1
38	8	1
38	10	3
38	11	6
38	12	4
38	13	1
38	14	3
38	15	5
38	16	1
38	17	2
38	18	3
38	19	3
38	20	4
38	21	3
38	23	1
38	24	2
38	25	8
38	26	2
38	27	2
38	28	4
38	29	4
38	30	8
38	31	6
38	32	4
38	33	4
38	34	3
38	35	5
38	36	3
38	37	9
39	0	2
39	1	3
39	2	1
39	3	2
39	4	2
39	6	1
39	8	3
39	9	1
39	11	2
39	12	3
39	13	2
39	14	1
39	15	2
39	16	3
39	18	3
39	19	2
39	20	3
39	21	3
39	22	1
39	23	1
39	24	4
39	25	2
39	27	2
39	28	11
39	29	3
39	30	2
39	31	3
39	33	5
39	34	3
39	35	1
39	36	2
39	37	4
39	38	6
40	0	2
40	1	2
40	2	2
40	3	3
40	4	2
40	5	2
40	6	5
40	7	1
40	8	3
40	9	2
40	10	7
40	11	2
40	12	3
40	13	2
40	14	3
40	15	5
40	16	2
40	17	2
40	18	3
40	19	2
40	20	3
40	21	1
40	22	1
40	23	3
40	24	7
40	25	4
40	27	4
40	28	4
40	29	3
40	30	2
40	31	4
40	32	7
40	33	4
40	34	10
40	35	3
40	36	3
40	37	3
40	38	8
40	39	2
41	1	2
41	4	2
41	5	2
41	6	1
41	8	2
41	9	1
41	10	5
41	11	3
41	12	4
41	13	1
41	14	1
41	15	2
41	16	2
41	18	1
41	20	2
41	22	2
41	24	2
41	25	1
41	26	1
41	27	2
41	28	3
41	30	6
41	31	4
41	32	7
41	33	2
41	34	2
41	35	3
41	36	4
41	37	6
41	38	2
41	39	5
41	40	6
42	1	3
42	2	1
42	4	2
42	5	2
42	6	1
42	9	3
42	10	2
42	11	2
42	12	3
42	13	1
42	15	4
42	18	1
42	19	1
42	20	2
42	24	3
42	25	3
42	26	2
42	28	7
42	29	2
42	30	3
42	31	1
42	32	3
42	33	4
42	34	3
42	35	3
42	36	4
42	37	3
42	38	4
42	39	8
42	40	3
42	41	10
43	0	1
43	1	3
43	2	1
43	3	2
43	4	3
43	5	2
43	8	2
43	9	2
43	10	3
43	11	1
43	12	3
43	13	4
43	14	2
43	15	3
43	17	1
43	18	1
43	21	3
43	22	3
43	25	1
43	26	4
43	28	1
43	29	4
43	30	2
43	31	5
43	32	2
43	33	3
43	34	2
43	35	3
43	36	4
43	37	8
43	38	7
43	39	5
43	40	2
43	41	7
43	42	7
44	4	1
44	5	1
44	7	1
44	8	2
44	9	2
44	10	1
44	11	4
44	18	1
44	20	1
44	21	1
44	24	3
44	25	1
44	26	1
44	27	2
44	28	3
44	30	2
44	31	2
44	32	4
44	33	2
44	34	4
44	35	3
44	36	1
44	37	2
44	38	9
44	39	6
44	40	3
44	41	6
44	42	3
44	43	6
45	0	1
45	5	4
45	9	1
45	10	3
45	11	3
45	15	1
45	19	2
45	20	4
45	22	1
45	23	1
45	24	3
45	25	2
45	27	2
45	28	1
45	30	2
45	32	2
45	34	3
45	35	9
45	36	5
45	37	2
45	38	14
45	39	3
45	41	8
45	42	8
45	43	10
45	44	5
46	1	1
46	2	2
46	3	2
46	4	1
46	10	1
46	11	4
46	14	3
46	15	1
46	19	1
46	24	2
46	25	2
46	26	2
46	27	1
46	28	2
46	29	6
46	30	7
46	31	9
46	32	3
46	33	2
46	34	4
46	35	3
46	36	2
46	37	4
46	38	12
46	39	2
46	40	4
46	41	5
46	42	5
46	43	6
46	44	3
46	45	5
47	3	2
47	4	1
47	9	3
47	10	4
47	13	2
47	15	2
47	17	1
47	18	2
47	20	1
47	21	1
47	23	3
47	24	2
47	25	2
47	26	4
47	27	2
47	28	1
47	29	7
47	30	3
47	31	4
47	32	1
47	33	5
47	34	4
47	35	9
47	36	2
47	37	3
47	38	4
47	40	2
47	41	2
47	42	2
47	43	5
47	44	4
47	45	5
47	46	4
48	1	2
48	2	4
48	3	3
48	4	1
48	5	2
48	6	1
48	8	3
48	9	7
48	10	6
48	11	4
48	12	1
48	13	3
48	14	4
48	15	4
48	16	1
48	18	3
48	19	3
48	20	3
48	22	5
48	23	1
48	24	5
48	25	6
48	26	1
48	27	3
48	28	4
48	29	1
48	30	3
48	31	5
48	32	1
48	33	3
48	34	4
48	35	4
48	36	2
48	37	5
48	38	4
48	39	3
48	40	7
48	41	3
48	42	5
48	43	1
48	44	4
48	46	2
48	47	4
49	0	2
49	1	2
49	2	3
49	3	2
49	4	2
49	6	3
49	7	2
49	8	1
49	9	3
49	10	5
49	11	1
49	12	4
49	13	5
49	14	8
49	15	2
49	16	2
49	18	5
49	19	2
49	20	3
49	21	1
49	22	2
49	23	3
49	24	3
49	25	2
49	26	8
49	27	5
49	28	2
49	29	1
49	30	5
49	31	3
49	32	2
49	33	7
49	34	4
49	35	1
49	36	6
49	37	4
49	38	8
49	39	3
49	40	4
49	41	2
49	42	3
49	43	3
49	44	3
49	45	3
49	46	6
49	47	2
49	48	6
50	0	1
50	1	4
50	2	1
50	8	1
50	9	2
50	10	3
50	11	5
50	12	1
50	13	1
50	14	2
50	15	3
50	19	2
50	23	1
50	24	2
50	25	3
50	26	1
50	27	5
50	28	3
50	29	2
50	30	3
50	31	3
50	32	1
50	33	2
50	34	5
50	35	6
50	36	3
50	37	2
50	38	5
50	39	2
50	40	1
50	41	2
50	42	4
50	43	2
50	45	2
50	46	3
50	47	5
50	48	4
50	49	7
51	1	4
51	2	2
51	3	1
51	4	6
51	5	5
51	6	1
51	7	1
51	8	2
51	9	3
51	10	2
51	11	4
51	12	2
51	14	3
51	18	3
51	19	1
51	21	2
51	22	1
51	23	1
51	24	8
51	25	2
51	26	3
51	27	4
51	28	6
51	29	2
51	30	3
51	31	1
51	32	6
51	33	2
51	34	6
51	35	3
51	36	8
51	37	4
51	38	12
51	39	5
51	40	6
51	41	2
51	42	7
51	43	2
51	44	2
51	45	1
51	46	1
51	47	3
51	48	5
51	49	12
51	50	2
52	1	2
52	4	3
52	5	2
52	7	2
52	8	3
52	9	2
52	10	1
52	11	5
52	12	1
52	14	1
52	16	1
52	18	1
52	19	3
52	20	5
52	21	4
52	22	2
52	23	3
52	24	3
52	25	2
52	26	1
52	27	2
52	28	3
52	30	2
52	31	2
52	32	1
52	33	4
52	34	3
52	35	4
52	36	1
52	37	3
52	38	9
52	39	2
52	40	9
52	41	2
52	42	6
52	43	5
52	44	6
52	45	4
52	46	1
52	47	2
52	48	4
52	49	7
52	50	1
52	51	1
53	1	1
53	2	2
53	3	2
53	4	2
53	5	5
53	6	3
53	7	3
53	8	4
53	9	2
53	10	4
53	11	6
53	12	4
53	13	7
53	14	4
53	15	3
53	17	1
53	18	7
53	19	1
53	20	2
53	21	3
53	23	3
53	24	4
53	25	3
53	26	3
53	27	2
53	28	5
53	29	1
53	30	1
53	31	3
53	32	6
53	33	2
53	34	3
53	35	4
53	36	4
53	37	5
53	38	16
53	39	6
53	40	7
53	41	6
53	42	7
53	43	3
53	44	4
53	45	6
53	46	3
53	47	2
53	48	4
53	49	11
53	50	2
53	51	6
53	52	5
54	0	2
54	1	5
54	3	3
54	4	3
54	8	2
54	9	2
54	10	2
54	11	3
54	12	2
54	13	3
54	14	2
54	15	3
54	16	1
54	18	1
54	19	2
54	20	3
54	21	3
54	22	6
54	23	3
54	24	3
54	25	1
54	26	3
54	27	1
54	28	8
54	29	2
54	30	1
54	31	1
54	32	2
54	33	1
54	34	2
54	35	2
54	37	3
54	38	3
54	39	2
54	40	1
54	41	4
54	42	2
54	43	3
54	44	2
54	45	1
54	46	2
54	47	3
54	48	2
54	49	3
54	50	5
54	51	4
54	52	10
54	53	2
55	0	2
55	1	1
55	2	5
55	3	3
55	4	2
55	5	5
55	6	1
55	7	2
55	8	6
55	10	4
55	11	2
55	12	4
55	13	1
55	14	3
55	15	5
55	16	3
55	17	4
55	18	1
55	19	2
55	20	3
55	21	2
55	22	3
55	23	4
55	24	5
55	25	1
55	26	1
55	27	5
55	28	9
55	29	4
55	30	2
55	31	1
55	32	2
55	33	4
55	34	4
55	35	1
55	36	6
55	37	1
55	38	5
55	39	7
55	40	5
55	41	7
55	42	5
55	43	4
55	44	3
55	45	2
55	46	2
55	47	2
55	48	4
55	49	5
55	50	3
55	51	5
55	52	11
55	53	11
55	54	6
56	1	1
56	2	2
56	3	2
56	4	3
56	5	2
56	8	4
56	9	2
56	10	2
56	12	2
56	14	1
56	15	3
56	18	1
56	20	2
56	22	4
56	23	2
56	24	6
56	25	1
56	26	1
56	27	3
56	28	6
56	30	3
56	31	2
56	32	1
56	33	3
56	34	2
56	35	5
56	36	4
56	37	5
56	38	10
56	39	9
56	40	5
56	41	1
56	42	2
56	43	4
56	44	6
56	45	3
56	46	2
56	47	1
56	49	7
56	50	3
56	51	2
56	52	5
56	53	2
56	54	4
56	55	6
57	0	3
57	1	2
57	2	2
57	3	1
57	4	2
57	8	3
57	9	1
57	10	5
57	11	1
57	12	2
57	13	4
57	15	2
57	16	2
57	18	3
57	19	1
57	20	3
57	22	2
57	23	3
57	25	4
57	26	3
57	27	1
57	28	5
57	29	1
57	30	3
57	31	2
57	32	2
57	33	1
57	34	4
57	35	4
57	36	8
57	37	1
57	38	8
57	39	2
57	40	6
57	41	1
57	42	1
57	43	2
57	44	5
57	45	1
57	46	4
57	47	2
57	48	6
57	49	8
57	50	5
57	51	2
57	52	7
57	53	4
57	54	7
57	55	3
57	56	6
58	1	1
58	2	1
58	3	1
58	6	1
58	7	3
58	10	2
58	16	2
58	17	1
58	18	4
58	20	1
58	22	2
58	23	3
58	24	2
58	25	2
58	26	3
58	27	1
58	28	3
58	29	2
58	30	4
58	31	1
58	32	5
58	33	3
58	34	4
58	35	4
58	36	4
58	37	5
58	38	5
58	39	2
58	40	4
58	41	3
58	42	2
58	43	3
58	44	6
58	45	4
58	46	7
58	47	3
58	48	1
58	49	7
58	50	2
58	51	2
58	52	6
58	53	1
58	54	1
58	55	5
58	56	4
58	57	5
59	1	4
59	2	6
59	3	7
59	4	3
59	5	3
59	6	1
59	8	4
59	9	1
59	10	4
59	12	1
59	13	2
59	14	3
59	15	3
59	16	2
59	17	2
59	18	2
59	19	4
59	20	5
59	21	2
59	22	2
59	23	2
59	24	9
59	25	5
59	26	4
59	27	8
59	28	4
59	31	1
59	32	4
59	33	1
59	34	2
59	35	1
59	36	1
59	37	7
59	38	5
59	39	6
59	40	3
59	41	3
59	42	2
59	43	5
59	44	7
59	45	2
59	46	2
59	47	2
59	48	5
59	49	10
59	50	2
59	51	6
59	52	10
59	53	2
59	54	7
59	55	4
59	56	4
59	57	10
59	58	4
60	0	2
60	1	2
60	2	1
60	3	2
60	4	2
60	7	1
60	10	3
60	12	3
60	13	2
60	14	1
60	15	1
60	17	4
60	19	2
60	20	2
60	23	5
60	24	1
60	25	3
60	26	3
60	27	4
60	28	5
60	29	2
60	30	3
60	31	2
60	32	3
60	33	2
60	34	2
60	35	6
60	36	6
60	37	3
60	38	8
60	39	5
60	40	3
60	41	2
60	42	1
60	43	2
60	44	3
60	45	4
60	46	5
60	47	4
60	48	2
60	49	6
60	50	2
60	51	1
60	52	3
60	53	3
60	54	4
60	55	3
60	56	1
60	57	11
60	58	8
60	59	5
