1	0	4
2	0	3
2	1	3
3	0	1
3	1	1
3	2	2
4	0	3
4	1	3
4	2	9
4	3	11
5	0	2
5	1	2
5	2	5
5	3	1
5	4	4
6	0	3
6	1	4
6	2	2
6	3	2
6	4	5
6	5	6
7	0	2
7	1	3
7	2	2
7	3	2
7	4	3
7	5	3
7	6	3
8	0	6
8	1	5
8	2	3
8	4	4
8	5	4
8	6	9
8	7	15
9	0	3
9	1	6
9	3	3
9	4	4
9	5	3
9	6	5
9	7	6
9	8	8
10	1	7
10	2	1
10	3	5
10	4	3
10	5	5
10	6	7
10	7	3
10	8	7
10	9	14
11	0	3
11	1	3
11	2	3
11	3	1
11	4	4
11	5	5
11	6	4
11	7	3
11	8	6
11	9	6
11	10	4
12	0	5
12	1	3
12	2	7
12	3	3
12	4	4
12	5	4
12	6	11
12	7	5
12	8	12
12	9	6
12	10	5
12	11	2
13	0	4
13	1	5
13	2	4
13	3	1
13	4	7
13	5	4
13	6	7
13	7	2
13	8	7
13	9	12
13	10	4
13	11	7
13	12	16
14	0	2
14	1	6
14	2	4
14	3	5
14	4	1
14	5	3
14	6	8
14	7	3
14	8	4
14	9	5
14	10	4
14	11	6
14	12	12
14	13	7
15	0	5
15	1	8
15	2	8
15	3	4
15	4	6
15	5	3
15	7	5
15	8	6
15	9	8
15	10	4
15	11	8
15	12	6
15	13	8
15	14	10
16	0	2
16	2	5
16	3	5
16	4	4
16	5	4
16	6	1
16	7	4
16	8	6
16	9	3
16	11	2
16	12	4
16	13	3
16	14	1
16	15	1
17	0	1
17	1	1
17	2	5
17	3	3
17	4	4
17	5	3
17	6	2
17	8	8
17	9	5
17	10	8
17	11	5
17	12	3
17	13	5
17	14	5
17	15	4
17	16	7
18	0	4
18	1	2
18	2	3
18	3	1
18	4	4
18	5	3
18	6	5
18	7	3
18	8	2
18	9	3
18	10	5
18	11	4
18	12	6
18	13	5
18	14	6
18	15	7
18	16	1
18	17	3
19	0	4
19	1	3
19	2	6
19	3	5
19	4	6
19	5	4
19	6	2
19	7	2
19	8	2
19	9	1
19	10	4
19	11	2
19	12	3
19	14	5
19	15	4
19	16	3
19	17	2
19	18	3
20	0	3
20	1	2
20	2	9
20	3	4
20	4	10
20	5	2
20	6	3
20	7	1
20	8	1
20	9	4
20	10	2
20	11	4
20	12	2
20	13	3
20	14	6
20	15	5
20	16	3
20	17	3
20	18	7
20	19	4
21	0	2
21	2	10
21	3	1
21	4	3
21	5	7
21	6	9
21	7	3
21	8	4
21	9	3
21	10	4
21	11	3
21	12	10
21	13	2
21	14	5
21	15	6
21	16	3
21	17	1
21	18	1
21	19	1
21	20	3
22	1	4
22	2	4
22	3	4
22	4	5
22	5	6
22	6	3
22	7	2
22	8	6
22	9	4
22	10	3
22	11	2
22	12	5
22	13	1
22	14	4
22	15	1
22	16	5
22	17	1
22	18	3
22	19	2
22	20	7
22	21	5
23	1	6
23	2	3
23	3	3
23	4	3
23	8	2
23	10	2
23	12	2
23	13	2
23	14	4
23	15	2
23	18	4
23	19	3
23	20	4
23	21	2
23	22	1
24	0	2
24	1	4
24	2	1
24	3	2
24	4	5
24	5	3
24	6	3
24	7	1
24	8	1
24	9	3
24	10	7
24	11	6
24	12	1
24	13	4
24	14	7
24	15	7
24	17	2
24	18	7
24	19	5
24	20	4
24	21	3
24	22	4
24	23	8
25	0	5
25	1	11
25	3	3
25	4	4
25	5	3
25	6	4
25	7	1
25	8	7
25	9	4
25	10	8
25	11	3
25	12	8
25	13	4
25	14	4
25	15	1
25	17	1
25	18	8
25	19	1
25	20	2
25	21	2
25	22	1
25	23	4
25	24	2
26	1	3
26	4	2
26	5	1
26	7	1
26	8	1
26	11	1
26	12	2
26	14	1
26	15	1
26	17	2
26	18	2
26	20	1
26	23	1
26	24	6
26	25	2
27	0	1
27	1	4
27	3	2
27	4	2
27	6	2
27	7	3
27	8	1
27	10	1
27	11	3
27	12	1
27	13	5
27	14	1
27	15	3
27	17	3
27	18	1
27	19	2
27	24	4
27	25	2
27	26	5
28	0	1
28	1	5
28	3	1
28	4	4
28	5	5
28	6	2
28	7	3
28	8	6
28	9	9
28	10	4
28	11	2
28	12	2
28	13	3
28	14	2
28	15	6
28	17	1
28	18	7
28	19	6
28	20	5
28	21	5
28	22	10
28	24	6
28	25	4
28	26	2
28	27	3
29	1	1
29	2	2
29	7	2
29	8	2
29	10	2
29	14	2
29	18	3
29	19	1
29	23	1
29	25	1
29	27	4
30	1	4
30	3	1
30	5	2
30	7	3
30	8	2
30	10	1
30	13	4
30	14	3
30	17	1
30	18	1
30	19	2
30	20	2
30	22	1
30	24	2
30	25	3
30	26	3
30	27	4
30	28	1
30	29	3
31	4	2
31	5	2
31	8	3
31	9	1
31	11	1
31	14	2
31	15	1
31	19	1
31	21	1
31	22	3
31	23	1
31	24	2
31	25	1
31	26	2
31	27	3
31	28	2
31	29	7
31	30	5
32	1	2
32	2	1
32	4	2
32	8	1
32	9	1
32	10	2
32	11	4
32	12	2
32	13	2
32	14	2
32	16	1
32	18	1
32	22	2
32	23	2
32	24	2
32	25	1
32	26	3
32	27	1
32	29	6
32	30	7
32	31	6
33	0	1
33	1	5
33	2	2
33	3	2
33	5	1
33	9	2
33	10	3
33	12	1
33	13	4
33	14	1
33	17	1
33	18	2
33	22	1
33	23	2
33	24	1
33	25	6
33	26	3
33	27	4
33	28	3
33	29	5
33	30	7
33	31	4
33	32	6
34	1	3
34	2	2
34	4	5
34	6	4
34	8	2
34	9	3
34	10	2
34	11	5
34	12	3
34	13	4
34	14	1
34	15	6
34	17	1
34	18	1
34	19	1
34	20	4
34	22	2
34	23	2
34	24	2
34	25	8
34	26	1
34	27	4
34	28	3
34	29	2
34	30	4
34	31	1
34	32	1
34	33	7
35	0	2
35	1	5
35	2	2
35	3	4
35	4	1
35	5	1
35	6	4
35	8	4
35	9	4
35	10	1
35	11	4
35	12	3
35	13	4
35	14	6
35	15	1
35	16	2
35	17	1
35	18	3
35	20	1
35	21	2
35	22	1
35	23	3
35	24	4
35	25	2
35	26	7
35	27	2
35	28	3
35	29	4
35	30	2
35	31	6
35	32	8
35	33	4
35	34	9
36	1	3
36	2	1
36	3	1
36	4	1
36	6	1
36	7	2
36	8	5
36	10	4
36	11	3
36	12	1
36	13	2
36	14	1
36	15	1
36	16	3
36	18	2
36	24	3
36	25	3
36	26	3
36	27	2
36	28	1
36	29	3
36	30	1
36	31	4
36	32	2
36	33	3
36	34	1
36	35	13
37	1	2
37	2	1
37	4	5
37	6	2
37	7	3
37	8	4
37	9	1
37	10	3
37	11	3
37	12	2
37	13	2
37	14	1
37	15	4
37	19	2
37	21	1
37	24	2
37	25	4
37	26	3
37	27	2
37	28	1
37	29	6
37	30	4
37	31	6
37	32	4
37	33	3
37	34	3
37	35	9
38	1	3
38	2	3
38	3	2
38	4	1
38	5	4
38	6	2
38	8	2
38	9	4
38	10	4
38	11	3
38	12	3
38	13	2
38	14	6
38	15	3
38	17	1
38	18	4
38	19	3
38	20	4
38	21	3
38	23	4
38	24	4
38	25	2
38	26	3
38	27	5
38	28	8
38	29	2
38	30	5
38	31	5
38	32	5
38	33	6
38	34	3
38	35	6
38	36	5
38	37	13
39	2	2
39	3	3
39	5	2
39	6	1
39	7	2
39	8	2
39	9	3
39	10	8
39	11	2
39	12	2
39	13	6
39	16	3
39	18	1
39	19	3
39	20	3
39	21	2
39	22	3
39	24	4
39	25	3
39	26	1
39	27	1
39	28	8
39	29	1
39	30	6
39	31	1
39	32	3
39	33	2
39	34	1
39	35	3
39	36	3
39	37	3
39	38	11
40	0	2
40	1	3
40	2	1
40	3	3
40	5	3
40	6	1
40	7	3
40	8	3
40	9	5
40	10	7
40	11	6
40	12	6
40	13	3
40	14	1
40	15	1
40	16	2
40	17	2
40	18	3
40	19	5
40	20	1
40	21	2
40	22	1
40	23	1
40	24	4
40	25	3
40	26	3
40	27	1
40	28	1
40	29	3
40	30	1
40	31	2
40	32	3
40	33	3
40	34	6
40	35	7
40	36	2
40	37	6
40	38	8
40	39	3
41	1	1
41	4	2
41	5	5
41	6	2
41	7	1
41	8	4
41	9	2
41	10	2
41	11	5
41	12	2
41	13	5
41	14	3
41	16	2
41	18	3
41	22	3
41	24	1
41	27	2
41	28	6
41	29	5
41	30	6
41	31	6
41	32	2
41	33	2
41	34	4
41	35	3
41	36	1
41	37	7
41	38	9
41	39	4
41	40	9
42	1	2
42	3	2
42	4	2
42	5	1
42	6	1
42	8	3
42	9	1
42	10	2
42	11	2
42	12	2
42	13	2
42	14	1
42	15	1
42	18	2
42	20	1
42	23	1
42	24	1
42	25	3
42	26	2
42	27	2
42	28	3
42	29	1
42	30	2
42	31	2
42	32	4
42	33	1
42	34	4
42	35	2
42	36	3
42	37	6
42	38	5
42	39	7
42	40	4
42	41	7
43	1	2
43	2	1
43	3	1
43	4	2
43	5	4
43	8	1
43	9	2
43	10	3
43	11	2
43	13	1
43	14	2
43	15	2
43	18	4
43	20	2
43	21	1
43	22	3
43	23	1
43	24	3
43	26	1
43	28	4
43	29	4
43	30	5
43	31	4
43	32	1
43	33	1
43	34	3
43	35	2
43	36	4
43	37	9
43	38	8
43	39	2
43	40	3
43	41	13
43	42	5
44	3	3
44	4	2
44	5	3
44	7	4
44	10	3
44	11	2
44	12	1
44	18	2
44	19	1
44	20	1
44	21	1
44	23	1
44	25	1
44	27	2
44	28	7
44	29	2
44	30	1
44	31	2
44	32	1
44	33	4
44	35	4
44	36	2
44	37	2
44	38	7
44	39	7
44	40	4
44	41	9
44	42	4
44	43	5
45	3	3
45	5	2
45	6	2
45	9	1
45	10	1
45	11	1
45	15	1
45	19	1
45	20	1
45	24	3
45	25	1
45	26	2
45	28	2
45	29	2
45	30	4
45	31	4
45	32	4
45	33	3
45	34	1
45	35	8
45	36	3
45	37	5
45	38	4
45	39	9
45	40	3
45	41	3
45	42	1
45	43	10
45	44	6
46	0	1
46	1	3
46	3	1
46	4	1
46	8	1
46	10	1
46	11	3
46	13	2
46	14	1
46	15	1
46	17	2
46	18	2
46	19	3
46	23	2
46	24	2
46	25	2
46	26	5
46	27	5
46	28	1
46	29	2
46	30	2
46	31	10
46	32	2
46	33	1
46	34	4
46	35	3
46	36	4
46	37	7
46	38	1
46	39	3
46	40	7
46	41	1
46	42	5
46	43	6
46	44	7
46	45	6
47	1	1
47	2	1
47	3	2
47	4	1
47	9	2
47	10	2
47	11	3
47	12	4
47	13	2
47	15	1
47	16	2
47	18	1
47	20	2
47	25	3
47	26	2
47	28	3
47	29	2
47	30	4
47	31	2
47	32	3
47	33	4
47	34	8
47	35	10
47	36	8
47	37	1
47	38	8
47	39	1
47	40	2
47	42	2
47	43	2
47	44	2
47	45	6
47	46	5
48	1	8
48	2	2
48	3	2
48	4	4
48	5	3
48	6	1
48	7	2
48	8	4
48	9	1
48	10	1
48	11	11
48	12	2
48	13	3
48	14	5
48	15	3
48	16	1
48	18	1
48	20	5
48	21	3
48	22	3
48	23	2
48	24	7
48	25	6
48	27	2
48	28	2
48	29	1
48	30	6
48	31	2
48	32	1
48	33	2
48	34	14
48	35	3
48	36	2
48	37	3
48	38	3
48	39	4
48	40	4
48	41	1
48	42	1
48	43	2
48	44	1
48	46	4
48	47	3
49	0	3
49	1	1
49	2	2
49	3	3
49	4	5
49	5	2
49	7	2
49	9	6
49	10	5
49	11	4
49	13	3
49	14	2
49	15	1
49	16	1
49	17	3
49	18	4
49	19	3
49	20	6
49	21	2
49	22	1
49	23	3
49	24	3
49	25	2
49	26	4
49	27	4
49	28	7
49	29	6
49	30	6
49	31	2
49	32	2
49	33	8
49	34	9
49	35	4
49	36	9
49	37	5
49	38	10
49	40	6
49	41	1
49	42	1
49	43	6
49	44	2
49	45	3
49	46	4
49	47	5
49	48	9
50	0	1
50	1	4
50	2	1
50	4	1
50	8	1
50	9	4
50	10	2
50	11	4
50	12	2
50	14	2
50	15	1
50	18	2
50	19	5
50	20	1
50	21	2
50	23	2
50	24	1
50	26	2
50	27	6
50	28	2
50	29	2
50	30	4
50	31	3
50	32	2
50	33	3
50	34	7
50	35	6
50	36	4
50	37	1
50	38	5
50	39	2
50	40	6
50	41	1
50	42	1
50	43	3
50	45	2
50	47	1
50	48	7
50	49	6
51	1	2
51	2	1
51	3	1
51	4	3
51	5	2
51	6	1
51	8	3
51	9	4
51	10	4
51	11	4
51	12	2
51	13	2
51	14	3
51	15	4
51	18	4
51	19	2
51	20	2
51	21	2
51	22	3
51	23	3
51	24	6
51	25	6
51	26	2
51	27	2
51	28	5
51	30	2
51	31	2
51	32	2
51	33	5
51	34	7
51	35	5
51	36	4
51	37	4
51	38	11
51	39	6
51	40	6
51	41	2
51	42	7
51	43	5
51	44	2
51	45	4
51	46	2
51	47	6
51	48	3
51	49	10
51	50	4
52	1	1
52	2	2
52	3	1
52	4	5
52	5	2
52	7	1
52	8	2
52	9	2
52	10	7
52	11	2
52	12	4
52	13	4
52	14	1
52	15	1
52	18	2
52	19	2
52	20	2
52	21	5
52	23	2
52	24	3
52	25	5
52	26	3
52	27	1
52	28	1
52	29	3
52	30	1
52	31	4
52	32	3
52	33	2
52	34	2
52	35	5
52	36	2
52	37	2
52	38	7
52	39	4
52	40	4
52	41	2
52	42	3
52	43	5
52	44	6
52	45	2
52	46	4
52	47	2
52	49	4
52	50	3
52	51	7
53	1	3
53	2	1
53	3	1
53	4	3
53	5	3
53	6	1
53	7	2
53	9	6
53	11	4
53	12	1
53	13	2
53	14	2
53	15	2
53	16	1
53	17	2
53	18	5
53	19	2
53	20	2
53	21	1
53	22	5
53	23	2
53	24	5
53	25	5
53	26	5
53	27	2
53	28	6
53	29	1
53	30	2
53	32	2
53	33	2
53	34	3
53	35	3
53	36	5
53	37	5
53	38	14
53	39	10
53	40	8
53	41	8
53	42	3
53	43	5
53	44	5
53	45	4
53	46	2
53	47	1
53	48	5
53	49	4
53	50	5
53	51	5
53	52	5
54	1	1
54	2	2
54	3	2
54	4	6
54	5	1
54	8	2
54	9	2
54	10	3
54	11	2
54	12	2
54	14	3
54	15	4
54	16	4
54	17	3
54	18	3
54	19	1
54	20	1
54	21	1
54	22	1
54	23	2
54	25	1
54	26	1
54	27	1
54	28	12
54	29	4
54	30	3
54	32	4
54	33	3
54	34	1
54	35	4
54	36	4
54	37	4
54	38	3
54	39	4
54	40	3
54	41	3
54	42	2
54	43	3
54	44	3
54	45	1
54	46	1
54	47	3
54	48	1
54	49	3
54	50	1
54	51	4
54	52	9
54	53	2
55	0	1
55	1	4
55	2	4
55	4	5
55	5	6
55	6	2
55	7	1
55	8	4
55	9	4
55	10	6
55	11	3
55	12	3
55	13	5
55	14	2
55	15	3
55	16	1
55	17	3
55	18	5
55	19	3
55	20	1
55	21	3
55	22	3
55	23	3
55	24	6
55	25	5
55	26	2
55	27	3
55	28	6
55	30	4
55	31	4
55	32	1
55	33	4
55	34	3
55	35	8
55	36	3
55	37	4
55	38	7
55	39	6
55	40	6
55	41	6
55	42	3
55	43	4
55	44	2
55	45	5
55	46	4
55	48	2
55	49	10
55	50	5
55	51	3
55	52	13
55	53	7
55	54	15
56	1	1
56	2	3
56	3	3
56	4	3
56	8	1
56	9	2
56	11	2
56	12	2
56	16	2
56	19	1
56	23	1
56	24	3
56	25	3
56	26	3
56	27	1
56	28	5
56	30	3
56	31	1
56	32	1
56	33	2
56	34	3
56	35	2
56	36	5
56	37	5
56	38	9
56	39	4
56	40	3
56	42	5
56	43	6
56	44	5
56	45	5
56	46	3
56	47	3
56	48	4
56	49	3
56	50	2
56	51	5
56	52	4
56	53	2
56	54	4
56	55	4
57	0	3
57	1	2
57	2	1
57	3	2
57	4	1
57	8	3
57	9	1
57	11	1
57	12	1
57	13	5
57	14	2
57	15	2
57	16	3
57	18	4
57	19	2
57	20	3
57	23	2
57	24	2
57	25	3
57	26	4
57	27	4
57	28	4
57	29	2
57	30	3
57	31	4
57	32	1
57	33	5
57	34	2
57	35	4
57	36	3
57	37	3
57	38	7
57	39	3
57	40	1
57	41	1
57	42	1
57	43	4
57	44	4
57	45	3
57	46	6
57	47	2
57	49	5
57	50	2
57	51	8
57	52	10
57	53	1
57	54	4
57	55	4
57	56	4
58	0	1
58	1	3
58	2	1
58	3	4
58	4	2
58	6	1
58	7	5
58	10	1
58	11	2
58	18	3
58	20	3
58	22	3
58	24	4
58	25	4
58	26	6
58	27	5
58	28	3
58	29	2
58	30	4
58	31	2
58	32	2
58	33	4
58	34	4
58	35	5
58	36	5
58	37	5
58	38	9
58	39	4
58	40	3
58	41	6
58	42	2
58	43	5
58	44	2
58	45	4
58	46	8
58	47	3
58	48	1
58	49	5
58	50	5
58	51	7
58	52	5
58	53	1
58	54	6
58	55	7
58	56	7
58	57	4
59	1	3
59	2	2
59	3	2
59	4	4
59	5	4
59	6	5
59	8	5
59	9	2
59	10	2
59	11	4
59	12	2
59	13	5
59	14	4
59	15	2
59	16	1
59	17	3
59	18	3
59	19	3
59	20	1
59	21	1
59	22	5
59	23	3
59	24	4
59	25	3
59	26	1
59	27	4
59	28	3
59	29	2
59	30	1
59	31	3
59	32	2
59	33	3
59	34	3
59	35	2
59	36	5
59	37	3
59	38	1
59	39	2
59	40	8
59	41	3
59	42	4
59	43	4
59	44	3
59	45	6
59	46	4
59	47	4
59	48	3
59	49	12
59	50	6
59	51	6
59	52	9
59	53	5
59	54	4
59	55	8
59	56	4
59	57	9
59	58	10
60	0	2
60	1	1
60	2	1
60	3	6
60	4	1
60	8	3
60	10	3
60	11	2
60	13	1
60	14	1
60	15	3
60	17	2
60	18	2
60	19	2
60	23	1
60	24	1
60	26	4
60	27	4
60	28	2
60	29	1
60	30	3
60	31	5
60	33	5
60	34	2
60	35	5
60	36	3
60	37	1
60	38	2
60	39	3
60	40	2
60	41	1
60	42	3
60	43	2
60	44	3
60	45	2
60	46	5
60	47	4
60	48	2
60	49	5
60	50	6
60	51	1
60	52	4
60	53	3
60	54	4
60	55	3
60	56	1
60	57	7
60	58	3
60	59	5
