1	0	4
2	0	6
2	1	2
3	0	1
3	1	1
3	2	7
4	0	2
4	1	4
4	2	8
4	3	18
5	0	2
5	1	1
5	2	3
5	3	1
5	4	5
6	0	4
6	1	4
6	3	1
6	4	4
6	5	6
7	0	1
7	1	3
7	2	1
7	3	3
7	4	2
7	5	2
7	6	11
8	0	6
8	1	2
8	2	3
8	4	3
8	5	10
8	6	6
8	7	8
9	0	3
9	1	5
9	2	3
9	3	4
9	4	2
9	5	6
9	6	5
9	7	11
9	8	14
10	0	3
10	1	5
10	2	1
10	3	2
10	4	4
10	5	3
10	6	6
10	7	4
10	8	2
10	9	13
11	0	3
11	1	4
11	2	1
11	3	1
11	4	3
11	5	2
11	6	4
11	7	2
11	8	4
11	9	4
11	10	9
12	0	1
12	1	4
12	2	5
12	3	6
12	4	6
12	5	7
12	6	8
12	7	2
12	8	7
12	9	7
12	10	7
12	11	9
13	0	1
13	1	6
13	2	2
13	3	5
13	4	3
13	5	2
13	6	7
13	7	3
13	8	8
13	9	15
13	10	9
13	11	6
13	12	10
14	0	3
14	1	3
14	2	4
14	3	4
14	4	4
14	5	1
14	6	3
14	7	2
14	8	5
14	9	4
14	10	7
14	11	5
14	12	10
14	13	8
15	0	5
15	1	7
15	2	5
15	3	6
15	4	3
15	5	4
15	6	3
15	8	7
15	9	5
15	10	4
15	11	4
15	12	14
15	13	5
15	14	8
16	0	1
16	1	6
16	2	5
16	3	2
16	4	4
16	5	5
16	6	1
16	7	4
16	8	5
16	10	3
16	11	6
16	12	3
16	13	3
16	14	3
16	15	2
17	0	4
17	1	6
17	2	6
17	3	1
17	4	9
17	5	4
17	6	1
17	7	1
17	8	6
17	9	3
17	10	3
17	11	1
17	12	4
17	13	3
17	14	3
17	15	8
17	16	7
18	0	3
18	1	4
18	2	1
18	3	1
18	4	6
18	5	8
18	6	4
18	7	1
18	8	4
18	9	5
18	10	7
18	11	1
18	12	9
18	13	4
18	14	5
18	15	5
18	16	1
18	17	3
19	0	4
19	1	5
19	2	6
19	3	3
19	4	7
19	5	3
19	6	3
19	7	2
19	8	6
19	9	1
19	10	4
19	11	6
19	12	3
19	13	5
19	14	5
19	15	12
19	16	4
19	17	4
19	18	2
20	1	2
20	2	2
20	3	9
20	4	7
20	5	6
20	6	3
20	7	3
20	8	5
20	9	4
20	10	3
20	11	3
20	12	10
20	13	5
20	14	5
20	15	4
20	16	1
20	18	6
20	19	2
21	0	3
21	1	3
21	2	7
21	4	3
21	5	4
21	6	2
21	7	3
21	8	4
21	9	5
21	10	4
21	11	1
21	12	4
21	13	2
21	15	4
21	16	3
21	17	5
21	18	7
21	19	6
21	20	2
22	1	3
22	2	6
22	3	3
22	4	6
22	5	4
22	6	1
22	8	3
22	9	5
22	10	4
22	11	3
22	12	3
22	13	2
22	14	3
22	15	3
22	16	2
22	17	2
22	18	4
22	19	5
22	20	4
22	21	8
23	0	3
23	1	4
23	2	3
23	3	7
23	4	4
23	5	3
23	7	1
23	8	5
23	9	1
23	10	3
23	11	1
23	12	3
23	13	2
23	14	3
23	15	4
23	18	3
23	19	4
23	20	3
23	21	1
23	22	2
24	1	9
24	2	2
24	3	4
24	4	7
24	5	2
24	6	3
24	7	4
24	8	2
24	9	1
24	11	3
24	12	3
24	13	5
24	14	7
24	15	7
24	16	4
24	17	10
24	18	5
24	19	7
24	20	3
24	21	2
24	22	1
24	23	2
25	0	2
25	1	7
25	2	2
25	3	1
25	4	1
25	5	5
25	6	1
25	7	5
25	8	3
25	9	5
25	10	5
25	11	7
25	12	8
25	13	5
25	14	1
25	15	3
25	16	1
25	17	3
25	18	3
25	19	3
25	20	1
25	22	2
25	23	1
25	24	5
26	1	3
26	4	2
26	5	2
26	7	2
26	8	3
26	10	1
26	11	3
26	12	2
26	13	2
26	14	4
26	15	1
26	17	1
26	18	5
26	20	1
26	22	1
26	23	2
26	25	5
27	1	3
27	3	2
27	4	1
27	5	5
27	8	2
27	9	2
27	10	3
27	11	1
27	12	2
27	13	1
27	14	2
27	15	3
27	17	1
27	18	1
27	19	1
27	22	3
27	23	3
27	24	1
27	25	4
27	26	2
28	0	1
28	1	4
28	2	2
28	3	4
28	4	3
28	5	4
28	6	9
28	7	1
28	8	5
28	9	1
28	10	5
28	11	6
28	12	6
28	13	3
28	14	6
28	15	2
28	17	3
28	18	4
28	19	4
28	20	6
28	21	2
28	22	3
28	23	5
28	24	5
28	25	2
28	26	1
28	27	5
29	0	1
29	1	2
29	8	2
29	10	1
29	12	4
29	13	3
29	14	1
29	18	4
29	20	2
29	23	2
29	24	3
29	25	3
29	26	4
29	27	5
29	28	3
30	1	1
30	3	2
30	5	1
30	7	1
30	8	2
30	9	2
30	10	1
30	11	3
30	12	1
30	13	1
30	14	3
30	17	1
30	18	1
30	19	1
30	20	1
30	22	1
30	25	4
30	26	6
30	27	4
30	28	4
30	29	3
31	4	2
31	5	1
31	8	2
31	9	3
31	10	1
31	11	2
31	14	1
31	15	1
31	19	1
31	21	1
31	23	2
31	24	2
31	25	2
31	26	7
31	27	2
31	28	3
31	29	7
31	30	8
32	1	4
32	2	3
32	8	2
32	9	3
32	10	3
32	11	6
32	12	1
32	13	2
32	14	2
32	15	1
32	22	3
32	23	2
32	24	2
32	25	3
32	27	5
32	28	1
32	29	5
32	30	6
32	31	13
33	0	3
33	1	5
33	2	1
33	3	5
33	4	2
33	5	3
33	8	4
33	9	5
33	11	2
33	12	2
33	13	2
33	14	1
33	15	1
33	17	1
33	18	2
33	19	2
33	23	2
33	24	5
33	25	2
33	26	5
33	27	10
33	29	5
33	30	5
33	31	4
33	32	11
34	1	2
34	2	2
34	3	1
34	4	4
34	6	2
34	8	3
34	9	1
34	10	4
34	11	3
34	12	3
34	13	1
34	14	5
34	15	1
34	16	1
34	17	1
34	18	3
34	20	2
34	22	2
34	23	4
34	24	2
34	25	4
34	26	3
34	27	6
34	28	3
34	29	4
34	30	5
34	31	3
34	32	4
34	33	6
35	0	1
35	1	2
35	2	4
35	3	3
35	4	1
35	5	1
35	6	1
35	8	4
35	9	2
35	10	5
35	11	3
35	12	2
35	13	5
35	14	2
35	15	2
35	17	3
35	18	3
35	19	1
35	20	2
35	21	1
35	22	1
35	23	2
35	24	4
35	25	2
35	26	5
35	27	3
35	28	4
35	29	2
35	30	5
35	31	4
35	32	10
35	33	10
35	34	10
36	1	2
36	3	2
36	4	3
36	7	1
36	10	1
36	11	2
36	12	1
36	14	1
36	15	1
36	18	2
36	22	2
36	23	2
36	24	1
36	25	1
36	26	5
36	27	1
36	28	2
36	31	1
36	32	4
36	33	5
36	34	3
36	35	6
37	0	3
37	1	1
37	2	2
37	3	4
37	4	2
37	5	2
37	6	2
37	7	1
37	8	1
37	9	4
37	10	4
37	11	2
37	12	2
37	13	2
37	14	2
37	18	4
37	19	1
37	20	1
37	21	1
37	24	1
37	25	1
37	26	1
37	27	3
37	28	3
37	29	2
37	30	5
37	31	6
37	32	8
37	33	5
37	34	4
37	35	9
37	36	3
38	1	3
38	2	2
38	3	2
38	4	3
38	5	3
38	6	2
38	7	2
38	8	3
38	10	4
38	11	2
38	12	2
38	13	2
38	14	5
38	15	3
38	17	3
38	18	2
38	19	2
38	20	3
38	21	2
38	22	1
38	23	1
38	24	4
38	25	5
38	27	3
38	28	3
38	29	3
38	30	10
38	31	5
38	32	2
38	33	1
38	34	7
38	35	4
38	36	6
38	37	5
39	1	1
39	2	2
39	4	1
39	5	4
39	6	2
39	7	2
39	8	2
39	9	2
39	10	5
39	11	2
39	12	1
39	13	3
39	14	3
39	15	1
39	18	4
39	19	2
39	22	3
39	23	1
39	24	1
39	25	3
39	27	3
39	28	2
39	30	3
39	31	4
39	32	1
39	33	1
39	34	4
39	35	4
39	36	5
39	37	4
39	38	3
40	0	1
40	1	1
40	2	1
40	3	2
40	4	2
40	5	1
40	6	1
40	7	3
40	8	3
40	9	2
40	10	7
40	11	3
40	12	3
40	13	6
40	14	5
40	15	1
40	16	2
40	17	2
40	18	4
40	19	3
40	20	2
40	21	3
40	22	4
40	23	2
40	24	1
40	25	3
40	26	5
40	27	3
40	28	4
40	29	3
40	30	1
40	31	3
40	32	11
40	33	5
40	34	7
40	35	8
40	36	2
40	37	3
40	38	5
40	39	7
41	1	5
41	4	1
41	5	3
41	6	1
41	7	2
41	8	1
41	9	2
41	10	1
41	11	1
41	12	2
41	13	2
41	14	1
41	15	1
41	16	1
41	18	3
41	20	2
41	22	2
41	24	1
41	25	3
41	26	3
41	27	1
41	28	3
41	29	3
41	30	5
41	31	5
41	32	5
41	33	5
41	34	5
41	35	4
41	37	6
41	38	7
41	39	6
41	40	4
42	0	1
42	2	2
42	3	2
42	4	3
42	5	1
42	6	1
42	8	2
42	9	2
42	10	8
42	11	1
42	12	3
42	13	1
42	14	2
42	18	2
42	19	2
42	20	1
42	24	1
42	25	1
42	26	1
42	27	2
42	28	8
42	29	2
42	30	2
42	31	3
42	32	3
42	34	2
42	35	3
42	36	3
42	37	7
42	38	6
42	39	11
42	40	2
42	41	5
43	0	1
43	1	1
43	2	1
43	4	1
43	5	1
43	7	3
43	8	3
43	9	1
43	10	4
43	11	2
43	12	2
43	14	1
43	15	1
43	17	2
43	18	3
43	20	2
43	21	1
43	22	2
43	24	3
43	25	4
43	26	2
43	27	1
43	30	4
43	31	3
43	32	4
43	33	5
43	34	2
43	35	4
43	36	1
43	37	9
43	38	6
43	39	8
43	40	4
43	41	7
43	42	8
44	4	2
44	5	1
44	7	2
44	8	2
44	10	5
44	12	2
44	18	3
44	19	1
44	20	4
44	21	3
44	23	2
44	24	1
44	25	5
44	27	2
44	28	3
44	29	5
44	30	3
44	31	3
44	32	1
44	33	3
44	34	1
44	35	5
44	37	7
44	38	9
44	39	11
44	40	4
44	41	6
44	42	8
44	43	11
45	0	1
45	3	1
45	6	2
45	9	1
45	10	1
45	11	1
45	15	2
45	16	1
45	20	1
45	22	1
45	24	2
45	25	3
45	26	4
45	27	3
45	28	2
45	29	2
45	30	6
45	31	4
45	32	5
45	33	6
45	34	2
45	35	3
45	37	3
45	38	6
45	39	4
45	40	4
45	41	3
45	42	1
45	43	7
45	44	4
46	0	2
46	1	2
46	2	2
46	3	2
46	10	2
46	11	3
46	13	1
46	15	2
46	18	2
46	22	3
46	23	2
46	24	4
46	25	1
46	26	3
46	27	2
46	28	3
46	29	3
46	30	5
46	31	5
46	32	7
46	33	5
46	34	2
46	35	7
46	36	4
46	37	3
46	38	2
46	40	3
46	41	2
46	42	3
46	43	9
46	44	9
46	45	10
47	1	5
47	2	4
47	3	3
47	10	3
47	12	7
47	13	1
47	15	1
47	16	1
47	17	1
47	18	4
47	20	1
47	21	1
47	23	1
47	25	1
47	26	4
47	27	3
47	28	2
47	29	3
47	30	2
47	31	3
47	32	3
47	33	4
47	34	2
47	35	9
47	36	4
47	37	2
47	38	7
47	39	5
47	40	5
47	41	3
47	42	1
47	43	3
47	45	6
47	46	6
48	1	4
48	2	2
48	3	1
48	5	2
48	6	4
48	7	3
48	8	3
48	9	3
48	10	4
48	11	5
48	12	3
48	13	2
48	14	4
48	15	3
48	16	1
48	18	1
48	19	1
48	21	3
48	22	3
48	23	3
48	24	8
48	25	6
48	26	3
48	27	2
48	28	3
48	29	1
48	30	3
48	32	5
48	33	5
48	34	7
48	35	2
48	36	4
48	37	3
48	38	4
48	39	3
48	40	9
48	41	6
48	42	3
48	43	4
48	44	1
48	45	2
48	46	2
49	0	2
49	1	2
49	3	3
49	4	6
49	5	3
49	6	1
49	7	5
49	8	3
49	9	1
49	10	6
49	11	1
49	12	3
49	13	8
49	14	4
49	15	2
49	18	4
49	19	2
49	20	5
49	22	2
49	23	2
49	24	13
49	25	4
49	26	3
49	27	5
49	28	6
49	30	3
49	31	3
49	32	4
49	33	3
49	34	9
49	35	6
49	36	6
49	37	1
49	38	8
49	39	6
49	40	5
49	41	5
49	42	3
49	43	4
49	44	1
49	45	6
49	46	2
49	47	3
49	48	10
50	0	2
50	1	4
50	2	2
50	3	6
50	9	1
50	10	3
50	11	2
50	13	3
50	14	5
50	15	3
50	18	1
50	19	3
50	20	1
50	23	2
50	24	7
50	25	2
50	26	1
50	27	5
50	28	4
50	29	4
50	30	3
50	31	1
50	32	1
50	33	2
50	34	3
50	35	8
50	36	4
50	37	6
50	39	1
50	40	3
50	41	1
50	42	1
50	43	1
50	45	1
50	46	1
50	47	1
50	48	7
50	49	11
51	1	5
51	2	1
51	3	1
51	4	4
51	6	5
51	7	1
51	8	4
51	9	3
51	10	2
51	11	6
51	12	2
51	13	5
51	14	2
51	15	4
51	18	3
51	19	1
51	20	4
51	21	3
51	22	1
51	23	4
51	24	6
51	25	2
51	26	6
51	27	5
51	28	8
51	29	3
51	30	2
51	31	5
51	32	3
51	33	6
51	34	5
51	35	13
51	36	7
51	37	3
51	38	10
51	39	6
51	40	6
51	41	3
51	42	3
51	43	5
51	44	4
51	45	4
51	46	6
51	47	2
51	48	8
51	49	9
51	50	5
52	1	3
52	2	2
52	3	2
52	4	1
52	5	1
52	8	2
52	9	3
52	10	2
52	11	4
52	13	3
52	14	5
52	15	3
52	17	3
52	18	1
52	20	3
52	21	1
52	22	2
52	23	3
52	24	5
52	25	5
52	26	2
52	27	3
52	28	5
52	29	2
52	30	3
52	31	2
52	32	3
52	33	1
52	34	3
52	35	2
52	36	3
52	37	6
52	38	8
52	39	2
52	40	3
52	41	3
52	42	3
52	43	4
52	44	3
52	45	1
52	46	3
52	47	5
52	48	6
52	49	6
52	50	5
52	51	8
53	1	5
53	2	5
53	3	3
53	4	1
53	5	7
53	6	1
53	7	2
53	8	1
53	9	1
53	10	9
53	11	6
53	12	6
53	13	3
53	14	2
53	15	2
53	16	3
53	17	2
53	18	9
53	20	7
53	21	3
53	22	3
53	23	1
53	24	4
53	25	1
53	26	1
53	27	2
53	28	10
53	29	3
53	30	2
53	31	3
53	32	5
53	33	1
53	34	5
53	35	2
53	36	2
53	37	4
53	38	10
53	39	6
53	40	6
53	41	6
53	42	3
53	43	7
53	44	3
53	45	1
53	46	5
53	47	2
53	48	2
53	49	5
53	50	3
53	51	8
53	52	5
54	0	5
54	1	5
54	2	6
54	3	3
54	4	4
54	5	5
54	8	1
54	9	2
54	10	3
54	11	5
54	12	2
54	13	3
54	14	5
54	15	2
54	16	1
54	17	2
54	18	3
54	19	2
54	20	7
54	21	4
54	22	5
54	23	2
54	24	3
54	25	4
54	26	2
54	27	6
54	28	3
54	29	3
54	31	4
54	32	3
54	33	1
54	34	3
54	36	1
54	37	1
54	38	5
54	39	3
54	40	2
54	41	3
54	42	1
54	43	2
54	44	4
54	46	3
54	47	5
54	48	2
54	49	4
54	50	2
54	51	5
54	52	4
54	53	5
55	0	1
55	1	1
55	2	3
55	3	3
55	4	8
55	5	5
55	6	1
55	7	1
55	8	4
55	9	4
55	10	4
55	11	5
55	12	6
55	13	3
55	14	4
55	15	1
55	16	1
55	17	1
55	18	4
55	19	2
55	20	1
55	21	2
55	22	3
55	23	2
55	24	8
55	25	2
55	26	2
55	27	1
55	28	11
55	29	1
55	30	2
55	31	2
55	32	1
55	33	1
55	34	4
55	35	2
55	36	3
55	37	5
55	38	9
55	39	4
55	40	5
55	41	2
55	42	5
55	43	5
55	44	2
55	45	3
55	47	3
55	48	5
55	49	8
55	50	2
55	51	6
55	52	6
55	53	7
55	54	9
56	0	1
56	1	6
56	2	2
56	3	2
56	4	5
56	5	2
56	8	1
56	9	3
56	10	2
56	11	1
56	12	5
56	13	2
56	14	3
56	15	1
56	16	3
56	18	2
56	19	2
56	20	2
56	22	1
56	23	1
56	26	1
56	27	1
56	28	3
56	30	2
56	32	4
56	33	2
56	34	3
56	35	3
56	36	3
56	37	3
56	38	10
56	39	10
56	40	4
56	41	3
56	42	2
56	43	2
56	44	3
56	45	5
56	46	4
56	47	3
56	48	1
56	49	3
56	50	2
56	51	4
56	52	8
56	53	4
56	54	2
56	55	4
57	0	1
57	1	3
57	2	1
57	3	1
57	4	3
57	8	1
57	9	2
57	10	5
57	11	2
57	12	2
57	13	1
57	14	1
57	15	2
57	16	1
57	18	2
57	19	2
57	20	2
57	22	2
57	23	2
57	24	4
57	25	3
57	26	1
57	27	2
57	28	4
57	29	3
57	30	1
57	31	2
57	32	3
57	33	2
57	34	6
57	35	4
57	36	8
57	37	4
57	38	10
57	39	3
57	40	2
57	41	2
57	42	4
57	43	5
57	44	4
57	45	2
57	46	5
57	47	5
57	48	2
57	49	7
57	50	1
57	51	4
57	52	7
57	53	4
57	54	4
57	55	5
57	56	3
58	0	1
58	1	2
58	7	1
58	10	3
58	14	3
58	16	2
58	17	1
58	18	3
58	20	2
58	23	1
58	24	3
58	25	1
58	26	3
58	27	6
58	28	3
58	29	2
58	30	2
58	31	5
58	32	1
58	33	1
58	34	4
58	35	3
58	36	4
58	37	4
58	38	4
58	39	4
58	40	3
58	41	3
58	42	3
58	43	6
58	44	6
58	45	5
58	46	9
58	47	2
58	48	4
58	49	4
58	50	2
58	52	3
58	54	3
58	55	3
58	56	4
58	57	2
59	1	4
59	3	2
59	4	5
59	5	5
59	6	2
59	8	1
59	9	2
59	10	2
59	11	2
59	12	1
59	13	2
59	14	3
59	15	2
59	16	1
59	17	2
59	18	5
59	19	4
59	22	2
59	23	2
59	24	2
59	25	3
59	26	4
59	27	3
59	28	3
59	30	3
59	31	1
59	32	3
59	33	2
59	35	3
59	36	2
59	37	1
59	38	6
59	39	4
59	40	5
59	41	3
59	42	4
59	44	2
59	45	3
59	46	5
59	47	3
59	48	3
59	49	7
59	50	3
59	51	11
59	52	13
59	53	3
59	54	6
59	55	9
59	56	5
59	57	11
59	58	3
60	0	3
60	1	1
60	2	1
60	3	1
60	4	1
60	7	2
60	10	2
60	11	1
60	12	2
60	13	3
60	14	2
60	15	2
60	17	1
60	18	4
60	19	2
60	20	4
60	24	1
60	25	4
60	26	2
60	27	3
60	28	1
60	29	3
60	30	2
60	31	1
60	33	3
60	34	5
60	35	11
60	36	5
60	37	3
60	38	5
60	39	1
60	40	3
60	41	2
60	42	3
60	43	5
60	44	2
60	45	3
60	46	4
60	47	8
60	48	2
60	49	5
60	50	1
60	51	5
60	52	2
60	53	3
60	54	1
60	55	2
60	56	1
60	57	6
60	58	10
60	59	4
