1	0	4
2	0	1
2	1	6
3	0	1
3	1	2
3	2	5
4	0	1
4	1	1
4	2	5
4	3	17
5	0	1
5	1	4
5	2	3
5	3	1
5	4	5
6	0	5
6	1	4
6	2	4
6	3	1
6	4	3
6	5	8
7	0	3
7	1	2
7	2	4
7	5	2
7	6	7
8	0	2
8	1	6
8	2	3
8	3	4
8	4	5
8	5	6
8	6	6
8	7	10
9	0	3
9	1	5
9	3	1
9	4	3
9	5	2
9	6	3
9	7	11
9	8	7
10	0	1
10	1	6
10	2	3
10	4	6
10	5	7
10	6	8
10	7	3
10	8	7
10	9	8
11	0	4
11	1	11
11	2	6
11	3	1
11	4	3
11	5	5
11	6	4
11	7	1
11	8	3
11	9	7
11	10	7
12	0	3
12	1	4
12	2	5
12	3	5
12	4	6
12	5	6
12	6	9
12	7	4
12	8	8
12	9	4
12	10	11
12	11	5
13	0	5
13	1	7
13	2	5
13	3	1
13	4	3
13	5	3
13	6	4
13	7	8
13	8	14
13	9	8
13	10	9
13	11	8
13	12	4
14	0	1
14	1	11
14	2	5
14	3	8
14	4	6
14	5	4
14	6	4
14	7	3
14	8	7
14	9	5
14	10	6
14	11	3
14	12	6
14	13	3
15	0	6
15	1	9
15	2	9
15	3	3
15	4	2
15	5	1
15	6	2
15	7	7
15	8	5
15	9	3
15	10	1
15	11	5
15	12	4
15	13	7
15	14	11
16	1	2
16	2	4
16	3	3
16	4	4
16	7	2
16	8	1
16	9	4
16	10	4
16	11	2
16	13	2
16	14	5
16	15	7
17	0	3
17	2	2
17	3	5
17	4	4
17	5	2
17	6	2
17	7	5
17	8	6
17	9	4
17	10	1
17	11	1
17	12	8
17	13	2
17	15	9
17	16	7
18	1	2
18	2	3
18	3	1
18	4	4
18	5	8
18	6	5
18	7	5
18	8	4
18	9	2
18	10	7
18	11	4
18	12	10
18	13	5
18	14	5
18	15	6
18	16	1
18	17	4
19	0	8
19	1	2
19	2	3
19	3	6
19	4	3
19	5	4
19	6	1
19	7	1
19	8	6
19	9	1
19	10	1
19	11	7
19	12	3
19	14	3
19	15	7
19	16	3
19	17	3
19	18	1
20	0	2
20	1	4
20	2	8
20	3	8
20	4	8
20	5	11
20	6	2
20	7	2
20	8	2
20	9	5
20	10	4
20	11	4
20	12	4
20	13	5
20	14	5
20	15	6
20	16	2
20	17	2
20	18	5
20	19	4
21	0	3
21	1	1
21	2	4
21	3	3
21	4	4
21	5	5
21	6	5
21	8	1
21	9	3
21	10	7
21	11	2
21	12	5
21	13	3
21	14	3
21	15	6
21	17	4
21	18	5
21	19	5
21	20	7
22	1	1
22	2	2
22	3	6
22	4	2
22	5	3
22	6	1
22	7	7
22	8	2
22	9	4
22	10	3
22	11	2
22	12	2
22	13	1
22	14	3
22	15	1
22	16	3
22	17	1
22	18	3
22	19	4
22	20	4
22	21	3
23	0	3
23	1	5
23	3	4
23	4	6
23	5	1
23	7	3
23	9	1
23	10	3
23	11	1
23	12	6
23	13	1
23	14	1
23	15	2
23	18	5
23	19	3
23	20	1
23	21	5
23	22	4
24	0	4
24	1	5
24	2	1
24	3	3
24	4	1
24	5	2
24	6	1
24	7	1
24	8	2
24	9	2
24	10	6
24	11	6
24	12	5
24	13	7
24	14	6
24	15	4
24	16	1
24	17	2
24	18	5
24	19	5
24	20	4
24	22	1
24	23	8
25	0	7
25	1	5
25	2	1
25	3	2
25	4	3
25	5	3
25	6	3
25	7	4
25	8	7
25	9	7
25	10	6
25	11	10
25	12	4
25	13	1
25	14	3
25	15	3
25	16	1
25	17	5
25	18	1
25	19	4
25	21	3
25	22	2
25	23	4
25	24	4
26	0	3
26	2	2
26	4	3
26	7	1
26	8	2
26	10	1
26	11	3
26	13	2
26	14	2
26	15	1
26	16	2
26	18	1
26	19	3
26	20	5
26	22	1
26	23	1
26	25	4
27	1	4
27	2	1
27	3	2
27	4	1
27	5	2
27	8	1
27	9	5
27	10	2
27	11	3
27	12	1
27	13	2
27	14	2
27	15	2
27	18	2
27	19	1
27	22	2
27	23	3
27	24	6
27	25	6
27	26	2
28	1	2
28	2	3
28	3	3
28	4	4
28	5	1
28	6	1
28	7	1
28	8	2
28	9	5
28	10	6
28	11	2
28	12	5
28	13	6
28	14	5
28	15	1
28	16	3
28	18	12
28	19	1
28	20	3
28	21	4
28	22	7
28	23	4
28	24	3
28	25	3
28	26	1
29	1	2
29	4	1
29	8	2
29	10	1
29	12	1
29	13	2
29	14	1
29	18	4
29	19	2
29	23	1
29	24	2
29	25	1
29	26	3
29	27	2
29	28	2
30	3	2
30	5	2
30	7	1
30	8	1
30	9	3
30	10	5
30	11	4
30	12	1
30	13	1
30	14	3
30	17	3
30	18	2
30	20	2
30	24	2
30	25	1
30	26	1
30	27	2
30	28	2
30	29	5
31	5	2
31	8	1
31	9	1
31	10	1
31	11	2
31	14	1
31	15	2
31	21	1
31	22	2
31	26	2
31	27	2
31	28	5
31	29	16
31	30	7
32	8	2
32	9	4
32	10	5
32	11	3
32	14	1
32	17	1
32	18	2
32	23	2
32	24	1
32	25	2
32	26	1
32	27	3
32	28	1
32	29	2
32	30	9
32	31	6
33	0	3
33	1	2
33	2	4
33	3	2
33	4	2
33	5	1
33	8	3
33	9	2
33	10	2
33	12	3
33	14	1
33	15	2
33	18	1
33	19	1
33	23	2
33	24	1
33	25	5
33	26	2
33	27	4
33	28	1
33	29	6
33	30	6
33	31	4
33	32	7
34	1	3
34	2	1
34	3	2
34	4	1
34	5	2
34	6	3
34	8	1
34	10	2
34	11	4
34	12	6
34	13	3
34	14	1
34	15	5
34	18	3
34	19	3
34	20	2
34	21	1
34	22	1
34	24	7
34	25	2
34	26	1
34	27	3
34	28	4
34	29	2
34	30	1
34	31	2
34	32	4
34	33	7
35	1	2
35	2	3
35	3	2
35	4	3
35	5	1
35	6	3
35	8	2
35	9	2
35	10	3
35	11	2
35	12	5
35	13	1
35	14	1
35	15	4
35	17	2
35	18	3
35	19	1
35	20	1
35	21	2
35	22	1
35	23	3
35	24	2
35	25	2
35	26	2
35	27	7
35	28	3
35	29	2
35	30	6
35	31	6
35	32	7
35	33	5
35	34	5
36	2	2
36	3	1
36	4	1
36	7	3
36	10	1
36	11	5
36	12	3
36	13	3
36	14	1
36	15	2
36	16	2
36	18	1
36	22	1
36	24	4
36	25	7
36	26	3
36	27	1
36	28	5
36	29	1
36	30	3
36	32	2
36	33	1
36	34	9
36	35	8
37	0	2
37	1	2
37	3	1
37	4	2
37	6	1
37	7	3
37	8	2
37	9	3
37	10	2
37	11	5
37	13	2
37	14	6
37	15	1
37	20	1
37	21	1
37	24	3
37	27	1
37	28	2
37	29	3
37	30	2
37	31	1
37	32	10
37	33	8
37	34	5
37	35	9
38	1	4
38	2	1
38	4	6
38	5	4
38	6	3
38	7	4
38	8	2
38	10	3
38	11	2
38	12	2
38	13	2
38	14	2
38	15	2
38	16	2
38	17	2
38	18	4
38	19	1
38	21	1
38	22	3
38	23	2
38	24	3
38	25	1
38	26	3
38	27	5
38	28	12
38	29	1
38	30	3
38	31	6
38	32	8
38	33	3
38	34	4
38	35	7
38	36	8
38	37	7
39	1	1
39	2	2
39	3	2
39	4	4
39	5	1
39	6	4
39	7	3
39	8	4
39	9	5
39	10	10
39	11	5
39	12	1
39	13	3
39	14	1
39	15	5
39	18	1
39	19	1
39	20	2
39	21	3
39	22	2
39	23	2
39	24	3
39	25	2
39	27	1
39	28	9
39	29	2
39	30	2
39	31	1
39	32	3
39	34	6
39	35	2
39	36	6
39	37	3
39	38	13
40	1	2
40	2	2
40	3	4
40	4	3
40	5	3
40	6	1
40	7	4
40	8	1
40	9	4
40	10	7
40	11	5
40	12	6
40	13	5
40	14	3
40	15	4
40	16	3
40	17	2
40	18	3
40	19	1
40	20	2
40	21	1
40	22	3
40	23	1
40	24	2
40	25	6
40	26	2
40	27	2
40	28	3
40	29	5
40	30	1
40	31	1
40	32	7
40	33	4
40	34	8
40	35	5
40	36	4
40	37	9
40	38	6
40	39	10
41	4	3
41	5	3
41	6	1
41	7	2
41	8	4
41	9	3
41	10	4
41	11	1
41	12	1
41	13	1
41	14	6
41	16	2
41	18	1
41	24	1
41	25	6
41	26	1
41	28	1
41	29	3
41	30	4
41	31	3
41	32	11
41	33	1
41	34	3
41	35	8
41	36	1
41	37	7
41	38	6
41	39	3
41	40	4
42	1	3
42	2	1
42	3	2
42	4	2
42	5	2
42	6	2
42	8	3
42	10	4
42	11	2
42	12	5
42	13	2
42	15	3
42	17	1
42	18	4
42	20	3
42	24	2
42	25	1
42	28	1
42	29	2
42	30	4
42	31	4
42	32	4
42	33	1
42	34	3
42	35	3
42	36	2
42	37	5
42	38	10
42	39	10
42	40	7
42	41	6
43	1	3
43	2	1
43	3	3
43	4	2
43	9	4
43	10	1
43	11	3
43	12	3
43	13	1
43	14	2
43	15	1
43	18	3
43	21	2
43	22	1
43	24	2
43	25	3
43	26	1
43	27	4
43	28	5
43	29	5
43	30	3
43	31	6
43	32	4
43	33	5
43	34	3
43	35	4
43	36	1
43	37	12
43	38	15
43	39	2
43	40	8
43	41	7
43	42	4
44	4	1
44	5	3
44	7	2
44	9	5
44	10	7
44	11	1
44	12	1
44	18	1
44	23	3
44	24	2
44	25	2
44	26	3
44	27	2
44	28	1
44	30	4
44	31	6
44	32	5
44	33	3
44	34	5
44	35	5
44	36	2
44	37	5
44	38	4
44	39	9
44	40	6
44	41	5
44	42	3
44	43	3
45	2	2
45	3	1
45	5	1
45	6	1
45	10	3
45	11	3
45	15	2
45	16	1
45	19	1
45	24	3
45	25	4
45	26	1
45	27	6
45	28	2
45	29	3
45	30	4
45	31	2
45	32	4
45	33	2
45	35	2
45	36	3
45	37	2
45	38	2
45	39	2
45	40	4
45	41	4
45	42	3
45	43	14
45	44	5
46	0	2
46	1	1
46	2	1
46	4	2
46	10	2
46	11	2
46	14	1
46	19	1
46	22	1
46	23	2
46	24	3
46	25	4
46	26	1
46	27	3
46	28	4
46	29	4
46	30	3
46	31	2
46	32	7
46	33	4
46	34	6
46	35	9
46	37	3
46	38	2
46	39	5
46	40	1
46	41	5
46	42	2
46	43	3
46	44	1
46	45	7
47	0	1
47	1	3
47	2	2
47	3	1
47	4	3
47	10	1
47	11	1
47	12	3
47	13	1
47	23	4
47	24	2
47	25	2
47	26	5
47	27	4
47	28	1
47	29	3
47	30	5
47	31	1
47	32	3
47	33	3
47	34	6
47	35	4
47	36	3
47	38	4
47	39	6
47	40	3
47	41	2
47	42	2
47	43	3
47	44	3
47	45	3
47	46	14
48	1	5
48	3	1
48	5	4
48	6	3
48	7	1
48	8	1
48	9	3
48	10	3
48	11	3
48	12	5
48	13	3
48	14	3
48	15	5
48	19	1
48	20	2
48	21	1
48	22	2
48	23	3
48	24	5
48	25	5
48	26	4
48	27	7
48	28	3
48	29	3
48	30	2
48	32	4
48	34	11
48	35	5
48	36	5
48	37	5
48	38	2
48	39	4
48	40	6
48	41	3
48	42	2
48	43	2
48	44	1
48	45	4
48	47	1
49	0	1
49	1	6
49	2	2
49	3	1
49	4	3
49	5	1
49	6	5
49	7	1
49	8	3
49	9	2
49	10	2
49	11	4
49	12	2
49	13	3
49	14	4
49	15	6
49	16	2
49	18	4
49	19	5
49	20	2
49	21	3
49	22	3
49	23	3
49	24	6
49	25	8
49	26	1
49	27	8
49	28	5
49	29	2
49	30	5
49	31	5
49	32	5
49	33	4
49	34	9
49	35	9
49	36	8
49	37	2
49	38	7
49	39	7
49	40	8
49	41	2
49	42	3
49	43	6
49	44	5
49	45	1
49	46	3
49	47	1
49	48	11
50	0	2
50	1	5
50	2	3
50	4	2
50	9	3
50	10	3
50	11	4
50	12	1
50	13	3
50	14	1
50	18	1
50	19	2
50	20	2
50	23	2
50	24	6
50	25	6
50	26	1
50	27	3
50	28	3
50	30	2
50	31	1
50	32	3
50	33	5
50	34	6
50	35	6
50	36	5
50	37	3
50	38	6
50	39	5
50	40	1
50	41	1
50	42	5
50	43	2
50	45	1
50	46	2
50	47	3
50	48	6
50	49	9
51	1	2
51	2	7
51	3	2
51	4	4
51	5	2
51	6	2
51	7	1
51	8	1
51	9	2
51	10	4
51	11	6
51	12	2
51	13	2
51	14	2
51	15	3
51	18	2
51	19	2
51	22	5
51	23	2
51	24	6
51	25	1
51	27	2
51	28	4
51	29	2
51	30	1
51	31	1
51	32	7
51	33	7
51	34	9
51	35	8
51	36	7
51	37	7
51	38	9
51	39	4
51	40	9
51	41	5
51	42	2
51	43	6
51	44	2
51	45	1
51	46	4
51	47	3
51	48	7
51	49	10
51	50	4
52	1	2
52	2	1
52	3	4
52	4	3
52	5	5
52	7	4
52	9	3
52	10	5
52	11	2
52	12	3
52	13	2
52	14	3
52	15	3
52	16	3
52	18	5
52	19	2
52	20	2
52	23	4
52	24	3
52	25	1
52	26	1
52	27	6
52	28	7
52	30	1
52	31	2
52	32	2
52	33	3
52	34	4
52	35	5
52	36	3
52	37	2
52	38	9
52	39	5
52	40	3
52	41	1
52	42	5
52	43	3
52	44	7
52	45	6
52	47	3
52	49	6
52	50	1
52	51	10
53	1	3
53	2	4
53	3	2
53	4	4
53	5	3
53	6	1
53	7	1
53	8	4
53	9	3
53	10	12
53	11	4
53	12	1
53	13	7
53	14	7
53	15	2
53	16	2
53	17	1
53	18	4
53	19	5
53	20	3
53	21	4
53	22	1
53	23	3
53	24	1
53	25	2
53	26	2
53	27	4
53	28	8
53	29	2
53	30	2
53	31	6
53	32	4
53	33	4
53	34	6
53	35	4
53	36	2
53	37	10
53	38	13
53	39	6
53	40	10
53	41	3
53	42	5
53	43	3
53	44	3
53	45	2
53	46	4
53	47	4
53	48	8
53	49	5
53	50	3
53	51	12
53	52	6
54	0	1
54	1	2
54	3	2
54	4	4
54	5	2
54	8	2
54	10	5
54	11	2
54	12	3
54	13	6
54	14	3
54	15	1
54	16	1
54	17	4
54	18	1
54	19	3
54	20	2
54	21	2
54	22	2
54	23	4
54	24	5
54	25	1
54	26	1
54	27	1
54	28	5
54	29	3
54	30	3
54	32	3
54	34	2
54	35	2
54	36	5
54	37	2
54	38	4
54	39	3
54	40	4
54	41	3
54	42	2
54	43	3
54	44	3
54	46	1
54	48	1
54	49	5
54	50	4
54	51	2
54	52	8
54	53	4
55	0	6
55	1	3
55	2	4
55	3	3
55	4	4
55	5	4
55	6	4
55	7	5
55	8	1
55	9	3
55	10	4
55	11	6
55	12	2
55	13	2
55	14	4
55	15	3
55	17	1
55	18	7
55	19	3
55	20	3
55	21	4
55	22	1
55	24	3
55	25	2
55	26	2
55	27	2
55	28	11
55	29	4
55	30	3
55	31	1
55	32	2
55	33	5
55	34	5
55	35	4
55	36	2
55	37	4
55	38	7
55	39	6
55	40	2
55	41	4
55	43	2
55	44	4
55	45	3
55	46	2
55	48	1
55	49	6
55	50	3
55	51	6
55	52	7
55	53	8
55	54	10
56	0	1
56	1	4
56	2	3
56	3	1
56	4	2
56	5	2
56	8	3
56	10	2
56	11	2
56	12	1
56	13	5
56	14	2
56	16	2
56	19	1
56	20	1
56	21	1
56	22	1
56	23	2
56	24	4
56	25	1
56	26	1
56	27	3
56	28	4
56	30	1
56	31	4
56	32	2
56	35	6
56	36	2
56	37	3
56	38	10
56	39	3
56	40	2
56	41	2
56	42	5
56	43	4
56	44	1
56	46	3
56	47	1
56	48	1
56	49	4
56	50	1
56	51	4
56	52	6
56	53	9
56	54	7
56	55	5
57	0	1
57	1	7
57	2	2
57	3	4
57	4	3
57	6	3
57	8	1
57	9	1
57	10	3
57	11	3
57	15	3
57	16	1
57	18	1
57	19	1
57	20	2
57	22	2
57	23	2
57	24	4
57	25	2
57	26	1
57	27	4
57	28	5
57	29	1
57	31	2
57	32	3
57	33	3
57	34	3
57	35	3
57	36	3
57	37	3
57	38	6
57	39	2
57	40	2
57	41	4
57	42	2
57	43	3
57	44	6
57	45	2
57	46	1
57	47	4
57	48	2
57	49	2
57	50	4
57	51	5
57	52	6
57	53	1
57	54	2
57	55	3
57	56	5
58	2	2
58	3	1
58	4	1
58	6	2
58	7	3
58	9	2
58	10	2
58	11	2
58	14	2
58	16	2
58	22	1
58	24	1
58	25	2
58	26	4
58	27	1
58	28	3
58	30	3
58	31	2
58	32	2
58	34	2
58	35	3
58	36	6
58	37	4
58	38	7
58	39	3
58	40	2
58	41	1
58	42	4
58	43	5
58	44	2
58	45	3
58	46	8
58	47	6
58	48	1
58	49	2
58	50	3
58	51	8
58	52	2
58	53	2
58	54	1
58	55	1
58	56	4
58	57	3
59	1	5
59	2	4
59	3	3
59	4	3
59	5	3
59	6	3
59	8	2
59	9	5
59	10	5
59	11	4
59	12	1
59	13	2
59	15	2
59	17	2
59	18	6
59	19	2
59	21	2
59	22	2
59	23	9
59	24	3
59	25	3
59	26	3
59	27	1
59	28	2
59	29	6
59	30	1
59	31	1
59	32	2
59	33	6
59	34	6
59	35	2
59	36	4
59	37	7
59	38	7
59	39	1
59	40	4
59	41	2
59	42	3
59	43	1
59	44	2
59	45	3
59	46	2
59	47	4
59	49	6
59	50	5
59	51	2
59	52	7
59	53	5
59	54	10
59	55	9
59	56	1
59	57	10
59	58	3
60	0	1
60	1	1
60	2	1
60	3	3
60	7	2
60	10	1
60	11	2
60	12	3
60	13	2
60	14	4
60	15	3
60	17	3
60	19	3
60	20	1
60	23	5
60	24	2
60	25	1
60	26	6
60	27	3
60	28	5
60	29	5
60	30	4
60	31	5
60	32	2
60	33	5
60	34	3
60	35	8
60	36	3
60	37	6
60	38	6
60	39	2
60	40	4
60	41	2
60	42	4
60	43	7
60	44	2
60	45	7
60	46	5
60	47	10
60	48	2
60	49	11
60	50	4
60	51	5
60	52	7
60	53	5
60	54	6
60	55	4
60	56	4
60	57	5
60	58	3
60	59	6
