1	0	9
2	0	3
2	1	2
3	1	4
3	2	4
4	0	5
4	1	3
4	2	11
4	3	11
5	0	3
5	1	2
5	2	3
5	3	2
5	4	4
6	0	2
6	1	1
6	2	2
6	3	2
6	4	3
6	5	6
7	0	1
7	1	4
7	2	4
7	3	1
7	4	3
7	5	1
7	6	7
8	0	3
8	1	4
8	2	3
8	3	3
8	4	8
8	5	3
8	6	7
8	7	13
9	0	5
9	1	5
9	2	7
9	3	1
9	4	2
9	5	1
9	6	8
9	7	10
9	8	8
10	0	3
10	1	2
10	2	3
10	3	1
10	4	2
10	5	5
10	6	7
10	7	4
10	8	3
10	9	12
11	0	1
11	1	5
11	2	4
11	3	1
11	4	2
11	5	2
11	6	4
11	7	2
11	8	6
11	9	11
11	10	5
12	0	4
12	1	7
12	2	2
12	3	2
12	4	2
12	5	5
12	6	9
12	7	5
12	8	8
12	9	3
12	10	7
12	11	7
13	0	1
13	1	2
13	2	3
13	3	3
13	4	1
13	5	5
13	6	11
13	7	8
13	8	6
13	9	11
13	10	4
13	11	7
13	12	9
14	0	8
14	1	4
14	2	4
14	3	4
14	4	2
14	6	3
14	7	3
14	8	6
14	9	5
14	10	7
14	11	5
14	12	9
14	13	10
15	0	4
15	1	10
15	2	5
15	3	4
15	4	4
15	5	5
15	6	1
15	7	1
15	8	11
15	9	7
15	10	6
15	11	1
15	12	7
15	13	7
15	14	6
16	0	4
16	1	3
16	2	6
16	3	3
16	4	1
16	5	2
16	6	2
16	7	2
16	9	2
16	10	5
16	11	2
16	12	4
16	13	2
16	14	4
16	15	6
17	0	3
17	1	4
17	2	4
17	3	2
17	4	5
17	5	3
17	6	2
17	7	6
17	8	4
17	9	2
17	10	5
17	11	5
17	12	4
17	13	3
17	14	6
17	15	6
17	16	8
18	0	1
18	1	4
18	3	5
18	4	4
18	5	5
18	6	7
18	7	1
18	8	9
18	9	2
18	10	6
18	11	3
18	12	3
18	13	3
18	14	5
18	15	3
18	16	2
18	17	5
19	0	1
19	1	6
19	2	5
19	3	4
19	4	14
19	5	2
19	7	2
19	8	5
19	10	3
19	11	3
19	12	4
19	13	3
19	14	3
19	15	6
19	17	5
19	18	3
20	1	3
20	2	3
20	3	3
20	4	12
20	5	2
20	6	2
20	8	5
20	10	2
20	11	6
20	12	4
20	13	2
20	14	3
20	15	1
20	16	3
20	17	5
20	18	3
20	19	2
21	0	3
21	1	1
21	2	4
21	3	4
21	5	7
21	6	5
21	7	4
21	8	3
21	9	4
21	10	3
21	11	3
21	12	10
21	13	6
21	14	7
21	15	5
21	16	5
21	17	2
21	18	2
21	19	1
21	20	3
22	1	3
22	2	5
22	3	3
22	4	10
22	5	9
22	6	4
22	7	5
22	8	5
22	9	2
22	10	3
22	11	4
22	12	3
22	13	4
22	14	6
22	15	3
22	16	6
22	18	5
22	19	2
22	20	4
22	21	3
23	0	1
23	1	3
23	3	5
23	4	4
23	5	1
23	7	2
23	8	1
23	9	1
23	10	2
23	11	4
23	12	2
23	13	3
23	14	4
23	15	4
23	17	1
23	18	4
23	19	4
23	20	5
23	21	1
23	22	1
24	0	2
24	1	3
24	2	1
24	3	4
24	4	6
24	5	3
24	7	1
24	8	2
24	9	2
24	10	6
24	11	8
24	12	2
24	13	6
24	14	5
24	15	4
24	16	3
24	17	1
24	18	5
24	19	5
24	20	2
24	21	5
24	22	2
24	23	6
25	0	2
25	1	8
25	2	4
25	3	3
25	4	5
25	5	1
25	6	1
25	7	2
25	8	3
25	9	4
25	10	3
25	11	6
25	12	1
25	13	3
25	14	3
25	15	2
25	16	2
25	17	4
25	18	4
25	19	1
25	20	1
25	21	4
25	22	3
25	23	1
25	24	3
26	1	2
26	4	1
26	5	1
26	7	2
26	8	2
26	10	2
26	11	1
26	13	4
26	14	1
26	15	1
26	18	2
26	19	2
26	22	1
26	23	4
26	24	4
26	25	1
27	1	2
27	2	2
27	4	1
27	5	1
27	7	1
27	8	2
27	9	5
27	10	3
27	11	4
27	13	2
27	15	3
27	17	1
27	18	1
27	19	1
27	24	6
27	25	2
27	26	2
28	0	2
28	1	4
28	2	2
28	3	3
28	4	5
28	5	2
28	6	5
28	7	2
28	8	1
28	9	2
28	10	3
28	11	2
28	12	6
28	13	1
28	14	5
28	15	4
28	16	2
28	17	1
28	18	5
28	20	2
28	21	1
28	22	5
28	23	4
28	24	1
28	26	2
28	27	3
29	0	2
29	1	1
29	4	3
29	5	1
29	10	2
29	14	1
29	16	3
29	19	1
29	20	1
29	23	3
29	26	4
29	27	5
29	28	1
30	1	1
30	3	2
30	5	3
30	8	2
30	9	2
30	10	3
30	11	1
30	12	1
30	13	2
30	14	2
30	17	1
30	18	3
30	19	2
30	20	3
30	22	1
30	26	2
30	28	2
30	29	8
31	4	2
31	5	2
31	8	1
31	9	4
31	10	3
31	11	3
31	24	1
31	25	2
31	27	3
31	29	7
31	30	3
32	0	1
32	1	3
32	4	1
32	8	2
32	9	2
32	10	3
32	11	2
32	12	1
32	13	2
32	14	2
32	15	1
32	18	2
32	23	2
32	24	2
32	25	5
32	27	6
32	28	4
32	30	4
32	31	14
33	0	2
33	1	3
33	2	1
33	3	3
33	4	3
33	5	3
33	8	2
33	10	3
33	11	3
33	12	1
33	13	2
33	14	4
33	15	1
33	18	5
33	19	2
33	21	3
33	22	1
33	23	2
33	24	3
33	25	4
33	26	3
33	27	2
33	28	1
33	29	6
33	30	4
33	31	9
33	32	6
34	1	2
34	3	1
34	4	4
34	5	1
34	6	2
34	8	2
34	10	2
34	11	6
34	12	4
34	13	3
34	14	3
34	15	4
34	18	5
34	19	2
34	21	1
34	22	1
34	23	5
34	24	2
34	25	7
34	26	2
34	27	2
34	28	1
34	29	1
34	30	2
34	31	1
34	32	7
34	33	6
35	0	1
35	1	3
35	2	2
35	3	2
35	8	5
35	9	1
35	10	2
35	11	2
35	12	2
35	13	1
35	14	2
35	15	1
35	16	2
35	17	3
35	18	3
35	19	3
35	20	5
35	22	3
35	24	3
35	25	4
35	26	5
35	27	7
35	28	3
35	29	6
35	30	3
35	31	3
35	32	7
35	33	13
35	34	6
36	1	3
36	2	1
36	3	1
36	4	2
36	6	1
36	7	2
36	8	1
36	10	3
36	11	2
36	12	1
36	13	2
36	14	1
36	16	2
36	18	2
36	23	1
36	24	3
36	25	3
36	26	2
36	27	2
36	28	2
36	29	2
36	30	2
36	31	3
36	32	5
36	33	4
36	34	8
36	35	7
37	0	2
37	1	1
37	3	1
37	4	4
37	5	1
37	6	3
37	7	1
37	8	4
37	10	3
37	11	2
37	12	4
37	13	3
37	15	3
37	18	1
37	19	2
37	21	1
37	24	1
37	25	1
37	26	6
37	27	1
37	29	3
37	30	3
37	31	6
37	32	9
37	33	6
37	34	4
37	35	13
37	36	4
38	0	1
38	1	3
38	2	6
38	3	2
38	4	1
38	5	4
38	6	5
38	8	5
38	10	5
38	11	3
38	12	3
38	13	2
38	14	3
38	15	1
38	16	1
38	17	1
38	18	7
38	19	2
38	20	3
38	21	1
38	22	3
38	23	4
38	24	4
38	25	3
38	26	1
38	27	4
38	28	6
38	29	1
38	30	3
38	31	5
38	32	6
38	33	3
38	34	4
38	35	2
38	36	5
38	37	9
39	1	3
39	2	4
39	3	2
39	4	3
39	5	5
39	6	4
39	8	3
39	9	3
39	10	3
39	11	1
39	12	3
39	13	2
39	14	1
39	18	1
39	19	3
39	20	3
39	21	3
39	22	5
39	23	2
39	24	1
39	25	1
39	26	1
39	28	3
39	29	1
39	30	3
39	31	3
39	32	3
39	33	2
39	34	3
39	35	5
39	36	4
39	37	4
39	38	7
40	0	1
40	3	2
40	4	3
40	5	6
40	6	2
40	7	1
40	8	7
40	9	3
40	10	2
40	11	3
40	12	2
40	13	1
40	14	2
40	15	3
40	16	1
40	17	1
40	18	6
40	20	1
40	21	1
40	22	2
40	23	2
40	24	2
40	25	3
40	26	1
40	27	2
40	28	9
40	29	4
40	30	2
40	31	2
40	32	3
40	33	3
40	34	5
40	35	6
40	36	3
40	37	7
40	38	6
40	39	2
41	1	3
41	4	2
41	6	1
41	8	4
41	9	3
41	10	4
41	11	2
41	12	3
41	13	1
41	14	3
41	16	1
41	18	3
41	20	2
41	22	2
41	24	2
41	25	2
41	26	1
41	27	2
41	28	5
41	29	2
41	30	3
41	31	4
41	32	3
41	33	2
41	34	1
41	35	3
41	36	2
41	37	9
41	38	7
41	39	4
41	40	5
42	1	1
42	3	3
42	4	4
42	5	2
42	6	1
42	8	1
42	10	2
42	11	5
42	12	1
42	14	1
42	19	1
42	20	1
42	23	1
42	24	2
42	25	1
42	26	3
42	27	3
42	28	6
42	29	1
42	30	2
42	31	3
42	32	5
42	33	4
42	34	5
42	35	3
42	36	2
42	37	4
42	38	13
42	39	3
42	40	8
42	41	8
43	1	2
43	2	1
43	4	2
43	7	1
43	8	1
43	9	1
43	11	3
43	13	4
43	14	1
43	20	3
43	23	2
43	24	2
43	25	5
43	26	3
43	27	3
43	28	4
43	29	4
43	30	5
43	31	5
43	32	2
43	33	2
43	34	5
43	35	5
43	36	3
43	37	10
43	38	6
43	39	6
43	40	3
43	41	7
43	42	9
44	4	3
44	5	1
44	7	3
44	8	1
44	10	2
44	11	3
44	18	1
44	21	2
44	23	1
44	24	3
44	25	1
44	26	1
44	27	3
44	28	4
44	30	1
44	31	4
44	32	3
44	33	3
44	34	1
44	35	3
44	36	1
44	37	3
44	38	6
44	39	10
44	40	5
44	41	1
44	42	3
44	43	8
45	0	1
45	2	2
45	3	1
45	5	1
45	6	1
45	10	1
45	11	2
45	15	2
45	22	1
45	24	2
45	25	1
45	26	1
45	27	1
45	28	4
45	29	6
45	30	2
45	31	4
45	33	2
45	34	1
45	35	4
45	36	1
45	37	4
45	38	10
45	39	7
45	40	7
45	41	2
45	42	2
45	43	5
45	44	5
46	0	1
46	8	1
46	10	2
46	11	1
46	13	3
46	14	1
46	17	2
46	18	1
46	22	2
46	23	4
46	25	5
46	26	2
46	28	2
46	29	2
46	30	3
46	31	4
46	32	3
46	33	3
46	34	4
46	35	4
46	37	2
46	38	2
46	39	3
46	41	7
46	42	2
46	43	2
46	44	9
46	45	5
47	0	1
47	1	2
47	3	1
47	9	1
47	10	3
47	11	2
47	12	2
47	13	5
47	15	5
47	16	2
47	18	1
47	20	2
47	21	3
47	24	2
47	25	1
47	26	4
47	27	2
47	28	5
47	29	4
47	30	2
47	32	2
47	33	5
47	34	7
47	35	5
47	36	7
47	37	3
47	38	6
47	40	1
47	41	1
47	42	2
47	43	1
47	44	2
47	45	9
47	46	8
48	1	5
48	2	3
48	4	2
48	5	2
48	6	2
48	7	1
48	8	4
48	9	4
48	10	3
48	11	3
48	12	1
48	13	2
48	14	3
48	15	2
48	16	2
48	18	4
48	19	3
48	20	2
48	21	2
48	22	1
48	23	3
48	24	9
48	25	6
48	26	1
48	28	2
48	29	3
48	30	1
48	31	2
48	32	2
48	33	1
48	34	9
48	35	2
48	36	2
48	37	1
48	38	3
48	39	2
48	40	6
48	41	3
48	42	3
48	44	2
48	45	1
48	47	2
49	0	1
49	1	6
49	2	1
49	3	4
49	4	5
49	5	4
49	6	7
49	7	6
49	8	1
49	9	5
49	10	1
49	11	3
49	12	6
49	13	2
49	14	3
49	15	3
49	16	1
49	17	2
49	19	2
49	20	2
49	21	3
49	23	2
49	24	6
49	25	11
49	26	2
49	27	3
49	28	8
49	29	3
49	30	2
49	31	1
49	32	6
49	33	5
49	34	9
49	35	3
49	36	10
49	37	9
49	38	3
49	39	4
49	40	4
49	41	4
49	42	2
49	43	4
49	44	2
49	45	2
49	46	4
49	47	6
49	48	12
50	0	2
50	1	2
50	2	1
50	4	1
50	8	1
50	9	2
50	10	1
50	11	3
50	12	3
50	14	4
50	15	2
50	18	2
50	19	6
50	20	1
50	21	2
50	23	1
50	24	4
50	25	1
50	26	5
50	27	4
50	28	2
50	29	1
50	30	4
50	31	2
50	32	2
50	33	1
50	34	13
50	35	5
50	36	3
50	37	2
50	38	3
50	39	1
50	41	1
50	42	1
50	46	4
50	47	4
50	48	5
50	49	4
51	1	7
51	2	1
51	3	3
51	4	1
51	5	2
51	6	2
51	7	1
51	8	2
51	9	3
51	10	5
51	11	2
51	12	2
51	13	1
51	14	5
51	15	1
51	18	3
51	19	2
51	20	1
51	21	2
51	22	3
51	23	1
51	24	4
51	25	6
51	26	1
51	27	2
51	28	12
51	29	1
51	30	7
51	31	1
51	32	1
51	33	6
51	34	11
51	35	10
51	36	6
51	37	4
51	38	14
51	39	5
51	40	7
51	41	6
51	42	6
51	43	1
51	44	3
51	45	1
51	46	3
51	47	2
51	48	2
51	49	15
51	50	2
52	1	1
52	2	1
52	3	2
52	4	3
52	5	4
52	7	1
52	8	3
52	9	2
52	10	8
52	11	5
52	13	2
52	14	2
52	15	4
52	17	1
52	19	1
52	20	4
52	21	1
52	22	1
52	24	4
52	25	2
52	26	4
52	27	1
52	28	1
52	30	5
52	31	1
52	32	3
52	33	2
52	34	1
52	35	5
52	36	5
52	37	3
52	38	8
52	39	3
52	40	4
52	41	2
52	42	4
52	43	1
52	44	6
52	45	2
52	46	4
52	47	1
52	48	3
52	49	7
52	50	5
52	51	8
53	1	4
53	2	1
53	3	2
53	4	2
53	5	1
53	6	5
53	7	3
53	8	5
53	9	1
53	10	2
53	11	4
53	12	2
53	13	3
53	14	4
53	15	4
53	17	3
53	18	1
53	19	2
53	20	1
53	21	1
53	23	2
53	24	7
53	25	3
53	26	5
53	27	5
53	28	10
53	29	2
53	30	2
53	31	2
53	32	2
53	33	5
53	34	2
53	35	2
53	36	2
53	37	7
53	38	14
53	39	9
53	40	7
53	41	2
53	42	7
53	43	7
53	44	1
53	45	3
53	46	5
53	47	3
53	48	4
53	49	3
53	50	3
53	51	6
53	52	7
54	1	2
54	2	3
54	3	2
54	4	2
54	8	1
54	9	5
54	10	2
54	11	4
54	12	4
54	13	1
54	14	6
54	15	6
54	18	5
54	19	4
54	20	5
54	21	3
54	22	1
54	23	3
54	24	3
54	25	3
54	26	2
54	27	4
54	28	6
54	29	4
54	30	2
54	31	1
54	32	4
54	33	1
54	34	3
54	35	5
54	36	2
54	37	1
54	38	4
54	39	1
54	40	4
54	41	3
54	42	2
54	43	3
54	44	4
54	45	1
54	46	2
54	47	2
54	48	4
54	49	3
54	50	1
54	51	4
54	53	4
55	1	1
55	3	2
55	4	4
55	5	2
55	6	2
55	7	1
55	8	1
55	9	2
55	10	3
55	11	10
55	12	2
55	13	3
55	14	1
55	15	2
55	17	2
55	18	3
55	19	7
55	20	3
55	21	2
55	22	4
55	23	3
55	24	2
55	25	6
55	26	3
55	27	1
55	28	9
55	29	1
55	30	3
55	31	4
55	32	1
55	33	3
55	34	5
55	35	9
55	36	6
55	37	4
55	38	11
55	39	10
55	40	7
55	41	2
55	42	7
55	43	2
55	44	2
55	45	4
55	47	3
55	48	3
55	49	10
55	50	3
55	51	9
55	52	6
55	53	5
55	54	8
56	1	2
56	3	5
56	4	1
56	5	1
56	8	3
56	9	4
56	10	3
56	14	2
56	15	1
56	16	1
56	18	3
56	19	5
56	20	3
56	21	3
56	23	3
56	24	1
56	25	3
56	26	3
56	27	1
56	28	5
56	30	2
56	31	2
56	32	1
56	33	5
56	34	4
56	35	3
56	36	3
56	37	2
56	38	8
56	39	5
56	40	3
56	41	5
56	42	4
56	43	5
56	44	5
56	45	1
56	46	2
56	47	3
56	48	6
56	49	5
56	51	4
56	52	8
56	53	5
56	54	5
56	55	6
57	1	4
57	2	3
57	4	1
57	9	1
57	10	2
57	11	1
57	12	2
57	14	1
57	15	1
57	18	1
57	19	3
57	20	2
57	22	1
57	23	1
57	25	2
57	26	2
57	27	8
57	28	3
57	29	3
57	30	2
57	31	1
57	32	3
57	33	2
57	34	8
57	35	4
57	36	6
57	37	3
57	38	3
57	39	1
57	40	2
57	41	2
57	42	5
57	43	2
57	44	1
57	45	3
57	46	1
57	47	5
57	48	3
57	49	4
57	50	4
57	51	4
57	52	4
57	53	5
57	54	5
57	55	6
57	56	8
58	2	3
58	3	2
58	4	2
58	6	1
58	9	2
58	10	3
58	16	1
58	17	1
58	18	1
58	24	2
58	25	1
58	27	6
58	28	4
58	29	1
58	30	2
58	31	4
58	32	3
58	33	3
58	34	4
58	35	3
58	36	2
58	37	1
58	38	6
58	39	5
58	40	3
58	41	8
58	42	1
58	43	4
58	44	6
58	45	3
58	46	6
58	47	6
58	48	1
58	49	4
58	50	1
58	51	2
58	52	6
58	53	6
58	54	3
58	55	9
58	56	6
58	57	10
59	1	5
59	2	3
59	3	5
59	4	5
59	5	3
59	6	4
59	8	1
59	9	3
59	10	4
59	11	2
59	12	4
59	13	1
59	14	2
59	15	3
59	16	1
59	18	2
59	19	2
59	20	5
59	21	4
59	22	7
59	23	5
59	24	3
59	25	5
59	26	4
59	27	3
59	28	6
59	30	2
59	31	2
59	32	3
59	33	1
59	34	1
59	35	7
59	36	6
59	37	3
59	38	5
59	39	4
59	40	6
59	41	1
59	42	1
59	44	3
59	45	2
59	46	6
59	47	3
59	48	3
59	49	4
59	50	3
59	51	6
59	52	12
59	53	2
59	54	9
59	55	6
59	56	3
59	57	18
59	58	2
60	0	2
60	1	1
60	2	2
60	3	2
60	4	1
60	7	2
60	8	4
60	10	3
60	12	2
60	13	2
60	14	4
60	15	4
60	17	3
60	18	3
60	19	1
60	20	1
60	23	2
60	24	3
60	25	2
60	26	1
60	27	5
60	28	2
60	29	5
60	30	2
60	31	1
60	32	3
60	33	6
60	34	3
60	35	2
60	36	2
60	37	3
60	38	7
60	39	2
60	40	2
60	41	2
60	42	3
60	43	3
60	44	1
60	45	4
60	46	1
60	47	11
60	49	7
60	50	1
60	51	4
60	52	5
60	53	6
60	54	3
60	55	6
60	56	2
60	57	6
60	58	8
60	59	4
