1	0	1
2	0	6
2	1	5
3	0	2
3	1	4
3	2	1
4	0	2
4	1	2
4	2	15
4	3	12
5	0	1
5	1	2
5	2	9
5	3	4
5	4	7
6	0	1
6	1	1
6	2	4
6	3	1
6	4	4
6	5	3
7	0	4
7	1	1
7	3	1
7	5	2
7	6	4
8	0	1
8	1	6
8	2	4
8	3	3
8	4	6
8	5	6
8	6	4
8	7	5
9	0	4
9	1	7
9	2	3
9	3	5
9	4	2
9	5	2
9	6	4
9	7	9
9	8	7
10	0	1
10	1	3
10	2	5
10	3	2
10	4	3
10	5	3
10	6	9
10	7	5
10	8	1
10	9	9
11	0	2
11	1	5
11	2	2
11	3	3
11	4	4
11	5	6
11	6	3
11	7	4
11	8	4
11	9	6
11	10	7
12	0	1
12	1	5
12	2	14
12	3	3
12	4	2
12	5	7
12	6	7
12	7	5
12	8	12
12	9	8
12	10	8
12	11	2
13	0	7
13	1	9
13	2	5
13	3	1
13	4	6
13	5	1
13	6	5
13	7	8
13	8	10
13	9	6
13	10	11
13	11	6
13	12	8
14	0	4
14	1	4
14	2	7
14	3	5
14	4	5
14	5	5
14	6	2
14	7	2
14	8	4
14	9	3
14	10	9
14	11	1
14	12	10
14	13	5
15	0	8
15	1	6
15	2	5
15	3	5
15	4	7
15	5	4
15	6	2
15	7	4
15	8	11
15	9	6
15	10	8
15	11	3
15	12	4
15	13	9
15	14	13
16	0	2
16	1	2
16	2	8
16	3	5
16	4	3
16	5	1
16	6	2
16	7	1
16	8	4
16	10	2
16	11	2
16	12	3
16	13	4
16	14	2
16	15	4
17	0	2
17	1	1
17	2	4
17	3	5
17	4	2
17	5	2
17	6	3
17	7	6
17	8	5
17	9	4
17	10	2
17	11	2
17	12	2
17	13	13
17	14	3
17	15	12
17	16	8
18	0	2
18	1	3
18	2	3
18	3	2
18	4	7
18	5	6
18	6	3
18	7	2
18	8	4
18	9	4
18	10	4
18	11	2
18	12	3
18	13	4
18	14	8
18	15	6
18	16	6
18	17	1
19	0	2
19	1	4
19	2	7
19	3	4
19	4	9
19	6	5
19	8	4
19	9	2
19	10	1
19	12	4
19	13	2
19	14	2
19	15	10
19	16	2
19	17	2
19	18	1
20	0	2
20	1	1
20	2	5
20	3	2
20	4	10
20	5	2
20	6	5
20	7	2
20	8	5
20	9	3
20	10	4
20	11	3
20	12	7
20	13	4
20	14	5
20	15	7
20	16	4
20	17	2
20	18	3
20	19	6
21	0	3
21	1	2
21	2	7
21	4	1
21	5	11
21	6	3
21	7	4
21	8	4
21	9	6
21	10	5
21	11	3
21	12	4
21	13	3
21	14	3
21	15	11
21	16	2
21	17	4
21	18	2
21	19	4
21	20	2
22	1	2
22	2	3
22	4	10
22	5	5
22	6	6
22	7	3
22	8	2
22	9	2
22	10	1
22	12	3
22	13	3
22	15	4
22	16	3
22	17	5
22	18	1
22	19	4
22	20	4
22	21	2
23	1	3
23	2	3
23	3	2
23	4	9
23	7	2
23	8	3
23	9	1
23	10	3
23	11	3
23	12	2
23	13	1
23	14	4
23	15	4
23	17	1
23	18	3
23	19	6
23	20	7
23	21	2
23	22	3
24	1	7
24	2	2
24	3	1
24	4	2
24	5	4
24	6	3
24	7	1
24	8	3
24	9	2
24	10	3
24	11	3
24	12	4
24	13	4
24	14	4
24	15	6
24	16	2
24	17	6
24	18	3
24	20	6
24	21	1
24	22	6
24	23	2
25	0	1
25	1	6
25	2	2
25	3	1
25	4	7
25	5	2
25	6	4
25	7	3
25	8	3
25	9	5
25	10	7
25	11	5
25	12	6
25	13	4
25	14	2
25	15	7
25	16	1
25	17	2
25	19	1
25	20	2
25	21	3
25	24	1
26	0	1
26	1	2
26	2	1
26	4	3
26	5	2
26	7	1
26	8	1
26	10	2
26	11	2
26	12	4
26	13	3
26	14	3
26	15	1
26	17	3
26	19	2
26	20	3
26	22	2
26	23	2
26	24	1
26	25	2
27	1	4
27	3	1
27	4	3
27	5	2
27	8	4
27	10	1
27	11	2
27	12	2
27	13	3
27	14	3
27	15	2
27	17	2
27	18	2
27	19	2
27	22	1
27	23	1
27	24	2
27	25	5
27	26	5
28	0	1
28	1	3
28	2	2
28	3	5
28	4	2
28	5	2
28	6	7
28	7	3
28	8	3
28	9	2
28	10	8
28	11	4
28	12	6
28	13	3
28	14	4
28	15	4
28	17	1
28	18	5
28	19	3
28	20	7
28	21	2
28	22	9
28	23	5
28	24	3
28	25	2
28	27	1
29	0	1
29	1	2
29	4	1
29	5	1
29	8	1
29	10	1
29	12	2
29	16	1
29	18	1
29	19	1
29	23	2
29	27	2
30	1	1
30	5	1
30	7	4
30	8	4
30	9	1
30	10	3
30	11	3
30	12	1
30	13	1
30	14	2
30	19	1
30	22	1
30	25	3
30	26	1
30	27	5
30	28	2
30	29	7
31	4	2
31	5	2
31	8	1
31	10	5
31	11	2
31	14	2
31	15	1
31	19	2
31	21	2
31	22	1
31	23	3
31	24	4
31	25	2
31	26	2
31	27	2
31	29	3
31	30	16
32	0	1
32	1	4
32	2	1
32	4	3
32	8	1
32	9	1
32	10	4
32	11	2
32	12	3
32	13	1
32	14	2
32	15	1
32	16	3
32	18	2
32	20	1
32	22	1
32	23	4
32	24	5
32	25	3
32	26	1
32	27	4
32	28	1
32	29	5
32	30	6
32	31	7
33	1	2
33	2	1
33	3	2
33	4	2
33	5	2
33	8	3
33	9	1
33	10	1
33	11	5
33	12	1
33	13	3
33	14	1
33	15	3
33	18	2
33	19	1
33	21	1
33	22	2
33	23	1
33	25	2
33	26	3
33	27	4
33	28	1
33	29	5
33	30	6
33	31	2
33	32	2
34	1	6
34	2	2
34	3	1
34	4	2
34	5	1
34	6	1
34	9	3
34	10	2
34	11	2
34	12	3
34	13	3
34	14	2
34	15	3
34	17	2
34	18	4
34	19	1
34	20	2
34	21	1
34	22	1
34	23	4
34	24	3
34	25	5
34	26	5
34	27	1
34	28	3
34	29	2
34	30	2
34	31	5
34	32	4
34	33	9
35	0	2
35	1	2
35	2	2
35	3	1
35	4	2
35	6	2
35	8	1
35	10	3
35	11	4
35	12	2
35	13	3
35	14	3
35	15	2
35	18	3
35	19	4
35	20	1
35	21	3
35	22	3
35	24	2
35	25	2
35	26	2
35	27	2
35	28	2
35	29	2
35	30	1
35	31	5
35	32	12
35	33	8
35	34	9
36	1	4
36	2	1
36	4	1
36	6	1
36	7	1
36	11	5
36	12	1
36	13	1
36	15	3
36	16	1
36	22	2
36	23	3
36	25	6
36	26	3
36	27	2
36	28	1
36	29	2
36	30	2
36	31	1
36	32	3
36	33	4
36	34	3
36	35	7
37	0	1
37	1	1
37	2	1
37	3	2
37	4	1
37	5	5
37	6	1
37	8	2
37	9	4
37	10	1
37	11	6
37	12	2
37	14	1
37	15	3
37	18	1
37	19	2
37	20	2
37	24	2
37	25	4
37	26	5
37	27	2
37	28	2
37	29	3
37	30	7
37	31	5
37	32	8
37	33	4
37	34	4
37	35	4
37	36	3
38	0	2
38	1	8
38	2	3
38	3	1
38	4	2
38	5	4
38	6	1
38	7	2
38	8	3
38	9	4
38	10	6
38	11	1
38	12	4
38	13	4
38	14	3
38	15	6
38	16	1
38	17	1
38	18	1
38	19	4
38	20	3
38	21	3
38	24	1
38	25	2
38	26	4
38	27	5
38	28	8
38	29	2
38	30	3
38	31	2
38	32	1
38	33	8
38	34	2
38	35	8
38	36	7
38	37	8
39	2	2
39	3	1
39	4	1
39	5	2
39	6	1
39	7	1
39	8	2
39	9	2
39	10	9
39	11	4
39	13	3
39	14	4
39	15	1
39	18	2
39	19	1
39	20	1
39	21	4
39	22	1
39	23	1
39	24	1
39	25	2
39	26	3
39	27	4
39	28	8
39	30	1
39	31	2
39	32	1
39	33	3
39	34	1
39	35	1
39	36	2
39	37	4
39	38	4
40	0	2
40	1	2
40	2	2
40	3	1
40	4	3
40	5	4
40	6	6
40	7	2
40	8	2
40	9	4
40	10	5
40	11	7
40	13	5
40	14	6
40	15	2
40	16	4
40	17	1
40	18	6
40	19	2
40	20	3
40	21	1
40	22	2
40	23	1
40	24	7
40	25	3
40	26	2
40	27	5
40	28	3
40	29	4
40	30	6
40	31	3
40	32	8
40	33	4
40	34	9
40	35	2
40	36	4
40	37	5
40	38	6
40	39	6
41	1	1
41	4	3
41	5	2
41	6	2
41	8	7
41	9	1
41	10	2
41	11	6
41	12	2
41	13	3
41	14	3
41	15	3
41	18	3
41	20	4
41	22	4
41	24	1
41	27	2
41	28	6
41	29	1
41	30	6
41	31	5
41	32	5
41	33	2
41	34	6
41	35	2
41	36	2
41	37	8
41	38	5
41	39	8
41	40	4
42	1	3
42	2	1
42	3	1
42	5	1
42	6	2
42	8	1
42	9	2
42	10	3
42	11	1
42	13	1
42	15	2
42	17	1
42	18	2
42	19	2
42	20	1
42	24	5
42	25	2
42	26	1
42	27	2
42	28	2
42	29	3
42	30	3
42	31	2
42	32	4
42	33	3
42	34	3
42	35	2
42	36	3
42	37	6
42	38	5
42	39	7
42	40	3
42	41	9
43	0	1
43	1	1
43	3	2
43	5	1
43	8	1
43	9	1
43	10	5
43	15	2
43	16	1
43	17	4
43	18	5
43	20	1
43	21	2
43	23	4
43	24	3
43	26	6
43	27	2
43	28	3
43	29	4
43	30	3
43	31	4
43	32	1
43	33	5
43	34	7
43	35	2
43	36	6
43	37	5
43	38	6
43	39	7
43	40	6
43	41	9
43	42	11
44	4	2
44	5	2
44	7	2
44	8	2
44	11	2
44	12	1
44	19	4
44	20	1
44	23	4
44	26	1
44	27	1
44	28	7
44	30	1
44	31	1
44	32	5
44	33	1
44	34	2
44	35	6
44	36	1
44	37	3
44	38	5
44	39	9
44	40	5
44	41	2
44	42	7
44	43	5
45	0	1
45	2	2
45	3	2
45	5	1
45	9	1
45	15	2
45	16	1
45	20	3
45	24	3
45	25	3
45	26	2
45	27	1
45	28	5
45	29	3
45	30	4
45	31	2
45	32	5
45	33	1
45	34	1
45	35	3
45	36	3
45	37	5
45	38	2
45	39	3
45	40	2
45	41	2
45	42	4
45	43	10
45	44	2
46	0	1
46	1	4
46	2	5
46	3	1
46	4	2
46	8	1
46	10	3
46	11	1
46	13	4
46	14	1
46	18	1
46	23	1
46	24	2
46	25	1
46	26	2
46	27	5
46	29	7
46	31	6
46	32	5
46	33	5
46	34	2
46	35	7
46	36	6
46	37	5
46	38	4
46	40	3
46	41	1
46	42	1
46	43	11
46	44	2
46	45	8
47	1	2
47	2	3
47	3	3
47	4	2
47	10	4
47	11	2
47	12	1
47	15	2
47	16	1
47	18	1
47	20	1
47	21	1
47	23	3
47	24	2
47	25	3
47	26	1
47	27	5
47	28	4
47	29	4
47	31	3
47	32	4
47	33	4
47	34	1
47	35	9
47	36	7
47	37	2
47	38	6
47	40	1
47	41	3
47	42	3
47	43	2
47	44	4
47	45	4
47	46	9
48	1	7
48	2	2
48	3	1
48	4	2
48	5	3
48	6	2
48	7	1
48	8	1
48	9	1
48	10	4
48	11	5
48	12	2
48	13	1
48	14	2
48	15	4
48	16	2
48	18	2
48	19	1
48	20	2
48	21	1
48	22	2
48	23	2
48	24	5
48	25	4
48	26	5
48	27	5
48	28	5
48	29	2
48	30	5
48	31	2
48	32	2
48	33	4
48	34	3
48	35	7
48	36	3
48	37	1
48	38	4
48	39	7
48	40	7
48	41	3
48	42	3
48	43	3
48	44	2
48	46	5
48	47	3
49	0	3
49	1	5
49	2	2
49	3	1
49	4	3
49	5	2
49	6	1
49	7	1
49	8	2
49	9	5
49	10	5
49	11	7
49	12	5
49	14	5
49	16	4
49	17	1
49	18	2
49	19	8
49	20	2
49	21	3
49	22	2
49	23	2
49	24	10
49	25	5
49	26	6
49	27	4
49	28	1
49	29	5
49	30	3
49	31	1
49	32	4
49	33	7
49	34	6
49	35	6
49	36	9
49	37	6
49	38	7
49	39	5
49	40	7
49	41	2
49	43	6
49	44	2
49	45	3
49	46	2
49	47	6
49	48	12
50	0	1
50	1	1
50	2	3
50	3	1
50	4	2
50	7	1
50	8	3
50	9	1
50	10	3
50	11	2
50	12	2
50	13	1
50	14	3
50	15	3
50	18	2
50	20	2
50	21	1
50	23	1
50	24	5
50	25	5
50	26	3
50	27	4
50	28	3
50	29	2
50	30	2
50	31	1
50	32	4
50	33	1
50	34	1
50	36	3
50	38	4
50	39	5
50	40	3
50	41	1
50	42	2
50	43	3
50	46	2
50	47	1
50	48	2
50	49	6
51	1	1
51	2	1
51	3	1
51	5	2
51	10	2
51	11	6
51	12	5
51	13	2
51	14	2
51	15	1
51	18	1
51	19	5
51	20	1
51	21	2
51	22	2
51	23	2
51	24	6
51	25	5
51	26	4
51	27	2
51	28	2
51	30	6
51	31	2
51	32	6
51	33	3
51	34	11
51	35	9
51	36	7
51	37	5
51	38	15
51	39	7
51	40	4
51	41	2
51	42	4
51	43	6
51	44	3
51	45	3
51	46	2
51	47	4
51	48	3
51	49	7
51	50	4
52	1	2
52	2	4
52	3	1
52	4	1
52	7	1
52	8	1
52	9	1
52	11	2
52	12	5
52	13	2
52	14	3
52	15	4
52	18	2
52	19	1
52	21	1
52	22	1
52	24	8
52	25	1
52	26	4
52	27	1
52	28	5
52	29	1
52	30	3
52	31	2
52	32	4
52	33	2
52	34	5
52	35	6
52	36	6
52	37	7
52	38	13
52	39	1
52	40	4
52	42	5
52	43	1
52	44	2
52	45	4
52	46	2
52	47	7
52	48	5
52	49	4
52	50	4
52	51	3
53	1	2
53	3	1
53	4	3
53	5	1
53	6	1
53	7	4
53	8	2
53	9	2
53	10	3
53	11	1
53	12	3
53	13	2
53	14	6
53	15	3
53	17	3
53	18	1
53	19	2
53	20	4
53	21	1
53	22	3
53	23	3
53	24	11
53	25	2
53	27	3
53	28	5
53	29	1
53	30	5
53	31	1
53	32	1
53	33	3
53	34	5
53	35	6
53	36	1
53	37	7
53	38	22
53	39	9
53	40	10
53	41	3
53	42	5
53	43	8
53	44	6
53	46	4
53	47	4
53	48	5
53	49	3
53	50	4
53	51	6
53	52	7
54	1	1
54	2	3
54	3	3
54	4	1
54	5	2
54	8	1
54	9	3
54	10	2
54	11	3
54	12	1
54	13	2
54	14	2
54	16	2
54	17	2
54	18	4
54	19	1
54	20	5
54	21	1
54	22	2
54	23	4
54	24	3
54	25	4
54	26	1
54	27	2
54	28	5
54	29	1
54	30	1
54	31	1
54	32	2
54	33	1
54	34	5
54	35	2
54	36	2
54	37	4
54	38	4
54	39	5
54	40	3
54	41	2
54	43	5
54	44	3
54	45	1
54	46	1
54	47	5
54	48	1
54	49	2
54	50	3
54	51	8
54	52	7
54	53	4
55	1	5
55	2	2
55	3	2
55	4	2
55	5	3
55	6	2
55	7	1
55	8	3
55	9	5
55	10	5
55	11	3
55	12	9
55	13	4
55	14	3
55	15	2
55	16	1
55	17	1
55	18	4
55	19	1
55	20	3
55	21	3
55	22	1
55	23	4
55	24	3
55	25	1
55	26	2
55	27	3
55	28	7
55	30	2
55	32	2
55	33	5
55	34	7
55	35	1
55	36	1
55	37	1
55	38	4
55	39	10
55	40	4
55	41	3
55	42	5
55	43	9
55	44	3
55	45	2
55	46	4
55	47	3
55	48	5
55	49	10
55	50	2
55	51	8
55	52	13
55	53	4
55	54	5
56	1	1
56	2	3
56	3	2
56	4	4
56	5	2
56	8	1
56	11	2
56	12	2
56	14	3
56	15	4
56	17	3
56	19	2
56	20	3
56	21	2
56	22	4
56	24	1
56	27	2
56	28	7
56	30	2
56	31	4
56	32	1
56	33	2
56	34	1
56	35	8
56	36	3
56	37	3
56	38	12
56	39	13
56	40	4
56	41	2
56	42	4
56	43	4
56	44	3
56	45	1
56	46	3
56	47	1
56	48	3
56	49	5
56	50	1
56	51	3
56	52	7
56	53	7
56	54	5
56	55	6
57	1	4
57	2	4
57	3	2
57	4	1
57	6	2
57	8	1
57	9	1
57	10	4
57	11	1
57	13	3
57	14	2
57	16	2
57	19	1
57	20	4
57	22	1
57	23	4
57	24	1
57	26	6
57	27	3
57	29	4
57	30	2
57	31	4
57	32	6
57	33	5
57	34	6
57	35	2
57	36	6
57	37	1
57	38	4
57	39	2
57	40	2
57	41	1
57	42	3
57	43	2
57	44	2
57	45	2
57	46	4
57	47	5
57	48	4
57	49	5
57	50	1
57	51	13
57	52	6
57	53	3
57	54	2
57	55	4
57	56	3
58	0	3
58	1	1
58	2	2
58	3	3
58	4	4
58	7	1
58	9	2
58	10	1
58	14	3
58	18	1
58	24	4
58	25	2
58	26	2
58	27	2
58	28	2
58	29	1
58	30	2
58	31	6
58	32	1
58	33	2
58	34	2
58	35	7
58	36	3
58	37	3
58	38	12
58	40	4
58	41	3
58	42	3
58	43	3
58	44	3
58	45	5
58	46	5
58	47	9
58	48	2
58	49	7
58	50	6
58	51	6
58	52	3
58	53	5
58	54	2
58	55	3
58	56	5
58	57	8
59	1	3
59	2	1
59	3	5
59	4	5
59	6	1
59	8	5
59	9	4
59	10	7
59	11	3
59	12	2
59	13	2
59	14	1
59	15	4
59	16	2
59	17	1
59	18	1
59	19	3
59	21	1
59	22	2
59	23	10
59	24	4
59	25	4
59	26	3
59	27	1
59	28	3
59	30	2
59	31	1
59	33	1
59	34	2
59	35	5
59	36	7
59	37	3
59	38	3
59	39	4
59	40	6
59	41	4
59	42	1
59	43	2
59	44	4
59	45	5
59	46	1
59	47	2
59	48	3
59	49	6
59	50	5
59	51	2
59	52	18
59	53	8
59	54	3
59	55	2
59	56	2
59	57	11
59	58	2
60	1	1
60	2	3
60	4	1
60	8	2
60	10	2
60	11	1
60	12	1
60	13	1
60	14	3
60	17	3
60	18	2
60	19	2
60	20	2
60	23	2
60	24	2
60	25	3
60	26	9
60	27	3
60	28	3
60	29	3
60	30	3
60	31	5
60	32	1
60	33	4
60	34	2
60	35	7
60	36	5
60	37	2
60	38	4
60	40	1
60	41	1
60	42	3
60	43	5
60	44	1
60	45	2
60	46	5
60	47	3
60	48	2
60	49	3
60	50	1
60	51	4
60	52	4
60	53	3
60	54	6
60	55	3
60	56	2
60	57	4
60	58	6
60	59	1
