1	0	6
2	0	3
2	1	3
3	0	1
3	1	2
3	2	4
4	0	6
4	1	3
4	2	8
4	3	13
5	0	3
5	1	1
5	2	1
5	3	1
5	4	6
6	0	4
6	1	3
6	2	2
6	3	2
6	4	3
6	5	2
7	0	5
7	1	1
7	2	2
7	4	1
7	5	5
7	6	2
8	1	6
8	2	4
8	3	3
8	4	7
8	5	6
8	6	7
8	7	13
9	0	2
9	1	5
9	2	1
9	3	1
9	4	3
9	5	4
9	6	7
9	7	6
9	8	7
10	0	3
10	1	6
10	2	6
10	4	7
10	5	2
10	6	4
10	7	4
10	8	3
10	9	11
11	1	6
11	2	1
11	3	3
11	4	3
11	5	2
11	6	3
11	7	8
11	8	5
11	9	8
11	10	9
12	0	1
12	1	7
12	2	5
12	3	3
12	4	3
12	5	1
12	6	3
12	7	4
12	8	14
12	9	7
12	10	12
12	11	4
13	0	2
13	1	8
13	2	3
13	3	1
13	4	1
13	5	2
13	6	3
13	7	1
13	8	11
13	9	9
13	10	7
13	11	4
13	12	14
14	0	4
14	1	5
14	2	9
14	3	5
14	4	13
14	5	2
14	6	2
14	7	3
14	8	3
14	9	4
14	10	2
14	11	2
14	12	9
14	13	8
15	0	5
15	1	4
15	2	8
15	3	5
15	4	3
15	5	4
15	6	3
15	7	4
15	8	8
15	9	9
15	10	6
15	11	2
15	12	8
15	13	5
15	14	11
16	0	5
16	1	1
16	2	3
16	3	2
16	4	2
16	6	2
16	8	4
16	9	3
16	10	2
16	11	1
16	12	2
16	13	4
16	14	2
16	15	3
17	0	5
17	1	6
17	2	3
17	3	4
17	4	2
17	5	3
17	6	1
17	7	1
17	8	5
17	9	4
17	10	1
17	11	3
17	12	4
17	13	8
17	14	4
17	15	8
17	16	11
18	0	1
18	1	3
18	2	5
18	3	1
18	4	7
18	5	2
18	6	8
18	8	4
18	9	3
18	10	11
18	11	4
18	12	5
18	13	4
18	14	6
18	15	1
18	16	3
19	0	1
19	1	5
19	2	6
19	3	8
19	4	11
19	7	3
19	8	3
19	9	4
19	10	1
19	11	2
19	12	3
19	13	7
19	14	3
19	15	3
19	16	4
19	17	7
19	18	4
20	0	1
20	1	5
20	2	7
20	3	4
20	4	7
20	5	8
20	6	1
20	7	1
20	8	5
20	9	3
20	10	4
20	11	2
20	12	5
20	13	5
20	14	8
20	15	6
20	16	4
20	17	5
20	18	6
20	19	7
21	0	2
21	1	3
21	2	6
21	3	2
21	4	4
21	5	3
21	6	1
21	7	2
21	8	5
21	9	3
21	10	3
21	11	3
21	12	6
21	13	2
21	14	3
21	15	3
21	16	5
21	17	5
21	18	2
21	19	3
21	20	4
22	1	3
22	2	1
22	3	2
22	4	7
22	5	11
22	6	3
22	7	1
22	8	1
22	10	3
22	12	4
22	13	1
22	14	3
22	15	2
22	16	1
22	17	2
22	18	4
22	19	3
22	20	6
22	21	7
23	0	3
23	1	3
23	2	3
23	3	3
23	4	4
23	5	1
23	7	2
23	8	2
23	10	5
23	11	1
23	13	2
23	14	2
23	15	5
23	17	2
23	18	3
23	19	8
23	20	1
23	21	1
23	22	2
24	0	4
24	1	5
24	2	2
24	3	2
24	4	4
24	5	1
24	6	3
24	7	1
24	8	3
24	9	1
24	10	1
24	11	4
24	12	4
24	13	5
24	14	3
24	15	3
24	17	3
24	18	3
24	19	8
24	20	2
24	21	6
24	22	3
24	23	5
25	0	4
25	1	4
25	2	3
25	3	2
25	4	3
25	5	3
25	6	2
25	7	2
25	8	7
25	9	3
25	10	4
25	11	7
25	12	5
25	13	3
25	14	2
25	15	5
25	16	1
25	17	3
25	18	2
25	19	5
25	20	2
25	21	2
25	22	2
25	23	3
25	24	1
26	0	1
26	1	2
26	2	2
26	4	3
26	7	5
26	8	3
26	10	1
26	11	6
26	13	1
26	14	2
26	15	2
26	19	1
26	20	1
26	23	2
26	24	4
26	25	1
27	1	2
27	2	2
27	3	1
27	4	2
27	5	2
27	7	1
27	8	4
27	9	2
27	10	2
27	11	1
27	12	3
27	13	1
27	14	2
27	15	2
27	17	1
27	18	2
27	19	4
27	22	2
27	23	2
27	24	6
27	25	6
27	26	4
28	1	2
28	2	2
28	3	1
28	4	7
28	5	1
28	6	4
28	7	3
28	8	3
28	9	7
28	10	2
28	11	3
28	12	2
28	13	6
28	14	3
28	15	1
28	16	1
28	17	1
28	18	3
28	19	4
28	20	7
28	21	5
28	22	7
28	23	3
28	24	2
28	25	6
28	26	3
28	27	3
29	0	2
29	4	1
29	7	2
29	10	3
29	13	1
29	14	1
29	16	3
29	18	3
29	20	4
29	24	1
29	25	4
29	26	1
29	27	5
29	28	1
30	1	1
30	3	1
30	5	4
30	7	2
30	8	2
30	9	1
30	10	1
30	11	1
30	12	2
30	13	1
30	14	1
30	17	3
30	18	3
30	19	3
30	20	2
30	25	2
30	26	3
30	27	2
30	28	2
30	29	6
31	4	2
31	5	2
31	8	2
31	9	3
31	11	2
31	14	1
31	21	1
31	24	3
31	25	2
31	26	5
31	27	1
31	28	3
31	29	6
31	30	10
32	4	5
32	8	3
32	11	1
32	12	1
32	13	1
32	14	6
32	18	2
32	20	1
32	22	1
32	25	5
32	26	2
32	27	4
32	28	5
32	29	8
32	30	3
32	31	3
33	0	3
33	1	6
33	2	2
33	3	1
33	4	2
33	5	4
33	8	1
33	9	5
33	10	2
33	11	2
33	12	1
33	13	1
33	14	4
33	15	1
33	18	3
33	19	2
33	21	1
33	22	2
33	23	1
33	24	4
33	25	3
33	26	3
33	27	7
33	28	5
33	29	4
33	30	3
33	31	5
33	32	6
34	1	7
34	3	3
34	4	2
34	6	3
34	8	3
34	9	6
34	11	3
34	12	2
34	13	2
34	14	4
34	15	5
34	18	2
34	19	2
34	21	4
34	22	1
34	23	3
34	24	4
34	25	6
34	26	5
34	28	3
34	29	1
34	30	4
34	31	1
34	32	4
34	33	5
35	0	2
35	1	1
35	2	1
35	4	4
35	5	5
35	6	4
35	8	3
35	9	2
35	10	3
35	11	3
35	12	2
35	13	3
35	14	2
35	15	4
35	16	1
35	18	1
35	19	3
35	20	3
35	21	2
35	22	3
35	23	2
35	24	4
35	25	4
35	26	1
35	27	3
35	28	5
35	29	6
35	30	4
35	31	3
35	32	4
35	33	11
35	34	9
36	0	2
36	1	1
36	2	1
36	3	2
36	7	1
36	10	2
36	11	4
36	12	2
36	13	1
36	14	4
36	15	1
36	18	2
36	22	2
36	23	2
36	24	6
36	25	1
36	26	1
36	27	1
36	28	3
36	29	3
36	30	3
36	31	1
36	33	2
36	34	4
36	35	9
37	0	2
37	1	4
37	2	1
37	3	2
37	5	1
37	6	3
37	8	2
37	9	1
37	11	3
37	12	1
37	13	4
37	14	3
37	15	3
37	18	3
37	19	2
37	20	3
37	24	4
37	25	2
37	26	2
37	27	1
37	29	6
37	30	3
37	31	9
37	32	5
37	33	10
37	34	7
37	35	7
37	36	5
38	1	2
38	3	3
38	4	7
38	6	1
38	7	4
38	8	1
38	9	3
38	10	2
38	11	5
38	12	4
38	13	5
38	14	1
38	15	3
38	16	3
38	17	2
38	18	2
38	19	2
38	20	2
38	21	1
38	22	1
38	23	2
38	24	1
38	25	5
38	26	3
38	27	4
38	28	4
38	29	2
38	30	6
38	31	3
38	32	4
38	33	5
38	34	6
38	35	9
38	36	5
38	37	10
39	0	2
39	1	3
39	2	3
39	3	3
39	4	3
39	5	1
39	6	3
39	7	1
39	8	1
39	9	3
39	10	1
39	11	3
39	12	3
39	13	2
39	14	1
39	18	2
39	19	1
39	20	3
39	21	1
39	22	3
39	23	2
39	24	2
39	25	3
39	26	1
39	27	3
39	28	4
39	29	1
39	30	2
39	32	2
39	33	5
39	34	8
39	35	1
39	36	1
39	37	7
39	38	11
40	0	2
40	1	6
40	2	4
40	3	2
40	4	3
40	5	3
40	6	6
40	7	2
40	8	2
40	9	5
40	10	8
40	11	2
40	12	1
40	13	5
40	14	4
40	15	4
40	16	2
40	17	1
40	18	4
40	19	2
40	21	2
40	22	2
40	23	2
40	24	5
40	25	3
40	26	2
40	27	4
40	28	6
40	29	3
40	30	1
40	31	2
40	32	5
40	33	4
40	34	9
40	35	4
40	36	3
40	37	5
40	39	9
41	1	3
41	4	2
41	5	2
41	6	1
41	7	3
41	8	3
41	9	2
41	10	2
41	11	3
41	12	1
41	13	4
41	15	3
41	18	1
41	20	4
41	22	2
41	24	1
41	25	5
41	26	1
41	27	3
41	28	2
41	29	2
41	30	5
41	31	8
41	32	4
41	33	4
41	34	7
41	35	3
41	36	4
41	37	6
41	38	8
41	39	3
41	40	6
42	1	1
42	3	2
42	4	3
42	5	2
42	8	3
42	9	2
42	10	3
42	11	3
42	12	4
42	13	1
42	14	2
42	15	1
42	17	1
42	18	4
42	20	1
42	25	3
42	26	1
42	27	1
42	28	6
42	29	2
42	30	1
42	32	1
42	33	2
42	34	1
42	35	5
42	36	2
42	37	3
42	38	5
42	39	8
42	40	3
42	41	11
43	0	2
43	1	2
43	2	3
43	4	3
43	5	3
43	8	2
43	9	2
43	10	3
43	11	2
43	12	1
43	13	2
43	15	1
43	17	2
43	18	1
43	20	2
43	23	2
43	24	6
43	25	1
43	26	2
43	27	2
43	28	3
43	29	3
43	30	8
43	31	3
43	32	6
43	33	2
43	35	6
43	36	5
43	37	9
43	38	6
43	39	6
43	40	5
43	41	5
43	42	6
44	4	1
44	7	2
44	9	1
44	11	1
44	18	1
44	19	1
44	20	1
44	21	1
44	23	2
44	24	2
44	25	3
44	26	2
44	27	1
44	28	4
44	29	1
44	31	1
44	32	2
44	33	2
44	34	2
44	35	2
44	36	4
44	37	4
44	38	6
44	39	5
44	40	3
44	41	7
44	42	4
44	43	10
45	3	2
45	5	1
45	9	4
45	10	4
45	11	1
45	15	1
45	22	4
45	23	1
45	24	1
45	25	5
45	26	2
45	27	1
45	29	1
45	30	4
45	31	6
45	32	3
45	33	5
45	34	4
45	35	5
45	37	5
45	38	4
45	39	5
45	40	3
45	41	7
45	42	2
45	43	8
45	44	5
46	0	1
46	2	1
46	3	2
46	4	3
46	8	1
46	13	2
46	14	2
46	15	3
46	17	1
46	18	4
46	19	2
46	25	3
46	26	2
46	27	3
46	28	4
46	29	4
46	30	3
46	31	4
46	32	1
46	33	2
46	34	1
46	35	6
46	36	4
46	37	10
46	38	6
46	39	3
46	40	1
46	41	1
46	42	5
46	43	3
46	44	7
46	45	9
47	2	1
47	3	2
47	10	1
47	12	2
47	13	4
47	15	2
47	16	1
47	18	1
47	20	2
47	21	2
47	23	3
47	24	3
47	25	2
47	26	4
47	27	2
47	28	2
47	29	7
47	30	3
47	31	3
47	32	7
47	33	4
47	34	6
47	35	10
47	36	1
47	37	2
47	38	4
47	39	2
47	40	1
47	41	7
47	42	4
47	43	6
47	44	4
47	45	4
47	46	12
48	1	1
48	2	2
48	3	3
48	4	1
48	6	3
48	7	2
48	8	1
48	9	4
48	10	6
48	11	4
48	13	1
48	14	1
48	15	1
48	16	2
48	18	3
48	19	2
48	20	3
48	21	1
48	22	1
48	24	5
48	25	7
48	26	4
48	27	1
48	28	2
48	29	2
48	30	3
48	32	2
48	33	2
48	34	10
48	35	4
48	36	5
48	37	3
48	38	3
48	39	6
48	40	8
48	41	2
48	42	3
48	43	2
48	44	2
48	45	2
48	46	3
48	47	2
49	0	2
49	1	3
49	2	5
49	3	5
49	4	2
49	5	3
49	6	4
49	7	2
49	8	4
49	9	2
49	10	6
49	11	6
49	12	2
49	13	7
49	15	4
49	17	1
49	18	2
49	19	6
49	20	1
49	21	1
49	22	1
49	23	6
49	24	11
49	25	4
49	26	2
49	27	5
49	28	4
49	29	3
49	30	1
49	31	4
49	32	1
49	33	7
49	34	3
49	35	7
49	36	8
49	37	4
49	38	8
49	39	3
49	40	6
49	41	1
49	42	5
49	43	4
49	44	2
49	45	1
49	46	1
49	47	5
49	48	10
50	0	1
50	1	5
50	2	1
50	4	2
50	7	2
50	8	1
50	9	4
50	10	1
50	11	2
50	12	3
50	13	4
50	14	4
50	18	2
50	19	1
50	20	1
50	23	3
50	24	5
50	25	5
50	26	2
50	27	5
50	28	3
50	29	2
50	30	3
50	31	1
50	32	3
50	33	4
50	34	6
50	35	1
50	36	3
50	37	4
50	38	5
50	39	4
50	40	1
50	41	3
50	42	2
50	43	2
50	45	1
50	46	4
50	47	2
50	48	6
50	49	6
51	1	2
51	2	1
51	3	2
51	4	2
51	6	3
51	7	2
51	8	2
51	9	2
51	10	1
51	11	2
51	12	3
51	13	2
51	14	2
51	18	1
51	19	5
51	20	3
51	21	1
51	22	1
51	23	3
51	24	8
51	25	3
51	26	5
51	27	3
51	28	6
51	29	2
51	30	4
51	31	3
51	32	6
51	33	8
51	34	9
51	35	4
51	36	8
51	37	6
51	38	20
51	39	4
51	40	7
51	41	5
51	42	4
51	43	5
51	44	4
51	45	3
51	46	10
51	47	3
51	48	4
51	49	12
51	50	8
52	1	3
52	2	2
52	4	4
52	5	2
52	8	3
52	9	1
52	10	3
52	11	4
52	12	5
52	13	1
52	14	2
52	15	4
52	16	1
52	18	1
52	19	1
52	20	3
52	21	1
52	22	3
52	23	2
52	24	3
52	25	5
52	26	1
52	27	1
52	28	5
52	29	2
52	30	3
52	31	4
52	33	4
52	34	3
52	35	5
52	36	2
52	37	2
52	38	9
52	39	2
52	40	3
52	41	1
52	42	1
52	43	6
52	44	6
52	45	4
52	47	2
52	48	1
52	49	9
52	50	2
52	51	6
53	1	3
53	2	1
53	3	4
53	4	1
53	5	2
53	6	1
53	7	1
53	8	1
53	10	5
53	11	2
53	12	2
53	13	1
53	14	2
53	15	1
53	18	4
53	19	1
53	21	2
53	22	4
53	23	4
53	24	1
53	25	6
53	26	3
53	27	4
53	28	8
53	29	3
53	30	1
53	31	4
53	32	1
53	33	5
53	34	6
53	35	1
53	36	3
53	37	3
53	38	12
53	39	6
53	40	12
53	41	4
53	42	4
53	43	7
53	44	4
53	45	3
53	46	1
53	47	3
53	48	2
53	49	6
53	50	2
53	51	7
53	52	9
54	0	1
54	1	2
54	2	1
54	3	2
54	4	5
54	5	1
54	9	3
54	10	2
54	11	1
54	12	1
54	13	5
54	14	2
54	15	2
54	16	2
54	17	3
54	19	3
54	20	4
54	21	1
54	22	1
54	23	3
54	24	3
54	25	2
54	26	1
54	27	2
54	28	2
54	30	1
54	31	3
54	32	6
54	33	4
54	34	4
54	35	1
54	36	2
54	37	4
54	38	8
54	39	3
54	40	6
54	41	3
54	42	3
54	43	2
54	44	5
54	45	3
54	46	2
54	47	4
54	48	5
54	49	1
54	50	4
54	51	4
54	52	9
54	53	2
55	1	3
55	2	3
55	4	4
55	5	2
55	6	2
55	7	1
55	8	5
55	9	4
55	10	5
55	11	5
55	12	3
55	13	4
55	14	6
55	15	3
55	17	3
55	18	6
55	19	3
55	20	4
55	21	3
55	22	4
55	23	3
55	24	8
55	25	3
55	26	5
55	27	1
55	28	12
55	29	1
55	30	2
55	31	1
55	32	3
55	33	6
55	34	4
55	35	3
55	36	4
55	37	6
55	38	6
55	39	2
55	40	3
55	41	2
55	42	2
55	43	4
55	44	6
55	45	4
55	46	3
55	47	4
55	48	5
55	49	5
55	50	3
55	51	2
55	52	11
55	53	4
55	54	9
56	1	2
56	3	1
56	4	2
56	5	1
56	8	1
56	9	2
56	10	4
56	11	4
56	12	2
56	13	2
56	14	3
56	15	3
56	16	3
56	18	3
56	19	1
56	20	1
56	22	1
56	23	2
56	25	2
56	26	3
56	27	3
56	28	4
56	31	2
56	32	2
56	33	1
56	34	3
56	35	2
56	36	2
56	37	3
56	38	6
56	39	5
56	40	5
56	41	3
56	42	2
56	43	5
56	44	4
56	45	1
56	46	4
56	47	4
56	48	3
56	49	3
56	50	2
56	51	8
56	52	3
56	53	6
56	54	6
56	55	10
57	1	2
57	2	2
57	4	2
57	6	3
57	8	1
57	9	3
57	10	2
57	11	1
57	12	2
57	13	1
57	14	1
57	15	1
57	16	2
57	18	1
57	19	4
57	22	3
57	23	2
57	24	3
57	25	5
57	26	4
57	27	1
57	28	2
57	29	1
57	30	1
57	31	1
57	33	5
57	34	3
57	35	6
57	36	6
57	37	5
57	38	6
57	39	3
57	41	2
57	42	2
57	43	2
57	44	3
57	45	2
57	46	4
57	47	3
57	48	3
57	49	7
57	50	1
57	51	5
57	52	11
57	54	4
57	55	5
57	56	6
58	0	3
58	1	4
58	2	1
58	3	2
58	4	1
58	6	1
58	7	1
58	10	1
58	11	2
58	14	2
58	17	2
58	18	2
58	24	3
58	25	4
58	27	3
58	28	3
58	29	1
58	30	4
58	31	6
58	32	3
58	33	4
58	34	2
58	35	7
58	36	6
58	37	2
58	38	8
58	39	3
58	40	9
58	41	2
58	42	6
58	43	8
58	44	4
58	45	5
58	46	5
58	47	4
58	48	2
58	49	3
58	50	2
58	51	1
58	52	3
58	53	3
58	54	4
58	55	4
58	56	5
58	57	9
59	1	5
59	2	3
59	3	1
59	4	5
59	5	1
59	6	2
59	8	1
59	9	1
59	10	2
59	11	3
59	12	2
59	13	2
59	14	5
59	16	1
59	17	1
59	18	2
59	19	4
59	20	1
59	21	2
59	22	4
59	23	8
59	24	3
59	25	2
59	26	2
59	27	1
59	28	2
59	30	2
59	31	2
59	32	1
59	33	2
59	34	5
59	35	5
59	36	4
59	37	3
59	38	8
59	39	9
59	40	4
59	41	2
59	42	7
59	43	1
59	44	4
59	45	6
59	46	7
59	47	1
59	48	2
59	49	10
59	50	2
59	51	4
59	52	17
59	53	8
59	54	6
59	55	6
59	56	5
59	57	6
59	58	2
60	0	2
60	1	2
60	2	1
60	3	3
60	4	1
60	7	1
60	10	7
60	11	3
60	13	2
60	14	6
60	15	1
60	17	1
60	19	1
60	23	2
60	24	4
60	26	6
60	27	3
60	28	3
60	29	1
60	30	3
60	31	4
60	33	4
60	34	4
60	35	4
60	36	4
60	37	5
60	38	3
60	39	2
60	40	4
60	43	2
60	44	1
60	46	6
60	47	7
60	48	1
60	49	8
60	50	4
60	51	5
60	52	2
60	53	6
60	54	3
60	55	8
60	56	6
60	57	9
60	58	1
60	59	5
