1	0	4
2	0	4
2	1	2
3	1	2
3	2	5
4	0	1
4	1	1
4	2	9
4	3	7
5	0	3
5	1	1
5	2	4
5	3	4
5	4	4
6	0	5
6	1	1
6	2	2
6	3	3
6	5	8
7	0	2
7	1	4
7	2	1
7	3	1
7	4	3
7	5	4
7	6	5
8	0	2
8	1	4
8	2	2
8	3	2
8	4	2
8	5	5
8	6	6
8	7	5
9	1	5
9	2	1
9	3	1
9	4	3
9	5	6
9	6	10
9	7	11
9	8	4
10	0	4
10	1	7
10	2	6
10	3	2
10	4	5
10	5	6
10	6	4
10	7	5
10	8	7
10	9	7
11	0	3
11	1	5
11	2	2
11	4	4
11	5	2
11	6	2
11	7	3
11	8	2
11	9	6
11	10	11
12	0	2
12	1	2
12	2	3
12	3	1
12	4	4
12	5	2
12	6	9
12	7	9
12	8	4
12	9	7
12	10	13
12	11	2
13	0	5
13	1	6
13	2	5
13	4	3
13	5	2
13	6	6
13	7	3
13	8	7
13	9	13
13	10	11
13	11	12
13	12	12
14	0	3
14	1	6
14	2	2
14	3	4
14	4	3
14	5	7
14	6	5
14	7	2
14	8	6
14	9	5
14	10	4
14	11	7
14	12	8
14	13	4
15	0	5
15	1	5
15	2	3
15	3	2
15	4	3
15	5	3
15	6	4
15	7	2
15	8	6
15	9	4
15	10	4
15	11	3
15	12	6
15	13	12
15	14	6
16	1	5
16	2	3
16	3	3
16	4	6
16	5	1
16	6	2
16	8	2
16	9	1
16	10	2
16	11	3
16	12	2
16	14	5
16	15	7
17	0	2
17	1	1
17	2	1
17	3	5
17	4	6
17	5	1
17	6	4
17	7	2
17	8	6
17	9	3
17	10	5
17	11	10
17	12	1
17	13	1
17	14	3
17	15	4
17	16	5
18	0	1
18	1	2
18	2	3
18	3	1
18	4	6
18	5	5
18	6	4
18	7	5
18	8	4
18	9	5
18	10	4
18	11	3
18	12	9
18	13	2
18	14	5
18	15	2
18	16	3
18	17	2
19	0	2
19	1	2
19	2	2
19	3	6
19	4	5
19	5	7
19	6	5
19	7	2
19	8	3
19	9	1
19	10	3
19	11	1
19	12	8
19	13	5
19	14	3
19	15	6
19	16	2
19	17	5
19	18	1
20	0	1
20	1	3
20	2	6
20	3	6
20	4	9
20	5	3
20	6	2
20	7	1
20	8	5
20	9	3
20	10	3
20	11	1
20	12	9
20	13	3
20	14	11
20	15	3
20	16	2
20	17	1
20	18	5
20	19	1
21	0	5
21	1	3
21	2	8
21	3	1
21	4	5
21	5	4
21	6	5
21	7	5
21	8	2
21	9	4
21	10	7
21	11	1
21	12	7
21	13	3
21	14	6
21	15	3
21	16	4
21	17	9
21	18	2
21	19	2
21	20	5
22	1	1
22	2	8
22	3	3
22	4	5
22	5	6
22	6	2
22	7	4
22	8	1
22	9	1
22	10	4
22	11	2
22	12	3
22	13	1
22	14	2
22	15	6
22	16	2
22	17	4
22	18	7
22	19	3
22	20	5
22	21	12
23	1	5
23	2	2
23	3	4
23	4	6
23	7	3
23	8	4
23	9	2
23	10	1
23	13	1
23	14	4
23	15	6
23	18	1
23	19	5
23	20	2
23	21	2
23	22	2
24	0	3
24	1	2
24	2	6
24	3	1
24	4	1
24	5	2
24	8	2
24	9	4
24	10	4
24	11	5
24	12	4
24	13	2
24	14	8
24	15	5
24	18	4
24	19	5
24	20	4
24	21	1
24	22	2
24	23	9
25	0	3
25	1	6
25	2	1
25	3	3
25	4	1
25	5	4
25	6	3
25	7	2
25	8	2
25	9	5
25	10	6
25	11	7
25	12	4
25	13	3
25	14	2
25	15	4
25	16	3
25	18	1
25	19	1
25	20	5
25	21	3
25	23	3
25	24	4
26	0	1
26	1	3
26	2	3
26	4	2
26	5	1
26	7	2
26	10	3
26	11	2
26	13	5
26	14	3
26	15	2
26	19	1
26	20	1
26	22	1
26	23	1
26	24	2
26	25	5
27	1	4
27	2	1
27	3	1
27	4	2
27	5	3
27	7	1
27	8	1
27	9	1
27	11	4
27	12	1
27	14	3
27	15	3
27	18	3
27	19	6
27	22	3
27	23	2
27	24	4
27	25	11
27	26	10
28	0	1
28	1	2
28	3	6
28	4	6
28	5	3
28	6	2
28	7	1
28	8	5
28	9	1
28	10	8
28	11	5
28	12	6
28	13	3
28	14	4
28	15	4
28	16	2
28	17	4
28	18	13
28	19	2
28	20	4
28	21	1
28	22	3
28	23	3
28	24	4
28	25	4
28	26	3
28	27	2
29	1	3
29	2	2
29	4	2
29	5	2
29	7	1
29	8	1
29	10	3
29	12	2
29	16	1
29	18	2
29	24	1
29	25	2
29	26	2
29	27	2
30	1	3
30	3	2
30	5	1
30	8	1
30	9	2
30	10	2
30	11	2
30	12	2
30	13	1
30	17	2
30	18	3
30	19	2
30	20	1
30	22	4
30	24	1
30	25	1
30	27	2
30	28	4
30	29	5
31	4	2
31	8	1
31	9	1
31	10	3
31	11	1
31	14	3
31	15	1
31	21	1
31	23	1
31	24	3
31	25	3
31	26	2
31	27	2
31	28	3
31	29	4
31	30	8
32	1	3
32	2	1
32	4	2
32	9	3
32	10	1
32	11	3
32	14	1
32	15	4
32	16	1
32	17	2
32	18	3
32	20	1
32	23	2
32	24	1
32	25	2
32	26	3
32	27	2
32	29	8
32	30	2
32	31	10
33	1	1
33	2	2
33	3	1
33	4	1
33	5	3
33	8	2
33	9	5
33	10	3
33	11	1
33	13	1
33	14	1
33	15	5
33	17	2
33	18	3
33	19	2
33	23	2
33	24	5
33	25	8
33	27	4
33	28	2
33	29	5
33	30	1
33	31	5
33	32	12
34	1	4
34	2	3
34	3	2
34	6	4
34	8	2
34	9	1
34	10	3
34	11	4
34	13	3
34	14	4
34	15	2
34	17	2
34	18	2
34	19	3
34	20	2
34	21	3
34	23	1
34	24	5
34	25	5
34	26	4
34	27	3
34	28	3
34	29	5
34	30	2
34	31	6
34	32	5
34	33	5
35	1	1
35	2	3
35	4	3
35	5	1
35	6	2
35	8	3
35	9	1
35	10	2
35	11	2
35	12	2
35	13	5
35	14	4
35	15	2
35	18	4
35	19	3
35	20	1
35	21	2
35	22	2
35	23	4
35	24	2
35	25	2
35	26	6
35	27	5
35	28	7
35	29	8
35	30	1
35	31	6
35	32	7
35	33	9
35	34	10
36	0	2
36	1	2
36	2	2
36	3	3
36	4	4
36	8	2
36	10	2
36	11	4
36	12	3
36	13	2
36	14	2
36	15	1
36	16	1
36	18	3
36	23	2
36	24	5
36	25	3
36	26	3
36	28	1
36	29	7
36	30	5
36	31	3
36	32	3
36	33	2
36	34	5
36	35	6
37	0	1
37	2	2
37	3	3
37	5	3
37	6	1
37	7	1
37	10	3
37	11	1
37	12	2
37	13	2
37	14	2
37	15	2
37	18	3
37	19	2
37	20	1
37	21	2
37	24	3
37	25	1
37	27	2
37	28	3
37	29	6
37	30	8
37	31	5
37	32	8
37	33	5
37	34	5
37	35	5
37	36	3
38	2	5
38	3	4
38	4	2
38	5	4
38	6	1
38	7	4
38	8	4
38	9	1
38	10	2
38	11	2
38	12	6
38	13	5
38	14	3
38	15	3
38	16	3
38	18	1
38	19	2
38	20	1
38	21	3
38	22	8
38	23	3
38	24	2
38	25	1
38	26	1
38	27	6
38	28	7
38	29	2
38	30	3
38	31	4
38	32	4
38	33	1
38	34	7
38	35	6
38	36	6
38	37	10
39	1	3
39	2	2
39	3	1
39	4	1
39	5	2
39	7	1
39	8	2
39	9	1
39	10	1
39	11	3
39	12	2
39	13	2
39	14	2
39	15	2
39	16	1
39	18	2
39	19	4
39	20	5
39	21	1
39	22	1
39	23	1
39	24	4
39	25	1
39	27	2
39	28	9
39	29	3
39	30	5
39	31	1
39	32	5
39	33	2
39	34	2
39	35	2
39	36	3
39	37	8
39	38	13
40	1	5
40	2	4
40	4	1
40	5	1
40	7	4
40	8	2
40	9	3
40	10	3
40	11	6
40	12	3
40	13	3
40	14	3
40	15	7
40	16	5
40	17	1
40	18	1
40	19	4
40	20	2
40	21	4
40	22	3
40	23	1
40	24	5
40	26	2
40	28	3
40	29	2
40	30	4
40	31	1
40	32	2
40	33	3
40	34	9
40	35	3
40	37	6
40	38	10
40	39	4
41	1	1
41	4	3
41	5	1
41	6	1
41	7	2
41	8	3
41	10	6
41	12	3
41	13	3
41	14	1
41	15	1
41	16	2
41	18	2
41	20	2
41	22	1
41	24	3
41	25	4
41	26	2
41	27	2
41	28	5
41	30	6
41	31	2
41	32	3
41	33	3
41	35	4
41	36	3
41	37	7
41	39	5
41	40	9
42	1	3
42	2	1
42	3	1
42	4	1
42	5	1
42	6	1
42	8	2
42	9	2
42	10	3
42	11	2
42	12	1
42	13	2
42	14	3
42	15	2
42	17	3
42	18	1
42	20	1
42	24	1
42	25	1
42	26	2
42	27	1
42	28	6
42	30	3
42	31	2
42	32	5
42	33	2
42	34	1
42	35	3
42	36	1
42	37	3
42	38	11
42	39	6
42	40	5
42	41	9
43	1	3
43	2	3
43	3	1
43	4	5
43	5	3
43	8	2
43	10	3
43	11	2
43	12	3
43	13	1
43	14	1
43	15	1
43	16	1
43	17	2
43	18	2
43	20	1
43	21	2
43	22	2
43	23	2
43	24	1
43	25	4
43	26	3
43	27	4
43	28	2
43	29	2
43	30	8
43	31	6
43	32	2
43	33	3
43	34	2
43	35	4
43	36	1
43	37	8
43	38	14
43	39	5
43	40	7
43	41	3
43	42	5
44	4	1
44	5	5
44	7	2
44	8	1
44	10	5
44	11	4
44	19	1
44	20	1
44	21	1
44	23	2
44	25	3
44	27	2
44	28	2
44	29	7
44	30	1
44	31	2
44	32	1
44	33	1
44	34	4
44	35	3
44	36	2
44	37	7
44	38	6
44	39	6
44	40	1
44	41	8
44	42	7
44	43	10
45	0	1
45	6	1
45	10	1
45	15	1
45	19	2
45	20	1
45	23	2
45	25	3
45	26	2
45	27	2
45	28	2
45	30	6
45	31	7
45	32	6
45	33	1
45	34	2
45	35	4
45	36	1
45	37	4
45	38	3
45	39	4
45	40	6
45	41	4
45	42	3
45	43	8
45	44	6
46	0	1
46	1	1
46	4	3
46	8	3
46	10	3
46	11	5
46	13	2
46	14	1
46	15	1
46	18	5
46	19	1
46	23	2
46	24	2
46	26	3
46	27	2
46	28	1
46	29	3
46	30	2
46	31	6
46	32	3
46	33	2
46	34	2
46	35	4
46	36	4
46	37	9
46	38	5
46	39	3
46	40	6
46	41	4
46	42	5
46	43	6
46	44	5
46	45	6
47	2	1
47	3	2
47	4	1
47	9	1
47	10	1
47	11	2
47	12	3
47	13	2
47	15	1
47	16	1
47	18	1
47	20	2
47	23	2
47	24	2
47	25	4
47	26	4
47	27	4
47	28	4
47	30	5
47	32	3
47	33	8
47	34	4
47	35	10
47	36	2
47	37	4
47	38	2
47	39	4
47	40	2
47	41	5
47	42	1
47	43	1
47	44	4
47	45	5
47	46	12
48	1	3
48	3	3
48	5	2
48	6	2
48	7	2
48	8	2
48	9	4
48	10	3
48	11	5
48	12	7
48	13	7
48	14	1
48	15	3
48	18	2
48	19	3
48	20	3
48	21	2
48	23	2
48	24	3
48	25	6
48	27	5
48	28	1
48	29	2
48	30	3
48	31	3
48	33	1
48	34	11
48	35	8
48	36	4
48	37	2
48	38	3
48	39	2
48	40	3
48	41	1
48	42	1
48	43	1
48	44	6
48	45	2
48	46	1
48	47	1
49	1	7
49	2	1
49	3	1
49	4	3
49	5	1
49	6	3
49	8	2
49	9	1
49	10	2
49	11	2
49	12	2
49	13	4
49	14	2
49	15	2
49	16	1
49	17	5
49	18	2
49	19	8
49	20	4
49	21	2
49	22	2
49	23	7
49	24	6
49	25	3
49	26	5
49	27	2
49	28	9
49	29	3
49	30	3
49	31	6
49	32	3
49	33	6
49	34	12
49	35	6
49	36	6
49	37	4
49	38	11
49	39	2
49	40	4
49	41	5
49	42	3
49	43	2
49	44	1
49	46	3
49	47	2
49	48	9
50	1	4
50	3	4
50	4	3
50	7	3
50	9	3
50	10	3
50	11	3
50	13	2
50	14	1
50	15	3
50	18	1
50	19	3
50	20	1
50	23	3
50	24	11
50	25	3
50	26	5
50	27	4
50	28	2
50	29	1
50	30	2
50	31	1
50	32	4
50	33	2
50	34	7
50	35	1
50	36	4
50	37	3
50	38	7
50	39	2
50	40	5
50	41	1
50	42	2
50	43	2
50	46	2
50	47	3
50	48	3
50	49	9
51	1	3
51	2	3
51	3	1
51	4	4
51	5	2
51	6	3
51	7	1
51	8	7
51	9	5
51	10	5
51	11	2
51	12	2
51	13	4
51	14	2
51	18	3
51	19	1
51	20	3
51	21	3
51	22	2
51	23	3
51	24	4
51	25	4
51	26	1
51	27	1
51	28	2
51	29	2
51	30	3
51	31	2
51	32	3
51	33	1
51	34	11
51	35	4
51	36	6
51	37	3
51	38	9
51	39	7
51	40	5
51	41	6
51	42	2
51	43	1
51	44	4
51	45	3
51	46	2
51	47	6
51	48	3
51	49	11
51	50	8
52	1	2
52	2	4
52	3	1
52	4	4
52	5	1
52	8	1
52	9	1
52	10	2
52	11	2
52	12	4
52	13	5
52	14	4
52	15	1
52	16	2
52	17	2
52	18	4
52	19	3
52	21	2
52	22	1
52	23	1
52	24	3
52	25	1
52	26	4
52	27	3
52	28	8
52	29	3
52	30	1
52	31	3
52	32	1
52	33	1
52	34	4
52	35	1
52	36	1
52	37	3
52	38	13
52	39	1
52	40	1
52	41	1
52	42	2
52	43	3
52	45	4
52	46	2
52	47	1
52	48	2
52	49	12
52	50	3
52	51	13
53	2	1
53	3	1
53	4	5
53	5	4
53	6	2
53	7	3
53	8	4
53	9	5
53	10	11
53	11	2
53	12	6
53	14	6
53	15	1
53	16	4
53	17	1
53	18	3
53	19	2
53	20	6
53	21	1
53	22	3
53	23	2
53	24	4
53	25	5
53	27	4
53	28	8
53	29	1
53	30	2
53	31	3
53	32	1
53	33	4
53	34	2
53	35	3
53	37	5
53	38	12
53	39	9
53	40	6
53	41	5
53	42	4
53	43	4
53	44	7
53	45	1
53	46	2
53	47	3
53	48	2
53	49	6
53	50	1
53	51	12
53	52	9
54	0	3
54	1	3
54	2	4
54	3	2
54	4	6
54	5	3
54	8	3
54	9	3
54	10	3
54	11	2
54	12	3
54	13	3
54	14	3
54	15	3
54	16	1
54	17	5
54	18	4
54	20	3
54	21	2
54	22	1
54	23	6
54	24	5
54	25	4
54	26	1
54	27	3
54	28	3
54	30	2
54	31	4
54	33	1
54	34	2
54	36	1
54	37	3
54	38	12
54	39	5
54	40	2
54	41	2
54	42	1
54	43	4
54	44	2
54	45	1
54	46	3
54	47	4
54	48	3
54	49	5
54	50	1
54	51	4
54	52	11
54	53	4
55	1	5
55	2	2
55	3	2
55	4	4
55	5	4
55	6	6
55	7	3
55	8	1
55	9	2
55	10	2
55	11	2
55	12	4
55	13	2
55	14	4
55	15	5
55	16	3
55	17	3
55	18	1
55	19	5
55	20	4
55	21	2
55	22	1
55	23	4
55	24	8
55	25	3
55	26	5
55	27	2
55	28	12
55	29	3
55	30	5
55	31	2
55	33	2
55	34	3
55	35	2
55	36	4
55	37	5
55	38	7
55	39	6
55	40	5
55	41	4
55	42	4
55	43	1
55	44	7
55	45	1
55	46	3
55	47	2
55	48	3
55	49	14
55	50	3
55	51	7
55	52	10
55	53	12
55	54	12
56	0	1
56	3	2
56	4	5
56	5	1
56	8	4
56	9	1
56	10	1
56	11	2
56	12	4
56	14	1
56	15	1
56	18	8
56	19	1
56	20	5
56	21	2
56	22	2
56	23	1
56	24	2
56	25	3
56	26	3
56	27	3
56	28	7
56	30	1
56	31	3
56	32	1
56	33	1
56	34	6
56	35	2
56	36	1
56	37	4
56	38	9
56	39	9
56	40	6
56	41	3
56	42	4
56	43	2
56	44	4
56	46	3
56	47	2
56	48	3
56	49	3
56	50	3
56	51	5
56	52	5
56	53	4
56	54	7
56	55	4
57	0	1
57	1	1
57	2	1
57	3	2
57	4	1
57	8	1
57	9	2
57	10	2
57	11	3
57	12	1
57	13	2
57	14	2
57	15	5
57	16	3
57	18	1
57	19	2
57	20	1
57	22	2
57	24	5
57	25	4
57	26	2
57	27	1
57	28	1
57	29	1
57	30	4
57	31	1
57	32	3
57	33	1
57	34	3
57	35	4
57	36	4
57	37	4
57	38	8
57	39	3
57	40	2
57	41	3
57	42	2
57	43	6
57	44	2
57	45	5
57	46	6
57	47	5
57	49	1
57	51	8
57	52	6
57	53	1
57	54	2
57	55	7
57	56	5
58	1	3
58	3	2
58	6	1
58	7	1
58	10	3
58	11	1
58	14	1
58	17	1
58	18	2
58	20	4
58	22	1
58	23	2
58	24	1
58	25	1
58	26	4
58	28	5
58	29	3
58	30	3
58	31	3
58	32	3
58	33	4
58	34	3
58	35	5
58	36	7
58	37	4
58	38	5
58	39	3
58	40	8
58	41	4
58	42	1
58	43	2
58	44	3
58	45	5
58	46	6
58	47	8
58	48	3
58	49	6
58	51	3
58	52	5
58	53	7
58	54	2
58	55	1
58	56	2
58	57	10
59	1	3
59	2	2
59	4	2
59	5	4
59	6	1
59	8	4
59	9	2
59	10	6
59	11	5
59	12	1
59	13	4
59	14	2
59	15	5
59	16	2
59	17	1
59	18	3
59	19	3
59	21	4
59	22	3
59	23	3
59	24	5
59	25	2
59	26	6
59	27	1
59	28	7
59	29	2
59	30	1
59	31	2
59	32	1
59	33	2
59	34	4
59	35	5
59	36	5
59	37	3
59	38	6
59	39	2
59	40	3
59	41	8
59	42	4
59	43	3
59	45	4
59	46	2
59	47	4
59	48	3
59	49	4
59	50	4
59	51	5
59	52	11
59	53	5
59	54	10
59	55	5
59	56	3
59	57	11
59	58	4
60	1	1
60	2	3
60	3	4
60	4	6
60	7	1
60	8	2
60	10	3
60	11	3
60	12	5
60	13	5
60	14	4
60	17	4
60	18	1
60	19	1
60	20	3
60	23	4
60	24	4
60	25	1
60	26	4
60	27	4
60	28	3
60	29	1
60	30	3
60	32	3
60	33	4
60	34	1
60	35	7
60	36	4
60	37	6
60	38	4
60	39	2
60	40	1
60	41	3
60	42	1
60	43	1
60	44	1
60	45	3
60	46	6
60	47	4
60	48	2
60	49	3
60	50	2
60	51	6
60	52	6
60	53	3
60	54	5
60	55	4
60	56	5
60	57	6
60	58	6
60	59	2
