1	0	6
2	0	2
2	1	2
3	0	3
3	1	3
3	2	7
4	0	2
4	1	4
4	2	10
4	3	6
5	0	1
5	1	2
5	2	4
5	3	4
5	4	4
6	0	2
6	1	2
6	2	4
6	3	2
6	4	3
6	5	3
7	0	2
7	1	1
7	3	1
7	5	4
7	6	4
8	0	4
8	1	7
8	2	2
8	3	3
8	4	3
8	5	4
8	6	9
8	7	6
9	0	3
9	1	3
9	2	2
9	3	3
9	4	3
9	5	4
9	6	8
9	7	3
9	8	4
10	0	7
10	2	3
10	3	1
10	4	3
10	5	5
10	6	7
10	7	7
10	8	5
10	9	12
11	0	4
11	1	4
11	2	1
11	3	2
11	4	7
11	5	2
11	7	2
11	8	3
11	9	3
11	10	10
12	1	2
12	2	5
12	3	2
12	4	2
12	5	5
12	6	5
12	8	17
12	9	7
12	10	3
12	11	8
13	0	9
13	1	6
13	2	2
13	3	1
13	4	6
13	5	5
13	6	5
13	7	9
13	8	8
13	9	10
13	10	7
13	11	5
13	12	6
14	1	9
14	2	4
14	3	1
14	4	7
14	5	6
14	6	2
14	7	2
14	8	3
14	10	4
14	11	7
14	12	3
14	13	6
15	0	7
15	1	9
15	2	7
15	3	4
15	4	3
15	5	3
15	6	5
15	7	4
15	8	9
15	9	5
15	10	5
15	11	3
15	12	13
15	13	12
15	14	7
16	0	2
16	1	3
16	2	4
16	3	1
16	4	7
16	5	2
16	6	1
16	8	1
16	10	1
16	11	6
16	12	2
16	13	2
16	14	2
16	15	3
17	0	4
17	1	1
17	2	5
17	3	2
17	4	3
17	5	4
17	6	2
17	7	1
17	8	6
17	9	3
17	10	2
17	11	2
17	12	7
17	13	4
17	14	2
17	15	4
17	16	6
18	0	1
18	1	6
18	2	1
18	3	2
18	4	6
18	5	9
18	6	4
18	7	5
18	8	4
18	9	2
18	10	8
18	11	4
18	12	9
18	13	3
18	14	4
18	15	1
18	16	5
19	1	4
19	2	6
19	3	5
19	4	4
19	5	4
19	6	1
19	7	1
19	8	3
19	9	1
19	10	3
19	11	3
19	12	2
19	13	6
19	14	3
19	15	8
19	16	5
19	17	3
19	18	2
20	0	1
20	1	2
20	2	4
20	4	8
20	5	9
20	6	4
20	7	1
20	8	2
20	9	1
20	10	5
20	11	2
20	12	5
20	13	2
20	14	5
20	15	2
20	16	1
20	17	4
20	18	6
20	19	4
21	1	4
21	2	2
21	3	4
21	4	6
21	5	4
21	6	3
21	7	7
21	8	4
21	9	1
21	10	3
21	11	4
21	12	9
21	14	1
21	15	2
21	16	6
21	17	8
21	18	6
21	19	4
21	20	2
22	1	5
22	2	2
22	3	1
22	4	7
22	5	4
22	6	5
22	7	3
22	8	1
22	9	1
22	10	2
22	11	2
22	12	4
22	13	1
22	15	4
22	16	1
22	17	4
22	18	4
22	19	3
22	20	6
22	21	4
23	0	1
23	1	6
23	2	2
23	3	6
23	4	5
23	7	2
23	8	2
23	9	5
23	10	1
23	11	1
23	13	5
23	14	3
23	15	4
23	17	1
23	18	3
23	19	4
23	20	3
23	21	4
23	22	4
24	0	6
24	1	8
24	2	4
24	3	6
24	4	4
24	5	3
24	6	1
24	7	7
24	8	5
24	9	4
24	10	2
24	11	2
24	12	3
24	13	2
24	14	3
24	15	6
24	17	2
24	18	4
24	19	4
24	20	2
24	22	3
24	23	5
25	0	2
25	1	6
25	2	1
25	3	2
25	4	3
25	5	1
25	7	1
25	8	6
25	9	7
25	10	5
25	11	2
25	12	2
25	13	5
25	14	3
25	15	4
25	16	2
25	17	1
25	18	4
25	19	5
25	20	3
25	22	2
25	23	3
25	24	7
26	0	2
26	1	2
26	2	1
26	4	1
26	8	1
26	10	2
26	11	2
26	12	1
26	14	2
26	15	1
26	16	2
26	18	1
26	19	2
26	22	3
26	23	4
26	24	4
26	25	4
27	0	3
27	1	3
27	2	3
27	3	1
27	4	1
27	5	1
27	6	1
27	8	2
27	9	1
27	10	3
27	11	5
27	12	2
27	13	2
27	14	2
27	15	1
27	17	1
27	18	3
27	19	2
27	22	2
27	23	2
27	24	4
27	25	5
27	26	4
28	0	1
28	1	3
28	2	5
28	3	5
28	4	3
28	5	4
28	6	2
28	7	2
28	8	2
28	9	4
28	10	2
28	11	1
28	12	8
28	14	4
28	15	1
28	16	3
28	17	1
28	18	3
28	19	5
28	20	4
28	21	2
28	22	2
28	23	4
28	24	2
28	25	1
28	26	1
28	27	2
29	1	2
29	2	2
29	4	1
29	5	3
29	7	1
29	8	1
29	10	2
29	12	3
29	14	1
29	18	2
29	19	2
29	23	1
29	24	1
29	25	2
29	26	1
29	27	3
29	28	1
30	1	2
30	3	1
30	5	2
30	7	4
30	8	2
30	9	2
30	10	5
30	13	2
30	14	1
30	18	1
30	20	5
30	22	1
30	24	2
30	25	2
30	26	5
30	27	2
30	29	5
31	4	5
31	5	3
31	8	1
31	9	2
31	10	6
31	11	1
31	14	2
31	19	3
31	21	1
31	22	1
31	23	2
31	24	4
31	25	6
31	27	3
31	28	4
31	29	8
31	30	13
32	0	1
32	1	2
32	2	2
32	4	2
32	9	2
32	10	3
32	11	4
32	12	3
32	14	4
32	15	1
32	17	1
32	18	2
32	22	2
32	23	3
32	24	1
32	25	5
32	27	2
32	28	5
32	29	4
32	30	5
32	31	8
33	1	4
33	2	1
33	3	1
33	4	3
33	5	3
33	8	2
33	9	1
33	10	2
33	11	5
33	12	3
33	13	1
33	14	4
33	15	1
33	17	2
33	18	3
33	19	2
33	21	1
33	23	3
33	24	1
33	25	5
33	26	4
33	27	4
33	28	3
33	29	5
33	30	5
33	31	6
33	32	5
34	1	2
34	2	2
34	3	1
34	4	3
34	5	2
34	6	1
34	8	4
34	9	4
34	10	4
34	11	5
34	12	3
34	13	1
34	14	2
34	17	1
34	18	2
34	19	3
34	21	2
34	22	2
34	23	1
34	24	1
34	25	2
34	27	3
34	28	1
34	29	3
34	30	1
34	31	3
34	32	7
34	33	10
35	0	4
35	1	1
35	2	4
35	3	2
35	4	1
35	5	2
35	8	2
35	10	2
35	11	5
35	12	6
35	13	2
35	14	3
35	15	3
35	16	1
35	17	4
35	18	2
35	19	6
35	21	2
35	22	2
35	23	4
35	24	5
35	25	1
35	26	6
35	27	5
35	28	2
35	29	3
35	30	8
35	31	7
35	32	13
35	33	5
35	34	5
36	0	1
36	1	3
36	3	1
36	4	3
36	6	2
36	7	2
36	8	2
36	10	1
36	11	2
36	12	3
36	13	2
36	14	2
36	15	1
36	18	3
36	22	1
36	23	1
36	24	4
36	25	3
36	26	1
36	27	4
36	28	2
36	29	2
36	30	1
36	31	4
36	32	3
36	33	4
36	34	6
36	35	6
37	0	4
37	1	3
37	2	2
37	4	2
37	5	1
37	6	1
37	7	3
37	8	3
37	9	2
37	10	3
37	12	2
37	14	3
37	15	1
37	18	1
37	19	2
37	20	6
37	24	1
37	25	3
37	26	2
37	27	3
37	28	5
37	29	1
37	30	4
37	31	4
37	32	7
37	33	6
37	34	8
37	35	6
37	36	3
38	0	2
38	1	3
38	2	1
38	3	3
38	4	3
38	5	5
38	7	5
38	8	4
38	9	4
38	10	3
38	11	6
38	12	1
38	13	5
38	14	1
38	15	4
38	16	1
38	17	1
38	18	6
38	19	3
38	20	1
38	21	3
38	22	2
38	23	4
38	24	5
38	25	5
38	26	1
38	27	3
38	28	6
38	30	6
38	31	3
38	32	3
38	33	5
38	34	6
38	35	10
38	36	5
38	37	5
39	0	3
39	1	1
39	2	1
39	3	3
39	4	3
39	5	3
39	6	4
39	7	4
39	8	1
39	9	1
39	10	2
39	12	2
39	13	1
39	14	3
39	19	1
39	20	3
39	21	1
39	22	1
39	23	1
39	24	2
39	25	5
39	26	2
39	28	9
39	29	4
39	30	5
39	31	5
39	32	2
39	33	2
39	35	5
39	36	3
39	37	1
39	38	9
40	1	2
40	2	2
40	4	2
40	6	1
40	7	1
40	8	2
40	9	3
40	10	7
40	11	3
40	12	2
40	13	2
40	14	5
40	15	3
40	17	5
40	18	5
40	19	3
40	20	3
40	21	3
40	22	2
40	23	1
40	24	2
40	25	4
40	26	3
40	27	1
40	28	2
40	29	2
40	30	5
40	31	2
40	32	7
40	33	2
40	34	7
40	35	2
40	36	5
40	37	12
40	38	7
40	39	4
41	1	5
41	4	5
41	5	2
41	6	3
41	7	3
41	8	2
41	9	5
41	10	2
41	11	3
41	13	3
41	14	2
41	15	2
41	16	3
41	18	5
41	20	2
41	22	1
41	24	2
41	25	4
41	28	3
41	29	2
41	30	5
41	31	6
41	32	4
41	33	1
41	34	3
41	35	1
41	36	3
41	37	4
41	38	10
41	39	5
41	40	7
42	1	1
42	2	2
42	3	2
42	4	1
42	5	3
42	6	3
42	8	3
42	9	5
42	10	6
42	12	3
42	13	1
42	14	2
42	15	4
42	17	1
42	19	2
42	20	3
42	24	1
42	25	1
42	27	3
42	28	1
42	29	4
42	30	3
42	31	1
42	32	5
42	33	3
42	36	2
42	37	8
42	38	10
42	39	10
42	40	2
42	41	11
43	1	2
43	3	1
43	4	1
43	8	4
43	9	1
43	11	2
43	12	1
43	13	1
43	14	5
43	15	3
43	17	3
43	18	1
43	20	1
43	21	1
43	22	2
43	23	3
43	24	3
43	25	4
43	26	2
43	27	1
43	30	7
43	31	2
43	32	4
43	33	7
43	34	3
43	35	3
43	36	4
43	37	9
43	38	8
43	39	5
43	40	5
43	41	12
43	42	7
44	4	1
44	7	2
44	10	3
44	18	2
44	19	3
44	23	1
44	24	3
44	25	4
44	26	2
44	27	1
44	28	4
44	29	2
44	30	6
44	32	1
44	33	2
44	34	2
44	36	2
44	37	4
44	38	9
44	39	7
44	40	4
44	41	5
44	42	4
44	43	8
45	3	1
45	5	1
45	6	1
45	9	1
45	10	1
45	11	2
45	15	3
45	19	1
45	20	3
45	22	2
45	25	2
45	26	2
45	27	2
45	28	4
45	30	1
45	31	3
45	32	4
45	33	5
45	35	4
45	36	3
45	37	4
45	38	5
45	39	5
45	40	3
45	41	3
45	42	4
45	43	6
45	44	9
46	0	2
46	1	4
46	2	1
46	3	1
46	4	1
46	10	2
46	11	2
46	13	3
46	14	3
46	15	1
46	18	3
46	19	2
46	23	2
46	25	3
46	26	5
46	27	5
46	28	2
46	29	6
46	30	7
46	31	4
46	32	9
46	33	2
46	34	2
46	35	9
46	36	6
46	37	3
46	38	4
46	39	2
46	40	4
46	41	1
46	42	6
46	43	6
46	44	4
46	45	14
47	1	2
47	2	3
47	3	1
47	4	2
47	9	2
47	10	1
47	11	5
47	12	3
47	18	2
47	21	2
47	23	3
47	24	2
47	25	5
47	26	3
47	27	2
47	28	3
47	29	2
47	30	4
47	31	5
47	32	1
47	33	8
47	34	5
47	35	5
47	36	2
47	37	3
47	38	7
47	39	3
47	40	1
47	41	5
47	42	2
47	43	4
47	44	5
47	45	4
47	46	8
48	1	5
48	3	3
48	4	3
48	5	1
48	6	3
48	7	1
48	8	2
48	9	3
48	10	7
48	11	4
48	12	3
48	13	5
48	14	4
48	15	2
48	16	1
48	18	1
48	19	5
48	20	3
48	21	3
48	23	2
48	24	11
48	25	5
48	26	2
48	27	4
48	28	2
48	30	3
48	32	1
48	33	1
48	34	5
48	35	5
48	36	4
48	37	2
48	38	4
48	39	2
48	40	4
48	41	5
48	42	1
48	43	2
48	44	1
48	45	5
48	46	1
48	47	1
49	0	1
49	1	6
49	2	3
49	3	3
49	4	5
49	5	1
49	6	4
49	7	3
49	8	2
49	9	3
49	10	3
49	11	5
49	12	6
49	13	4
49	14	4
49	15	1
49	16	2
49	17	2
49	18	3
49	19	3
49	20	1
49	21	2
49	22	1
49	23	5
49	24	6
49	25	3
49	26	3
49	27	5
49	28	6
49	29	6
49	30	3
49	31	3
49	32	6
49	33	5
49	34	11
49	35	7
49	36	12
49	37	5
49	38	6
49	39	2
49	40	6
49	41	3
49	42	4
49	43	1
49	44	1
49	45	3
49	46	2
49	47	4
49	48	4
50	0	2
50	2	2
50	3	2
50	4	1
50	8	1
50	9	4
50	10	2
50	11	2
50	14	5
50	15	2
50	18	2
50	21	2
50	23	2
50	24	14
50	25	4
50	26	3
50	27	4
50	28	2
50	29	5
50	30	3
50	31	1
50	32	4
50	33	4
50	34	5
50	35	1
50	36	7
50	37	3
50	38	2
50	39	1
50	40	9
50	41	4
50	42	2
50	43	2
50	45	3
50	46	4
50	47	6
50	48	4
50	49	6
51	1	2
51	2	1
51	3	2
51	4	3
51	5	2
51	6	2
51	7	1
51	8	2
51	9	1
51	10	1
51	11	4
51	12	1
51	14	5
51	15	6
51	18	2
51	19	1
51	20	4
51	21	1
51	22	2
51	23	4
51	24	4
51	25	4
51	26	2
51	27	2
51	28	4
51	29	2
51	30	4
51	31	4
51	32	6
51	33	5
51	34	12
51	35	6
51	36	9
51	37	7
51	38	13
51	39	4
51	40	11
51	41	2
51	42	3
51	43	3
51	44	1
51	45	2
51	46	6
51	47	3
51	48	4
51	49	7
51	50	3
52	1	5
52	2	5
52	3	5
52	4	4
52	5	1
52	7	1
52	8	1
52	9	1
52	10	5
52	11	1
52	12	5
52	13	2
52	14	2
52	15	2
52	16	3
52	18	4
52	20	3
52	21	2
52	22	4
52	23	3
52	24	8
52	26	1
52	27	4
52	28	7
52	31	2
52	32	2
52	33	2
52	34	4
52	35	2
52	36	6
52	37	1
52	38	7
52	39	6
52	40	4
52	41	4
52	42	5
52	43	9
52	44	3
52	45	4
52	46	3
52	47	4
52	49	4
52	50	4
52	51	7
53	1	3
53	2	1
53	3	2
53	4	5
53	5	4
53	6	1
53	8	2
53	9	1
53	10	1
53	11	1
53	12	4
53	13	3
53	14	2
53	15	1
53	16	1
53	17	1
53	18	6
53	20	3
53	22	1
53	23	2
53	24	7
53	25	1
53	26	3
53	27	3
53	28	4
53	29	4
53	30	2
53	31	3
53	32	3
53	33	5
53	34	6
53	35	5
53	36	3
53	37	6
53	38	11
53	39	1
53	40	6
53	41	5
53	42	5
53	43	3
53	44	3
53	45	5
53	46	5
53	47	1
53	48	5
53	49	7
53	50	5
53	51	9
53	52	8
54	0	1
54	1	3
54	2	3
54	3	2
54	4	5
54	5	1
54	8	1
54	9	1
54	10	7
54	11	1
54	12	2
54	13	2
54	14	1
54	15	4
54	17	2
54	18	2
54	19	1
54	20	5
54	21	4
54	22	1
54	23	4
54	24	4
54	25	2
54	26	1
54	27	3
54	28	4
54	30	2
54	31	4
54	32	3
54	33	3
54	34	2
54	35	2
54	36	6
54	37	4
54	38	2
54	39	3
54	40	4
54	42	4
54	43	3
54	44	4
54	45	1
54	46	1
54	47	1
54	48	5
54	49	6
54	51	1
54	52	7
54	53	4
55	1	3
55	2	3
55	3	2
55	4	5
55	5	3
55	6	2
55	7	3
55	8	1
55	9	2
55	10	3
55	11	2
55	12	3
55	13	5
55	14	5
55	15	4
55	17	5
55	18	4
55	19	3
55	20	3
55	21	5
55	22	5
55	23	3
55	24	4
55	25	5
55	26	2
55	27	1
55	28	11
55	29	1
55	30	1
55	31	2
55	32	2
55	33	1
55	34	2
55	35	5
55	37	3
55	38	7
55	39	5
55	40	6
55	41	4
55	42	1
55	43	4
55	44	1
55	45	3
55	46	5
55	47	2
55	48	1
55	49	9
55	51	8
55	52	10
55	53	11
55	54	13
56	0	1
56	1	1
56	2	4
56	3	1
56	4	1
56	8	2
56	10	2
56	11	2
56	12	4
56	13	4
56	14	2
56	16	1
56	18	2
56	19	4
56	20	2
56	22	3
56	23	6
56	24	3
56	25	1
56	26	1
56	27	5
56	28	5
56	30	2
56	31	3
56	32	1
56	33	3
56	35	4
56	36	2
56	37	3
56	38	7
56	39	6
56	41	2
56	42	1
56	43	3
56	44	7
56	45	2
56	46	4
56	47	3
56	48	1
56	49	2
56	50	5
56	51	7
56	52	3
56	53	3
56	54	6
56	55	8
57	1	2
57	2	2
57	3	2
57	4	3
57	8	4
57	9	2
57	10	1
57	12	4
57	13	2
57	14	2
57	16	2
57	18	3
57	19	1
57	20	3
57	22	3
57	23	3
57	24	2
57	25	3
57	26	6
57	27	1
57	28	1
57	29	1
57	30	3
57	31	5
57	33	3
57	34	5
57	35	3
57	36	2
57	37	1
57	38	5
57	39	6
57	40	3
57	41	3
57	42	2
57	43	4
57	44	3
57	45	2
57	46	2
57	47	5
57	48	3
57	49	10
57	50	6
57	51	4
57	52	7
57	53	1
57	54	7
57	55	7
57	56	4
58	1	2
58	2	1
58	6	2
58	10	4
58	11	2
58	14	1
58	16	1
58	17	3
58	18	2
58	20	2
58	22	4
58	25	3
58	26	1
58	27	2
58	28	5
58	29	1
58	30	2
58	31	2
58	33	7
58	34	2
58	35	4
58	36	3
58	37	5
58	38	9
58	39	5
58	40	2
58	41	2
58	42	3
58	43	3
58	44	4
58	45	8
58	46	4
58	47	2
58	48	2
58	49	5
58	50	4
58	51	5
58	52	6
58	53	4
58	54	3
58	55	6
58	56	4
58	57	12
59	1	2
59	2	4
59	3	4
59	4	1
59	5	2
59	6	4
59	8	2
59	9	1
59	10	6
59	11	1
59	12	6
59	13	3
59	14	1
59	15	1
59	16	1
59	18	4
59	19	4
59	20	3
59	21	5
59	22	1
59	23	2
59	24	7
59	26	1
59	27	5
59	28	2
59	29	1
59	30	3
59	31	3
59	32	2
59	33	2
59	34	4
59	35	5
59	36	3
59	37	1
59	38	3
59	39	2
59	40	3
59	41	4
59	42	4
59	43	3
59	44	2
59	45	3
59	46	2
59	47	3
59	48	4
59	49	3
59	50	5
59	51	5
59	52	12
59	53	8
59	54	12
59	55	12
59	56	3
59	57	4
59	58	5
60	0	2
60	1	2
60	3	3
60	4	2
60	7	1
60	8	3
60	10	2
60	11	1
60	13	2
60	14	3
60	15	2
60	17	1
60	18	1
60	19	1
60	20	4
60	23	1
60	24	4
60	25	2
60	26	3
60	27	2
60	28	2
60	29	2
60	30	3
60	31	2
60	32	5
60	33	6
60	34	3
60	35	7
60	36	5
60	37	1
60	38	3
60	39	8
60	40	4
60	41	1
60	42	1
60	43	2
60	44	5
60	46	2
60	47	7
60	48	4
60	49	3
60	50	3
60	51	2
60	52	4
60	53	3
60	54	2
60	55	3
60	56	2
60	57	6
60	58	3
60	59	7
