1	0	4
2	1	5
3	0	3
3	1	5
3	2	5
4	0	4
4	1	5
4	2	11
4	3	17
5	1	5
5	2	1
5	3	2
5	4	3
6	0	2
6	1	4
6	2	4
6	3	1
6	4	2
6	5	5
7	0	8
7	1	5
7	2	2
7	4	4
7	5	3
7	6	6
8	0	6
8	1	5
8	2	5
8	3	2
8	4	1
8	5	2
8	6	14
8	7	9
9	0	1
9	1	5
9	2	5
9	3	3
9	4	1
9	5	4
9	6	6
9	7	6
9	8	10
10	0	2
10	1	5
10	2	4
10	3	1
10	4	3
10	5	6
10	6	8
10	7	5
10	8	6
10	9	8
11	0	5
11	1	7
11	2	4
11	3	1
11	4	4
11	5	6
11	6	4
11	7	2
11	8	2
11	9	10
11	10	10
12	0	1
12	1	1
12	2	3
12	3	5
12	4	5
12	5	7
12	6	9
12	7	3
12	8	7
12	9	11
12	10	12
12	11	12
13	0	5
13	1	3
13	2	8
13	3	2
13	4	5
13	5	3
13	6	3
13	7	1
13	8	5
13	9	11
13	10	5
13	11	8
13	12	4
14	0	7
14	1	4
14	2	7
14	3	3
14	4	5
14	5	2
14	6	3
14	7	2
14	8	6
14	9	5
14	10	8
14	11	7
14	12	12
14	13	4
15	0	7
15	1	8
15	2	3
15	3	2
15	4	1
15	5	4
15	6	2
15	7	4
15	8	3
15	9	5
15	10	7
15	11	3
15	12	6
15	13	8
15	14	5
16	0	4
16	1	2
16	2	6
16	3	3
16	4	2
16	5	1
16	6	1
16	7	2
16	8	2
16	9	3
16	10	3
16	11	2
16	12	2
16	13	3
16	14	3
16	15	5
17	0	3
17	1	4
17	2	4
17	3	3
17	4	5
17	6	2
17	7	3
17	8	5
17	9	3
17	10	2
17	11	3
17	12	7
17	13	7
17	14	6
17	15	8
17	16	4
18	0	2
18	1	1
18	2	6
18	3	4
18	4	2
18	5	8
18	6	1
18	7	2
18	8	4
18	9	5
18	10	7
18	11	7
18	12	6
18	14	6
18	15	4
18	16	2
18	17	3
19	0	1
19	1	4
19	2	6
19	3	4
19	4	7
19	5	2
19	6	3
19	7	2
19	8	3
19	9	4
19	10	2
19	11	1
19	12	1
19	13	5
19	14	9
19	15	8
19	16	4
19	17	7
19	18	3
20	0	3
20	1	3
20	2	9
20	3	2
20	4	7
20	5	6
20	6	3
20	7	2
20	8	7
20	9	3
20	10	5
20	11	3
20	12	4
20	13	4
20	14	7
20	15	2
20	16	3
20	17	5
20	18	6
20	19	6
21	1	2
21	2	7
21	3	2
21	4	5
21	5	3
21	6	1
21	7	4
21	8	6
21	9	3
21	10	3
21	11	3
21	12	3
21	13	5
21	14	1
21	15	3
21	16	9
21	17	4
21	18	5
21	19	3
21	20	3
22	1	3
22	2	5
22	3	6
22	4	5
22	5	8
22	6	2
22	7	2
22	8	3
22	9	3
22	10	3
22	11	4
22	12	4
22	13	4
22	14	3
22	15	3
22	16	2
22	17	3
22	18	4
22	19	4
22	20	7
22	21	12
23	0	1
23	1	6
23	2	3
23	3	3
23	4	3
23	5	1
23	7	1
23	8	2
23	9	1
23	10	2
23	11	4
23	12	3
23	13	1
23	14	2
23	15	2
23	18	2
23	19	4
23	20	1
23	21	1
23	22	2
24	1	5
24	3	3
24	4	6
24	5	1
24	8	1
24	9	3
24	10	3
24	11	9
24	12	4
24	13	2
24	14	6
24	15	8
24	16	1
24	17	2
24	18	4
24	19	3
24	20	3
24	21	2
24	22	1
24	23	4
25	1	6
25	2	1
25	3	2
25	4	4
25	5	3
25	7	7
25	8	1
25	9	5
25	10	3
25	11	10
25	12	3
25	13	5
25	14	3
25	15	8
25	16	2
25	17	4
25	18	5
25	19	4
25	20	3
25	22	3
25	23	5
25	24	5
26	0	1
26	1	3
26	2	3
26	4	3
26	5	2
26	7	1
26	8	2
26	10	1
26	11	2
26	13	2
26	14	2
26	15	1
26	18	2
26	19	1
26	20	3
26	23	1
26	24	3
26	25	3
27	0	1
27	1	3
27	2	2
27	3	3
27	4	3
27	5	2
27	7	5
27	8	1
27	9	2
27	10	3
27	11	3
27	12	2
27	13	3
27	14	2
27	15	1
27	17	3
27	18	1
27	19	3
27	22	1
27	24	1
27	25	6
27	26	4
28	0	2
28	1	1
28	2	5
28	3	2
28	4	4
28	5	3
28	6	2
28	8	1
28	9	3
28	10	8
28	11	3
28	12	3
28	13	4
28	14	1
28	15	3
28	17	1
28	18	5
28	19	2
28	20	6
28	21	7
28	22	4
28	23	3
28	24	7
28	25	2
28	26	4
28	27	3
29	1	1
29	2	2
29	4	2
29	5	2
29	10	1
29	12	2
29	13	2
29	14	1
29	16	2
29	18	1
29	23	2
29	24	1
29	26	1
29	27	4
29	28	2
30	3	2
30	5	1
30	7	1
30	8	3
30	9	4
30	11	4
30	12	1
30	13	2
30	14	1
30	17	3
30	18	1
30	19	1
30	20	1
30	22	1
30	24	2
30	25	1
30	27	3
30	28	3
30	29	4
31	4	2
31	5	2
31	8	3
31	9	3
31	10	1
31	14	1
31	15	1
31	19	1
31	21	1
31	22	1
31	23	2
31	24	1
31	25	2
31	26	3
31	27	2
31	28	2
31	29	3
31	30	10
32	0	2
32	1	2
32	4	3
32	8	5
32	10	3
32	11	1
32	12	2
32	13	4
32	14	2
32	15	2
32	16	1
32	18	3
32	23	3
32	24	1
32	25	3
32	26	1
32	27	8
32	28	2
32	29	2
32	30	6
32	31	9
33	0	1
33	1	2
33	2	3
33	4	4
33	5	1
33	8	1
33	9	1
33	10	2
33	11	3
33	12	2
33	13	3
33	14	2
33	15	2
33	17	2
33	18	2
33	21	2
33	22	1
33	23	1
33	24	4
33	25	3
33	26	2
33	27	4
33	28	2
33	29	4
33	30	1
33	31	5
33	32	9
34	1	1
34	2	2
34	3	2
34	6	1
34	8	1
34	9	1
34	10	2
34	11	2
34	12	3
34	14	2
34	15	2
34	16	3
34	17	1
34	18	3
34	19	2
34	20	2
34	21	2
34	23	5
34	24	1
34	25	3
34	26	3
34	27	5
34	28	4
34	29	2
34	30	1
34	31	3
34	32	2
34	33	9
35	1	2
35	2	3
35	4	2
35	5	1
35	6	3
35	8	1
35	9	1
35	10	3
35	11	3
35	12	4
35	13	2
35	14	2
35	15	1
35	17	2
35	19	2
35	20	3
35	21	2
35	22	1
35	23	4
35	24	4
35	25	1
35	26	4
35	27	4
35	29	6
35	30	7
35	31	4
35	32	7
35	33	15
35	34	11
36	1	6
36	3	3
36	4	1
36	5	2
36	6	1
36	7	1
36	10	2
36	11	1
36	12	3
36	13	4
36	14	4
36	15	2
36	16	1
36	22	2
36	23	1
36	24	2
36	25	3
36	26	4
36	27	3
36	28	1
36	29	1
36	30	2
36	31	2
36	32	1
36	33	6
36	34	3
36	35	11
37	0	1
37	1	3
37	2	1
37	3	1
37	4	5
37	6	3
37	7	2
37	8	3
37	9	2
37	10	4
37	11	5
37	12	4
37	13	4
37	15	2
37	18	1
37	19	2
37	20	2
37	21	1
37	25	3
37	26	4
37	27	2
37	28	3
37	29	3
37	30	5
37	31	7
37	32	6
37	33	3
37	34	6
37	35	4
37	36	3
38	0	3
38	1	7
38	2	2
38	3	4
38	4	1
38	5	4
38	7	3
38	8	2
38	9	7
38	10	6
38	11	4
38	12	1
38	13	3
38	14	4
38	15	1
38	16	1
38	17	1
38	18	1
38	19	4
38	20	3
38	21	2
38	22	6
38	23	3
38	24	9
38	25	3
38	26	3
38	27	1
38	28	13
38	29	1
38	30	4
38	31	2
38	32	5
38	33	3
38	34	1
38	35	6
38	36	5
38	37	6
39	1	1
39	2	2
39	3	1
39	4	3
39	5	2
39	6	3
39	7	1
39	8	1
39	9	2
39	10	2
39	11	3
39	12	2
39	13	3
39	14	2
39	15	1
39	16	1
39	18	1
39	19	2
39	20	1
39	21	4
39	22	2
39	23	4
39	24	1
39	25	2
39	26	2
39	27	3
39	28	8
39	29	1
39	31	1
39	32	2
39	33	2
39	34	1
39	35	4
39	36	5
39	37	2
39	38	4
40	0	4
40	1	3
40	2	1
40	3	2
40	4	2
40	5	2
40	6	3
40	7	2
40	8	1
40	9	2
40	10	1
40	11	6
40	12	3
40	13	2
40	14	6
40	15	4
40	16	3
40	18	3
40	19	1
40	20	1
40	22	1
40	23	4
40	24	3
40	25	4
40	26	2
40	27	3
40	28	3
40	29	2
40	30	5
40	31	1
40	32	5
40	33	8
40	34	7
40	35	3
40	37	5
40	38	8
40	39	6
41	1	4
41	4	1
41	5	1
41	6	2
41	7	1
41	8	3
41	10	3
41	11	4
41	12	1
41	13	3
41	14	1
41	16	1
41	18	3
41	20	4
41	24	3
41	25	1
41	27	2
41	28	3
41	29	4
41	30	4
41	31	4
41	32	6
41	33	4
41	34	4
41	35	4
41	36	4
41	37	7
41	38	2
41	39	4
41	40	8
42	1	1
42	2	1
42	3	2
42	4	3
42	5	2
42	6	3
42	8	3
42	9	2
42	10	2
42	11	3
42	12	4
42	13	1
42	14	2
42	15	4
42	17	2
42	18	3
42	19	2
42	20	1
42	23	1
42	24	1
42	25	3
42	26	2
42	27	2
42	28	3
42	29	2
42	30	3
42	31	4
42	32	4
42	33	2
42	34	2
42	35	3
42	36	3
42	37	4
42	38	5
42	39	7
42	40	6
42	41	8
43	0	4
43	1	4
43	2	3
43	3	2
43	4	1
43	5	2
43	9	2
43	10	3
43	11	2
43	12	4
43	13	3
43	14	2
43	15	1
43	17	1
43	18	4
43	20	1
43	22	1
43	23	1
43	24	2
43	25	5
43	26	3
43	27	4
43	28	3
43	29	3
43	30	3
43	31	5
43	32	1
43	34	5
43	35	6
43	36	2
43	37	8
43	38	7
43	39	6
43	40	5
43	41	4
43	42	3
44	5	3
44	7	1
44	10	3
44	18	1
44	19	4
44	20	1
44	23	1
44	24	1
44	26	2
44	27	3
44	28	7
44	29	3
44	30	1
44	31	5
44	32	3
44	33	1
44	34	4
44	35	4
44	36	2
44	37	7
44	38	7
44	39	5
44	40	2
44	41	7
44	42	4
44	43	9
45	3	1
45	5	1
45	6	3
45	9	1
45	10	4
45	11	4
45	20	2
45	22	1
45	25	2
45	26	2
45	28	1
45	29	4
45	30	1
45	31	1
45	32	3
45	33	3
45	34	6
45	35	3
45	36	3
45	37	6
45	39	4
45	40	3
45	41	7
45	42	5
45	43	5
45	44	3
46	1	3
46	2	1
46	3	1
46	4	1
46	8	2
46	10	2
46	11	2
46	13	1
46	14	2
46	18	1
46	24	3
46	25	4
46	26	5
46	27	3
46	28	4
46	29	2
46	30	7
46	31	8
46	32	2
46	33	4
46	34	3
46	35	9
46	36	3
46	37	3
46	38	7
46	39	4
46	40	2
46	41	9
46	42	1
46	43	3
46	44	2
46	45	4
47	1	3
47	2	1
47	3	3
47	4	4
47	9	3
47	10	2
47	12	6
47	15	2
47	20	1
47	23	2
47	24	7
47	25	6
47	26	4
47	27	2
47	28	5
47	29	2
47	30	2
47	31	1
47	32	4
47	33	2
47	34	3
47	35	13
47	36	7
47	37	1
47	38	6
47	39	5
47	40	4
47	41	6
47	42	5
47	43	3
47	44	3
47	45	3
47	46	5
48	1	3
48	2	1
48	3	2
48	4	3
48	6	3
48	7	1
48	8	1
48	9	3
48	10	4
48	11	6
48	12	4
48	13	1
48	14	4
48	15	1
48	16	2
48	18	2
48	19	1
48	20	4
48	21	6
48	22	1
48	23	1
48	24	6
48	25	3
48	26	4
48	27	2
48	28	3
48	29	5
48	30	4
48	31	2
48	32	2
48	33	3
48	34	12
48	35	1
48	36	4
48	37	5
48	38	4
48	39	4
48	40	5
48	41	3
48	42	2
48	43	4
48	44	2
48	45	2
48	46	2
48	47	3
49	0	2
49	1	3
49	2	4
49	3	3
49	4	4
49	5	3
49	6	1
49	8	2
49	9	2
49	10	3
49	11	6
49	12	2
49	13	4
49	14	4
49	15	4
49	17	1
49	18	1
49	19	1
49	20	2
49	21	2
49	22	2
49	23	3
49	24	12
49	25	2
49	26	5
49	27	4
49	28	5
49	29	2
49	30	2
49	31	1
49	32	5
49	33	3
49	34	11
49	35	3
49	36	6
49	37	2
49	38	5
49	39	5
49	40	5
49	41	3
49	42	3
49	43	2
49	44	2
49	45	4
49	46	8
49	47	6
49	48	13
50	0	1
50	1	6
50	2	2
50	3	1
50	8	4
50	10	2
50	11	5
50	12	3
50	13	5
50	14	2
50	15	2
50	18	3
50	19	3
50	21	3
50	24	3
50	25	5
50	26	4
50	27	3
50	28	4
50	29	2
50	30	2
50	32	5
50	33	4
50	34	6
50	35	9
50	36	2
50	37	2
50	38	4
50	39	1
50	40	2
50	41	1
50	42	1
50	45	2
50	46	2
50	47	1
50	48	7
50	49	11
51	1	4
51	2	3
51	3	1
51	4	2
51	5	3
51	6	3
51	8	2
51	9	1
51	10	3
51	11	2
51	12	1
51	13	3
51	14	6
51	15	3
51	18	3
51	20	2
51	21	2
51	22	2
51	23	5
51	24	1
51	25	1
51	26	2
51	27	2
51	28	5
51	29	2
51	30	5
51	31	3
51	32	4
51	33	8
51	34	6
51	35	11
51	36	8
51	37	11
51	38	14
51	39	5
51	40	8
51	41	3
51	42	4
51	43	2
51	44	2
51	45	6
51	46	7
51	47	6
51	48	4
51	49	9
52	1	3
52	3	2
52	4	8
52	5	1
52	7	1
52	8	3
52	9	2
52	10	3
52	11	1
52	12	2
52	13	2
52	14	1
52	15	4
52	16	1
52	18	4
52	19	2
52	20	5
52	21	1
52	22	1
52	23	3
52	24	4
52	27	4
52	28	7
52	29	2
52	30	1
52	31	2
52	32	2
52	33	3
52	34	3
52	35	3
52	36	8
52	37	1
52	38	9
52	39	6
52	41	4
52	42	2
52	43	3
52	44	1
52	45	2
52	46	1
52	47	1
52	49	8
52	50	3
52	51	8
53	1	3
53	2	2
53	3	2
53	4	4
53	5	1
53	6	3
53	7	1
53	8	3
53	9	3
53	10	6
53	11	3
53	12	2
53	13	1
53	14	3
53	15	2
53	16	1
53	17	3
53	18	3
53	19	2
53	20	2
53	21	1
53	22	5
53	23	1
53	24	3
53	25	2
53	26	2
53	27	2
53	28	8
53	29	2
53	30	6
53	31	1
53	32	2
53	33	3
53	34	13
53	35	1
53	36	6
53	37	4
53	38	11
53	39	4
53	40	10
53	41	3
53	42	5
53	43	6
53	44	8
53	45	4
53	46	3
53	47	1
53	48	5
53	49	7
53	50	3
53	51	11
53	52	8
54	1	3
54	2	3
54	3	2
54	4	3
54	5	2
54	8	2
54	9	1
54	10	2
54	11	2
54	12	5
54	13	3
54	15	2
54	16	2
54	17	1
54	18	5
54	19	1
54	20	3
54	21	1
54	22	2
54	23	1
54	24	6
54	25	3
54	26	2
54	27	2
54	28	2
54	29	1
54	30	1
54	31	1
54	32	2
54	33	2
54	34	1
54	35	5
54	36	3
54	37	1
54	38	4
54	39	5
54	40	2
54	42	2
54	43	2
54	44	4
54	45	2
54	46	1
54	47	3
54	48	6
54	49	6
54	50	3
54	51	2
54	52	7
54	53	5
55	1	2
55	2	2
55	3	4
55	4	4
55	5	2
55	6	4
55	7	4
55	8	2
55	9	1
55	10	5
55	11	1
55	12	4
55	13	2
55	14	3
55	15	3
55	16	3
55	17	4
55	18	6
55	19	2
55	20	4
55	21	4
55	22	4
55	23	1
55	24	3
55	25	5
55	26	7
55	27	3
55	28	13
55	29	1
55	30	2
55	31	4
55	34	3
55	35	4
55	36	4
55	37	4
55	38	11
55	39	5
55	40	4
55	41	1
55	42	4
55	43	4
55	44	6
55	45	3
55	46	2
55	48	6
55	49	11
55	50	2
55	51	10
55	52	10
55	53	6
55	54	14
56	0	1
56	1	2
56	2	5
56	3	8
56	4	3
56	5	1
56	8	4
56	9	1
56	10	2
56	11	2
56	12	1
56	14	5
56	15	2
56	16	2
56	17	1
56	18	4
56	19	2
56	20	3
56	21	1
56	22	1
56	23	1
56	24	3
56	25	2
56	26	6
56	27	1
56	28	7
56	30	1
56	31	2
56	32	2
56	33	1
56	34	4
56	35	3
56	36	7
56	37	2
56	38	10
56	39	10
56	40	3
56	41	4
56	42	8
56	43	2
56	44	4
56	45	7
56	46	2
56	47	1
56	48	5
56	49	3
56	50	5
56	51	5
56	52	4
56	53	3
56	54	8
56	55	4
57	0	3
57	1	1
57	2	2
57	3	1
57	6	4
57	8	3
57	9	1
57	10	1
57	11	1
57	12	3
57	13	2
57	14	5
57	15	4
57	18	1
57	19	1
57	20	3
57	22	3
57	23	3
57	24	2
57	26	4
57	28	5
57	29	3
57	30	1
57	31	2
57	33	4
57	34	1
57	35	6
57	36	5
57	37	3
57	38	9
57	39	3
57	40	1
57	41	5
57	42	1
57	43	6
57	44	5
57	45	9
57	46	3
57	47	3
57	48	1
57	49	3
57	50	3
57	51	5
57	52	12
57	53	2
57	54	4
57	55	7
57	56	6
58	0	1
58	3	1
58	4	5
58	10	2
58	11	1
58	14	3
58	17	1
58	20	1
58	22	1
58	23	6
58	24	2
58	25	2
58	26	4
58	27	3
58	28	2
58	29	2
58	30	3
58	31	4
58	32	4
58	33	4
58	34	6
58	35	6
58	36	7
58	37	4
58	38	6
58	39	1
58	40	3
58	41	2
58	42	4
58	43	3
58	44	3
58	45	4
58	46	4
58	47	7
58	48	2
58	49	4
58	50	2
58	51	7
58	52	8
58	53	3
58	54	6
58	55	2
58	56	2
58	57	7
59	1	4
59	2	4
59	3	3
59	4	3
59	5	3
59	8	1
59	10	1
59	12	3
59	13	2
59	14	2
59	15	4
59	16	2
59	17	1
59	18	4
59	19	2
59	20	3
59	21	3
59	23	5
59	24	4
59	25	1
59	26	3
59	27	3
59	28	3
59	29	1
59	30	1
59	31	3
59	32	2
59	33	7
59	34	5
59	35	4
59	36	6
59	37	3
59	38	2
59	39	4
59	40	6
59	41	4
59	42	2
59	43	4
59	44	1
59	45	5
59	46	2
59	47	4
59	48	4
59	49	9
59	50	3
59	51	6
59	52	9
59	53	4
59	54	7
59	55	5
59	56	5
59	57	8
59	58	2
60	0	1
60	1	1
60	2	2
60	3	1
60	4	1
60	7	1
60	8	1
60	10	5
60	11	3
60	12	2
60	13	2
60	14	4
60	15	4
60	17	1
60	18	1
60	19	2
60	20	1
60	23	4
60	24	3
60	25	2
60	26	4
60	27	5
60	28	5
60	29	3
60	30	2
60	31	4
60	32	1
60	33	6
60	34	3
60	35	3
60	36	3
60	37	3
60	38	3
60	39	3
60	40	4
60	41	4
60	42	1
60	43	5
60	44	2
60	45	3
60	46	3
60	47	5
60	48	3
60	49	5
60	50	3
60	51	1
60	52	1
60	53	1
60	54	4
60	55	3
60	56	4
60	57	7
60	58	9
60	59	9
