1	0	1
2	0	4
2	1	3
3	1	1
3	2	6
4	0	2
4	1	4
4	2	9
4	3	12
5	0	1
5	1	1
5	3	3
5	4	3
6	0	4
6	1	4
6	2	5
6	3	3
6	4	4
6	5	7
7	0	1
7	1	4
7	2	2
7	3	1
7	4	4
7	5	3
7	6	4
8	0	7
8	1	5
8	2	1
8	3	4
8	4	5
8	5	2
8	6	6
8	7	12
9	0	2
9	1	5
9	2	2
9	3	1
9	4	6
9	5	5
9	6	5
9	7	13
9	8	8
10	1	6
10	2	4
10	3	1
10	4	2
10	5	7
10	6	3
10	7	3
10	8	9
10	9	4
11	0	1
11	1	1
11	3	1
11	4	2
11	5	4
11	6	3
11	7	6
11	8	7
11	9	10
11	10	14
12	0	3
12	1	6
12	2	5
12	3	2
12	4	5
12	5	5
12	7	4
12	8	8
12	9	6
12	10	9
12	11	2
13	0	6
13	1	7
13	2	2
13	4	4
13	5	7
13	6	4
13	7	7
13	8	4
13	9	8
13	10	3
13	11	6
13	12	10
14	0	3
14	1	5
14	2	2
14	3	1
14	4	4
14	5	2
14	6	4
14	7	2
14	8	6
14	9	3
14	10	10
14	11	3
14	12	12
14	13	10
15	0	1
15	1	5
15	2	5
15	3	2
15	4	3
15	5	2
15	6	4
15	7	1
15	8	5
15	9	4
15	10	2
15	11	2
15	12	9
15	13	8
15	14	6
16	0	3
16	1	2
16	2	3
16	3	3
16	4	3
16	5	2
16	6	2
16	8	3
16	9	2
16	11	3
16	12	2
16	13	3
16	14	4
17	0	2
17	1	1
17	2	7
17	3	3
17	4	2
17	6	3
17	7	2
17	8	5
17	9	1
17	10	5
17	11	4
17	12	5
17	13	2
17	14	2
17	15	7
17	16	4
18	0	2
18	1	1
18	2	3
18	3	3
18	4	4
18	5	9
18	6	2
18	7	3
18	8	3
18	9	1
18	10	7
18	11	1
18	12	4
18	13	5
18	14	2
18	16	2
18	17	2
19	0	4
19	1	4
19	2	6
19	3	4
19	4	15
19	5	1
19	6	2
19	7	1
19	8	6
19	9	3
19	10	4
19	11	1
19	12	4
19	13	5
19	14	4
19	15	5
19	16	5
19	17	3
19	18	1
20	0	2
20	1	2
20	2	7
20	3	3
20	4	10
20	5	2
20	6	4
20	7	3
20	8	3
20	9	2
20	10	4
20	11	3
20	12	8
20	13	2
20	14	10
20	15	4
20	16	1
20	18	4
20	19	1
21	0	3
21	1	1
21	2	7
21	3	4
21	4	4
21	5	5
21	6	5
21	8	4
21	9	5
21	10	9
21	11	3
21	12	5
21	13	3
21	14	2
21	15	10
21	16	3
21	17	4
21	18	3
21	19	1
21	20	8
22	1	3
22	2	9
22	3	4
22	4	1
22	5	8
22	6	2
22	7	1
22	8	1
22	9	2
22	10	2
22	11	3
22	12	3
22	13	3
22	14	3
22	15	4
22	16	3
22	17	2
22	18	4
22	19	6
22	20	6
22	21	8
23	1	7
23	2	3
23	3	4
23	4	7
23	5	2
23	7	2
23	9	1
23	10	4
23	11	3
23	12	2
23	13	5
23	14	2
23	15	3
23	17	5
23	18	1
23	19	4
23	20	2
23	22	1
24	0	2
24	1	4
24	2	2
24	3	3
24	4	1
24	5	2
24	6	1
24	7	2
24	8	2
24	9	4
24	10	5
24	11	4
24	12	7
24	13	4
24	14	2
24	16	3
24	17	1
24	18	2
24	19	1
24	20	4
24	21	4
25	0	2
25	1	5
25	2	1
25	3	1
25	4	1
25	5	2
25	6	1
25	7	4
25	8	5
25	9	3
25	10	5
25	11	7
25	12	1
25	13	9
25	14	2
25	15	5
25	16	4
25	17	1
25	18	2
25	19	1
25	20	3
25	21	3
25	23	3
25	24	3
26	0	1
26	1	1
26	2	1
26	4	1
26	5	2
26	7	1
26	8	1
26	10	2
26	11	3
26	12	1
26	13	2
26	14	2
26	15	1
26	16	2
26	17	2
26	18	2
26	19	1
26	20	1
26	22	1
26	23	1
26	24	4
27	0	3
27	1	6
27	3	2
27	4	1
27	5	6
27	9	3
27	10	2
27	11	1
27	13	3
27	14	4
27	15	1
27	17	2
27	18	3
27	19	3
27	22	1
27	23	3
27	24	5
27	25	5
27	26	5
28	0	2
28	1	8
28	3	2
28	4	7
28	5	8
28	6	3
28	8	1
28	9	3
28	10	4
28	11	3
28	12	3
28	13	1
28	14	7
28	15	5
28	16	2
28	17	5
28	18	5
28	19	3
28	20	8
28	21	3
28	22	4
28	23	1
28	24	3
28	25	6
28	27	3
29	1	4
29	2	1
29	4	1
29	5	2
29	7	1
29	8	1
29	10	2
29	12	1
29	13	1
29	14	1
29	18	4
29	24	3
29	25	4
29	26	2
29	27	3
29	28	1
30	1	2
30	3	2
30	5	3
30	7	3
30	8	3
30	10	3
30	11	2
30	12	3
30	13	4
30	14	3
30	17	2
30	18	5
30	19	2
30	24	4
30	25	3
30	26	2
30	27	4
30	28	3
30	29	6
31	4	1
31	5	1
31	8	3
31	10	1
31	11	1
31	14	2
31	21	1
31	22	1
31	23	1
31	24	3
31	25	3
31	27	2
31	28	5
31	29	6
31	30	14
32	0	3
32	2	2
32	4	1
32	8	3
32	9	1
32	10	3
32	11	2
32	12	3
32	14	1
32	15	3
32	16	2
32	17	1
32	18	2
32	22	1
32	24	3
32	25	4
32	26	3
32	27	5
32	29	6
32	30	4
32	31	5
33	0	2
33	1	4
33	2	1
33	4	2
33	5	5
33	8	3
33	9	1
33	10	4
33	11	3
33	12	3
33	13	5
33	14	2
33	15	3
33	17	2
33	18	1
33	19	1
33	22	2
33	23	3
33	24	2
33	25	2
33	26	2
33	27	4
33	28	2
33	29	7
33	30	4
33	31	4
33	32	9
34	1	6
34	2	2
34	3	1
34	4	1
34	5	1
34	6	2
34	8	4
34	9	3
34	10	5
34	11	2
34	13	2
34	14	3
34	15	1
34	17	2
34	18	3
34	20	2
34	21	1
34	23	4
34	24	5
34	25	2
34	26	2
34	27	3
34	28	3
34	29	2
34	30	5
34	31	3
34	32	11
34	33	7
35	0	3
35	1	2
35	3	2
35	5	3
35	6	1
35	8	4
35	9	3
35	10	2
35	11	2
35	12	3
35	13	1
35	14	3
35	15	1
35	16	1
35	17	2
35	18	1
35	19	2
35	20	1
35	21	2
35	22	1
35	23	3
35	24	5
35	25	2
35	26	1
35	27	6
35	29	7
35	30	3
35	31	9
35	32	3
35	33	13
35	34	5
36	0	4
36	1	3
36	3	2
36	4	1
36	5	3
36	6	3
36	7	1
36	10	5
36	11	2
36	13	1
36	14	2
36	15	1
36	18	1
36	22	1
36	23	4
36	24	1
36	25	4
36	26	4
36	27	3
36	28	6
36	29	1
36	30	2
36	31	2
36	32	4
36	34	3
36	35	6
37	0	3
37	1	1
37	2	2
37	3	2
37	4	1
37	6	2
37	8	4
37	9	2
37	10	7
37	11	2
37	12	3
37	13	1
37	14	1
37	15	2
37	18	3
37	19	3
37	20	1
37	21	3
37	24	5
37	25	2
37	26	4
37	27	1
37	28	4
37	29	7
37	30	4
37	31	4
37	32	6
37	33	7
37	34	2
37	35	8
37	36	9
38	0	2
38	1	1
38	3	2
38	4	3
38	5	3
38	6	1
38	7	1
38	8	2
38	9	4
38	10	1
38	12	2
38	13	2
38	14	3
38	15	1
38	17	2
38	18	4
38	19	2
38	20	1
38	21	1
38	22	3
38	23	1
38	24	7
38	25	3
38	26	1
38	27	2
38	28	5
38	29	2
38	30	3
38	31	4
38	32	6
38	33	5
38	34	9
38	35	8
38	36	5
38	37	7
39	0	2
39	1	2
39	2	1
39	3	2
39	4	2
39	6	4
39	7	1
39	8	1
39	9	1
39	10	1
39	11	1
39	12	3
39	13	1
39	14	6
39	18	2
39	19	1
39	20	4
39	21	1
39	22	2
39	23	2
39	24	5
39	25	2
39	26	2
39	27	2
39	28	9
39	30	1
39	31	2
39	32	3
39	33	1
39	34	3
39	35	4
39	37	3
39	38	15
40	0	2
40	1	4
40	2	5
40	3	4
40	4	1
40	5	2
40	6	1
40	7	1
40	9	2
40	10	6
40	11	4
40	12	2
40	13	3
40	14	3
40	15	5
40	16	3
40	17	2
40	18	4
40	19	2
40	20	3
40	21	2
40	23	2
40	24	1
40	25	3
40	26	5
40	27	1
40	28	2
40	29	4
40	30	3
40	32	3
40	33	7
40	34	10
40	35	7
40	36	3
40	37	7
40	38	7
40	39	1
41	1	3
41	5	4
41	6	1
41	7	1
41	8	3
41	9	4
41	10	5
41	11	2
41	12	2
41	13	1
41	14	1
41	15	1
41	16	1
41	18	3
41	20	3
41	22	1
41	24	4
41	25	2
41	26	1
41	28	4
41	29	2
41	30	5
41	31	4
41	32	1
41	33	3
41	34	1
41	35	3
41	36	2
41	37	7
41	38	7
41	39	7
41	40	9
42	2	3
42	3	1
42	4	3
42	5	2
42	6	5
42	8	4
42	9	2
42	10	3
42	11	3
42	13	3
42	14	1
42	15	2
42	18	2
42	19	1
42	20	1
42	23	2
42	24	4
42	25	2
42	26	1
42	27	2
42	28	10
42	29	2
42	30	1
42	31	5
42	32	4
42	33	3
42	34	1
42	35	9
42	36	2
42	37	5
42	38	10
42	39	8
42	40	5
42	41	11
43	0	1
43	1	3
43	2	2
43	3	4
43	5	1
43	7	3
43	9	1
43	11	1
43	12	3
43	13	2
43	14	1
43	16	3
43	17	4
43	18	1
43	20	3
43	21	2
43	24	4
43	25	2
43	26	3
43	27	5
43	28	5
43	29	2
43	30	5
43	31	6
43	32	3
43	33	7
43	35	4
43	36	4
43	37	6
43	38	6
43	39	8
43	40	5
43	41	9
43	42	9
44	3	2
44	4	3
44	5	1
44	7	1
44	8	1
44	9	2
44	10	4
44	11	2
44	18	3
44	19	3
44	21	2
44	23	2
44	24	1
44	28	3
44	29	4
44	31	4
44	32	1
44	33	3
44	34	5
44	35	4
44	36	2
44	37	6
44	38	7
44	39	8
44	40	2
44	41	2
44	42	3
44	43	9
45	0	2
45	2	1
45	3	4
45	5	1
45	6	2
45	9	1
45	10	2
45	11	1
45	16	1
45	20	2
45	24	2
45	25	4
45	28	1
45	29	2
45	30	1
45	31	1
45	32	4
45	33	2
45	34	3
45	35	6
45	36	3
45	37	7
45	38	8
45	39	1
45	40	2
45	41	2
45	42	6
45	43	7
45	44	8
46	0	1
46	1	1
46	3	2
46	4	1
46	8	3
46	10	4
46	11	6
46	14	2
46	15	1
46	18	3
46	23	2
46	25	2
46	26	1
46	27	3
46	28	3
46	29	4
46	30	5
46	31	4
46	32	6
46	33	4
46	34	3
46	35	7
46	36	4
46	37	3
46	38	2
46	39	2
46	40	5
46	41	2
46	42	2
46	43	4
46	44	5
46	45	10
47	1	2
47	3	1
47	4	1
47	9	1
47	10	2
47	11	3
47	12	1
47	13	1
47	15	1
47	16	4
47	18	1
47	20	4
47	24	4
47	26	5
47	27	1
47	28	3
47	29	7
47	30	6
47	31	1
47	32	6
47	33	6
47	34	2
47	35	9
47	36	3
47	37	5
47	38	4
47	39	3
47	40	2
47	41	3
47	42	1
47	43	2
47	44	3
47	45	5
47	46	4
48	3	1
48	4	2
48	5	1
48	6	5
48	7	2
48	8	1
48	9	3
48	10	6
48	11	8
48	12	5
48	13	4
48	14	2
48	15	3
48	16	1
48	18	6
48	19	2
48	20	1
48	21	1
48	22	1
48	23	1
48	24	8
48	25	2
48	26	3
48	27	3
48	28	4
48	29	1
48	30	2
48	31	2
48	32	5
48	33	3
48	34	5
48	35	3
48	36	5
48	37	5
48	38	4
48	39	3
48	40	5
48	41	4
48	43	4
48	44	3
48	46	3
48	47	2
49	0	5
49	1	5
49	3	1
49	4	3
49	5	1
49	6	4
49	8	4
49	9	2
49	10	3
49	11	5
49	12	5
49	13	3
49	14	5
49	15	3
49	16	2
49	17	4
49	18	2
49	19	4
49	20	3
49	21	1
49	22	5
49	23	4
49	24	7
49	25	4
49	26	3
49	27	4
49	28	6
49	29	3
49	30	2
49	31	3
49	32	4
49	33	6
49	34	9
49	35	7
49	36	9
49	37	5
49	38	8
49	39	2
49	40	6
49	41	6
49	42	6
49	43	3
49	44	2
49	46	3
49	47	6
49	48	11
50	1	3
50	4	3
50	7	2
50	8	2
50	9	3
50	10	4
50	11	2
50	12	5
50	13	1
50	14	3
50	15	6
50	18	1
50	19	1
50	20	1
50	21	1
50	23	2
50	24	3
50	25	8
50	26	4
50	27	5
50	28	2
50	29	1
50	30	3
50	31	4
50	32	2
50	33	3
50	34	3
50	35	5
50	36	2
50	37	4
50	38	1
50	39	2
50	40	2
50	41	1
50	42	4
50	43	1
50	45	4
50	46	3
50	47	2
50	48	8
50	49	6
51	1	2
51	2	5
51	3	2
51	5	1
51	6	1
51	8	2
51	9	3
51	10	2
51	11	3
51	12	1
51	13	4
51	15	2
51	18	2
51	19	2
51	20	2
51	21	2
51	22	2
51	23	2
51	24	1
51	25	3
51	26	3
51	27	5
51	28	1
51	29	4
51	30	4
51	31	1
51	32	5
51	33	6
51	34	5
51	35	4
51	36	7
51	37	1
51	38	12
51	39	5
51	40	12
51	41	4
51	42	2
51	43	5
51	44	2
51	45	5
51	46	7
51	47	5
51	48	6
51	49	13
51	50	2
52	1	4
52	2	1
52	3	3
52	4	4
52	5	6
52	7	1
52	8	3
52	9	6
52	10	1
52	11	3
52	12	5
52	15	4
52	16	1
52	18	3
52	19	1
52	20	1
52	23	2
52	24	4
52	25	2
52	26	2
52	28	8
52	29	2
52	30	2
52	31	9
52	32	3
52	33	2
52	34	4
52	35	5
52	36	6
52	37	3
52	38	5
52	39	3
52	40	5
52	42	1
52	43	2
52	44	2
52	45	3
52	46	3
52	47	6
52	48	2
52	49	5
52	50	2
52	51	8
53	1	5
53	3	2
53	4	1
53	5	3
53	7	3
53	8	5
53	9	2
53	10	4
53	11	3
53	13	3
53	14	3
53	15	2
53	16	3
53	17	1
53	18	4
53	19	2
53	20	1
53	21	1
53	22	1
53	24	6
53	25	2
53	26	1
53	27	1
53	28	5
53	29	2
53	30	5
53	31	4
53	32	2
53	33	2
53	34	8
53	35	2
53	36	4
53	37	5
53	38	13
53	39	5
53	40	3
53	41	6
53	42	8
53	43	6
53	44	11
53	45	8
53	46	3
53	47	2
53	48	4
53	49	9
53	50	1
53	51	6
53	52	6
54	1	4
54	2	2
54	3	2
54	4	3
54	5	2
54	8	8
54	9	2
54	10	2
54	11	1
54	12	2
54	13	2
54	14	3
54	16	1
54	17	1
54	18	1
54	20	3
54	21	5
54	23	4
54	24	3
54	26	4
54	27	2
54	28	6
54	29	2
54	30	1
54	31	2
54	32	3
54	33	1
54	34	1
54	35	1
54	36	1
54	37	6
54	38	6
54	39	4
54	40	3
54	41	3
54	42	2
54	43	3
54	44	3
54	45	6
54	46	3
54	48	1
54	49	6
54	50	2
54	51	5
54	52	8
54	53	2
55	1	2
55	2	2
55	3	2
55	4	4
55	5	1
55	6	5
55	7	2
55	8	2
55	9	1
55	10	4
55	11	3
55	12	1
55	13	2
55	14	5
55	15	3
55	16	2
55	17	4
55	18	5
55	19	2
55	20	6
55	21	3
55	22	6
55	23	6
55	24	2
55	25	3
55	26	2
55	27	4
55	28	10
55	29	2
55	30	4
55	31	1
55	32	4
55	33	4
55	34	1
55	35	6
55	36	2
55	37	2
55	38	6
55	39	3
55	40	7
55	41	2
55	42	4
55	43	5
55	44	3
55	45	1
55	46	4
55	47	2
55	48	6
55	49	7
55	50	3
55	51	6
55	52	10
55	53	8
55	54	9
56	0	1
56	2	2
56	4	2
56	5	3
56	8	4
56	9	1
56	10	1
56	11	1
56	12	2
56	14	5
56	15	3
56	17	1
56	19	1
56	20	4
56	21	3
56	22	1
56	23	2
56	24	4
56	25	5
56	26	1
56	27	1
56	28	5
56	30	1
56	31	2
56	32	3
56	33	2
56	34	1
56	35	4
56	36	3
56	37	5
56	38	8
56	39	5
56	40	2
56	41	1
56	42	3
56	43	7
56	44	6
56	45	6
56	46	3
56	47	2
56	48	3
56	49	2
56	50	2
56	51	2
56	52	9
56	53	6
56	54	5
56	55	11
57	0	2
57	1	2
57	2	3
57	4	4
57	6	1
57	8	2
57	9	2
57	10	4
57	11	2
57	12	1
57	13	2
57	14	1
57	15	2
57	18	1
57	19	1
57	22	4
57	23	2
57	24	4
57	25	5
57	26	4
57	27	3
57	28	2
57	29	2
57	30	2
57	31	3
57	32	3
57	33	4
57	34	3
57	35	3
57	36	4
57	37	2
57	38	6
57	39	7
57	40	2
57	41	7
57	43	3
57	44	6
57	45	1
57	46	8
57	47	5
57	48	3
57	49	5
57	50	4
57	51	3
57	52	10
57	53	7
57	54	4
57	55	4
57	56	5
58	0	5
58	1	4
58	2	2
58	7	4
58	10	1
58	11	2
58	14	3
58	18	1
58	22	1
58	23	2
58	25	3
58	26	2
58	27	2
58	28	2
58	29	1
58	30	2
58	31	5
58	32	3
58	33	7
58	34	2
58	35	4
58	36	6
58	37	1
58	38	7
58	39	4
58	40	8
58	41	2
58	42	2
58	43	1
58	44	1
58	45	6
58	46	6
58	47	6
58	49	4
58	50	3
58	51	2
58	52	6
58	53	7
58	54	7
58	55	4
58	56	4
58	57	7
59	1	2
59	2	4
59	3	3
59	4	5
59	5	1
59	6	1
59	10	8
59	11	3
59	13	1
59	14	4
59	16	1
59	17	1
59	18	3
59	19	1
59	20	4
59	21	2
59	22	1
59	23	4
59	24	6
59	25	4
59	26	4
59	27	6
59	28	9
59	30	2
59	31	5
59	33	4
59	34	3
59	35	3
59	36	3
59	37	2
59	38	5
59	39	3
59	40	4
59	41	4
59	42	2
59	44	2
59	45	2
59	46	5
59	47	2
59	48	4
59	49	8
59	50	5
59	51	7
59	52	17
59	53	5
59	54	6
59	55	5
59	56	4
59	57	3
59	58	4
60	0	3
60	1	3
60	3	2
60	7	2
60	8	2
60	10	2
60	11	1
60	12	1
60	13	3
60	14	2
60	15	4
60	17	3
60	19	4
60	20	1
60	24	1
60	26	7
60	27	4
60	28	2
60	29	5
60	30	3
60	31	5
60	32	1
60	33	2
60	34	2
60	35	6
60	36	6
60	37	3
60	38	2
60	40	5
60	41	2
60	42	1
60	44	1
60	45	2
60	46	5
60	47	6
60	48	2
60	49	2
60	50	2
60	51	3
60	52	2
60	53	2
60	54	3
60	56	3
60	57	8
60	58	6
60	59	6
