1	0	2
2	0	6
2	1	1
3	0	3
3	2	8
4	0	3
4	1	4
4	2	6
4	3	10
5	0	5
5	1	3
5	2	2
5	3	1
5	4	3
6	0	1
6	1	3
6	2	1
6	3	1
6	4	3
6	5	7
7	0	3
7	1	3
7	2	5
7	3	1
7	4	3
7	5	4
7	6	2
8	0	5
8	1	3
8	2	1
8	4	3
8	5	4
8	6	4
8	7	7
9	0	3
9	1	6
9	2	4
9	3	5
9	4	4
9	5	2
9	6	4
9	7	4
9	8	10
10	1	2
10	2	4
10	3	3
10	5	4
10	6	8
10	7	4
10	8	6
10	9	7
11	0	1
11	1	2
11	2	2
11	3	4
11	4	6
11	5	2
11	6	5
11	7	4
11	8	2
11	9	7
11	10	8
12	0	5
12	1	5
12	2	2
12	3	1
12	4	2
12	5	3
12	6	6
12	7	5
12	8	10
12	9	8
12	10	9
12	11	6
13	0	5
13	1	9
13	2	4
13	3	4
13	4	4
13	5	4
13	6	1
13	7	7
13	8	5
13	9	14
13	10	2
13	11	6
13	12	8
14	0	3
14	1	6
14	2	5
14	3	5
14	4	8
14	5	3
14	6	4
14	7	4
14	8	7
14	9	8
14	10	4
14	11	4
14	12	9
14	13	5
15	0	6
15	1	3
15	2	6
15	3	4
15	4	4
15	5	1
15	6	5
15	7	1
15	8	8
15	9	2
15	10	1
15	11	8
15	12	8
15	13	4
15	14	6
16	0	2
16	2	9
16	3	4
16	4	3
16	5	3
16	7	2
16	8	4
16	9	5
16	10	1
16	11	3
16	12	4
16	13	2
16	14	5
16	15	5
17	0	3
17	1	4
17	2	4
17	3	2
17	4	4
17	6	4
17	7	2
17	8	9
17	9	4
17	10	2
17	11	1
17	12	4
17	13	3
17	14	5
17	15	7
17	16	11
18	0	1
18	1	1
18	2	3
18	3	1
18	4	3
18	5	3
18	6	9
18	7	5
18	9	1
18	10	9
18	11	7
18	12	4
18	13	3
18	14	4
18	15	4
18	16	2
18	17	2
19	0	2
19	1	2
19	2	7
19	3	2
19	4	6
19	5	6
19	6	3
19	7	3
19	8	5
19	9	2
19	10	4
19	11	2
19	12	4
19	13	4
19	14	2
19	15	6
19	16	2
19	17	3
19	18	4
20	0	4
20	1	3
20	2	8
20	3	3
20	4	6
20	5	3
20	6	1
20	7	4
20	8	3
20	9	4
20	10	5
20	11	3
20	12	5
20	13	8
20	14	7
20	15	2
20	16	4
20	17	4
20	18	9
20	19	1
21	0	2
21	1	2
21	2	5
21	3	7
21	4	4
21	5	7
21	6	5
21	7	2
21	8	4
21	9	1
21	11	4
21	12	9
21	13	2
21	15	6
21	16	4
21	17	6
21	18	4
21	19	2
21	20	2
22	1	1
22	2	11
22	3	2
22	4	1
22	5	3
22	6	1
22	7	1
22	8	2
22	9	3
22	10	5
22	11	1
22	13	4
22	14	4
22	15	2
22	16	2
22	18	4
22	19	3
22	20	8
22	21	3
23	0	2
23	1	2
23	2	4
23	3	4
23	4	6
23	5	2
23	8	2
23	9	2
23	10	1
23	11	2
23	12	1
23	13	2
23	14	1
23	15	3
23	17	1
23	18	1
23	19	5
23	20	1
23	21	3
23	22	3
24	0	1
24	1	1
24	2	6
24	3	3
24	4	3
24	5	4
24	6	2
24	7	2
24	8	4
24	9	5
24	10	2
24	11	3
24	12	1
24	13	6
24	14	9
24	15	5
24	16	2
24	17	1
24	18	2
24	19	5
24	20	1
24	21	3
24	22	1
24	23	6
25	0	6
25	1	4
25	3	2
25	4	2
25	6	3
25	7	3
25	8	4
25	9	3
25	10	4
25	11	15
25	12	5
25	13	4
25	14	5
25	15	4
25	16	1
25	17	3
25	18	3
25	19	7
25	20	2
25	21	1
25	22	2
25	24	2
26	0	1
26	2	2
26	4	4
26	5	1
26	7	1
26	10	3
26	11	1
26	12	1
26	13	1
26	14	1
26	15	3
26	16	2
26	18	3
26	19	3
26	20	1
26	22	1
26	23	4
26	24	1
26	25	4
27	1	2
27	2	2
27	3	3
27	7	2
27	8	2
27	9	3
27	10	1
27	11	2
27	12	2
27	13	1
27	14	1
27	15	6
27	17	1
27	18	2
27	19	2
27	22	1
27	23	2
27	24	2
27	25	5
27	26	3
28	0	2
28	1	2
28	2	2
28	3	1
28	4	2
28	5	4
28	6	4
28	7	3
28	8	3
28	9	2
28	10	2
28	11	6
28	12	3
28	13	3
28	14	3
28	15	1
28	16	2
28	17	3
28	18	5
28	19	2
28	20	2
28	21	3
28	22	2
28	23	6
28	24	3
28	25	2
28	26	2
28	27	3
29	1	1
29	4	2
29	5	3
29	7	2
29	8	2
29	10	2
29	12	1
29	13	1
29	18	5
29	24	2
29	25	2
29	26	1
29	27	3
30	5	2
30	7	2
30	9	1
30	10	3
30	11	4
30	12	1
30	13	1
30	14	2
30	17	2
30	18	4
30	19	1
30	22	2
30	24	3
30	25	2
30	26	4
30	27	1
30	28	3
30	29	6
31	4	2
31	5	1
31	8	3
31	9	3
31	11	2
31	14	1
31	19	2
31	23	1
31	24	1
31	26	1
31	27	1
31	28	3
31	29	6
31	30	4
32	1	2
32	2	1
32	4	3
32	8	3
32	9	1
32	10	4
32	11	6
32	12	5
32	14	3
32	16	3
32	18	2
32	20	1
32	22	2
32	23	1
32	24	4
32	25	3
32	26	1
32	27	4
32	28	4
32	29	9
32	30	5
32	31	6
33	1	2
33	3	3
33	4	2
33	5	1
33	8	2
33	9	1
33	10	4
33	11	4
33	12	4
33	13	2
33	14	2
33	15	3
33	18	2
33	21	5
33	22	2
33	23	3
33	24	2
33	25	1
33	26	1
33	27	1
33	29	1
33	30	7
33	31	3
33	32	7
34	1	4
34	2	1
34	4	2
34	5	1
34	6	1
34	8	3
34	9	1
34	10	6
34	11	1
34	12	3
34	13	1
34	14	4
34	15	2
34	18	1
34	20	2
34	21	2
34	22	3
34	23	3
34	24	3
34	25	4
34	26	3
34	27	9
34	28	5
34	29	2
34	30	4
34	31	2
34	32	6
34	33	12
35	0	1
35	1	3
35	2	3
35	4	2
35	5	1
35	6	1
35	9	2
35	10	1
35	11	3
35	12	2
35	13	1
35	14	5
35	15	3
35	17	1
35	18	5
35	19	1
35	20	1
35	22	1
35	24	5
35	25	4
35	26	2
35	27	4
35	28	1
35	29	7
35	30	5
35	31	2
35	32	5
35	33	6
35	34	11
36	0	1
36	1	1
36	4	2
36	5	2
36	6	3
36	7	2
36	10	1
36	11	4
36	12	3
36	13	2
36	14	2
36	15	1
36	18	1
36	22	1
36	23	2
36	25	2
36	26	2
36	27	4
36	28	4
36	29	1
36	30	2
36	31	3
36	32	4
36	33	3
36	34	8
36	35	7
37	0	2
37	1	2
37	2	1
37	3	2
37	4	2
37	5	3
37	6	1
37	8	2
37	9	3
37	10	1
37	11	2
37	12	1
37	13	1
37	15	3
37	18	2
37	19	1
37	20	2
37	21	2
37	24	3
37	25	2
37	26	1
37	27	4
37	28	6
37	29	4
37	30	7
37	31	6
37	32	11
37	33	3
37	34	5
37	35	6
37	36	6
38	0	1
38	1	4
38	2	2
38	3	2
38	5	2
38	6	4
38	8	2
38	9	2
38	10	8
38	11	7
38	12	5
38	13	2
38	14	3
38	15	2
38	16	3
38	17	2
38	18	2
38	19	1
38	20	1
38	21	1
38	22	3
38	23	4
38	24	5
38	25	1
38	26	4
38	27	3
38	28	6
38	29	1
38	30	1
38	31	2
38	32	2
38	33	3
38	34	5
38	35	7
38	36	5
38	37	6
39	1	4
39	2	3
39	3	3
39	4	1
39	5	4
39	7	1
39	8	1
39	9	1
39	10	4
39	11	5
39	12	3
39	13	2
39	14	1
39	15	4
39	18	3
39	19	1
39	20	3
39	21	3
39	22	2
39	23	1
39	24	3
39	25	1
39	26	4
39	27	3
39	28	5
39	31	2
39	32	2
39	33	1
39	34	2
39	35	1
39	36	2
39	37	1
39	38	6
40	0	2
40	1	3
40	2	2
40	3	4
40	4	1
40	5	2
40	6	5
40	8	4
40	9	1
40	10	2
40	11	9
40	12	4
40	13	4
40	14	4
40	15	2
40	16	1
40	17	2
40	18	4
40	19	1
40	20	2
40	21	5
40	22	1
40	24	6
40	25	5
40	26	2
40	27	2
40	28	1
40	29	1
40	30	5
40	31	5
40	32	2
40	33	5
40	34	5
40	35	7
40	36	4
40	37	8
40	38	10
40	39	5
41	1	1
41	4	3
41	6	3
41	7	1
41	8	3
41	9	2
41	10	4
41	11	5
41	12	2
41	13	3
41	14	2
41	15	3
41	16	2
41	18	3
41	20	2
41	22	3
41	24	1
41	25	4
41	26	2
41	27	3
41	28	4
41	29	2
41	30	4
41	31	4
41	32	2
41	33	8
41	34	3
41	35	3
41	36	2
41	37	3
41	38	2
41	39	4
41	40	6
42	1	1
42	2	1
42	3	1
42	5	3
42	6	3
42	8	4
42	9	3
42	10	4
42	11	1
42	13	1
42	14	3
42	15	1
42	17	1
42	18	4
42	19	2
42	20	4
42	24	3
42	25	1
42	26	2
42	28	4
42	29	1
42	30	4
42	31	1
42	32	4
42	33	2
42	35	3
42	36	3
42	37	5
42	38	10
42	39	5
42	40	5
42	41	14
43	0	2
43	1	1
43	3	2
43	4	2
43	5	3
43	7	2
43	8	2
43	10	3
43	11	6
43	12	2
43	14	2
43	15	2
43	18	1
43	21	2
43	22	1
43	23	3
43	24	1
43	25	3
43	26	3
43	27	3
43	28	4
43	29	2
43	30	4
43	31	4
43	32	8
43	33	1
43	34	2
43	35	3
43	36	5
43	37	7
43	38	8
43	39	6
43	40	3
43	41	5
43	42	3
44	4	1
44	5	2
44	7	1
44	10	2
44	11	1
44	12	2
44	18	1
44	19	1
44	20	2
44	21	1
44	23	4
44	24	1
44	25	3
44	26	3
44	27	4
44	28	6
44	29	1
44	30	3
44	31	3
44	33	2
44	34	1
44	35	2
44	36	1
44	37	3
44	38	7
44	39	5
44	40	6
44	41	7
44	42	4
44	43	9
45	3	1
45	5	1
45	9	1
45	10	1
45	11	1
45	15	1
45	16	3
45	19	1
45	20	1
45	22	3
45	24	3
45	27	5
45	28	4
45	30	3
45	31	5
45	32	2
45	33	1
45	34	4
45	35	5
45	36	4
45	37	7
45	38	6
45	39	3
45	40	2
45	41	4
45	42	2
45	43	5
45	44	6
46	0	3
46	1	2
46	2	1
46	3	1
46	4	1
46	10	4
46	11	1
46	13	1
46	14	2
46	15	2
46	18	3
46	19	3
46	23	1
46	25	2
46	26	3
46	27	1
46	28	5
46	29	6
46	30	4
46	31	10
46	32	2
46	33	5
46	34	3
46	35	7
46	37	3
46	38	7
46	39	3
46	40	5
46	41	3
46	42	1
46	43	5
46	44	5
46	45	4
47	0	4
47	1	2
47	2	1
47	3	2
47	4	2
47	9	1
47	10	4
47	11	2
47	12	1
47	13	4
47	15	1
47	16	2
47	18	1
47	23	2
47	24	2
47	25	5
47	26	2
47	27	3
47	28	3
47	29	5
47	30	3
47	31	4
47	32	1
47	33	4
47	34	5
47	35	3
47	36	4
47	37	1
47	38	6
47	39	4
47	40	1
47	41	5
47	42	6
47	43	2
47	45	1
47	46	11
48	1	4
48	2	3
48	3	2
48	4	2
48	5	4
48	7	1
48	8	2
48	9	2
48	10	6
48	11	4
48	12	3
48	13	1
48	14	2
48	15	1
48	16	2
48	19	1
48	20	4
48	21	1
48	23	2
48	24	6
48	25	6
48	26	3
48	27	3
48	28	4
48	30	1
48	31	2
48	32	3
48	33	4
48	34	11
48	36	2
48	37	1
48	38	3
48	39	1
48	40	4
48	41	4
48	42	2
48	44	2
48	45	1
48	46	2
48	47	4
49	0	2
49	1	6
49	2	4
49	3	5
49	4	1
49	5	2
49	6	2
49	7	2
49	8	5
49	9	2
49	10	4
49	11	3
49	12	7
49	13	4
49	14	4
49	15	3
49	16	1
49	17	2
49	18	8
49	19	4
49	20	6
49	21	4
49	22	4
49	23	5
49	24	15
49	25	5
49	26	6
49	28	5
49	29	3
49	30	1
49	31	4
49	32	2
49	33	5
49	34	10
49	35	6
49	36	11
49	37	6
49	38	4
49	39	4
49	40	4
49	41	3
49	42	7
49	43	1
49	44	4
49	45	4
49	46	5
49	47	6
49	48	7
50	0	1
50	2	2
50	4	4
50	8	2
50	9	1
50	10	4
50	11	2
50	12	1
50	13	2
50	14	7
50	15	4
50	18	2
50	19	3
50	20	4
50	21	1
50	23	1
50	24	7
50	25	3
50	26	4
50	27	3
50	28	2
50	29	1
50	31	2
50	32	4
50	33	5
50	34	5
50	35	2
50	36	5
50	37	3
50	38	4
50	39	2
50	40	2
50	43	2
50	45	3
50	46	2
50	47	5
50	48	8
50	49	6
51	1	2
51	2	1
51	3	2
51	4	3
51	5	4
51	6	3
51	8	4
51	9	2
51	10	2
51	11	3
51	12	5
51	13	1
51	14	4
51	15	1
51	18	3
51	19	3
51	20	3
51	21	5
51	22	3
51	23	2
51	24	10
51	25	2
51	26	7
51	27	3
51	28	3
51	29	1
51	30	3
51	31	7
51	32	4
51	33	1
51	34	7
51	35	6
51	36	6
51	37	14
51	38	9
51	39	5
51	40	7
51	41	4
51	42	6
51	43	2
51	44	1
51	45	3
51	46	4
51	47	2
51	48	6
51	49	10
51	50	4
52	1	1
52	2	2
52	3	1
52	4	5
52	5	1
52	7	2
52	9	2
52	10	4
52	11	1
52	12	4
52	13	1
52	14	1
52	15	3
52	17	4
52	18	2
52	19	1
52	20	4
52	21	1
52	22	3
52	23	2
52	24	3
52	25	4
52	26	2
52	27	5
52	28	6
52	30	2
52	31	6
52	32	3
52	33	1
52	34	6
52	35	2
52	36	10
52	37	7
52	38	7
52	39	3
52	40	5
52	41	4
52	42	4
52	43	2
52	44	4
52	45	4
52	46	7
52	47	3
52	48	4
52	49	4
52	50	5
52	51	7
53	1	4
53	3	3
53	4	2
53	5	5
53	6	1
53	8	1
53	9	1
53	10	4
53	11	5
53	12	3
53	13	2
53	14	4
53	15	2
53	16	1
53	17	2
53	18	2
53	19	1
53	20	2
53	21	3
53	22	2
53	23	4
53	24	4
53	25	2
53	26	4
53	27	2
53	28	6
53	29	2
53	30	6
53	32	4
53	33	5
53	34	2
53	35	8
53	36	3
53	37	5
53	38	20
53	39	4
53	40	11
53	41	2
53	42	3
53	43	4
53	44	6
53	45	2
53	46	3
53	47	3
53	48	3
53	49	7
53	50	5
53	51	7
53	52	4
54	0	2
54	2	4
54	3	2
54	4	3
54	8	3
54	10	1
54	11	2
54	12	2
54	13	2
54	14	2
54	16	2
54	17	3
54	18	3
54	19	4
54	20	4
54	21	2
54	22	2
54	23	5
54	24	3
54	26	6
54	27	4
54	28	1
54	30	1
54	33	2
54	34	5
54	36	5
54	38	5
54	40	2
54	41	1
54	42	2
54	43	1
54	44	2
54	45	2
54	46	2
54	47	2
54	48	3
54	49	5
54	50	6
54	51	2
54	52	11
54	53	8
55	0	1
55	2	4
55	3	4
55	4	3
55	5	4
55	6	1
55	8	3
55	9	2
55	10	1
55	11	6
55	12	2
55	13	3
55	14	2
55	15	4
55	16	2
55	17	2
55	18	5
55	19	5
55	20	2
55	22	4
55	23	1
55	24	3
55	25	3
55	26	3
55	27	3
55	28	4
55	30	2
55	31	2
55	32	4
55	33	4
55	34	2
55	35	5
55	36	2
55	37	6
55	38	11
55	39	3
55	40	6
55	41	4
55	42	3
55	43	6
55	44	4
55	45	2
55	46	1
55	47	4
55	48	2
55	49	7
55	50	3
55	51	5
55	52	12
55	53	10
55	54	14
56	0	2
56	2	1
56	3	3
56	4	3
56	5	1
56	8	1
56	10	4
56	11	4
56	12	3
56	13	1
56	15	2
56	18	3
56	20	2
56	21	1
56	22	2
56	23	1
56	24	3
56	25	2
56	26	1
56	27	2
56	28	4
56	30	2
56	31	2
56	34	1
56	35	2
56	36	4
56	37	2
56	38	7
56	39	4
56	40	2
56	41	2
56	42	3
56	43	4
56	44	4
56	45	3
56	47	1
56	49	1
56	50	2
56	51	3
56	52	7
56	53	8
56	54	6
56	55	10
57	1	3
57	2	2
57	3	2
57	4	1
57	8	2
57	10	2
57	11	3
57	12	1
57	13	2
57	16	1
57	19	3
57	20	1
57	22	2
57	23	2
57	24	3
57	25	1
57	26	5
57	27	1
57	28	7
57	29	1
57	30	2
57	31	1
57	32	2
57	33	2
57	34	2
57	35	3
57	36	6
57	37	1
57	38	8
57	39	6
57	41	1
57	42	1
57	43	2
57	44	1
57	45	3
57	46	1
57	47	4
57	48	3
57	49	10
57	50	1
57	51	4
57	52	9
57	53	6
57	54	2
57	55	7
57	56	7
58	0	1
58	1	2
58	2	1
58	3	1
58	7	2
58	10	4
58	14	1
58	18	2
58	20	1
58	22	4
58	23	2
58	24	4
58	25	3
58	26	1
58	27	1
58	28	3
58	30	3
58	31	2
58	32	1
58	33	3
58	34	1
58	35	7
58	36	8
58	37	3
58	38	11
58	39	3
58	40	3
58	41	2
58	42	5
58	43	4
58	44	6
58	45	5
58	46	5
58	47	5
58	48	4
58	49	1
58	50	1
58	51	6
58	52	3
58	53	3
58	54	2
58	55	3
58	56	2
58	57	10
59	1	2
59	2	2
59	3	3
59	4	2
59	5	5
59	6	1
59	8	2
59	9	2
59	10	1
59	11	3
59	12	4
59	13	3
59	14	3
59	15	4
59	16	4
59	17	2
59	18	4
59	19	1
59	20	6
59	21	1
59	22	5
59	23	4
59	24	1
59	25	3
59	26	1
59	27	3
59	28	3
59	29	1
59	30	6
59	31	6
59	32	2
59	33	4
59	34	5
59	35	4
59	36	9
59	37	2
59	38	3
59	39	5
59	40	4
59	41	4
59	42	1
59	43	3
59	44	4
59	45	2
59	46	1
59	47	3
59	49	8
59	50	4
59	51	4
59	52	10
59	53	2
59	54	12
59	55	8
59	56	6
59	57	6
59	58	4
60	0	1
60	1	2
60	2	2
60	3	1
60	4	5
60	7	3
60	8	1
60	10	4
60	11	1
60	12	2
60	13	2
60	17	1
60	19	1
60	20	1
60	23	3
60	25	3
60	26	7
60	27	2
60	29	2
60	30	4
60	31	6
60	32	2
60	33	1
60	34	5
60	35	7
60	36	3
60	37	4
60	38	5
60	41	1
60	42	5
60	43	6
60	44	5
60	45	5
60	46	5
60	47	7
60	48	6
60	49	3
60	50	1
60	51	3
60	52	6
60	53	2
60	54	6
60	55	1
60	56	2
60	57	7
60	58	7
60	59	2
