1	0	4
2	0	2
2	1	5
3	0	6
3	1	2
3	2	6
4	1	3
4	2	10
4	3	21
5	0	2
5	1	3
5	2	3
5	3	1
5	4	4
6	0	2
6	1	2
6	2	2
6	3	1
6	4	1
6	5	4
7	0	6
7	1	4
7	2	1
7	3	3
7	4	3
7	5	2
7	6	5
8	0	4
8	1	3
8	2	3
8	3	3
8	4	3
8	5	4
8	6	6
8	7	5
9	0	3
9	1	8
9	2	3
9	4	2
9	5	4
9	6	5
9	7	6
9	8	9
10	0	3
10	1	5
10	2	2
10	3	3
10	4	4
10	5	5
10	6	4
10	7	3
10	8	8
10	9	12
11	0	3
11	1	5
11	2	1
11	3	7
11	4	2
11	6	6
11	7	6
11	8	6
11	9	8
11	10	10
12	0	1
12	1	3
12	2	5
12	3	5
12	4	8
12	5	2
12	6	7
12	7	6
12	8	12
12	9	11
12	10	10
13	0	5
13	1	8
13	2	3
13	3	4
13	4	4
13	5	2
13	6	2
13	7	7
13	8	9
13	9	5
13	10	4
13	11	2
13	12	14
14	0	2
14	1	7
14	2	6
14	3	3
14	4	6
14	5	3
14	6	1
14	7	5
14	8	9
14	9	1
14	10	6
14	11	6
14	12	10
14	13	6
15	0	1
15	1	6
15	2	6
15	3	5
15	4	5
15	5	2
15	6	1
15	7	5
15	8	7
15	9	7
15	10	7
15	12	9
15	13	8
15	14	6
16	1	1
16	2	6
16	3	1
16	4	2
16	5	3
16	6	1
16	7	3
16	8	1
16	9	2
16	10	3
16	12	4
16	13	3
16	14	4
16	15	4
17	0	3
17	1	1
17	2	3
17	3	1
17	4	4
17	5	2
17	6	2
17	7	6
17	8	2
17	10	3
17	11	2
17	12	3
17	13	5
17	14	2
17	15	10
17	16	6
18	0	3
18	1	2
18	2	2
18	3	4
18	4	4
18	5	9
18	6	3
18	7	2
18	8	10
18	9	6
18	10	4
18	11	5
18	12	5
18	13	4
18	14	5
18	15	1
18	16	3
18	17	1
19	1	7
19	2	7
19	3	12
19	4	5
19	5	3
19	6	3
19	7	2
19	8	2
19	9	1
19	10	3
19	11	2
19	12	4
19	14	4
19	15	4
19	16	3
19	17	5
19	18	4
20	0	1
20	1	2
20	2	3
20	3	7
20	4	11
20	5	4
20	6	4
20	7	1
20	8	8
20	9	4
20	10	6
20	11	2
20	12	4
20	13	3
20	14	4
20	15	6
20	16	2
20	17	4
20	18	5
20	19	8
21	1	4
21	2	5
21	4	7
21	5	5
21	6	6
21	7	3
21	8	8
21	9	4
21	10	1
21	11	7
21	12	7
21	13	6
21	14	5
21	15	6
21	16	5
21	17	4
21	18	5
21	19	7
21	20	4
22	1	1
22	2	2
22	3	3
22	4	8
22	5	7
22	6	7
22	7	1
22	8	4
22	9	4
22	10	4
22	11	1
22	12	3
22	13	2
22	14	4
22	15	5
22	16	2
22	17	6
22	18	6
22	19	1
22	20	5
22	21	7
23	0	5
23	1	4
23	2	9
23	4	5
23	5	4
23	7	2
23	8	3
23	9	3
23	10	4
23	11	3
23	12	3
23	13	5
23	14	4
23	15	1
23	17	3
23	18	2
23	19	4
23	20	2
23	22	1
24	0	1
24	1	6
24	2	5
24	3	1
24	4	4
24	5	4
24	6	3
24	7	4
24	8	1
24	9	2
24	10	6
24	11	2
24	12	5
24	13	2
24	14	6
24	15	5
24	16	3
24	17	3
24	18	3
24	19	5
24	20	2
24	22	2
24	23	4
25	0	4
25	1	4
25	3	2
25	4	1
25	5	1
25	6	2
25	7	2
25	8	2
25	9	6
25	10	3
25	11	3
25	12	5
25	13	2
25	15	3
25	16	2
25	17	2
25	18	5
25	19	1
25	20	2
25	21	3
25	22	1
25	23	6
25	24	7
26	0	2
26	1	2
26	2	1
26	4	4
26	8	3
26	10	4
26	11	3
26	13	3
26	14	4
26	15	4
26	16	2
26	18	1
26	19	1
26	20	2
26	22	2
26	23	2
26	25	3
27	1	1
27	2	3
27	3	4
27	8	2
27	9	1
27	10	3
27	11	6
27	12	2
27	14	1
27	15	2
27	17	2
27	18	3
27	19	2
27	22	2
27	23	3
27	24	2
27	25	5
27	26	9
28	0	2
28	1	1
28	2	6
28	3	1
28	4	9
28	5	3
28	6	2
28	7	2
28	8	2
28	9	3
28	10	6
28	11	1
28	12	5
28	13	2
28	14	6
28	15	7
28	16	2
28	17	2
28	18	6
28	19	4
28	20	7
28	21	1
28	22	2
28	23	1
28	24	2
28	25	2
28	27	3
29	0	1
29	4	1
29	10	1
29	12	3
29	13	1
29	14	1
29	16	1
29	18	1
29	19	2
29	20	1
29	24	4
29	25	1
29	26	2
29	27	3
29	28	2
30	1	2
30	3	3
30	5	2
30	7	2
30	9	3
30	10	3
30	11	2
30	12	4
30	13	3
30	14	1
30	17	5
30	18	4
30	20	5
30	22	1
30	24	1
30	25	2
30	26	2
30	27	3
30	28	2
30	29	9
31	4	1
31	5	2
31	8	3
31	11	5
31	14	3
31	15	2
31	19	1
31	23	1
31	24	2
31	25	3
31	26	1
31	27	2
31	28	3
31	29	6
31	30	9
32	0	5
32	1	3
32	2	1
32	4	1
32	8	1
32	10	2
32	11	4
32	12	3
32	13	2
32	14	2
32	15	3
32	16	2
32	18	1
32	23	1
32	24	3
32	25	4
32	26	1
32	27	3
32	28	2
32	29	2
32	30	1
32	31	6
33	0	1
33	1	2
33	2	3
33	3	2
33	4	1
33	5	3
33	9	2
33	10	2
33	12	1
33	13	5
33	14	3
33	15	1
33	17	1
33	18	3
33	19	2
33	24	2
33	25	1
33	26	2
33	27	3
33	28	2
33	29	3
33	30	5
33	31	6
33	32	5
34	1	1
34	2	2
34	3	1
34	4	3
34	5	1
34	6	4
34	8	4
34	9	3
34	10	2
34	11	4
34	13	5
34	14	2
34	15	1
34	17	1
34	19	3
34	22	1
34	23	4
34	24	9
34	25	3
34	26	1
34	27	5
34	28	1
34	29	2
34	30	2
34	31	1
34	32	6
34	33	8
35	1	5
35	2	3
35	3	2
35	5	1
35	6	3
35	8	2
35	9	3
35	10	2
35	11	1
35	12	3
35	13	2
35	14	3
35	15	2
35	17	2
35	18	1
35	19	1
35	20	1
35	21	1
35	22	2
35	23	1
35	24	5
35	25	4
35	27	2
35	28	5
35	29	3
35	30	5
35	31	5
35	32	6
35	33	12
35	34	7
36	0	2
36	1	1
36	2	2
36	3	3
36	4	2
36	5	1
36	6	1
36	8	1
36	10	1
36	11	1
36	12	1
36	13	1
36	14	3
36	15	4
36	18	2
36	22	1
36	23	1
36	24	1
36	25	2
36	26	5
36	27	2
36	28	2
36	29	2
36	30	1
36	31	4
36	32	2
36	33	4
36	34	8
36	35	7
37	0	1
37	1	4
37	3	3
37	4	1
37	6	1
37	7	3
37	8	4
37	9	2
37	10	9
37	11	4
37	12	3
37	14	3
37	15	1
37	18	1
37	19	2
37	20	1
37	21	1
37	24	5
37	25	2
37	26	3
37	27	3
37	28	8
37	29	5
37	31	3
37	32	5
37	33	4
37	34	4
37	35	11
37	36	6
38	0	3
38	1	4
38	2	1
38	3	4
38	4	1
38	5	1
38	6	4
38	7	2
38	8	6
38	9	6
38	10	8
38	11	1
38	12	2
38	13	2
38	14	5
38	15	5
38	16	1
38	18	3
38	19	1
38	20	3
38	21	3
38	22	5
38	23	3
38	24	7
38	25	1
38	26	4
38	27	4
38	28	8
38	29	4
38	30	2
38	31	5
38	32	3
38	33	7
38	34	8
38	35	8
38	36	6
38	37	10
39	2	2
39	3	3
39	4	4
39	5	4
39	7	2
39	8	1
39	9	1
39	10	7
39	11	1
39	12	1
39	14	3
39	15	4
39	16	2
39	18	3
39	19	2
39	20	5
39	21	3
39	23	1
39	25	5
39	26	1
39	27	1
39	28	5
39	29	2
39	30	2
39	31	2
39	32	2
39	33	3
39	34	4
39	35	4
39	36	2
39	37	3
39	38	10
40	0	2
40	1	4
40	3	2
40	4	2
40	5	4
40	6	5
40	7	3
40	8	3
40	9	1
40	10	4
40	11	10
40	12	4
40	13	1
40	14	3
40	15	2
40	16	1
40	18	2
40	19	2
40	20	2
40	21	4
40	23	3
40	24	3
40	25	3
40	26	2
40	27	6
40	28	4
40	29	2
40	30	7
40	31	6
40	32	4
40	33	7
40	34	6
40	35	8
40	36	5
40	37	7
40	38	8
40	39	2
41	1	3
41	4	3
41	5	3
41	6	1
41	8	2
41	9	1
41	10	2
41	11	3
41	12	1
41	13	1
41	16	1
41	18	2
41	20	2
41	25	2
41	26	2
41	27	2
41	28	3
41	29	1
41	30	6
41	31	1
41	32	5
41	33	1
41	34	2
41	35	4
41	36	3
41	37	12
41	38	1
41	39	6
41	40	10
42	0	1
42	1	2
42	2	1
42	3	2
42	4	3
42	5	2
42	6	2
42	9	2
42	10	1
42	11	4
42	12	3
42	13	2
42	14	3
42	15	1
42	17	1
42	18	2
42	19	2
42	20	3
42	24	2
42	25	2
42	26	2
42	27	1
42	28	2
42	29	4
42	30	3
42	31	3
42	32	4
42	33	2
42	34	3
42	35	2
42	37	3
42	38	7
42	39	8
42	40	1
42	41	10
43	1	2
43	2	2
43	3	2
43	4	1
43	7	2
43	8	2
43	9	1
43	10	2
43	11	6
43	12	1
43	13	2
43	14	3
43	17	3
43	18	2
43	21	2
43	22	3
43	24	4
43	25	3
43	26	4
43	28	3
43	29	1
43	30	3
43	31	5
43	32	3
43	33	3
43	34	1
43	35	2
43	36	4
43	37	11
43	38	10
43	39	5
43	40	8
43	41	7
43	42	6
44	4	1
44	5	2
44	7	2
44	8	1
44	10	4
44	11	3
44	12	2
44	18	1
44	19	1
44	23	1
44	24	4
44	25	2
44	26	2
44	27	1
44	28	2
44	29	2
44	30	3
44	31	2
44	32	7
44	34	1
44	35	4
44	36	3
44	37	4
44	38	11
44	39	4
44	40	5
44	41	3
44	42	4
44	43	5
45	5	1
45	6	2
45	10	2
45	11	2
45	15	2
45	16	1
45	19	1
45	20	2
45	22	1
45	24	5
45	25	2
45	27	3
45	28	2
45	29	4
45	30	1
45	31	6
45	32	3
45	33	1
45	34	5
45	35	6
45	36	5
45	37	4
45	38	2
45	39	6
45	40	2
45	41	2
45	42	3
45	43	10
45	44	3
46	0	1
46	1	3
46	3	1
46	4	1
46	8	2
46	10	1
46	11	4
46	13	4
46	14	2
46	15	1
46	18	4
46	22	3
46	23	1
46	24	5
46	25	4
46	26	1
46	27	3
46	28	2
46	29	7
46	30	6
46	31	7
46	32	4
46	33	7
46	34	3
46	35	10
46	36	4
46	37	1
46	38	4
46	39	4
46	40	4
46	41	3
46	42	1
46	43	7
46	44	5
46	45	11
47	2	1
47	3	1
47	4	4
47	10	4
47	11	1
47	12	1
47	13	1
47	15	1
47	18	3
47	20	1
47	21	2
47	23	2
47	24	1
47	25	1
47	26	7
47	27	1
47	28	2
47	29	2
47	30	2
47	31	6
47	32	1
47	33	6
47	34	5
47	35	13
47	36	4
47	37	5
47	38	2
47	39	1
47	40	3
47	41	1
47	42	2
47	43	2
47	44	3
47	45	5
47	46	5
48	1	3
48	2	4
48	3	1
48	4	2
48	5	3
48	6	2
48	7	1
48	8	1
48	9	4
48	10	5
48	11	12
48	12	8
48	13	4
48	14	6
48	15	3
48	16	2
48	18	1
48	19	4
48	20	2
48	21	1
48	22	2
48	23	4
48	24	7
48	25	6
48	26	1
48	27	4
48	28	4
48	29	3
48	30	2
48	31	1
48	32	2
48	33	3
48	34	9
48	36	3
48	37	4
48	38	5
48	39	3
48	40	8
48	41	2
48	42	2
48	44	1
48	45	1
48	46	1
49	0	3
49	1	4
49	2	1
49	3	2
49	4	6
49	6	1
49	7	1
49	8	6
49	9	2
49	10	4
49	11	9
49	12	2
49	13	5
49	14	6
49	16	1
49	17	2
49	18	5
49	19	4
49	20	3
49	21	4
49	22	2
49	23	3
49	24	12
49	25	1
49	26	3
49	27	6
49	28	5
49	29	4
49	30	2
49	31	2
49	32	3
49	33	6
49	34	14
49	35	9
49	36	11
49	37	2
49	38	5
49	39	3
49	40	8
49	41	3
49	42	4
49	43	6
49	44	3
49	45	1
49	46	3
49	47	6
49	48	8
50	0	3
50	1	4
50	2	1
50	4	2
50	7	3
50	8	4
50	9	4
50	10	4
50	11	3
50	12	1
50	14	2
50	15	4
50	18	1
50	19	2
50	21	2
50	23	2
50	24	3
50	25	5
50	26	5
50	27	3
50	28	2
50	29	2
50	30	1
50	31	3
50	33	3
50	34	5
50	35	6
50	36	4
50	37	2
50	38	3
50	39	2
50	41	2
50	42	2
50	43	2
50	45	1
50	46	2
50	47	3
50	48	5
50	49	6
51	1	2
51	2	3
51	3	2
51	4	2
51	5	1
51	6	2
51	7	1
51	8	4
51	9	4
51	10	4
51	11	1
51	12	3
51	13	3
51	14	3
51	15	3
51	18	3
51	19	1
51	20	2
51	23	4
51	24	2
51	25	7
51	26	1
51	27	4
51	28	1
51	29	4
51	30	1
51	31	2
51	32	6
51	33	12
51	34	5
51	35	5
51	36	2
51	37	5
51	38	10
51	39	10
51	40	7
51	41	4
51	42	5
51	43	5
51	44	1
51	45	2
51	46	3
51	47	1
51	48	3
51	49	15
51	50	3
52	1	4
52	3	3
52	4	3
52	5	6
52	8	2
52	10	1
52	11	4
52	12	2
52	13	1
52	15	3
52	16	2
52	17	2
52	18	1
52	19	4
52	20	2
52	21	2
52	23	5
52	24	9
52	25	1
52	26	2
52	27	4
52	28	3
52	29	1
52	30	2
52	31	1
52	32	3
52	33	3
52	34	2
52	35	4
52	36	5
52	37	6
52	38	13
52	39	1
52	40	9
52	41	2
52	42	1
52	43	4
52	44	6
52	45	1
52	46	2
52	47	2
52	48	3
52	49	11
52	50	3
52	51	9
53	1	2
53	2	1
53	3	3
53	4	2
53	5	3
53	6	1
53	7	1
53	8	1
53	9	4
53	10	7
53	11	3
53	12	2
53	13	3
53	14	5
53	15	1
53	16	3
53	17	1
53	18	4
53	20	1
53	22	2
53	23	1
53	24	4
53	25	2
53	26	4
53	27	4
53	28	7
53	29	3
53	30	3
53	33	3
53	34	3
53	35	6
53	36	4
53	37	6
53	38	18
53	39	4
53	40	5
53	41	6
53	42	6
53	43	3
53	44	5
53	45	3
53	46	3
53	47	5
53	48	6
53	49	7
53	50	2
53	51	5
53	52	4
54	0	2
54	1	1
54	2	2
54	3	3
54	5	1
54	8	1
54	9	2
54	10	2
54	11	5
54	12	1
54	13	1
54	14	2
54	15	2
54	16	1
54	17	5
54	18	5
54	19	3
54	20	3
54	21	3
54	22	2
54	24	4
54	25	4
54	26	1
54	27	3
54	28	2
54	30	2
54	31	4
54	32	1
54	34	1
54	35	3
54	36	1
54	37	2
54	38	4
54	39	3
54	40	1
54	41	2
54	42	6
54	43	2
54	44	4
54	46	1
54	47	1
54	48	2
54	49	2
54	50	2
54	51	4
54	52	8
54	53	3
55	0	3
55	2	3
55	3	3
55	4	7
55	5	4
55	7	4
55	8	4
55	9	1
55	10	1
55	11	1
55	12	3
55	13	4
55	14	2
55	15	3
55	18	1
55	19	7
55	20	6
55	21	1
55	22	4
55	23	5
55	24	2
55	25	2
55	26	3
55	27	2
55	28	10
55	29	2
55	30	5
55	31	5
55	32	5
55	33	3
55	35	3
55	36	5
55	38	11
55	39	4
55	40	6
55	41	4
55	42	6
55	43	7
55	44	3
55	45	3
55	47	1
55	48	5
55	49	6
55	50	2
55	51	4
55	52	10
55	53	8
55	54	12
56	0	2
56	1	3
56	2	3
56	3	1
56	4	3
56	5	2
56	8	2
56	9	3
56	10	1
56	12	2
56	14	1
56	15	2
56	16	3
56	18	4
56	20	3
56	21	1
56	22	2
56	23	2
56	24	1
56	26	1
56	27	6
56	28	5
56	30	3
56	31	1
56	32	3
56	33	4
56	35	1
56	37	6
56	38	10
56	39	9
56	40	2
56	41	2
56	42	4
56	43	5
56	44	3
56	45	2
56	46	6
56	47	5
56	48	2
56	49	4
56	51	5
56	52	5
56	53	6
56	54	8
56	55	4
57	0	1
57	1	2
57	3	2
57	4	4
57	6	1
57	8	3
57	9	1
57	10	4
57	11	3
57	12	1
57	13	2
57	14	3
57	19	1
57	20	3
57	22	2
57	23	1
57	24	4
57	26	7
57	27	5
57	28	2
57	29	3
57	30	4
57	31	1
57	32	4
57	33	1
57	34	1
57	35	4
57	36	6
57	37	2
57	38	2
57	39	1
57	40	1
57	41	4
57	43	3
57	44	2
57	46	2
57	47	2
57	48	2
57	49	6
57	50	3
57	51	8
57	52	11
57	54	6
57	55	3
57	56	8
58	1	3
58	2	2
58	3	2
58	4	1
58	6	2
58	7	1
58	10	3
58	11	3
58	14	3
58	16	1
58	17	1
58	18	1
58	20	1
58	23	1
58	24	1
58	26	5
58	27	4
58	28	2
58	30	8
58	31	10
58	32	3
58	33	5
58	34	1
58	35	1
58	36	2
58	37	2
58	38	7
58	39	3
58	41	5
58	42	1
58	43	1
58	44	4
58	45	8
58	46	8
58	47	3
58	48	1
58	49	1
58	50	4
58	51	8
58	52	8
58	53	2
58	54	4
58	55	1
58	56	2
58	57	9
59	1	1
59	3	1
59	4	6
59	5	1
59	6	2
59	8	1
59	9	1
59	10	5
59	11	2
59	12	6
59	13	4
59	14	2
59	16	3
59	18	3
59	19	2
59	20	2
59	21	6
59	22	3
59	23	1
59	24	2
59	25	5
59	26	3
59	27	4
59	28	4
59	29	1
59	30	3
59	31	2
59	32	1
59	33	3
59	34	1
59	35	7
59	36	2
59	37	6
59	38	5
59	39	4
59	40	4
59	41	1
59	42	4
59	43	1
59	45	2
59	46	1
59	47	3
59	48	2
59	49	6
59	50	7
59	51	7
59	52	14
59	53	7
59	54	6
59	55	14
59	56	2
59	57	2
59	58	7
60	1	2
60	2	2
60	3	3
60	4	1
60	7	1
60	10	2
60	11	2
60	12	1
60	13	1
60	14	4
60	15	2
60	18	3
60	19	1
60	23	3
60	24	3
60	25	2
60	26	3
60	27	5
60	28	2
60	29	2
60	30	1
60	31	8
60	32	2
60	33	1
60	34	1
60	35	7
60	36	9
60	37	4
60	38	3
60	39	3
60	40	6
60	41	3
60	42	4
60	43	3
60	44	1
60	45	3
60	46	11
60	47	10
60	48	3
60	49	3
60	50	4
60	51	5
60	52	5
60	53	4
60	54	6
60	55	1
60	56	6
60	57	10
60	58	9
60	59	8
