1	0	4
2	0	1
2	1	3
3	0	3
3	1	3
3	2	7
4	1	1
4	2	8
4	3	9
5	0	2
5	1	2
5	2	4
5	3	2
5	4	3
6	0	3
6	1	3
6	2	4
6	3	2
6	4	2
6	5	4
7	0	1
7	1	1
7	2	1
7	3	1
7	4	1
7	5	2
7	6	4
8	0	5
8	1	5
8	2	5
8	4	1
8	5	6
8	6	6
8	7	8
9	0	1
9	1	4
9	2	1
9	3	3
9	4	1
9	5	1
9	6	6
9	7	7
9	8	9
10	0	3
10	1	3
10	2	2
10	3	4
10	5	4
10	6	3
10	7	7
10	8	8
10	9	8
11	0	3
11	1	6
11	2	6
11	4	2
11	5	2
11	6	6
11	7	1
11	8	2
11	9	5
11	10	5
12	0	4
12	2	2
12	3	3
12	4	7
12	5	6
12	6	3
12	7	10
12	8	5
12	9	9
12	10	5
12	11	5
13	0	8
13	1	10
13	2	3
13	3	5
13	4	4
13	5	5
13	6	2
13	7	7
13	8	9
13	9	12
13	10	4
13	11	8
13	12	6
14	0	3
14	1	6
14	2	8
14	3	4
14	4	5
14	5	1
14	6	4
14	7	5
14	8	6
14	9	3
14	10	9
14	11	13
14	12	6
14	13	10
15	0	8
15	1	6
15	2	9
15	3	3
15	4	6
15	5	2
15	6	4
15	7	5
15	8	12
15	9	6
15	10	5
15	11	6
15	12	4
15	13	12
15	14	10
16	0	5
16	1	4
16	2	2
16	3	3
16	4	3
16	5	6
16	6	1
16	7	1
16	8	1
16	9	2
16	10	1
16	11	1
16	12	3
16	13	1
16	14	1
16	15	4
17	0	7
17	1	2
17	2	5
17	4	1
17	5	5
17	6	2
17	7	1
17	8	7
17	9	1
17	10	3
17	11	2
17	12	5
17	13	1
17	14	1
17	15	5
17	16	3
18	1	5
18	2	3
18	3	1
18	4	3
18	5	6
18	6	3
18	7	4
18	8	6
18	9	3
18	10	9
18	11	3
18	12	5
18	13	1
18	14	4
18	15	4
18	16	2
18	17	5
19	0	1
19	1	3
19	2	4
19	3	5
19	4	7
19	5	1
19	6	4
19	7	4
19	8	3
19	9	2
19	10	2
19	11	2
19	12	4
19	13	5
19	14	5
19	15	8
19	16	3
19	18	3
20	0	1
20	1	4
20	2	7
20	3	4
20	4	7
20	5	4
20	6	2
20	7	3
20	8	3
20	9	4
20	10	5
20	11	4
20	12	5
20	13	3
20	14	8
20	15	2
20	16	2
20	17	4
20	18	6
20	19	3
21	0	2
21	1	2
21	2	11
21	3	6
21	4	4
21	5	8
21	6	5
21	8	5
21	9	3
21	10	7
21	11	3
21	12	6
21	13	8
21	14	5
21	15	2
21	16	2
21	17	2
21	18	2
21	19	1
21	20	5
22	1	1
22	2	9
22	3	1
22	4	3
22	5	3
22	6	1
22	7	3
22	8	3
22	9	2
22	10	2
22	11	1
22	12	2
22	14	3
22	15	1
22	16	1
22	17	2
22	18	4
22	19	4
22	20	4
22	21	4
23	0	1
23	1	2
23	2	3
23	3	8
23	4	2
23	5	2
23	9	2
23	10	3
23	12	5
23	13	1
23	14	5
23	15	1
23	17	1
23	18	3
23	19	5
23	20	5
23	21	2
23	22	5
24	0	2
24	1	4
24	3	3
24	4	4
24	5	5
24	6	1
24	7	3
24	8	6
24	9	4
24	10	3
24	11	3
24	12	4
24	13	5
24	14	5
24	15	4
24	16	1
24	17	3
24	18	9
24	19	1
24	20	5
24	21	3
24	23	5
25	0	4
25	1	11
25	2	2
25	3	3
25	4	2
25	5	3
25	6	2
25	7	5
25	8	2
25	9	6
25	10	4
25	11	7
25	12	3
25	13	6
25	14	2
25	15	4
25	16	3
25	17	4
25	18	3
25	19	4
25	20	5
25	21	3
25	23	5
25	24	10
26	0	2
26	1	3
26	2	3
26	4	2
26	8	1
26	11	1
26	12	1
26	13	3
26	15	1
26	16	2
26	19	2
26	20	1
26	22	1
26	24	4
26	25	1
27	1	1
27	3	1
27	4	1
27	6	1
27	8	3
27	9	2
27	10	3
27	11	3
27	12	3
27	13	3
27	14	5
27	15	4
27	18	2
27	19	2
27	22	2
27	23	4
27	24	1
27	25	6
27	26	3
28	0	1
28	1	3
28	2	1
28	3	1
28	4	1
28	5	9
28	6	1
28	7	3
28	8	1
28	9	2
28	10	2
28	11	2
28	12	6
28	13	4
28	14	3
28	15	1
28	16	3
28	17	1
28	18	6
28	19	1
28	20	3
28	21	2
28	22	3
28	23	3
28	24	3
28	25	3
28	26	3
28	27	2
29	0	2
29	2	2
29	4	1
29	5	2
29	7	1
29	8	3
29	12	3
29	13	2
29	18	2
29	20	1
29	23	1
29	24	2
29	25	3
29	27	4
30	1	1
30	3	1
30	7	3
30	8	1
30	9	1
30	10	2
30	11	5
30	12	1
30	13	1
30	14	1
30	17	2
30	18	3
30	19	3
30	20	1
30	22	2
30	24	2
30	25	1
30	26	5
30	27	1
30	29	6
31	4	1
31	5	1
31	10	4
31	11	3
31	14	2
31	19	1
31	21	1
31	23	3
31	24	1
31	25	2
31	26	1
31	27	1
31	28	1
31	29	3
31	30	4
32	0	2
32	1	3
32	2	1
32	8	1
32	9	1
32	10	3
32	11	1
32	12	2
32	13	1
32	14	2
32	15	1
32	16	2
32	18	1
32	20	2
32	22	2
32	23	2
32	24	1
32	25	3
32	27	1
32	28	3
32	29	4
32	30	4
32	31	6
33	0	1
33	1	2
33	3	3
33	4	1
33	9	2
33	10	3
33	11	2
33	12	2
33	13	1
33	14	1
33	15	1
33	17	1
33	18	3
33	19	1
33	21	2
33	22	1
33	23	3
33	24	1
33	25	2
33	26	2
33	27	2
33	29	7
33	30	7
33	31	6
33	32	10
34	1	5
34	3	1
34	4	3
34	5	1
34	6	2
34	8	1
34	9	3
34	10	3
34	11	3
34	12	1
34	13	2
34	14	2
34	15	4
34	17	4
34	18	3
34	19	2
34	21	3
34	22	3
34	23	2
34	24	8
34	25	8
34	26	1
34	27	3
34	28	2
34	29	4
34	30	4
34	31	1
34	32	3
34	33	5
35	0	2
35	1	2
35	2	3
35	3	2
35	4	4
35	5	2
35	6	1
35	8	4
35	9	2
35	10	1
35	11	3
35	12	2
35	13	2
35	14	2
35	15	1
35	18	2
35	19	1
35	20	2
35	22	1
35	23	3
35	24	3
35	25	6
35	26	4
35	27	1
35	28	1
35	29	4
35	30	2
35	31	8
35	32	9
35	33	11
35	34	7
36	1	4
36	3	2
36	4	1
36	5	2
36	6	1
36	10	4
36	11	1
36	13	1
36	14	3
36	16	2
36	18	1
36	22	1
36	23	2
36	24	1
36	25	3
36	26	3
36	27	4
36	28	1
36	29	5
36	30	1
36	31	2
36	32	4
36	33	2
36	34	4
36	35	9
37	0	1
37	1	2
37	3	5
37	5	1
37	6	3
37	7	1
37	8	1
37	9	2
37	10	3
37	11	2
37	13	1
37	14	3
37	15	3
37	18	2
37	20	2
37	21	1
37	24	1
37	25	1
37	26	6
37	27	3
37	28	6
37	29	5
37	30	1
37	31	6
37	32	8
37	33	5
37	34	4
37	35	6
38	1	2
38	2	2
38	3	2
38	4	2
38	6	3
38	7	1
38	8	2
38	10	3
38	11	2
38	12	2
38	13	4
38	14	1
38	15	4
38	16	1
38	17	2
38	18	3
38	20	3
38	21	3
38	22	1
38	23	5
38	24	2
38	25	3
38	26	5
38	27	5
38	28	5
38	29	4
38	30	1
38	31	2
38	32	6
38	33	3
38	34	8
38	35	7
38	36	6
38	37	2
39	1	4
39	2	3
39	3	1
39	4	4
39	5	1
39	6	1
39	7	2
39	8	6
39	9	2
39	10	1
39	12	1
39	14	1
39	15	1
39	18	5
39	19	3
39	20	4
39	21	3
39	24	3
39	25	4
39	26	2
39	27	1
39	28	8
39	29	3
39	30	6
39	31	3
39	32	3
39	33	2
39	34	5
39	36	2
39	37	4
39	38	7
40	0	2
40	1	1
40	2	2
40	3	3
40	5	4
40	6	1
40	7	4
40	8	1
40	9	2
40	10	11
40	11	4
40	12	9
40	13	7
40	14	3
40	15	3
40	16	1
40	17	5
40	18	6
40	19	6
40	20	7
40	21	3
40	22	1
40	23	2
40	24	5
40	25	7
40	26	3
40	27	8
40	28	2
40	29	4
40	30	2
40	31	3
40	32	7
40	33	5
40	34	6
40	35	4
40	36	5
40	37	3
40	38	7
40	39	4
41	1	2
41	4	6
41	5	3
41	7	4
41	8	2
41	9	1
41	10	5
41	11	1
41	12	2
41	14	5
41	15	1
41	16	2
41	18	2
41	20	5
41	22	1
41	24	2
41	25	4
41	26	2
41	27	1
41	28	4
41	29	4
41	30	3
41	31	5
41	32	3
41	33	1
41	35	4
41	36	2
41	37	4
41	38	2
41	39	6
41	40	3
42	1	3
42	2	1
42	3	1
42	4	6
42	5	3
42	6	3
42	8	3
42	9	3
42	10	1
42	11	1
42	12	1
42	13	2
42	14	1
42	15	1
42	17	2
42	18	3
42	19	3
42	20	2
42	24	3
42	25	2
42	27	5
42	28	1
42	29	1
42	30	5
42	32	3
42	34	3
42	35	4
42	36	1
42	37	7
42	38	9
42	39	4
42	40	6
42	41	6
43	1	3
43	2	1
43	3	2
43	4	1
43	5	1
43	8	1
43	9	2
43	10	1
43	11	2
43	13	1
43	14	2
43	15	3
43	16	4
43	17	1
43	20	3
43	23	1
43	25	1
43	26	2
43	27	4
43	28	5
43	30	3
43	31	4
43	32	3
43	33	3
43	34	4
43	35	4
43	36	5
43	37	9
43	38	6
43	39	2
43	40	3
43	41	11
43	42	8
44	4	1
44	5	4
44	10	2
44	11	4
44	18	1
44	19	1
44	20	1
44	21	2
44	23	1
44	25	3
44	26	1
44	27	1
44	28	3
44	29	2
44	30	1
44	32	4
44	33	1
44	34	2
44	35	1
44	36	1
44	37	3
44	38	8
44	39	8
44	40	5
44	41	1
44	42	7
44	43	14
45	0	2
45	3	1
45	5	3
45	9	3
45	10	2
45	11	3
45	15	3
45	19	2
45	23	1
45	24	2
45	25	2
45	26	1
45	27	3
45	28	1
45	29	5
45	30	3
45	31	7
45	32	7
45	33	3
45	34	1
45	35	3
45	36	3
45	37	5
45	38	3
45	39	3
45	40	2
45	41	8
45	42	6
45	43	10
45	44	7
46	0	1
46	1	2
46	2	2
46	8	2
46	10	3
46	11	1
46	14	3
46	15	2
46	18	1
46	19	3
46	22	3
46	23	1
46	24	2
46	25	5
46	26	2
46	27	3
46	28	2
46	29	8
46	30	3
46	31	7
46	32	4
46	33	1
46	34	3
46	35	10
46	36	4
46	37	11
46	38	4
46	40	5
46	42	3
46	43	6
46	44	3
46	45	2
47	0	3
47	1	2
47	3	4
47	4	1
47	9	2
47	10	1
47	11	3
47	12	1
47	13	1
47	15	1
47	18	3
47	20	1
47	21	1
47	23	1
47	24	3
47	25	1
47	26	4
47	27	5
47	28	1
47	29	3
47	31	6
47	32	4
47	33	4
47	34	2
47	35	7
47	36	5
47	37	2
47	38	2
47	39	1
47	40	1
47	41	4
47	42	2
47	43	5
47	45	4
47	46	11
48	1	3
48	2	3
48	3	1
48	4	5
48	5	1
48	6	1
48	7	1
48	8	1
48	9	2
48	10	2
48	11	5
48	12	1
48	13	6
48	14	4
48	15	1
48	18	5
48	19	1
48	20	2
48	23	3
48	24	4
48	25	6
48	26	2
48	27	5
48	28	5
48	29	2
48	31	2
48	32	2
48	33	2
48	34	14
48	35	2
48	36	3
48	37	1
48	38	2
48	39	2
48	40	7
48	41	2
48	42	5
48	43	2
48	44	1
48	45	1
48	46	1
48	47	3
49	0	3
49	1	3
49	2	4
49	3	2
49	6	1
49	7	2
49	8	2
49	9	1
49	10	5
49	11	3
49	12	4
49	13	5
49	14	6
49	15	2
49	16	1
49	17	2
49	18	3
49	19	1
49	20	6
49	21	1
49	22	2
49	23	4
49	24	13
49	25	4
49	26	5
49	27	3
49	28	3
49	29	4
49	30	3
49	31	3
49	32	5
49	33	1
49	34	5
49	35	4
49	36	7
49	37	3
49	38	7
49	39	7
49	40	6
49	41	2
49	42	3
49	43	3
49	44	1
49	45	5
49	46	4
49	47	4
49	48	13
50	0	2
50	1	5
50	4	5
50	7	1
50	8	2
50	9	3
50	10	3
50	11	2
50	12	2
50	13	2
50	14	1
50	15	3
50	18	2
50	20	2
50	21	1
50	24	4
50	25	4
50	27	8
50	28	1
50	29	2
50	30	2
50	31	2
50	32	3
50	33	8
50	34	9
50	35	2
50	36	6
50	37	2
50	38	2
50	39	2
50	40	6
50	41	2
50	42	2
50	43	1
50	45	3
50	46	2
50	48	11
50	49	9
51	1	1
51	2	1
51	3	4
51	4	2
51	5	3
51	6	2
51	7	2
51	10	4
51	13	2
51	14	2
51	15	2
51	18	1
51	19	3
51	20	2
51	22	2
51	23	1
51	24	3
51	25	1
51	26	2
51	27	1
51	28	1
51	29	1
51	30	3
51	31	4
51	32	1
51	33	4
51	34	8
51	35	8
51	36	7
51	37	4
51	38	10
51	39	4
51	40	8
51	41	6
51	42	4
51	43	2
51	44	3
51	45	3
51	46	7
51	47	8
51	48	10
51	49	14
51	50	5
52	1	3
52	2	1
52	3	3
52	4	4
52	5	1
52	7	2
52	8	3
52	9	7
52	10	3
52	11	1
52	12	5
52	13	4
52	14	2
52	16	1
52	17	1
52	18	3
52	19	1
52	20	1
52	21	3
52	22	3
52	24	2
52	25	6
52	27	5
52	28	3
52	29	3
52	30	3
52	31	1
52	32	2
52	33	3
52	34	11
52	35	6
52	36	3
52	37	1
52	38	5
52	39	5
52	40	1
52	41	5
52	42	6
52	43	5
52	44	1
52	45	1
52	46	2
52	47	2
52	48	2
52	49	8
52	50	2
52	51	7
53	1	1
53	2	2
53	3	2
53	4	2
53	5	3
53	6	1
53	7	3
53	8	3
53	9	1
53	10	1
53	11	1
53	12	4
53	13	5
53	14	2
53	15	3
53	16	1
53	17	1
53	18	4
53	19	3
53	20	2
53	21	2
53	22	3
53	23	2
53	24	3
53	25	5
53	26	2
53	27	1
53	28	7
53	29	1
53	30	2
53	31	2
53	32	4
53	33	3
53	34	4
53	35	3
53	36	7
53	37	11
53	38	15
53	39	7
53	40	10
53	41	5
53	42	9
53	43	8
53	44	8
53	45	4
53	46	2
53	47	3
53	48	3
53	49	7
53	50	1
53	51	10
53	52	7
54	0	1
54	1	2
54	2	2
54	3	2
54	4	2
54	5	1
54	8	3
54	9	1
54	10	3
54	11	2
54	12	2
54	14	3
54	15	3
54	16	1
54	18	1
54	19	4
54	20	3
54	21	1
54	22	4
54	23	4
54	24	3
54	25	1
54	26	2
54	27	3
54	28	13
54	29	1
54	30	1
54	31	2
54	32	2
54	34	1
54	35	3
54	36	3
54	37	2
54	38	9
54	39	1
54	40	5
54	41	1
54	42	2
54	43	4
54	44	3
54	45	1
54	46	4
54	47	4
54	48	2
54	49	7
54	50	1
54	52	5
54	53	7
55	1	6
55	2	3
55	3	4
55	4	6
55	5	2
55	7	1
55	8	4
55	9	5
55	10	4
55	11	4
55	12	1
55	14	4
55	15	3
55	17	1
55	18	6
55	19	3
55	20	3
55	21	4
55	22	3
55	23	1
55	24	5
55	25	3
55	26	2
55	27	1
55	28	5
55	30	3
55	31	2
55	32	3
55	33	3
55	34	1
55	35	4
55	37	7
55	38	12
55	39	6
55	40	3
55	41	2
55	42	5
55	43	4
55	44	2
55	45	5
55	46	2
55	47	4
55	48	2
55	49	10
55	50	1
55	51	9
55	52	11
55	53	14
55	54	13
56	2	1
56	3	3
56	4	1
56	5	4
56	8	2
56	9	2
56	10	3
56	11	1
56	12	1
56	13	1
56	14	2
56	15	2
56	16	2
56	17	4
56	18	2
56	20	3
56	22	3
56	23	1
56	24	2
56	25	1
56	26	1
56	27	1
56	28	8
56	31	6
56	32	2
56	33	1
56	34	2
56	35	2
56	36	4
56	37	3
56	38	8
56	39	5
56	40	5
56	41	5
56	42	6
56	43	5
56	44	5
56	45	1
56	47	1
56	48	1
56	49	5
56	50	1
56	51	5
56	52	9
56	53	3
56	54	5
56	55	6
57	0	2
57	1	3
57	2	4
57	3	4
57	4	3
57	8	3
57	9	2
57	10	3
57	11	3
57	12	4
57	13	2
57	14	1
57	15	1
57	16	1
57	18	1
57	19	1
57	20	2
57	22	3
57	23	4
57	24	2
57	25	3
57	26	2
57	27	3
57	28	3
57	29	3
57	30	5
57	31	2
57	32	5
57	33	2
57	34	5
57	35	4
57	36	8
57	38	3
57	39	1
57	40	3
57	41	4
57	42	1
57	43	3
57	44	3
57	45	3
57	46	4
57	47	2
57	48	1
57	49	4
57	50	2
57	51	5
57	52	5
57	53	3
57	54	3
57	55	3
57	56	9
58	0	1
58	1	1
58	4	1
58	10	3
58	11	3
58	14	5
58	16	2
58	17	1
58	18	3
58	20	1
58	22	2
58	24	4
58	25	4
58	26	3
58	27	1
58	29	1
58	30	1
58	31	1
58	32	2
58	33	2
58	34	5
58	35	5
58	36	5
58	37	3
58	38	6
58	39	2
58	40	2
58	41	4
58	42	2
58	43	4
58	44	3
58	45	4
58	46	3
58	47	10
58	48	2
58	49	4
58	50	3
58	51	4
58	52	3
58	53	5
58	54	6
58	55	6
58	56	6
58	57	6
59	1	4
59	2	7
59	3	4
59	4	4
59	5	3
59	6	2
59	8	4
59	9	1
59	10	2
59	11	1
59	13	2
59	14	2
59	15	1
59	16	3
59	17	2
59	18	4
59	19	3
59	20	4
59	21	2
59	22	2
59	23	3
59	24	4
59	25	1
59	26	3
59	27	1
59	28	6
59	29	2
59	31	5
59	32	1
59	33	1
59	34	4
59	35	6
59	36	4
59	37	3
59	38	8
59	39	4
59	40	3
59	41	3
59	42	3
59	43	3
59	44	3
59	45	3
59	47	3
59	48	8
59	49	6
59	50	4
59	51	7
59	52	12
59	53	3
59	54	14
59	55	9
59	56	1
59	57	10
59	58	2
60	0	1
60	1	1
60	3	1
60	4	4
60	7	1
60	11	3
60	15	1
60	17	1
60	18	1
60	20	1
60	23	3
60	24	4
60	25	1
60	26	2
60	27	1
60	28	3
60	29	3
60	30	2
60	31	2
60	33	3
60	34	2
60	35	4
60	36	4
60	37	1
60	38	4
60	39	1
60	40	3
60	41	2
60	42	1
60	43	3
60	44	1
60	45	3
60	46	4
60	47	3
60	48	3
60	49	5
60	50	1
60	51	1
60	52	4
60	53	1
60	54	4
60	55	1
60	56	3
60	57	2
60	58	5
60	59	3
