1	0	6
2	0	4
2	1	10
3	0	2
3	2	2
4	1	6
4	2	6
4	3	16
5	0	3
5	1	5
5	2	1
5	4	1
6	0	2
6	1	3
6	2	3
6	3	2
6	4	2
6	5	6
7	0	2
7	1	6
7	2	1
7	3	3
7	4	2
7	5	6
7	6	2
8	0	6
8	1	2
8	2	2
8	3	4
8	4	4
8	5	4
8	6	7
8	7	6
9	0	5
9	1	5
9	2	8
9	3	1
9	4	2
9	5	6
9	6	8
9	7	7
9	8	4
10	0	3
10	1	2
10	2	3
10	3	2
10	4	2
10	5	8
10	6	6
10	7	5
10	8	6
10	9	8
11	0	1
11	1	5
11	2	2
11	4	4
11	5	1
11	6	4
11	7	4
11	8	3
11	9	5
11	10	6
12	0	6
12	1	6
12	2	2
12	3	2
12	4	4
12	5	3
12	6	8
12	7	8
12	8	8
12	9	4
12	10	2
12	11	5
13	0	3
13	1	10
13	2	3
13	3	5
13	4	5
13	5	8
13	6	3
13	7	8
13	8	9
13	9	5
13	10	5
13	11	5
13	12	10
14	0	2
14	1	9
14	2	4
14	3	5
14	4	5
14	5	4
14	6	3
14	7	1
14	8	8
14	9	2
14	10	4
14	11	6
14	12	10
14	13	4
15	0	5
15	1	5
15	2	5
15	3	6
15	4	4
15	5	6
15	6	1
15	7	2
15	8	10
15	10	2
15	11	2
15	12	11
15	13	15
15	14	10
16	0	2
16	1	1
16	2	9
16	3	3
16	4	5
16	5	1
16	6	3
16	7	3
16	8	8
16	9	2
16	10	1
16	11	3
16	12	2
16	13	4
16	14	2
16	15	2
17	0	4
17	1	5
17	2	6
17	3	1
17	4	4
17	5	7
17	7	2
17	8	5
17	9	4
17	10	2
17	11	3
17	12	4
17	13	4
17	14	3
17	15	9
17	16	11
18	0	2
18	1	2
18	2	2
18	3	4
18	4	2
18	5	3
18	6	2
18	7	2
18	8	11
18	9	4
18	10	8
18	11	6
18	12	7
18	13	4
18	14	6
18	15	5
18	16	2
19	0	3
19	1	2
19	2	4
19	3	5
19	4	7
19	5	4
19	6	3
19	8	1
19	9	3
19	10	3
19	11	4
19	12	4
19	14	8
19	15	11
19	16	7
19	17	3
19	18	4
20	0	1
20	1	2
20	2	1
20	3	3
20	4	7
20	5	1
20	6	3
20	7	2
20	8	2
20	9	6
20	10	5
20	11	2
20	12	2
20	13	3
20	14	1
20	15	5
20	16	3
20	17	5
20	18	7
20	19	4
21	0	2
21	2	5
21	3	3
21	4	1
21	5	6
21	6	1
21	7	3
21	8	7
21	9	4
21	10	2
21	11	5
21	12	8
21	13	3
21	14	3
21	15	5
21	16	2
21	17	3
21	18	2
21	19	2
21	20	3
22	1	1
22	2	8
22	3	4
22	4	3
22	5	5
22	6	1
22	7	3
22	8	4
22	9	3
22	10	3
22	11	5
22	12	1
22	13	4
22	14	6
22	15	4
22	16	4
22	17	3
22	18	3
22	19	1
22	20	9
22	21	4
23	0	1
23	1	2
23	2	5
23	3	6
23	4	4
23	5	1
23	8	1
23	9	1
23	10	1
23	11	2
23	12	2
23	13	1
23	14	4
23	15	3
23	17	1
23	18	3
23	19	2
23	20	2
23	21	1
23	22	1
24	0	1
24	1	12
24	3	2
24	5	1
24	7	2
24	8	5
24	9	5
24	10	6
24	11	5
24	12	2
24	13	6
24	14	5
24	15	7
24	16	3
24	17	3
24	18	3
24	19	4
24	20	5
24	21	3
24	23	5
25	0	1
25	1	6
25	2	2
25	3	3
25	4	2
25	5	2
25	6	2
25	7	2
25	8	2
25	9	3
25	10	2
25	11	6
25	12	4
25	13	5
25	14	5
25	15	3
25	17	3
25	18	2
25	19	3
25	21	2
25	22	3
25	23	1
25	24	7
26	0	2
26	1	2
26	4	3
26	5	2
26	10	3
26	11	3
26	12	2
26	13	3
26	14	2
26	15	6
26	18	1
26	19	1
26	20	2
26	22	1
26	23	2
26	24	3
26	25	1
27	0	1
27	1	1
27	2	1
27	3	1
27	4	3
27	5	2
27	9	2
27	10	5
27	11	1
27	12	4
27	13	3
27	14	2
27	15	1
27	19	4
27	22	1
27	24	5
27	25	3
27	26	4
28	0	3
28	1	3
28	2	3
28	3	2
28	4	7
28	5	8
28	6	4
28	7	2
28	8	3
28	9	5
28	10	2
28	11	2
28	12	7
28	13	6
28	14	4
28	15	4
28	16	3
28	17	3
28	18	10
28	19	1
28	20	2
28	21	11
28	22	3
28	23	2
28	24	4
28	25	2
28	27	4
29	2	3
29	4	1
29	5	1
29	10	3
29	12	2
29	13	2
29	14	2
29	16	2
29	18	2
29	19	1
29	24	1
29	26	2
29	27	4
30	1	4
30	5	1
30	7	1
30	8	4
30	9	1
30	10	3
30	11	1
30	12	1
30	13	1
30	14	2
30	17	1
30	24	5
30	25	2
30	27	5
30	28	2
30	29	11
31	4	3
31	5	1
31	8	1
31	9	1
31	11	1
31	14	3
31	19	2
31	21	1
31	22	3
31	24	2
31	25	2
31	26	3
31	27	3
31	28	3
31	29	7
31	30	8
32	0	3
32	1	1
32	2	1
32	4	1
32	8	1
32	9	3
32	10	1
32	11	2
32	12	3
32	13	1
32	14	5
32	15	1
32	16	1
32	18	1
32	24	1
32	25	4
32	26	2
32	27	3
32	28	1
32	29	5
32	30	3
32	31	9
33	1	3
33	3	4
33	4	3
33	5	1
33	8	3
33	9	3
33	10	2
33	11	1
33	12	3
33	13	3
33	14	1
33	15	2
33	17	1
33	18	1
33	19	1
33	22	3
33	23	1
33	24	4
33	25	4
33	26	3
33	27	4
33	28	4
33	29	2
33	30	5
33	31	2
33	32	13
34	1	3
34	2	1
34	3	1
34	5	1
34	6	2
34	8	4
34	9	1
34	10	8
34	11	3
34	12	2
34	13	3
34	15	2
34	17	1
34	20	2
34	21	2
34	24	6
34	25	4
34	26	2
34	27	1
34	28	4
34	30	6
34	31	1
34	32	4
34	33	7
35	0	1
35	2	1
35	4	4
35	5	1
35	6	1
35	8	4
35	9	2
35	10	3
35	11	4
35	12	1
35	14	3
35	15	2
35	16	1
35	17	1
35	18	2
35	21	4
35	22	2
35	24	5
35	25	2
35	26	3
35	27	6
35	28	4
35	29	10
35	30	3
35	31	5
35	32	6
35	33	16
35	34	8
36	0	1
36	1	1
36	2	1
36	3	1
36	4	2
36	5	1
36	6	2
36	7	2
36	10	4
36	11	3
36	14	3
36	18	2
36	22	1
36	23	3
36	24	2
36	25	2
36	26	4
36	27	2
36	28	2
36	29	4
36	30	2
36	31	2
36	32	3
36	33	7
36	34	4
36	35	10
37	0	1
37	1	2
37	2	1
37	6	2
37	7	2
37	8	1
37	9	2
37	10	1
37	13	1
37	14	3
37	15	2
37	19	1
37	20	3
37	21	2
37	24	4
37	25	3
37	26	5
37	27	3
37	28	5
37	29	2
37	30	2
37	31	5
37	32	8
37	33	6
37	34	6
37	35	7
37	36	2
38	0	6
38	1	2
38	2	2
38	3	1
38	4	3
38	5	1
38	6	2
38	8	3
38	9	3
38	10	3
38	11	3
38	13	1
38	14	2
38	15	2
38	17	1
38	18	4
38	19	1
38	20	3
38	21	1
38	22	1
38	23	1
38	24	3
38	25	2
38	26	2
38	27	5
38	28	9
38	29	2
38	30	2
38	31	6
38	32	2
38	33	8
38	34	4
38	35	7
38	36	3
38	37	10
39	1	3
39	2	1
39	3	1
39	4	2
39	5	2
39	6	1
39	8	2
39	10	3
39	11	2
39	12	2
39	13	2
39	14	2
39	15	3
39	16	1
39	18	2
39	19	6
39	20	1
39	21	1
39	22	5
39	23	2
39	24	8
39	25	4
39	26	4
39	27	1
39	28	5
39	29	3
39	30	3
39	31	2
39	32	2
39	33	1
39	34	3
39	35	5
39	36	2
39	37	4
39	38	6
40	1	2
40	2	5
40	3	3
40	4	1
40	5	3
40	6	3
40	7	6
40	8	4
40	9	8
40	10	4
40	11	2
40	12	4
40	13	2
40	14	1
40	15	5
40	16	3
40	18	3
40	19	2
40	20	2
40	21	3
40	22	4
40	23	3
40	24	1
40	25	3
40	26	10
40	27	3
40	28	5
40	29	3
40	30	1
40	31	2
40	32	6
40	33	3
40	34	6
40	35	8
40	36	2
40	37	8
40	38	8
40	39	4
41	1	1
41	4	3
41	5	4
41	6	3
41	7	3
41	8	7
41	9	1
41	10	5
41	11	3
41	12	1
41	13	1
41	14	1
41	15	1
41	18	1
41	20	1
41	22	3
41	24	4
41	25	2
41	26	1
41	28	2
41	29	2
41	30	6
41	31	1
41	32	1
41	33	5
41	34	4
41	35	3
41	36	3
41	37	6
41	38	5
41	39	3
41	40	7
42	2	3
42	3	1
42	4	2
42	5	2
42	6	3
42	8	1
42	9	3
42	10	2
42	11	1
42	12	3
42	13	2
42	14	1
42	17	3
42	18	3
42	19	3
42	20	1
42	23	2
42	24	3
42	25	3
42	28	6
42	29	3
42	30	1
42	31	4
42	32	2
42	34	1
42	35	2
42	36	2
42	37	6
42	38	9
42	39	7
42	40	4
42	41	8
43	1	2
43	2	2
43	3	3
43	4	2
43	5	2
43	7	1
43	8	1
43	9	2
43	10	3
43	11	6
43	12	3
43	13	1
43	14	2
43	15	1
43	17	1
43	18	2
43	20	3
43	21	2
43	22	2
43	24	1
43	25	3
43	26	2
43	27	1
43	28	3
43	29	3
43	30	2
43	31	5
43	32	6
43	33	4
43	35	5
43	36	3
43	37	5
43	38	11
43	39	8
43	40	3
43	41	14
43	42	5
44	4	3
44	5	1
44	7	1
44	8	3
44	9	1
44	10	1
44	11	8
44	12	1
44	18	2
44	20	3
44	21	2
44	23	1
44	25	1
44	26	2
44	27	2
44	29	3
44	30	1
44	32	2
44	33	1
44	34	1
44	35	7
44	36	4
44	37	5
44	38	6
44	39	5
44	40	1
44	41	6
44	42	5
44	43	12
45	5	2
45	6	2
45	9	2
45	10	1
45	11	2
45	15	1
45	19	2
45	20	1
45	22	2
45	24	1
45	25	3
45	26	1
45	27	3
45	28	1
45	29	3
45	30	8
45	31	5
45	32	3
45	33	3
45	34	1
45	35	2
45	37	1
45	38	3
45	39	3
45	40	4
45	41	2
45	42	5
45	43	8
45	44	5
46	1	3
46	3	3
46	4	4
46	8	1
46	10	2
46	11	1
46	14	2
46	15	5
46	18	4
46	19	1
46	22	1
46	23	1
46	24	1
46	25	1
46	26	2
46	27	2
46	29	5
46	30	4
46	31	5
46	32	7
46	33	3
46	34	4
46	35	8
46	36	5
46	37	6
46	38	9
46	39	2
46	40	4
46	41	6
46	42	3
46	43	6
46	44	3
46	45	6
47	1	2
47	2	1
47	9	1
47	10	1
47	12	4
47	13	1
47	15	2
47	16	1
47	18	2
47	20	2
47	23	1
47	24	2
47	25	1
47	26	3
47	27	3
47	28	2
47	29	1
47	30	2
47	31	3
47	32	2
47	33	1
47	34	2
47	35	7
47	36	3
47	37	3
47	38	4
47	39	3
47	40	3
47	42	2
47	43	3
47	44	4
47	45	4
47	46	7
48	1	7
48	2	1
48	3	2
48	5	3
48	6	1
48	7	3
48	8	3
48	9	2
48	10	3
48	11	4
48	12	5
48	13	2
48	14	4
48	16	2
48	18	3
48	19	2
48	21	2
48	22	3
48	23	5
48	24	6
48	25	2
48	26	1
48	27	3
48	28	3
48	30	2
48	31	3
48	32	5
48	33	5
48	34	8
48	35	5
48	36	2
48	37	3
48	38	4
48	40	4
48	41	2
48	43	4
48	44	2
48	45	1
48	46	2
48	47	3
49	1	5
49	2	1
49	3	4
49	4	5
49	5	5
49	6	3
49	8	3
49	9	2
49	10	1
49	11	5
49	12	5
49	13	2
49	14	2
49	15	2
49	16	3
49	17	3
49	18	3
49	19	3
49	20	3
49	21	1
49	22	1
49	23	5
49	24	8
49	25	2
49	26	2
49	27	7
49	28	4
49	29	2
49	30	3
49	31	5
49	32	3
49	33	2
49	34	5
49	35	4
49	36	7
49	37	4
49	38	5
49	39	2
49	40	6
49	42	3
49	43	2
49	44	5
49	45	2
49	46	4
49	47	6
49	48	5
50	0	2
50	1	2
50	2	1
50	8	1
50	9	3
50	10	3
50	11	3
50	12	1
50	13	2
50	14	4
50	15	4
50	18	1
50	19	3
50	20	3
50	21	3
50	23	2
50	24	6
50	25	5
50	26	4
50	27	3
50	28	3
50	29	3
50	30	4
50	31	2
50	32	1
50	33	4
50	34	5
50	35	5
50	36	1
50	37	1
50	38	4
50	39	1
50	40	5
50	41	1
50	42	2
50	43	4
50	45	2
50	46	5
50	47	1
50	48	7
50	49	5
51	1	2
51	2	3
51	3	4
51	4	1
51	5	1
51	6	3
51	7	2
51	8	4
51	9	3
51	10	2
51	12	2
51	13	2
51	14	3
51	15	4
51	18	1
51	21	1
51	22	1
51	23	3
51	24	5
51	25	4
51	26	4
51	27	3
51	28	2
51	29	1
51	30	1
51	31	7
51	33	3
51	34	10
51	35	8
51	36	6
51	37	4
51	38	15
51	39	5
51	40	6
51	41	2
51	42	4
51	43	5
51	44	2
51	45	5
51	46	6
51	47	2
51	48	10
51	49	8
51	50	1
52	1	1
52	2	2
52	3	1
52	4	1
52	5	1
52	8	1
52	9	2
52	10	4
52	11	2
52	12	4
52	13	4
52	14	5
52	15	1
52	16	2
52	18	7
52	19	5
52	20	4
52	21	1
52	22	3
52	23	4
52	24	4
52	25	2
52	26	1
52	27	3
52	28	8
52	29	2
52	30	2
52	31	3
52	32	2
52	33	3
52	34	4
52	35	8
52	36	7
52	37	4
52	38	11
52	39	3
52	40	2
52	41	3
52	42	5
52	43	4
52	44	3
52	45	4
52	46	3
52	47	3
52	49	2
52	50	6
52	51	6
53	1	2
53	2	4
53	3	6
53	4	3
53	5	1
53	6	2
53	7	3
53	8	3
53	9	4
53	10	6
53	11	1
53	12	7
53	13	4
53	14	2
53	15	4
53	16	1
53	17	1
53	18	3
53	19	4
53	20	2
53	21	3
53	22	2
53	23	3
53	24	5
53	25	5
53	26	6
53	28	9
53	29	3
53	30	3
53	32	5
53	33	2
53	34	5
53	35	4
53	37	3
53	38	17
53	39	2
53	40	4
53	41	3
53	42	7
53	43	2
53	44	6
53	45	2
53	46	1
53	47	3
53	48	1
53	49	7
53	50	3
53	51	13
53	52	4
54	1	6
54	3	6
54	4	3
54	5	5
54	8	3
54	9	6
54	10	1
54	11	4
54	12	1
54	14	2
54	15	2
54	16	1
54	17	1
54	18	4
54	19	1
54	20	1
54	21	2
54	22	2
54	23	3
54	24	7
54	25	2
54	26	1
54	27	3
54	28	6
54	29	1
54	32	2
54	33	2
54	34	2
54	35	3
54	36	1
54	37	1
54	38	8
54	39	1
54	40	3
54	41	1
54	42	3
54	43	1
54	44	6
54	45	3
54	46	1
54	47	4
54	48	1
54	49	10
54	50	4
54	51	5
54	52	10
54	53	6
55	0	1
55	1	4
55	2	2
55	3	5
55	4	5
55	5	2
55	6	3
55	7	3
55	8	1
55	9	2
55	10	7
55	11	7
55	12	2
55	13	5
55	14	5
55	15	5
55	16	1
55	18	2
55	19	2
55	20	2
55	21	4
55	22	2
55	23	4
55	24	5
55	25	1
55	27	2
55	28	15
55	29	1
55	30	2
55	31	2
55	32	1
55	33	5
55	34	4
55	35	5
55	36	1
55	37	5
55	38	5
55	39	5
55	40	4
55	41	3
55	42	4
55	43	1
55	44	6
55	45	2
55	46	1
55	47	1
55	48	3
55	49	3
55	50	2
55	51	10
55	52	9
55	53	8
55	54	16
56	0	2
56	1	1
56	3	1
56	5	1
56	8	1
56	9	1
56	10	3
56	11	1
56	12	2
56	13	4
56	14	1
56	15	1
56	18	3
56	19	2
56	20	3
56	21	2
56	22	1
56	23	1
56	24	2
56	25	2
56	26	6
56	27	2
56	28	5
56	30	4
56	31	7
56	32	3
56	33	2
56	34	1
56	35	3
56	36	3
56	37	2
56	38	11
56	39	6
56	40	6
56	41	2
56	42	8
56	43	6
56	44	4
56	45	2
56	46	1
56	47	2
56	48	2
56	49	6
56	50	1
56	51	4
56	52	4
56	53	7
56	54	3
56	55	5
57	0	2
57	1	2
57	4	2
57	6	1
57	8	1
57	9	1
57	10	1
57	11	1
57	12	2
57	13	1
57	14	2
57	18	1
57	19	4
57	20	5
57	22	2
57	23	2
57	24	1
57	25	2
57	26	3
57	27	2
57	28	3
57	29	2
57	30	2
57	31	2
57	32	3
57	33	4
57	34	3
57	35	2
57	36	7
57	37	5
57	38	8
57	39	4
57	40	4
57	41	2
57	43	3
57	44	4
57	45	4
57	46	4
57	47	5
57	48	1
57	49	3
57	50	5
57	51	5
57	52	8
57	53	2
57	54	2
57	55	2
57	56	7
58	0	1
58	1	2
58	2	2
58	3	1
58	6	2
58	9	1
58	10	1
58	11	1
58	14	1
58	17	2
58	20	2
58	22	1
58	23	2
58	24	3
58	25	2
58	26	5
58	27	5
58	28	1
58	29	4
58	30	1
58	31	2
58	32	2
58	33	5
58	34	1
58	35	7
58	36	3
58	37	5
58	38	8
58	39	4
58	40	5
58	41	3
58	42	2
58	43	5
58	44	2
58	45	6
58	46	5
58	47	6
58	48	1
58	49	2
58	50	1
58	51	4
58	52	4
58	53	3
58	54	3
58	55	2
58	56	7
58	57	7
59	1	3
59	2	1
59	3	5
59	4	2
59	5	1
59	6	3
59	8	1
59	9	1
59	10	4
59	11	4
59	12	1
59	13	3
59	14	4
59	15	4
59	16	1
59	17	4
59	18	4
59	19	2
59	21	1
59	23	1
59	24	4
59	25	2
59	26	2
59	27	2
59	28	4
59	29	4
59	30	1
59	31	2
59	32	4
59	33	4
59	34	3
59	35	4
59	36	4
59	37	5
59	38	13
59	39	6
59	40	8
59	41	3
59	42	2
59	43	2
59	44	2
59	45	1
59	46	2
59	47	3
59	48	4
59	49	7
59	50	5
59	51	7
59	52	8
59	53	2
59	54	8
59	55	7
59	56	3
59	57	7
59	58	3
60	0	1
60	2	2
60	3	3
60	4	3
60	7	1
60	8	2
60	10	1
60	11	2
60	12	2
60	13	2
60	14	4
60	18	1
60	19	3
60	20	2
60	23	2
60	24	3
60	25	3
60	26	1
60	28	1
60	29	3
60	30	2
60	31	3
60	32	2
60	33	2
60	34	2
60	35	6
60	36	4
60	38	6
60	39	3
60	40	5
60	41	2
60	42	1
60	43	1
60	44	3
60	45	5
60	46	4
60	47	8
60	48	3
60	49	8
60	50	1
60	51	5
60	52	5
60	53	7
60	54	4
60	55	5
60	56	7
60	57	11
60	58	5
60	59	3
