1	0	1
2	0	3
2	1	4
4	3	2
5	3	3
5	4	3
6	1	1
6	3	2
6	4	2
6	5	1
7	3	1
7	4	1
7	5	2
7	6	5
8	3	1
8	4	1
8	5	1
8	6	5
8	7	4
9	0	1
9	2	1
9	4	2
9	5	1
9	8	3
10	1	1
10	3	1
10	4	2
10	5	2
10	6	1
10	7	1
10	8	2
10	9	5
11	2	1
11	4	1
11	5	1
11	6	1
11	8	3
11	9	6
11	10	3
12	4	2
12	5	2
12	6	2
12	7	2
12	8	3
12	9	6
12	10	7
12	11	10
13	1	1
13	3	1
13	5	1
13	6	1
13	7	1
13	8	3
13	9	2
13	10	6
13	11	5
13	12	2
14	7	1
14	8	1
14	9	2
14	10	1
14	12	2
14	13	1
15	1	1
15	4	1
15	5	1
15	6	5
15	7	4
15	8	4
15	10	1
15	11	2
15	12	1
15	13	6
15	14	9
16	0	1
16	4	2
16	5	2
16	6	2
16	7	2
16	8	3
16	9	2
16	10	2
16	12	3
16	13	7
16	14	2
16	15	4
17	2	1
17	3	2
17	4	3
17	6	2
17	7	1
17	8	1
17	9	2
17	10	2
17	12	2
17	13	1
18	3	1
18	4	2
18	5	1
18	6	1
18	7	1
18	8	3
18	10	1
18	13	1
18	14	1
18	15	1
18	16	2
18	17	2
19	3	2
19	4	1
19	5	2
19	6	3
19	7	3
19	9	3
19	10	2
19	12	3
19	14	1
19	15	1
19	16	2
19	17	8
19	18	3
20	4	2
20	5	1
20	6	1
20	7	1
20	8	1
20	9	2
20	11	2
20	13	3
20	14	1
20	15	2
20	16	2
20	18	1
21	3	1
21	6	1
21	7	2
21	8	1
21	9	2
21	11	3
21	12	1
21	13	2
21	14	2
21	15	5
21	16	1
21	17	3
21	18	2
21	19	4
21	20	2
22	3	2
22	5	2
22	8	1
22	9	1
22	10	2
22	12	1
22	14	1
22	16	2
22	17	6
22	19	4
22	20	3
23	1	1
23	3	1
23	4	3
23	5	1
23	6	1
23	7	1
23	8	4
23	9	4
23	10	3
23	13	1
23	14	1
23	16	2
23	17	3
23	18	3
23	19	3
23	20	2
23	21	1
23	22	4
24	0	2
24	3	3
24	4	2
24	5	1
24	6	4
24	8	7
24	9	4
24	11	4
24	12	1
24	13	2
24	15	2
24	17	4
24	18	3
24	20	2
24	21	4
24	22	4
24	23	7
25	0	1
25	1	1
25	2	1
25	3	4
25	4	4
25	5	4
25	6	1
25	7	2
25	8	1
25	9	2
25	12	3
25	13	1
25	14	1
25	15	1
25	17	1
25	18	2
25	19	1
25	20	1
25	21	3
25	22	1
25	23	4
25	24	2
26	1	1
26	3	1
26	5	2
26	8	2
26	11	2
26	12	1
26	14	1
26	15	1
26	17	1
26	18	1
26	19	1
26	21	2
26	22	1
26	23	2
26	24	1
26	25	4
27	3	2
27	4	2
27	5	1
27	6	1
27	7	2
27	8	2
27	9	1
27	10	4
27	12	2
27	13	2
27	14	2
27	15	1
27	16	2
27	19	1
27	20	1
27	21	1
27	22	2
27	23	1
27	24	4
27	25	1
27	26	3
28	3	1
28	4	3
28	5	2
28	6	1
28	7	2
28	8	3
28	9	3
28	10	4
28	11	3
28	12	3
28	13	1
28	14	1
28	15	1
28	16	2
28	17	3
28	18	1
28	19	1
28	21	1
28	23	2
28	24	2
28	26	2
28	27	4
29	3	1
29	5	2
29	7	1
29	8	2
29	9	2
29	10	1
29	13	2
29	14	1
29	15	1
29	23	1
29	24	2
29	25	1
29	27	2
29	28	4
30	1	1
30	3	1
30	5	1
30	7	2
30	9	1
30	11	2
30	12	1
30	13	1
30	14	3
30	15	1
30	16	2
30	19	1
30	23	1
30	27	3
30	29	1
31	1	1
31	4	1
31	5	3
31	7	1
31	8	3
31	9	2
31	10	1
31	12	3
31	13	1
31	15	2
31	18	2
31	19	1
31	21	2
31	23	2
31	27	2
31	28	2
31	29	4
31	30	2
32	2	1
32	4	1
32	8	1
32	9	2
32	10	1
32	12	2
32	16	1
32	17	1
32	18	2
32	24	1
32	27	1
32	28	1
32	29	3
32	31	3
33	1	2
33	2	1
33	5	1
33	8	2
33	9	1
33	10	1
33	11	1
33	12	1
33	13	1
33	17	3
33	23	1
33	24	2
33	25	1
33	26	2
33	27	2
33	28	1
33	29	1
33	30	2
33	31	2
33	32	3
34	1	1
34	4	2
34	6	2
34	7	2
34	8	2
34	9	1
34	10	2
34	12	1
34	13	1
34	15	1
34	16	1
34	23	1
34	25	1
34	27	1
34	31	1
34	32	2
34	33	3
35	3	2
35	4	1
35	5	1
35	7	3
35	8	5
35	9	7
35	10	1
35	11	3
35	12	1
35	13	5
35	14	1
35	15	3
35	16	1
35	17	2
35	19	2
35	22	4
35	23	1
35	25	4
35	26	2
35	27	3
35	28	3
35	30	4
35	31	2
35	32	2
35	34	1
36	3	1
36	4	1
36	5	2
36	6	1
36	7	2
36	10	3
36	11	4
36	12	3
36	13	1
36	14	1
36	18	2
36	19	1
36	20	2
36	22	2
36	23	1
36	24	2
36	26	1
36	27	2
36	28	1
36	30	2
36	35	3
37	3	2
37	4	1
37	5	2
37	6	2
37	8	4
37	10	4
37	11	2
37	12	5
37	13	1
37	15	1
37	17	1
37	19	1
37	20	1
37	21	1
37	22	1
37	23	3
37	26	2
37	28	2
37	30	1
37	31	1
37	34	1
37	35	11
37	36	1
38	4	1
38	5	1
38	6	2
38	7	1
38	9	1
38	10	3
38	11	2
38	12	3
38	15	1
38	17	2
38	18	1
38	19	1
38	22	1
38	23	1
38	24	1
38	25	3
38	27	11
38	28	4
38	30	1
38	32	1
38	33	3
38	35	4
38	36	2
38	37	5
39	0	1
39	5	1
39	6	1
39	7	1
39	8	3
39	9	3
39	10	2
39	11	5
39	12	3
39	13	3
39	14	2
39	15	1
39	16	1
39	19	1
39	21	2
39	22	1
39	23	3
39	24	1
39	26	1
39	27	6
39	28	3
39	29	1
39	30	1
39	31	1
39	33	1
39	34	1
39	35	5
39	36	1
39	37	4
39	38	3
40	0	1
40	1	3
40	4	4
40	5	2
40	6	1
40	7	1
40	8	4
40	9	1
40	12	1
40	15	2
40	17	1
40	18	1
40	19	1
40	21	3
40	24	2
40	25	2
40	26	3
40	27	2
40	28	4
40	29	5
40	30	4
40	31	2
40	32	1
40	34	1
40	35	1
40	36	1
40	37	2
40	38	3
40	39	1
41	2	1
41	3	1
41	4	2
41	8	1
41	9	2
41	10	3
41	11	1
41	12	1
41	13	4
41	15	2
41	16	1
41	17	1
41	18	2
41	20	1
41	24	2
41	25	2
41	26	1
41	27	6
41	28	2
41	29	4
41	30	1
41	31	3
41	32	1
41	34	1
41	35	2
41	36	2
41	37	1
41	38	3
41	39	5
41	40	6
42	0	1
42	3	1
42	5	2
42	6	1
42	8	1
42	9	2
42	10	1
42	11	3
42	12	2
42	13	1
42	15	2
42	17	1
42	18	1
42	22	1
42	24	1
42	25	2
42	27	1
42	28	2
42	29	1
42	30	3
42	31	3
42	32	2
42	33	3
42	34	3
42	35	2
42	36	2
42	38	1
42	40	1
42	41	1
43	4	1
43	8	1
43	10	2
43	12	1
43	14	1
43	17	1
43	31	1
43	32	4
43	33	8
43	34	2
43	38	2
43	41	1
43	42	4
44	0	1
44	4	1
44	5	1
44	7	2
44	8	2
44	10	1
44	11	1
44	12	1
44	13	1
44	14	2
44	15	1
44	16	1
44	22	1
44	27	1
44	29	1
44	30	2
44	31	2
44	32	1
44	33	5
44	35	1
44	42	1
44	43	5
45	7	1
45	8	3
45	9	1
45	10	2
45	15	1
45	16	1
45	17	1
45	18	1
45	25	1
45	27	1
45	32	2
45	33	4
45	34	2
45	35	1
45	40	1
45	41	2
45	42	3
45	43	3
45	44	5
46	0	2
46	1	1
46	3	1
46	4	2
46	6	1
46	8	2
46	9	1
46	12	1
46	13	2
46	15	1
46	18	1
46	19	1
46	23	1
46	24	1
46	28	1
46	30	1
46	31	2
46	32	3
46	33	1
46	35	1
46	36	1
46	38	1
46	42	4
46	44	1
46	45	3
47	0	1
47	4	1
47	5	1
47	6	5
47	7	1
47	8	2
47	10	1
47	12	1
47	13	1
47	15	2
47	16	3
47	17	3
47	18	2
47	19	1
47	21	1
47	22	2
47	23	1
47	24	2
47	25	1
47	27	3
47	28	1
47	29	2
47	30	3
47	31	2
47	32	2
47	33	2
47	34	1
47	35	2
47	37	2
47	39	2
47	41	1
47	42	3
47	43	1
47	44	2
48	1	1
48	4	1
48	5	3
48	6	1
48	7	2
48	8	5
48	9	3
48	11	2
48	12	1
48	13	2
48	15	1
48	17	1
48	18	1
48	21	1
48	25	1
48	26	2
48	27	2
48	28	1
48	29	1
48	30	2
48	32	2
48	33	2
48	35	2
48	36	1
48	37	2
48	38	2
48	41	3
48	43	1
48	44	2
48	47	5
49	3	2
49	4	1
49	5	2
49	6	3
49	7	2
49	8	9
49	9	3
49	10	3
49	11	3
49	12	8
49	13	2
49	14	2
49	15	3
49	16	3
49	18	1
49	19	2
49	20	4
49	21	1
49	22	3
49	23	1
49	24	3
49	27	3
49	28	5
49	29	1
49	30	1
49	31	4
49	33	3
49	34	2
49	35	5
49	37	2
49	38	3
49	39	4
49	40	2
49	41	1
49	42	1
49	43	1
49	44	1
49	47	5
49	48	6
50	4	2
50	5	1
50	6	5
50	7	3
50	8	4
50	9	2
50	12	1
50	13	3
50	14	3
50	16	2
50	17	1
50	19	1
50	20	2
50	21	1
50	23	1
50	25	2
50	27	1
50	28	2
50	30	2
50	31	1
50	34	1
50	35	2
50	39	1
50	40	1
50	41	1
50	42	2
50	43	1
50	45	1
50	46	1
50	47	4
50	48	2
50	49	3
51	1	2
51	4	2
51	6	4
51	7	5
51	10	2
51	12	4
51	13	4
51	14	1
51	15	1
51	16	4
51	18	1
51	20	1
51	21	2
51	22	1
51	24	3
51	27	1
51	29	1
51	30	1
51	31	1
51	32	2
51	33	4
51	35	1
51	36	1
51	37	1
51	39	1
51	40	2
51	42	1
51	43	2
51	46	1
51	47	1
51	48	5
51	49	6
51	50	4
52	2	1
52	3	2
52	6	2
52	8	5
52	9	3
52	10	2
52	12	2
52	13	2
52	15	2
52	16	3
52	17	1
52	18	1
52	19	2
52	21	2
52	22	1
52	24	1
52	25	2
52	27	2
52	28	1
52	31	1
52	32	1
52	33	2
52	34	1
52	37	1
52	39	1
52	40	2
52	41	2
52	42	1
52	43	3
52	45	3
52	47	4
52	48	3
52	49	5
52	50	3
52	51	9
53	2	2
53	3	2
53	5	1
53	6	3
53	8	3
53	9	1
53	11	6
53	12	2
53	13	1
53	14	1
53	16	3
53	17	1
53	19	3
53	20	2
53	21	1
53	22	1
53	24	2
53	25	1
53	27	2
53	28	1
53	30	1
53	31	1
53	32	2
53	33	1
53	35	1
53	36	4
53	37	1
53	38	1
53	39	2
53	40	3
53	41	2
53	42	2
53	43	1
53	44	2
53	45	1
53	47	2
53	48	4
53	49	4
53	50	1
53	51	3
54	0	1
54	4	2
54	5	3
54	6	3
54	7	2
54	8	1
54	9	1
54	10	1
54	12	1
54	13	2
54	14	1
54	15	1
54	16	1
54	18	2
54	19	2
54	22	2
54	23	1
54	24	1
54	27	2
54	28	1
54	29	3
54	30	1
54	31	2
54	32	1
54	33	1
54	34	5
54	37	1
54	39	2
54	40	3
54	41	4
54	42	2
54	43	1
54	44	2
54	45	1
54	47	2
54	48	4
54	49	2
54	50	4
54	51	1
54	52	2
54	53	6
55	1	1
55	2	1
55	3	2
55	5	4
55	6	1
55	8	3
55	9	2
55	10	1
55	11	2
55	12	1
55	13	3
55	14	2
55	17	1
55	18	4
55	20	1
55	23	2
55	24	1
55	25	2
55	26	1
55	27	2
55	28	3
55	29	4
55	30	2
55	31	2
55	32	2
55	33	1
55	34	1
55	35	2
55	37	1
55	38	2
55	39	1
55	40	3
55	44	2
55	45	4
55	46	1
55	47	2
55	48	5
55	49	3
55	50	3
55	52	3
55	53	6
55	54	5
56	3	2
56	4	2
56	5	1
56	6	1
56	7	3
56	8	2
56	9	2
56	12	2
56	14	1
56	15	2
56	17	1
56	19	3
56	23	1
56	24	2
56	25	1
56	26	2
56	27	2
56	28	4
56	30	3
56	31	2
56	32	2
56	34	1
56	35	2
56	38	2
56	39	2
56	41	1
56	42	2
56	43	2
56	46	1
56	47	2
56	49	4
56	50	2
56	52	2
56	53	3
56	54	2
56	55	7
57	5	1
57	6	2
57	7	3
57	8	3
57	9	1
57	10	2
57	12	3
57	13	1
57	15	2
57	16	2
57	17	2
57	18	1
57	19	2
57	20	2
57	21	1
57	22	3
57	24	2
57	25	1
57	26	1
57	29	1
57	31	2
57	34	1
57	37	3
57	38	2
57	40	1
57	43	3
57	45	3
57	47	1
57	52	1
57	53	4
57	54	1
57	55	7
57	56	6
58	3	3
58	4	2
58	5	2
58	6	2
58	8	3
58	9	1
58	10	1
58	11	1
58	12	1
58	13	2
58	14	1
58	15	2
58	16	1
58	17	2
58	18	2
58	19	1
58	20	2
58	24	5
58	25	1
58	29	1
58	30	1
58	31	1
58	32	1
58	34	1
58	38	2
58	39	1
58	40	1
58	42	1
58	43	1
58	44	2
58	46	1
58	48	3
58	49	3
58	50	3
58	52	2
58	53	1
58	54	1
58	55	4
58	56	4
58	57	9
59	2	2
59	3	2
59	5	1
59	6	4
59	8	4
59	12	1
59	13	1
59	16	1
59	19	1
59	25	2
59	27	1
59	29	1
59	33	1
59	34	1
59	35	1
59	38	1
59	39	1
59	44	2
59	45	1
59	47	1
59	50	1
59	51	1
59	53	1
59	55	1
59	56	1
59	57	3
59	58	2
60	1	1
60	2	2
60	4	1
60	5	1
60	7	2
60	9	1
60	11	1
60	13	2
60	15	1
60	22	1
60	28	1
60	30	1
60	31	3
60	32	2
60	34	1
60	36	1
60	38	1
60	39	1
60	40	1
60	44	3
60	45	1
60	46	2
60	47	1
60	48	2
60	49	2
60	51	2
60	52	1
60	53	2
60	54	1
60	55	1
60	56	1
60	57	1
60	59	3
