1	0	9
2	0	3
2	1	9
3	2	2
4	3	4
5	1	2
5	3	2
5	4	6
6	1	1
6	4	2
6	5	1
7	3	1
7	4	2
7	6	3
8	4	2
8	5	1
8	6	4
8	7	6
9	4	2
9	6	1
9	7	3
9	8	3
10	5	2
10	6	1
10	7	6
10	8	5
10	9	6
11	3	1
11	4	1
11	6	2
11	7	2
11	8	4
11	9	5
11	10	8
12	4	1
12	5	1
12	6	1
12	7	3
12	8	5
12	9	9
12	10	5
12	11	3
13	1	1
13	4	1
13	5	2
13	6	3
13	7	2
13	8	2
13	9	3
13	10	3
13	11	3
13	12	4
14	1	1
14	3	1
14	6	3
14	7	1
14	8	1
14	10	4
14	13	1
15	0	1
15	3	2
15	4	1
15	5	2
15	7	1
15	8	1
15	9	2
15	11	4
15	12	1
15	13	3
15	14	11
16	3	1
16	4	3
16	7	1
16	8	5
16	9	1
16	10	3
16	11	3
16	12	1
16	13	3
16	14	3
16	15	3
17	3	3
17	4	1
17	5	1
17	7	2
17	9	1
17	10	1
17	12	2
17	13	1
17	14	1
17	16	1
18	3	2
18	4	2
18	5	2
18	6	1
18	8	2
18	10	4
18	12	1
18	16	1
18	17	2
19	3	4
19	4	3
19	5	4
19	6	2
19	7	1
19	8	1
19	9	6
19	10	2
19	11	2
19	13	2
19	14	1
19	15	3
19	16	1
19	17	6
19	18	8
20	3	1
20	7	1
20	8	1
20	10	2
20	12	2
20	13	3
20	14	2
20	15	1
20	18	3
20	19	3
21	0	1
21	2	1
21	3	3
21	4	1
21	5	2
21	6	2
21	8	1
21	9	1
21	10	2
21	12	1
21	13	3
21	14	1
21	15	1
21	16	3
21	19	1
21	20	3
22	3	1
22	4	2
22	5	5
22	6	2
22	7	2
22	9	2
22	11	3
22	13	3
22	14	2
22	15	1
22	16	1
22	17	4
22	18	3
22	19	1
22	20	1
22	21	1
23	3	5
23	4	3
23	5	3
23	6	2
23	7	1
23	9	1
23	10	1
23	11	1
23	13	1
23	16	2
23	17	4
23	19	1
23	20	1
23	21	2
23	22	7
24	3	1
24	4	2
24	5	4
24	6	2
24	8	5
24	9	1
24	10	5
24	11	1
24	12	3
24	13	3
24	14	1
24	16	1
24	17	2
24	18	2
24	19	4
24	20	1
24	21	3
24	23	2
25	3	2
25	4	1
25	5	2
25	7	2
25	8	5
25	9	1
25	10	2
25	11	2
25	13	1
25	14	1
25	15	1
25	19	3
25	20	1
25	22	1
25	23	5
25	24	3
26	3	2
26	4	2
26	5	3
26	8	3
26	9	3
26	10	1
26	11	1
26	13	1
26	14	1
26	15	2
26	17	3
26	20	1
26	21	1
26	22	5
26	23	1
27	5	1
27	6	1
27	8	5
27	10	3
27	11	2
27	12	2
27	13	2
27	14	3
27	15	1
27	16	1
27	17	5
27	18	3
27	19	2
27	21	3
27	22	4
27	23	5
27	24	5
27	25	6
28	3	3
28	4	1
28	6	3
28	7	1
28	8	2
28	9	1
28	10	1
28	11	2
28	12	3
28	13	1
28	16	2
28	17	1
28	19	1
28	22	2
28	23	2
28	24	5
28	25	2
28	26	1
28	27	5
29	5	2
29	6	1
29	7	1
29	8	1
29	10	3
29	11	6
29	12	2
29	13	1
29	15	1
29	17	1
29	19	2
29	21	1
29	24	1
29	25	2
29	27	3
29	28	7
30	3	3
30	4	2
30	5	1
30	7	1
30	8	5
30	9	2
30	10	1
30	12	2
30	13	1
30	14	1
30	16	2
30	18	1
30	23	2
30	24	1
30	25	3
30	27	2
31	1	1
31	2	1
31	4	1
31	5	3
31	6	1
31	7	4
31	10	1
31	11	3
31	13	2
31	19	2
31	23	1
31	24	1
31	27	2
31	28	1
31	30	1
32	6	2
32	8	1
32	10	1
32	11	2
32	15	1
32	16	1
32	17	1
32	18	1
32	22	1
32	24	2
32	25	1
32	27	1
32	29	1
32	30	1
32	31	2
33	1	1
33	5	2
33	9	1
33	12	2
33	15	1
33	16	1
33	17	1
33	22	1
33	25	2
33	26	2
33	28	2
33	29	3
33	30	2
33	31	2
33	32	2
34	1	1
34	4	1
34	8	2
34	9	1
34	10	1
34	11	3
34	12	2
34	15	4
34	20	1
34	24	1
34	25	1
34	28	2
34	30	3
34	31	3
34	32	3
34	33	5
35	2	1
35	4	2
35	5	1
35	8	1
35	9	1
35	10	1
35	11	1
35	12	2
35	14	1
35	15	3
35	16	1
35	17	2
35	19	1
35	20	3
35	23	1
35	24	1
35	25	3
35	26	4
35	27	3
35	28	3
35	30	1
35	31	1
35	33	1
36	3	1
36	4	3
36	5	1
36	8	3
36	9	3
36	10	10
36	11	2
36	12	3
36	17	1
36	18	1
36	21	1
36	22	2
36	23	2
36	24	3
36	25	3
36	26	2
36	30	1
36	31	2
36	32	1
36	35	4
37	5	1
37	7	1
37	8	2
37	10	3
37	11	1
37	12	1
37	13	1
37	14	2
37	15	4
37	18	2
37	21	2
37	22	2
37	23	2
37	24	1
37	25	3
37	26	3
37	27	5
37	28	1
37	30	2
37	31	1
37	33	1
37	34	2
37	35	3
37	36	2
38	3	1
38	4	2
38	6	2
38	7	2
38	8	1
38	9	1
38	10	2
38	11	4
38	12	2
38	13	1
38	14	3
38	16	1
38	17	4
38	18	2
38	19	2
38	20	1
38	22	3
38	23	2
38	24	2
38	25	4
38	26	1
38	27	5
38	28	6
38	29	2
38	31	1
38	32	2
38	33	1
38	35	5
38	36	3
38	37	8
39	6	1
39	8	4
39	10	1
39	11	1
39	12	1
39	15	2
39	17	2
39	18	2
39	19	1
39	20	1
39	21	1
39	22	1
39	24	2
39	25	2
39	26	1
39	27	2
39	28	3
39	29	1
39	30	1
39	31	1
39	33	5
39	34	1
39	35	11
39	37	1
39	38	5
40	0	1
40	3	2
40	4	3
40	5	2
40	6	1
40	7	2
40	8	2
40	11	2
40	12	5
40	13	1
40	16	1
40	17	1
40	18	2
40	20	2
40	21	1
40	23	3
40	24	1
40	25	1
40	26	2
40	27	6
40	28	4
40	29	4
40	30	1
40	32	1
40	35	2
40	36	2
40	37	1
40	38	1
40	39	3
41	2	1
41	3	2
41	4	1
41	7	2
41	8	4
41	9	3
41	10	2
41	11	2
41	12	1
41	16	3
41	18	1
41	19	1
41	21	1
41	24	1
41	25	2
41	27	2
41	28	1
41	29	2
41	30	3
41	31	1
41	32	2
41	33	1
41	34	2
41	35	2
41	37	1
41	38	6
41	39	2
41	40	4
42	0	1
42	5	1
42	7	3
42	8	3
42	9	1
42	10	1
42	12	1
42	13	2
42	14	1
42	18	1
42	24	1
42	25	2
42	27	1
42	28	1
42	29	2
42	30	3
42	31	5
42	32	1
42	33	5
42	35	1
42	36	2
42	37	1
42	38	2
42	39	1
42	40	2
42	41	7
43	2	2
43	4	2
43	5	2
43	8	2
43	9	2
43	10	1
43	11	1
43	12	1
43	18	1
43	24	1
43	25	2
43	27	2
43	28	2
43	30	1
43	31	1
43	32	2
43	33	2
43	34	2
43	35	1
43	37	1
43	38	1
43	39	1
43	40	1
43	41	2
43	42	2
44	4	2
44	5	2
44	9	1
44	10	1
44	12	1
44	13	2
44	15	1
44	28	1
44	30	4
44	31	2
44	33	4
44	34	1
44	36	2
44	38	3
44	40	2
44	41	2
44	42	1
44	43	7
45	3	1
45	4	1
45	8	2
45	9	1
45	12	2
45	13	1
45	14	1
45	15	1
45	18	1
45	27	1
45	28	1
45	29	1
45	30	1
45	32	1
45	33	3
45	38	1
45	39	1
45	42	2
45	43	2
45	44	4
46	2	1
46	6	1
46	12	2
46	13	3
46	20	2
46	22	1
46	23	1
46	29	1
46	30	2
46	31	1
46	32	3
46	34	2
46	35	3
46	38	1
46	42	1
46	44	4
46	45	4
47	2	1
47	3	1
47	4	1
47	5	1
47	7	1
47	8	2
47	9	2
47	10	2
47	11	1
47	12	3
47	13	1
47	15	3
47	16	1
47	17	1
47	18	2
47	19	1
47	21	1
47	22	1
47	24	1
47	25	2
47	27	1
47	28	2
47	29	1
47	30	4
47	31	2
47	32	1
47	34	2
47	35	1
47	36	1
47	38	3
47	39	1
47	40	1
47	41	1
47	42	2
47	43	3
47	44	1
47	46	1
48	0	1
48	2	2
48	3	3
48	5	1
48	6	1
48	7	5
48	8	3
48	9	2
48	10	2
48	11	2
48	12	3
48	13	2
48	14	3
48	15	2
48	16	1
48	17	2
48	18	2
48	22	2
48	24	1
48	25	3
48	27	2
48	28	2
48	31	1
48	32	2
48	33	2
48	34	1
48	35	1
48	38	1
48	41	2
48	43	1
48	45	1
48	46	1
48	47	2
49	2	1
49	3	1
49	6	5
49	7	6
49	8	14
49	9	6
49	10	3
49	11	6
49	12	4
49	13	5
49	14	1
49	16	5
49	17	2
49	18	2
49	19	1
49	20	2
49	21	2
49	22	1
49	23	1
49	24	1
49	25	1
49	26	1
49	27	4
49	28	6
49	29	3
49	30	1
49	33	5
49	34	4
49	35	2
49	36	3
49	37	1
49	38	3
49	39	2
49	40	3
49	41	6
49	42	6
49	44	1
49	47	4
49	48	13
50	3	3
50	4	1
50	5	2
50	6	2
50	7	1
50	8	5
50	9	2
50	10	1
50	12	2
50	13	2
50	14	1
50	15	2
50	16	2
50	17	3
50	18	1
50	21	2
50	24	5
50	25	1
50	27	3
50	28	3
50	30	2
50	31	2
50	33	1
50	35	1
50	36	1
50	38	2
50	39	2
50	40	1
50	41	2
50	42	2
50	44	3
50	45	1
50	46	3
50	47	3
50	48	5
51	1	2
51	3	1
51	5	1
51	6	1
51	7	1
51	8	3
51	9	2
51	10	3
51	11	2
51	12	3
51	13	2
51	14	3
51	15	4
51	16	2
51	17	1
51	18	1
51	19	1
51	20	2
51	21	2
51	23	1
51	24	1
51	25	2
51	27	2
51	28	2
51	30	1
51	33	1
51	35	2
51	36	1
51	37	1
51	38	1
51	39	1
51	40	2
51	41	1
51	42	2
51	44	1
51	47	5
51	48	4
51	50	3
52	3	1
52	4	2
52	5	1
52	6	3
52	7	1
52	8	2
52	10	1
52	11	2
52	12	4
52	13	1
52	14	1
52	15	1
52	16	1
52	17	2
52	18	2
52	19	1
52	22	2
52	24	1
52	27	1
52	28	2
52	30	1
52	32	2
52	33	1
52	34	2
52	35	1
52	41	1
52	42	1
52	45	1
52	46	1
52	47	1
52	48	1
52	49	3
52	50	6
52	51	10
53	1	1
53	5	2
53	6	1
53	7	2
53	8	7
53	9	3
53	10	1
53	12	4
53	13	1
53	14	2
53	16	1
53	17	1
53	20	1
53	23	1
53	24	1
53	25	3
53	26	1
53	27	1
53	28	4
53	29	2
53	30	1
53	31	2
53	32	1
53	33	1
53	34	2
53	35	1
53	36	2
53	38	1
53	40	2
53	41	1
53	42	2
53	43	2
53	44	1
53	45	1
53	46	1
53	47	3
53	48	3
53	49	4
53	50	3
53	51	1
53	52	1
54	3	3
54	4	2
54	5	1
54	6	3
54	7	1
54	8	3
54	11	2
54	12	1
54	13	1
54	14	2
54	16	1
54	18	1
54	19	2
54	23	1
54	24	4
54	25	3
54	26	3
54	27	3
54	28	3
54	29	1
54	30	1
54	31	3
54	33	1
54	34	3
54	36	1
54	37	1
54	38	4
54	39	1
54	40	2
54	41	1
54	42	1
54	43	3
54	44	1
54	45	3
54	46	1
54	47	2
54	48	2
54	49	2
54	51	1
54	52	3
54	53	5
55	0	1
55	2	1
55	3	2
55	5	1
55	7	2
55	8	2
55	9	1
55	10	2
55	11	1
55	12	2
55	15	1
55	16	2
55	17	1
55	18	1
55	20	1
55	22	2
55	24	1
55	25	1
55	26	1
55	27	4
55	28	2
55	29	1
55	30	2
55	31	1
55	33	2
55	34	2
55	37	2
55	40	2
55	41	1
55	42	4
55	43	5
55	45	2
55	48	2
55	49	1
55	50	4
55	51	3
55	52	3
55	53	5
55	54	5
56	3	1
56	4	1
56	5	2
56	6	1
56	9	1
56	10	2
56	12	2
56	13	2
56	15	4
56	16	1
56	18	1
56	19	1
56	21	1
56	24	2
56	25	2
56	27	2
56	28	3
56	29	1
56	30	4
56	31	3
56	33	4
56	34	1
56	35	1
56	36	3
56	38	3
56	39	1
56	40	2
56	41	1
56	44	1
56	45	2
56	46	1
56	47	3
56	48	2
56	49	3
56	50	2
56	52	2
56	53	4
56	54	5
56	55	4
57	3	1
57	4	2
57	5	5
57	6	6
57	7	1
57	8	3
57	10	1
57	11	1
57	12	4
57	13	1
57	15	1
57	20	1
57	21	3
57	26	2
57	28	2
57	30	3
57	31	2
57	37	1
57	38	1
57	39	1
57	40	2
57	41	3
57	42	1
57	45	1
57	46	2
57	47	2
57	49	3
57	50	1
57	51	2
57	53	1
57	54	1
57	55	1
58	1	1
58	4	1
58	6	5
58	7	3
58	8	3
58	10	2
58	11	2
58	13	3
58	15	1
58	16	2
58	17	1
58	18	1
58	19	1
58	21	1
58	23	2
58	24	1
58	25	2
58	26	2
58	27	2
58	29	2
58	30	2
58	31	2
58	32	2
58	35	1
58	36	1
58	37	1
58	38	1
58	41	1
58	42	1
58	45	1
58	47	4
58	49	1
58	50	3
58	51	2
58	52	3
58	53	2
58	55	5
58	56	3
58	57	2
59	3	1
59	5	1
59	6	1
59	10	1
59	15	3
59	16	2
59	17	2
59	19	1
59	23	1
59	27	2
59	28	2
59	29	1
59	31	1
59	34	1
59	35	1
59	40	2
59	41	1
59	43	1
59	46	1
59	49	2
59	50	1
59	54	1
59	55	1
59	57	3
59	58	3
60	0	2
60	1	2
60	2	1
60	4	1
60	5	1
60	8	1
60	13	1
60	15	1
60	16	3
60	25	1
60	28	2
60	30	2
60	31	1
60	32	1
60	33	6
60	36	2
60	38	1
60	39	2
60	40	2
60	42	1
60	45	5
60	46	4
60	47	1
60	48	2
60	49	1
60	51	1
60	52	2
60	53	1
60	55	2
60	58	2
