1	0	2
2	0	5
2	1	7
5	3	1
5	4	4
6	4	1
6	5	4
7	0	1
7	4	1
7	5	1
7	6	4
8	3	1
8	4	4
8	5	5
8	6	10
8	7	3
9	0	1
9	2	1
9	4	1
9	5	1
9	7	1
9	8	6
10	3	2
10	4	1
10	5	1
10	6	4
10	7	3
10	8	2
10	9	2
11	2	1
11	4	2
11	5	1
11	6	2
11	8	2
11	9	7
11	10	2
12	1	1
12	3	1
12	4	1
12	6	3
12	7	2
12	8	4
12	9	8
12	10	8
12	11	9
13	3	1
13	4	3
13	6	1
13	7	6
13	8	3
13	9	1
13	10	5
13	11	3
13	12	1
14	6	1
14	7	2
14	8	3
14	10	1
14	11	2
14	13	4
15	3	1
15	4	2
15	5	1
15	6	1
15	8	3
15	9	1
15	10	1
15	11	3
15	12	3
15	13	5
15	14	7
16	3	1
16	4	1
16	6	2
16	7	2
16	8	2
16	9	4
16	10	4
16	11	1
16	12	3
16	13	5
16	14	2
16	15	6
17	3	2
17	4	2
17	5	1
17	6	2
17	7	2
17	8	2
17	10	2
17	11	2
17	12	1
17	13	1
17	15	3
17	16	2
18	0	1
18	3	2
18	5	1
18	6	2
18	7	2
18	8	4
18	11	2
18	12	1
18	13	1
18	14	1
18	15	1
18	16	1
18	17	3
19	1	1
19	3	3
19	4	2
19	5	1
19	6	2
19	7	3
19	8	1
19	9	2
19	10	6
19	11	1
19	12	4
19	14	4
19	15	3
19	16	1
19	17	2
19	18	4
20	3	1
20	4	2
20	7	4
20	9	1
20	11	2
20	12	2
20	13	2
20	14	1
20	15	2
20	17	1
20	19	2
21	3	2
21	4	1
21	7	2
21	11	2
21	14	4
21	15	4
21	16	3
21	17	3
21	18	1
21	19	2
21	20	4
22	3	2
22	4	2
22	5	1
22	7	1
22	9	4
22	10	3
22	14	2
22	15	1
22	16	2
22	17	3
22	18	2
22	20	4
22	21	3
23	3	1
23	4	2
23	6	1
23	7	1
23	10	1
23	12	1
23	13	1
23	14	4
23	15	3
23	17	4
23	18	1
23	19	1
23	20	1
23	21	2
23	22	2
24	3	2
24	4	2
24	5	3
24	6	3
24	8	4
24	9	3
24	10	2
24	11	3
24	12	1
24	13	1
24	14	3
24	16	3
24	17	1
24	18	2
24	19	4
24	20	3
24	21	3
24	23	5
25	0	1
25	2	1
25	3	1
25	5	1
25	7	2
25	8	4
25	9	1
25	10	1
25	11	1
25	12	1
25	13	2
25	14	1
25	15	2
25	16	2
25	18	4
25	19	1
25	22	4
25	23	4
25	24	5
26	3	1
26	4	2
26	5	2
26	8	1
26	9	1
26	10	1
26	13	1
26	15	3
26	17	4
26	19	2
26	20	3
26	21	1
26	22	2
26	23	1
26	25	2
27	1	1
27	3	1
27	4	1
27	7	2
27	8	3
27	9	2
27	10	2
27	11	3
27	12	3
27	13	3
27	14	2
27	17	2
27	18	1
27	21	2
27	22	1
27	23	2
27	24	3
27	25	4
28	3	3
28	4	4
28	5	2
28	6	4
28	7	5
28	8	2
28	9	3
28	10	1
28	11	2
28	12	3
28	13	2
28	16	1
28	17	1
28	18	1
28	19	1
28	20	1
28	22	1
28	23	1
28	24	5
28	25	6
28	26	1
28	27	5
29	4	1
29	5	2
29	7	2
29	8	2
29	11	1
29	12	1
29	13	1
29	17	2
29	19	1
29	22	3
29	23	1
29	24	2
29	26	2
29	28	4
30	1	1
30	2	1
30	3	1
30	4	1
30	5	3
30	6	1
30	7	1
30	8	3
30	9	3
30	10	3
30	11	1
30	12	1
30	13	2
30	21	1
30	24	1
30	25	1
30	28	2
31	1	3
31	2	1
31	4	3
31	5	1
31	7	1
31	8	3
31	9	2
31	10	1
31	11	1
31	12	1
31	13	2
31	15	2
31	18	1
31	21	1
31	22	1
31	24	1
31	27	3
31	28	1
31	29	1
31	30	3
32	4	1
32	6	2
32	10	1
32	12	1
32	14	1
32	16	1
32	17	1
32	22	1
32	26	1
32	27	1
32	28	2
32	31	4
33	1	2
33	5	1
33	6	1
33	8	1
33	11	2
33	24	1
33	26	1
33	28	2
33	29	2
33	30	2
33	31	3
33	32	3
34	0	2
34	2	3
34	5	1
34	6	1
34	9	1
34	10	1
34	12	1
34	15	2
34	16	1
34	23	1
34	25	1
34	26	2
34	28	1
34	29	4
34	30	4
34	31	2
34	32	1
34	33	6
35	1	1
35	2	1
35	3	2
35	4	2
35	5	3
35	7	2
35	8	1
35	9	2
35	10	2
35	11	1
35	12	1
35	13	3
35	14	1
35	16	1
35	18	3
35	20	2
35	21	1
35	22	3
35	23	3
35	24	1
35	25	4
35	27	2
35	28	3
35	29	1
35	30	2
35	31	1
35	32	1
35	33	1
35	34	1
36	7	1
36	9	3
36	10	2
36	11	4
36	12	2
36	13	2
36	14	2
36	15	4
36	17	1
36	20	2
36	21	2
36	23	2
36	24	3
36	25	2
36	27	1
36	28	2
36	29	2
36	30	1
36	31	1
36	35	3
37	2	1
37	3	1
37	4	3
37	6	1
37	7	3
37	8	1
37	9	3
37	10	2
37	11	2
37	12	5
37	13	1
37	14	1
37	17	1
37	18	1
37	19	1
37	21	1
37	22	3
37	23	1
37	24	3
37	25	2
37	26	5
37	27	1
37	28	2
37	29	2
37	30	1
37	31	1
37	33	1
37	35	8
37	36	2
38	2	1
38	3	1
38	4	1
38	5	5
38	6	2
38	7	1
38	8	2
38	10	2
38	11	1
38	13	5
38	14	1
38	15	1
38	16	1
38	18	1
38	19	4
38	20	1
38	21	1
38	22	1
38	23	4
38	24	7
38	27	2
38	28	5
38	29	1
38	30	1
38	31	3
38	32	2
38	34	1
38	35	6
38	36	3
38	37	10
39	3	2
39	4	1
39	6	3
39	8	2
39	10	3
39	11	2
39	12	1
39	13	1
39	14	1
39	15	2
39	16	1
39	17	1
39	18	1
39	20	2
39	21	1
39	23	4
39	24	1
39	25	2
39	26	1
39	27	2
39	28	4
39	29	2
39	31	1
39	33	2
39	34	2
39	35	4
39	37	6
39	38	7
40	0	1
40	1	3
40	4	2
40	5	1
40	6	1
40	9	2
40	10	3
40	11	2
40	15	1
40	16	1
40	17	2
40	18	1
40	19	2
40	21	2
40	22	1
40	23	1
40	24	1
40	25	1
40	27	3
40	28	2
40	29	2
40	30	3
40	31	1
40	33	1
40	35	6
40	36	1
40	37	2
40	38	2
40	39	4
41	2	1
41	3	1
41	4	1
41	5	1
41	7	1
41	8	2
41	9	1
41	11	2
41	12	3
41	13	3
41	14	1
41	15	2
41	19	1
41	22	1
41	23	3
41	24	1
41	25	1
41	27	4
41	28	2
41	29	1
41	30	4
41	31	3
41	33	1
41	34	2
41	37	1
41	38	4
41	39	2
41	40	5
42	1	1
42	3	1
42	4	3
42	5	1
42	7	1
42	9	1
42	10	1
42	11	1
42	12	2
42	16	1
42	20	2
42	22	1
42	24	1
42	25	2
42	27	2
42	28	1
42	29	1
42	30	2
42	31	1
42	33	1
42	34	3
42	37	1
42	40	2
42	41	1
43	4	1
43	5	1
43	6	3
43	8	1
43	10	1
43	11	1
43	12	1
43	13	2
43	15	2
43	20	1
43	25	1
43	28	2
43	29	1
43	30	3
43	31	3
43	33	5
43	37	1
43	39	1
43	40	1
43	41	1
43	42	2
44	0	1
44	2	2
44	4	2
44	7	1
44	8	2
44	9	1
44	11	2
44	13	2
44	14	2
44	15	2
44	17	1
44	23	1
44	27	1
44	30	1
44	31	3
44	32	3
44	33	2
44	34	1
44	35	1
44	41	4
44	42	2
44	43	8
45	1	1
45	2	1
45	3	2
45	9	2
45	12	1
45	18	2
45	22	1
45	25	1
45	27	1
45	28	1
45	29	1
45	31	1
45	32	1
45	33	1
45	34	5
45	35	1
45	38	1
45	40	1
45	42	2
45	43	6
45	44	4
46	0	1
46	2	4
46	3	1
46	4	1
46	6	1
46	8	2
46	9	1
46	10	1
46	11	1
46	12	1
46	13	1
46	15	1
46	20	2
46	22	2
46	24	2
46	28	1
46	29	1
46	31	2
46	32	1
46	34	2
46	35	2
46	41	1
46	43	2
46	44	2
46	45	5
47	0	1
47	4	4
47	5	1
47	6	1
47	7	3
47	8	1
47	9	2
47	10	4
47	12	3
47	14	2
47	15	3
47	17	1
47	19	2
47	20	3
47	22	1
47	24	1
47	27	1
47	28	2
47	31	1
47	33	1
47	34	1
47	36	4
47	37	1
47	38	1
47	39	1
47	40	2
47	41	1
47	42	2
47	43	3
47	44	1
47	45	1
48	4	2
48	5	3
48	6	2
48	7	4
48	8	4
48	9	1
48	10	3
48	11	2
48	12	4
48	13	1
48	15	1
48	16	3
48	17	3
48	20	1
48	24	1
48	25	1
48	29	1
48	30	1
48	32	1
48	33	3
48	35	1
48	37	1
48	38	1
48	39	2
48	41	1
48	42	5
48	43	1
48	44	1
48	45	1
48	47	1
49	4	5
49	5	3
49	6	2
49	7	6
49	8	5
49	9	5
49	10	6
49	11	2
49	12	7
49	13	3
49	14	4
49	15	1
49	16	3
49	20	1
49	23	1
49	24	3
49	25	2
49	26	1
49	27	2
49	28	1
49	29	2
49	30	1
49	31	2
49	32	1
49	33	1
49	34	4
49	35	1
49	36	1
49	37	1
49	38	1
49	40	1
49	42	1
49	44	2
49	45	1
49	47	2
49	48	3
50	2	1
50	3	1
50	4	1
50	7	3
50	8	6
50	10	2
50	11	1
50	12	4
50	13	2
50	14	1
50	15	2
50	16	1
50	17	1
50	20	2
50	21	1
50	23	1
50	24	4
50	25	1
50	27	1
50	30	1
50	31	1
50	33	1
50	34	2
50	35	2
50	36	1
50	38	1
50	43	1
50	45	1
50	47	3
50	48	3
50	49	2
51	1	1
51	3	4
51	4	2
51	5	1
51	6	3
51	7	3
51	8	4
51	10	1
51	11	2
51	13	4
51	15	4
51	16	2
51	17	1
51	18	2
51	19	2
51	20	1
51	21	2
51	22	1
51	23	1
51	27	3
51	28	1
51	30	1
51	31	1
51	33	2
51	34	1
51	35	1
51	36	1
51	37	2
51	38	1
51	40	1
51	41	1
51	42	1
51	43	1
51	44	1
51	45	2
51	47	4
51	48	3
51	49	4
51	50	6
52	4	1
52	6	2
52	7	3
52	8	1
52	9	2
52	10	3
52	11	2
52	12	1
52	13	2
52	14	2
52	15	6
52	16	3
52	19	1
52	22	1
52	24	2
52	27	1
52	30	1
52	33	1
52	34	1
52	35	1
52	39	2
52	40	2
52	41	1
52	42	1
52	44	2
52	46	2
52	47	1
52	48	3
52	49	3
52	50	2
52	51	3
53	3	1
53	5	2
53	6	2
53	7	3
53	8	4
53	9	2
53	10	5
53	12	2
53	13	4
53	15	1
53	16	1
53	17	4
53	18	1
53	20	1
53	22	1
53	23	1
53	24	1
53	25	2
53	27	5
53	28	1
53	29	3
53	30	2
53	31	1
53	32	1
53	33	2
53	34	2
53	35	1
53	36	2
53	37	2
53	38	2
53	39	1
53	41	2
53	42	1
53	43	1
53	45	2
53	46	2
53	47	5
53	48	3
53	49	8
53	50	1
53	51	2
54	3	1
54	4	1
54	6	2
54	7	2
54	8	2
54	9	2
54	10	4
54	12	1
54	13	2
54	14	2
54	20	1
54	21	1
54	23	1
54	24	2
54	25	1
54	26	2
54	27	3
54	28	2
54	29	2
54	30	1
54	31	2
54	32	2
54	34	2
54	35	3
54	39	2
54	41	3
54	42	1
54	43	1
54	44	1
54	45	2
54	47	2
54	48	2
54	49	1
54	51	2
54	52	2
54	53	4
55	3	1
55	4	2
55	5	3
55	6	2
55	9	1
55	10	1
55	11	1
55	13	1
55	16	1
55	17	1
55	18	1
55	19	3
55	24	1
55	25	2
55	27	2
55	28	2
55	30	2
55	31	2
55	33	2
55	34	2
55	36	1
55	37	1
55	38	1
55	39	1
55	41	2
55	42	4
55	43	4
55	44	1
55	46	1
55	47	2
55	48	1
55	49	3
55	50	1
55	51	1
55	52	4
55	53	5
55	54	5
56	0	1
56	1	2
56	3	1
56	4	1
56	5	3
56	6	4
56	7	4
56	8	2
56	9	1
56	11	1
56	12	4
56	13	2
56	14	1
56	15	1
56	16	1
56	17	1
56	20	2
56	21	1
56	22	1
56	23	1
56	25	2
56	27	1
56	28	3
56	29	3
56	30	3
56	32	1
56	37	1
56	38	1
56	39	1
56	40	2
56	41	1
56	42	1
56	44	2
56	45	2
56	48	4
56	49	2
56	50	1
56	51	2
56	52	3
56	53	2
56	54	4
56	55	6
57	2	2
57	3	1
57	4	2
57	5	8
57	6	5
57	7	3
57	8	3
57	11	2
57	17	2
57	18	1
57	19	1
57	20	3
57	21	4
57	23	1
57	24	2
57	26	2
57	28	1
57	30	1
57	31	1
57	32	1
57	33	3
57	36	2
57	38	1
57	39	3
57	41	1
57	42	1
57	43	2
57	45	1
57	46	1
57	48	1
57	49	2
57	50	1
57	51	1
57	52	2
57	53	1
57	54	2
57	55	6
57	56	4
58	3	1
58	5	2
58	6	1
58	7	2
58	8	6
58	9	1
58	10	3
58	11	1
58	12	3
58	13	3
58	18	1
58	19	1
58	21	3
58	23	2
58	24	1
58	25	1
58	27	3
58	28	1
58	30	1
58	31	1
58	32	1
58	33	2
58	35	2
58	37	1
58	38	4
58	39	2
58	40	1
58	41	2
58	42	2
58	43	1
58	45	1
58	46	1
58	47	1
58	48	1
58	49	4
58	50	1
58	51	1
58	52	2
58	54	5
58	55	6
58	56	2
58	57	3
59	3	1
59	4	1
59	5	1
59	8	2
59	10	1
59	14	3
59	15	2
59	16	2
59	17	2
59	18	1
59	19	2
59	22	1
59	25	1
59	27	2
59	29	1
59	30	1
59	31	1
59	33	2
59	34	1
59	35	1
59	36	1
59	38	1
59	41	1
59	43	1
59	44	1
59	46	2
59	49	1
59	52	1
59	54	1
59	55	3
59	56	1
59	57	1
59	58	1
60	0	1
60	1	1
60	2	2
60	4	1
60	5	2
60	8	3
60	9	2
60	11	2
60	12	1
60	13	2
60	16	1
60	17	1
60	28	2
60	30	2
60	31	1
60	32	1
60	33	3
60	36	1
60	38	2
60	39	1
60	43	2
60	44	3
60	45	2
60	46	3
60	47	1
60	48	2
60	51	1
60	54	4
60	55	2
60	59	1
