1	0	9
2	0	2
2	1	3
4	3	5
5	1	1
5	3	2
5	4	5
6	3	2
6	4	1
7	0	1
7	4	2
7	5	2
7	6	5
8	3	2
8	4	3
8	6	9
8	7	8
9	2	1
9	5	1
9	6	1
9	7	4
9	8	3
10	1	1
10	3	3
10	4	2
10	5	2
10	6	2
10	7	1
10	8	6
10	9	7
11	3	1
11	5	1
11	7	1
11	8	1
11	9	4
11	10	2
12	4	2
12	5	2
12	6	3
12	7	3
12	8	4
12	9	7
12	10	5
12	11	4
13	4	2
13	5	1
13	6	2
13	7	2
13	8	2
13	9	2
13	10	7
13	11	1
13	12	3
14	3	2
14	4	2
14	5	2
14	6	1
14	7	1
14	8	3
14	10	1
14	11	2
14	13	5
15	4	1
15	5	1
15	6	1
15	7	1
15	8	3
15	9	1
15	12	1
15	13	6
15	14	8
16	0	1
16	1	1
16	4	1
16	6	1
16	7	3
16	8	3
16	9	1
16	10	4
16	11	1
16	12	1
16	13	3
16	14	3
16	15	8
17	5	2
17	6	1
17	8	2
17	9	1
17	11	1
17	12	3
17	15	2
17	16	1
18	3	4
18	4	3
18	6	1
18	7	1
18	8	1
18	9	1
18	11	1
18	12	2
18	13	3
18	14	3
18	15	1
18	16	1
18	17	5
19	2	1
19	3	1
19	5	1
19	6	1
19	7	1
19	9	2
19	10	1
19	11	2
19	12	2
19	13	1
19	14	3
19	16	1
19	17	5
19	18	8
20	3	2
20	6	2
20	7	2
20	9	1
20	10	3
20	11	1
20	13	1
20	14	6
20	15	1
20	16	2
20	17	4
20	18	3
20	19	1
21	3	1
21	5	2
21	6	2
21	9	1
21	10	2
21	11	1
21	12	1
21	13	1
21	15	5
21	16	3
21	17	4
21	18	2
21	20	9
22	4	1
22	6	3
22	8	1
22	9	1
22	10	1
22	12	2
22	13	3
22	14	2
22	15	2
22	16	2
22	17	5
22	18	3
22	19	2
22	20	1
22	21	1
23	4	2
23	5	1
23	6	2
23	8	2
23	9	2
23	11	4
23	13	1
23	14	2
23	17	1
23	18	1
23	21	3
23	22	2
24	0	1
24	3	1
24	4	1
24	5	1
24	6	4
24	8	2
24	9	1
24	10	3
24	11	4
24	12	3
24	13	4
24	15	1
24	16	2
24	17	3
24	19	6
24	20	2
24	21	3
24	22	4
24	23	7
25	0	1
25	4	4
25	7	3
25	8	3
25	9	2
25	11	1
25	13	3
25	14	5
25	15	3
25	16	2
25	17	2
25	18	2
25	21	1
25	22	4
25	23	3
25	24	3
26	5	2
26	8	1
26	10	1
26	11	2
26	13	6
26	14	1
26	15	2
26	18	1
26	19	1
26	20	1
26	22	1
26	25	4
27	3	1
27	4	1
27	5	3
27	7	1
27	8	4
27	9	3
27	10	1
27	11	7
27	12	5
27	13	1
27	14	2
27	16	1
27	18	1
27	19	3
27	20	1
27	21	2
27	22	2
27	23	1
27	24	5
27	25	2
27	26	2
28	4	3
28	5	1
28	8	1
28	9	1
28	10	3
28	11	4
28	12	3
28	13	2
28	14	1
28	15	1
28	16	1
28	17	2
28	18	1
28	19	1
28	20	1
28	21	1
28	23	1
28	24	1
28	25	2
28	26	2
28	27	5
29	0	1
29	3	1
29	5	2
29	6	3
29	7	2
29	8	2
29	9	2
29	10	2
29	12	1
29	14	1
29	15	2
29	17	1
29	19	2
29	22	1
29	24	2
29	25	3
29	26	1
29	28	8
30	1	3
30	2	2
30	3	1
30	4	2
30	5	2
30	7	2
30	8	1
30	9	1
30	10	1
30	13	1
30	15	1
30	16	1
30	17	1
30	24	3
30	25	1
30	28	1
30	29	4
31	1	2
31	2	1
31	4	1
31	8	1
31	10	3
31	12	3
31	13	2
31	19	1
31	22	1
31	24	1
31	27	1
31	28	2
31	29	1
31	30	3
32	5	2
32	6	1
32	10	1
32	11	2
32	12	1
32	14	1
32	15	1
32	16	1
32	18	2
32	22	2
32	24	1
32	27	2
32	28	1
32	29	1
32	30	1
33	2	1
33	5	2
33	6	1
33	8	1
33	10	2
33	11	4
33	13	2
33	16	1
33	17	1
33	22	1
33	26	1
33	28	1
33	30	1
33	31	4
33	32	1
34	0	1
34	1	1
34	4	1
34	5	1
34	6	1
34	7	1
34	9	1
34	10	1
34	11	2
34	12	1
34	15	2
34	17	1
34	23	1
34	24	1
34	25	1
34	28	2
34	29	3
34	30	1
34	31	5
34	32	1
34	33	7
35	1	1
35	3	2
35	4	1
35	7	3
35	9	3
35	10	2
35	11	1
35	13	2
35	14	2
35	15	1
35	16	1
35	17	1
35	18	3
35	19	2
35	21	1
35	22	1
35	23	4
35	25	6
35	26	1
35	27	5
35	28	4
35	29	1
35	31	5
35	32	1
36	4	1
36	8	1
36	9	3
36	10	3
36	11	5
36	12	1
36	13	3
36	14	1
36	16	2
36	17	2
36	18	1
36	20	1
36	21	1
36	23	1
36	24	1
36	25	2
36	26	2
36	27	3
36	28	2
36	29	1
36	30	2
36	35	2
37	4	2
37	6	1
37	7	2
37	8	1
37	9	2
37	10	4
37	11	4
37	12	2
37	13	2
37	18	1
37	19	1
37	20	2
37	22	3
37	23	1
37	24	3
37	25	3
37	26	1
37	27	7
37	28	4
37	29	3
37	30	1
37	31	1
37	33	1
37	34	1
37	35	9
37	36	2
38	4	3
38	6	2
38	7	2
38	8	3
38	9	2
38	10	4
38	11	2
38	12	1
38	13	1
38	14	1
38	17	1
38	18	1
38	23	2
38	25	3
38	26	3
38	27	6
38	28	1
38	29	5
38	30	2
38	31	4
38	32	1
38	33	1
38	34	1
38	35	13
38	36	4
38	37	8
39	3	1
39	5	2
39	7	1
39	12	4
39	13	1
39	14	2
39	17	2
39	21	3
39	22	1
39	23	1
39	24	1
39	25	4
39	27	2
39	28	3
39	32	1
39	33	1
39	34	1
39	35	8
39	36	1
39	37	4
39	38	3
40	0	1
40	4	1
40	5	3
40	8	1
40	9	3
40	10	1
40	11	1
40	12	1
40	13	1
40	21	1
40	23	3
40	24	1
40	25	4
40	26	1
40	27	5
40	28	2
40	29	6
40	30	4
40	32	1
40	34	1
40	35	1
40	36	2
40	37	1
40	38	4
40	39	5
41	1	1
41	3	2
41	7	2
41	8	2
41	9	1
41	10	2
41	11	2
41	12	2
41	13	1
41	14	1
41	16	1
41	18	1
41	20	1
41	21	3
41	22	1
41	24	1
41	25	1
41	27	2
41	28	4
41	29	1
41	30	4
41	31	1
41	32	1
41	33	2
41	35	2
41	36	1
41	37	2
41	38	4
41	39	3
41	40	2
42	4	1
42	5	2
42	6	1
42	7	1
42	9	2
42	10	1
42	11	1
42	12	2
42	14	1
42	16	4
42	17	1
42	18	1
42	20	1
42	21	2
42	22	1
42	25	1
42	27	3
42	28	2
42	29	1
42	30	6
42	31	1
42	33	4
42	34	1
42	35	2
42	36	2
42	37	2
42	38	1
42	39	2
42	40	5
43	1	2
43	2	2
43	4	1
43	5	4
43	8	4
43	10	1
43	11	1
43	12	1
43	13	1
43	14	1
43	15	1
43	17	2
43	18	2
43	24	1
43	27	1
43	29	1
43	30	2
43	31	3
43	32	2
43	33	2
43	34	3
43	38	2
43	39	1
43	40	1
43	41	4
43	42	1
44	1	1
44	6	1
44	8	1
44	10	2
44	12	1
44	15	1
44	16	3
44	19	1
44	23	1
44	24	2
44	28	1
44	30	2
44	32	1
44	33	3
44	34	5
44	35	2
44	42	2
44	43	7
45	1	1
45	8	1
45	9	1
45	10	1
45	12	1
45	13	1
45	16	2
45	17	1
45	30	1
45	31	2
45	32	2
45	33	2
45	34	1
45	41	1
45	42	2
45	43	5
45	44	7
46	0	2
46	1	2
46	2	2
46	4	2
46	8	1
46	9	1
46	11	1
46	13	1
46	20	1
46	22	1
46	27	1
46	28	2
46	30	2
46	31	1
46	32	2
46	34	1
46	35	2
46	36	1
46	38	1
46	40	1
46	41	2
46	42	2
46	43	2
46	44	1
46	45	5
47	0	5
47	2	1
47	3	2
47	5	1
47	6	2
47	7	1
47	8	2
47	9	1
47	10	1
47	11	3
47	12	2
47	13	2
47	14	2
47	17	1
47	19	2
47	23	1
47	24	2
47	27	3
47	30	2
47	31	2
47	32	1
47	33	2
47	35	2
47	37	1
47	39	2
47	40	2
47	41	1
47	42	2
47	43	1
47	44	2
47	45	1
47	46	2
48	3	1
48	4	1
48	5	2
48	6	1
48	7	3
48	8	4
48	9	1
48	10	5
48	11	1
48	12	1
48	13	1
48	15	4
48	21	2
48	24	1
48	25	1
48	27	2
48	28	1
48	29	3
48	30	2
48	31	3
48	32	1
48	37	1
48	39	1
48	42	3
48	43	1
48	44	1
48	45	1
48	47	4
49	5	1
49	6	8
49	7	6
49	8	11
49	9	8
49	10	5
49	11	5
49	12	1
49	13	5
49	14	4
49	15	3
49	16	3
49	17	1
49	18	2
49	20	2
49	21	2
49	22	1
49	23	1
49	24	1
49	25	2
49	27	3
49	28	2
49	30	1
49	33	2
49	34	1
49	37	2
49	38	3
49	40	3
49	41	2
49	43	2
49	45	1
49	46	2
49	47	5
49	48	3
50	2	3
50	3	1
50	5	2
50	6	3
50	7	2
50	8	3
50	9	1
50	10	2
50	11	3
50	12	1
50	13	3
50	14	2
50	15	2
50	16	5
50	18	1
50	20	2
50	23	2
50	25	2
50	27	1
50	28	1
50	30	2
50	31	2
50	33	1
50	36	1
50	39	1
50	44	1
50	45	1
50	46	2
50	47	2
50	48	1
50	49	3
51	1	1
51	3	1
51	4	1
51	5	1
51	6	3
51	7	4
51	8	3
51	10	2
51	11	5
51	12	3
51	13	3
51	14	2
51	15	3
51	16	6
51	17	2
51	18	2
51	19	1
51	20	1
51	21	1
51	24	3
51	29	1
51	31	2
51	34	2
51	35	2
51	36	1
51	37	2
51	38	2
51	40	1
51	41	2
51	43	1
51	46	1
51	47	4
51	48	1
51	49	3
51	50	2
52	2	1
52	4	1
52	5	2
52	6	2
52	7	4
52	8	4
52	11	1
52	12	1
52	13	3
52	14	5
52	15	5
52	16	1
52	18	1
52	19	1
52	20	1
52	22	2
52	25	1
52	28	2
52	29	1
52	31	2
52	32	1
52	33	3
52	38	1
52	42	3
52	44	1
52	45	1
52	46	1
52	47	5
52	48	4
52	49	1
52	50	2
52	51	8
53	3	1
53	4	1
53	5	1
53	6	1
53	7	1
53	8	5
53	9	3
53	10	1
53	12	1
53	13	2
53	16	1
53	17	1
53	18	1
53	22	2
53	23	1
53	24	5
53	25	3
53	26	1
53	28	3
53	29	2
53	30	1
53	34	1
53	35	1
53	36	2
53	37	3
53	38	2
53	40	1
53	41	4
53	42	2
53	43	3
53	44	1
53	46	1
53	47	4
53	48	1
53	49	5
53	50	1
53	51	1
53	52	1
54	3	1
54	4	1
54	5	1
54	6	4
54	7	2
54	8	2
54	9	2
54	10	2
54	12	1
54	13	2
54	14	3
54	16	2
54	17	1
54	19	1
54	20	1
54	21	1
54	22	2
54	23	1
54	24	2
54	25	2
54	26	1
54	27	3
54	28	1
54	29	1
54	30	2
54	31	2
54	34	1
54	35	1
54	37	2
54	38	1
54	40	2
54	41	3
54	42	1
54	43	1
54	44	2
54	45	2
54	47	2
54	48	3
54	49	4
54	50	2
54	51	1
54	52	1
54	53	7
55	3	2
55	4	1
55	5	6
55	6	5
55	8	4
55	9	1
55	10	2
55	12	4
55	13	3
55	14	1
55	15	2
55	18	1
55	19	1
55	20	2
55	24	6
55	26	1
55	27	1
55	28	2
55	30	1
55	31	2
55	33	1
55	38	1
55	39	3
55	40	1
55	41	3
55	42	3
55	43	2
55	44	1
55	46	2
55	47	3
55	48	1
55	49	6
55	50	1
55	51	3
55	52	1
55	53	4
55	54	6
56	0	1
56	1	1
56	4	2
56	5	1
56	6	1
56	7	2
56	8	1
56	9	1
56	10	3
56	11	1
56	12	4
56	13	1
56	14	1
56	15	1
56	17	1
56	18	2
56	20	1
56	21	2
56	24	2
56	28	1
56	29	1
56	30	2
56	31	1
56	32	2
56	33	2
56	34	1
56	38	1
56	39	1
56	40	2
56	41	2
56	44	1
56	45	1
56	48	2
56	49	4
56	50	2
56	51	3
56	52	2
56	54	2
56	55	7
57	2	2
57	3	2
57	4	1
57	5	1
57	6	3
57	7	1
57	8	2
57	9	1
57	10	2
57	11	2
57	12	2
57	13	1
57	14	4
57	16	2
57	17	1
57	18	2
57	20	1
57	21	2
57	22	1
57	25	1
57	26	2
57	27	2
57	28	5
57	30	1
57	31	1
57	33	1
57	34	1
57	35	1
57	36	1
57	38	4
57	39	1
57	40	1
57	41	1
57	43	2
57	44	2
57	46	1
57	48	1
57	49	3
57	50	2
57	51	4
57	52	2
57	53	2
57	54	3
57	55	5
57	56	2
58	3	1
58	4	2
58	5	3
58	7	1
58	8	5
58	10	1
58	11	1
58	12	1
58	13	1
58	15	1
58	16	1
58	17	1
58	18	3
58	20	3
58	21	2
58	22	3
58	24	1
58	26	1
58	27	2
58	28	1
58	29	1
58	30	1
58	31	2
58	33	3
58	34	1
58	37	1
58	41	1
58	46	1
58	47	1
58	48	1
58	49	4
58	50	1
58	52	2
58	53	2
58	54	2
58	55	4
58	56	1
58	57	5
59	3	1
59	5	1
59	7	2
59	8	1
59	9	1
59	10	1
59	12	1
59	13	3
59	14	3
59	18	1
59	24	1
59	25	1
59	26	2
59	27	2
59	31	2
59	33	1
59	35	2
59	43	1
59	44	1
59	47	1
59	49	2
59	50	1
59	51	1
59	55	1
59	58	2
60	0	1
60	1	2
60	2	1
60	7	2
60	9	2
60	10	2
60	11	1
60	12	1
60	15	1
60	16	1
60	17	1
60	21	1
60	22	1
60	31	1
60	32	2
60	33	2
60	34	2
60	38	4
60	40	1
60	41	2
60	42	2
60	43	1
60	44	3
60	45	3
60	46	3
60	47	1
60	48	1
60	49	3
60	51	2
60	53	2
60	54	1
60	55	4
60	57	2
60	58	1
60	59	1
