1	0	5
2	1	4
3	2	1
4	1	2
4	3	2
5	0	2
5	1	1
5	3	2
5	4	8
6	3	1
6	4	3
6	5	3
7	3	1
7	5	2
7	6	2
8	6	3
8	7	1
9	2	1
9	3	2
9	4	3
9	6	7
9	7	3
9	8	5
10	0	1
10	2	2
10	4	2
10	5	1
10	6	1
10	7	2
10	8	6
10	9	4
11	3	1
11	5	1
11	7	1
11	8	1
11	9	5
11	10	5
12	4	2
12	6	3
12	7	2
12	8	2
12	9	1
12	10	7
12	11	7
13	2	1
13	4	2
13	5	1
13	6	2
13	7	3
13	8	4
13	9	1
13	10	4
13	11	3
13	12	3
14	3	1
14	5	1
14	7	3
14	8	2
14	9	1
14	10	2
14	11	3
14	12	3
14	13	3
15	1	2
15	3	1
15	4	4
15	5	1
15	7	3
15	9	3
15	10	6
15	12	2
15	13	2
15	14	13
16	1	1
16	5	2
16	6	2
16	7	5
16	8	1
16	9	4
16	10	1
16	13	5
16	14	4
16	15	1
17	1	1
17	3	1
17	4	1
17	5	1
17	6	1
17	8	2
17	12	2
17	14	1
17	16	1
18	2	1
18	3	5
18	4	2
18	5	2
18	6	1
18	7	1
18	8	2
18	10	1
18	12	1
18	13	1
18	14	1
18	16	1
18	17	4
19	1	2
19	2	1
19	3	2
19	4	2
19	5	4
19	7	3
19	8	1
19	9	2
19	10	2
19	12	2
19	14	2
19	15	3
19	16	1
19	17	2
19	18	3
20	4	1
20	5	1
20	6	1
20	7	2
20	8	1
20	9	1
20	10	2
20	11	2
20	12	2
20	14	2
20	15	2
20	17	1
20	18	3
20	19	2
21	1	1
21	2	2
21	3	2
21	4	2
21	5	1
21	6	3
21	7	3
21	9	1
21	10	2
21	11	1
21	12	1
21	13	2
21	14	2
21	15	7
21	16	1
21	17	2
21	19	4
21	20	3
22	2	1
22	3	2
22	7	1
22	9	3
22	10	1
22	13	3
22	15	4
22	16	1
22	17	2
22	19	3
22	21	3
23	1	1
23	4	1
23	5	2
23	6	1
23	7	1
23	8	3
23	9	1
23	10	2
23	12	1
23	13	1
23	16	1
23	17	1
23	18	3
23	19	1
23	20	1
23	21	1
23	22	3
24	3	1
24	4	1
24	5	1
24	6	1
24	7	3
24	8	3
24	9	2
24	11	4
24	12	2
24	13	3
24	15	1
24	16	1
24	17	5
24	18	2
24	19	4
24	20	1
24	21	1
24	22	3
24	23	3
25	1	1
25	2	1
25	3	1
25	4	1
25	6	2
25	7	1
25	9	1
25	10	7
25	12	2
25	13	1
25	14	2
25	15	1
25	18	2
25	19	1
25	21	3
25	22	3
25	23	4
25	24	5
26	3	1
26	4	2
26	5	1
26	10	2
26	11	1
26	12	2
26	14	1
26	17	1
26	21	1
26	22	4
26	23	1
26	24	2
26	25	3
27	3	2
27	5	4
27	7	2
27	8	1
27	9	1
27	10	1
27	11	2
27	12	1
27	13	4
27	14	1
27	18	1
27	19	2
27	20	2
27	21	1
27	23	1
27	24	2
27	25	2
27	26	1
28	3	1
28	4	3
28	5	2
28	6	3
28	7	1
28	8	2
28	9	2
28	10	2
28	11	3
28	12	1
28	14	2
28	15	2
28	17	1
28	18	2
28	20	1
28	21	1
28	22	1
28	23	1
28	24	2
28	25	3
28	26	1
28	27	6
29	0	1
29	5	1
29	6	1
29	7	1
29	8	1
29	9	1
29	10	1
29	12	1
29	13	2
29	14	1
29	17	1
29	21	3
29	23	2
29	27	3
29	28	4
30	1	2
30	2	1
30	4	2
30	7	3
30	9	2
30	10	3
30	13	1
30	18	1
30	19	2
30	21	1
30	23	1
30	24	1
30	28	1
31	1	2
31	2	2
31	5	2
31	6	1
31	7	1
31	8	3
31	9	1
31	10	1
31	16	1
31	27	2
31	28	1
31	29	2
31	30	8
32	8	2
32	11	1
32	12	1
32	15	1
32	17	1
32	19	1
32	21	2
32	25	2
32	28	1
32	30	4
32	31	1
33	4	1
33	7	2
33	9	3
33	10	2
33	11	1
33	12	1
33	13	1
33	17	1
33	25	1
33	29	2
33	30	2
33	31	3
33	32	4
34	2	1
34	4	1
34	7	2
34	8	1
34	9	1
34	10	1
34	12	1
34	13	2
34	15	2
34	16	1
34	22	1
34	23	1
34	24	1
34	25	1
34	28	1
34	29	2
34	30	1
34	31	4
34	32	1
34	33	8
35	1	1
35	4	2
35	5	1
35	6	1
35	8	4
35	9	3
35	10	3
35	11	1
35	12	3
35	13	1
35	14	1
35	16	3
35	17	3
35	19	3
35	21	2
35	22	1
35	23	2
35	24	1
35	25	5
35	26	1
35	27	1
35	28	4
35	29	2
35	30	1
35	31	1
35	32	2
35	33	1
35	34	1
36	3	2
36	4	2
36	5	2
36	6	3
36	7	2
36	8	4
36	9	4
36	10	10
36	11	3
36	12	5
36	13	3
36	14	2
36	15	4
36	18	1
36	20	4
36	21	1
36	22	2
36	24	3
36	26	1
36	27	3
36	28	1
36	29	1
36	30	3
36	32	2
36	33	1
36	35	4
37	3	1
37	5	3
37	7	2
37	8	1
37	9	4
37	10	4
37	11	3
37	12	1
37	13	2
37	16	3
37	17	1
37	18	1
37	20	1
37	22	1
37	23	1
37	25	5
37	26	3
37	27	3
37	29	1
37	30	1
37	33	1
37	34	1
37	35	12
37	36	4
38	3	2
38	4	1
38	5	3
38	6	3
38	8	2
38	9	1
38	10	1
38	11	1
38	12	5
38	14	3
38	15	1
38	17	1
38	19	2
38	20	2
38	21	2
38	22	2
38	23	2
38	25	3
38	26	2
38	27	3
38	28	6
38	30	3
38	31	2
38	32	1
38	33	1
38	34	2
38	35	1
38	37	8
39	3	1
39	4	1
39	5	1
39	6	2
39	9	2
39	10	2
39	11	1
39	12	1
39	14	3
39	15	1
39	16	1
39	17	1
39	18	2
39	19	1
39	22	3
39	25	4
39	26	1
39	27	1
39	28	1
39	29	1
39	30	1
39	32	2
39	33	1
39	35	3
39	36	1
39	37	4
39	38	3
40	0	1
40	1	2
40	3	2
40	4	2
40	5	1
40	6	3
40	8	3
40	9	1
40	10	3
40	11	2
40	12	1
40	13	1
40	16	1
40	20	1
40	21	1
40	23	2
40	24	1
40	26	2
40	27	7
40	28	4
40	29	5
40	30	1
40	31	2
40	34	1
40	35	2
40	37	4
40	38	3
41	2	2
41	4	1
41	5	3
41	6	2
41	7	1
41	8	2
41	9	5
41	10	2
41	11	2
41	12	2
41	13	3
41	14	1
41	15	2
41	16	2
41	18	1
41	20	2
41	21	1
41	24	5
41	25	2
41	27	1
41	28	3
41	29	4
41	30	2
41	31	7
41	32	1
41	33	1
41	34	2
41	35	3
41	37	2
41	38	2
41	40	3
42	4	1
42	6	1
42	7	1
42	8	1
42	9	4
42	10	1
42	11	1
42	16	1
42	18	1
42	24	3
42	25	2
42	27	1
42	30	3
42	31	2
42	33	4
42	34	1
42	35	1
42	37	1
42	39	1
42	40	3
43	4	1
43	5	1
43	6	1
43	7	1
43	8	1
43	9	1
43	10	1
43	12	1
43	14	1
43	16	2
43	17	1
43	18	1
43	20	1
43	25	1
43	27	1
43	29	1
43	30	2
43	31	1
43	32	4
43	33	4
43	34	2
43	35	1
43	38	2
43	39	1
43	40	1
43	42	1
44	1	1
44	2	1
44	4	1
44	6	2
44	7	1
44	8	1
44	10	2
44	11	1
44	13	1
44	16	1
44	23	1
44	24	1
44	27	2
44	28	2
44	30	2
44	31	1
44	33	2
44	34	1
44	38	3
44	41	3
44	42	2
44	43	11
45	1	1
45	7	1
45	9	2
45	12	1
45	13	2
45	14	1
45	15	1
45	16	2
45	25	1
45	27	1
45	28	2
45	30	2
45	31	4
45	32	4
45	33	1
45	34	1
45	35	3
45	38	2
45	40	2
45	43	8
45	44	5
46	0	1
46	1	2
46	2	1
46	5	1
46	8	1
46	10	3
46	13	2
46	18	1
46	23	1
46	30	1
46	31	1
46	32	2
46	33	1
46	34	1
46	35	1
46	38	2
46	41	1
46	43	3
46	44	2
46	45	5
47	0	1
47	2	1
47	3	1
47	4	2
47	5	1
47	6	3
47	7	1
47	8	1
47	9	2
47	10	3
47	11	2
47	12	2
47	13	2
47	14	1
47	15	2
47	16	4
47	17	2
47	20	1
47	21	1
47	22	1
47	24	1
47	27	2
47	29	3
47	30	4
47	31	1
47	33	4
47	34	1
47	36	1
47	38	1
47	39	1
47	40	1
47	41	4
47	42	3
47	44	1
47	45	1
48	5	1
48	6	1
48	7	4
48	8	3
48	9	1
48	10	2
48	11	2
48	12	3
48	13	6
48	14	1
48	16	2
48	19	1
48	21	1
48	24	1
48	25	1
48	26	2
48	27	1
48	28	1
48	29	2
48	30	2
48	31	1
48	32	1
48	33	1
48	35	1
48	36	2
48	39	2
48	40	4
48	41	2
48	42	2
48	43	1
48	44	1
48	45	1
48	46	1
48	47	5
49	3	1
49	5	1
49	6	1
49	7	2
49	8	10
49	9	7
49	10	3
49	11	4
49	12	11
49	13	2
49	14	4
49	15	1
49	16	3
49	18	1
49	19	1
49	20	2
49	21	1
49	22	2
49	24	3
49	25	3
49	26	1
49	27	5
49	29	1
49	30	2
49	33	1
49	34	2
49	35	1
49	36	1
49	37	2
49	38	1
49	40	1
49	41	3
49	42	3
49	43	2
49	45	1
49	46	2
49	47	3
49	48	5
50	2	1
50	4	1
50	5	1
50	6	1
50	7	2
50	8	5
50	9	1
50	10	1
50	11	1
50	12	2
50	13	4
50	14	1
50	16	1
50	17	1
50	18	2
50	19	3
50	20	2
50	21	3
50	25	1
50	28	1
50	29	2
50	30	3
50	31	1
50	34	1
50	35	1
50	37	1
50	38	1
50	41	2
50	42	1
50	44	1
50	45	1
50	46	1
50	48	6
50	49	3
51	5	1
51	6	1
51	7	2
51	8	2
51	9	1
51	10	3
51	12	3
51	13	1
51	14	3
51	15	3
51	16	5
51	18	2
51	20	2
51	24	1
51	25	4
51	27	1
51	28	1
51	29	1
51	30	1
51	31	1
51	32	2
51	33	2
51	34	1
51	35	3
51	36	1
51	39	1
51	41	1
51	43	1
51	44	1
51	45	1
51	47	4
51	48	1
51	49	3
51	50	4
52	3	1
52	4	1
52	5	4
52	7	2
52	8	4
52	9	5
52	10	3
52	11	1
52	12	1
52	14	1
52	15	1
52	16	5
52	19	1
52	20	1
52	21	2
52	23	1
52	24	4
52	25	1
52	28	1
52	30	1
52	31	1
52	33	2
52	34	1
52	38	1
52	41	1
52	42	2
52	43	1
52	45	1
52	46	3
52	47	4
52	48	1
52	49	3
52	50	4
52	51	10
53	4	2
53	5	1
53	6	4
53	7	4
53	8	4
53	9	2
53	10	1
53	11	2
53	12	2
53	15	2
53	16	1
53	17	2
53	18	1
53	21	1
53	23	1
53	24	3
53	25	1
53	26	2
53	27	4
53	28	2
53	30	2
53	31	2
53	32	1
53	33	3
53	34	2
53	35	1
53	37	2
53	38	3
53	40	4
53	42	3
53	43	1
53	45	1
53	47	1
53	48	3
53	50	4
53	51	3
53	52	2
54	0	3
54	3	1
54	4	1
54	6	2
54	7	5
54	8	3
54	10	3
54	11	1
54	12	1
54	13	1
54	18	1
54	22	1
54	24	1
54	25	2
54	26	2
54	27	2
54	28	2
54	30	2
54	31	1
54	33	2
54	34	1
54	35	1
54	36	1
54	37	1
54	38	2
54	39	2
54	41	1
54	42	4
54	44	2
54	45	2
54	46	1
54	47	4
54	48	2
54	49	3
54	50	5
54	53	2
55	2	1
55	3	2
55	4	1
55	5	5
55	6	1
55	7	1
55	8	4
55	9	3
55	10	1
55	12	2
55	13	3
55	17	3
55	20	1
55	21	1
55	22	1
55	23	1
55	24	1
55	27	5
55	28	3
55	30	1
55	31	2
55	32	3
55	33	2
55	34	2
55	35	1
55	36	1
55	37	1
55	38	3
55	39	1
55	40	1
55	41	4
55	43	1
55	44	1
55	46	1
55	47	3
55	48	1
55	49	2
55	50	2
55	51	3
55	52	2
55	53	5
55	54	7
56	0	2
56	3	3
56	4	3
56	5	2
56	6	4
56	7	3
56	8	4
56	11	4
56	13	3
56	14	1
56	15	2
56	16	1
56	18	1
56	19	3
56	20	1
56	22	1
56	23	1
56	24	2
56	26	1
56	27	2
56	29	1
56	30	1
56	31	2
56	32	1
56	33	1
56	36	1
56	37	1
56	39	2
56	41	2
56	43	1
56	44	1
56	47	1
56	48	2
56	49	3
56	51	1
56	52	1
56	54	3
56	55	6
57	4	4
57	6	1
57	7	2
57	8	3
57	9	3
57	10	3
57	11	5
57	12	3
57	13	1
57	15	3
57	16	3
57	17	3
57	18	1
57	19	2
57	21	1
57	22	1
57	24	3
57	25	3
57	26	1
57	27	1
57	28	3
57	30	2
57	31	1
57	36	1
57	37	1
57	38	2
57	40	1
57	42	2
57	44	1
57	45	1
57	46	1
57	47	3
57	48	3
57	49	4
57	50	1
57	51	2
57	52	3
57	54	1
57	55	6
57	56	4
58	1	1
58	3	1
58	4	1
58	5	1
58	6	4
58	8	1
58	9	3
58	11	2
58	13	1
58	15	1
58	17	2
58	19	2
58	21	1
58	22	1
58	23	1
58	27	1
58	28	1
58	29	1
58	31	3
58	33	1
58	34	2
58	35	1
58	36	2
58	38	1
58	39	2
58	40	1
58	41	1
58	43	1
58	44	2
58	45	2
58	46	1
58	47	1
58	48	1
58	49	3
58	50	3
58	51	1
58	52	1
58	53	4
58	54	1
58	55	1
58	56	3
58	57	6
59	0	2
59	3	1
59	4	3
59	5	2
59	8	2
59	9	2
59	12	2
59	13	2
59	14	2
59	15	1
59	17	2
59	19	1
59	22	1
59	23	2
59	24	1
59	25	1
59	26	1
59	33	2
59	34	1
59	38	3
59	40	2
59	41	3
59	43	1
59	44	1
59	45	2
59	46	2
59	49	1
59	51	1
59	53	1
59	55	2
59	57	7
59	58	2
60	1	1
60	2	3
60	4	1
60	7	3
60	8	1
60	9	2
60	11	1
60	13	1
60	15	1
60	16	1
60	20	1
60	21	1
60	25	1
60	27	1
60	28	2
60	30	2
60	32	4
60	33	3
60	35	1
60	40	1
60	41	3
60	42	1
60	43	2
60	44	1
60	45	1
60	46	2
60	47	1
60	49	1
60	51	1
60	52	1
60	53	1
60	54	4
60	55	1
60	56	1
60	58	1
