1	0	6
2	0	1
2	1	6
4	3	6
5	3	1
5	4	2
6	3	1
6	4	1
6	5	2
7	1	1
7	4	1
7	5	2
7	6	3
8	3	1
8	5	3
8	6	6
8	7	8
9	4	1
9	5	1
9	6	1
9	7	3
9	8	3
10	3	1
10	6	3
10	7	1
10	8	2
10	9	3
11	1	1
11	3	2
11	4	1
11	7	1
11	8	1
11	9	6
11	10	4
12	7	3
12	8	1
12	9	6
12	10	8
12	11	5
13	5	1
13	7	1
13	8	2
13	9	4
13	10	3
13	12	2
14	3	3
14	6	1
14	7	1
14	9	2
14	10	3
14	12	4
14	13	5
15	1	1
15	4	3
15	5	1
15	7	2
15	8	3
15	10	3
15	11	2
15	12	2
15	13	4
15	14	3
16	0	1
16	1	1
16	4	2
16	5	1
16	7	2
16	8	3
16	9	4
16	10	4
16	11	2
16	13	8
16	14	4
16	15	6
17	2	1
17	3	1
17	5	3
17	6	3
17	7	1
17	8	1
17	9	1
17	13	1
17	14	2
17	16	5
18	3	1
18	4	5
18	5	1
18	9	1
18	10	1
18	11	1
18	12	1
18	13	3
18	14	1
18	15	1
19	2	2
19	3	2
19	5	1
19	7	3
19	8	2
19	10	1
19	12	3
19	13	3
19	14	2
19	15	1
19	16	2
19	17	3
19	18	9
20	3	1
20	4	1
20	5	3
20	7	1
20	10	1
20	11	1
20	12	2
20	13	1
20	14	1
20	15	2
20	16	1
20	17	1
20	18	1
20	19	1
21	0	1
21	5	2
21	7	2
21	8	2
21	9	2
21	10	6
21	11	1
21	12	2
21	13	3
21	14	5
21	16	2
21	17	4
21	18	2
21	19	2
21	20	4
22	2	1
22	3	1
22	4	1
22	6	3
22	8	4
22	10	1
22	15	2
22	16	2
22	17	7
22	18	1
22	19	1
22	20	2
22	21	2
23	1	1
23	3	2
23	4	1
23	5	3
23	7	1
23	8	1
23	9	3
23	10	3
23	12	1
23	13	2
23	14	2
23	17	3
23	18	5
23	19	1
23	20	1
23	21	1
23	22	1
24	3	1
24	4	2
24	5	3
24	6	2
24	7	1
24	8	2
24	9	3
24	10	2
24	11	1
24	12	2
24	13	3
24	14	1
24	15	2
24	16	4
24	17	1
24	18	4
24	19	3
24	21	1
24	22	3
24	23	5
25	3	2
25	4	2
25	5	2
25	9	2
25	10	3
25	11	2
25	12	2
25	13	2
25	16	1
25	18	1
25	19	2
25	21	4
25	22	1
25	23	3
25	24	3
26	1	1
26	3	1
26	5	4
26	8	1
26	9	1
26	10	2
26	11	1
26	12	2
26	13	1
26	14	2
26	17	1
26	18	1
26	19	1
26	22	2
26	23	1
26	24	2
27	3	2
27	4	2
27	6	5
27	8	3
27	9	5
27	10	5
27	11	3
27	12	3
27	13	2
27	15	3
27	16	2
27	17	4
27	18	2
27	19	1
27	20	1
27	21	1
27	22	4
27	23	2
27	24	5
27	25	3
27	26	1
28	3	1
28	5	2
28	6	3
28	8	3
28	9	2
28	11	2
28	12	1
28	13	1
28	15	1
28	17	3
28	18	2
28	19	1
28	20	3
28	21	2
28	22	3
28	23	3
28	24	3
28	25	5
28	26	3
28	27	4
29	4	2
29	10	3
29	11	2
29	13	2
29	19	1
29	21	1
29	24	1
29	25	1
29	27	2
29	28	8
30	1	1
30	3	2
30	4	1
30	5	1
30	6	1
30	7	1
30	8	1
30	9	2
30	10	2
30	11	4
30	12	2
30	13	1
30	14	1
30	15	1
30	16	1
30	18	2
30	19	1
30	21	1
30	23	1
30	24	2
30	25	1
30	27	1
30	28	1
31	5	3
31	8	2
31	10	2
31	12	2
31	13	2
31	15	1
31	16	1
31	22	1
31	23	1
31	25	3
31	28	3
31	29	2
31	30	6
32	2	1
32	5	1
32	8	2
32	9	2
32	10	1
32	11	1
32	15	4
32	16	1
32	17	2
32	19	1
32	24	1
32	26	1
32	27	1
32	28	3
32	30	2
32	31	3
33	4	1
33	5	2
33	6	1
33	8	1
33	10	4
33	12	1
33	13	2
33	16	1
33	17	2
33	22	1
33	23	1
33	26	1
33	27	1
33	28	2
33	30	1
33	31	2
33	32	3
34	4	1
34	5	1
34	6	3
34	8	2
34	11	2
34	16	2
34	20	1
34	25	2
34	27	1
34	28	1
34	29	2
34	31	7
34	32	1
34	33	4
35	1	1
35	3	1
35	5	2
35	6	1
35	7	2
35	9	3
35	10	2
35	11	3
35	12	2
35	13	5
35	14	1
35	15	2
35	16	1
35	17	3
35	18	3
35	20	1
35	21	1
35	23	2
35	24	2
35	25	3
35	27	2
35	28	2
35	29	2
35	30	2
35	31	1
35	32	1
35	33	1
35	34	1
36	3	1
36	4	4
36	6	3
36	7	1
36	8	1
36	9	3
36	10	1
36	11	3
36	12	3
36	14	1
36	15	1
36	17	1
36	19	1
36	21	2
36	23	1
36	24	2
36	25	4
36	27	3
36	28	3
36	29	1
36	30	1
36	31	1
36	33	2
36	35	2
37	3	1
37	4	1
37	5	1
37	6	2
37	8	2
37	10	2
37	11	2
37	13	1
37	15	1
37	18	1
37	19	3
37	21	1
37	23	1
37	24	1
37	25	2
37	26	1
37	27	4
37	28	3
37	29	3
37	33	1
37	34	1
37	35	9
38	4	3
38	5	2
38	6	3
38	8	1
38	9	2
38	10	1
38	11	1
38	12	1
38	13	1
38	14	1
38	15	1
38	16	1
38	17	2
38	18	1
38	19	1
38	20	1
38	22	2
38	23	1
38	24	3
38	25	2
38	26	4
38	27	4
38	28	1
38	29	2
38	30	1
38	32	1
38	33	2
38	35	5
38	36	6
38	37	6
39	3	1
39	4	1
39	5	2
39	7	1
39	8	2
39	9	2
39	10	4
39	11	5
39	12	1
39	13	3
39	15	1
39	16	1
39	19	1
39	20	1
39	21	2
39	23	1
39	24	4
39	25	2
39	26	3
39	29	2
39	30	2
39	31	2
39	32	1
39	33	2
39	34	2
39	35	7
39	36	2
39	37	4
39	38	3
40	4	3
40	5	3
40	6	2
40	7	1
40	8	3
40	9	4
40	10	1
40	12	2
40	15	1
40	16	1
40	17	1
40	20	3
40	21	1
40	22	1
40	23	1
40	25	1
40	26	1
40	27	5
40	28	5
40	29	3
40	30	1
40	33	1
40	34	1
40	35	5
40	36	1
40	37	2
40	38	5
40	39	2
41	2	1
41	4	1
41	5	2
41	6	1
41	10	1
41	11	1
41	12	7
41	13	1
41	14	1
41	22	1
41	24	1
41	25	2
41	27	4
41	28	1
41	29	4
41	30	5
41	31	4
41	32	2
41	33	1
41	35	3
41	36	4
41	37	1
41	38	2
41	39	1
41	40	6
42	0	1
42	4	3
42	6	6
42	8	2
42	9	1
42	11	1
42	14	1
42	15	1
42	24	2
42	25	1
42	27	2
42	30	9
42	31	1
42	32	1
42	33	3
42	34	1
42	35	2
42	37	1
42	39	1
42	40	1
42	41	3
43	4	1
43	5	2
43	8	2
43	11	2
43	12	1
43	14	1
43	16	3
43	18	1
43	28	2
43	29	1
43	31	2
43	32	1
43	33	1
43	34	2
43	35	3
43	37	2
43	39	2
43	40	2
43	41	1
43	42	1
44	2	3
44	7	1
44	10	1
44	12	1
44	13	1
44	15	1
44	16	2
44	22	1
44	27	1
44	30	2
44	31	1
44	33	3
44	34	1
44	35	2
44	38	1
44	40	2
44	41	2
44	42	2
44	43	7
45	1	1
45	7	1
45	8	1
45	10	1
45	12	1
45	13	1
45	15	2
45	16	1
45	22	1
45	28	1
45	30	2
45	32	3
45	33	5
45	34	3
45	35	1
45	42	1
45	43	2
45	44	5
46	2	2
46	9	3
46	10	3
46	11	1
46	13	1
46	19	3
46	25	1
46	29	1
46	30	1
46	32	7
46	33	3
46	34	2
46	40	1
46	41	1
46	42	2
46	43	2
46	44	6
46	45	2
47	5	1
47	7	2
47	8	1
47	10	1
47	11	2
47	12	2
47	15	2
47	16	1
47	17	2
47	20	3
47	21	2
47	22	1
47	23	1
47	24	3
47	27	2
47	29	1
47	30	3
47	31	1
47	32	2
47	33	3
47	35	1
47	39	1
47	41	2
47	43	1
47	44	1
47	45	1
48	0	1
48	2	1
48	3	1
48	5	1
48	6	1
48	7	4
48	8	6
48	9	2
48	10	2
48	11	3
48	12	3
48	13	1
48	14	3
48	16	4
48	18	1
48	19	1
48	20	1
48	25	2
48	26	2
48	27	1
48	28	3
48	29	2
48	33	1
48	34	1
48	35	1
48	37	2
48	39	2
48	40	4
48	41	1
48	42	1
48	45	2
48	46	1
48	47	3
49	3	1
49	4	2
49	5	3
49	6	3
49	7	2
49	8	10
49	9	4
49	10	5
49	11	7
49	13	2
49	14	2
49	15	4
49	16	1
49	17	2
49	19	3
49	20	1
49	21	2
49	23	3
49	24	3
49	25	3
49	26	2
49	28	1
49	29	1
49	30	1
49	31	2
49	33	1
49	34	1
49	37	1
49	38	3
49	39	2
49	40	1
49	41	3
49	42	1
49	43	2
49	44	1
49	45	2
49	47	4
49	48	2
50	3	2
50	4	1
50	5	2
50	6	5
50	7	3
50	8	6
50	9	3
50	10	4
50	13	1
50	14	2
50	15	2
50	16	2
50	17	2
50	19	1
50	21	2
50	22	2
50	23	2
50	24	4
50	25	1
50	27	1
50	30	1
50	31	2
50	33	1
50	37	2
50	38	2
50	40	1
50	41	4
50	42	4
50	43	1
50	46	2
50	47	1
50	48	4
50	49	2
51	3	1
51	5	1
51	6	2
51	7	1
51	8	3
51	10	2
51	12	1
51	13	5
51	14	3
51	15	1
51	16	4
51	17	1
51	18	1
51	19	1
51	20	3
51	21	2
51	22	1
51	24	2
51	25	1
51	27	2
51	28	3
51	29	1
51	30	1
51	33	4
51	35	2
51	36	1
51	37	1
51	38	1
51	39	1
51	42	1
51	43	4
51	44	2
51	45	1
51	47	3
51	48	1
51	49	2
51	50	5
52	2	1
52	4	3
52	5	2
52	6	1
52	7	4
52	8	2
52	9	2
52	10	1
52	12	1
52	13	2
52	14	2
52	15	2
52	16	1
52	17	1
52	18	1
52	19	2
52	20	1
52	21	1
52	22	1
52	24	2
52	25	2
52	26	1
52	27	1
52	29	1
52	30	2
52	31	1
52	33	1
52	34	1
52	35	3
52	40	1
52	41	1
52	42	1
52	43	1
52	45	1
52	48	1
52	49	4
52	50	4
52	51	3
53	1	1
53	3	1
53	4	1
53	5	3
53	6	3
53	8	5
53	9	3
53	10	2
53	12	5
53	13	3
53	14	1
53	15	2
53	17	1
53	21	1
53	23	2
53	24	2
53	25	3
53	27	7
53	28	5
53	29	2
53	30	1
53	31	2
53	32	1
53	36	2
53	37	2
53	39	1
53	41	1
53	42	1
53	43	1
53	44	1
53	47	3
53	48	4
53	49	6
53	50	3
53	51	5
53	52	1
54	5	3
54	6	5
54	7	1
54	8	5
54	9	2
54	10	1
54	12	2
54	13	3
54	14	2
54	16	1
54	17	1
54	18	1
54	19	1
54	20	1
54	22	1
54	24	1
54	25	2
54	26	1
54	27	3
54	28	3
54	29	4
54	30	1
54	31	2
54	32	1
54	33	1
54	37	1
54	39	2
54	40	2
54	41	3
54	42	6
54	43	1
54	45	2
54	46	1
54	47	1
54	48	2
54	49	2
54	50	5
54	53	2
55	0	2
55	2	1
55	3	2
55	4	1
55	5	3
55	6	1
55	8	4
55	9	1
55	10	1
55	13	2
55	14	2
55	15	4
55	16	4
55	17	2
55	18	1
55	19	1
55	20	1
55	22	3
55	24	1
55	25	1
55	26	1
55	28	4
55	30	1
55	32	1
55	33	3
55	34	3
55	35	3
55	36	1
55	37	1
55	38	1
55	39	1
55	41	1
55	43	3
55	44	2
55	45	3
55	47	4
55	48	2
55	49	7
55	50	2
55	53	3
55	54	3
56	0	1
56	4	3
56	5	1
56	6	2
56	7	1
56	8	3
56	9	2
56	10	2
56	11	1
56	12	2
56	13	2
56	14	2
56	15	2
56	16	2
56	17	1
56	18	1
56	19	3
56	22	1
56	24	2
56	25	1
56	26	1
56	28	2
56	30	1
56	33	2
56	34	2
56	35	2
56	36	2
56	41	2
56	42	3
56	43	1
56	44	2
56	45	1
56	46	1
56	47	2
56	48	2
56	49	6
56	50	3
56	51	7
56	52	2
56	53	1
56	54	2
56	55	8
57	3	3
57	4	1
57	5	4
57	6	4
57	7	2
57	8	1
57	10	2
57	12	2
57	13	2
57	14	4
57	15	1
57	16	2
57	17	2
57	18	1
57	19	1
57	23	1
57	24	2
57	25	2
57	28	3
57	29	2
57	32	2
57	34	3
57	35	4
57	36	1
57	37	1
57	40	1
57	41	2
57	42	1
57	43	2
57	44	1
57	46	1
57	47	2
57	48	1
57	49	1
57	50	5
57	51	2
57	53	2
57	54	2
57	55	4
57	56	2
58	4	5
58	5	3
58	6	4
58	7	3
58	8	3
58	9	2
58	11	2
58	14	2
58	15	2
58	16	1
58	17	1
58	18	4
58	23	1
58	25	5
58	27	2
58	30	1
58	31	4
58	33	2
58	34	1
58	37	2
58	38	1
58	39	2
58	40	2
58	42	1
58	47	1
58	49	4
58	50	4
58	51	1
58	52	2
58	53	2
58	54	1
58	55	2
58	56	3
58	57	4
59	2	1
59	5	1
59	6	1
59	7	1
59	9	1
59	10	1
59	12	1
59	13	1
59	14	1
59	19	1
59	25	2
59	26	1
59	28	1
59	29	1
59	30	2
59	33	1
59	36	2
59	40	1
59	41	1
59	43	1
59	45	2
59	46	2
59	49	1
59	50	1
59	51	1
59	52	1
59	53	1
59	54	1
59	55	3
59	56	3
59	57	1
59	58	1
60	0	2
60	1	2
60	2	1
60	4	3
60	7	1
60	10	1
60	13	3
60	15	2
60	17	1
60	22	1
60	25	1
60	28	2
60	30	2
60	31	1
60	32	1
60	33	4
60	35	1
60	41	1
60	42	2
60	43	1
60	44	2
60	45	3
60	46	3
60	47	3
60	48	1
60	49	1
60	55	3
60	56	3
60	57	1
60	58	1
60	59	1
