1	0	6
2	0	3
2	1	5
4	3	5
5	2	1
5	3	1
5	4	6
6	1	1
6	3	3
6	4	5
6	5	2
7	5	1
7	6	2
8	1	1
8	2	2
8	3	2
8	4	3
8	6	8
8	7	6
9	0	1
9	3	1
9	4	1
9	5	3
9	7	3
9	8	3
10	1	2
10	2	1
10	3	3
10	4	3
10	5	2
10	6	1
10	7	2
10	8	3
10	9	5
11	0	2
11	2	1
11	3	1
11	5	5
11	6	1
11	8	1
11	9	4
11	10	3
12	1	1
12	4	1
12	6	3
12	7	4
12	8	3
12	9	4
12	10	4
12	11	4
13	4	1
13	5	2
13	7	3
13	8	2
13	9	2
13	10	5
13	11	2
13	12	4
14	0	1
14	1	1
14	4	5
14	6	1
14	7	1
14	8	2
14	9	2
14	11	1
14	12	2
14	13	1
15	0	1
15	4	1
15	5	2
15	6	1
15	7	1
15	8	1
15	10	5
15	11	2
15	12	4
15	13	4
15	14	2
16	3	2
16	4	1
16	5	1
16	9	2
16	10	1
16	11	1
16	12	4
16	14	3
16	15	7
17	1	1
17	3	3
17	4	3
17	5	2
17	7	2
17	8	2
17	9	2
17	10	4
17	11	2
17	12	1
17	13	2
17	15	1
17	16	2
18	3	3
18	4	4
18	6	2
18	7	2
18	9	1
18	11	1
18	12	2
18	13	2
18	14	1
18	17	2
19	1	1
19	3	3
19	5	2
19	8	2
19	9	1
19	10	3
19	12	1
19	14	2
19	16	3
19	17	4
19	18	4
20	3	3
20	4	2
20	5	1
20	6	2
20	7	1
20	8	2
20	10	1
20	11	1
20	12	1
20	13	1
20	15	4
20	17	4
20	18	3
20	19	2
21	5	3
21	6	1
21	7	1
21	8	2
21	10	3
21	11	3
21	12	1
21	13	1
21	14	1
21	15	1
21	16	1
21	17	3
21	19	4
21	20	3
22	3	3
22	4	2
22	5	1
22	6	1
22	7	1
22	8	2
22	9	1
22	10	1
22	12	1
22	13	2
22	14	3
22	17	6
22	18	1
22	20	1
22	21	1
23	5	3
23	6	1
23	7	1
23	8	2
23	9	3
23	10	1
23	12	1
23	13	2
23	16	1
23	17	3
23	18	3
23	19	2
23	20	1
23	21	1
23	22	7
24	3	3
24	4	2
24	5	3
24	6	3
24	7	6
24	8	3
24	9	3
24	10	3
24	12	3
24	13	4
24	14	6
24	15	5
24	16	3
24	17	4
24	18	3
24	19	2
24	21	3
24	22	3
24	23	5
25	1	1
25	5	1
25	6	1
25	8	2
25	9	1
25	10	2
25	11	2
25	13	2
25	14	2
25	15	1
25	16	3
25	17	1
25	18	4
25	20	6
25	21	1
25	22	5
25	23	3
25	24	5
26	3	2
26	4	1
26	5	2
26	9	1
26	10	3
26	12	3
26	13	1
26	15	1
26	18	1
26	20	1
26	21	1
26	22	1
26	23	2
26	25	1
27	1	2
27	4	2
27	5	1
27	6	2
27	7	2
27	8	2
27	9	1
27	10	3
27	11	4
27	12	1
27	13	1
27	15	1
27	16	1
27	17	2
27	18	2
27	19	2
27	20	1
27	21	1
27	22	3
27	23	1
27	24	2
27	25	3
27	26	1
28	2	1
28	3	1
28	4	4
28	5	3
28	6	1
28	7	1
28	8	2
28	9	4
28	10	2
28	11	2
28	12	1
28	13	2
28	14	1
28	15	3
28	16	3
28	17	2
28	20	1
28	21	1
28	22	3
28	25	4
28	27	4
29	4	1
29	6	1
29	8	2
29	10	5
29	11	2
29	12	1
29	17	1
29	19	1
29	24	2
29	25	2
29	26	3
29	27	1
29	28	4
30	1	1
30	2	2
30	4	1
30	6	1
30	7	1
30	8	1
30	10	1
30	14	1
30	15	1
30	16	2
30	17	2
30	21	2
30	23	1
30	24	1
30	25	1
30	27	3
30	28	3
30	29	2
31	1	1
31	5	1
31	7	1
31	8	1
31	9	4
31	10	2
31	11	1
31	12	2
31	13	2
31	15	1
31	16	3
31	19	1
31	20	1
31	22	1
31	24	1
31	25	1
31	27	2
31	28	1
31	29	1
31	30	3
32	11	2
32	12	1
32	14	1
32	19	1
32	22	2
32	23	1
32	24	1
32	26	1
32	27	2
32	29	1
32	30	7
32	31	2
33	0	2
33	1	1
33	3	1
33	4	1
33	5	2
33	7	2
33	8	3
33	9	1
33	10	4
33	12	1
33	13	1
33	23	1
33	24	1
33	25	1
33	30	1
33	31	5
33	32	4
34	0	1
34	2	1
34	4	2
34	5	1
34	8	2
34	12	1
34	17	1
34	23	1
34	24	1
34	28	1
34	29	1
34	30	1
34	31	5
34	32	4
34	33	6
35	1	1
35	3	1
35	4	2
35	5	1
35	6	1
35	7	3
35	9	8
35	10	6
35	11	4
35	12	2
35	14	2
35	15	3
35	18	1
35	21	1
35	22	1
35	23	3
35	24	3
35	25	6
35	27	6
35	28	2
35	31	2
35	34	1
36	3	2
36	5	1
36	7	1
36	8	2
36	9	3
36	10	7
36	11	2
36	12	1
36	13	2
36	14	1
36	16	1
36	17	1
36	19	2
36	20	1
36	21	1
36	23	3
36	25	2
36	27	3
36	28	2
36	29	1
36	33	1
36	35	5
37	7	2
37	8	1
37	10	4
37	11	4
37	12	1
37	13	1
37	15	1
37	16	1
37	19	1
37	20	2
37	22	2
37	23	1
37	25	5
37	26	1
37	27	4
37	28	2
37	29	2
37	31	4
37	33	2
37	35	9
37	36	9
38	1	1
38	2	3
38	3	2
38	4	1
38	5	4
38	7	1
38	8	1
38	10	3
38	11	3
38	12	1
38	13	3
38	14	1
38	15	2
38	16	1
38	17	3
38	18	3
38	19	2
38	20	2
38	21	2
38	22	3
38	23	2
38	24	3
38	25	1
38	27	4
38	28	4
38	29	5
38	30	4
38	31	2
38	32	2
38	33	1
38	34	1
38	35	4
38	36	2
38	37	10
39	3	2
39	4	2
39	5	1
39	6	1
39	8	1
39	9	2
39	10	3
39	11	1
39	13	1
39	14	1
39	16	2
39	17	1
39	22	2
39	23	2
39	24	5
39	26	1
39	27	1
39	28	3
39	29	1
39	30	1
39	31	2
39	32	1
39	33	3
39	34	2
39	35	7
39	36	3
39	37	5
39	38	7
40	4	2
40	5	1
40	6	2
40	7	3
40	8	2
40	9	1
40	12	1
40	13	1
40	15	1
40	18	1
40	19	2
40	21	1
40	22	1
40	23	3
40	24	2
40	25	2
40	26	2
40	27	2
40	28	8
40	29	11
40	30	2
40	31	2
40	32	1
40	33	1
40	35	3
40	36	2
40	37	2
40	38	2
40	39	2
41	3	1
41	4	1
41	5	1
41	8	3
41	9	3
41	10	3
41	11	2
41	12	1
41	13	1
41	14	1
41	17	3
41	24	1
41	25	2
41	26	1
41	27	3
41	28	5
41	30	5
41	31	3
41	32	2
41	33	1
41	34	4
41	35	3
41	36	3
41	37	3
41	38	2
41	39	1
42	13	1
42	15	1
42	16	1
42	18	1
42	21	1
42	22	2
42	24	1
42	25	1
42	27	3
42	30	4
42	31	1
42	32	3
42	33	2
42	34	1
42	35	2
42	37	1
42	38	2
42	39	3
42	40	2
42	41	2
43	1	2
43	5	1
43	6	3
43	7	1
43	9	4
43	12	2
43	13	1
43	14	1
43	15	2
43	16	3
43	20	2
43	25	2
43	30	2
43	31	3
43	32	1
43	33	1
43	34	5
43	35	1
43	40	2
43	41	3
43	42	6
44	0	1
44	1	1
44	4	2
44	7	1
44	8	2
44	9	3
44	11	1
44	13	2
44	16	1
44	20	1
44	22	1
44	23	1
44	24	3
44	28	1
44	30	1
44	32	2
44	33	3
44	34	4
44	35	1
44	36	1
44	38	4
44	41	1
44	42	3
44	43	4
45	1	1
45	9	1
45	13	1
45	18	1
45	25	1
45	27	1
45	30	1
45	32	2
45	33	2
45	34	1
45	35	1
45	38	1
45	40	1
45	44	6
46	0	1
46	1	1
46	4	1
46	5	1
46	10	1
46	11	1
46	12	1
46	13	2
46	15	1
46	19	1
46	23	1
46	25	1
46	27	1
46	28	5
46	29	1
46	30	2
46	31	1
46	32	5
46	33	1
46	34	1
46	35	2
46	36	1
46	40	2
46	42	4
46	43	4
46	44	4
46	45	3
47	3	1
47	5	1
47	8	3
47	11	2
47	12	2
47	13	1
47	14	2
47	15	2
47	16	1
47	19	1
47	23	3
47	25	1
47	27	2
47	28	3
47	29	2
47	30	3
47	32	1
47	33	1
47	37	1
47	38	1
47	39	2
47	40	1
47	42	2
47	43	6
47	44	2
47	45	1
47	46	2
48	1	1
48	4	1
48	6	2
48	7	2
48	8	3
48	9	1
48	12	4
48	13	1
48	14	2
48	15	3
48	16	2
48	17	1
48	20	1
48	21	5
48	24	2
48	26	2
48	28	3
48	30	1
48	32	1
48	33	1
48	35	2
48	37	1
48	38	1
48	39	2
48	43	1
48	47	2
49	4	2
49	5	1
49	6	3
49	7	5
49	8	7
49	9	3
49	10	1
49	11	7
49	12	4
49	14	2
49	15	1
49	16	3
49	17	3
49	18	1
49	19	1
49	20	2
49	21	1
49	22	2
49	24	5
49	25	3
49	26	1
49	27	3
49	28	1
49	29	2
49	30	1
49	31	1
49	32	3
49	33	1
49	35	3
49	36	1
49	37	2
49	38	2
49	39	1
49	40	1
49	41	2
49	42	2
49	44	1
49	45	1
49	47	2
49	48	6
50	3	2
50	4	1
50	5	1
50	6	2
50	7	4
50	8	1
50	12	4
50	13	1
50	14	1
50	15	4
50	16	1
50	17	1
50	18	2
50	19	1
50	21	2
50	23	1
50	24	1
50	25	1
50	27	1
50	28	1
50	29	1
50	30	1
50	33	1
50	34	1
50	36	2
50	37	2
50	41	1
50	43	1
50	44	2
50	47	4
50	48	3
50	49	2
51	4	1
51	5	2
51	7	5
51	8	5
51	9	2
51	10	2
51	11	5
51	13	4
51	14	1
51	15	4
51	16	1
51	17	1
51	18	3
51	19	2
51	20	2
51	22	1
51	24	1
51	25	3
51	27	1
51	28	5
51	30	1
51	31	1
51	37	1
51	38	1
51	39	1
51	40	1
51	41	1
51	42	2
51	43	1
51	44	3
51	46	1
51	47	2
51	48	2
51	49	5
51	50	9
52	3	1
52	4	1
52	5	1
52	6	2
52	7	2
52	8	4
52	9	3
52	11	1
52	12	3
52	13	3
52	14	2
52	15	4
52	16	3
52	18	2
52	21	1
52	24	2
52	30	1
52	31	1
52	33	1
52	34	2
52	36	1
52	37	1
52	38	1
52	39	2
52	41	2
52	42	2
52	44	1
52	46	1
52	47	2
52	48	2
52	50	6
52	51	11
53	1	1
53	2	1
53	3	1
53	4	2
53	7	1
53	8	6
53	11	2
53	12	3
53	13	2
53	14	3
53	15	5
53	17	2
53	18	1
53	19	3
53	21	1
53	23	3
53	27	1
53	29	1
53	30	3
53	31	2
53	33	2
53	34	1
53	35	2
53	38	1
53	39	3
53	40	1
53	41	4
53	42	2
53	43	2
53	44	3
53	47	4
53	48	4
53	49	8
53	50	2
53	51	2
53	52	3
54	0	1
54	4	3
54	5	3
54	6	1
54	8	1
54	9	3
54	10	5
54	11	1
54	12	1
54	15	2
54	16	2
54	17	2
54	18	1
54	19	1
54	21	3
54	22	1
54	24	2
54	25	1
54	28	4
54	29	2
54	30	5
54	31	5
54	33	2
54	34	1
54	35	2
54	36	2
54	37	1
54	38	3
54	39	3
54	40	1
54	41	2
54	42	3
54	44	1
54	46	2
54	47	1
54	48	1
54	49	3
54	50	2
54	51	1
54	53	4
55	0	1
55	5	2
55	6	4
55	7	2
55	8	2
55	10	6
55	11	3
55	12	1
55	13	1
55	14	1
55	17	2
55	18	1
55	19	3
55	20	1
55	21	2
55	22	2
55	23	2
55	24	1
55	25	1
55	26	2
55	27	4
55	28	2
55	29	3
55	30	1
55	31	4
55	32	3
55	34	1
55	35	5
55	36	2
55	37	1
55	38	2
55	39	1
55	40	2
55	41	1
55	42	3
55	43	3
55	45	1
55	46	2
55	47	4
55	48	1
55	49	4
55	50	1
55	52	2
55	53	4
55	54	4
56	1	2
56	3	2
56	4	2
56	5	3
56	6	1
56	7	3
56	8	1
56	10	1
56	11	1
56	12	3
56	13	2
56	15	1
56	16	2
56	17	1
56	18	4
56	20	1
56	21	2
56	22	1
56	24	2
56	25	1
56	27	3
56	28	1
56	30	2
56	31	1
56	32	1
56	33	3
56	34	2
56	37	2
56	39	2
56	40	1
56	42	1
56	44	3
56	45	2
56	46	1
56	47	1
56	49	4
56	50	1
56	51	4
56	52	3
56	54	3
56	55	9
57	2	1
57	3	1
57	4	1
57	5	4
57	7	1
57	8	7
57	9	3
57	10	3
57	12	2
57	13	2
57	15	2
57	16	2
57	18	1
57	19	1
57	21	1
57	22	1
57	24	2
57	25	1
57	26	2
57	28	4
57	30	2
57	33	1
57	34	1
57	37	4
57	39	1
57	40	1
57	41	1
57	44	4
57	45	1
57	47	1
57	48	1
57	49	1
57	51	3
57	52	2
57	53	3
57	54	3
57	55	5
57	56	2
58	1	1
58	3	3
58	4	2
58	5	1
58	6	2
58	7	2
58	8	1
58	9	2
58	11	2
58	12	3
58	13	1
58	15	1
58	16	1
58	18	1
58	19	1
58	21	1
58	23	2
58	24	1
58	25	2
58	27	2
58	28	1
58	29	1
58	33	3
58	35	1
58	37	1
58	38	2
58	41	1
58	43	1
58	44	1
58	45	1
58	47	5
58	48	2
58	49	1
58	50	2
58	52	2
58	53	2
58	54	1
58	55	7
58	56	6
58	57	8
59	4	1
59	6	1
59	10	2
59	16	1
59	17	1
59	19	2
59	22	1
59	25	2
59	26	1
59	27	2
59	28	2
59	29	1
59	31	2
59	33	2
59	34	1
59	38	2
59	41	3
59	43	1
59	50	1
59	52	1
59	53	1
59	54	2
59	55	1
59	56	3
59	57	3
60	2	1
60	4	1
60	10	1
60	11	3
60	16	1
60	21	2
60	22	2
60	28	1
60	30	2
60	31	2
60	32	1
60	33	1
60	34	1
60	35	1
60	36	1
60	38	1
60	39	1
60	40	2
60	41	1
60	42	1
60	44	1
60	45	1
60	46	2
60	47	2
60	49	2
60	52	2
60	53	2
60	54	1
60	55	2
