1	0	6
2	0	1
2	1	3
4	3	8
5	3	2
5	4	7
6	4	1
6	5	2
7	0	1
7	3	2
7	4	3
7	5	2
7	6	2
8	2	2
8	3	3
8	5	4
8	6	7
8	7	6
9	0	1
9	3	1
9	4	1
9	6	1
9	7	2
9	8	9
10	1	2
10	3	4
10	5	2
10	6	1
10	7	1
10	8	1
10	9	7
11	1	1
11	3	1
11	4	1
11	5	2
11	6	1
11	8	3
11	9	4
11	10	10
12	3	2
12	4	1
12	5	3
12	6	3
12	7	4
12	8	2
12	9	4
12	10	7
12	11	5
13	1	1
13	4	3
13	7	2
13	8	4
13	9	1
13	10	6
13	11	5
13	12	2
14	1	1
14	3	1
14	4	1
14	5	2
14	6	3
14	8	2
14	9	2
14	10	2
14	12	1
14	13	2
15	1	1
15	3	3
15	6	2
15	7	3
15	8	1
15	9	1
15	10	4
15	12	4
15	13	6
15	14	2
16	1	1
16	3	2
16	5	2
16	7	1
16	11	1
16	12	1
16	13	4
16	14	5
16	15	6
17	2	1
17	3	3
17	4	1
17	7	1
17	8	2
17	9	1
17	11	2
17	13	1
17	14	1
17	15	1
18	2	1
18	3	2
18	4	3
18	5	1
18	6	1
18	7	1
18	8	2
18	9	2
18	11	2
18	12	1
18	13	1
18	14	3
18	15	2
18	17	4
19	1	1
19	3	3
19	4	4
19	6	1
19	7	2
19	8	2
19	9	3
19	13	3
19	14	1
19	15	3
19	16	1
19	17	6
19	18	5
20	0	1
20	3	2
20	4	4
20	5	1
20	6	3
20	7	1
20	8	1
20	9	3
20	10	1
20	12	2
20	14	2
20	15	3
20	17	3
20	18	5
20	19	4
21	0	2
21	1	1
21	2	2
21	3	2
21	6	1
21	7	5
21	8	4
21	9	1
21	10	2
21	11	1
21	12	1
21	13	1
21	14	3
21	15	2
21	16	3
21	17	5
21	18	2
21	19	1
21	20	7
22	4	4
22	5	2
22	7	1
22	8	1
22	9	1
22	10	1
22	11	1
22	12	4
22	13	1
22	14	1
22	15	2
22	17	3
22	18	1
22	19	4
22	20	3
22	21	1
23	3	1
23	5	4
23	7	1
23	8	3
23	12	2
23	13	1
23	14	1
23	16	1
23	17	1
23	18	1
23	20	1
23	22	5
24	4	1
24	5	3
24	6	1
24	7	1
24	8	1
24	9	1
24	10	2
24	11	2
24	13	4
24	14	3
24	15	2
24	16	2
24	17	2
24	18	2
24	19	4
24	22	1
24	23	4
25	3	2
25	4	2
25	5	3
25	6	3
25	7	1
25	8	1
25	10	1
25	11	1
25	13	1
25	14	1
25	15	1
25	17	1
25	18	1
25	19	2
25	20	1
25	21	1
25	22	1
25	23	2
25	24	2
26	3	1
26	8	2
26	9	1
26	10	1
26	11	1
26	12	3
26	14	1
26	15	2
26	18	2
26	20	1
26	21	1
26	22	1
26	23	1
26	25	5
27	3	2
27	4	2
27	5	2
27	6	3
27	7	2
27	8	1
27	9	3
27	10	3
27	11	3
27	12	1
27	13	2
27	15	3
27	16	2
27	17	3
27	18	2
27	19	1
27	20	1
27	21	3
27	22	4
27	23	2
27	24	2
27	25	3
27	26	1
28	2	1
28	3	1
28	4	1
28	5	3
28	6	3
28	7	1
28	8	2
28	9	4
28	10	1
28	11	1
28	13	2
28	14	1
28	15	2
28	16	2
28	17	1
28	18	1
28	19	3
28	21	2
28	22	1
28	23	1
28	24	1
28	25	5
28	27	6
29	3	2
29	4	1
29	5	1
29	6	2
29	7	1
29	8	2
29	10	1
29	11	2
29	12	1
29	13	2
29	15	2
29	17	1
29	19	2
29	21	1
29	22	4
29	23	1
29	24	2
29	25	5
29	26	1
29	27	2
29	28	6
30	4	1
30	7	2
30	8	1
30	9	1
30	10	1
30	11	1
30	12	1
30	15	2
30	18	3
30	23	1
30	24	1
30	25	3
30	28	1
30	29	1
31	5	1
31	6	1
31	7	2
31	8	1
31	9	2
31	10	1
31	11	2
31	12	1
31	13	1
31	15	1
31	16	1
31	22	1
31	28	2
31	29	2
31	30	3
32	2	1
32	4	2
32	5	2
32	6	1
32	8	1
32	9	1
32	10	2
32	11	1
32	12	1
32	19	2
32	21	1
32	23	1
32	24	1
32	25	2
32	28	2
32	30	3
32	31	3
33	3	1
33	4	1
33	5	2
33	6	2
33	8	3
33	9	2
33	10	1
33	11	1
33	12	1
33	13	1
33	22	1
33	23	1
33	26	1
33	27	2
33	28	1
33	29	1
33	30	2
33	31	5
33	32	2
34	0	2
34	1	1
34	5	1
34	6	1
34	8	1
34	10	2
34	17	1
34	21	1
34	23	1
34	24	1
34	25	1
34	29	1
34	30	2
34	31	2
34	32	2
34	33	9
35	1	1
35	2	1
35	3	1
35	5	1
35	6	2
35	8	1
35	9	2
35	10	2
35	12	1
35	13	4
35	15	1
35	16	3
35	17	3
35	18	1
35	19	1
35	21	1
35	22	2
35	23	2
35	24	4
35	25	3
35	27	4
35	28	4
35	29	1
35	33	2
36	5	1
36	6	1
36	7	2
36	8	3
36	9	1
36	10	1
36	11	6
36	12	2
36	13	3
36	16	1
36	18	1
36	19	1
36	21	2
36	23	3
36	24	3
36	26	1
36	27	3
36	29	1
36	31	3
36	32	3
36	33	1
36	35	4
37	3	3
37	4	2
37	6	1
37	8	2
37	10	2
37	11	1
37	12	3
37	13	3
37	14	1
37	17	2
37	18	1
37	20	2
37	21	1
37	24	2
37	25	3
37	26	1
37	27	4
37	29	2
37	30	3
37	35	9
37	36	2
38	3	2
38	5	2
38	6	1
38	8	4
38	9	2
38	10	4
38	11	2
38	12	5
38	13	2
38	14	2
38	15	3
38	17	2
38	20	1
38	21	1
38	22	2
38	23	2
38	24	3
38	25	2
38	26	3
38	27	3
38	28	4
38	30	1
38	31	1
38	32	4
38	33	3
38	34	1
38	35	5
38	36	4
38	37	9
39	0	1
39	3	1
39	4	1
39	5	1
39	6	1
39	7	1
39	10	5
39	11	1
39	13	2
39	14	1
39	16	2
39	18	1
39	19	2
39	20	1
39	21	2
39	23	1
39	24	4
39	25	5
39	26	2
39	27	6
39	28	2
39	29	1
39	30	2
39	32	1
39	33	1
39	35	3
39	36	4
39	37	1
39	38	7
40	4	1
40	6	3
40	9	1
40	10	2
40	12	1
40	13	3
40	17	2
40	18	2
40	19	1
40	20	2
40	21	1
40	22	2
40	23	1
40	24	2
40	25	2
40	26	1
40	27	4
40	28	5
40	29	2
40	30	1
40	31	1
40	33	1
40	34	1
40	35	1
40	37	1
40	38	4
41	2	1
41	3	2
41	4	2
41	5	3
41	6	2
41	7	2
41	8	1
41	10	3
41	11	2
41	12	1
41	13	2
41	14	1
41	15	2
41	16	1
41	17	1
41	18	1
41	23	1
41	24	2
41	25	1
41	26	3
41	27	2
41	28	3
41	29	2
41	30	1
41	31	2
41	33	1
41	34	1
41	36	2
41	37	3
41	38	2
41	39	1
41	40	3
42	0	1
42	6	2
42	7	2
42	8	2
42	9	1
42	12	1
42	15	2
42	16	1
42	17	2
42	24	2
42	27	1
42	28	2
42	30	2
42	31	1
42	32	2
42	33	1
42	35	2
42	36	3
42	38	4
42	40	2
42	41	2
43	5	2
43	6	1
43	8	1
43	9	1
43	10	1
43	12	1
43	13	1
43	14	2
43	16	1
43	18	1
43	24	4
43	25	2
43	27	1
43	28	1
43	29	1
43	30	1
43	32	4
43	33	3
43	34	3
43	37	1
43	38	2
43	39	1
43	40	1
43	41	1
43	42	3
44	0	1
44	4	1
44	6	1
44	7	1
44	9	1
44	10	1
44	12	1
44	15	3
44	19	1
44	20	1
44	27	3
44	28	1
44	30	1
44	32	2
44	33	1
44	34	2
44	35	1
44	40	1
44	42	2
44	43	7
45	1	1
45	2	3
45	3	1
45	8	1
45	9	2
45	17	1
45	18	2
45	27	1
45	30	4
45	32	1
45	33	2
45	34	2
45	35	2
45	38	2
45	39	1
45	42	1
45	43	6
45	44	3
46	1	2
46	2	2
46	3	2
46	4	1
46	6	1
46	8	1
46	9	1
46	15	1
46	20	1
46	22	1
46	23	1
46	27	1
46	28	1
46	31	3
46	32	2
46	34	3
46	35	1
46	38	1
46	40	1
46	41	1
46	42	2
46	43	1
46	44	5
46	45	5
47	4	1
47	5	2
47	6	1
47	7	1
47	8	3
47	9	3
47	10	2
47	11	2
47	12	1
47	13	3
47	15	3
47	16	3
47	17	1
47	23	1
47	24	1
47	25	1
47	28	3
47	29	1
47	30	1
47	31	2
47	32	1
47	33	1
47	34	1
47	35	2
47	36	1
47	39	1
47	40	3
47	41	2
47	42	1
47	43	1
47	44	4
47	45	1
47	46	2
48	5	2
48	6	2
48	7	2
48	8	3
48	10	1
48	11	3
48	12	1
48	13	1
48	15	2
48	16	1
48	17	1
48	18	1
48	19	1
48	21	2
48	23	1
48	27	3
48	28	2
48	29	2
48	31	1
48	32	1
48	35	2
48	37	1
48	39	1
48	41	1
48	42	1
48	43	1
48	45	1
48	47	3
49	3	2
49	4	2
49	5	4
49	6	5
49	7	3
49	8	10
49	9	2
49	10	6
49	11	4
49	12	6
49	13	4
49	14	2
49	15	5
49	16	1
49	17	1
49	18	1
49	20	2
49	21	1
49	22	1
49	23	2
49	24	1
49	25	1
49	27	3
49	28	1
49	29	1
49	30	2
49	31	2
49	33	2
49	34	2
49	35	2
49	36	1
49	37	2
49	38	2
49	39	2
49	40	4
49	41	4
49	45	1
49	47	2
49	48	7
50	3	1
50	6	3
50	7	3
50	8	5
50	9	4
50	10	1
50	11	2
50	12	1
50	13	2
50	14	1
50	15	3
50	16	1
50	17	1
50	19	1
50	20	3
50	21	2
50	22	1
50	24	1
50	25	1
50	27	1
50	28	1
50	29	2
50	30	1
50	31	2
50	33	1
50	34	2
50	35	2
50	36	1
50	37	2
50	38	1
50	40	1
50	41	1
50	43	1
50	46	1
50	47	1
50	48	4
50	49	4
51	4	2
51	5	1
51	6	1
51	7	3
51	8	2
51	9	3
51	10	4
51	11	1
51	12	4
51	13	3
51	15	2
51	16	2
51	17	2
51	18	1
51	19	3
51	20	2
51	21	1
51	22	1
51	23	1
51	24	1
51	25	3
51	28	2
51	29	1
51	34	1
51	36	3
51	39	2
51	40	2
51	41	1
51	42	2
51	43	1
51	44	1
51	46	1
51	47	2
51	48	3
51	49	3
51	50	4
52	3	2
52	4	1
52	8	1
52	9	1
52	10	2
52	11	2
52	12	1
52	13	1
52	15	3
52	16	5
52	19	2
52	21	2
52	23	1
52	27	2
52	30	1
52	31	3
52	32	2
52	33	1
52	34	1
52	35	1
52	36	2
52	38	1
52	41	1
52	42	3
52	43	1
52	44	1
52	45	1
52	47	4
52	48	2
52	49	2
52	50	2
52	51	12
53	2	1
53	3	3
53	5	2
53	6	3
53	7	3
53	8	4
53	9	2
53	10	3
53	11	3
53	12	2
53	13	1
53	14	3
53	15	3
53	16	3
53	19	4
53	21	2
53	22	2
53	23	1
53	24	1
53	25	1
53	26	1
53	27	6
53	29	1
53	30	4
53	31	2
53	32	1
53	33	2
53	35	2
53	37	6
53	38	1
53	39	2
53	42	3
53	43	5
53	44	1
53	46	1
53	48	2
53	49	8
53	50	2
53	52	1
54	0	1
54	3	2
54	4	2
54	5	1
54	6	3
54	7	5
54	8	1
54	10	3
54	12	2
54	13	3
54	14	1
54	15	1
54	17	2
54	18	2
54	19	2
54	20	1
54	22	1
54	23	1
54	24	2
54	25	2
54	27	3
54	28	2
54	29	1
54	30	2
54	31	2
54	32	4
54	33	1
54	35	1
54	36	1
54	37	1
54	38	2
54	40	3
54	41	4
54	42	2
54	43	1
54	44	1
54	46	2
54	47	2
54	49	1
54	50	2
54	51	2
54	53	5
55	0	2
55	3	2
55	4	2
55	6	3
55	7	3
55	8	5
55	9	2
55	10	4
55	11	1
55	12	1
55	13	2
55	14	1
55	15	1
55	16	1
55	17	1
55	18	1
55	20	1
55	21	3
55	22	1
55	23	2
55	25	2
55	26	2
55	27	2
55	28	3
55	30	1
55	31	2
55	32	3
55	34	4
55	35	1
55	36	1
55	37	1
55	38	3
55	39	2
55	41	2
55	42	3
55	43	1
55	44	2
55	47	2
55	48	4
55	49	5
55	50	2
55	51	3
55	52	1
55	53	3
55	54	5
56	0	1
56	4	5
56	5	1
56	6	4
56	7	1
56	8	4
56	10	2
56	12	1
56	15	1
56	17	2
56	21	1
56	24	3
56	25	1
56	26	1
56	28	3
56	29	1
56	30	1
56	31	2
56	32	4
56	38	1
56	40	1
56	42	3
56	43	1
56	45	3
56	47	1
56	49	2
56	50	1
56	51	2
56	52	3
56	53	3
56	54	2
56	55	4
57	3	1
57	4	3
57	6	2
57	7	5
57	8	2
57	9	2
57	10	1
57	11	3
57	12	1
57	13	2
57	14	3
57	17	2
57	18	2
57	19	4
57	20	1
57	22	2
57	23	1
57	24	2
57	25	2
57	27	4
57	28	4
57	30	1
57	34	1
57	35	3
57	37	3
57	38	1
57	40	3
57	41	3
57	44	1
57	45	1
57	46	1
57	47	1
57	48	1
57	49	1
57	51	2
57	52	1
57	54	2
57	55	3
57	56	3
58	1	1
58	3	1
58	4	3
58	5	2
58	6	1
58	7	1
58	8	2
58	9	2
58	10	1
58	11	3
58	12	2
58	13	1
58	15	1
58	16	1
58	18	2
58	20	2
58	22	2
58	24	1
58	26	1
58	29	1
58	30	1
58	32	2
58	33	1
58	34	5
58	35	1
58	38	1
58	39	1
58	40	2
58	42	1
58	43	1
58	44	1
58	45	1
58	47	2
58	48	1
58	49	5
58	50	1
58	51	1
58	52	3
58	53	1
58	54	2
58	55	5
58	56	4
58	57	8
59	2	1
59	4	1
59	5	3
59	8	2
59	9	1
59	10	3
59	12	1
59	13	1
59	14	2
59	15	3
59	16	2
59	24	1
59	28	2
59	30	1
59	31	1
59	33	1
59	34	1
59	35	1
59	46	2
59	47	1
59	54	1
59	55	1
59	56	1
59	58	1
60	1	2
60	2	3
60	4	1
60	5	1
60	7	2
60	9	2
60	10	2
60	11	1
60	16	1
60	25	1
60	27	2
60	28	1
60	32	1
60	33	1
60	34	3
60	35	3
60	38	2
60	39	2
60	41	1
60	43	1
60	44	3
60	45	2
60	46	4
60	47	1
60	48	1
60	51	1
60	53	1
60	54	1
60	56	1
60	57	1
60	58	1
