1	0	6
2	0	4
2	1	6
4	3	3
5	0	1
5	3	4
5	4	3
6	3	1
6	4	1
6	5	1
7	1	2
7	3	1
7	4	2
7	5	4
7	6	3
8	4	1
8	5	1
8	6	3
8	7	4
9	2	1
9	3	1
9	4	1
9	6	4
9	7	2
9	8	7
10	2	1
10	3	1
10	4	3
10	5	2
10	6	1
10	7	1
10	8	4
10	9	6
11	2	1
11	3	1
11	4	1
11	5	2
11	6	1
11	8	2
11	9	3
11	10	8
12	1	1
12	4	2
12	5	1
12	6	3
12	7	1
12	8	2
12	9	4
12	10	5
12	11	6
13	3	1
13	4	2
13	6	4
13	7	1
13	8	3
13	9	2
13	10	3
13	11	4
13	12	2
14	3	1
14	6	1
14	7	1
14	9	4
14	11	2
14	12	1
14	13	4
15	3	1
15	4	1
15	8	4
15	10	2
15	11	5
15	12	1
15	13	3
15	14	4
16	6	4
16	8	2
16	9	3
16	10	1
16	12	2
16	13	4
16	14	4
16	15	2
17	1	1
17	2	1
17	5	3
17	8	1
17	10	2
17	12	2
17	13	2
18	3	4
18	4	3
18	5	2
18	9	2
18	12	1
18	13	1
18	14	2
18	15	1
18	16	1
18	17	2
19	2	2
19	3	1
19	4	2
19	5	4
19	6	5
19	7	1
19	8	2
19	9	2
19	12	2
19	13	5
19	14	2
19	15	1
19	17	5
19	18	11
20	3	1
20	4	2
20	5	2
20	7	1
20	8	1
20	11	1
20	12	3
20	13	2
20	15	2
20	16	2
20	17	8
20	18	3
20	19	2
21	0	1
21	3	1
21	4	2
21	5	1
21	6	2
21	7	1
21	8	2
21	9	3
21	11	3
21	14	2
21	15	4
21	16	2
21	17	1
21	18	1
21	20	1
22	3	2
22	4	2
22	5	1
22	7	1
22	8	1
22	9	6
22	10	2
22	12	1
22	13	3
22	15	3
22	16	1
22	17	3
22	18	2
22	19	1
22	20	4
22	21	1
23	3	2
23	4	3
23	5	2
23	6	2
23	7	2
23	8	1
23	9	1
23	11	1
23	12	1
23	15	3
23	16	1
23	17	2
23	18	5
23	19	3
23	21	2
23	22	1
24	4	1
24	5	4
24	8	4
24	9	2
24	10	3
24	13	4
24	15	1
24	16	2
24	18	6
24	20	2
24	22	2
24	23	4
25	0	2
25	2	1
25	3	3
25	4	5
25	5	2
25	6	2
25	7	1
25	8	2
25	9	1
25	10	2
25	11	2
25	12	3
25	13	1
25	14	1
25	15	1
25	16	1
25	17	2
25	18	2
25	19	1
25	20	2
25	22	2
25	23	5
25	24	1
26	3	2
26	5	1
26	9	1
26	12	1
26	13	3
26	14	1
26	15	1
26	17	3
26	18	1
26	22	2
26	23	2
26	24	1
26	25	2
27	3	1
27	4	5
27	5	3
27	6	1
27	7	1
27	8	2
27	9	1
27	10	3
27	11	3
27	12	1
27	13	1
27	14	1
27	16	1
27	17	2
27	18	3
27	19	3
27	21	1
27	22	3
27	23	1
27	24	2
27	25	5
27	26	3
28	2	1
28	3	1
28	4	1
28	5	1
28	6	3
28	8	2
28	9	3
28	10	2
28	11	1
28	12	2
28	13	1
28	16	1
28	17	2
28	18	1
28	20	2
28	21	2
28	22	1
28	23	1
28	24	4
28	25	3
28	26	2
28	27	4
29	0	1
29	4	1
29	6	1
29	7	1
29	8	1
29	11	2
29	12	1
29	15	1
29	17	2
29	19	1
29	24	1
29	25	1
29	26	1
29	27	3
29	28	6
30	1	1
30	3	1
30	4	1
30	6	1
30	7	1
30	8	3
30	10	4
30	11	1
30	12	1
30	13	2
30	18	1
30	23	1
30	24	3
30	25	2
30	27	2
30	28	1
30	29	1
31	2	1
31	4	1
31	7	1
31	8	1
31	10	1
31	12	1
31	16	1
31	18	1
31	20	1
31	21	2
31	23	1
31	25	1
31	27	3
31	28	1
31	30	1
32	4	1
32	8	1
32	10	1
32	11	1
32	14	1
32	25	1
32	26	1
32	27	1
32	30	1
32	31	3
33	1	1
33	2	2
33	4	1
33	8	2
33	9	1
33	10	1
33	11	2
33	12	1
33	13	1
33	16	1
33	26	1
33	27	1
33	29	3
33	30	2
33	31	6
33	32	7
34	2	1
34	4	1
34	5	1
34	6	2
34	8	2
34	11	1
34	15	2
34	16	1
34	20	1
34	23	1
34	25	2
34	27	4
34	30	3
34	31	5
34	32	2
34	33	8
35	3	1
35	4	1
35	8	1
35	10	2
35	11	4
35	12	2
35	13	1
35	14	1
35	15	2
35	18	1
35	19	2
35	20	2
35	21	2
35	22	1
35	23	2
35	24	1
35	26	3
35	27	1
35	31	1
35	33	2
36	4	1
36	5	1
36	6	1
36	7	3
36	8	1
36	9	2
36	10	3
36	11	3
36	12	1
36	13	2
36	14	2
36	15	1
36	16	1
36	17	1
36	18	1
36	20	2
36	21	3
36	22	3
36	23	5
36	24	4
36	25	1
36	27	1
36	28	1
36	32	2
36	35	9
37	5	2
37	6	1
37	7	2
37	9	1
37	11	3
37	12	1
37	13	2
37	14	1
37	15	1
37	16	1
37	17	1
37	18	1
37	22	2
37	23	2
37	24	1
37	25	5
37	26	3
37	27	4
37	28	2
37	33	1
37	35	7
37	36	1
38	3	4
38	4	2
38	5	1
38	6	3
38	8	1
38	9	2
38	10	2
38	11	1
38	12	1
38	13	2
38	15	2
38	16	1
38	17	1
38	18	1
38	20	1
38	21	1
38	22	2
38	23	3
38	25	3
38	27	2
38	28	2
38	29	1
38	30	2
38	31	2
38	33	2
38	34	1
38	35	6
38	36	4
38	37	5
39	3	1
39	5	1
39	6	1
39	9	1
39	10	1
39	11	3
39	12	2
39	13	1
39	14	1
39	15	2
39	18	1
39	19	3
39	21	2
39	22	1
39	24	1
39	25	1
39	26	3
39	27	3
39	28	2
39	29	1
39	30	1
39	31	3
39	35	5
39	36	4
39	37	5
39	38	5
40	1	1
40	3	1
40	4	1
40	5	4
40	8	2
40	9	1
40	10	1
40	11	4
40	12	1
40	13	4
40	14	2
40	15	1
40	16	2
40	17	1
40	18	1
40	19	1
40	20	1
40	22	1
40	23	1
40	24	2
40	25	2
40	26	1
40	27	5
40	28	4
40	29	2
40	30	1
40	31	2
40	32	1
40	33	3
40	36	2
40	38	4
40	39	5
41	2	1
41	3	1
41	4	1
41	5	2
41	8	2
41	9	3
41	10	2
41	11	2
41	12	1
41	13	1
41	15	2
41	16	2
41	18	2
41	20	1
41	21	1
41	23	1
41	26	1
41	27	1
41	28	2
41	29	4
41	30	2
41	31	3
41	33	2
41	34	2
41	36	1
41	37	2
41	38	3
41	39	2
41	40	8
42	1	1
42	5	2
42	6	1
42	7	1
42	9	1
42	10	1
42	11	4
42	12	2
42	15	2
42	18	1
42	21	3
42	22	1
42	27	2
42	28	2
42	29	1
42	30	5
42	33	4
42	34	4
42	35	1
42	39	1
42	41	2
43	2	1
43	6	1
43	11	1
43	13	3
43	20	1
43	24	1
43	25	2
43	27	1
43	28	2
43	31	1
43	33	4
43	34	2
43	35	1
43	39	2
43	41	3
43	42	6
44	0	1
44	1	1
44	2	1
44	6	1
44	8	2
44	9	1
44	11	1
44	12	3
44	14	1
44	15	1
44	16	2
44	27	1
44	30	2
44	31	1
44	32	1
44	33	2
44	34	2
44	36	1
44	40	2
44	41	2
44	42	1
44	43	2
45	1	3
45	2	1
45	7	1
45	8	1
45	10	1
45	13	1
45	14	2
45	15	1
45	16	2
45	18	1
45	28	1
45	29	1
45	30	1
45	32	1
45	33	1
45	34	1
45	38	1
45	39	1
45	40	1
45	42	5
45	43	4
45	44	6
46	0	1
46	3	1
46	4	1
46	5	1
46	6	1
46	8	1
46	9	1
46	12	1
46	18	1
46	19	1
46	23	1
46	25	1
46	29	1
46	30	4
46	33	2
46	34	2
46	38	3
46	41	1
46	42	2
46	43	3
46	44	2
46	45	6
47	0	1
47	2	1
47	4	1
47	5	1
47	6	2
47	8	7
47	9	1
47	10	2
47	11	1
47	13	3
47	15	3
47	16	2
47	17	1
47	18	1
47	19	4
47	24	1
47	29	2
47	33	1
47	35	1
47	36	2
47	37	1
47	38	2
47	39	2
47	40	1
47	41	3
47	42	3
47	43	2
47	44	1
47	46	3
48	3	1
48	4	2
48	5	2
48	6	1
48	8	5
48	9	6
48	10	1
48	11	3
48	12	1
48	13	4
48	15	2
48	16	3
48	17	1
48	21	1
48	22	2
48	24	1
48	25	1
48	27	5
48	28	2
48	29	2
48	30	2
48	31	2
48	32	1
48	33	1
48	34	1
48	35	2
48	36	3
48	38	3
48	39	3
48	41	1
48	42	4
48	43	1
48	45	1
48	47	1
49	2	1
49	4	2
49	5	4
49	6	1
49	7	5
49	8	10
49	9	2
49	10	6
49	11	3
49	12	6
49	13	3
49	14	3
49	16	1
49	17	1
49	18	2
49	19	1
49	21	2
49	22	1
49	23	3
49	24	2
49	25	1
49	26	2
49	27	3
49	28	4
49	30	1
49	31	3
49	32	1
49	33	1
49	35	3
49	36	3
49	37	4
49	38	2
49	39	2
49	41	2
49	42	1
49	43	2
49	44	1
49	45	1
49	46	1
49	47	2
49	48	8
50	3	3
50	4	2
50	5	1
50	7	3
50	8	5
50	9	2
50	10	2
50	11	2
50	12	4
50	13	2
50	14	1
50	15	4
50	16	1
50	17	1
50	18	2
50	23	1
50	24	1
50	25	1
50	27	2
50	28	1
50	29	2
50	30	1
50	31	4
50	34	1
50	35	1
50	38	2
50	39	3
50	41	1
50	42	1
50	43	1
50	46	1
50	47	2
50	48	1
50	49	5
51	1	1
51	4	2
51	5	1
51	7	3
51	8	5
51	9	3
51	10	3
51	11	1
51	12	3
51	13	2
51	14	5
51	15	1
51	16	5
51	17	2
51	19	1
51	20	4
51	23	2
51	24	1
51	25	1
51	27	1
51	29	1
51	30	3
51	35	3
51	36	2
51	38	1
51	40	1
51	41	2
51	42	1
51	43	2
51	46	2
51	49	4
51	50	6
52	3	1
52	5	1
52	6	3
52	7	1
52	8	3
52	9	1
52	11	3
52	12	1
52	13	5
52	15	2
52	16	2
52	17	1
52	19	2
52	20	2
52	21	1
52	26	1
52	27	1
52	29	1
52	30	3
52	31	1
52	32	1
52	33	1
52	34	1
52	35	1
52	36	3
52	37	1
52	38	3
52	40	2
52	41	1
52	42	1
52	43	2
52	44	1
52	45	1
52	47	1
52	48	3
52	49	4
52	50	2
52	51	9
53	1	1
53	2	2
53	3	2
53	6	4
53	7	2
53	8	4
53	9	2
53	10	1
53	11	6
53	12	5
53	14	1
53	16	1
53	17	2
53	18	3
53	19	1
53	21	1
53	22	1
53	23	2
53	26	2
53	27	1
53	29	2
53	30	2
53	31	2
53	33	2
53	34	1
53	36	1
53	37	2
53	38	2
53	39	1
53	41	4
53	42	2
53	43	1
53	45	5
53	47	5
53	48	4
53	49	8
53	50	4
53	51	2
53	52	2
54	3	1
54	5	2
54	8	1
54	9	1
54	10	1
54	11	3
54	12	2
54	13	2
54	14	1
54	15	4
54	16	1
54	17	1
54	18	1
54	19	1
54	20	1
54	22	3
54	23	2
54	24	2
54	25	1
54	26	1
54	27	2
54	28	2
54	29	3
54	30	3
54	31	2
54	32	1
54	33	4
54	34	2
54	35	2
54	36	1
54	37	2
54	38	2
54	39	1
54	40	2
54	41	2
54	42	1
54	44	1
54	46	4
54	47	2
54	48	2
54	49	3
54	50	2
54	51	1
54	52	2
54	53	3
55	0	1
55	2	2
55	3	5
55	5	1
55	6	3
55	7	3
55	8	3
55	9	2
55	10	4
55	11	5
55	12	2
55	13	1
55	15	3
55	17	1
55	18	2
55	19	3
55	20	1
55	21	1
55	23	2
55	25	2
55	27	4
55	28	4
55	31	4
55	32	1
55	33	4
55	38	2
55	39	1
55	40	1
55	41	3
55	42	1
55	43	3
55	44	2
55	45	3
55	47	1
55	48	4
55	49	2
55	50	1
55	51	1
55	53	2
55	54	6
56	3	3
56	4	1
56	5	5
56	6	4
56	7	1
56	8	6
56	9	2
56	11	1
56	12	1
56	13	1
56	16	1
56	17	1
56	18	2
56	19	1
56	20	1
56	23	2
56	24	2
56	25	2
56	27	2
56	28	4
56	30	2
56	31	2
56	32	2
56	33	1
56	38	1
56	40	1
56	41	1
56	42	2
56	43	2
56	44	1
56	45	2
56	46	2
56	47	1
56	48	2
56	49	2
56	50	3
56	52	2
56	53	3
56	54	1
56	55	3
57	3	3
57	4	2
57	5	2
57	6	3
57	7	2
57	8	4
57	9	4
57	10	1
57	11	2
57	12	2
57	13	4
57	14	1
57	15	1
57	16	2
57	17	1
57	18	2
57	19	5
57	21	1
57	22	1
57	23	1
57	24	2
57	25	2
57	27	3
57	28	1
57	30	1
57	32	2
57	35	1
57	41	1
57	42	2
57	43	2
57	48	1
57	49	3
57	50	4
57	51	2
57	52	2
57	53	2
57	54	5
57	55	5
57	56	2
58	3	2
58	4	2
58	5	4
58	6	3
58	8	3
58	9	1
58	10	1
58	11	1
58	12	2
58	13	2
58	14	1
58	15	2
58	16	1
58	17	3
58	19	4
58	22	1
58	25	3
58	26	1
58	28	2
58	29	1
58	31	2
58	32	1
58	33	2
58	34	3
58	35	2
58	36	2
58	37	1
58	38	2
58	40	1
58	42	1
58	44	1
58	46	1
58	49	3
58	50	4
58	51	2
58	53	2
58	54	4
58	55	2
58	56	5
58	57	8
59	0	1
59	3	1
59	4	2
59	7	1
59	9	2
59	12	2
59	14	2
59	15	1
59	19	2
59	25	1
59	26	1
59	27	2
59	30	1
59	31	1
59	33	2
59	35	2
59	36	1
59	40	1
59	41	1
59	43	1
59	44	1
59	45	2
59	46	1
59	47	1
59	49	1
59	52	2
59	58	1
60	0	1
60	1	2
60	2	3
60	4	1
60	5	1
60	8	1
60	10	2
60	11	2
60	15	2
60	20	1
60	30	1
60	33	2
60	34	2
60	38	1
60	40	2
60	41	3
60	42	1
60	43	1
60	44	2
60	45	1
60	46	4
60	47	3
60	53	2
60	55	1
60	56	1
60	57	1
