1	0	1
2	0	3
2	1	5
3	0	1
4	3	5
5	2	2
5	4	4
6	1	1
6	3	1
6	4	3
6	5	1
7	3	1
7	4	2
7	5	2
7	6	13
8	3	2
8	4	2
8	6	7
8	7	6
9	0	1
9	4	2
9	6	1
9	7	3
9	8	4
10	0	2
10	4	2
10	5	1
10	7	5
10	8	3
10	9	5
11	4	1
11	5	1
11	6	2
11	8	2
11	9	5
11	10	5
12	3	2
12	5	2
12	6	3
12	7	2
12	8	3
12	9	5
12	10	5
12	11	2
13	4	2
13	5	1
13	7	6
13	8	5
13	9	1
13	10	4
13	12	4
14	3	1
14	4	2
14	5	1
14	8	2
14	9	1
14	10	3
14	12	4
14	13	1
15	3	1
15	4	1
15	5	1
15	6	3
15	8	1
15	9	1
15	10	2
15	11	4
15	12	1
15	14	11
16	0	1
16	5	1
16	6	2
16	7	2
16	8	6
16	9	4
16	10	1
16	11	1
16	13	4
16	14	3
16	15	6
17	3	1
17	5	1
17	6	2
17	8	3
17	9	4
17	11	1
17	12	1
17	13	1
17	14	3
17	15	4
17	16	2
18	3	3
18	4	3
18	6	1
18	7	1
18	8	1
18	9	2
18	10	1
18	12	1
18	13	2
18	14	3
18	15	1
18	16	2
18	17	1
19	3	5
19	4	7
19	5	2
19	8	4
19	9	1
19	10	3
19	11	2
19	14	1
19	15	1
19	16	3
19	17	4
19	18	7
20	3	1
20	4	5
20	8	1
20	9	1
20	10	1
20	11	3
20	12	1
20	13	1
20	14	3
20	16	3
20	17	4
20	18	2
20	19	1
21	1	1
21	3	2
21	4	1
21	5	3
21	6	2
21	7	2
21	8	1
21	9	2
21	13	2
21	14	4
21	15	3
21	16	2
21	17	3
21	18	1
21	19	5
21	20	8
22	3	1
22	6	2
22	7	1
22	8	2
22	9	3
22	10	2
22	11	1
22	12	1
22	13	2
22	15	1
22	16	4
22	17	3
22	18	3
22	19	1
22	20	1
22	21	3
23	3	2
23	4	1
23	5	2
23	6	1
23	8	2
23	9	4
23	11	2
23	12	2
23	15	1
23	16	1
23	17	2
23	18	2
23	19	1
23	20	1
23	21	3
23	22	2
24	3	5
24	4	4
24	5	3
24	6	1
24	8	2
24	9	2
24	10	1
24	11	2
24	13	1
24	14	2
24	16	1
24	17	2
24	18	2
24	19	1
24	20	1
24	22	1
25	4	1
25	5	5
25	6	1
25	7	3
25	8	3
25	9	2
25	11	2
25	12	2
25	14	1
25	17	4
25	18	2
25	19	1
25	20	1
25	21	2
25	22	2
25	23	6
25	24	4
26	1	1
26	3	1
26	4	1
26	5	2
26	9	1
26	11	1
26	12	1
26	15	1
26	17	1
26	18	1
26	19	1
26	21	2
26	22	3
26	23	1
26	24	2
26	25	2
27	2	2
27	3	5
27	4	2
27	5	5
27	6	2
27	7	2
27	8	2
27	9	6
27	10	1
27	11	4
27	12	7
27	13	1
27	15	3
27	17	1
27	18	2
27	19	1
27	20	1
27	22	5
27	23	2
27	25	3
27	26	2
28	2	1
28	5	5
28	6	4
28	7	2
28	8	1
28	9	3
28	10	1
28	11	2
28	12	4
28	14	1
28	15	4
28	16	1
28	18	2
28	20	1
28	21	1
28	22	4
28	24	3
28	25	5
28	26	4
28	27	5
29	0	1
29	3	2
29	4	1
29	5	1
29	6	1
29	7	1
29	8	1
29	10	1
29	11	1
29	12	1
29	13	1
29	23	1
29	24	2
29	26	2
29	28	6
30	1	1
30	2	3
30	3	1
30	11	2
30	12	1
30	14	1
30	17	1
30	19	1
30	23	1
30	24	3
30	25	1
31	1	2
31	5	1
31	7	1
31	8	1
31	9	2
31	12	1
31	13	1
31	16	1
31	18	3
31	19	1
31	23	1
31	24	1
31	27	1
31	28	1
31	29	1
31	30	1
32	2	1
32	6	1
32	9	1
32	16	1
32	22	1
32	23	2
32	24	1
32	25	1
32	26	1
32	27	1
32	28	1
32	30	4
32	31	2
33	2	2
33	6	1
33	7	2
33	9	1
33	13	1
33	16	1
33	22	1
33	25	2
33	26	2
33	27	1
33	28	2
33	30	2
33	31	2
33	32	3
34	0	1
34	1	1
34	2	1
34	4	2
34	7	2
34	9	2
34	11	1
34	12	1
34	13	1
34	15	1
34	17	1
34	25	1
34	28	1
34	30	2
34	31	3
34	32	4
34	33	8
35	2	3
35	3	1
35	4	2
35	5	1
35	6	2
35	7	1
35	8	5
35	9	2
35	10	3
35	11	2
35	13	4
35	15	2
35	16	1
35	17	1
35	18	1
35	19	2
35	22	3
35	23	2
35	24	3
35	25	6
35	26	2
35	27	2
35	28	2
35	29	2
35	30	1
35	31	1
35	32	1
35	34	2
36	4	2
36	6	2
36	8	1
36	9	3
36	10	5
36	11	1
36	12	1
36	13	1
36	14	1
36	15	1
36	16	2
36	17	2
36	18	1
36	20	1
36	21	1
36	22	2
36	24	1
36	26	2
36	27	4
36	28	2
36	29	2
36	30	1
36	31	1
36	33	1
36	35	3
37	3	1
37	4	1
37	5	3
37	6	3
37	7	3
37	8	2
37	9	1
37	10	3
37	11	2
37	12	1
37	13	5
37	15	1
37	17	2
37	20	1
37	22	1
37	23	3
37	24	1
37	25	2
37	26	1
37	27	2
37	28	3
37	29	1
37	33	3
37	35	7
38	3	2
38	4	3
38	5	1
38	6	1
38	7	2
38	8	1
38	9	5
38	10	2
38	11	4
38	14	1
38	15	3
38	16	2
38	19	1
38	20	1
38	21	2
38	22	2
38	24	4
38	25	5
38	27	4
38	28	3
38	29	2
38	31	2
38	32	1
38	35	11
38	36	1
38	37	9
39	0	1
39	4	2
39	5	2
39	7	1
39	8	3
39	9	2
39	10	1
39	11	3
39	12	1
39	13	1
39	17	1
39	20	2
39	22	3
39	25	1
39	26	1
39	27	1
39	28	1
39	31	4
39	34	1
39	35	3
39	36	2
39	37	5
39	38	9
40	1	1
40	3	4
40	4	1
40	7	2
40	8	1
40	9	3
40	10	1
40	12	2
40	13	1
40	15	1
40	16	1
40	17	4
40	18	2
40	19	2
40	20	1
40	22	1
40	23	1
40	24	2
40	25	2
40	26	2
40	27	2
40	28	4
40	29	5
40	30	3
40	32	1
40	36	2
40	37	1
40	38	3
41	1	1
41	3	3
41	4	2
41	6	2
41	7	2
41	8	1
41	9	2
41	10	1
41	11	3
41	12	3
41	13	1
41	15	2
41	17	1
41	19	1
41	20	3
41	21	1
41	23	3
41	24	3
41	25	2
41	27	2
41	28	1
41	30	2
41	32	1
41	33	4
41	34	4
41	35	2
41	37	1
41	38	3
41	39	2
41	40	5
42	0	2
42	1	1
42	3	1
42	4	1
42	6	1
42	7	1
42	8	1
42	10	2
42	13	2
42	15	3
42	16	1
42	17	1
42	21	1
42	22	1
42	24	4
42	25	2
42	27	3
42	28	1
42	29	2
42	30	3
42	31	1
42	32	5
42	33	4
42	34	3
42	35	2
42	36	1
42	38	1
42	39	1
42	40	2
42	41	5
43	4	1
43	5	3
43	8	3
43	10	1
43	11	1
43	12	2
43	13	2
43	14	1
43	15	1
43	17	1
43	18	1
43	19	1
43	25	1
43	27	2
43	29	2
43	32	2
43	33	3
43	34	2
43	37	2
43	38	1
43	40	4
43	41	3
43	42	7
44	0	2
44	6	2
44	8	3
44	9	1
44	10	1
44	12	1
44	14	2
44	22	1
44	29	1
44	30	1
44	31	1
44	32	6
44	33	1
44	34	4
44	35	1
44	36	2
44	40	2
44	41	1
44	42	1
44	43	5
45	8	2
45	9	2
45	12	1
45	13	1
45	14	1
45	17	1
45	25	1
45	27	1
45	29	1
45	30	3
45	31	1
45	33	2
45	38	1
45	39	1
45	43	4
45	44	10
46	1	1
46	2	1
46	5	1
46	12	3
46	13	2
46	19	1
46	20	1
46	23	2
46	29	2
46	30	1
46	31	2
46	32	3
46	33	5
46	34	2
46	38	2
46	39	1
46	40	1
46	41	1
46	42	1
46	43	4
46	44	1
46	45	4
47	3	1
47	7	3
47	8	5
47	10	3
47	11	1
47	12	4
47	14	3
47	19	2
47	23	1
47	24	1
47	25	2
47	28	2
47	30	1
47	31	1
47	32	1
47	33	2
47	35	3
47	38	2
47	39	2
47	40	1
47	41	1
47	42	2
47	43	4
47	46	2
48	1	1
48	3	2
48	5	1
48	6	1
48	7	1
48	8	2
48	9	1
48	10	3
48	11	4
48	12	1
48	13	1
48	14	1
48	15	2
48	16	2
48	20	1
48	22	1
48	23	1
48	24	2
48	25	1
48	26	1
48	27	1
48	29	2
48	30	2
48	32	1
48	35	1
48	38	2
48	39	3
48	40	1
48	41	3
48	43	2
48	44	1
48	46	1
48	47	5
49	2	1
49	3	1
49	4	1
49	6	6
49	7	2
49	8	9
49	9	6
49	10	3
49	11	5
49	12	2
49	13	1
49	14	1
49	15	2
49	16	2
49	17	1
49	20	2
49	21	4
49	23	1
49	24	5
49	25	1
49	27	6
49	28	3
49	29	1
49	30	2
49	31	2
49	33	1
49	34	3
49	37	3
49	38	4
49	39	3
49	41	1
49	42	6
49	43	2
49	44	1
49	47	5
49	48	10
50	3	1
50	4	1
50	5	1
50	7	3
50	8	2
50	9	4
50	11	1
50	12	4
50	13	2
50	14	1
50	15	2
50	16	2
50	17	2
50	20	1
50	21	1
50	23	1
50	27	2
50	28	1
50	34	2
50	35	2
50	36	1
50	38	1
50	39	1
50	40	1
50	41	1
50	43	1
50	44	1
50	47	5
50	48	2
50	49	4
51	3	1
51	4	3
51	5	1
51	6	3
51	8	1
51	10	1
51	11	1
51	14	3
51	15	3
51	16	5
51	17	1
51	18	1
51	19	1
51	20	2
51	21	2
51	24	2
51	25	3
51	27	3
51	29	1
51	31	1
51	33	1
51	34	2
51	37	1
51	38	1
51	40	2
51	41	1
51	43	2
51	44	1
51	46	2
51	47	2
51	48	2
51	49	3
51	50	2
52	2	1
52	3	2
52	5	2
52	7	2
52	8	1
52	9	2
52	10	2
52	11	1
52	12	3
52	13	1
52	15	3
52	16	2
52	17	1
52	18	2
52	19	3
52	20	2
52	21	1
52	22	3
52	23	1
52	24	1
52	25	1
52	26	1
52	27	1
52	30	2
52	32	1
52	34	1
52	35	5
52	37	2
52	38	1
52	42	1
52	43	4
52	45	2
52	47	4
52	48	2
52	49	4
52	50	1
52	51	8
53	1	2
53	3	1
53	4	1
53	5	1
53	7	2
53	8	3
53	9	2
53	10	2
53	11	5
53	13	2
53	14	1
53	15	2
53	16	2
53	18	1
53	21	1
53	24	2
53	26	2
53	27	2
53	28	1
53	29	2
53	31	4
53	32	1
53	34	1
53	35	1
53	36	3
53	37	3
53	38	1
53	40	2
53	41	3
53	42	3
53	43	2
53	45	1
53	46	1
53	47	2
53	48	3
53	49	5
53	50	3
53	51	1
54	3	2
54	4	1
54	5	1
54	6	4
54	8	4
54	9	2
54	10	3
54	11	1
54	12	4
54	13	2
54	14	2
54	15	1
54	18	1
54	19	2
54	20	1
54	22	3
54	26	2
54	27	2
54	29	3
54	30	2
54	31	1
54	33	2
54	34	1
54	35	1
54	36	1
54	37	1
54	38	2
54	39	1
54	40	1
54	41	1
54	42	6
54	43	2
54	44	1
54	45	1
54	46	1
54	47	1
54	48	1
54	49	3
54	51	3
54	52	1
54	53	1
55	3	1
55	4	1
55	5	3
55	6	2
55	7	4
55	9	2
55	14	1
55	19	1
55	21	1
55	23	1
55	24	1
55	25	2
55	27	1
55	29	1
55	30	2
55	31	1
55	32	3
55	33	1
55	34	3
55	35	1
55	36	1
55	38	2
55	39	2
55	40	1
55	41	1
55	42	3
55	43	3
55	44	1
55	45	2
55	46	2
55	48	1
55	49	1
55	52	3
55	53	5
55	54	6
56	3	1
56	4	1
56	5	1
56	6	6
56	7	7
56	8	1
56	9	1
56	10	1
56	11	1
56	12	2
56	13	3
56	14	3
56	15	1
56	16	2
56	19	1
56	20	2
56	23	1
56	24	2
56	25	2
56	27	1
56	28	2
56	29	1
56	30	1
56	32	1
56	34	2
56	35	1
56	36	1
56	37	1
56	42	2
56	44	2
56	46	2
56	47	3
56	48	3
56	49	2
56	50	5
56	51	1
56	52	2
56	53	1
56	54	2
56	55	8
57	4	2
57	5	1
57	6	5
57	7	2
57	8	6
57	9	1
57	11	1
57	12	1
57	14	2
57	20	1
57	23	2
57	24	1
57	26	2
57	27	1
57	28	2
57	29	3
57	30	1
57	31	1
57	33	1
57	34	2
57	35	2
57	36	3
57	37	1
57	38	1
57	39	1
57	40	1
57	41	2
57	43	1
57	45	1
57	47	3
57	49	4
57	50	1
57	52	4
57	53	4
57	54	4
57	55	7
57	56	5
58	1	1
58	3	1
58	4	4
58	5	4
58	6	3
58	7	2
58	8	1
58	9	2
58	10	2
58	11	2
58	12	1
58	13	3
58	14	2
58	16	1
58	17	1
58	18	2
58	19	3
58	20	1
58	22	2
58	23	1
58	24	3
58	25	2
58	26	1
58	27	1
58	28	1
58	29	2
58	30	3
58	32	1
58	34	1
58	35	2
58	36	1
58	38	1
58	39	2
58	41	2
58	42	1
58	43	1
58	45	3
58	46	2
58	47	1
58	48	1
58	52	1
58	53	4
58	54	2
58	55	4
58	56	2
58	57	8
59	5	1
59	6	1
59	9	1
59	13	1
59	15	3
59	17	1
59	18	1
59	19	2
59	25	2
59	26	1
59	27	2
59	28	2
59	29	1
59	30	1
59	33	1
59	34	3
59	35	1
59	38	1
59	40	1
59	43	1
59	49	1
59	53	1
59	54	3
59	55	1
59	58	1
60	0	2
60	1	1
60	2	3
60	5	1
60	8	4
60	10	1
60	11	1
60	12	1
60	13	1
60	25	1
60	27	1
60	28	1
60	30	2
60	33	2
60	34	2
60	36	1
60	38	1
60	39	1
60	41	1
60	42	3
60	43	4
60	44	1
60	45	2
60	46	3
60	49	1
60	51	2
60	53	1
60	56	3
60	57	2
60	58	1
