1	0	4
2	0	4
2	1	7
4	3	6
5	0	1
5	1	1
5	2	1
5	3	2
5	4	7
6	3	1
6	4	1
7	4	1
7	6	7
8	2	1
8	3	1
8	5	1
8	6	12
8	7	2
9	3	1
9	4	1
9	5	1
9	6	4
9	7	1
9	8	5
10	2	2
10	4	2
10	5	1
10	6	2
10	7	4
10	8	1
10	9	10
11	3	1
11	6	3
11	7	2
11	8	3
11	9	5
11	10	6
12	3	2
12	4	1
12	5	1
12	6	2
12	7	2
12	8	3
12	9	2
12	10	4
12	11	3
13	4	3
13	6	2
13	7	7
13	8	3
13	9	6
13	10	10
13	11	4
13	12	4
14	0	1
14	4	1
14	6	1
14	7	3
14	8	2
14	9	2
14	10	1
14	12	1
15	3	2
15	4	2
15	8	3
15	9	3
15	10	3
15	11	1
15	12	3
15	13	2
15	14	8
16	3	2
16	4	1
16	5	4
16	7	1
16	8	3
16	9	1
16	10	3
16	12	1
16	13	3
16	14	2
16	15	8
17	3	3
17	4	3
17	5	1
17	8	2
17	9	2
17	12	1
17	13	3
17	15	3
17	16	1
18	3	1
18	4	1
18	5	3
18	6	1
18	7	3
18	10	1
18	11	2
18	13	2
18	16	1
18	17	4
19	3	3
19	5	2
19	6	2
19	7	1
19	13	2
19	14	3
19	15	3
19	16	3
19	17	6
19	18	6
20	4	1
20	5	2
20	6	1
20	10	3
20	11	1
20	12	1
20	13	2
20	14	2
20	15	1
20	16	1
20	17	3
20	18	3
20	19	4
21	1	1
21	5	1
21	7	3
21	9	2
21	10	1
21	12	2
21	13	2
21	15	3
21	17	4
21	19	3
21	20	5
22	3	2
22	4	2
22	5	2
22	6	1
22	7	3
22	9	4
22	10	3
22	11	3
22	12	3
22	13	2
22	14	1
22	17	3
22	18	3
22	19	1
22	20	1
22	21	2
23	3	2
23	4	2
23	5	1
23	7	1
23	8	1
23	9	1
23	10	1
23	11	3
23	12	2
23	13	1
23	15	3
23	16	1
23	17	1
23	18	1
23	19	2
23	20	1
23	22	4
24	3	1
24	4	2
24	5	3
24	6	1
24	7	2
24	8	3
24	9	3
24	12	1
24	14	3
24	16	2
24	17	6
24	19	3
24	20	2
24	22	1
24	23	8
25	2	1
25	4	5
25	5	2
25	6	2
25	7	3
25	8	1
25	9	4
25	11	1
25	12	2
25	14	1
25	15	3
25	16	1
25	18	3
25	19	1
25	20	1
25	21	1
25	22	3
25	23	2
25	24	2
26	4	2
26	8	1
26	9	1
26	11	2
26	12	1
26	18	3
26	19	1
26	23	1
26	24	1
26	25	3
27	3	1
27	4	2
27	5	3
27	6	2
27	7	2
27	8	3
27	9	3
27	10	5
27	11	1
27	12	4
27	13	2
27	14	1
27	15	1
27	16	2
27	17	2
27	19	3
27	21	1
27	22	2
27	24	3
27	25	2
28	4	5
28	5	2
28	6	1
28	8	2
28	9	1
28	10	2
28	11	4
28	13	1
28	14	1
28	15	3
28	16	1
28	18	1
28	19	4
28	21	1
28	22	2
28	23	1
28	24	1
28	25	2
28	26	1
28	27	2
29	3	2
29	4	1
29	6	1
29	7	1
29	10	1
29	11	3
29	13	1
29	14	1
29	22	2
29	23	1
29	25	1
29	27	1
29	28	2
30	3	2
30	5	2
30	6	3
30	7	2
30	8	1
30	9	3
30	10	1
30	12	1
30	13	2
30	15	1
30	17	4
30	21	2
30	23	2
30	25	1
30	27	5
30	28	2
30	29	1
31	2	1
31	6	1
31	8	3
31	10	2
31	11	2
31	12	2
31	13	1
31	15	2
31	18	1
31	21	1
31	24	2
31	25	1
31	27	1
31	28	4
31	29	2
31	30	1
32	10	1
32	11	1
32	14	1
32	15	2
32	16	3
32	17	1
32	19	1
32	23	2
32	26	1
32	27	1
32	28	1
32	30	2
33	4	2
33	5	2
33	6	3
33	7	2
33	8	1
33	10	1
33	11	1
33	13	1
33	15	1
33	22	2
33	24	3
33	25	1
33	27	1
33	29	1
33	30	2
33	31	4
33	32	7
34	0	1
34	1	2
34	2	1
34	4	1
34	6	1
34	7	1
34	8	1
34	9	3
34	10	2
34	11	1
34	12	1
34	13	1
34	15	2
34	16	1
34	17	1
34	21	3
34	24	3
34	26	1
34	28	1
34	29	1
34	30	3
34	31	4
34	32	5
34	33	4
35	1	1
35	3	1
35	4	2
35	5	2
35	6	2
35	7	1
35	8	1
35	9	4
35	10	2
35	11	3
35	12	1
35	13	1
35	14	1
35	15	3
35	17	1
35	18	2
35	22	1
35	23	2
35	24	2
35	25	3
35	26	2
35	27	3
35	28	3
35	30	1
35	32	2
35	33	1
36	3	3
36	5	2
36	6	1
36	7	2
36	8	2
36	9	1
36	10	4
36	11	3
36	12	3
36	13	3
36	16	3
36	17	1
36	18	1
36	19	1
36	20	1
36	21	3
36	24	4
36	26	2
36	27	4
36	28	2
36	29	1
36	30	1
36	32	1
36	35	4
37	3	1
37	4	2
37	5	2
37	7	1
37	8	3
37	9	1
37	10	1
37	11	4
37	12	1
37	13	2
37	14	2
37	16	1
37	18	1
37	21	1
37	22	1
37	23	2
37	24	1
37	25	2
37	26	3
37	27	3
37	28	5
37	34	1
37	35	7
37	36	2
38	8	4
38	9	6
38	11	3
38	13	1
38	14	3
38	19	1
38	21	1
38	22	3
38	23	1
38	25	4
38	27	3
38	28	2
38	29	6
38	31	1
38	33	1
38	35	10
38	36	5
38	37	8
39	0	1
39	6	1
39	7	1
39	8	2
39	9	3
39	10	4
39	11	3
39	13	1
39	14	2
39	16	1
39	19	1
39	20	3
39	22	1
39	23	4
39	24	1
39	25	2
39	26	1
39	27	1
39	28	2
39	29	1
39	30	1
39	31	1
39	32	3
39	33	1
39	35	4
39	36	3
39	37	3
39	38	8
40	0	1
40	3	1
40	4	2
40	10	2
40	11	1
40	12	2
40	16	1
40	17	1
40	18	1
40	19	1
40	21	2
40	23	1
40	24	2
40	26	1
40	27	2
40	28	3
40	29	4
40	30	1
40	31	3
40	32	1
40	33	1
40	34	1
40	35	2
40	36	1
40	37	2
40	38	1
40	39	5
41	5	4
41	6	1
41	8	2
41	9	3
41	10	1
41	11	2
41	12	3
41	16	2
41	17	1
41	18	1
41	19	1
41	20	1
41	22	2
41	23	2
41	24	4
41	25	2
41	27	3
41	28	4
41	29	1
41	30	4
41	31	3
41	32	1
41	33	1
41	34	1
41	35	2
41	36	1
41	37	1
41	38	3
41	39	3
41	40	1
42	0	2
42	1	1
42	8	3
42	9	3
42	10	2
42	11	1
42	12	3
42	13	1
42	15	1
42	17	1
42	18	1
42	22	1
42	24	1
42	27	2
42	28	1
42	29	1
42	30	4
42	31	4
42	32	3
42	33	2
42	34	5
42	35	1
42	38	3
42	39	2
42	40	3
42	41	5
43	7	2
43	8	1
43	11	1
43	12	1
43	16	2
43	18	1
43	19	1
43	20	1
43	24	2
43	25	1
43	30	6
43	31	2
43	32	2
43	33	3
43	34	4
43	35	2
43	38	3
43	40	1
43	41	2
44	0	1
44	5	1
44	8	1
44	11	1
44	12	1
44	13	1
44	14	1
44	16	1
44	22	1
44	27	1
44	29	1
44	31	2
44	33	2
44	35	3
44	36	1
44	38	1
44	40	1
44	41	3
44	42	3
44	43	2
45	8	2
45	10	2
45	12	1
45	16	1
45	25	1
45	30	2
45	33	1
45	34	2
45	41	1
45	42	3
45	43	4
45	44	9
46	0	1
46	5	1
46	11	1
46	12	1
46	18	1
46	20	2
46	22	1
46	28	1
46	30	1
46	31	3
46	32	4
46	34	1
46	36	2
46	40	1
46	41	4
46	42	1
46	43	2
46	44	1
46	45	2
47	2	1
47	3	2
47	4	1
47	6	2
47	7	1
47	8	5
47	9	2
47	11	4
47	12	3
47	13	3
47	16	2
47	18	1
47	19	1
47	21	1
47	22	2
47	24	2
47	28	1
47	30	3
47	31	1
47	32	1
47	33	1
47	34	2
47	35	3
47	37	1
47	39	2
47	42	4
47	43	2
47	44	2
47	45	2
48	3	1
48	4	2
48	6	1
48	7	2
48	8	3
48	10	2
48	11	3
48	12	1
48	13	4
48	15	2
48	16	2
48	17	4
48	18	1
48	21	2
48	23	1
48	25	1
48	27	5
48	28	2
48	30	1
48	31	2
48	34	2
48	36	1
48	37	1
48	38	1
48	39	1
48	40	2
48	41	2
48	42	1
48	43	2
48	44	2
48	46	1
48	47	3
49	2	2
49	3	1
49	4	2
49	5	1
49	6	2
49	7	2
49	8	9
49	9	5
49	10	5
49	11	1
49	12	7
49	13	1
49	15	4
49	16	2
49	17	1
49	18	2
49	19	3
49	20	1
49	24	1
49	25	3
49	26	1
49	27	1
49	28	4
49	29	2
49	30	2
49	31	1
49	32	2
49	33	1
49	34	2
49	38	3
49	41	3
49	42	4
49	44	4
49	46	1
49	47	3
49	48	7
50	2	1
50	4	1
50	5	1
50	6	3
50	7	1
50	8	3
50	9	1
50	10	1
50	11	1
50	13	5
50	14	1
50	15	3
50	16	2
50	17	1
50	19	1
50	21	4
50	22	3
50	24	1
50	25	2
50	27	1
50	28	1
50	29	1
50	34	2
50	35	1
50	36	1
50	37	2
50	39	2
50	40	2
50	42	1
50	43	2
50	44	1
50	46	1
50	47	2
50	48	3
50	49	12
51	1	2
51	4	1
51	5	1
51	7	6
51	8	4
51	9	1
51	10	3
51	11	1
51	12	2
51	13	2
51	14	2
51	16	3
51	17	1
51	18	1
51	19	1
51	21	3
51	22	2
51	24	2
51	27	2
51	28	4
51	31	1
51	33	1
51	34	1
51	36	1
51	37	2
51	38	1
51	39	1
51	40	2
51	41	1
51	42	1
51	44	1
51	45	2
51	47	1
51	48	1
51	49	4
51	50	4
52	3	3
52	6	1
52	7	3
52	8	4
52	9	2
52	10	3
52	11	5
52	12	2
52	14	2
52	15	1
52	17	1
52	18	1
52	19	1
52	21	2
52	24	2
52	25	1
52	26	3
52	27	2
52	28	3
52	31	1
52	32	1
52	33	2
52	34	1
52	35	1
52	36	1
52	37	1
52	41	1
52	43	1
52	46	1
52	47	3
52	48	5
52	49	2
52	50	6
52	51	8
53	1	1
53	2	1
53	4	3
53	5	3
53	6	2
53	7	1
53	8	1
53	9	4
53	10	1
53	11	5
53	12	1
53	13	2
53	14	3
53	16	3
53	18	2
53	19	1
53	24	1
53	27	1
53	28	4
53	30	4
53	31	1
53	32	1
53	33	3
53	34	1
53	35	2
53	36	1
53	37	4
53	38	3
53	39	2
53	41	3
53	42	4
53	43	2
53	44	1
53	45	2
53	46	3
53	47	2
53	48	4
53	49	3
53	50	3
53	51	3
53	52	3
54	0	1
54	4	3
54	5	2
54	6	2
54	8	4
54	9	3
54	10	1
54	11	1
54	13	3
54	14	1
54	15	3
54	16	3
54	17	1
54	18	1
54	19	1
54	22	1
54	24	3
54	25	3
54	26	2
54	27	1
54	28	3
54	29	3
54	32	1
54	33	2
54	34	1
54	35	1
54	36	1
54	37	1
54	38	1
54	40	2
54	41	1
54	42	2
54	43	2
54	44	1
54	45	2
54	46	1
54	47	1
54	48	1
54	49	5
54	50	1
54	51	1
54	52	2
54	53	5
55	0	1
55	3	3
55	4	1
55	5	3
55	6	3
55	7	1
55	8	7
55	9	1
55	10	2
55	11	2
55	12	3
55	13	1
55	14	1
55	16	1
55	17	1
55	19	1
55	20	1
55	21	1
55	23	1
55	25	2
55	27	2
55	28	2
55	29	1
55	30	2
55	31	1
55	32	2
55	33	2
55	34	4
55	35	2
55	36	4
55	38	1
55	39	1
55	40	1
55	41	2
55	42	2
55	43	3
55	45	2
55	46	2
55	48	3
55	49	5
55	50	1
55	51	3
55	52	1
55	53	2
55	54	6
56	4	2
56	5	5
56	6	1
56	7	3
56	8	3
56	9	1
56	10	2
56	11	2
56	12	1
56	14	2
56	15	1
56	17	1
56	21	1
56	22	1
56	23	1
56	24	2
56	25	2
56	26	1
56	27	2
56	28	1
56	30	2
56	31	1
56	33	1
56	36	1
56	38	2
56	39	2
56	41	1
56	42	1
56	43	2
56	44	4
56	45	1
56	47	4
56	48	1
56	49	4
56	50	1
56	51	7
56	52	3
56	53	3
56	54	1
56	55	5
57	2	1
57	4	1
57	5	3
57	6	3
57	7	3
57	8	5
57	9	6
57	11	1
57	12	2
57	13	3
57	14	1
57	15	3
57	16	6
57	18	3
57	19	1
57	20	1
57	21	1
57	23	2
57	24	1
57	25	2
57	26	2
57	28	5
57	29	1
57	31	1
57	33	1
57	34	1
57	35	3
57	36	1
57	37	2
57	38	2
57	39	1
57	40	1
57	41	1
57	45	1
57	46	1
57	47	2
57	49	2
57	50	1
57	51	1
57	52	2
57	53	1
57	55	6
57	56	1
58	4	1
58	5	4
58	6	3
58	7	1
58	8	1
58	12	2
58	15	3
58	16	2
58	18	1
58	19	1
58	22	2
58	23	1
58	24	2
58	25	1
58	27	3
58	29	1
58	31	1
58	32	1
58	33	1
58	34	2
58	35	1
58	36	2
58	37	1
58	38	1
58	39	2
58	40	1
58	41	1
58	42	1
58	43	3
58	45	1
58	46	1
58	47	1
58	48	1
58	49	3
58	50	2
58	51	1
58	52	3
58	53	1
58	54	1
58	55	4
58	56	8
58	57	4
59	2	1
59	5	2
59	6	1
59	7	1
59	8	1
59	12	1
59	15	2
59	16	2
59	17	1
59	18	1
59	23	2
59	26	1
59	27	1
59	28	2
59	29	1
59	31	2
59	34	2
59	35	1
59	39	1
59	40	1
59	41	1
59	44	2
59	51	1
59	52	1
59	53	1
59	55	3
59	57	1
59	58	1
60	2	2
60	4	1
60	5	1
60	7	2
60	8	3
60	9	2
60	10	1
60	11	2
60	15	1
60	16	2
60	17	2
60	20	2
60	22	1
60	32	1
60	34	2
60	36	1
60	38	1
60	40	1
60	41	1
60	42	1
60	43	2
60	44	3
60	45	2
60	48	4
60	52	1
60	53	3
60	54	1
60	55	1
60	57	1
60	59	1
