1	0	1
2	0	2
2	1	7
4	3	8
5	3	2
5	4	7
6	4	1
6	5	1
7	0	1
7	1	1
7	4	2
7	5	3
7	6	5
8	1	2
8	3	3
8	4	3
8	5	3
8	6	5
8	7	6
9	3	1
9	4	1
9	5	1
9	6	4
9	7	4
9	8	5
10	1	1
10	3	2
10	4	3
10	5	1
10	6	3
10	7	3
10	8	3
10	9	3
11	2	1
11	4	3
11	5	1
11	6	1
11	8	2
11	9	3
11	10	7
12	4	1
12	5	1
12	6	1
12	7	2
12	8	1
12	9	2
12	10	5
12	11	7
13	1	1
13	2	2
13	3	2
13	4	1
13	6	2
13	7	2
13	8	5
13	9	2
13	10	3
13	11	2
13	12	6
14	3	2
14	5	2
14	6	1
14	7	1
14	10	3
14	11	2
14	12	2
14	13	6
15	3	1
15	6	2
15	7	2
15	8	1
15	12	4
15	13	5
15	14	12
16	4	4
16	7	2
16	8	3
16	9	2
16	10	1
16	11	2
16	12	1
16	13	1
16	14	2
16	15	7
17	2	1
17	3	2
17	4	4
17	5	2
17	6	2
17	7	2
17	8	2
17	9	5
17	10	1
17	11	2
17	12	1
17	13	2
17	14	2
17	15	1
17	16	1
18	2	2
18	3	9
18	4	2
18	5	1
18	7	2
18	8	3
18	9	2
18	10	2
18	11	1
18	16	2
18	17	2
19	3	1
19	4	2
19	5	3
19	6	1
19	7	3
19	8	2
19	9	4
19	10	2
19	11	1
19	13	1
19	14	1
19	15	2
19	16	2
19	17	3
19	18	6
20	3	5
20	4	1
20	5	2
20	7	1
20	8	2
20	9	1
20	10	1
20	13	2
20	14	1
20	15	5
20	16	3
20	17	2
20	18	1
20	19	6
21	3	2
21	4	1
21	5	1
21	7	1
21	8	3
21	9	2
21	10	1
21	11	1
21	12	4
21	13	3
21	14	3
21	15	5
21	16	2
21	17	7
21	19	2
21	20	5
22	3	1
22	4	3
22	6	4
22	7	3
22	8	4
22	9	4
22	10	3
22	11	1
22	12	1
22	14	2
22	15	1
22	16	1
22	17	1
22	18	4
22	21	2
23	3	1
23	5	2
23	6	3
23	7	3
23	8	1
23	9	3
23	11	1
23	12	2
23	13	1
23	15	2
23	16	2
23	17	1
23	19	2
23	21	1
23	22	2
24	3	4
24	5	5
24	6	3
24	7	3
24	8	5
24	9	2
24	10	2
24	12	1
24	13	4
24	14	1
24	15	2
24	17	1
24	18	5
24	19	1
24	21	1
24	22	1
24	23	8
25	3	2
25	4	1
25	5	2
25	6	2
25	7	1
25	8	3
25	10	2
25	11	1
25	12	1
25	13	1
25	15	1
25	16	1
25	17	2
25	18	2
25	19	1
25	20	2
25	21	1
25	22	2
25	23	1
25	24	2
26	3	1
26	4	3
26	5	2
26	11	2
26	14	1
26	15	1
26	18	3
26	19	1
26	20	2
26	22	2
26	24	1
26	25	1
27	3	1
27	4	1
27	5	1
27	6	2
27	8	2
27	9	4
27	10	2
27	11	2
27	12	4
27	13	3
27	14	1
27	17	3
27	19	1
27	20	4
27	21	4
27	22	2
27	23	2
27	24	3
27	25	4
28	2	2
28	3	3
28	4	4
28	5	4
28	6	1
28	8	3
28	9	4
28	10	1
28	11	4
28	12	1
28	14	2
28	15	2
28	16	1
28	17	1
28	18	1
28	21	1
28	22	1
28	23	2
28	24	2
28	25	3
28	27	10
29	4	1
29	5	1
29	7	1
29	8	2
29	9	1
29	10	4
29	11	1
29	12	1
29	13	2
29	17	1
29	23	1
29	24	1
29	25	3
29	26	1
29	27	3
29	28	4
30	1	3
30	3	1
30	6	1
30	7	1
30	8	1
30	11	1
30	12	1
30	13	2
30	14	2
30	15	1
30	16	2
30	19	1
30	23	1
30	24	1
30	27	2
30	28	1
30	29	1
31	2	1
31	5	1
31	6	2
31	8	2
31	10	2
31	11	2
31	12	1
31	13	2
31	22	1
31	23	2
31	25	3
31	28	3
31	29	2
31	30	1
32	4	2
32	5	1
32	8	5
32	9	1
32	11	2
32	12	2
32	16	1
32	18	1
32	19	1
32	22	1
32	25	1
32	26	1
32	27	1
32	28	1
32	29	1
32	30	3
32	31	3
33	2	1
33	3	3
33	4	3
33	5	1
33	8	1
33	10	1
33	11	1
33	12	2
33	13	1
33	15	2
33	25	1
33	26	1
33	27	3
33	28	2
33	29	1
33	30	5
33	31	2
33	32	1
34	0	1
34	1	1
34	4	2
34	7	1
34	8	1
34	10	1
34	11	2
34	21	1
34	27	2
34	29	1
34	30	1
34	31	4
34	32	2
34	33	3
35	1	1
35	4	3
35	6	2
35	7	1
35	8	1
35	9	1
35	10	1
35	11	2
35	12	1
35	13	2
35	14	1
35	17	3
35	19	3
35	21	1
35	22	1
35	23	1
35	24	2
35	25	1
35	26	2
35	27	1
35	28	3
35	30	1
36	6	2
36	7	3
36	8	2
36	9	4
36	10	4
36	11	3
36	12	2
36	13	1
36	15	1
36	17	4
36	18	1
36	19	1
36	20	1
36	21	1
36	22	2
36	23	1
36	24	3
36	26	2
36	27	4
36	29	2
36	30	1
36	33	1
36	35	6
37	3	2
37	4	3
37	6	2
37	8	2
37	9	3
37	10	1
37	11	1
37	12	1
37	13	2
37	15	1
37	16	1
37	17	2
37	19	2
37	20	4
37	21	1
37	22	3
37	23	1
37	24	3
37	25	3
37	26	1
37	27	7
37	28	5
37	30	2
37	31	1
37	34	1
37	35	3
37	36	4
38	3	1
38	4	2
38	6	1
38	7	2
38	8	2
38	9	2
38	10	2
38	11	1
38	12	1
38	16	3
38	23	4
38	24	3
38	25	4
38	26	1
38	27	3
38	28	5
38	29	2
38	31	1
38	32	2
38	33	2
38	34	1
38	35	5
38	36	4
38	37	5
39	4	1
39	6	1
39	8	2
39	10	1
39	11	3
39	12	3
39	13	3
39	14	1
39	15	3
39	16	1
39	17	1
39	18	2
39	19	1
39	20	1
39	21	2
39	23	1
39	24	1
39	25	3
39	26	1
39	28	3
39	29	1
39	32	1
39	33	2
39	34	1
39	35	3
39	36	1
39	37	2
39	38	11
40	0	1
40	1	1
40	4	1
40	5	2
40	6	1
40	7	1
40	8	2
40	9	6
40	10	1
40	11	1
40	12	2
40	13	1
40	14	1
40	15	2
40	17	2
40	18	1
40	19	1
40	20	1
40	21	2
40	24	1
40	25	1
40	26	1
40	27	5
40	28	4
40	29	4
40	30	1
40	31	2
40	33	1
40	34	1
40	35	3
40	36	1
40	37	4
40	38	3
40	39	3
41	1	1
41	4	1
41	5	1
41	7	3
41	8	3
41	9	2
41	10	4
41	11	4
41	12	3
41	14	1
41	15	1
41	16	1
41	17	1
41	18	1
41	19	1
41	22	1
41	23	1
41	27	4
41	28	3
41	30	4
41	31	1
41	32	2
41	34	1
41	38	5
41	40	4
42	1	1
42	3	1
42	4	1
42	5	2
42	6	1
42	7	2
42	8	3
42	9	1
42	10	2
42	12	1
42	15	1
42	17	1
42	18	2
42	21	1
42	22	2
42	24	1
42	25	1
42	27	1
42	29	1
42	30	4
42	31	2
42	33	2
42	34	3
42	36	1
42	37	1
42	40	3
42	41	1
43	2	1
43	4	2
43	5	1
43	6	1
43	11	2
43	13	2
43	15	2
43	18	2
43	24	3
43	27	2
43	29	1
43	30	1
43	31	3
43	32	3
43	33	1
43	34	3
43	35	2
43	37	1
43	38	1
43	39	1
43	41	2
43	42	2
44	0	2
44	6	2
44	7	1
44	8	1
44	11	2
44	12	1
44	15	1
44	16	1
44	17	1
44	19	2
44	23	1
44	24	1
44	27	1
44	28	1
44	31	2
44	32	2
44	33	5
44	35	2
44	38	1
44	42	2
44	43	8
45	1	1
45	2	1
45	4	1
45	8	2
45	10	1
45	13	1
45	14	1
45	15	1
45	16	2
45	18	1
45	25	2
45	27	1
45	30	5
45	31	3
45	32	1
45	33	1
45	34	1
45	35	1
45	38	1
45	41	2
45	43	4
45	44	4
46	0	1
46	1	2
46	2	1
46	5	1
46	6	2
46	8	2
46	9	1
46	13	1
46	19	1
46	25	1
46	27	1
46	28	1
46	30	4
46	32	4
46	38	1
46	39	1
46	41	1
46	42	5
46	43	2
46	44	3
46	45	8
47	7	2
47	9	1
47	10	2
47	11	2
47	12	1
47	13	3
47	15	3
47	16	2
47	17	1
47	18	1
47	19	1
47	20	1
47	22	1
47	24	1
47	27	2
47	28	1
47	29	1
47	30	3
47	32	1
47	33	2
47	34	1
47	35	2
47	36	1
47	37	1
47	39	1
47	40	1
47	41	2
47	42	4
47	43	3
47	44	1
48	0	2
48	3	2
48	6	2
48	8	4
48	9	1
48	10	3
48	11	1
48	12	4
48	13	2
48	14	2
48	15	1
48	17	1
48	18	1
48	20	1
48	22	1
48	23	1
48	24	5
48	25	1
48	27	2
48	28	1
48	30	3
48	34	3
48	35	4
48	36	1
48	38	1
48	39	1
48	40	1
48	41	2
48	46	1
48	47	3
49	2	1
49	3	3
49	4	3
49	5	4
49	6	2
49	7	2
49	8	7
49	9	6
49	10	4
49	11	2
49	12	5
49	13	2
49	14	1
49	15	4
49	16	3
49	17	2
49	19	2
49	20	1
49	21	2
49	22	3
49	23	2
49	24	4
49	25	1
49	26	2
49	27	3
49	28	1
49	30	3
49	31	2
49	32	2
49	35	2
49	36	2
49	37	1
49	38	5
49	39	2
49	40	2
49	41	2
49	42	2
49	43	1
49	45	1
49	46	1
49	47	1
49	48	4
50	3	2
50	4	2
50	5	1
50	6	5
50	7	2
50	8	2
50	9	3
50	10	6
50	12	1
50	13	3
50	14	1
50	16	1
50	17	1
50	21	2
50	22	1
50	23	2
50	24	3
50	27	4
50	28	3
50	29	1
50	30	1
50	33	1
50	34	1
50	36	1
50	40	1
50	42	3
50	43	2
50	44	2
50	45	2
50	46	2
50	47	1
50	48	1
50	49	3
51	3	2
51	4	2
51	5	1
51	6	2
51	7	2
51	8	3
51	9	3
51	10	2
51	11	3
51	12	1
51	13	2
51	14	1
51	15	3
51	16	2
51	17	1
51	19	2
51	20	1
51	21	1
51	24	1
51	25	1
51	27	1
51	28	1
51	29	2
51	30	3
51	31	2
51	33	1
51	34	2
51	35	1
51	36	1
51	38	2
51	41	1
51	42	3
51	43	1
51	47	3
51	48	1
51	49	2
51	50	3
52	2	2
52	3	1
52	4	2
52	6	1
52	7	2
52	8	2
52	9	3
52	10	1
52	11	1
52	12	3
52	13	3
52	18	3
52	19	1
52	20	2
52	21	1
52	22	1
52	23	2
52	24	1
52	25	1
52	26	2
52	27	1
52	28	2
52	30	2
52	31	1
52	32	1
52	33	1
52	34	2
52	35	1
52	36	1
52	37	1
52	38	1
52	40	2
52	41	1
52	42	1
52	43	1
52	44	2
52	45	1
52	46	1
52	47	2
52	49	3
52	50	3
52	51	9
53	1	1
53	2	1
53	5	2
53	6	6
53	7	4
53	8	3
53	9	6
53	10	3
53	12	4
53	15	1
53	17	2
53	18	3
53	19	2
53	21	1
53	22	1
53	23	1
53	24	3
53	25	2
53	26	1
53	27	1
53	28	2
53	30	4
53	33	1
53	34	1
53	35	1
53	37	1
53	38	1
53	39	2
53	40	4
53	41	1
53	42	1
53	44	4
53	46	1
53	47	2
53	48	4
53	49	1
53	50	2
53	51	4
54	5	1
54	6	1
54	7	1
54	8	2
54	10	1
54	11	4
54	13	2
54	14	2
54	15	2
54	17	3
54	21	3
54	26	2
54	27	3
54	28	4
54	29	1
54	30	2
54	31	3
54	32	2
54	33	4
54	34	2
54	35	2
54	36	3
54	37	1
54	39	1
54	40	1
54	41	1
54	42	1
54	43	2
54	44	5
54	45	1
54	46	3
54	47	2
54	48	1
54	49	5
54	50	1
54	52	1
54	53	5
55	0	1
55	3	2
55	4	4
55	5	1
55	6	3
55	7	3
55	8	2
55	9	1
55	10	1
55	12	3
55	13	2
55	14	1
55	17	3
55	18	2
55	19	7
55	20	3
55	21	1
55	24	1
55	25	3
55	26	3
55	27	2
55	28	3
55	29	2
55	30	2
55	31	4
55	33	3
55	34	4
55	35	2
55	36	2
55	37	4
55	38	1
55	39	2
55	41	1
55	43	2
55	44	1
55	45	1
55	47	3
55	48	3
55	49	6
55	51	1
55	52	3
55	53	3
55	54	8
56	4	1
56	5	1
56	7	1
56	8	5
56	9	1
56	10	1
56	11	1
56	12	1
56	13	1
56	14	2
56	15	2
56	16	2
56	18	1
56	19	2
56	20	1
56	21	1
56	23	2
56	27	1
56	28	3
56	30	1
56	31	1
56	32	1
56	34	1
56	39	1
56	41	1
56	42	1
56	43	3
56	44	1
56	46	2
56	48	1
56	49	2
56	50	4
56	51	2
56	52	5
56	53	5
56	54	2
56	55	4
57	2	1
57	3	4
57	4	1
57	6	4
57	7	5
57	8	3
57	10	2
57	12	1
57	13	5
57	15	1
57	16	3
57	17	1
57	18	3
57	19	2
57	21	2
57	22	2
57	24	3
57	25	2
57	26	1
57	30	1
57	33	1
57	34	1
57	35	3
57	36	1
57	37	1
57	38	2
57	39	1
57	40	2
57	41	2
57	44	1
57	45	2
57	47	1
57	48	1
57	49	2
57	50	2
57	51	2
57	52	1
57	53	1
57	54	3
57	55	1
57	56	2
58	3	3
58	4	3
58	5	2
58	6	2
58	8	4
58	9	1
58	10	2
58	12	1
58	13	2
58	14	1
58	16	2
58	17	1
58	18	2
58	19	1
58	21	2
58	23	1
58	24	1
58	27	1
58	28	1
58	29	1
58	31	3
58	32	1
58	33	1
58	34	1
58	35	1
58	36	1
58	37	1
58	38	1
58	39	1
58	40	1
58	41	2
58	42	3
58	45	2
58	47	1
58	49	3
58	50	2
58	51	4
58	52	1
58	53	2
58	54	3
58	55	5
58	56	3
58	57	5
59	2	2
59	3	1
59	4	2
59	5	1
59	6	2
59	10	1
59	12	1
59	13	1
59	14	1
59	19	1
59	23	1
59	24	1
59	25	1
59	27	1
59	28	1
59	34	2
59	43	1
59	45	1
59	47	2
59	51	1
59	52	1
59	55	1
59	57	1
60	0	2
60	1	2
60	2	1
60	4	1
60	7	1
60	8	3
60	9	2
60	13	1
60	15	1
60	16	2
60	20	1
60	21	2
60	22	1
60	25	1
60	30	1
60	31	2
60	33	3
60	35	1
60	38	1
60	39	2
60	40	1
60	42	1
60	43	1
60	44	3
60	45	1
60	46	6
60	47	1
60	49	2
60	56	1
60	59	1
