1	0	4
2	0	2
2	1	4
4	1	2
4	3	1
5	2	1
5	3	1
5	4	5
6	1	1
6	3	2
6	5	1
7	1	1
7	4	1
7	5	1
7	6	3
8	0	1
8	3	2
8	4	4
8	5	4
8	6	9
8	7	9
9	4	1
9	5	3
9	6	2
9	7	2
9	8	3
10	1	1
10	3	1
10	5	1
10	6	1
10	8	2
10	9	4
11	0	1
11	2	1
11	3	1
11	4	1
11	5	1
11	6	2
11	7	1
11	8	2
11	9	7
11	10	7
12	1	1
12	3	1
12	4	1
12	5	4
12	7	2
12	8	4
12	9	1
12	10	4
12	11	5
13	1	1
13	3	2
13	4	2
13	6	1
13	7	4
13	8	2
13	9	3
13	10	2
13	11	5
13	12	3
14	0	1
14	6	3
14	7	4
14	8	1
14	9	2
14	10	2
14	11	2
14	12	2
14	13	4
15	0	1
15	1	1
15	3	1
15	4	1
15	5	2
15	6	1
15	7	1
15	8	1
15	10	3
15	12	4
15	13	6
15	14	6
16	5	2
16	6	1
16	7	2
16	8	5
16	9	1
16	10	5
16	13	8
16	15	5
17	4	3
17	5	1
17	6	2
17	7	5
17	8	1
17	10	3
17	11	2
17	12	2
17	13	2
17	14	1
17	16	1
18	0	1
18	2	2
18	3	3
18	4	3
18	5	2
18	6	2
18	7	1
18	9	1
18	10	2
18	12	1
18	14	2
18	15	2
18	16	1
18	17	2
19	3	4
19	4	3
19	5	1
19	6	2
19	7	1
19	8	3
19	9	1
19	10	1
19	12	1
19	16	2
19	17	3
19	18	4
20	5	1
20	6	2
20	7	1
20	9	3
20	11	1
20	12	2
20	14	1
20	15	2
20	16	1
20	17	2
20	18	1
20	19	1
21	1	1
21	3	1
21	5	1
21	6	1
21	8	2
21	9	2
21	10	1
21	11	1
21	12	3
21	13	1
21	15	2
21	16	2
21	17	1
21	18	2
21	19	5
21	20	4
22	4	1
22	5	1
22	6	1
22	8	2
22	9	2
22	11	1
22	13	1
22	14	1
22	15	1
22	16	2
22	17	2
22	18	4
22	19	3
22	21	2
23	5	1
23	6	1
23	8	2
23	10	1
23	11	2
23	12	2
23	13	2
23	14	1
23	17	2
23	19	3
23	20	2
23	21	2
23	22	4
24	0	2
24	3	1
24	4	3
24	5	2
24	6	3
24	7	1
24	8	2
24	9	5
24	10	5
24	12	1
24	13	1
24	14	1
24	16	6
24	17	2
24	18	2
24	20	3
24	21	2
24	22	2
24	23	8
25	3	4
25	4	2
25	5	1
25	6	1
25	7	1
25	8	4
25	9	2
25	10	5
25	12	2
25	13	2
25	15	1
25	16	1
25	17	3
25	19	3
25	20	1
25	21	1
25	23	1
25	24	3
26	1	1
26	4	1
26	5	4
26	8	1
26	9	1
26	11	1
26	12	1
26	13	1
26	14	3
26	15	2
26	17	1
26	18	2
26	19	1
26	20	1
26	21	2
26	22	1
26	23	1
26	24	1
26	25	1
27	2	1
27	3	4
27	4	3
27	5	2
27	6	1
27	7	2
27	8	3
27	9	5
27	10	4
27	11	4
27	12	1
27	13	2
27	14	2
27	16	1
27	17	1
27	19	1
27	21	1
27	23	2
27	24	5
27	25	1
27	26	2
28	3	1
28	5	3
28	6	3
28	7	2
28	8	4
28	9	1
28	10	1
28	11	1
28	12	5
28	13	3
28	14	1
28	15	1
28	16	1
28	17	2
28	18	1
28	19	1
28	20	1
28	21	1
28	22	2
28	23	1
28	24	5
28	25	3
28	26	2
28	27	8
29	3	2
29	5	1
29	7	1
29	8	1
29	9	1
29	10	2
29	12	1
29	17	2
29	19	1
29	21	1
29	25	1
29	26	1
29	27	4
29	28	5
30	1	1
30	3	1
30	6	1
30	7	3
30	9	3
30	10	2
30	13	2
30	15	1
30	17	1
30	21	3
30	24	1
30	27	2
30	28	4
31	5	1
31	7	1
31	8	1
31	9	1
31	12	1
31	16	1
31	19	1
31	20	2
31	21	1
31	23	1
31	24	1
31	27	2
31	29	3
31	30	4
32	4	2
32	5	1
32	9	1
32	11	1
32	12	1
32	15	1
32	16	1
32	17	4
32	18	1
32	21	2
32	24	1
32	27	1
32	28	1
32	30	2
32	31	2
33	1	2
33	2	1
33	5	1
33	6	1
33	9	1
33	10	1
33	11	2
33	12	1
33	13	1
33	16	2
33	17	1
33	23	4
33	24	1
33	27	1
33	28	1
33	30	2
33	31	3
33	32	5
34	0	2
34	5	1
34	6	2
34	8	2
34	10	1
34	12	1
34	16	1
34	17	2
34	21	1
34	23	1
34	28	1
34	29	1
34	30	4
34	31	5
34	32	2
34	33	7
35	4	1
35	5	2
35	6	2
35	7	1
35	9	3
35	10	3
35	11	2
35	12	2
35	13	1
35	14	1
35	15	4
35	16	2
35	17	1
35	18	1
35	21	1
35	23	1
35	24	2
35	25	5
35	26	1
35	27	5
35	28	1
35	29	2
35	31	1
35	33	1
36	5	1
36	7	1
36	8	5
36	9	5
36	10	2
36	11	4
36	12	2
36	13	3
36	14	1
36	15	2
36	16	1
36	17	1
36	18	1
36	20	1
36	21	2
36	22	1
36	23	3
36	24	2
36	25	3
36	27	2
36	30	1
36	33	1
36	35	5
37	4	1
37	5	5
37	6	1
37	7	1
37	8	3
37	9	1
37	10	1
37	11	3
37	12	1
37	14	1
37	15	2
37	17	1
37	19	2
37	22	3
37	23	5
37	25	4
37	26	1
37	27	2
37	28	3
37	29	5
37	31	2
37	33	1
37	35	3
37	36	2
38	0	1
38	2	2
38	3	2
38	4	3
38	5	2
38	6	2
38	8	3
38	9	2
38	10	1
38	12	4
38	13	2
38	14	3
38	15	1
38	17	2
38	18	1
38	19	1
38	20	1
38	21	1
38	22	3
38	23	3
38	24	3
38	25	2
38	26	1
38	27	7
38	28	3
38	29	3
38	31	1
38	32	2
38	33	1
38	34	1
38	35	6
38	36	2
38	37	10
39	0	2
39	5	1
39	6	2
39	10	3
39	11	2
39	12	3
39	13	2
39	15	1
39	16	1
39	17	2
39	18	1
39	19	1
39	21	1
39	22	1
39	23	1
39	25	4
39	27	2
39	28	2
39	29	2
39	30	1
39	31	2
39	32	1
39	34	1
39	35	6
39	36	4
39	37	1
39	38	6
40	0	1
40	4	1
40	5	3
40	6	1
40	7	3
40	8	3
40	10	3
40	11	2
40	12	1
40	13	1
40	14	2
40	15	1
40	16	1
40	17	2
40	19	1
40	22	1
40	24	1
40	25	1
40	26	1
40	27	4
40	28	2
40	29	2
40	30	2
40	31	3
40	32	1
40	33	1
40	34	1
40	35	3
40	36	1
40	37	4
40	38	6
40	39	3
41	3	1
41	4	3
41	5	2
41	7	1
41	9	1
41	10	2
41	11	2
41	12	1
41	14	1
41	15	1
41	17	2
41	18	1
41	19	1
41	21	1
41	22	1
41	25	1
41	27	3
41	28	3
41	29	3
41	30	4
41	31	1
41	32	2
41	33	1
41	34	2
41	35	1
41	37	1
41	38	2
41	39	1
41	40	4
42	0	1
42	1	1
42	5	2
42	6	1
42	8	2
42	9	1
42	10	2
42	11	2
42	15	1
42	16	1
42	20	1
42	24	1
42	27	1
42	28	2
42	30	1
42	31	2
42	32	1
42	33	3
42	34	3
42	35	2
42	37	1
42	38	2
42	39	1
42	40	3
42	41	5
43	1	1
43	4	3
43	9	1
43	10	3
43	12	2
43	14	1
43	16	1
43	19	1
43	27	1
43	29	1
43	30	2
43	31	3
43	32	3
43	33	3
43	34	1
43	35	1
43	37	2
43	38	2
43	39	2
43	41	2
43	42	3
44	2	1
44	13	1
44	16	1
44	24	2
44	28	2
44	29	2
44	30	4
44	31	2
44	32	1
44	33	1
44	34	1
44	35	1
44	40	2
44	41	1
44	42	2
44	43	9
45	3	3
45	7	1
45	8	1
45	9	3
45	16	1
45	25	1
45	27	1
45	29	2
45	30	2
45	31	2
45	32	1
45	33	7
45	34	3
45	35	1
45	38	2
45	43	3
45	44	2
46	0	2
46	2	1
46	4	2
46	5	1
46	10	2
46	11	3
46	12	1
46	13	1
46	15	3
46	20	1
46	23	1
46	25	1
46	27	2
46	29	2
46	30	3
46	31	2
46	32	2
46	33	1
46	34	4
46	35	1
46	38	1
46	41	1
46	42	1
46	43	1
46	44	5
46	45	5
47	3	1
47	6	1
47	7	2
47	8	8
47	9	1
47	10	1
47	11	2
47	12	4
47	14	1
47	16	1
47	17	1
47	18	1
47	21	1
47	22	1
47	25	2
47	28	2
47	30	2
47	32	1
47	33	3
47	34	1
47	35	2
47	36	3
47	37	1
47	38	3
47	39	1
47	41	2
47	42	1
47	43	3
47	45	1
47	46	1
48	0	1
48	1	2
48	2	1
48	3	1
48	4	1
48	5	2
48	6	1
48	7	2
48	8	1
48	9	2
48	11	1
48	12	2
48	13	5
48	16	1
48	21	2
48	22	1
48	23	1
48	24	1
48	26	1
48	28	1
48	30	2
48	31	2
48	32	1
48	33	3
48	36	1
48	38	2
48	39	1
48	40	1
48	41	2
48	42	1
48	43	1
48	46	2
48	47	3
49	3	2
49	4	1
49	5	2
49	6	3
49	7	5
49	8	7
49	9	7
49	10	4
49	11	2
49	12	7
49	13	2
49	16	1
49	17	4
49	18	2
49	19	3
49	21	3
49	23	1
49	24	3
49	25	3
49	26	2
49	27	1
49	28	3
49	29	2
49	30	3
49	31	1
49	32	2
49	33	2
49	34	1
49	35	2
49	36	4
49	37	1
49	38	2
49	39	4
49	40	2
49	41	3
49	43	1
49	45	2
49	46	1
49	47	3
49	48	4
50	3	3
50	4	1
50	6	1
50	7	1
50	8	3
50	10	1
50	11	3
50	12	1
50	13	3
50	15	2
50	17	1
50	18	1
50	19	1
50	20	1
50	21	1
50	28	1
50	29	1
50	30	1
50	31	1
50	33	1
50	34	1
50	35	2
50	36	1
50	38	3
50	40	1
50	41	1
50	42	1
50	43	2
50	45	1
50	46	1
50	47	2
50	48	5
50	49	9
51	3	5
51	5	3
51	6	2
51	7	1
51	9	2
51	10	4
51	11	2
51	12	3
51	13	3
51	14	3
51	15	2
51	17	1
51	18	1
51	19	1
51	20	3
51	24	1
51	27	2
51	28	2
51	31	2
51	32	1
51	34	2
51	35	4
51	37	1
51	38	1
51	41	2
51	42	2
51	43	2
51	44	1
51	45	1
51	47	1
51	48	1
51	49	2
51	50	7
52	4	1
52	5	1
52	6	2
52	7	6
52	8	1
52	9	1
52	12	1
52	13	1
52	15	1
52	16	1
52	17	2
52	18	1
52	19	2
52	20	1
52	21	2
52	22	1
52	24	4
52	25	2
52	26	1
52	27	2
52	30	2
52	32	1
52	35	1
52	36	1
52	39	1
52	40	1
52	42	2
52	43	4
52	44	1
52	45	1
52	47	2
52	48	6
52	49	2
52	50	4
52	51	6
53	1	1
53	3	1
53	4	1
53	5	1
53	6	2
53	7	4
53	8	5
53	9	3
53	10	3
53	11	2
53	13	2
53	15	2
53	16	2
53	17	1
53	18	1
53	19	2
53	22	1
53	24	1
53	25	2
53	27	2
53	28	2
53	30	4
53	31	4
53	33	2
53	34	2
53	35	2
53	38	2
53	40	1
53	41	3
53	42	1
53	43	1
53	44	2
53	46	3
53	47	4
53	48	6
53	49	6
53	50	1
53	52	3
54	5	5
54	6	3
54	8	4
54	9	1
54	11	4
54	12	2
54	13	1
54	14	3
54	16	4
54	17	2
54	18	1
54	19	1
54	21	1
54	22	1
54	24	1
54	27	3
54	28	4
54	29	2
54	30	7
54	31	2
54	32	1
54	33	1
54	34	3
54	35	2
54	36	2
54	38	2
54	39	1
54	40	1
54	41	3
54	42	6
54	43	3
54	44	4
54	45	1
54	46	1
54	47	3
54	48	1
54	49	2
54	50	3
54	51	2
54	53	6
55	1	1
55	2	1
55	3	1
55	4	2
55	5	3
55	6	1
55	7	2
55	8	3
55	11	2
55	12	1
55	13	3
55	15	3
55	16	2
55	20	1
55	21	1
55	23	1
55	25	1
55	26	1
55	27	3
55	28	3
55	29	3
55	30	2
55	31	1
55	32	2
55	33	2
55	34	2
55	35	4
55	38	3
55	39	1
55	40	1
55	42	2
55	43	5
55	45	1
55	46	3
55	47	2
55	48	2
55	49	2
55	50	1
55	51	3
55	52	1
55	53	3
55	54	1
56	3	1
56	4	2
56	5	3
56	6	1
56	7	3
56	8	6
56	9	4
56	10	1
56	12	2
56	13	1
56	16	1
56	24	4
56	25	3
56	26	2
56	27	2
56	28	2
56	29	1
56	31	1
56	32	1
56	33	1
56	34	1
56	35	3
56	37	1
56	38	1
56	41	1
56	42	1
56	43	2
56	44	2
56	48	3
56	49	3
56	50	2
56	51	2
56	52	2
56	53	2
56	55	4
57	4	1
57	5	2
57	6	4
57	7	2
57	8	4
57	9	1
57	11	1
57	12	1
57	13	1
57	16	4
57	17	3
57	18	3
57	19	2
57	22	1
57	23	2
57	27	3
57	28	1
57	29	1
57	30	1
57	33	3
57	34	3
57	35	1
57	38	1
57	42	1
57	43	3
57	44	2
57	47	4
57	48	2
57	49	6
57	50	1
57	51	2
57	52	2
57	53	3
57	54	3
57	55	4
57	56	7
58	1	1
58	3	1
58	4	4
58	5	3
58	6	2
58	7	4
58	9	1
58	10	1
58	12	2
58	13	1
58	14	2
58	15	1
58	16	1
58	17	1
58	18	1
58	19	3
58	20	1
58	21	2
58	22	1
58	23	2
58	24	2
58	26	2
58	27	1
58	28	1
58	30	2
58	31	1
58	34	1
58	35	3
58	38	1
58	39	1
58	41	1
58	42	1
58	44	1
58	45	2
58	46	1
58	47	1
58	48	1
58	49	2
58	50	2
58	51	2
58	52	5
58	53	1
58	55	1
58	56	6
58	57	7
59	2	1
59	3	1
59	4	1
59	5	1
59	6	2
59	7	1
59	12	1
59	14	1
59	15	2
59	17	4
59	18	2
59	19	1
59	22	3
59	23	2
59	24	1
59	28	2
59	29	1
59	31	2
59	33	2
59	34	2
59	38	1
59	40	1
59	46	1
59	47	1
59	50	1
59	51	1
59	52	2
59	54	1
59	57	2
59	58	2
60	0	3
60	1	1
60	2	3
60	4	3
60	7	1
60	8	1
60	9	1
60	10	2
60	11	1
60	12	1
60	20	1
60	21	1
60	22	1
60	25	2
60	30	2
60	31	1
60	32	3
60	33	2
60	34	2
60	38	1
60	40	1
60	43	1
60	44	2
60	45	2
60	46	1
60	47	1
60	48	2
60	51	1
60	52	1
60	53	1
60	55	4
