1	0	4
2	0	1
2	1	5
4	3	4
5	3	1
5	4	10
6	5	2
7	4	2
7	6	2
8	3	1
8	4	1
8	5	3
8	6	3
8	7	7
9	0	1
9	4	1
9	6	1
9	7	3
9	8	4
10	1	1
10	3	1
10	4	4
10	5	4
10	6	2
10	7	3
10	8	3
10	9	4
11	1	1
11	2	1
11	3	1
11	4	2
11	5	1
11	6	1
11	7	1
11	8	3
11	9	9
11	10	9
12	3	1
12	6	1
12	7	1
12	8	3
12	9	2
12	10	1
12	11	7
13	1	1
13	2	2
13	4	1
13	5	1
13	6	2
13	7	2
13	8	1
13	9	5
13	10	4
13	11	2
13	12	3
14	4	2
14	6	1
14	7	2
14	8	1
14	9	2
14	12	3
14	13	4
15	3	3
15	4	1
15	6	1
15	7	1
15	8	1
15	9	2
15	10	2
15	12	2
15	13	4
15	14	9
16	1	1
16	4	2
16	6	1
16	7	5
16	8	3
16	9	1
16	11	1
16	12	1
16	13	2
16	14	2
16	15	8
17	1	1
17	3	1
17	4	2
17	5	1
17	6	1
17	7	1
17	8	1
17	9	1
17	10	5
17	13	1
17	14	1
17	15	2
17	16	4
18	3	2
18	4	4
18	5	2
18	6	1
18	8	2
18	9	1
18	14	1
18	15	1
18	17	2
19	3	2
19	4	3
19	5	3
19	6	1
19	7	1
19	8	2
19	9	1
19	11	2
19	12	1
19	13	2
19	14	1
19	15	2
19	17	6
19	18	6
20	4	1
20	5	3
20	6	1
20	7	1
20	9	1
20	10	1
20	11	1
20	12	3
20	14	2
20	15	2
20	16	1
20	17	1
20	19	3
21	1	1
21	3	2
21	4	2
21	7	1
21	9	2
21	10	3
21	11	2
21	13	2
21	14	2
21	15	2
21	16	2
21	17	3
21	18	2
21	19	5
21	20	7
22	3	1
22	4	3
22	5	1
22	6	3
22	7	1
22	8	1
22	12	2
22	15	2
22	16	3
22	17	3
22	18	2
22	19	2
22	20	2
22	21	1
23	3	1
23	4	5
23	8	2
23	9	3
23	11	1
23	13	1
23	14	2
23	15	1
23	16	1
23	17	4
23	18	1
23	19	2
23	20	1
23	21	2
23	22	1
24	3	2
24	4	5
24	5	2
24	6	3
24	7	1
24	8	2
24	9	1
24	10	6
24	11	3
24	12	4
24	14	1
24	15	3
24	16	1
24	17	2
24	19	3
24	20	1
24	21	2
24	23	7
25	2	1
25	3	1
25	5	2
25	6	2
25	7	2
25	8	2
25	9	1
25	11	1
25	12	1
25	15	2
25	16	1
25	17	2
25	18	2
25	19	3
25	20	1
25	21	4
25	22	3
25	23	5
26	3	2
26	4	3
26	9	1
26	10	1
26	11	2
26	14	2
26	17	2
26	19	2
26	20	2
26	21	1
26	22	1
26	23	4
26	24	2
26	25	3
27	1	1
27	3	1
27	4	5
27	5	1
27	6	3
27	7	2
27	8	3
27	9	4
27	10	1
27	11	1
27	12	2
27	13	3
27	15	1
27	17	2
27	18	2
27	19	2
27	20	2
27	23	3
27	24	5
27	25	2
27	26	2
28	4	5
28	5	4
28	6	3
28	7	2
28	9	3
28	10	1
28	12	4
28	13	1
28	14	1
28	18	1
28	19	2
28	21	2
28	23	1
28	24	4
28	25	1
28	26	3
28	27	4
29	0	1
29	4	1
29	5	1
29	6	1
29	9	1
29	10	2
29	11	2
29	13	1
29	15	1
29	21	2
29	24	2
29	25	2
29	27	2
29	28	3
30	1	1
30	2	1
30	4	2
30	7	1
30	8	3
30	10	3
30	11	2
30	12	1
30	13	1
30	15	1
30	18	1
30	19	2
30	23	2
30	27	2
31	4	1
31	5	1
31	6	1
31	8	1
31	11	1
31	12	1
31	13	2
31	15	1
31	19	3
31	20	1
31	22	1
31	24	2
31	25	2
31	28	2
31	29	2
31	30	6
32	2	1
32	5	1
32	9	1
32	10	3
32	11	2
32	12	1
32	15	2
32	18	1
32	19	2
32	27	1
32	28	3
32	30	3
33	2	1
33	5	1
33	6	1
33	8	1
33	10	2
33	12	3
33	16	1
33	24	3
33	27	1
33	29	2
33	30	2
33	31	6
33	32	4
34	4	1
34	7	1
34	8	1
34	10	1
34	15	1
34	16	1
34	17	1
34	20	1
34	25	1
34	27	1
34	28	1
34	29	1
34	30	4
34	31	3
34	33	7
35	1	1
35	3	1
35	4	1
35	5	3
35	6	1
35	7	2
35	10	3
35	11	3
35	12	2
35	13	2
35	15	2
35	16	2
35	17	2
35	18	2
35	19	2
35	20	2
35	21	1
35	22	1
35	23	2
35	24	4
35	25	3
35	26	3
35	27	5
35	28	3
35	29	1
35	30	3
36	4	2
36	6	1
36	7	1
36	9	3
36	10	3
36	11	5
36	12	2
36	16	1
36	17	1
36	22	1
36	23	1
36	24	4
36	26	1
36	27	3
36	28	3
36	30	1
36	32	1
36	33	1
36	35	3
37	3	1
37	4	2
37	5	2
37	7	1
37	8	4
37	9	1
37	10	2
37	11	3
37	12	3
37	13	2
37	15	2
37	17	1
37	18	1
37	19	1
37	20	1
37	21	1
37	22	3
37	24	2
37	25	5
37	26	1
37	27	3
37	28	6
37	30	1
37	31	2
37	34	3
37	35	8
37	36	4
38	0	1
38	2	1
38	3	2
38	4	1
38	5	1
38	6	2
38	7	1
38	8	1
38	9	4
38	10	1
38	12	4
38	13	4
38	16	1
38	17	1
38	18	4
38	20	2
38	23	2
38	24	3
38	25	4
38	26	3
38	27	2
38	28	4
38	29	4
38	31	1
38	32	1
38	34	1
38	35	8
38	36	1
38	37	6
39	0	1
39	5	2
39	7	1
39	8	3
39	9	3
39	10	2
39	11	2
39	12	4
39	16	1
39	17	2
39	21	1
39	22	2
39	25	3
39	26	1
39	27	2
39	28	3
39	29	1
39	30	2
39	31	1
39	32	1
39	33	2
39	35	5
39	36	2
39	37	1
39	38	5
40	4	3
40	6	1
40	8	1
40	9	3
40	10	2
40	11	3
40	12	2
40	13	1
40	14	1
40	15	2
40	16	1
40	17	1
40	18	3
40	21	1
40	22	1
40	23	1
40	24	3
40	25	2
40	26	3
40	28	2
40	29	3
40	30	4
40	31	2
40	32	1
40	34	2
40	35	1
40	37	2
40	38	1
40	39	2
41	4	1
41	5	1
41	7	3
41	8	4
41	9	2
41	10	1
41	11	4
41	12	2
41	13	1
41	14	2
41	17	1
41	21	1
41	22	1
41	23	1
41	24	1
41	26	1
41	27	2
41	28	4
41	29	4
41	30	4
41	31	1
41	32	3
41	33	1
41	34	2
41	35	2
41	36	4
41	37	2
41	38	2
41	40	7
42	1	1
42	3	1
42	6	3
42	8	1
42	9	1
42	10	1
42	11	2
42	12	1
42	14	1
42	16	1
42	17	3
42	20	2
42	24	2
42	25	2
42	27	1
42	28	1
42	29	3
42	30	4
42	31	1
42	32	3
42	34	2
42	35	1
42	39	2
42	41	2
43	2	1
43	4	1
43	8	1
43	9	2
43	10	1
43	13	1
43	14	1
43	15	2
43	18	2
43	24	1
43	28	1
43	30	1
43	31	1
43	32	4
43	33	3
43	34	2
43	35	1
43	37	1
43	40	1
43	41	2
43	42	6
44	6	1
44	12	1
44	13	2
44	14	1
44	15	1
44	27	3
44	28	1
44	29	3
44	30	2
44	31	1
44	32	6
44	33	2
44	34	3
44	35	1
44	36	1
44	40	1
44	41	1
44	42	1
44	43	8
45	3	3
45	8	2
45	9	1
45	13	2
45	16	1
45	17	1
45	22	1
45	28	2
45	30	2
45	31	1
45	32	2
45	33	2
45	34	3
45	39	1
45	43	5
45	44	6
46	2	1
46	4	1
46	6	1
46	8	1
46	9	1
46	12	2
46	13	1
46	18	1
46	22	1
46	23	1
46	25	1
46	27	3
46	28	1
46	30	2
46	31	4
46	32	1
46	33	1
46	34	2
46	35	2
46	36	1
46	38	1
46	39	1
46	40	3
46	42	1
46	43	5
46	45	4
47	0	1
47	3	1
47	4	1
47	5	1
47	6	1
47	7	6
47	8	4
47	9	1
47	12	1
47	13	2
47	14	1
47	15	2
47	21	3
47	23	1
47	24	2
47	29	1
47	30	3
47	31	1
47	32	1
47	33	5
47	35	1
47	36	1
47	37	1
47	38	2
47	39	1
47	42	1
47	43	4
47	44	2
47	45	1
47	46	2
48	3	1
48	4	2
48	5	2
48	7	4
48	8	3
48	9	2
48	10	2
48	11	3
48	12	6
48	13	3
48	15	1
48	16	1
48	17	2
48	18	2
48	19	3
48	20	1
48	22	1
48	23	1
48	24	1
48	25	2
48	28	2
48	30	3
48	31	1
48	34	1
48	35	2
48	37	1
48	40	2
48	41	1
48	42	4
48	47	3
49	2	1
49	3	1
49	4	2
49	5	4
49	6	2
49	7	1
49	8	7
49	9	6
49	10	6
49	11	2
49	12	7
49	13	9
49	14	3
49	16	3
49	17	3
49	19	2
49	20	1
49	21	1
49	22	1
49	23	1
49	24	6
49	25	3
49	26	1
49	27	2
49	28	3
49	31	2
49	32	1
49	33	1
49	34	1
49	35	2
49	36	1
49	37	1
49	39	3
49	40	3
49	41	1
49	42	1
49	44	3
49	45	1
49	46	2
49	47	2
49	48	9
50	3	1
50	6	5
50	7	4
50	8	6
50	9	3
50	10	4
50	11	1
50	12	2
50	13	1
50	15	2
50	16	2
50	17	1
50	19	3
50	20	1
50	21	1
50	22	1
50	23	2
50	24	1
50	25	1
50	27	2
50	28	2
50	30	1
50	31	3
50	34	3
50	35	1
50	36	3
50	37	2
50	38	1
50	40	1
50	41	1
50	42	2
50	44	1
50	45	1
50	47	1
50	48	1
50	49	5
51	1	1
51	4	1
51	5	1
51	6	3
51	7	1
51	8	1
51	9	1
51	11	2
51	12	1
51	13	2
51	14	1
51	15	1
51	16	1
51	17	1
51	18	1
51	19	1
51	20	3
51	21	2
51	22	1
51	24	1
51	25	1
51	28	2
51	30	1
51	31	1
51	32	1
51	34	3
51	35	1
51	37	1
51	38	1
51	39	1
51	40	1
51	41	3
51	42	1
51	43	1
51	46	1
51	47	6
51	48	4
51	49	3
51	50	3
52	3	2
52	4	1
52	5	1
52	7	1
52	8	3
52	10	4
52	11	1
52	12	3
52	13	2
52	14	1
52	15	1
52	16	2
52	17	2
52	18	2
52	19	3
52	21	2
52	24	2
52	27	3
52	28	1
52	30	2
52	33	2
52	35	1
52	38	1
52	41	1
52	42	1
52	44	2
52	46	2
52	47	1
52	48	2
52	49	2
52	50	4
52	51	7
53	3	2
53	4	3
53	5	1
53	6	1
53	7	2
53	8	5
53	9	1
53	10	2
53	11	1
53	12	6
53	14	2
53	17	1
53	19	2
53	20	2
53	21	1
53	22	1
53	23	1
53	25	2
53	26	1
53	27	1
53	28	1
53	29	3
53	30	3
53	31	4
53	33	5
53	34	1
53	35	2
53	36	1
53	37	3
53	38	2
53	39	1
53	40	3
53	41	2
53	42	2
53	44	1
53	46	1
53	47	3
53	48	4
53	49	6
53	50	2
53	51	1
53	52	4
54	3	1
54	4	1
54	5	2
54	6	2
54	7	3
54	8	5
54	10	1
54	12	5
54	13	4
54	15	2
54	16	2
54	17	1
54	19	1
54	20	2
54	22	1
54	23	1
54	24	3
54	25	2
54	27	3
54	28	3
54	29	2
54	31	1
54	33	1
54	34	2
54	35	2
54	37	1
54	38	2
54	39	1
54	40	3
54	41	1
54	42	2
54	44	1
54	45	3
54	46	3
54	47	1
54	48	3
54	49	1
54	50	4
54	51	1
54	52	2
54	53	7
55	0	1
55	1	1
55	3	1
55	4	3
55	5	1
55	6	2
55	7	1
55	8	2
55	9	1
55	10	2
55	13	1
55	14	3
55	15	2
55	16	3
55	18	1
55	19	3
55	21	2
55	22	1
55	23	1
55	24	2
55	25	2
55	27	2
55	28	3
55	30	2
55	31	2
55	33	2
55	34	2
55	35	1
55	36	2
55	38	2
55	39	1
55	40	1
55	42	1
55	43	3
55	44	1
55	47	1
55	48	2
55	49	2
55	50	2
55	51	1
55	52	2
55	53	2
55	54	3
56	2	1
56	3	2
56	4	2
56	5	1
56	6	6
56	7	2
56	8	3
56	9	1
56	10	1
56	11	1
56	12	1
56	13	3
56	14	1
56	15	2
56	16	1
56	21	2
56	23	3
56	26	2
56	27	3
56	28	4
56	30	4
56	32	1
56	33	2
56	34	2
56	35	1
56	36	1
56	39	1
56	40	1
56	41	2
56	43	1
56	44	1
56	45	2
56	46	2
56	47	2
56	49	3
56	50	2
56	51	4
56	52	1
56	53	3
56	54	3
56	55	5
57	3	1
57	4	3
57	5	4
57	6	2
57	7	1
57	8	5
57	9	1
57	10	2
57	11	2
57	13	2
57	14	1
57	15	1
57	17	4
57	18	2
57	19	3
57	20	1
57	21	2
57	22	2
57	23	1
57	24	3
57	25	1
57	26	1
57	27	2
57	28	5
57	29	2
57	30	1
57	33	2
57	36	1
57	38	1
57	39	2
57	40	2
57	41	2
57	43	1
57	44	2
57	46	2
57	48	2
57	49	2
57	50	1
57	51	1
57	52	4
57	53	3
57	54	4
57	55	6
58	5	3
58	6	4
58	7	1
58	8	3
58	9	2
58	11	1
58	13	1
58	15	1
58	16	2
58	17	3
58	20	1
58	21	1
58	24	1
58	25	1
58	27	4
58	29	1
58	31	1
58	34	1
58	35	1
58	36	1
58	37	1
58	38	2
58	40	2
58	41	1
58	42	2
58	43	3
58	44	1
58	45	1
58	47	1
58	50	3
58	51	2
58	53	2
58	54	2
58	55	7
58	56	7
58	57	4
59	0	1
59	3	1
59	5	1
59	10	1
59	14	2
59	17	1
59	22	1
59	23	1
59	25	1
59	26	2
59	27	1
59	29	1
59	30	1
59	33	3
59	34	1
59	35	1
59	38	1
59	40	2
59	49	1
59	54	1
59	58	1
60	0	1
60	1	2
60	2	2
60	10	2
60	11	2
60	12	1
60	15	1
60	27	1
60	28	1
60	31	1
60	32	1
60	33	2
60	34	1
60	35	3
60	36	1
60	38	1
60	42	2
60	43	2
60	44	3
60	45	1
60	46	3
60	47	1
60	48	1
60	51	2
60	55	4
60	58	1
