1	0	6
2	0	4
2	1	4
4	1	1
4	3	1
5	0	3
5	3	3
5	4	7
6	3	5
6	5	3
7	1	3
7	3	1
7	5	1
7	6	3
8	1	1
8	3	1
8	4	4
8	5	1
8	6	5
8	7	6
9	0	2
9	3	2
9	4	1
9	7	2
9	8	6
10	3	1
10	4	1
10	5	2
10	6	2
10	7	3
10	8	3
10	9	4
11	3	2
11	4	1
11	6	1
11	7	3
11	8	2
11	9	6
11	10	5
12	3	2
12	4	1
12	5	1
12	6	4
12	7	1
12	8	4
12	9	3
12	10	9
12	11	5
13	3	2
13	4	1
13	6	4
13	7	4
13	8	5
13	9	2
13	10	7
13	11	1
13	12	1
14	1	1
14	3	2
14	5	1
14	7	1
14	8	1
14	9	2
14	10	6
14	11	1
14	12	1
15	0	1
15	4	1
15	7	2
15	8	2
15	9	1
15	11	3
15	13	4
15	14	8
16	0	1
16	1	1
16	4	1
16	5	4
16	6	1
16	7	3
16	9	2
16	10	2
16	12	2
16	13	2
16	14	1
16	15	9
17	1	1
17	3	4
17	5	5
17	6	3
17	7	2
17	8	6
17	10	1
17	11	1
17	13	4
17	14	2
17	15	3
18	2	1
18	3	1
18	4	3
18	5	2
18	6	1
18	7	1
18	8	3
18	9	3
18	10	2
18	11	1
18	13	4
18	14	1
18	15	2
18	16	2
18	17	1
19	1	1
19	2	1
19	3	1
19	4	2
19	6	1
19	7	2
19	8	1
19	9	2
19	11	3
19	12	3
19	13	1
19	15	2
19	16	1
19	17	1
19	18	5
20	4	1
20	5	3
20	7	1
20	8	4
20	10	1
20	11	3
20	14	2
20	15	4
20	16	5
20	17	1
20	18	3
20	19	2
21	3	2
21	4	2
21	7	2
21	8	1
21	9	1
21	10	3
21	11	2
21	12	1
21	13	1
21	14	3
21	15	3
21	16	4
21	17	2
21	18	4
21	19	3
21	20	6
22	5	1
22	8	1
22	10	1
22	13	2
22	15	1
22	16	3
22	17	5
22	18	2
22	19	1
22	20	1
22	21	1
23	1	3
23	3	1
23	4	2
23	5	5
23	6	1
23	7	1
23	8	1
23	9	1
23	10	5
23	13	2
23	14	1
23	16	1
23	17	1
23	18	4
23	19	2
23	20	2
23	21	1
23	22	2
24	0	2
24	3	3
24	4	2
24	5	2
24	6	4
24	7	3
24	8	2
24	9	2
24	10	3
24	11	2
24	12	2
24	13	3
24	14	1
24	17	3
24	19	3
24	20	2
24	21	2
24	22	1
24	23	5
25	1	1
25	4	1
25	5	4
25	6	1
25	7	1
25	8	1
25	9	1
25	10	3
25	12	1
25	13	2
25	16	1
25	17	1
25	20	2
25	22	3
25	23	1
25	24	4
26	3	2
26	4	1
26	5	2
26	9	1
26	10	1
26	11	1
26	15	1
26	17	2
26	18	2
26	20	1
26	21	2
26	23	4
26	24	3
26	25	5
27	2	1
27	3	4
27	4	2
27	5	4
27	7	3
27	8	2
27	9	1
27	10	5
27	11	4
27	12	4
27	14	1
27	15	2
27	17	1
27	18	1
27	19	3
27	20	1
27	22	2
27	23	3
27	24	2
27	25	2
28	2	1
28	5	3
28	6	1
28	7	1
28	8	2
28	9	3
28	10	5
28	12	3
28	13	1
28	14	1
28	15	1
28	16	1
28	17	2
28	18	6
28	19	3
28	20	1
28	22	3
28	23	3
28	24	1
28	25	3
28	26	3
28	27	8
29	4	1
29	5	1
29	6	3
29	9	2
29	11	2
29	12	1
29	15	1
29	17	2
29	19	1
29	21	2
29	25	1
29	27	1
29	28	2
30	2	1
30	4	3
30	6	2
30	8	4
30	9	1
30	10	1
30	11	2
30	12	1
30	13	1
30	14	2
30	15	2
30	16	2
30	18	1
30	25	2
30	27	1
30	28	2
31	1	1
31	3	1
31	4	1
31	7	1
31	8	1
31	10	1
31	11	2
31	12	3
31	15	2
31	16	1
31	19	2
31	22	1
31	23	2
31	24	2
31	28	1
31	29	1
31	30	3
32	9	2
32	11	1
32	12	2
32	17	3
32	19	1
32	23	3
32	27	2
32	28	1
32	30	2
32	31	6
33	1	2
33	2	1
33	3	1
33	4	1
33	7	1
33	8	1
33	10	1
33	12	1
33	13	1
33	16	2
33	22	1
33	25	1
33	26	1
33	27	2
33	28	1
33	29	1
33	30	4
33	31	4
33	32	1
34	7	1
34	8	3
34	10	6
34	11	1
34	12	1
34	13	1
34	15	1
34	21	3
34	23	1
34	24	1
34	25	1
34	28	1
34	29	2
34	30	1
34	31	3
34	32	1
34	33	8
35	1	1
35	4	5
35	6	2
35	7	2
35	9	4
35	10	4
35	11	3
35	12	2
35	13	1
35	14	2
35	15	1
35	16	5
35	17	3
35	19	1
35	20	1
35	21	2
35	22	3
35	24	2
35	25	3
35	26	4
35	27	3
35	28	4
35	29	3
35	30	3
35	31	1
35	33	1
35	34	1
36	5	2
36	6	1
36	9	2
36	10	3
36	11	3
36	12	2
36	15	1
36	16	3
36	17	2
36	18	1
36	19	1
36	20	1
36	22	2
36	24	4
36	25	2
36	26	3
36	28	3
36	29	2
36	32	1
36	35	3
37	3	1
37	5	2
37	8	2
37	9	1
37	10	3
37	11	6
37	12	4
37	13	5
37	15	1
37	17	1
37	18	2
37	19	1
37	20	2
37	22	4
37	23	1
37	24	2
37	25	4
37	26	1
37	27	2
37	28	2
37	30	1
37	33	1
37	35	8
37	36	1
38	0	2
38	3	1
38	5	4
38	7	2
38	8	2
38	9	3
38	10	3
38	11	7
38	12	3
38	13	2
38	14	2
38	16	3
38	17	1
38	18	4
38	19	1
38	22	1
38	23	1
38	25	3
38	26	2
38	27	3
38	28	3
38	31	1
38	32	2
38	34	1
38	35	11
38	36	3
38	37	6
39	3	1
39	5	1
39	7	1
39	8	2
39	9	1
39	10	2
39	11	3
39	12	3
39	13	2
39	15	3
39	16	1
39	17	1
39	18	2
39	19	1
39	21	1
39	22	1
39	23	4
39	24	1
39	25	1
39	27	3
39	29	1
39	30	2
39	32	1
39	33	2
39	35	3
39	36	3
39	37	3
39	38	3
40	3	1
40	4	3
40	5	2
40	8	3
40	9	2
40	10	4
40	11	1
40	12	2
40	14	2
40	15	2
40	16	1
40	17	2
40	21	1
40	22	1
40	23	1
40	24	1
40	27	2
40	28	3
40	29	5
40	30	1
40	31	1
40	32	1
40	33	1
40	35	2
40	36	4
40	38	5
40	39	2
41	4	1
41	6	1
41	7	1
41	8	3
41	10	1
41	11	5
41	12	1
41	13	2
41	14	1
41	15	1
41	17	1
41	18	2
41	19	1
41	21	3
41	22	1
41	26	1
41	27	3
41	28	4
41	29	4
41	31	4
41	32	1
41	33	1
41	34	2
41	35	1
41	37	1
41	38	2
41	39	2
41	40	1
42	4	1
42	7	1
42	11	1
42	12	1
42	16	1
42	18	1
42	22	1
42	25	1
42	27	2
42	28	1
42	29	1
42	30	4
42	31	3
42	32	1
42	33	2
42	34	1
42	35	3
42	37	1
42	38	1
42	40	1
43	2	1
43	4	2
43	5	1
43	6	1
43	8	1
43	9	1
43	10	2
43	11	5
43	12	3
43	13	3
43	16	2
43	24	1
43	29	1
43	30	3
43	31	2
43	32	2
43	33	1
43	34	4
43	35	1
43	38	1
43	39	2
43	40	2
43	41	3
43	42	5
44	4	1
44	5	2
44	6	1
44	8	2
44	10	2
44	16	1
44	17	1
44	23	1
44	27	1
44	28	1
44	30	2
44	31	2
44	34	1
44	35	1
44	36	1
44	40	1
44	42	2
44	43	2
45	2	1
45	3	1
45	4	1
45	8	2
45	13	1
45	14	1
45	15	1
45	17	2
45	18	1
45	22	1
45	25	1
45	28	1
45	30	1
45	31	1
45	32	4
45	34	1
45	35	1
45	38	3
45	39	1
45	40	1
45	41	1
45	42	1
45	43	2
45	44	6
46	1	2
46	2	1
46	4	1
46	5	1
46	9	1
46	10	1
46	11	1
46	15	2
46	18	1
46	19	1
46	20	1
46	23	1
46	27	1
46	29	1
46	32	2
46	33	1
46	35	1
46	36	1
46	38	1
46	40	1
46	42	1
46	43	3
46	44	3
46	45	3
47	5	2
47	6	1
47	7	1
47	8	1
47	9	3
47	10	2
47	11	1
47	12	5
47	13	2
47	14	1
47	15	1
47	17	3
47	18	2
47	20	1
47	22	1
47	23	1
47	24	2
47	27	1
47	28	1
47	30	3
47	31	4
47	35	3
47	36	1
47	38	2
47	41	3
47	42	5
47	43	3
47	44	3
47	45	2
47	46	3
48	1	2
48	3	1
48	4	2
48	6	2
48	7	2
48	8	2
48	9	1
48	10	3
48	11	2
48	12	4
48	13	3
48	14	1
48	15	2
48	16	2
48	17	1
48	18	1
48	24	2
48	27	2
48	28	4
48	29	1
48	32	1
48	33	2
48	34	2
48	35	4
48	37	1
48	39	1
48	41	2
48	42	1
48	44	3
48	45	2
48	46	1
48	47	4
49	3	1
49	4	2
49	5	1
49	6	2
49	7	2
49	8	2
49	9	3
49	10	5
49	11	5
49	12	6
49	13	2
49	14	2
49	15	1
49	16	1
49	18	1
49	19	1
49	20	1
49	22	1
49	24	4
49	25	2
49	26	1
49	27	1
49	28	1
49	30	2
49	31	2
49	32	2
49	34	1
49	35	2
49	36	2
49	37	2
49	38	2
49	39	3
49	40	3
49	41	1
49	42	3
49	43	1
49	45	4
49	46	2
49	47	7
49	48	7
50	3	1
50	4	1
50	6	1
50	7	3
50	8	5
50	9	3
50	10	1
50	11	1
50	12	3
50	13	4
50	15	1
50	16	1
50	17	1
50	19	1
50	20	1
50	23	1
50	24	1
50	25	1
50	27	3
50	28	3
50	29	1
50	31	2
50	33	1
50	37	1
50	38	1
50	39	1
50	40	1
50	43	1
50	45	1
50	47	1
50	48	2
50	49	6
51	3	1
51	4	1
51	5	2
51	6	1
51	8	4
51	9	1
51	10	2
51	11	1
51	13	4
51	14	1
51	16	3
51	17	2
51	18	3
51	22	2
51	24	2
51	25	1
51	27	3
51	28	3
51	29	1
51	31	1
51	32	1
51	35	2
51	37	2
51	38	1
51	39	1
51	40	3
51	41	1
51	43	1
51	44	1
51	46	2
51	48	2
51	49	5
51	50	3
52	3	1
52	4	1
52	6	2
52	7	4
52	8	3
52	9	1
52	10	3
52	11	4
52	14	2
52	15	1
52	16	3
52	17	1
52	19	1
52	20	2
52	23	3
52	24	1
52	25	3
52	27	2
52	28	2
52	29	1
52	30	6
52	31	1
52	33	3
52	34	1
52	35	2
52	36	2
52	37	1
52	39	1
52	40	1
52	41	1
52	44	1
52	46	1
52	47	2
52	48	6
52	49	3
52	50	3
52	51	8
53	4	2
53	5	1
53	6	4
53	7	3
53	8	2
53	9	3
53	10	5
53	11	2
53	12	2
53	13	2
53	14	2
53	15	3
53	19	3
53	21	1
53	22	1
53	24	2
53	25	1
53	27	4
53	28	3
53	29	2
53	30	2
53	34	1
53	35	1
53	36	1
53	37	1
53	38	2
53	39	1
53	41	2
53	42	2
53	43	2
53	44	1
53	45	1
53	46	2
53	48	2
53	49	6
53	50	2
53	51	3
53	52	3
54	4	1
54	5	2
54	6	4
54	7	2
54	8	3
54	9	1
54	11	1
54	12	1
54	15	3
54	16	3
54	17	1
54	21	2
54	23	1
54	24	1
54	25	2
54	27	1
54	28	1
54	29	1
54	30	1
54	31	2
54	32	1
54	33	1
54	34	4
54	35	2
54	37	1
54	40	2
54	41	6
54	42	2
54	43	1
54	44	1
54	45	3
54	46	1
54	47	3
54	48	1
54	49	4
54	52	1
54	53	4
55	1	2
55	3	1
55	4	2
55	6	2
55	7	1
55	8	3
55	9	1
55	10	1
55	12	4
55	14	1
55	16	2
55	17	1
55	19	1
55	20	1
55	22	2
55	23	1
55	24	1
55	25	3
55	27	5
55	28	2
55	29	1
55	31	1
55	32	1
55	33	1
55	34	1
55	35	3
55	37	2
55	38	2
55	39	1
55	41	2
55	42	2
55	43	1
55	44	2
55	45	3
55	46	4
55	47	2
55	48	1
55	49	2
55	50	1
55	52	1
55	53	3
55	54	9
56	0	1
56	1	1
56	3	1
56	5	2
56	6	2
56	7	4
56	8	4
56	9	2
56	11	1
56	12	2
56	13	1
56	15	3
56	16	1
56	17	1
56	18	1
56	20	2
56	24	3
56	26	2
56	27	1
56	28	1
56	33	2
56	34	1
56	36	1
56	37	1
56	38	1
56	41	1
56	43	2
56	46	1
56	47	5
56	48	5
56	49	3
56	50	2
56	51	4
56	52	4
56	54	1
56	55	6
57	3	1
57	4	3
57	5	2
57	6	5
57	7	2
57	8	2
57	10	2
57	11	1
57	12	2
57	14	1
57	15	2
57	16	1
57	17	2
57	18	1
57	19	1
57	21	1
57	22	1
57	23	2
57	24	3
57	27	4
57	28	2
57	30	1
57	31	2
57	32	1
57	33	3
57	34	2
57	36	1
57	38	2
57	40	2
57	42	2
57	43	2
57	44	5
57	48	1
57	49	2
57	50	7
57	51	2
57	52	1
57	53	1
57	54	5
57	55	4
57	56	2
58	3	1
58	4	4
58	5	4
58	6	4
58	7	3
58	9	4
58	10	1
58	11	3
58	12	2
58	13	1
58	16	1
58	17	1
58	18	1
58	19	1
58	20	1
58	21	2
58	22	1
58	23	2
58	24	2
58	28	2
58	29	1
58	31	1
58	33	2
58	34	1
58	36	1
58	37	1
58	38	2
58	39	1
58	40	1
58	42	1
58	44	1
58	46	1
58	47	5
58	49	3
58	50	4
58	51	1
58	52	1
58	53	3
58	54	3
58	55	11
58	56	5
58	57	5
59	3	3
59	4	2
59	5	1
59	8	1
59	12	1
59	15	1
59	19	1
59	22	1
59	25	3
59	26	1
59	27	1
59	28	1
59	34	3
59	41	3
59	47	1
59	52	1
59	54	1
59	58	1
60	0	1
60	1	1
60	2	4
60	5	1
60	8	1
60	9	1
60	10	2
60	11	1
60	12	1
60	16	1
60	20	1
60	27	2
60	28	1
60	30	3
60	31	3
60	32	1
60	34	2
60	35	1
60	38	2
60	40	1
60	41	2
60	42	1
60	43	1
60	44	3
60	45	1
60	46	4
60	47	3
60	48	2
60	49	1
60	51	1
60	53	1
60	55	1
60	56	1
