1	0	10
2	0	2
2	1	12
4	1	1
4	3	3
5	3	5
5	4	8
6	3	1
6	4	2
6	5	3
7	1	1
7	4	1
7	6	2
8	1	2
8	2	2
8	4	5
8	5	2
8	6	5
8	7	7
9	4	3
9	5	1
9	6	2
9	7	3
9	8	1
10	3	2
10	5	1
10	7	2
10	8	2
10	9	16
11	3	3
11	5	3
11	6	2
11	7	1
11	8	1
11	9	3
11	10	3
12	1	2
12	3	1
12	4	1
12	5	3
12	6	2
12	7	5
12	8	3
12	9	2
12	10	6
12	11	5
13	3	1
13	4	2
13	5	1
13	6	3
13	7	4
13	8	3
13	9	1
13	10	5
13	11	1
13	12	2
14	1	1
14	3	1
14	4	3
14	5	1
14	6	2
14	7	1
14	8	1
14	9	2
14	10	1
14	11	3
14	12	4
14	13	2
15	1	1
15	3	3
15	7	2
15	8	1
15	9	2
15	10	3
15	11	2
15	12	2
15	13	4
15	14	13
16	1	1
16	3	2
16	6	5
16	7	4
16	8	2
16	9	3
16	10	1
16	12	1
16	13	5
16	14	1
16	15	3
17	3	1
17	4	2
17	6	1
17	7	1
17	9	2
17	11	1
17	12	2
17	13	2
17	14	2
17	15	1
17	16	1
18	0	1
18	3	2
18	4	2
18	5	1
18	6	1
18	8	4
18	10	1
18	13	3
18	17	4
19	2	1
19	3	4
19	4	2
19	5	2
19	6	3
19	7	4
19	10	2
19	12	1
19	13	1
19	15	4
19	16	2
19	17	7
19	18	5
20	0	1
20	3	3
20	4	3
20	5	2
20	6	3
20	7	3
20	8	3
20	11	2
20	12	1
20	13	3
20	15	2
20	16	2
20	17	4
20	18	1
20	19	3
21	2	1
21	3	1
21	4	2
21	5	2
21	8	2
21	9	2
21	10	1
21	11	2
21	12	4
21	13	4
21	14	2
21	15	6
21	17	4
21	18	1
21	19	4
21	20	8
22	2	2
22	3	3
22	4	3
22	5	2
22	6	1
22	7	1
22	9	3
22	10	1
22	11	1
22	12	1
22	13	1
22	14	1
22	15	2
22	16	1
22	17	1
22	18	2
22	19	2
22	20	1
22	21	2
23	3	1
23	4	5
23	8	1
23	10	4
23	11	2
23	13	2
23	14	1
23	15	2
23	16	2
23	17	3
23	18	1
23	19	1
23	20	1
23	21	2
23	22	5
24	3	1
24	4	1
24	5	1
24	6	2
24	7	3
24	8	4
24	9	2
24	10	1
24	11	1
24	12	1
24	13	3
24	14	3
24	17	2
24	19	2
24	20	1
24	21	2
24	22	3
24	23	2
25	1	1
25	3	2
25	4	2
25	5	1
25	6	3
25	8	1
25	9	3
25	10	1
25	11	2
25	12	2
25	13	1
25	14	1
25	16	1
25	17	2
25	18	1
25	19	1
25	20	1
25	21	2
25	22	1
25	23	1
25	24	3
26	1	2
26	3	2
26	4	1
26	12	2
26	19	1
26	20	1
26	22	1
26	23	2
26	24	1
26	25	2
27	1	1
27	2	1
27	3	2
27	5	2
27	6	4
27	9	2
27	10	5
27	11	3
27	12	2
27	13	2
27	14	3
27	15	2
27	17	4
27	19	2
27	20	1
27	22	1
27	23	1
27	24	2
27	25	4
27	26	2
28	4	3
28	7	3
28	8	2
28	9	2
28	10	2
28	11	1
28	12	2
28	13	1
28	14	7
28	15	1
28	17	2
28	18	4
28	23	1
28	24	1
28	25	2
28	26	2
28	27	3
29	3	2
29	4	4
29	5	3
29	7	1
29	9	1
29	10	1
29	11	3
29	12	2
29	14	2
29	19	1
29	24	1
29	26	2
29	27	3
29	28	8
30	1	1
30	6	2
30	7	2
30	8	3
30	11	1
30	12	1
30	13	2
30	14	2
30	15	2
30	16	2
30	19	1
30	21	2
30	23	3
30	24	1
30	25	1
30	27	2
30	29	3
31	1	2
31	4	1
31	6	2
31	7	1
31	8	1
31	9	1
31	10	2
31	12	1
31	13	5
31	15	1
31	18	1
31	23	1
31	24	2
31	27	1
31	30	3
32	2	1
32	8	1
32	11	1
32	12	1
32	15	2
32	16	2
32	18	1
32	23	1
32	26	1
32	27	1
32	28	1
32	30	4
32	31	4
33	1	2
33	2	2
33	4	1
33	6	1
33	7	1
33	11	1
33	12	1
33	13	1
33	17	1
33	22	1
33	25	1
33	27	1
33	30	3
33	31	3
34	4	2
34	5	2
34	6	1
34	8	1
34	12	1
34	13	1
34	20	1
34	21	1
34	24	2
34	25	2
34	27	2
34	28	3
34	29	3
34	30	5
34	31	4
34	32	3
34	33	5
35	3	1
35	4	2
35	5	3
35	6	3
35	7	1
35	8	1
35	9	2
35	10	2
35	11	2
35	13	1
35	14	2
35	15	1
35	16	1
35	17	1
35	19	1
35	20	1
35	21	2
35	22	2
35	23	1
35	24	1
35	25	5
35	26	3
35	28	1
35	29	1
35	30	1
35	32	1
36	3	1
36	4	4
36	5	1
36	6	1
36	7	1
36	8	1
36	9	1
36	10	4
36	11	5
36	13	1
36	19	2
36	20	1
36	21	2
36	23	3
36	24	5
36	25	3
36	26	1
36	27	1
36	28	3
36	29	2
36	30	1
36	31	1
36	35	5
37	2	1
37	4	2
37	5	1
37	7	2
37	8	1
37	9	2
37	10	2
37	11	2
37	12	3
37	15	3
37	16	1
37	17	3
37	18	2
37	20	2
37	21	1
37	22	1
37	23	3
37	24	2
37	25	5
37	27	2
37	28	3
37	30	2
37	31	1
37	33	2
37	34	1
37	35	7
37	36	1
38	3	2
38	4	1
38	5	1
38	6	1
38	8	1
38	9	2
38	10	1
38	11	6
38	13	6
38	14	1
38	16	1
38	17	1
38	18	1
38	19	1
38	20	2
38	22	1
38	23	1
38	24	1
38	25	4
38	26	2
38	27	3
38	28	4
38	29	1
38	30	2
38	31	2
38	32	1
38	33	1
38	35	3
38	36	4
38	37	16
39	3	1
39	4	1
39	5	3
39	6	1
39	7	1
39	8	2
39	10	3
39	11	3
39	17	1
39	18	2
39	20	1
39	21	1
39	22	1
39	23	1
39	25	3
39	26	2
39	27	2
39	28	3
39	29	2
39	30	1
39	31	1
39	32	2
39	34	1
39	35	2
39	36	6
39	37	2
39	38	7
40	0	1
40	3	1
40	4	4
40	6	2
40	7	2
40	8	1
40	9	1
40	10	2
40	11	3
40	13	1
40	14	1
40	15	1
40	16	3
40	17	1
40	19	2
40	20	2
40	22	1
40	24	1
40	27	5
40	28	3
40	29	5
40	30	1
40	31	2
40	35	1
40	36	2
40	38	7
41	1	2
41	3	2
41	5	2
41	7	2
41	8	1
41	9	2
41	10	2
41	11	2
41	12	3
41	15	1
41	21	1
41	22	1
41	24	1
41	25	4
41	27	2
41	28	3
41	29	2
41	30	6
41	31	1
41	32	1
41	33	1
41	34	3
41	35	3
41	37	2
41	38	1
41	39	3
41	40	1
42	3	2
42	5	1
42	7	3
42	8	1
42	9	2
42	10	2
42	11	2
42	13	2
42	16	1
42	21	1
42	25	2
42	28	1
42	29	1
42	30	8
42	31	3
42	32	4
42	33	3
42	34	7
42	35	2
42	36	1
42	37	1
42	38	1
42	39	2
42	41	2
43	1	1
43	2	2
43	7	1
43	10	1
43	13	1
43	14	1
43	15	3
43	18	1
43	20	1
43	24	1
43	29	1
43	30	4
43	31	1
43	32	1
43	33	2
43	34	3
43	37	1
43	39	1
43	41	1
43	42	1
44	2	1
44	5	3
44	8	2
44	9	2
44	11	1
44	12	1
44	16	1
44	17	1
44	24	1
44	29	1
44	31	1
44	32	2
44	33	3
44	34	2
44	35	2
44	38	1
44	40	1
44	41	1
44	42	1
44	43	4
45	2	2
45	3	1
45	8	4
45	9	1
45	15	1
45	18	2
45	27	1
45	30	1
45	32	1
45	33	1
45	42	2
45	43	2
45	44	3
46	1	1
46	8	2
46	10	2
46	15	2
46	22	1
46	28	1
46	29	1
46	30	2
46	32	4
46	33	1
46	34	1
46	36	2
46	38	1
46	40	1
46	41	2
46	42	3
46	44	3
46	45	5
47	0	2
47	4	2
47	5	1
47	6	1
47	7	3
47	8	2
47	9	2
47	12	1
47	13	1
47	16	1
47	17	1
47	20	1
47	22	1
47	25	1
47	27	2
47	28	1
47	29	1
47	30	5
47	32	1
47	33	3
47	34	2
47	35	3
47	36	1
47	38	1
47	39	1
47	41	1
47	42	2
47	43	2
47	44	1
47	46	1
48	4	3
48	5	1
48	6	1
48	7	4
48	8	1
48	9	1
48	10	1
48	11	2
48	12	2
48	13	2
48	14	2
48	15	1
48	17	1
48	20	3
48	21	1
48	22	3
48	23	2
48	26	3
48	28	2
48	29	1
48	30	2
48	31	2
48	32	1
48	35	1
48	36	3
48	39	2
48	41	1
48	42	5
48	43	2
48	44	1
48	45	1
48	46	2
48	47	5
49	4	3
49	5	4
49	6	4
49	7	3
49	8	3
49	9	3
49	10	1
49	11	4
49	12	3
49	15	2
49	16	2
49	17	2
49	18	2
49	19	2
49	22	1
49	23	1
49	24	3
49	25	1
49	27	3
49	28	1
49	29	3
49	30	3
49	31	1
49	33	1
49	34	1
49	35	4
49	36	3
49	37	1
49	38	1
49	39	1
49	40	3
49	41	5
49	42	2
49	43	1
49	44	1
49	45	2
49	46	1
49	47	5
49	48	2
50	3	2
50	4	2
50	5	1
50	7	5
50	8	4
50	9	1
50	10	2
50	11	3
50	12	2
50	13	3
50	14	2
50	16	2
50	17	1
50	18	1
50	19	1
50	21	3
50	22	1
50	27	1
50	28	1
50	29	1
50	30	1
50	31	1
50	33	1
50	34	1
50	35	1
50	37	2
50	38	3
50	39	1
50	40	1
50	42	1
50	43	4
50	44	2
50	47	2
50	48	6
50	49	2
51	3	2
51	4	1
51	5	2
51	6	6
51	7	2
51	9	1
51	10	2
51	11	2
51	12	1
51	13	3
51	14	2
51	15	6
51	16	2
51	18	4
51	20	1
51	21	2
51	23	2
51	24	2
51	25	1
51	27	2
51	28	2
51	30	3
51	31	2
51	34	2
51	35	2
51	38	3
51	40	1
51	42	1
51	43	2
51	44	1
51	45	1
51	47	2
51	48	3
51	49	4
51	50	4
52	3	2
52	4	1
52	5	2
52	6	1
52	7	4
52	8	3
52	9	1
52	11	2
52	12	3
52	13	1
52	14	3
52	15	2
52	16	3
52	17	2
52	18	3
52	19	1
52	20	1
52	24	2
52	25	3
52	26	1
52	27	1
52	30	1
52	31	2
52	32	1
52	33	2
52	34	1
52	35	1
52	37	1
52	38	1
52	39	1
52	40	1
52	42	1
52	43	4
52	44	1
52	48	1
52	49	2
52	50	3
52	51	8
53	4	2
53	5	3
53	6	4
53	7	3
53	8	3
53	9	3
53	10	2
53	11	3
53	12	2
53	13	3
53	14	1
53	16	1
53	17	2
53	23	1
53	24	1
53	25	2
53	27	5
53	28	2
53	30	2
53	31	1
53	34	3
53	35	3
53	36	1
53	38	1
53	39	1
53	41	2
53	42	2
53	43	2
53	44	4
53	45	2
53	46	1
53	47	2
53	48	3
53	49	5
53	50	3
53	52	3
54	4	1
54	6	1
54	8	3
54	9	1
54	11	2
54	12	1
54	13	1
54	14	2
54	15	3
54	16	3
54	17	2
54	18	4
54	19	1
54	20	2
54	21	1
54	24	3
54	27	1
54	29	1
54	30	1
54	31	1
54	32	1
54	34	1
54	35	1
54	36	1
54	39	2
54	40	5
54	41	2
54	42	3
54	43	2
54	44	1
54	46	2
54	48	3
54	49	5
54	50	3
54	51	2
54	52	1
54	53	3
55	0	1
55	1	1
55	3	3
55	5	2
55	7	1
55	8	4
55	9	3
55	10	2
55	12	4
55	13	2
55	14	2
55	15	3
55	19	2
55	20	3
55	21	2
55	22	1
55	23	1
55	24	1
55	25	1
55	27	2
55	28	3
55	29	1
55	30	4
55	31	1
55	32	2
55	34	2
55	35	1
55	36	3
55	37	3
55	38	1
55	42	3
55	43	2
55	44	3
55	46	1
55	47	2
55	48	1
55	49	3
55	50	1
55	52	3
55	53	5
55	54	5
56	1	1
56	3	2
56	4	1
56	6	1
56	7	2
56	8	3
56	9	3
56	10	2
56	12	2
56	15	1
56	17	1
56	18	1
56	21	2
56	23	1
56	24	5
56	25	1
56	26	1
56	27	1
56	28	2
56	32	2
56	34	2
56	35	2
56	39	1
56	42	1
56	43	1
56	44	1
56	47	2
56	48	4
56	49	2
56	50	5
56	51	2
56	52	3
56	53	1
56	54	5
56	55	9
57	3	2
57	4	1
57	5	3
57	6	4
57	7	1
57	8	6
57	11	1
57	12	1
57	13	1
57	14	1
57	15	3
57	16	5
57	18	1
57	19	1
57	21	3
57	22	2
57	24	2
57	25	2
57	27	2
57	28	1
57	30	1
57	31	1
57	34	2
57	37	1
57	39	1
57	40	5
57	42	1
57	44	2
57	45	1
57	46	1
57	47	2
57	49	2
57	51	2
57	53	1
57	54	4
57	55	4
57	56	6
58	4	1
58	5	1
58	6	1
58	7	4
58	10	1
58	11	1
58	13	2
58	14	1
58	15	2
58	19	1
58	23	2
58	29	1
58	30	1
58	33	2
58	36	1
58	37	1
58	38	1
58	40	1
58	42	2
58	45	1
58	46	2
58	48	3
58	49	1
58	51	3
58	53	2
58	54	3
58	55	3
58	56	1
58	57	2
59	4	2
59	5	1
59	6	1
59	7	1
59	8	1
59	10	1
59	13	1
59	14	1
59	17	2
59	18	1
59	25	1
59	27	3
59	28	1
59	36	1
59	43	1
59	49	2
59	53	1
59	55	1
59	56	1
59	57	1
60	1	4
60	2	3
60	5	1
60	9	3
60	13	1
60	16	2
60	21	2
60	28	1
60	30	4
60	32	1
60	33	1
60	34	5
60	35	1
60	36	2
60	38	2
60	39	1
60	42	1
60	43	1
60	44	2
60	45	3
60	46	1
60	51	2
60	53	2
60	54	2
60	55	3
60	56	1
60	57	1
60	58	2
