1	0	5
2	0	2
2	1	1
4	3	3
5	1	1
5	2	2
5	4	1
6	3	1
6	4	3
6	5	1
7	1	2
7	5	2
7	6	4
8	3	2
8	4	3
8	5	2
8	6	9
8	7	5
9	2	2
9	4	1
9	5	2
9	6	1
9	7	2
9	8	7
10	1	1
10	4	2
10	6	1
10	7	3
10	8	3
10	9	8
11	0	1
11	3	1
11	4	3
11	7	1
11	8	2
11	9	6
11	10	5
12	4	3
12	5	1
12	6	2
12	7	3
12	8	1
12	9	7
12	10	7
12	11	6
13	1	2
13	2	2
13	4	1
13	5	1
13	6	2
13	7	2
13	8	3
13	9	1
13	10	6
13	11	2
13	12	4
14	4	1
14	5	2
14	6	1
14	7	3
14	8	2
14	9	2
14	10	1
14	11	1
14	13	4
15	4	1
15	5	2
15	6	2
15	7	1
15	8	2
15	9	1
15	10	2
15	11	1
15	14	7
16	1	1
16	5	1
16	6	1
16	7	4
16	9	1
16	12	3
16	13	2
16	14	6
16	15	7
17	3	1
17	4	2
17	5	2
17	6	2
17	7	4
17	8	2
17	9	3
17	10	1
17	14	2
17	15	1
17	16	1
18	3	4
18	4	6
18	6	1
18	7	1
18	8	1
18	10	2
18	11	2
18	12	1
18	13	2
18	14	3
18	15	1
18	16	1
18	17	8
19	1	2
19	3	3
19	4	2
19	5	3
19	6	3
19	8	2
19	9	2
19	10	1
19	11	2
19	13	2
19	14	2
19	15	4
19	16	2
19	17	4
19	18	14
20	3	1
20	4	1
20	5	1
20	7	1
20	9	1
20	10	1
20	11	1
20	13	1
20	14	4
20	15	1
20	16	2
20	18	1
20	19	6
21	1	1
21	6	1
21	8	1
21	9	2
21	11	1
21	12	1
21	14	2
21	15	3
21	16	4
21	17	5
21	18	3
21	19	3
21	20	9
22	3	2
22	6	2
22	7	1
22	8	2
22	9	1
22	10	1
22	11	1
22	14	1
22	17	4
22	18	2
22	19	5
22	20	1
22	21	4
23	3	1
23	5	2
23	6	2
23	8	1
23	9	2
23	10	2
23	13	3
23	14	1
23	15	1
23	16	1
23	17	3
23	19	3
23	20	2
23	21	1
23	22	6
24	3	2
24	4	2
24	5	1
24	6	3
24	7	1
24	8	4
24	9	6
24	10	1
24	12	2
24	13	1
24	14	1
24	15	3
24	16	1
24	17	4
24	18	4
24	19	2
24	20	1
24	21	4
24	22	1
24	23	3
25	0	1
25	3	4
25	4	3
25	5	4
25	6	4
25	7	1
25	8	6
25	10	1
25	11	1
25	12	2
25	13	4
25	14	1
25	15	3
25	16	2
25	17	3
25	18	1
25	20	1
25	22	1
25	23	3
25	24	3
26	9	1
26	11	1
26	12	2
26	14	2
26	18	2
26	20	2
26	21	1
26	22	1
26	24	1
26	25	1
27	1	2
27	4	3
27	5	3
27	7	3
27	8	5
27	9	3
27	10	2
27	11	1
27	12	2
27	13	1
27	14	2
27	15	1
27	16	1
27	17	2
27	19	4
27	21	1
27	22	1
27	24	4
27	25	6
27	26	1
28	2	1
28	3	3
28	4	1
28	5	3
28	6	2
28	7	2
28	8	3
28	9	2
28	10	1
28	11	6
28	12	2
28	13	1
28	15	2
28	16	2
28	17	5
28	18	3
28	21	1
28	22	2
28	24	2
28	25	3
28	26	4
28	27	6
29	3	1
29	4	4
29	5	1
29	8	1
29	9	2
29	10	2
29	11	2
29	12	3
29	13	1
29	14	1
29	15	2
29	17	1
29	19	3
29	21	3
29	22	1
29	23	1
29	26	1
29	27	2
29	28	11
30	2	2
30	4	1
30	6	1
30	8	1
30	9	3
30	12	3
30	13	3
30	16	1
30	17	1
30	21	1
30	23	1
30	24	1
30	27	1
30	28	2
31	2	1
31	5	1
31	6	1
31	7	2
31	8	2
31	9	1
31	11	1
31	12	1
31	15	2
31	19	1
31	22	1
31	23	1
31	25	1
31	27	1
31	28	3
31	29	2
31	30	5
32	2	2
32	5	1
32	8	1
32	9	2
32	11	1
32	15	1
32	16	1
32	21	2
32	28	1
32	29	1
32	30	1
33	0	2
33	2	2
33	4	2
33	6	1
33	7	1
33	8	1
33	9	3
33	10	2
33	12	1
33	17	1
33	22	1
33	23	1
33	28	2
33	29	1
33	30	3
33	31	5
33	32	3
34	1	2
34	4	3
34	5	1
34	8	1
34	12	1
34	21	1
34	22	1
34	24	1
34	25	1
34	27	2
34	28	2
34	29	1
34	30	1
34	31	4
34	32	1
34	33	9
35	1	1
35	2	1
35	9	4
35	10	6
35	11	3
35	12	2
35	13	2
35	14	1
35	15	2
35	17	1
35	18	2
35	19	1
35	20	1
35	21	2
35	22	1
35	23	3
35	24	5
35	25	6
35	26	1
35	27	1
35	28	4
35	29	1
35	34	2
36	3	2
36	4	1
36	5	4
36	7	1
36	8	1
36	9	2
36	10	2
36	11	5
36	13	1
36	16	2
36	17	2
36	18	1
36	20	4
36	22	1
36	23	2
36	25	4
36	26	1
36	27	1
36	28	2
36	31	2
36	35	5
37	4	2
37	5	1
37	8	1
37	9	1
37	10	3
37	11	2
37	12	2
37	16	1
37	18	3
37	20	1
37	22	1
37	24	1
37	25	2
37	26	2
37	27	2
37	28	2
37	29	3
37	33	2
37	35	9
37	36	7
38	1	1
38	4	5
38	5	1
38	6	1
38	8	3
38	9	4
38	10	5
38	11	3
38	12	4
38	13	2
38	14	1
38	16	1
38	17	3
38	18	2
38	19	1
38	21	1
38	22	1
38	23	1
38	24	2
38	25	4
38	27	6
38	28	1
38	29	2
38	30	2
38	31	3
38	32	1
38	35	10
38	37	8
39	3	1
39	4	1
39	6	1
39	7	1
39	9	3
39	12	2
39	14	2
39	15	1
39	18	2
39	19	1
39	20	1
39	21	3
39	22	1
39	24	4
39	25	1
39	26	2
39	27	1
39	28	1
39	29	1
39	30	2
39	31	1
39	33	2
39	34	2
39	35	4
39	36	1
39	37	2
39	38	8
40	4	2
40	5	4
40	6	1
40	10	2
40	12	2
40	13	2
40	16	1
40	19	2
40	20	2
40	22	2
40	23	2
40	24	1
40	27	8
40	28	3
40	29	5
40	30	1
40	32	3
40	33	1
40	34	2
40	35	2
40	36	1
40	37	3
40	38	2
40	39	1
41	3	1
41	5	1
41	7	1
41	8	3
41	10	1
41	11	2
41	12	1
41	13	1
41	14	1
41	15	1
41	18	1
41	19	1
41	23	2
41	24	2
41	25	2
41	27	2
41	28	6
41	30	3
41	31	3
41	32	1
41	33	1
41	34	1
41	36	1
41	37	1
41	38	2
41	39	4
41	40	1
42	4	3
42	6	1
42	8	2
42	9	1
42	10	2
42	11	1
42	13	3
42	16	2
42	21	2
42	22	1
42	27	1
42	28	2
42	30	2
42	31	1
42	32	1
42	33	1
42	34	2
42	36	1
42	38	3
42	39	1
42	41	3
43	1	2
43	2	1
43	5	1
43	6	2
43	7	2
43	8	2
43	9	1
43	13	1
43	15	2
43	17	1
43	18	1
43	20	1
43	24	2
43	27	3
43	28	6
43	29	1
43	30	2
43	31	2
43	32	5
43	33	2
43	34	2
43	40	1
43	41	1
44	0	1
44	2	1
44	4	1
44	5	1
44	8	1
44	9	1
44	10	2
44	11	1
44	14	1
44	15	3
44	17	1
44	22	1
44	28	2
44	29	2
44	30	1
44	32	1
44	33	3
44	34	1
44	41	1
44	42	4
44	43	7
45	3	1
45	7	2
45	10	3
45	12	1
45	16	1
45	17	1
45	18	2
45	25	1
45	30	2
45	31	2
45	32	3
45	33	1
45	34	1
45	38	1
45	39	1
45	40	1
45	43	1
45	44	4
46	0	2
46	4	1
46	6	1
46	8	2
46	9	1
46	10	2
46	12	2
46	18	1
46	19	2
46	20	1
46	23	1
46	27	2
46	30	1
46	31	1
46	32	1
46	33	4
46	34	5
46	36	1
46	39	1
46	41	2
46	42	1
46	43	2
46	44	2
46	45	3
47	3	1
47	4	1
47	5	1
47	6	5
47	7	1
47	8	2
47	9	3
47	10	1
47	12	1
47	13	1
47	14	2
47	15	2
47	16	1
47	17	1
47	19	1
47	22	1
47	25	1
47	27	1
47	28	2
47	29	1
47	30	1
47	31	1
47	32	2
47	33	1
47	34	1
47	35	1
47	37	1
47	38	2
47	41	1
47	42	1
47	43	3
47	44	1
47	46	1
48	0	1
48	2	1
48	4	1
48	5	1
48	6	1
48	7	1
48	8	3
48	9	6
48	10	6
48	12	2
48	13	1
48	14	1
48	19	2
48	20	1
48	21	3
48	22	2
48	24	3
48	27	3
48	28	1
48	29	1
48	30	1
48	31	2
48	32	1
48	33	3
48	35	1
48	36	1
48	37	3
48	39	2
48	41	3
48	42	1
48	47	4
49	2	1
49	3	2
49	4	3
49	5	1
49	6	2
49	7	7
49	8	12
49	9	10
49	10	3
49	11	2
49	12	8
49	13	2
49	14	1
49	15	4
49	16	2
49	17	1
49	19	2
49	21	2
49	24	5
49	25	1
49	26	2
49	27	4
49	30	3
49	32	2
49	33	2
49	34	1
49	35	3
49	36	1
49	37	2
49	38	2
49	39	1
49	40	3
49	41	1
49	42	1
49	43	1
49	45	1
49	47	5
49	48	6
50	3	1
50	5	3
50	6	4
50	7	3
50	8	6
50	9	4
50	10	1
50	11	1
50	12	2
50	14	1
50	15	2
50	16	2
50	17	2
50	19	1
50	20	2
50	22	1
50	23	1
50	24	1
50	25	2
50	27	1
50	30	1
50	31	1
50	33	2
50	34	1
50	35	1
50	36	1
50	37	1
50	38	1
50	39	2
50	40	2
50	42	3
50	46	1
50	47	4
50	48	2
50	49	4
51	3	1
51	6	1
51	7	2
51	8	3
51	10	5
51	11	3
51	12	5
51	13	1
51	14	3
51	15	5
51	18	1
51	20	2
51	21	2
51	23	1
51	24	1
51	25	1
51	27	1
51	28	1
51	33	1
51	35	1
51	37	2
51	38	1
51	39	1
51	41	2
51	43	3
51	44	1
51	45	3
51	47	2
51	48	4
51	49	4
51	50	2
52	3	2
52	4	2
52	5	2
52	6	1
52	7	2
52	9	3
52	10	3
52	12	3
52	13	4
52	14	3
52	15	4
52	16	3
52	19	1
52	20	2
52	22	2
52	23	1
52	25	1
52	27	1
52	28	2
52	29	1
52	30	1
52	33	1
52	34	1
52	35	1
52	37	1
52	41	2
52	42	2
52	44	4
52	45	2
52	46	2
52	47	3
52	48	2
52	49	4
52	50	2
52	51	10
53	1	1
53	4	1
53	5	1
53	6	6
53	7	3
53	8	8
53	9	3
53	10	1
53	11	4
53	12	2
53	13	2
53	14	2
53	15	2
53	16	1
53	17	1
53	18	1
53	24	2
53	25	1
53	26	1
53	27	4
53	29	1
53	30	3
53	31	3
53	32	3
53	33	4
53	35	1
53	38	1
53	39	1
53	40	2
53	41	2
53	42	2
53	43	1
53	46	2
53	48	4
53	49	6
53	50	3
53	51	3
53	52	4
54	3	1
54	5	1
54	6	2
54	7	1
54	8	6
54	9	3
54	10	2
54	11	1
54	12	2
54	13	1
54	16	3
54	17	1
54	18	1
54	20	1
54	22	2
54	24	1
54	26	1
54	27	3
54	28	1
54	29	2
54	30	3
54	31	1
54	32	1
54	33	3
54	34	5
54	35	1
54	36	3
54	37	2
54	38	3
54	39	3
54	40	1
54	41	3
54	42	3
54	43	5
54	44	2
54	48	2
54	49	2
54	50	3
54	51	3
54	53	3
55	0	1
55	2	1
55	3	1
55	4	1
55	5	2
55	6	2
55	7	1
55	8	4
55	9	1
55	11	1
55	14	2
55	17	2
55	18	2
55	21	2
55	22	1
55	23	2
55	24	1
55	27	1
55	28	2
55	29	1
55	31	2
55	32	1
55	33	2
55	34	2
55	36	3
55	38	2
55	40	5
55	41	1
55	42	4
55	45	1
55	46	2
55	47	1
55	48	1
55	49	3
55	52	1
55	54	2
56	3	1
56	4	1
56	5	2
56	6	2
56	7	1
56	8	2
56	9	2
56	10	1
56	11	1
56	13	1
56	14	1
56	15	2
56	16	4
56	20	1
56	21	1
56	23	1
56	27	1
56	28	1
56	29	1
56	30	2
56	31	1
56	32	1
56	33	1
56	34	2
56	35	3
56	36	4
56	37	1
56	38	2
56	42	2
56	44	4
56	45	2
56	46	3
56	47	5
56	48	2
56	49	3
56	50	2
56	51	2
56	52	3
56	53	2
56	54	7
56	55	8
57	2	1
57	3	1
57	4	4
57	5	1
57	6	2
57	7	2
57	8	1
57	9	1
57	10	3
57	11	1
57	12	3
57	13	1
57	15	2
57	16	1
57	17	3
57	18	1
57	19	1
57	20	1
57	22	2
57	23	3
57	25	3
57	26	1
57	27	4
57	28	4
57	29	1
57	30	1
57	32	2
57	33	2
57	35	1
57	38	1
57	39	2
57	40	1
57	41	2
57	43	1
57	44	1
57	47	2
57	48	4
57	49	3
57	50	1
57	51	2
57	52	2
57	53	2
57	54	1
57	55	4
57	56	6
58	1	1
58	3	1
58	4	3
58	5	1
58	6	1
58	7	2
58	9	1
58	10	1
58	12	2
58	13	1
58	14	1
58	15	1
58	16	1
58	17	1
58	18	1
58	21	1
58	22	1
58	23	1
58	25	3
58	27	3
58	28	4
58	29	1
58	30	1
58	34	2
58	35	2
58	38	1
58	41	1
58	42	1
58	43	2
58	46	1
58	48	1
58	49	2
58	50	2
58	51	1
58	53	1
58	54	1
58	55	3
58	56	2
58	57	6
59	2	1
59	4	1
59	5	1
59	6	3
59	8	1
59	9	1
59	10	2
59	12	2
59	13	1
59	15	3
59	16	1
59	23	1
59	27	2
59	28	1
59	33	1
59	34	1
59	35	1
59	36	1
59	38	1
59	39	1
59	40	2
59	43	2
59	44	1
59	45	1
59	49	1
59	50	1
59	51	2
59	52	2
59	53	2
59	54	2
59	55	2
59	56	2
59	57	1
59	58	3
60	0	2
60	1	2
60	2	4
60	4	1
60	8	1
60	9	1
60	11	1
60	12	2
60	20	1
60	22	4
60	27	1
60	28	1
60	30	1
60	31	1
60	32	2
60	33	1
60	34	1
60	35	3
60	40	1
60	41	1
60	42	3
60	43	2
60	45	6
60	46	2
60	47	1
60	48	1
60	49	2
60	51	1
60	52	1
60	53	1
60	54	1
60	56	1
60	57	3
60	59	1
