1	0	9
2	1	5
3	0	1
3	2	1
4	3	3
5	3	5
5	4	7
6	1	2
6	3	1
6	4	1
7	1	1
7	4	1
7	5	2
8	2	1
8	3	3
8	4	3
8	5	4
8	6	3
8	7	8
9	3	1
9	4	3
9	5	4
9	6	2
9	7	2
9	8	3
10	1	1
10	2	1
10	6	2
10	7	5
10	8	4
10	9	4
11	5	2
11	6	3
11	7	3
11	8	2
11	9	2
11	10	5
12	3	1
12	4	5
12	5	1
12	6	2
12	7	1
12	8	5
12	9	4
12	10	5
12	11	6
13	1	2
13	2	1
13	4	1
13	5	1
13	6	2
13	7	4
13	8	4
13	9	3
13	10	5
13	11	3
13	12	5
14	4	1
14	6	1
14	7	1
14	8	3
14	10	1
14	11	1
14	12	2
14	13	5
15	0	2
15	1	1
15	4	3
15	7	3
15	8	3
15	9	1
15	10	2
15	11	1
15	12	1
15	13	2
15	14	7
16	3	3
16	5	1
16	6	1
16	7	3
16	8	6
16	9	1
16	10	1
16	11	3
16	12	3
16	13	3
16	14	1
16	15	8
17	3	1
17	4	1
17	5	2
17	6	2
17	7	2
17	8	1
17	9	2
17	10	5
17	11	1
17	12	1
17	14	3
17	15	2
17	16	1
18	0	1
18	2	1
18	3	3
18	4	2
18	5	2
18	7	1
18	8	2
18	10	2
18	11	1
18	12	3
18	13	1
18	14	2
18	15	2
18	17	2
19	1	1
19	3	3
19	4	5
19	5	2
19	8	1
19	9	3
19	10	1
19	11	2
19	12	1
19	13	2
19	14	2
19	16	1
19	17	3
19	18	11
20	3	2
20	4	2
20	6	1
20	8	1
20	9	2
20	10	2
20	11	3
20	12	1
20	13	1
20	14	3
20	15	1
20	16	1
20	17	3
20	18	3
20	19	2
21	3	1
21	4	1
21	5	1
21	6	2
21	7	1
21	8	2
21	9	1
21	11	1
21	12	1
21	14	2
21	15	5
21	16	3
21	17	3
21	19	4
21	20	1
22	2	1
22	4	1
22	6	1
22	7	1
22	10	1
22	11	2
22	13	1
22	14	2
22	15	2
22	17	3
22	18	2
22	19	4
22	20	4
22	21	1
23	6	3
23	7	2
23	8	1
23	9	1
23	10	2
23	11	3
23	12	1
23	13	2
23	16	2
23	17	4
23	19	1
23	20	3
23	22	8
24	3	1
24	4	3
24	5	1
24	6	4
24	7	3
24	8	3
24	10	3
24	11	1
24	12	3
24	13	2
24	14	3
24	16	5
24	17	7
24	20	2
24	21	1
24	22	5
24	23	5
25	4	6
25	5	1
25	6	1
25	7	3
25	8	3
25	9	2
25	10	4
25	11	3
25	12	1
25	13	3
25	14	1
25	16	2
25	18	2
25	19	1
25	21	1
25	22	4
25	23	3
25	24	5
26	1	1
26	9	3
26	10	1
26	13	3
26	18	1
26	20	1
26	21	2
26	22	3
26	23	1
26	24	2
26	25	1
27	4	3
27	5	1
27	6	3
27	7	3
27	8	5
27	9	5
27	10	4
27	11	1
27	12	3
27	13	1
27	16	3
27	17	1
27	19	3
27	22	3
27	23	5
27	24	2
27	25	4
27	26	2
28	4	2
28	5	2
28	6	2
28	7	1
28	8	3
28	9	2
28	10	5
28	11	2
28	12	2
28	13	4
28	15	2
28	16	3
28	17	1
28	18	2
28	19	1
28	20	1
28	23	3
28	24	2
28	25	2
28	26	2
28	27	5
29	3	1
29	4	2
29	5	2
29	6	2
29	7	3
29	8	2
29	11	1
29	13	2
29	14	2
29	17	1
29	19	1
29	25	1
29	26	1
29	27	1
29	28	6
30	2	1
30	3	1
30	4	4
30	7	1
30	8	4
30	9	1
30	10	1
30	11	4
30	12	4
30	15	1
30	18	1
30	23	1
30	24	1
30	28	1
30	29	2
31	3	2
31	4	1
31	7	2
31	8	1
31	9	1
31	10	1
31	12	1
31	19	1
31	23	1
31	24	1
31	25	1
31	27	1
31	28	2
31	30	3
32	2	1
32	4	5
32	6	2
32	8	2
32	11	2
32	12	1
32	17	1
32	19	1
32	21	1
32	24	1
32	26	1
32	27	1
32	28	5
32	30	2
32	31	1
33	1	1
33	5	1
33	8	2
33	10	1
33	12	1
33	15	1
33	17	1
33	22	2
33	23	1
33	24	1
33	26	1
33	27	1
33	28	1
33	30	4
33	31	3
33	32	3
34	2	1
34	4	1
34	7	1
34	8	1
34	9	1
34	11	1
34	12	1
34	13	2
34	15	1
34	22	1
34	25	1
34	27	1
34	28	1
34	29	2
34	30	3
34	31	4
34	32	5
34	33	5
35	1	1
35	4	3
35	5	3
35	6	4
35	8	1
35	9	4
35	10	3
35	11	1
35	12	1
35	13	2
35	14	2
35	16	2
35	17	1
35	18	1
35	20	2
35	21	1
35	23	2
35	24	2
35	25	4
35	26	2
35	27	4
35	28	3
35	29	2
35	30	2
35	31	2
35	32	1
36	4	2
36	5	1
36	6	1
36	7	3
36	8	1
36	9	2
36	10	4
36	11	2
36	12	2
36	14	1
36	16	1
36	19	1
36	20	2
36	21	1
36	22	1
36	23	1
36	24	4
36	26	2
36	27	1
36	28	3
36	29	2
36	33	1
36	35	5
37	3	2
37	4	2
37	5	1
37	9	1
37	10	3
37	11	3
37	13	3
37	15	2
37	17	2
37	18	1
37	23	2
37	24	4
37	25	6
37	27	4
37	28	1
37	29	1
37	30	1
37	31	2
37	34	2
37	35	6
37	36	1
38	5	1
38	6	2
38	7	1
38	8	4
38	9	1
38	10	1
38	11	5
38	12	3
38	14	1
38	15	2
38	16	1
38	17	4
38	18	1
38	19	1
38	20	1
38	23	2
38	24	1
38	25	4
38	26	1
38	27	5
38	28	2
38	29	2
38	31	3
38	32	1
38	33	2
38	34	2
38	35	7
38	36	2
38	37	6
39	3	1
39	4	3
39	5	1
39	7	1
39	8	2
39	10	1
39	11	2
39	12	4
39	13	1
39	14	1
39	15	1
39	17	2
39	20	2
39	22	2
39	24	4
39	25	2
39	26	2
39	27	3
39	28	2
39	29	2
39	32	1
39	35	3
39	36	2
39	37	4
39	38	3
40	1	1
40	3	1
40	4	1
40	5	2
40	6	2
40	7	1
40	9	1
40	10	3
40	11	2
40	12	1
40	13	4
40	17	1
40	18	1
40	20	2
40	21	1
40	22	2
40	23	1
40	25	4
40	26	1
40	27	4
40	28	2
40	29	5
40	30	5
40	31	1
40	33	3
40	34	1
40	35	1
40	37	1
40	38	2
40	39	5
41	4	3
41	5	1
41	6	1
41	7	3
41	8	4
41	9	2
41	10	4
41	11	1
41	12	1
41	13	1
41	14	1
41	15	3
41	17	1
41	19	1
41	21	1
41	22	1
41	23	1
41	24	2
41	25	2
41	26	1
41	27	2
41	28	2
41	29	2
41	30	1
41	31	3
41	32	1
41	33	1
41	34	2
41	35	2
41	38	3
41	39	4
41	40	2
42	5	1
42	6	1
42	8	4
42	9	1
42	10	2
42	11	1
42	12	2
42	14	1
42	18	1
42	21	3
42	22	1
42	27	1
42	28	1
42	30	5
42	31	1
42	32	2
42	33	1
42	34	2
42	39	3
42	40	2
42	41	4
43	1	1
43	5	1
43	6	1
43	7	1
43	8	2
43	9	2
43	10	2
43	12	2
43	13	2
43	14	1
43	15	1
43	16	1
43	17	1
43	20	1
43	25	1
43	27	3
43	29	1
43	30	2
43	31	1
43	32	4
43	33	5
43	34	4
43	37	1
43	38	1
43	41	3
43	42	4
44	1	2
44	4	1
44	5	2
44	6	1
44	8	2
44	10	2
44	13	4
44	14	1
44	16	1
44	17	1
44	23	2
44	28	1
44	31	3
44	32	1
44	35	1
44	38	1
44	40	2
44	43	9
45	2	3
45	4	1
45	7	1
45	8	1
45	12	2
45	18	1
45	27	1
45	28	1
45	30	2
45	32	3
45	33	7
45	34	1
45	38	2
45	39	1
45	40	2
45	41	1
45	42	1
45	43	2
45	44	5
46	4	2
46	5	3
46	6	1
46	18	3
46	23	1
46	27	1
46	30	3
46	31	1
46	32	3
46	33	2
46	34	3
46	38	2
46	39	1
46	42	3
46	43	3
46	44	4
46	45	3
47	0	1
47	6	2
47	7	3
47	9	2
47	11	1
47	12	2
47	13	2
47	15	1
47	17	1
47	18	2
47	19	1
47	20	1
47	22	1
47	23	1
47	24	1
47	27	1
47	30	2
47	31	1
47	32	1
47	35	2
47	37	2
47	38	2
47	39	2
47	42	4
47	43	3
47	46	2
48	1	1
48	4	1
48	7	6
48	8	2
48	9	2
48	10	3
48	11	6
48	12	2
48	13	1
48	14	1
48	15	2
48	16	2
48	17	1
48	20	2
48	21	1
48	24	1
48	25	1
48	27	2
48	28	1
48	29	2
48	30	2
48	31	1
48	33	1
48	34	1
48	35	1
48	36	1
48	37	2
48	38	2
48	41	2
48	42	2
48	43	4
48	45	1
48	47	2
49	3	1
49	4	2
49	5	3
49	6	4
49	7	2
49	8	5
49	9	3
49	10	4
49	11	4
49	12	2
49	13	5
49	14	2
49	15	3
49	16	2
49	17	1
49	18	3
49	20	1
49	21	2
49	22	2
49	23	3
49	24	3
49	25	2
49	26	2
49	27	5
49	28	1
49	29	3
49	30	1
49	31	1
49	32	1
49	35	2
49	37	1
49	38	2
49	40	3
49	42	1
49	43	2
49	44	1
49	46	1
49	47	5
49	48	10
50	3	2
50	4	1
50	5	1
50	6	2
50	7	3
50	8	4
50	9	3
50	10	3
50	11	1
50	13	4
50	14	2
50	15	1
50	17	1
50	19	1
50	20	3
50	21	1
50	22	3
50	23	1
50	24	2
50	27	3
50	31	3
50	33	2
50	34	2
50	35	3
50	37	2
50	38	2
50	39	1
50	40	1
50	41	1
50	42	1
50	43	2
50	44	3
50	45	2
50	48	6
50	49	6
51	3	1
51	4	2
51	5	1
51	6	4
51	8	2
51	9	2
51	10	1
51	12	5
51	13	2
51	15	2
51	16	1
51	19	2
51	24	4
51	25	2
51	28	1
51	33	1
51	34	1
51	35	1
51	36	3
51	37	3
51	38	1
51	41	1
51	42	1
51	43	1
51	44	1
51	45	1
51	47	2
51	48	4
51	49	5
51	50	2
52	3	1
52	4	3
52	6	1
52	7	1
52	8	1
52	9	1
52	10	2
52	11	2
52	12	2
52	13	4
52	14	1
52	15	2
52	16	3
52	17	1
52	18	2
52	20	4
52	21	1
52	23	1
52	24	1
52	25	1
52	26	1
52	27	2
52	28	1
52	30	1
52	31	2
52	34	1
52	36	3
52	39	2
52	40	1
52	41	2
52	42	1
52	43	2
52	46	1
52	47	4
52	49	7
52	50	1
52	51	11
53	2	1
53	3	1
53	4	3
53	5	1
53	6	2
53	7	1
53	8	6
53	9	1
53	10	2
53	11	1
53	12	2
53	13	2
53	14	1
53	16	1
53	18	2
53	20	1
53	21	1
53	22	2
53	23	2
53	25	1
53	27	4
53	28	2
53	29	1
53	30	3
53	31	1
53	36	1
53	37	1
53	39	1
53	40	1
53	41	1
53	42	3
53	43	3
53	45	1
53	47	2
53	48	2
53	49	10
53	50	3
53	51	3
53	52	2
54	0	2
54	3	2
54	4	1
54	6	3
54	7	1
54	8	1
54	9	3
54	10	3
54	11	3
54	12	3
54	13	1
54	14	1
54	15	2
54	16	2
54	17	2
54	18	1
54	21	1
54	26	2
54	27	2
54	28	1
54	29	1
54	30	1
54	31	3
54	33	1
54	34	2
54	36	3
54	37	2
54	38	2
54	39	3
54	40	1
54	42	2
54	43	1
54	46	3
54	47	2
54	48	2
54	49	6
54	50	1
54	53	1
55	4	3
55	5	1
55	6	4
55	7	1
55	8	4
55	10	1
55	12	2
55	17	1
55	18	2
55	20	4
55	21	1
55	22	3
55	23	2
55	24	1
55	25	1
55	26	1
55	27	2
55	28	3
55	29	2
55	30	3
55	32	4
55	33	3
55	38	3
55	40	1
55	41	5
55	42	3
55	43	2
55	44	2
55	45	1
55	46	3
55	47	2
55	48	1
55	49	2
55	50	3
55	51	3
55	52	2
55	53	4
55	54	4
56	3	1
56	4	1
56	5	4
56	6	3
56	8	3
56	13	2
56	15	1
56	16	1
56	20	1
56	21	2
56	22	3
56	23	1
56	24	3
56	25	3
56	26	3
56	29	2
56	30	2
56	31	3
56	32	1
56	33	2
56	34	1
56	35	2
56	38	1
56	40	1
56	41	2
56	42	4
56	43	1
56	44	1
56	45	1
56	47	5
56	48	2
56	49	2
56	50	3
56	51	2
56	52	3
56	53	7
56	54	3
56	55	7
57	2	1
57	4	3
57	5	5
57	6	2
57	7	1
57	8	2
57	9	2
57	10	4
57	12	4
57	13	1
57	15	1
57	16	3
57	18	1
57	19	1
57	22	4
57	23	1
57	24	1
57	26	1
57	27	1
57	28	1
57	29	2
57	30	1
57	31	3
57	33	1
57	36	2
57	37	1
57	38	2
57	39	3
57	41	3
57	42	2
57	44	1
57	45	1
57	46	1
57	48	2
57	49	3
57	51	1
57	52	2
57	53	2
57	55	2
57	56	4
58	3	1
58	4	5
58	6	2
58	7	1
58	8	3
58	10	2
58	11	2
58	12	1
58	13	1
58	15	1
58	16	1
58	18	1
58	19	1
58	20	1
58	21	2
58	22	2
58	23	1
58	24	1
58	25	1
58	27	2
58	29	1
58	31	3
58	33	1
58	34	2
58	36	5
58	37	2
58	41	1
58	43	1
58	45	1
58	49	1
58	50	2
58	51	1
58	52	3
58	53	1
58	54	2
58	55	1
58	56	2
58	57	10
59	0	1
59	4	1
59	5	2
59	10	2
59	16	2
59	18	1
59	19	2
59	23	2
59	26	1
59	27	2
59	31	1
59	33	3
59	34	1
59	35	1
59	44	2
59	45	1
59	46	2
59	49	1
59	51	3
59	52	2
59	53	2
59	54	1
59	55	4
59	56	2
60	0	1
60	1	1
60	2	2
60	5	1
60	8	1
60	9	1
60	11	1
60	12	1
60	15	1
60	27	1
60	30	1
60	31	1
60	32	3
60	33	5
60	36	2
60	38	3
60	41	2
60	42	2
60	43	3
60	45	2
60	46	2
60	48	2
60	53	2
60	54	1
60	55	1
60	56	1
60	57	2
