1	0	6
2	0	1
2	1	1
3	0	2
4	3	2
5	2	2
5	3	1
5	4	11
6	3	2
6	5	4
7	3	2
7	4	2
7	5	2
7	6	10
8	2	1
8	3	1
8	4	3
8	5	2
8	6	7
8	7	6
9	3	1
9	5	3
9	6	1
9	7	1
9	8	4
10	4	1
10	5	2
10	6	2
10	7	4
10	8	6
10	9	10
11	3	2
11	4	2
11	5	2
11	6	2
11	7	1
11	8	2
11	9	3
11	10	3
12	1	1
12	4	2
12	6	1
12	7	1
12	8	4
12	9	3
12	10	12
12	11	6
13	1	1
13	3	2
13	4	2
13	5	1
13	6	2
13	7	6
13	8	2
13	9	4
13	10	4
13	11	5
13	12	7
14	1	1
14	5	1
14	6	2
14	7	2
14	8	2
14	9	2
14	11	2
14	12	1
14	13	1
15	3	4
15	6	4
15	8	2
15	9	2
15	11	3
15	12	1
15	13	2
15	14	8
16	1	1
16	4	1
16	5	2
16	6	1
16	7	3
16	8	1
16	9	1
16	12	1
16	13	3
16	14	3
16	15	3
17	1	2
17	3	1
17	4	1
17	7	1
17	8	1
17	9	1
17	10	2
17	11	2
17	12	1
17	13	2
17	14	1
17	16	2
18	3	2
18	5	2
18	6	2
18	7	4
18	8	1
18	9	2
18	10	1
18	11	2
18	12	2
18	13	2
18	14	3
18	15	1
18	17	1
19	1	1
19	3	1
19	4	3
19	5	1
19	6	2
19	7	2
19	8	1
19	11	3
19	12	3
19	14	2
19	15	2
19	16	3
19	17	5
19	18	4
20	3	1
20	4	1
20	6	2
20	7	1
20	10	3
20	12	1
20	13	1
20	14	3
20	15	1
20	16	2
20	17	7
20	18	3
20	19	2
21	0	1
21	1	1
21	7	3
21	8	3
21	11	1
21	12	2
21	13	2
21	14	5
21	15	3
21	16	1
21	17	2
21	18	2
21	19	4
21	20	4
22	4	1
22	5	1
22	6	1
22	7	1
22	8	2
22	9	2
22	10	1
22	11	1
22	12	2
22	16	1
22	17	4
22	18	3
22	19	1
22	20	1
23	1	1
23	3	1
23	4	3
23	5	3
23	7	2
23	8	1
23	10	2
23	12	4
23	13	2
23	14	2
23	15	1
23	17	2
23	18	1
23	19	2
23	20	3
23	21	3
23	22	1
24	3	1
24	4	3
24	5	2
24	6	3
24	7	2
24	8	6
24	9	3
24	13	1
24	15	4
24	16	1
24	17	2
24	18	1
24	20	2
24	21	1
24	22	2
24	23	1
25	0	1
25	2	2
25	3	4
25	5	1
25	6	1
25	7	1
25	8	5
25	11	1
25	12	3
25	13	1
25	15	3
25	17	4
25	18	1
25	19	1
25	22	2
25	23	3
25	24	1
26	3	1
26	5	2
26	9	2
26	11	1
26	12	2
26	13	1
26	17	1
26	20	1
26	21	3
26	23	1
26	24	1
26	25	3
27	1	2
27	4	1
27	5	3
27	6	2
27	8	1
27	9	4
27	10	5
27	11	2
27	12	5
27	13	1
27	15	1
27	16	2
27	18	1
27	19	1
27	20	1
27	22	1
27	23	4
27	24	4
27	25	4
27	26	2
28	3	2
28	4	4
28	5	4
28	6	4
28	7	1
28	8	4
28	9	2
28	10	1
28	11	6
28	13	1
28	14	1
28	15	3
28	16	1
28	17	2
28	18	2
28	19	1
28	21	1
28	22	1
28	23	3
28	24	4
28	25	5
28	26	2
28	27	6
29	3	1
29	4	1
29	5	3
29	6	1
29	8	3
29	9	5
29	10	1
29	11	1
29	12	2
29	13	1
29	17	1
29	19	1
29	21	2
29	23	2
29	24	1
29	26	3
29	27	4
29	28	6
30	1	3
30	4	3
30	5	2
30	6	1
30	8	4
30	10	1
30	11	1
30	13	1
30	14	1
30	16	2
30	21	1
30	24	1
30	27	1
30	28	6
30	29	2
31	2	1
31	4	2
31	6	2
31	8	1
31	10	1
31	11	3
31	13	2
31	15	1
31	18	1
31	21	3
31	24	1
31	25	1
31	27	1
31	28	1
31	29	1
31	30	4
32	2	1
32	4	2
32	6	1
32	8	3
32	10	3
32	11	2
32	12	1
32	14	2
32	16	2
32	17	1
32	29	1
32	30	2
32	31	3
33	1	2
33	3	1
33	5	1
33	6	1
33	8	1
33	9	1
33	12	1
33	15	1
33	24	3
33	25	3
33	26	2
33	28	1
33	29	1
33	30	2
33	31	1
33	32	3
34	1	1
34	4	1
34	5	2
34	7	3
34	8	2
34	11	2
34	16	1
34	17	1
34	24	1
34	25	1
34	27	1
34	28	1
34	29	1
34	30	1
34	31	3
34	32	1
34	33	12
35	2	1
35	3	1
35	4	1
35	5	1
35	6	1
35	7	2
35	8	2
35	9	5
35	10	5
35	11	2
35	12	2
35	13	1
35	14	1
35	15	6
35	16	1
35	17	1
35	20	2
35	22	1
35	23	2
35	24	2
35	25	5
35	26	2
35	27	3
35	28	3
35	29	3
35	30	1
35	33	2
35	34	2
36	3	1
36	5	1
36	6	2
36	8	3
36	9	2
36	10	4
36	11	4
36	12	3
36	13	1
36	14	1
36	15	2
36	16	4
36	17	2
36	18	3
36	19	2
36	20	1
36	22	1
36	23	1
36	25	4
36	26	1
36	27	1
36	28	3
36	29	1
36	31	2
36	35	8
37	3	1
37	4	2
37	5	2
37	6	1
37	7	3
37	8	1
37	10	1
37	12	1
37	13	3
37	16	3
37	17	1
37	18	4
37	19	1
37	22	3
37	23	2
37	25	6
37	26	5
37	27	6
37	28	2
37	29	2
37	34	1
37	35	8
37	36	3
38	3	1
38	5	1
38	6	2
38	8	3
38	9	3
38	10	3
38	11	2
38	12	4
38	13	2
38	15	1
38	16	3
38	17	1
38	20	2
38	21	2
38	22	2
38	23	1
38	24	2
38	25	2
38	27	5
38	28	4
38	29	1
38	30	1
38	31	1
38	32	1
38	33	2
38	35	5
38	36	1
38	37	7
39	3	1
39	4	2
39	5	4
39	7	1
39	8	2
39	9	1
39	10	1
39	11	2
39	13	1
39	16	1
39	19	1
39	20	1
39	23	1
39	24	2
39	25	1
39	27	3
39	28	3
39	29	1
39	31	3
39	33	1
39	35	1
39	36	2
39	37	2
39	38	4
40	1	2
40	5	2
40	6	3
40	7	1
40	8	1
40	9	2
40	10	1
40	11	2
40	14	1
40	15	1
40	16	1
40	19	2
40	20	2
40	26	1
40	27	1
40	28	2
40	29	2
40	30	2
40	33	2
40	34	1
40	35	1
40	37	1
40	38	2
40	39	3
41	4	2
41	5	1
41	6	1
41	8	2
41	9	2
41	10	2
41	11	5
41	12	1
41	13	1
41	19	3
41	22	2
41	23	2
41	24	2
41	25	2
41	28	2
41	29	3
41	31	4
41	32	4
41	33	1
41	36	1
41	37	2
41	38	2
41	39	1
41	40	2
42	0	1
42	1	1
42	4	3
42	6	1
42	7	1
42	8	2
42	9	2
42	10	1
42	11	2
42	15	2
42	16	1
42	18	1
42	20	1
42	21	1
42	22	1
42	24	1
42	27	1
42	28	2
42	29	1
42	30	3
42	31	1
42	32	1
42	33	2
42	34	1
42	35	1
42	36	2
42	38	2
42	39	1
42	40	2
42	41	3
43	4	2
43	5	2
43	6	1
43	7	1
43	8	1
43	9	1
43	12	1
43	14	2
43	15	3
43	16	1
43	18	1
43	19	1
43	20	1
43	24	1
43	25	2
43	27	1
43	28	1
43	29	2
43	30	2
43	31	3
43	32	2
43	33	2
43	34	5
43	37	2
43	39	1
43	40	2
43	41	2
43	42	3
44	1	1
44	2	2
44	4	1
44	6	1
44	9	3
44	12	1
44	15	1
44	16	1
44	23	1
44	24	3
44	27	1
44	28	2
44	29	1
44	30	1
44	31	2
44	32	1
44	33	5
44	34	1
44	35	1
44	38	1
44	41	1
44	42	2
44	43	4
45	7	1
45	8	1
45	10	1
45	12	1
45	14	1
45	16	1
45	17	1
45	18	1
45	22	1
45	25	3
45	28	1
45	30	2
45	31	3
45	32	1
45	33	2
45	34	1
45	35	1
45	38	1
45	39	1
45	41	1
45	43	4
45	44	7
46	2	2
46	4	1
46	5	1
46	6	1
46	8	2
46	9	1
46	10	2
46	11	1
46	18	1
46	19	2
46	22	1
46	27	3
46	29	1
46	30	1
46	31	1
46	32	3
46	33	4
46	39	1
46	41	3
46	43	5
46	44	3
46	45	1
47	0	2
47	3	1
47	4	2
47	5	1
47	6	1
47	8	3
47	9	1
47	10	3
47	11	4
47	12	3
47	14	1
47	15	1
47	17	1
47	18	2
47	22	2
47	24	2
47	27	3
47	28	3
47	29	2
47	31	2
47	32	2
47	34	2
47	36	3
47	40	1
47	41	1
47	42	4
47	43	2
47	44	1
47	45	2
47	46	3
48	0	2
48	5	4
48	8	2
48	10	3
48	11	1
48	12	3
48	13	4
48	14	1
48	15	1
48	16	1
48	17	1
48	20	1
48	22	1
48	23	3
48	24	2
48	25	1
48	27	1
48	28	1
48	31	1
48	32	2
48	34	1
48	35	2
48	37	1
48	38	1
48	41	1
48	42	1
48	43	2
48	44	1
48	45	1
48	47	2
49	3	1
49	4	1
49	5	5
49	6	2
49	7	2
49	8	8
49	9	3
49	10	3
49	12	8
49	13	5
49	15	3
49	16	2
49	17	1
49	18	1
49	19	4
49	20	2
49	21	2
49	24	3
49	26	1
49	27	4
49	28	3
49	29	2
49	30	1
49	31	1
49	32	1
49	33	1
49	35	1
49	36	1
49	37	2
49	38	1
49	39	1
49	40	3
49	41	2
49	42	1
49	43	2
49	47	1
49	48	9
50	2	2
50	6	4
50	7	1
50	8	7
50	9	1
50	10	1
50	11	2
50	12	1
50	13	1
50	14	1
50	15	1
50	16	1
50	18	2
50	19	1
50	20	1
50	21	1
50	22	1
50	24	4
50	25	1
50	27	1
50	29	1
50	30	5
50	34	1
50	38	2
50	39	1
50	41	2
50	42	2
50	44	1
50	45	1
50	47	2
50	48	2
50	49	1
51	1	1
51	3	1
51	4	1
51	5	2
51	6	1
51	7	4
51	8	2
51	10	2
51	11	1
51	12	4
51	13	1
51	15	4
51	16	3
51	18	1
51	19	3
51	20	1
51	21	3
51	22	2
51	24	3
51	25	2
51	27	3
51	29	1
51	30	1
51	32	2
51	33	1
51	34	2
51	35	1
51	37	1
51	38	2
51	40	2
51	42	1
51	43	3
51	44	2
51	46	3
51	48	1
51	49	3
51	50	6
52	2	2
52	3	1
52	4	1
52	6	1
52	7	1
52	8	5
52	9	2
52	10	1
52	11	1
52	12	1
52	13	2
52	14	1
52	15	4
52	16	4
52	19	2
52	20	1
52	21	2
52	22	1
52	23	1
52	24	2
52	25	1
52	26	1
52	27	3
52	28	1
52	30	2
52	31	2
52	33	1
52	34	2
52	39	1
52	40	1
52	42	1
52	43	2
52	44	2
52	45	1
52	47	2
52	48	1
52	49	2
52	51	9
53	3	1
53	4	2
53	6	3
53	7	1
53	8	8
53	9	7
53	10	3
53	11	1
53	12	2
53	13	1
53	14	1
53	16	1
53	17	2
53	18	1
53	19	2
53	24	1
53	25	1
53	27	1
53	28	1
53	29	1
53	30	1
53	31	2
53	32	1
53	33	2
53	34	1
53	35	3
53	38	2
53	39	2
53	40	3
53	42	5
53	43	3
53	44	4
53	46	1
53	47	2
53	49	2
53	50	3
53	51	1
53	52	1
54	0	1
54	3	2
54	4	1
54	5	2
54	6	2
54	8	1
54	9	1
54	10	1
54	11	3
54	12	1
54	13	1
54	14	2
54	15	1
54	17	1
54	18	1
54	19	1
54	20	1
54	21	1
54	22	2
54	23	1
54	24	2
54	25	1
54	26	1
54	27	2
54	28	4
54	29	3
54	30	2
54	31	2
54	33	1
54	34	2
54	36	1
54	38	1
54	39	2
54	40	1
54	41	3
54	42	1
54	43	1
54	44	1
54	45	1
54	46	2
54	47	5
54	48	2
54	49	1
54	50	1
54	51	1
54	52	2
54	53	5
55	0	1
55	1	2
55	3	1
55	4	3
55	5	3
55	6	5
55	7	1
55	10	2
55	12	2
55	14	1
55	15	1
55	17	1
55	18	2
55	20	2
55	22	1
55	23	1
55	24	1
55	25	1
55	27	2
55	28	3
55	31	2
55	32	1
55	33	1
55	34	1
55	36	1
55	38	1
55	39	2
55	40	1
55	42	1
55	44	2
55	45	2
55	46	4
55	47	6
55	48	3
55	49	1
55	50	5
55	51	3
55	52	4
55	53	3
55	54	5
56	1	1
56	3	1
56	4	3
56	5	1
56	6	2
56	7	1
56	8	2
56	9	5
56	10	5
56	11	3
56	12	3
56	14	2
56	15	1
56	17	2
56	18	1
56	19	1
56	20	1
56	22	1
56	24	3
56	29	1
56	31	3
56	32	1
56	33	1
56	35	1
56	37	1
56	40	1
56	41	3
56	45	1
56	46	1
56	47	3
56	48	1
56	49	3
56	50	1
56	51	3
56	53	1
56	54	5
56	55	10
57	4	1
57	5	1
57	6	6
57	7	1
57	8	4
57	9	1
57	10	2
57	11	1
57	12	4
57	14	1
57	15	1
57	16	3
57	17	2
57	19	2
57	20	2
57	21	1
57	22	3
57	23	1
57	24	1
57	25	1
57	27	3
57	28	1
57	29	1
57	30	1
57	31	1
57	32	2
57	34	2
57	35	2
57	37	1
57	38	1
57	39	2
57	41	3
57	42	1
57	45	2
57	48	1
57	49	3
57	50	2
57	51	3
57	52	1
57	53	5
57	54	1
57	55	4
57	56	7
58	3	1
58	4	3
58	5	2
58	6	3
58	7	1
58	8	5
58	9	2
58	10	2
58	13	4
58	14	4
58	15	1
58	17	1
58	18	4
58	20	1
58	21	1
58	23	1
58	24	2
58	26	2
58	27	1
58	28	1
58	30	1
58	31	1
58	32	1
58	33	3
58	35	1
58	38	1
58	39	3
58	42	1
58	44	1
58	45	2
58	46	1
58	47	2
58	48	1
58	50	2
58	51	1
58	52	2
58	53	1
58	54	5
58	55	1
58	56	4
58	57	3
59	2	1
59	3	2
59	4	1
59	5	3
59	6	1
59	9	2
59	13	2
59	14	1
59	15	2
59	16	1
59	18	1
59	19	1
59	22	1
59	23	1
59	24	1
59	25	1
59	29	1
59	30	1
59	35	1
59	36	2
59	40	2
59	43	3
59	45	2
59	46	2
59	50	2
59	52	1
59	53	1
59	54	2
59	55	2
59	56	2
59	58	1
60	1	1
60	2	3
60	7	2
60	10	2
60	12	1
60	13	1
60	16	1
60	20	1
60	22	1
60	25	1
60	27	1
60	28	1
60	30	4
60	32	1
60	34	1
60	35	1
60	41	1
60	43	2
60	44	3
60	46	5
60	47	1
60	48	2
60	52	1
60	54	1
60	55	1
60	58	1
60	59	1
