1	0	6
2	0	3
2	1	9
3	2	2
4	3	9
5	1	1
5	2	1
5	3	1
5	4	5
6	1	1
6	3	1
6	4	1
6	5	2
7	4	1
7	5	2
7	6	3
8	2	1
8	4	4
8	5	3
8	6	4
8	7	4
9	5	2
9	6	1
9	7	4
9	8	5
10	0	1
10	1	1
10	2	1
10	3	3
10	6	1
10	7	2
10	8	4
10	9	6
11	3	3
11	5	3
11	6	4
11	7	1
11	8	1
11	9	4
11	10	6
12	4	1
12	7	3
12	8	2
12	9	4
12	10	9
12	11	7
13	3	2
13	5	1
13	6	1
13	7	5
13	8	1
13	9	2
13	10	3
13	11	1
13	12	4
14	3	1
14	4	2
14	5	1
14	6	1
14	7	1
14	9	2
14	11	1
14	12	3
14	13	3
15	4	2
15	6	1
15	7	2
15	8	1
15	10	1
15	11	1
15	12	1
15	13	1
15	14	11
16	1	1
16	4	1
16	5	1
16	6	1
16	7	2
16	8	4
16	9	3
16	11	2
16	13	5
16	14	2
16	15	1
17	3	3
17	4	3
17	5	3
17	6	1
17	7	3
17	8	5
17	9	2
17	11	1
17	12	2
17	13	1
17	14	2
17	15	2
17	16	2
18	3	6
18	4	2
18	5	1
18	6	4
18	7	2
18	8	2
18	10	2
18	13	2
18	14	1
18	16	1
18	17	3
19	3	2
19	4	2
19	6	1
19	9	2
19	10	2
19	11	3
19	12	1
19	14	3
19	15	3
19	17	2
19	18	4
20	3	2
20	5	2
20	6	1
20	7	3
20	8	3
20	9	1
20	11	1
20	14	1
20	16	2
20	18	2
20	19	5
21	1	1
21	2	1
21	3	1
21	4	1
21	5	3
21	8	1
21	9	3
21	10	2
21	13	2
21	14	2
21	15	3
21	17	3
21	18	6
21	19	1
21	20	10
22	3	3
22	4	1
22	5	2
22	6	1
22	8	1
22	10	1
22	11	1
22	12	2
22	15	1
22	17	3
22	18	1
22	19	1
22	20	1
22	21	2
23	1	1
23	3	1
23	5	2
23	6	2
23	7	2
23	8	1
23	9	1
23	10	4
23	11	1
23	13	2
23	14	1
23	15	1
23	17	5
23	18	2
23	19	2
23	20	1
23	21	3
23	22	2
24	3	1
24	4	2
24	6	2
24	7	3
24	8	3
24	9	5
24	10	3
24	11	2
24	12	3
24	13	4
24	14	1
24	15	1
24	16	3
24	17	4
24	18	4
24	19	3
24	20	1
24	22	5
24	23	4
25	3	1
25	4	2
25	5	2
25	8	2
25	11	2
25	12	4
25	13	3
25	15	3
25	16	1
25	17	1
25	18	2
25	19	1
25	20	1
25	21	2
25	22	2
25	23	8
25	24	2
26	4	2
26	8	4
26	10	4
26	11	2
26	14	2
26	18	1
26	20	1
26	22	1
26	23	1
26	24	1
26	25	5
27	1	2
27	3	3
27	4	3
27	5	1
27	7	3
27	8	2
27	9	3
27	10	5
27	11	3
27	12	2
27	13	2
27	14	2
27	16	1
27	17	1
27	18	1
27	19	1
27	20	1
27	21	2
27	23	7
27	24	4
27	25	3
28	2	1
28	4	3
28	6	2
28	7	1
28	8	2
28	9	3
28	10	4
28	11	4
28	12	2
28	13	1
28	14	1
28	15	3
28	16	2
28	17	2
28	19	1
28	22	3
28	23	1
28	24	2
28	25	4
28	26	2
28	27	2
29	7	2
29	8	3
29	9	2
29	10	1
29	11	2
29	14	1
29	22	2
29	24	1
29	25	2
29	26	2
29	27	1
29	28	3
30	2	1
30	3	1
30	6	1
30	7	1
30	8	1
30	9	2
30	10	2
30	11	2
30	13	1
30	15	1
30	19	1
30	25	1
31	1	1
31	2	1
31	7	1
31	9	2
31	10	1
31	11	3
31	12	2
31	13	2
31	19	1
31	21	2
31	23	1
31	25	1
31	28	2
31	29	1
31	30	2
32	2	1
32	6	1
32	9	1
32	10	1
32	12	1
32	24	3
32	27	1
32	28	1
32	29	1
32	30	6
32	31	2
33	2	3
33	4	3
33	5	3
33	6	1
33	8	1
33	9	1
33	11	1
33	12	3
33	13	1
33	15	1
33	16	1
33	17	1
33	22	1
33	29	2
33	30	1
33	31	2
33	32	1
34	2	1
34	5	1
34	6	2
34	7	1
34	9	1
34	12	2
34	15	2
34	16	1
34	21	1
34	22	1
34	23	2
34	24	1
34	26	1
34	27	3
34	28	2
34	29	1
34	30	3
34	31	3
34	32	2
34	33	6
35	1	1
35	3	1
35	4	1
35	5	3
35	7	2
35	8	2
35	9	1
35	10	7
35	11	3
35	12	3
35	14	1
35	16	2
35	18	4
35	19	3
35	20	1
35	21	1
35	22	1
35	23	4
35	24	2
35	25	2
35	26	2
35	27	4
35	28	2
35	29	1
35	30	1
35	31	2
35	32	2
35	34	3
36	3	2
36	5	1
36	6	1
36	7	2
36	8	1
36	9	3
36	10	4
36	11	6
36	12	3
36	13	2
36	14	2
36	15	2
36	16	1
36	17	1
36	18	2
36	22	4
36	23	2
36	24	6
36	25	7
36	26	1
36	27	3
36	28	3
36	31	1
36	32	4
36	35	6
37	3	1
37	4	2
37	5	3
37	6	1
37	7	2
37	8	1
37	9	2
37	10	3
37	11	2
37	12	2
37	13	2
37	15	2
37	18	1
37	19	1
37	21	1
37	23	1
37	24	1
37	25	6
37	26	2
37	27	1
37	28	2
37	29	3
37	30	1
37	31	2
37	34	1
37	35	9
37	36	1
38	0	1
38	2	1
38	3	1
38	4	3
38	6	1
38	7	1
38	8	1
38	9	2
38	10	1
38	11	1
38	12	1
38	15	3
38	16	1
38	17	3
38	20	2
38	22	1
38	24	2
38	25	3
38	26	1
38	27	2
38	28	6
38	29	5
38	30	1
38	31	2
38	32	1
38	33	1
38	34	3
38	35	3
38	36	2
38	37	4
39	3	1
39	4	2
39	5	1
39	6	2
39	8	2
39	9	4
39	10	4
39	11	1
39	12	3
39	14	1
39	15	1
39	16	1
39	19	1
39	21	1
39	23	2
39	24	2
39	25	2
39	26	1
39	27	6
39	28	2
39	29	4
39	30	1
39	32	2
39	33	1
39	35	5
39	36	3
39	37	4
39	38	7
40	1	1
40	5	4
40	6	1
40	9	3
40	10	3
40	12	3
40	13	1
40	14	1
40	15	1
40	16	2
40	17	2
40	18	1
40	20	3
40	21	1
40	22	1
40	23	1
40	24	2
40	25	2
40	27	6
40	28	2
40	29	5
40	30	2
40	31	1
40	33	2
40	35	1
40	36	3
40	37	1
40	38	4
40	39	2
41	3	4
41	7	1
41	9	1
41	10	2
41	11	4
41	13	1
41	14	1
41	18	3
41	19	1
41	20	2
41	21	2
41	22	1
41	24	3
41	28	1
41	30	3
41	31	2
41	32	1
41	33	3
41	34	2
41	35	1
41	36	3
41	38	1
41	39	3
41	40	3
42	5	2
42	8	2
42	9	1
42	10	2
42	11	1
42	13	2
42	14	1
42	15	1
42	22	1
42	24	1
42	25	1
42	27	2
42	28	1
42	30	1
42	31	3
42	32	1
42	33	1
42	34	1
42	36	3
42	37	1
42	39	2
42	41	2
43	8	1
43	11	1
43	12	1
43	16	2
43	20	1
43	25	1
43	27	1
43	28	5
43	30	4
43	31	3
43	32	2
43	33	2
43	34	1
43	35	1
43	37	1
43	41	1
43	42	1
44	4	2
44	5	1
44	6	2
44	9	2
44	10	1
44	12	1
44	13	1
44	17	1
44	20	1
44	23	1
44	28	3
44	29	2
44	31	1
44	32	1
44	33	2
44	34	2
44	35	1
44	36	1
44	38	1
44	40	1
44	41	2
44	42	2
44	43	2
45	1	1
45	2	1
45	7	1
45	9	1
45	10	1
45	16	1
45	22	1
45	27	1
45	31	1
45	33	1
45	34	3
45	35	2
45	38	1
45	39	1
45	40	1
45	42	5
45	43	8
45	44	5
46	0	1
46	2	2
46	4	1
46	5	1
46	6	1
46	8	1
46	10	1
46	11	2
46	13	3
46	15	1
46	19	2
46	20	1
46	25	3
46	31	1
46	32	3
46	33	1
46	35	2
46	40	1
46	41	1
46	42	2
46	43	2
46	44	2
46	45	5
47	3	2
47	5	2
47	6	1
47	7	2
47	8	3
47	9	1
47	10	1
47	11	3
47	12	3
47	13	1
47	15	2
47	17	2
47	19	1
47	20	1
47	21	1
47	22	3
47	24	6
47	25	1
47	27	3
47	28	2
47	29	1
47	30	3
47	31	1
47	32	1
47	33	1
47	34	3
47	35	1
47	36	1
47	37	1
47	38	2
47	39	2
47	40	1
47	41	2
47	42	2
47	43	2
47	44	1
47	45	2
47	46	1
48	4	2
48	5	2
48	6	5
48	7	3
48	8	1
48	10	2
48	11	4
48	12	2
48	13	5
48	14	2
48	15	1
48	18	1
48	20	2
48	23	1
48	24	1
48	25	1
48	27	2
48	28	2
48	29	2
48	30	1
48	31	2
48	32	2
48	33	2
48	35	2
48	36	1
48	38	2
48	39	1
48	41	1
48	42	3
48	43	1
48	47	3
49	5	2
49	6	4
49	7	1
49	8	7
49	9	4
49	10	9
49	11	2
49	12	10
49	13	3
49	15	4
49	16	3
49	17	3
49	18	2
49	20	3
49	22	2
49	23	3
49	24	4
49	26	1
49	27	1
49	28	2
49	29	1
49	30	3
49	31	3
49	33	1
49	34	2
49	35	1
49	36	3
49	37	2
49	38	2
49	39	1
49	41	2
49	42	2
49	43	1
49	45	2
49	46	1
49	47	3
49	48	4
50	2	1
50	3	1
50	4	3
50	5	5
50	6	1
50	7	4
50	8	2
50	9	4
50	12	4
50	13	1
50	14	1
50	16	3
50	17	2
50	19	2
50	21	2
50	24	1
50	27	1
50	28	1
50	29	1
50	30	1
50	34	1
50	35	1
50	37	1
50	38	1
50	43	1
50	44	1
50	45	2
50	47	2
50	48	1
50	49	4
51	3	1
51	4	1
51	5	1
51	6	4
51	7	3
51	8	4
51	10	4
51	11	1
51	12	2
51	13	2
51	14	2
51	16	1
51	18	1
51	19	1
51	20	5
51	21	3
51	22	2
51	23	1
51	24	1
51	25	3
51	27	1
51	28	1
51	29	1
51	30	1
51	31	1
51	38	2
51	40	1
51	41	2
51	42	2
51	43	3
51	44	1
51	45	1
51	46	2
51	47	3
51	48	1
51	49	3
51	50	6
52	2	1
52	4	1
52	6	4
52	7	2
52	8	2
52	9	3
52	10	1
52	11	2
52	12	2
52	13	2
52	14	4
52	15	2
52	16	1
52	17	2
52	18	1
52	19	3
52	20	3
52	21	1
52	23	1
52	24	2
52	26	2
52	27	2
52	28	3
52	30	2
52	31	1
52	33	1
52	36	2
52	37	1
52	38	1
52	40	1
52	43	2
52	45	2
52	48	4
52	49	1
52	50	1
52	51	11
53	4	3
53	6	3
53	7	1
53	8	11
53	9	3
53	10	1
53	12	4
53	13	1
53	14	1
53	15	2
53	16	1
53	17	2
53	20	3
53	23	1
53	24	2
53	25	1
53	26	1
53	27	3
53	28	6
53	29	2
53	30	3
53	31	5
53	33	2
53	34	2
53	36	1
53	37	2
53	38	1
53	39	3
53	40	1
53	41	2
53	42	1
53	43	2
53	44	3
53	47	2
53	48	3
53	49	6
53	50	2
53	51	2
53	52	2
54	4	1
54	5	3
54	7	1
54	8	1
54	9	2
54	10	2
54	11	2
54	12	5
54	13	1
54	14	1
54	16	2
54	17	3
54	18	2
54	19	1
54	21	1
54	22	1
54	24	4
54	26	1
54	27	3
54	28	4
54	29	2
54	30	3
54	31	2
54	32	1
54	33	1
54	34	2
54	35	3
54	36	2
54	37	2
54	38	3
54	40	4
54	41	2
54	42	5
54	43	1
54	44	3
54	46	1
54	47	2
54	48	2
54	49	3
54	50	3
54	51	4
54	52	1
54	53	4
55	2	1
55	3	1
55	4	2
55	5	2
55	6	3
55	7	1
55	8	2
55	9	4
55	10	1
55	11	2
55	12	3
55	14	2
55	15	4
55	16	1
55	18	2
55	19	2
55	20	1
55	21	2
55	22	3
55	23	1
55	24	2
55	25	1
55	26	1
55	27	2
55	29	1
55	30	2
55	31	2
55	33	3
55	34	2
55	35	1
55	36	3
55	38	1
55	39	1
55	42	2
55	43	4
55	44	1
55	45	4
55	46	1
55	47	3
55	49	2
55	50	2
55	52	1
55	53	4
55	54	3
56	0	1
56	3	2
56	4	1
56	5	3
56	6	1
56	7	1
56	8	3
56	9	1
56	11	1
56	12	1
56	14	2
56	15	1
56	16	2
56	18	2
56	19	1
56	20	1
56	21	1
56	24	1
56	25	1
56	28	3
56	29	1
56	30	1
56	31	1
56	33	2
56	34	3
56	35	1
56	37	1
56	39	2
56	41	1
56	44	1
56	45	1
56	47	1
56	48	1
56	49	1
56	50	4
56	51	4
56	52	1
56	53	2
56	54	2
56	55	6
57	3	4
57	4	3
57	5	1
57	6	7
57	7	1
57	8	2
57	9	1
57	10	2
57	11	2
57	13	2
57	15	1
57	16	4
57	17	1
57	19	1
57	22	1
57	23	1
57	24	3
57	25	1
57	27	4
57	28	1
57	29	2
57	33	1
57	34	2
57	35	1
57	36	1
57	38	2
57	40	2
57	42	1
57	43	1
57	44	1
57	45	1
57	46	3
57	47	3
57	49	3
57	50	1
57	51	1
57	53	3
57	54	1
57	55	2
57	56	6
58	4	4
58	5	2
58	6	3
58	7	1
58	8	3
58	9	1
58	10	1
58	13	1
58	14	1
58	15	2
58	17	1
58	18	2
58	20	1
58	24	3
58	25	2
58	26	1
58	27	2
58	30	1
58	33	2
58	34	1
58	35	2
58	41	1
58	43	1
58	45	2
58	47	1
58	48	3
58	49	2
58	51	3
58	52	2
58	53	1
58	54	2
58	55	8
58	56	3
58	57	4
59	0	1
59	3	1
59	4	1
59	5	1
59	6	1
59	8	1
59	10	1
59	12	1
59	16	2
59	18	2
59	23	1
59	24	1
59	25	1
59	26	1
59	28	2
59	29	1
59	33	3
59	38	1
59	39	1
59	43	1
59	44	1
59	47	1
59	49	2
59	50	1
59	51	1
59	52	1
59	53	2
59	55	1
59	56	2
59	57	2
59	58	1
60	1	1
60	2	4
60	4	1
60	9	1
60	10	2
60	11	2
60	12	2
60	15	2
60	16	3
60	17	1
60	20	1
60	22	2
60	28	1
60	30	3
60	31	2
60	32	2
60	33	1
60	35	1
60	38	2
60	41	1
60	42	1
60	43	2
60	44	2
60	45	2
60	46	3
60	47	2
60	48	2
60	52	1
60	54	1
60	55	1
