1	0	5
2	0	2
2	1	8
4	3	2
5	0	2
5	3	1
5	4	3
6	3	1
6	4	2
6	5	1
7	4	1
7	5	1
7	6	6
8	0	1
8	4	1
8	5	2
8	6	6
8	7	5
9	0	2
9	2	2
9	3	2
9	6	1
9	7	4
9	8	7
10	0	1
10	1	1
10	2	1
10	5	2
10	6	2
10	7	1
10	8	2
10	9	5
11	0	1
11	2	1
11	3	3
11	4	4
11	5	1
11	6	1
11	7	1
11	8	2
11	9	8
11	10	9
12	4	3
12	5	2
12	6	2
12	7	2
12	8	2
12	9	6
12	10	6
12	11	3
13	3	1
13	4	2
13	5	3
13	6	6
13	7	2
13	8	5
13	9	3
13	10	2
13	11	1
13	12	5
14	0	1
14	3	1
14	4	1
14	5	2
14	6	4
14	7	1
14	8	3
14	10	1
14	11	1
14	12	1
14	13	5
15	1	1
15	3	1
15	4	2
15	6	1
15	7	1
15	8	3
15	9	1
15	10	2
15	12	1
15	13	4
15	14	3
16	0	2
16	4	2
16	5	5
16	6	1
16	7	1
16	8	4
16	9	2
16	13	3
16	14	3
16	15	5
17	3	4
17	4	1
17	5	1
17	6	3
17	8	1
17	9	1
17	10	3
17	14	1
17	15	1
18	3	3
18	8	1
18	10	2
18	11	2
18	12	1
18	13	3
18	15	1
18	16	1
18	17	3
19	1	1
19	3	5
19	4	1
19	5	2
19	7	1
19	8	1
19	9	1
19	10	2
19	11	1
19	13	1
19	15	1
19	16	2
19	17	5
19	18	3
20	3	2
20	4	1
20	7	1
20	8	2
20	9	1
20	10	2
20	13	5
20	14	2
20	15	2
20	16	2
20	17	2
20	18	1
20	19	3
21	3	3
21	4	3
21	5	1
21	7	2
21	8	1
21	9	1
21	10	3
21	11	1
21	12	3
21	13	2
21	14	3
21	15	2
21	17	3
21	18	1
21	19	2
21	20	2
22	5	2
22	6	4
22	7	1
22	8	1
22	10	1
22	11	2
22	12	1
22	14	1
22	15	2
22	17	2
22	18	2
22	19	1
22	20	1
22	21	1
23	3	2
23	4	2
23	6	1
23	7	2
23	8	1
23	10	3
23	11	1
23	12	1
23	13	1
23	14	1
23	17	5
23	18	2
23	19	3
23	20	3
23	21	1
23	22	4
24	3	3
24	4	1
24	5	2
24	6	2
24	7	4
24	8	2
24	9	1
24	10	4
24	13	2
24	14	1
24	15	4
24	16	1
24	17	3
24	19	2
24	20	3
24	22	2
24	23	7
25	1	1
25	3	2
25	4	1
25	5	2
25	6	1
25	7	2
25	8	2
25	10	3
25	12	1
25	14	1
25	17	1
25	18	3
25	19	3
25	20	2
25	21	1
25	22	4
25	23	4
25	24	3
26	1	1
26	3	1
26	4	1
26	9	2
26	10	1
26	13	1
26	17	1
26	18	4
26	19	1
26	20	1
26	21	1
26	22	1
26	23	2
26	25	1
27	3	1
27	4	2
27	5	2
27	6	1
27	7	1
27	8	5
27	9	4
27	10	6
27	11	4
27	12	2
27	13	1
27	14	2
27	15	3
27	16	1
27	17	2
27	18	2
27	19	3
27	20	2
27	21	2
27	22	2
27	23	2
27	24	5
27	25	1
27	26	1
28	2	1
28	4	2
28	5	3
28	7	1
28	8	5
28	9	3
28	10	3
28	11	3
28	12	4
28	13	3
28	14	3
28	15	1
28	17	1
28	18	1
28	19	1
28	20	4
28	21	1
28	22	1
28	23	2
28	24	2
28	25	2
28	26	1
28	27	6
29	4	1
29	7	2
29	9	1
29	10	1
29	11	2
29	14	1
29	19	3
29	22	1
29	24	2
29	25	1
29	27	2
29	28	5
30	1	1
30	5	2
30	6	3
30	8	2
30	9	2
30	10	2
30	11	4
30	13	1
30	14	1
30	15	1
30	16	2
30	19	1
30	21	1
30	23	1
30	25	1
30	28	2
30	29	1
31	4	1
31	5	2
31	6	1
31	7	3
31	9	1
31	10	1
31	11	1
31	12	1
31	15	3
31	21	1
31	27	1
31	28	2
31	29	4
31	30	5
32	2	1
32	6	1
32	8	1
32	9	3
32	12	1
32	27	2
32	28	1
32	29	2
32	30	2
32	31	1
33	2	1
33	4	2
33	6	1
33	8	1
33	9	3
33	10	1
33	13	1
33	15	1
33	17	1
33	26	1
33	27	2
33	28	1
33	30	1
33	31	5
33	32	1
34	0	1
34	1	2
34	2	2
34	4	2
34	5	1
34	7	3
34	11	2
34	12	1
34	13	1
34	15	2
34	21	2
34	24	2
34	26	2
34	28	4
34	29	1
34	30	2
34	31	4
34	32	3
34	33	7
35	2	1
35	4	1
35	6	1
35	8	6
35	9	1
35	10	2
35	11	6
35	12	2
35	13	2
35	14	2
35	15	1
35	17	2
35	18	1
35	19	1
35	20	1
35	21	1
35	23	1
35	24	3
35	25	3
35	26	4
35	27	4
35	30	2
35	31	1
35	34	1
36	4	1
36	5	1
36	6	1
36	8	1
36	9	1
36	10	5
36	11	4
36	12	1
36	13	2
36	14	2
36	15	1
36	16	3
36	17	1
36	20	1
36	22	1
36	23	2
36	24	2
36	26	1
36	27	1
36	28	4
36	29	1
36	30	1
36	31	1
36	33	1
36	35	4
37	2	1
37	3	1
37	5	1
37	6	1
37	7	1
37	8	1
37	9	2
37	10	1
37	11	3
37	13	1
37	15	2
37	17	3
37	18	2
37	19	3
37	21	1
37	22	2
37	23	2
37	24	1
37	25	5
37	26	1
37	27	5
37	28	4
37	30	1
37	31	2
37	34	1
37	35	6
37	36	1
38	3	1
38	4	2
38	5	1
38	6	3
38	8	2
38	9	2
38	10	1
38	11	4
38	12	3
38	13	3
38	14	1
38	16	2
38	17	1
38	18	1
38	19	3
38	20	1
38	22	1
38	24	2
38	25	1
38	28	2
38	29	1
38	31	1
38	32	2
38	33	1
38	34	1
38	35	6
38	36	8
38	37	8
39	0	1
39	5	1
39	6	1
39	7	3
39	9	2
39	10	2
39	11	1
39	12	2
39	13	2
39	14	2
39	15	1
39	18	1
39	19	3
39	20	1
39	21	1
39	22	3
39	25	5
39	28	1
39	29	1
39	30	1
39	33	6
39	34	1
39	35	4
39	36	4
39	37	3
39	38	8
40	3	1
40	5	1
40	6	2
40	7	1
40	8	4
40	9	1
40	10	2
40	11	1
40	13	3
40	15	1
40	17	1
40	19	2
40	22	2
40	23	1
40	25	4
40	27	4
40	28	2
40	29	5
40	30	1
40	31	1
40	32	1
40	33	1
40	34	2
40	35	2
40	36	1
40	37	1
40	38	4
40	39	3
41	4	1
41	5	1
41	6	1
41	8	2
41	9	1
41	10	2
41	12	3
41	13	1
41	19	2
41	20	2
41	22	3
41	24	1
41	25	3
41	27	2
41	28	2
41	29	8
41	30	3
41	31	1
41	32	1
41	33	3
41	35	1
41	36	1
41	37	2
41	38	2
41	39	2
41	40	4
42	1	1
42	5	2
42	7	2
42	9	3
42	10	3
42	11	2
42	12	1
42	13	1
42	14	2
42	18	3
42	20	2
42	22	1
42	25	1
42	27	1
42	28	2
42	30	6
42	31	6
42	32	1
42	34	5
42	36	2
42	37	1
42	38	3
42	39	1
42	40	1
42	41	1
43	1	1
43	4	1
43	5	2
43	7	2
43	9	1
43	10	3
43	12	2
43	13	2
43	14	1
43	15	2
43	16	1
43	17	1
43	24	2
43	25	1
43	27	1
43	28	1
43	29	3
43	30	5
43	31	3
43	32	1
43	33	5
43	34	3
43	37	1
43	39	3
43	42	4
44	4	1
44	5	1
44	6	1
44	8	1
44	9	2
44	10	1
44	12	1
44	13	2
44	14	1
44	15	1
44	20	1
44	28	2
44	30	3
44	31	1
44	32	1
44	33	2
44	34	3
44	38	1
44	40	2
44	41	2
44	42	2
44	43	4
45	1	1
45	2	1
45	8	1
45	16	1
45	17	1
45	22	1
45	30	2
45	33	1
45	38	2
45	39	1
45	40	1
45	41	2
45	42	2
45	43	2
45	44	6
46	2	2
46	10	1
46	11	2
46	12	2
46	15	1
46	18	1
46	23	1
46	24	1
46	28	2
46	30	1
46	31	3
46	32	2
46	34	4
46	35	1
46	39	1
46	41	3
46	42	2
46	43	1
46	45	1
47	2	2
47	4	2
47	5	1
47	6	1
47	7	1
47	8	2
47	9	2
47	11	2
47	12	1
47	14	1
47	15	2
47	17	3
47	20	2
47	21	1
47	23	2
47	27	1
47	28	1
47	30	2
47	31	3
47	32	1
47	33	1
47	34	2
47	35	1
47	36	2
47	38	3
47	40	1
47	41	3
47	42	1
47	44	2
47	45	1
47	46	2
48	2	1
48	3	1
48	4	2
48	5	1
48	6	3
48	7	1
48	8	4
48	9	1
48	10	2
48	11	8
48	12	3
48	13	3
48	15	1
48	18	2
48	19	1
48	21	1
48	22	1
48	24	1
48	25	1
48	26	2
48	27	2
48	28	1
48	29	2
48	31	1
48	33	2
48	35	2
48	36	2
48	37	1
48	39	1
48	41	3
48	42	2
48	43	1
48	45	2
48	46	2
48	47	4
49	3	1
49	4	2
49	5	2
49	6	2
49	7	4
49	8	5
49	9	1
49	10	4
49	11	3
49	12	6
49	13	3
49	15	2
49	16	5
49	17	1
49	19	4
49	20	1
49	22	1
49	23	1
49	24	1
49	25	1
49	26	1
49	27	6
49	28	2
49	30	2
49	31	5
49	33	2
49	35	3
49	36	2
49	37	4
49	38	1
49	39	1
49	40	2
49	41	4
49	42	2
49	43	1
49	45	2
49	46	1
49	47	4
49	48	8
50	3	1
50	4	2
50	6	3
50	7	5
50	8	3
50	9	3
50	10	2
50	11	1
50	12	3
50	13	3
50	14	3
50	15	3
50	17	1
50	18	1
50	20	2
50	22	1
50	24	1
50	25	2
50	27	2
50	28	2
50	30	2
50	31	2
50	33	1
50	34	1
50	36	1
50	37	2
50	38	2
50	39	3
50	41	2
50	42	1
50	43	1
50	44	1
50	45	1
50	47	2
50	48	3
50	49	4
51	3	1
51	5	2
51	6	1
51	7	3
51	8	3
51	9	1
51	10	1
51	11	1
51	12	1
51	13	1
51	14	2
51	15	2
51	16	1
51	17	1
51	21	3
51	22	1
51	27	2
51	28	1
51	30	1
51	31	1
51	33	1
51	35	1
51	36	2
51	38	3
51	39	2
51	40	1
51	42	1
51	43	1
51	44	1
51	45	1
51	47	2
51	48	3
51	49	1
51	50	2
52	4	2
52	5	3
52	6	3
52	7	2
52	8	6
52	9	1
52	10	4
52	12	2
52	13	4
52	14	4
52	15	1
52	16	3
52	18	1
52	19	2
52	20	1
52	27	1
52	31	1
52	33	1
52	34	2
52	35	1
52	41	1
52	42	1
52	43	1
52	44	2
52	45	1
52	47	3
52	48	3
52	49	3
52	50	4
52	51	11
53	3	1
53	4	3
53	5	3
53	6	3
53	8	6
53	9	3
53	10	1
53	11	3
53	12	3
53	13	1
53	14	2
53	15	2
53	16	3
53	17	1
53	18	2
53	19	1
53	20	1
53	24	3
53	25	2
53	26	1
53	27	2
53	28	2
53	29	3
53	30	2
53	32	2
53	33	2
53	34	1
53	35	3
53	38	2
53	39	1
53	41	3
53	42	3
53	43	1
53	44	1
53	45	2
53	48	2
53	49	8
53	50	4
53	51	2
53	52	3
54	3	1
54	5	3
54	6	1
54	7	2
54	8	3
54	9	2
54	10	3
54	11	1
54	13	1
54	14	1
54	15	1
54	18	2
54	19	1
54	21	2
54	24	1
54	25	1
54	26	2
54	27	3
54	28	2
54	29	1
54	30	3
54	32	2
54	33	1
54	34	3
54	35	1
54	38	1
54	39	4
54	40	4
54	41	2
54	43	2
54	44	1
54	45	1
54	46	2
54	47	2
54	48	4
54	49	2
54	50	1
54	52	1
54	53	4
55	3	2
55	4	1
55	5	1
55	6	3
55	7	5
55	8	3
55	9	1
55	10	2
55	11	1
55	13	2
55	16	3
55	17	4
55	18	1
55	19	1
55	21	1
55	22	1
55	23	1
55	26	1
55	28	1
55	29	4
55	31	1
55	32	1
55	33	2
55	34	4
55	35	1
55	37	1
55	38	2
55	39	1
55	40	1
55	41	1
55	42	2
55	43	3
55	44	3
55	45	1
55	46	1
55	47	2
55	48	1
55	49	1
55	50	4
55	51	1
55	52	1
55	53	3
55	54	6
56	5	1
56	6	2
56	7	1
56	8	3
56	11	2
56	12	2
56	14	4
56	16	2
56	19	1
56	20	1
56	22	2
56	23	2
56	24	2
56	26	1
56	27	2
56	28	3
56	29	3
56	30	2
56	32	1
56	34	3
56	35	1
56	38	1
56	41	1
56	42	3
56	43	1
56	44	3
56	46	1
56	47	1
56	48	1
56	49	3
56	50	2
56	51	1
56	53	6
56	54	9
56	55	4
57	3	1
57	4	5
57	5	3
57	6	3
57	7	2
57	8	5
57	9	2
57	12	2
57	13	3
57	14	1
57	16	1
57	17	1
57	18	3
57	19	1
57	20	2
57	21	3
57	23	2
57	25	2
57	26	1
57	28	3
57	30	2
57	33	1
57	34	2
57	35	1
57	36	1
57	38	3
57	39	1
57	40	2
57	44	2
57	45	1
57	47	3
57	48	2
57	49	6
57	50	4
57	51	2
57	53	3
57	54	1
57	55	4
57	56	6
58	3	3
58	4	2
58	5	1
58	6	1
58	7	1
58	8	2
58	9	2
58	10	1
58	11	2
58	12	1
58	14	1
58	15	1
58	18	1
58	19	1
58	21	3
58	22	1
58	24	3
58	25	1
58	26	1
58	27	1
58	28	1
58	30	2
58	31	1
58	33	2
58	37	4
58	38	1
58	39	1
58	40	2
58	41	2
58	43	1
58	45	1
58	47	1
58	52	4
58	53	1
58	54	4
58	55	3
58	56	1
58	57	8
59	3	1
59	5	1
59	6	1
59	7	1
59	9	1
59	10	2
59	14	3
59	15	1
59	16	1
59	18	1
59	19	1
59	23	1
59	24	2
59	33	3
59	34	1
59	43	3
59	44	1
59	45	2
59	49	1
59	50	1
59	53	3
59	55	2
59	57	1
60	0	1
60	1	3
60	2	3
60	5	1
60	8	2
60	9	1
60	10	1
60	13	2
60	15	1
60	16	2
60	22	1
60	30	1
60	31	1
60	32	3
60	34	1
60	35	1
60	36	1
60	39	1
60	42	2
60	43	1
60	44	3
60	45	2
60	46	3
60	47	2
60	49	2
60	51	1
60	55	1
60	56	1
60	57	1
60	58	2
60	59	1
