1	0	7
2	0	1
2	1	7
4	3	6
5	3	5
5	4	5
6	1	2
6	4	1
6	5	2
7	4	1
7	6	4
8	3	4
8	5	2
8	6	5
8	7	10
9	2	1
9	4	2
9	5	1
9	6	1
9	7	2
9	8	4
10	4	3
10	5	2
10	6	1
10	7	3
10	8	6
10	9	6
11	3	1
11	4	1
11	5	2
11	7	2
11	8	5
11	9	7
11	10	7
12	3	2
12	6	2
12	7	4
12	8	4
12	9	2
12	10	4
12	11	1
13	1	1
13	3	1
13	4	1
13	5	1
13	6	1
13	7	4
13	8	6
13	9	2
13	10	2
13	11	3
13	12	2
14	4	1
14	6	1
14	7	1
14	8	1
14	9	1
14	10	1
14	12	1
14	13	1
15	1	1
15	3	2
15	4	1
15	5	1
15	6	1
15	7	2
15	8	1
15	9	1
15	10	2
15	11	2
15	12	1
15	13	4
15	14	10
16	3	2
16	4	1
16	5	1
16	6	2
16	7	1
16	8	1
16	9	1
16	10	1
16	12	2
16	13	3
16	14	4
16	15	4
17	3	3
17	4	1
17	6	2
17	7	2
17	8	3
17	9	1
17	10	1
17	11	1
17	12	1
17	13	2
17	15	2
17	16	1
18	2	2
18	3	4
18	4	3
18	5	3
18	6	2
18	9	3
18	11	2
18	12	1
18	15	1
18	16	3
18	17	1
19	2	1
19	3	2
19	5	1
19	6	2
19	7	1
19	8	5
19	9	1
19	10	1
19	13	3
19	14	1
19	15	2
19	16	4
19	17	4
19	18	5
20	3	1
20	4	2
20	5	1
20	6	1
20	8	1
20	9	3
20	10	1
20	12	1
20	13	1
20	14	4
20	15	2
20	17	2
20	18	4
20	19	3
21	1	1
21	2	1
21	3	2
21	5	3
21	6	4
21	7	2
21	8	2
21	9	2
21	10	2
21	11	3
21	12	2
21	13	1
21	14	3
21	15	2
21	16	4
21	17	4
21	18	1
21	19	4
21	20	2
22	3	3
22	4	2
22	6	1
22	8	1
22	9	2
22	10	2
22	12	2
22	13	3
22	14	2
22	15	2
22	16	1
22	17	1
22	18	2
22	19	2
22	20	1
22	21	1
23	3	1
23	4	2
23	7	1
23	8	3
23	9	1
23	10	1
23	11	1
23	12	2
23	13	3
23	14	2
23	15	2
23	16	1
23	18	1
23	19	1
23	21	1
23	22	3
24	3	4
24	4	4
24	5	4
24	6	2
24	7	3
24	8	1
24	9	4
24	10	4
24	11	1
24	12	3
24	13	2
24	14	3
24	16	1
24	17	3
24	18	5
24	19	2
24	21	5
24	22	3
24	23	5
25	2	1
25	3	2
25	5	1
25	6	2
25	8	4
25	10	1
25	11	6
25	12	3
25	13	1
25	14	3
25	17	1
25	18	2
25	19	2
25	21	4
25	22	4
25	23	6
25	24	3
26	3	2
26	5	2
26	8	3
26	10	3
26	11	2
26	17	1
26	18	1
26	19	3
26	20	3
26	21	1
26	22	3
26	23	1
26	24	2
26	25	3
27	3	3
27	5	2
27	6	3
27	7	1
27	8	2
27	9	3
27	10	8
27	11	3
27	12	2
27	13	2
27	14	2
27	16	4
27	17	2
27	18	1
27	20	1
27	21	1
27	22	2
27	23	3
27	24	3
27	25	2
27	26	2
28	3	1
28	4	3
28	5	4
28	6	1
28	8	3
28	9	3
28	10	1
28	11	2
28	12	3
28	14	1
28	15	1
28	17	2
28	18	4
28	19	2
28	21	2
28	24	3
28	26	1
28	27	8
29	4	1
29	5	2
29	6	3
29	8	2
29	10	2
29	11	3
29	13	3
29	25	1
29	26	3
29	27	5
29	28	3
30	1	3
30	3	2
30	4	1
30	5	1
30	6	1
30	7	1
30	8	2
30	9	1
30	10	2
30	12	2
30	13	1
30	16	1
30	18	1
30	19	1
30	21	1
30	23	2
30	24	1
30	25	2
30	27	1
30	28	5
30	29	2
31	1	1
31	2	1
31	4	2
31	6	2
31	9	1
31	10	2
31	11	1
31	12	2
31	15	1
31	24	2
31	27	1
31	28	1
31	29	4
31	30	4
32	5	1
32	8	1
32	12	1
32	16	2
32	19	2
32	22	1
32	23	1
32	24	1
32	25	2
32	28	1
32	29	1
33	1	1
33	4	2
33	5	2
33	6	3
33	7	1
33	8	3
33	9	2
33	10	1
33	11	1
33	13	2
33	15	1
33	17	1
33	24	1
33	25	1
33	27	2
33	28	2
33	30	4
33	31	5
33	32	3
34	0	1
34	1	1
34	4	1
34	6	1
34	7	2
34	8	1
34	10	2
34	11	3
34	13	4
34	16	1
34	17	1
34	26	1
34	27	4
34	28	1
34	29	1
34	30	4
34	31	8
34	32	3
34	33	5
35	1	2
35	4	3
35	5	1
35	8	4
35	9	4
35	10	4
35	11	2
35	12	4
35	15	2
35	16	1
35	17	2
35	18	1
35	19	1
35	20	3
35	21	4
35	22	1
35	23	2
35	24	1
35	25	3
35	26	2
35	27	2
35	28	2
35	29	1
35	30	3
35	31	1
35	33	1
36	6	2
36	7	2
36	8	4
36	9	2
36	10	7
36	11	5
36	12	3
36	13	2
36	15	4
36	16	1
36	18	1
36	19	2
36	20	1
36	21	3
36	22	1
36	23	3
36	25	3
36	27	4
36	28	1
36	29	2
36	30	1
36	33	3
36	35	2
37	2	1
37	4	1
37	7	1
37	8	3
37	9	2
37	11	1
37	12	1
37	13	1
37	15	1
37	17	1
37	18	1
37	21	4
37	23	1
37	25	3
37	26	1
37	27	3
37	28	3
37	29	4
37	31	1
37	33	1
37	34	1
37	35	4
37	36	1
38	3	3
38	6	3
38	7	1
38	8	1
38	9	2
38	10	2
38	11	4
38	12	3
38	13	4
38	14	1
38	15	3
38	16	1
38	19	1
38	20	1
38	21	1
38	22	2
38	24	1
38	25	3
38	26	1
38	27	2
38	28	2
38	29	1
38	30	2
38	31	1
38	35	5
38	36	3
38	37	8
39	0	1
39	4	2
39	5	1
39	6	1
39	7	1
39	8	3
39	9	1
39	10	2
39	11	1
39	12	1
39	13	2
39	15	1
39	17	1
39	18	2
39	21	1
39	22	2
39	23	1
39	24	1
39	25	1
39	26	4
39	27	2
39	28	2
39	29	4
39	30	1
39	31	2
39	32	1
39	33	1
39	34	2
39	35	6
39	36	2
39	37	5
39	38	3
40	5	4
40	6	2
40	7	1
40	9	1
40	10	5
40	11	1
40	15	1
40	17	2
40	18	2
40	22	1
40	23	1
40	25	2
40	26	1
40	27	2
40	28	5
40	29	5
40	31	2
40	32	1
40	33	3
40	35	2
40	36	2
40	37	2
40	38	5
40	39	3
41	3	1
41	6	3
41	7	2
41	8	1
41	10	1
41	11	1
41	13	3
41	14	2
41	15	1
41	17	1
41	18	1
41	21	1
41	23	2
41	24	3
41	28	4
41	29	1
41	30	3
41	31	1
41	32	1
41	33	3
41	36	2
41	37	1
41	38	2
41	39	2
41	40	3
42	1	1
42	3	1
42	5	1
42	7	1
42	8	1
42	9	3
42	10	1
42	12	1
42	14	1
42	16	3
42	17	1
42	18	1
42	20	2
42	21	1
42	25	1
42	27	5
42	29	1
42	30	6
42	31	3
42	32	1
42	37	1
42	38	2
42	39	2
42	40	2
42	41	1
43	2	1
43	5	1
43	7	1
43	8	3
43	9	1
43	10	2
43	12	1
43	13	1
43	14	3
43	15	2
43	17	2
43	19	1
43	20	1
43	24	4
43	25	1
43	27	1
43	28	1
43	30	3
43	31	1
43	33	3
43	34	4
43	35	1
43	37	4
43	38	1
43	41	3
43	42	7
44	1	1
44	2	1
44	4	2
44	6	1
44	9	1
44	10	1
44	16	2
44	23	2
44	28	2
44	30	1
44	33	3
44	34	4
44	35	1
44	36	1
44	40	1
44	41	2
44	42	2
44	43	11
45	7	1
45	8	1
45	12	1
45	13	1
45	18	1
45	25	1
45	27	1
45	30	4
45	31	3
45	33	1
45	38	1
45	39	2
45	40	2
45	43	5
45	44	5
46	0	2
46	1	1
46	2	1
46	6	1
46	8	1
46	10	1
46	20	2
46	25	1
46	27	1
46	30	2
46	31	1
46	32	1
46	33	2
46	34	2
46	35	1
46	36	1
46	38	2
46	39	3
46	41	1
46	42	1
46	44	4
46	45	5
47	3	1
47	4	2
47	6	4
47	7	1
47	8	2
47	9	1
47	10	3
47	11	2
47	12	4
47	14	2
47	15	1
47	16	2
47	21	1
47	24	1
47	27	1
47	28	3
47	29	1
47	30	3
47	31	2
47	32	2
47	33	1
47	34	1
47	35	1
47	37	1
47	38	2
47	39	2
47	40	1
47	42	1
47	43	2
47	45	1
48	3	2
48	4	1
48	5	2
48	6	2
48	8	2
48	9	4
48	11	1
48	12	4
48	13	3
48	14	1
48	15	1
48	16	2
48	17	2
48	18	2
48	20	1
48	21	1
48	24	1
48	28	2
48	30	1
48	33	1
48	34	1
48	37	1
48	38	2
48	40	1
48	42	1
48	43	2
48	44	2
48	46	1
48	47	4
49	3	2
49	4	2
49	6	7
49	7	1
49	8	8
49	9	5
49	10	1
49	11	3
49	12	8
49	13	5
49	14	1
49	15	1
49	16	1
49	17	1
49	18	1
49	19	3
49	20	3
49	21	1
49	22	2
49	23	3
49	24	4
49	25	1
49	26	2
49	27	3
49	28	3
49	29	2
49	30	1
49	31	1
49	32	1
49	35	2
49	36	2
49	37	3
49	38	3
49	39	1
49	40	4
49	42	2
49	43	3
49	44	1
49	45	1
49	46	2
49	47	4
49	48	5
50	2	2
50	5	1
50	6	2
50	7	3
50	8	3
50	9	2
50	10	1
50	11	1
50	12	4
50	13	4
50	15	4
50	16	2
50	17	1
50	18	2
50	20	1
50	21	2
50	22	2
50	24	1
50	27	2
50	28	3
50	31	1
50	33	1
50	36	2
50	39	2
50	40	2
50	41	2
50	42	1
50	43	2
50	46	1
50	47	1
50	48	2
50	49	4
51	3	1
51	4	1
51	5	2
51	8	2
51	9	2
51	10	2
51	11	1
51	12	3
51	13	3
51	14	2
51	15	3
51	17	2
51	19	2
51	20	1
51	23	1
51	24	2
51	25	2
51	27	1
51	28	3
51	29	1
51	33	2
51	35	2
51	36	2
51	37	3
51	38	2
51	39	1
51	40	1
51	41	2
51	42	1
51	44	1
51	46	1
51	47	4
51	48	1
51	49	3
51	50	9
52	2	1
52	4	1
52	5	2
52	6	1
52	7	4
52	8	2
52	9	1
52	10	1
52	12	2
52	13	1
52	14	2
52	15	2
52	16	2
52	17	1
52	18	1
52	19	1
52	20	1
52	21	1
52	22	1
52	23	1
52	24	1
52	27	1
52	29	2
52	30	1
52	31	1
52	32	3
52	34	1
52	36	1
52	37	1
52	38	1
52	39	1
52	40	1
52	42	2
52	43	2
52	44	1
52	46	2
52	47	2
52	48	3
52	49	4
52	50	5
52	51	8
53	3	1
53	4	1
53	5	1
53	6	4
53	7	2
53	8	8
53	9	1
53	10	4
53	11	2
53	12	2
53	13	2
53	15	3
53	16	2
53	18	1
53	24	1
53	25	1
53	27	3
53	29	2
53	30	1
53	31	1
53	35	3
53	36	2
53	37	1
53	38	2
53	40	1
53	41	2
53	42	1
53	47	1
53	48	6
53	49	4
53	50	2
53	51	2
53	52	3
54	0	1
54	3	2
54	4	2
54	5	2
54	6	1
54	7	1
54	8	5
54	9	1
54	10	4
54	11	1
54	12	2
54	13	1
54	14	1
54	15	1
54	18	2
54	19	1
54	21	2
54	24	1
54	25	1
54	26	2
54	27	4
54	29	3
54	31	2
54	32	1
54	33	3
54	34	2
54	35	2
54	36	1
54	37	3
54	38	2
54	39	2
54	40	2
54	41	3
54	42	2
54	44	2
54	48	5
54	49	5
54	50	2
54	51	5
54	53	7
55	3	1
55	4	1
55	5	2
55	6	3
55	7	3
55	8	5
55	10	4
55	12	4
55	13	2
55	14	1
55	15	2
55	16	2
55	17	1
55	20	1
55	22	1
55	23	1
55	24	2
55	25	3
55	26	2
55	27	2
55	28	2
55	30	2
55	31	2
55	32	1
55	33	4
55	34	3
55	35	1
55	37	1
55	38	1
55	39	1
55	40	5
55	41	1
55	42	1
55	44	1
55	45	1
55	46	2
55	48	3
55	49	3
55	50	4
55	53	1
55	54	8
56	0	1
56	1	2
56	3	1
56	4	1
56	5	3
56	6	1
56	7	1
56	8	4
56	10	1
56	11	2
56	12	1
56	13	3
56	14	1
56	21	1
56	22	1
56	23	1
56	24	5
56	27	3
56	28	3
56	29	2
56	30	1
56	32	1
56	33	1
56	34	2
56	37	2
56	38	2
56	39	1
56	40	1
56	43	4
56	44	2
56	45	4
56	47	2
56	48	1
56	49	6
56	50	4
56	51	5
56	52	4
56	54	1
56	55	5
57	4	1
57	5	1
57	6	3
57	7	4
57	8	4
57	9	1
57	10	2
57	11	2
57	13	2
57	14	3
57	16	3
57	17	3
57	19	1
57	20	1
57	21	2
57	22	2
57	23	1
57	24	1
57	27	2
57	28	4
57	29	2
57	30	4
57	31	2
57	33	1
57	34	2
57	35	1
57	36	1
57	37	2
57	38	3
57	39	1
57	40	3
57	41	3
57	42	2
57	43	1
57	44	1
57	45	2
57	48	1
57	50	1
57	51	3
57	52	1
57	53	2
57	54	4
57	55	1
57	56	1
58	1	2
58	3	1
58	4	1
58	6	3
58	7	1
58	10	2
58	12	4
58	13	1
58	15	1
58	16	2
58	18	2
58	19	2
58	20	1
58	25	2
58	28	9
58	29	1
58	30	1
58	33	3
58	34	2
58	36	1
58	37	3
58	38	1
58	39	1
58	40	2
58	43	3
58	44	2
58	46	2
58	47	1
58	49	2
58	50	2
58	51	1
58	53	1
58	54	2
58	55	1
58	56	3
58	57	9
59	3	1
59	5	1
59	7	1
59	8	4
59	9	1
59	10	1
59	13	1
59	16	1
59	17	1
59	18	2
59	23	1
59	25	1
59	26	1
59	27	2
59	28	1
59	29	1
59	35	3
59	38	1
59	43	1
59	44	1
59	45	2
59	49	1
59	50	2
59	53	2
59	55	1
59	56	1
59	57	1
59	58	1
60	0	2
60	1	1
60	2	2
60	9	1
60	11	1
60	13	1
60	15	2
60	16	1
60	21	1
60	22	2
60	27	3
60	28	1
60	30	2
60	35	1
60	39	1
60	40	1
60	42	1
60	43	2
60	45	3
60	46	2
60	47	1
60	48	1
60	49	2
60	53	3
60	55	1
60	56	1
60	57	1
