2	0	2
2	1	4
3	2	1
4	3	2
5	0	1
5	1	1
5	3	1
5	4	1
6	1	1
6	3	3
6	4	4
6	5	1
7	3	2
7	4	2
7	6	4
8	2	1
8	3	2
8	5	5
8	6	10
8	7	7
9	2	1
9	3	1
9	4	1
9	6	2
9	7	1
9	8	5
10	5	2
10	6	1
10	7	2
10	8	4
10	9	2
11	4	2
11	5	1
11	8	3
11	9	5
11	10	4
12	1	1
12	4	3
12	5	4
12	8	5
12	9	3
12	10	5
12	11	3
13	1	1
13	3	5
13	4	2
13	5	1
13	6	5
13	7	2
13	8	1
13	9	4
13	10	4
13	12	4
14	0	2
14	3	1
14	4	2
14	5	3
14	6	1
14	7	4
14	8	1
14	9	1
14	10	3
14	11	3
14	12	1
14	13	4
15	0	1
15	1	1
15	3	3
15	4	3
15	5	1
15	7	2
15	8	5
15	9	1
15	10	2
15	12	3
15	13	3
15	14	5
16	0	1
16	3	3
16	4	2
16	5	1
16	6	2
16	7	4
16	8	1
16	9	3
16	12	2
16	13	3
16	14	3
16	15	3
17	3	2
17	4	2
17	5	2
17	6	1
17	7	2
17	8	1
17	9	2
17	11	2
17	12	3
17	13	3
17	15	4
17	16	1
18	0	1
18	3	5
18	4	1
18	5	3
18	6	1
18	7	3
18	8	2
18	9	1
18	11	1
18	12	1
18	13	4
18	14	1
18	15	2
18	17	9
19	1	1
19	3	2
19	4	2
19	5	2
19	6	1
19	7	2
19	8	1
19	9	1
19	13	2
19	14	1
19	17	6
19	18	8
20	3	2
20	4	2
20	5	1
20	7	3
20	8	3
20	10	1
20	11	1
20	12	2
20	14	3
20	15	2
20	17	4
20	18	3
20	19	1
21	0	2
21	4	1
21	6	1
21	7	2
21	8	2
21	9	1
21	10	1
21	11	1
21	12	3
21	14	1
21	15	1
21	16	4
21	17	1
21	19	2
21	20	3
22	3	1
22	4	2
22	5	2
22	6	2
22	7	1
22	8	2
22	9	2
22	10	1
22	11	1
22	12	1
22	14	2
22	15	2
22	17	7
22	19	3
22	20	1
23	1	1
23	3	1
23	4	3
23	5	1
23	7	3
23	10	3
23	12	1
23	13	1
23	15	3
23	19	1
23	20	2
23	21	2
23	22	2
24	0	1
24	3	2
24	4	2
24	5	2
24	7	3
24	8	7
24	9	5
24	10	7
24	11	2
24	12	2
24	13	1
24	14	3
24	15	1
24	17	4
24	18	5
24	19	2
24	21	1
24	22	1
24	23	4
25	2	1
25	4	1
25	5	1
25	6	1
25	8	1
25	9	1
25	10	2
25	11	1
25	12	2
25	15	1
25	16	2
25	17	3
25	18	2
25	20	3
25	21	3
25	22	1
25	23	4
25	24	3
26	1	1
26	3	2
26	4	1
26	5	3
26	8	1
26	9	1
26	11	2
26	12	2
26	14	1
26	19	2
26	21	1
26	23	3
26	25	1
27	1	1
27	2	1
27	3	1
27	4	3
27	5	2
27	6	2
27	7	5
27	8	4
27	9	2
27	10	5
27	11	2
27	12	1
27	13	2
27	14	2
27	15	3
27	16	1
27	17	3
27	19	2
27	20	2
27	21	1
27	23	2
27	24	2
27	25	3
28	3	1
28	4	1
28	5	4
28	6	2
28	7	3
28	8	3
28	9	1
28	10	1
28	11	3
28	12	3
28	14	1
28	15	3
28	17	1
28	19	2
28	20	2
28	22	1
28	24	2
28	26	1
28	27	6
29	0	1
29	3	2
29	5	1
29	7	1
29	8	2
29	9	1
29	10	1
29	17	1
29	19	1
29	23	1
29	24	2
29	25	3
29	27	3
29	28	3
30	5	1
30	7	1
30	10	1
30	11	3
30	12	3
30	15	1
30	16	1
30	17	1
30	23	1
30	24	1
30	25	1
30	27	2
30	28	1
30	29	2
31	2	1
31	3	1
31	4	1
31	5	1
31	7	2
31	8	2
31	12	2
31	15	2
31	22	2
31	24	1
31	25	1
31	27	1
31	28	2
31	29	4
31	30	1
32	6	1
32	8	1
32	9	2
32	10	2
32	11	3
32	12	1
32	15	3
32	21	1
32	23	2
32	25	2
32	27	1
32	28	1
32	29	1
32	31	4
33	1	2
33	2	1
33	3	1
33	5	3
33	6	1
33	9	2
33	10	1
33	11	3
33	13	1
33	17	1
33	23	1
33	24	1
33	27	1
33	28	1
33	29	1
33	30	2
33	31	1
33	32	3
34	1	2
34	5	1
34	6	1
34	7	1
34	8	1
34	9	1
34	10	5
34	11	1
34	12	1
34	13	2
34	20	1
34	21	1
34	24	2
34	28	2
34	30	1
34	31	4
34	32	5
34	33	2
35	4	2
35	5	1
35	6	2
35	7	1
35	8	3
35	9	3
35	10	6
35	11	2
35	12	2
35	13	4
35	14	2
35	15	4
35	16	3
35	17	2
35	18	1
35	19	1
35	20	2
35	21	1
35	22	2
35	24	3
35	25	2
35	26	1
35	27	4
35	28	7
35	29	1
35	30	1
35	31	1
35	33	1
36	4	1
36	9	3
36	10	3
36	11	5
36	12	3
36	13	1
36	14	1
36	15	3
36	16	1
36	17	1
36	20	1
36	21	2
36	23	3
36	24	1
36	25	2
36	26	1
36	27	3
36	28	3
36	29	1
36	30	3
36	31	1
36	33	1
36	35	5
37	3	2
37	4	2
37	5	1
37	8	3
37	9	2
37	10	1
37	12	6
37	13	1
37	14	1
37	15	1
37	16	1
37	19	2
37	21	3
37	22	2
37	23	1
37	24	1
37	25	2
37	28	3
37	29	1
37	33	1
37	34	2
37	35	7
37	36	4
38	1	2
38	8	4
38	9	6
38	10	5
38	11	4
38	12	2
38	15	2
38	18	4
38	19	1
38	20	1
38	21	1
38	22	2
38	23	2
38	24	2
38	25	2
38	26	2
38	27	5
38	28	8
38	29	5
38	30	4
38	31	1
38	33	1
38	34	2
38	35	4
38	36	4
38	37	11
39	4	1
39	5	2
39	7	1
39	8	2
39	9	1
39	10	1
39	11	5
39	14	1
39	17	1
39	19	1
39	21	1
39	22	1
39	23	3
39	24	2
39	25	2
39	26	3
39	27	3
39	28	2
39	29	2
39	30	1
39	31	1
39	34	1
39	35	6
39	36	2
39	37	3
39	38	5
40	0	1
40	4	2
40	6	2
40	7	4
40	9	2
40	10	2
40	11	2
40	12	1
40	13	2
40	14	3
40	15	1
40	16	1
40	19	1
40	20	1
40	21	1
40	22	1
40	23	2
40	24	1
40	25	3
40	27	7
40	28	2
40	29	1
40	31	3
40	32	2
40	33	1
40	34	1
40	35	2
40	36	3
40	37	1
40	38	7
40	39	4
41	3	1
41	4	2
41	6	3
41	7	1
41	8	4
41	9	3
41	10	1
41	11	1
41	13	1
41	14	1
41	15	4
41	16	1
41	17	1
41	23	1
41	24	2
41	26	1
41	27	1
41	28	1
41	29	3
41	30	4
41	31	3
41	32	2
41	33	3
41	34	1
41	35	1
41	36	3
41	39	1
41	40	1
42	5	1
42	6	2
42	8	2
42	11	2
42	12	3
42	15	2
42	18	1
42	20	2
42	22	1
42	25	1
42	27	1
42	28	1
42	29	2
42	30	1
42	31	3
42	32	1
42	33	5
42	34	5
42	35	1
42	37	2
42	38	3
42	40	2
42	41	3
43	4	1
43	9	1
43	12	1
43	13	2
43	15	1
43	16	1
43	17	3
43	24	2
43	25	2
43	27	1
43	30	2
43	31	3
43	32	1
43	33	1
43	34	3
43	37	1
43	38	1
43	41	2
43	42	4
44	1	1
44	2	1
44	6	2
44	7	2
44	8	3
44	11	2
44	12	2
44	13	1
44	16	1
44	19	1
44	28	3
44	29	1
44	31	1
44	32	1
44	33	2
44	34	1
44	35	1
44	38	4
44	40	2
44	42	3
44	43	8
45	1	1
45	3	2
45	10	1
45	12	1
45	22	1
45	27	1
45	28	2
45	31	2
45	32	5
45	33	2
45	34	4
45	35	1
45	38	1
45	40	1
45	42	1
45	43	3
45	44	5
46	2	1
46	5	1
46	6	1
46	8	2
46	9	1
46	11	3
46	12	1
46	22	1
46	25	1
46	27	1
46	28	2
46	29	1
46	30	2
46	31	2
46	32	3
46	33	3
46	34	3
46	38	2
46	39	1
46	43	1
46	44	3
46	45	4
47	0	1
47	3	1
47	4	2
47	5	2
47	6	3
47	7	1
47	8	5
47	9	1
47	10	1
47	11	1
47	12	2
47	16	1
47	18	2
47	20	1
47	22	2
47	23	1
47	25	1
47	28	2
47	29	1
47	30	5
47	31	1
47	32	1
47	33	1
47	34	1
47	36	2
47	37	1
47	38	6
47	39	3
47	41	2
47	42	3
47	43	1
47	44	1
47	45	1
48	0	1
48	1	1
48	3	1
48	4	1
48	6	2
48	7	1
48	8	3
48	9	2
48	11	4
48	12	4
48	13	2
48	14	2
48	15	3
48	16	2
48	17	1
48	19	1
48	20	1
48	21	2
48	23	2
48	24	1
48	25	2
48	27	2
48	29	2
48	31	1
48	32	1
48	34	2
48	36	1
48	37	2
48	39	4
48	42	2
48	46	1
48	47	3
49	3	3
49	4	4
49	5	2
49	6	4
49	7	2
49	8	7
49	9	4
49	10	8
49	11	2
49	12	5
49	13	1
49	14	2
49	15	2
49	16	1
49	17	1
49	18	1
49	20	2
49	21	1
49	22	2
49	23	2
49	24	1
49	25	1
49	27	3
49	28	1
49	30	1
49	31	1
49	34	2
49	35	4
49	36	4
49	37	1
49	38	1
49	39	6
49	40	2
49	41	2
49	43	4
49	46	2
49	47	3
49	48	7
50	3	2
50	4	2
50	5	2
50	6	2
50	7	6
50	8	6
50	10	2
50	12	1
50	13	2
50	15	3
50	16	2
50	17	1
50	19	1
50	20	1
50	21	3
50	22	1
50	24	1
50	27	4
50	28	1
50	30	1
50	31	2
50	33	1
50	36	2
50	38	2
50	39	2
50	42	1
50	44	2
50	46	1
50	48	2
50	49	4
51	4	1
51	6	1
51	7	2
51	8	2
51	11	3
51	12	1
51	13	2
51	14	1
51	16	1
51	17	1
51	18	3
51	20	1
51	21	1
51	22	2
51	24	1
51	25	1
51	28	1
51	29	1
51	30	1
51	32	2
51	33	2
51	35	3
51	38	3
51	39	2
51	41	1
51	42	2
51	43	1
51	45	1
51	46	1
51	47	1
51	48	1
51	49	4
51	50	4
52	4	1
52	5	1
52	6	4
52	7	4
52	8	2
52	9	1
52	10	1
52	11	1
52	12	3
52	13	3
52	14	1
52	15	1
52	16	2
52	17	1
52	20	3
52	21	2
52	25	2
52	27	2
52	28	1
52	30	2
52	31	3
52	34	1
52	36	1
52	38	2
52	40	1
52	41	3
52	42	3
52	44	1
52	46	1
52	47	2
52	48	2
52	49	2
52	50	3
52	51	14
53	3	1
53	4	1
53	6	2
53	8	1
53	9	1
53	10	2
53	11	2
53	12	1
53	13	5
53	14	4
53	16	2
53	17	2
53	18	1
53	19	1
53	23	1
53	25	1
53	26	2
53	27	3
53	28	5
53	29	1
53	30	1
53	31	4
53	33	3
53	36	3
53	37	5
53	38	2
53	39	1
53	40	1
53	42	1
53	43	2
53	44	5
53	47	2
53	48	3
53	49	3
53	50	1
53	51	2
53	52	1
54	0	1
54	3	1
54	5	3
54	6	1
54	8	2
54	9	1
54	11	4
54	12	1
54	13	1
54	14	2
54	15	1
54	16	2
54	18	3
54	19	1
54	20	2
54	23	1
54	24	1
54	26	2
54	27	1
54	29	1
54	30	4
54	31	2
54	32	2
54	34	4
54	36	1
54	37	1
54	38	3
54	40	1
54	41	2
54	42	2
54	43	6
54	44	2
54	45	2
54	46	1
54	47	4
54	48	3
54	49	3
54	51	2
54	52	1
54	53	3
55	2	3
55	3	3
55	4	1
55	5	2
55	6	2
55	7	3
55	8	3
55	9	3
55	10	1
55	11	1
55	12	2
55	13	2
55	14	2
55	15	1
55	16	1
55	17	2
55	23	2
55	24	2
55	26	1
55	27	1
55	28	3
55	29	1
55	30	1
55	34	3
55	35	3
55	39	1
55	41	2
55	42	1
55	43	2
55	44	2
55	45	1
55	47	1
55	48	3
55	49	3
55	50	2
55	51	2
55	52	1
55	53	6
55	54	8
56	3	1
56	4	1
56	5	3
56	6	5
56	7	3
56	8	4
56	9	2
56	10	1
56	11	3
56	12	3
56	13	3
56	14	1
56	15	3
56	17	2
56	18	1
56	19	1
56	21	3
56	24	1
56	25	1
56	26	3
56	27	1
56	28	1
56	29	3
56	31	2
56	32	1
56	33	1
56	38	1
56	39	1
56	40	1
56	42	1
56	43	4
56	44	1
56	46	1
56	47	5
56	48	2
56	49	1
56	50	1
56	51	2
56	52	3
56	53	2
56	54	3
56	55	7
57	3	2
57	4	2
57	5	3
57	6	2
57	7	3
57	8	3
57	11	1
57	12	3
57	15	1
57	16	1
57	17	2
57	19	4
57	20	4
57	21	2
57	22	2
57	23	2
57	24	2
57	25	1
57	28	1
57	29	1
57	31	1
57	32	1
57	33	1
57	36	3
57	38	2
57	40	1
57	41	2
57	42	2
57	46	1
57	48	2
57	49	1
57	50	2
57	51	1
57	52	4
57	54	1
57	56	5
58	3	1
58	4	1
58	5	2
58	6	4
58	7	1
58	8	2
58	9	3
58	10	2
58	12	2
58	13	1
58	14	2
58	15	1
58	16	3
58	18	1
58	22	2
58	24	3
58	25	2
58	26	1
58	27	1
58	28	2
58	30	3
58	33	3
58	35	2
58	36	1
58	37	1
58	38	1
58	40	1
58	43	1
58	44	1
58	47	1
58	48	1
58	49	2
58	50	2
58	51	1
58	52	2
58	53	1
58	54	2
58	55	7
58	56	4
58	57	5
59	2	2
59	4	1
59	5	3
59	9	1
59	12	1
59	13	1
59	14	1
59	16	2
59	17	1
59	19	4
59	24	2
59	26	1
59	28	1
59	29	1
59	30	1
59	31	1
59	33	1
59	35	1
59	36	2
59	38	1
59	40	1
59	44	1
59	45	1
59	46	1
59	50	1
59	52	2
59	53	2
59	54	1
59	55	1
59	56	3
59	57	1
59	58	2
60	0	5
60	1	1
60	2	4
60	7	2
60	8	2
60	9	1
60	10	1
60	11	2
60	12	1
60	13	1
60	15	1
60	16	2
60	21	1
60	22	2
60	25	1
60	27	1
60	30	1
60	31	1
60	34	3
60	36	1
60	39	1
60	40	1
60	43	1
60	44	4
60	45	3
60	46	3
60	48	1
60	49	1
60	51	1
60	52	1
60	53	1
60	56	2
60	57	3
