1	0	3
2	0	3
2	1	6
3	2	1
4	3	5
5	1	1
5	4	4
6	3	1
6	4	1
6	5	3
7	3	1
7	4	3
7	6	6
8	0	1
8	3	1
8	4	1
8	5	1
8	6	6
8	7	5
9	5	3
9	6	3
9	7	3
9	8	7
10	2	1
10	3	1
10	4	1
10	6	1
10	7	3
10	8	3
10	9	3
11	4	2
11	7	2
11	8	6
11	9	3
11	10	10
12	3	1
12	4	3
12	5	1
12	6	1
12	8	3
12	9	3
12	10	6
12	11	4
13	2	1
13	3	2
13	5	2
13	6	4
13	7	1
13	8	3
13	9	2
13	10	4
13	11	2
13	12	5
14	0	1
14	3	2
14	5	2
14	6	3
14	7	3
14	8	2
14	9	2
14	10	1
14	11	1
14	12	1
14	13	8
15	3	1
15	5	2
15	6	1
15	7	1
15	8	3
15	9	3
15	10	3
15	11	4
15	12	4
15	13	4
15	14	11
16	1	1
16	3	1
16	5	2
16	6	3
16	7	1
16	8	3
16	9	2
16	10	1
16	12	4
16	13	4
16	14	3
16	15	4
17	3	4
17	4	3
17	5	1
17	6	1
17	7	2
17	9	2
17	10	1
17	13	3
17	14	2
17	15	2
17	16	2
18	2	2
18	3	4
18	4	1
18	7	3
18	9	2
18	13	1
18	16	1
18	17	3
19	3	4
19	5	2
19	6	2
19	7	4
19	8	3
19	9	2
19	10	2
19	11	1
19	13	3
19	15	5
19	16	4
19	17	3
19	18	3
20	3	3
20	4	4
20	7	2
20	8	1
20	9	3
20	10	1
20	11	1
20	12	2
20	14	2
20	15	2
20	17	3
20	18	3
20	19	1
21	1	2
21	2	1
21	3	2
21	4	3
21	7	2
21	8	1
21	9	3
21	10	1
21	11	1
21	12	3
21	14	2
21	15	5
21	16	3
21	17	6
21	19	2
21	20	3
22	3	3
22	8	2
22	9	3
22	10	4
22	12	1
22	13	2
22	14	1
22	15	4
22	16	1
22	17	5
22	18	1
22	19	1
22	20	2
22	21	1
23	4	2
23	5	1
23	6	1
23	7	1
23	8	3
23	9	1
23	10	1
23	11	2
23	13	1
23	14	1
23	16	1
23	17	2
23	19	2
23	20	1
23	21	2
23	22	5
24	0	2
24	3	1
24	4	2
24	5	1
24	6	1
24	7	2
24	8	4
24	9	1
24	10	2
24	11	4
24	12	1
24	13	3
24	14	3
24	17	4
24	18	2
24	19	3
24	21	5
24	22	4
24	23	1
25	4	4
25	5	2
25	6	3
25	7	1
25	8	3
25	9	2
25	10	2
25	11	4
25	12	1
25	13	3
25	15	3
25	16	1
25	17	2
25	19	2
25	20	1
25	21	1
25	22	4
25	23	5
25	24	2
26	4	3
26	5	1
26	14	1
26	15	1
26	17	1
26	18	2
26	20	1
26	21	1
26	22	3
26	23	2
26	24	3
26	25	3
27	3	3
27	4	1
27	5	1
27	6	3
27	7	1
27	8	2
27	9	2
27	10	1
27	11	3
27	12	2
27	13	2
27	14	2
27	15	1
27	17	3
27	18	1
27	20	1
27	21	1
27	22	1
27	23	2
27	24	5
27	25	1
27	26	1
28	2	1
28	3	2
28	4	2
28	5	3
28	7	1
28	8	3
28	10	3
28	11	2
28	13	1
28	16	4
28	17	2
28	19	3
28	21	1
28	22	3
28	23	3
28	24	2
28	25	3
28	26	1
28	27	5
29	4	2
29	5	2
29	7	1
29	9	1
29	13	1
29	19	2
29	25	1
29	26	1
29	27	1
29	28	3
30	4	2
30	5	2
30	6	1
30	8	2
30	9	1
30	12	2
30	15	3
30	16	1
30	21	1
30	23	1
30	24	4
30	25	1
30	27	1
30	29	1
31	4	2
31	5	2
31	7	1
31	8	3
31	9	1
31	10	2
31	11	1
31	12	1
31	15	2
31	18	1
31	20	1
31	23	1
31	27	1
31	28	1
31	29	3
31	30	4
32	2	4
32	4	1
32	5	1
32	8	1
32	9	2
32	15	2
32	18	1
32	19	1
32	21	1
32	26	1
32	27	1
32	28	1
32	30	1
32	31	2
33	1	1
33	2	1
33	4	2
33	5	1
33	7	1
33	9	1
33	10	1
33	11	1
33	13	1
33	16	1
33	22	1
33	23	3
33	24	1
33	25	1
33	27	2
33	30	2
33	31	2
33	32	3
34	0	1
34	1	1
34	4	1
34	6	2
34	8	2
34	9	1
34	10	3
34	12	1
34	15	1
34	16	2
34	17	4
34	21	1
34	24	3
34	25	2
34	27	7
34	28	1
34	31	5
34	32	3
34	33	3
35	2	1
35	3	3
35	4	1
35	5	2
35	6	1
35	7	2
35	8	3
35	9	1
35	10	5
35	11	2
35	12	1
35	13	3
35	16	2
35	17	2
35	20	1
35	21	4
35	22	3
35	23	3
35	24	5
35	25	6
35	26	2
35	27	3
35	28	1
35	30	2
35	32	2
35	33	2
35	34	2
36	5	4
36	6	1
36	7	3
36	8	1
36	9	3
36	10	2
36	11	1
36	12	5
36	13	1
36	14	2
36	15	1
36	19	1
36	20	2
36	21	1
36	23	4
36	24	3
36	25	2
36	27	3
36	29	2
36	31	1
36	35	4
37	4	1
37	5	2
37	6	1
37	7	4
37	8	2
37	9	2
37	10	2
37	11	3
37	12	2
37	13	2
37	16	2
37	18	2
37	19	1
37	20	1
37	21	1
37	22	2
37	23	2
37	24	2
37	25	1
37	26	1
37	27	1
37	28	1
37	29	1
37	33	1
37	34	1
37	35	7
37	36	2
38	1	2
38	5	2
38	6	3
38	7	2
38	9	1
38	10	2
38	11	3
38	12	1
38	13	5
38	14	2
38	15	4
38	16	1
38	20	1
38	21	2
38	22	1
38	23	3
38	24	3
38	25	2
38	26	3
38	27	6
38	28	2
38	29	2
38	30	2
38	31	1
38	32	1
38	35	5
38	36	4
38	37	10
39	0	2
39	5	1
39	6	1
39	8	1
39	9	2
39	10	1
39	11	7
39	12	1
39	13	2
39	14	1
39	16	1
39	18	3
39	20	1
39	21	1
39	22	1
39	24	1
39	25	2
39	26	1
39	28	3
39	29	1
39	30	1
39	31	1
39	33	1
39	35	6
39	36	2
39	37	2
39	38	9
40	0	1
40	1	1
40	3	1
40	4	1
40	6	2
40	7	1
40	8	1
40	11	4
40	12	3
40	13	1
40	16	1
40	17	1
40	18	2
40	20	1
40	21	1
40	22	1
40	23	1
40	24	2
40	27	3
40	28	4
40	29	1
40	30	1
40	31	3
40	32	1
40	33	1
40	34	1
40	35	3
40	36	1
40	37	1
40	38	4
40	39	1
41	3	3
41	4	1
41	5	1
41	6	3
41	7	2
41	9	2
41	10	3
41	12	1
41	13	4
41	22	2
41	24	1
41	26	1
41	28	2
41	29	1
41	30	4
41	31	3
41	32	2
41	35	4
41	37	2
41	38	2
41	39	2
41	40	5
42	4	2
42	6	2
42	8	1
42	9	2
42	10	2
42	11	2
42	12	2
42	15	1
42	16	1
42	27	1
42	28	3
42	29	1
42	30	7
42	31	1
42	33	1
42	34	5
42	35	1
42	36	1
42	37	2
42	39	1
42	40	2
42	41	1
43	2	1
43	4	1
43	7	1
43	8	3
43	9	1
43	11	1
43	14	2
43	15	3
43	17	1
43	20	1
43	24	1
43	25	2
43	27	3
43	28	2
43	29	1
43	30	2
43	31	2
43	32	1
43	33	4
43	34	1
43	35	1
43	37	2
43	38	1
43	40	1
43	41	4
43	42	1
44	2	1
44	5	1
44	6	1
44	8	2
44	9	4
44	10	1
44	11	1
44	12	1
44	15	1
44	16	1
44	23	1
44	28	1
44	29	1
44	30	1
44	31	1
44	32	5
44	34	1
44	35	1
44	40	1
44	42	3
44	43	7
45	8	1
45	10	1
45	12	1
45	13	1
45	14	2
45	16	1
45	17	1
45	18	1
45	22	1
45	25	2
45	28	2
45	30	2
45	32	2
45	33	2
45	34	1
45	35	1
45	38	1
45	40	2
45	41	1
45	42	3
45	43	4
45	44	7
46	0	1
46	1	2
46	4	2
46	9	1
46	10	3
46	12	3
46	13	1
46	24	1
46	25	1
46	27	1
46	30	2
46	31	2
46	32	3
46	33	1
46	35	1
46	38	1
46	40	1
46	41	1
46	43	1
46	44	6
46	45	6
47	0	2
47	2	1
47	3	1
47	5	1
47	8	4
47	9	2
47	10	3
47	11	1
47	12	3
47	15	3
47	16	1
47	20	4
47	22	1
47	23	2
47	24	3
47	27	2
47	28	1
47	29	2
47	30	4
47	31	3
47	33	2
47	34	2
47	36	2
47	37	1
47	38	2
47	40	2
47	41	1
47	42	4
47	44	2
47	45	1
48	0	1
48	1	2
48	4	1
48	8	5
48	9	4
48	10	2
48	11	3
48	12	1
48	13	2
48	14	1
48	15	2
48	18	1
48	19	2
48	20	1
48	21	2
48	22	1
48	24	3
48	27	2
48	28	1
48	30	1
48	31	2
48	32	2
48	37	2
48	39	2
48	40	1
48	41	1
48	42	1
48	43	3
48	44	2
48	45	1
48	46	1
48	47	6
49	3	1
49	4	1
49	5	2
49	6	1
49	7	5
49	8	16
49	9	2
49	10	2
49	11	2
49	12	7
49	13	2
49	14	2
49	16	2
49	17	2
49	18	2
49	19	2
49	20	3
49	21	2
49	22	3
49	23	1
49	24	4
49	25	2
49	26	1
49	27	1
49	28	2
49	29	1
49	32	2
49	33	3
49	35	2
49	36	1
49	37	2
49	38	5
49	40	2
49	41	3
49	43	4
49	44	2
49	46	1
49	48	4
50	4	2
50	5	3
50	6	1
50	8	8
50	9	1
50	11	2
50	12	1
50	13	2
50	15	2
50	16	1
50	17	2
50	18	1
50	23	1
50	25	1
50	27	1
50	28	1
50	29	2
50	35	3
50	36	2
50	38	4
50	39	2
50	40	1
50	45	2
50	47	3
50	48	1
50	49	7
51	1	3
51	3	1
51	4	1
51	5	1
51	6	3
51	7	2
51	8	1
51	9	2
51	10	2
51	11	2
51	12	1
51	13	4
51	14	4
51	15	1
51	16	4
51	17	1
51	18	2
51	19	1
51	20	2
51	22	2
51	23	1
51	24	2
51	27	2
51	28	1
51	31	2
51	32	1
51	35	1
51	36	3
51	37	1
51	38	2
51	41	1
51	42	3
51	43	1
51	46	2
51	47	1
51	48	3
51	49	5
51	50	6
52	4	1
52	5	4
52	6	2
52	7	3
52	8	2
52	9	1
52	10	4
52	11	4
52	12	1
52	13	1
52	14	1
52	15	5
52	16	3
52	17	1
52	18	1
52	20	1
52	22	1
52	23	6
52	25	1
52	26	1
52	28	1
52	30	1
52	31	1
52	32	1
52	33	1
52	34	2
52	35	1
52	36	1
52	37	2
52	38	3
52	40	2
52	42	3
52	43	1
52	44	1
52	47	1
52	48	2
52	49	2
52	50	4
52	51	10
53	1	1
53	4	1
53	5	3
53	6	5
53	7	5
53	8	2
53	9	2
53	11	1
53	12	2
53	13	1
53	14	1
53	15	1
53	17	1
53	18	2
53	19	1
53	20	2
53	22	2
53	23	1
53	25	1
53	27	2
53	28	3
53	29	1
53	30	1
53	31	1
53	32	1
53	33	2
53	38	4
53	39	1
53	40	2
53	41	1
53	42	5
53	44	2
53	45	1
53	46	2
53	47	3
53	48	4
53	49	8
53	50	2
53	51	3
53	52	4
54	4	2
54	5	2
54	6	4
54	8	6
54	9	2
54	10	2
54	11	4
54	12	1
54	16	1
54	17	1
54	18	1
54	20	2
54	21	2
54	24	3
54	25	1
54	28	4
54	29	5
54	30	3
54	31	1
54	32	1
54	33	2
54	34	5
54	35	1
54	37	1
54	38	2
54	40	1
54	41	2
54	42	2
54	43	2
54	45	3
54	46	2
54	47	2
54	48	1
54	50	3
54	51	2
54	53	3
55	0	1
55	3	1
55	4	2
55	5	1
55	6	3
55	7	2
55	8	4
55	9	1
55	10	1
55	11	1
55	12	2
55	13	3
55	14	1
55	15	2
55	16	2
55	17	1
55	18	2
55	19	1
55	20	2
55	21	1
55	22	2
55	23	2
55	24	2
55	25	2
55	30	1
55	33	5
55	34	2
55	35	1
55	36	1
55	38	2
55	39	1
55	40	2
55	41	6
55	44	1
55	45	1
55	46	1
55	47	2
55	48	3
55	49	2
55	50	2
55	53	1
55	54	9
56	4	4
56	6	1
56	8	3
56	9	2
56	10	3
56	11	2
56	12	4
56	15	2
56	16	2
56	17	1
56	18	2
56	19	2
56	20	1
56	24	1
56	25	1
56	27	2
56	28	2
56	29	2
56	30	3
56	33	3
56	34	1
56	36	3
56	37	1
56	38	2
56	40	2
56	41	1
56	42	1
56	43	1
56	44	1
56	45	1
56	46	1
56	47	2
56	49	1
56	50	4
56	54	2
56	55	4
57	3	2
57	4	5
57	5	6
57	6	2
57	8	1
57	9	1
57	10	3
57	11	1
57	12	1
57	13	1
57	14	3
57	16	1
57	18	1
57	19	1
57	20	2
57	22	1
57	23	1
57	24	1
57	25	1
57	29	3
57	32	2
57	33	2
57	34	1
57	35	1
57	36	1
57	38	2
57	40	2
57	41	2
57	43	1
57	45	1
57	47	3
57	48	3
57	49	2
57	50	2
57	51	1
57	53	5
57	54	1
57	55	4
57	56	5
58	0	1
58	1	1
58	3	1
58	4	1
58	5	3
58	6	4
58	7	3
58	8	3
58	9	2
58	10	3
58	11	1
58	12	1
58	13	1
58	15	2
58	16	3
58	17	1
58	18	1
58	19	1
58	20	2
58	23	2
58	24	2
58	25	3
58	26	1
58	28	1
58	30	1
58	31	1
58	32	2
58	33	2
58	34	1
58	37	2
58	38	1
58	40	1
58	41	2
58	43	4
58	44	2
58	45	3
58	46	1
58	47	2
58	48	1
58	50	2
58	51	2
58	54	5
58	55	7
58	56	5
58	57	7
59	0	1
59	2	1
59	4	1
59	5	2
59	7	1
59	8	1
59	13	2
59	14	1
59	15	1
59	16	1
59	17	1
59	18	1
59	19	1
59	22	1
59	24	1
59	26	1
59	27	1
59	28	2
59	30	2
59	31	1
59	33	1
59	34	2
59	35	2
59	36	1
59	43	1
59	47	1
59	49	2
59	50	1
59	51	3
59	53	1
59	54	1
59	57	1
59	58	3
60	2	4
60	4	1
60	9	1
60	10	3
60	12	1
60	13	1
60	16	1
60	20	1
60	27	1
60	31	2
60	32	2
60	34	2
60	39	1
60	40	1
60	41	2
60	42	1
60	43	1
60	44	1
60	45	1
60	46	3
60	47	1
60	48	1
60	49	1
60	51	1
60	52	1
60	53	1
60	54	1
60	55	2
60	58	2
