1	0	7
2	0	3
2	1	9
4	3	5
5	1	1
5	3	1
5	4	7
6	1	1
6	3	2
6	4	5
6	5	2
7	1	1
7	4	1
7	5	3
7	6	4
8	3	1
8	4	2
8	5	4
8	6	5
8	7	2
9	3	3
9	4	3
9	5	3
9	6	2
9	7	2
9	8	3
10	1	1
10	3	1
10	4	3
10	5	2
10	6	1
10	7	1
10	8	4
10	9	4
11	0	1
11	3	1
11	4	2
11	6	1
11	7	1
11	8	4
11	9	4
11	10	8
12	1	1
12	4	3
12	6	7
12	8	3
12	9	5
12	10	13
12	11	8
13	1	1
13	5	1
13	6	1
13	7	1
13	8	6
13	9	1
13	10	5
13	11	4
13	12	1
14	1	1
14	6	2
14	7	2
14	8	1
14	10	1
14	11	2
14	12	3
14	13	4
15	3	1
15	6	1
15	7	3
15	8	3
15	9	2
15	10	3
15	11	2
15	12	3
15	13	2
15	14	9
16	1	1
16	3	3
16	4	3
16	6	3
16	7	2
16	8	4
16	9	2
16	10	1
16	12	1
16	13	4
16	14	1
16	15	12
17	3	3
17	4	2
17	5	1
17	6	1
17	7	3
17	8	2
17	10	1
17	11	1
17	12	2
17	13	1
17	14	1
17	15	2
17	16	2
18	0	1
18	3	3
18	4	3
18	5	2
18	6	1
18	7	1
18	10	2
18	12	1
18	13	1
18	14	1
18	15	2
18	17	5
19	3	2
19	4	3
19	5	1
19	7	4
19	10	2
19	11	1
19	13	1
19	14	1
19	15	1
19	17	3
19	18	10
20	0	1
20	3	2
20	4	1
20	5	1
20	7	1
20	8	3
20	9	2
20	10	1
20	11	1
20	12	1
20	13	1
20	15	1
20	18	2
20	19	1
21	2	1
21	3	2
21	4	2
21	5	1
21	6	2
21	7	4
21	8	2
21	9	2
21	10	2
21	11	1
21	12	1
21	13	2
21	15	2
21	16	1
21	17	5
21	19	3
21	20	5
22	4	1
22	5	1
22	6	2
22	7	2
22	8	1
22	9	1
22	13	3
22	14	1
22	17	1
22	18	3
22	20	3
22	21	1
23	4	1
23	5	1
23	6	1
23	7	2
23	8	3
23	9	1
23	10	4
23	11	3
23	12	3
23	13	5
23	15	1
23	17	3
23	18	2
23	19	2
23	20	2
23	21	1
23	22	1
24	4	3
24	5	1
24	6	2
24	7	3
24	8	3
24	9	4
24	10	3
24	12	2
24	13	1
24	15	3
24	16	2
24	17	1
24	18	3
24	19	1
24	20	1
24	21	5
24	22	2
24	23	2
25	3	1
25	5	2
25	6	1
25	8	1
25	9	3
25	10	2
25	11	2
25	13	2
25	14	3
25	16	4
25	17	1
25	18	2
25	21	1
25	22	3
25	24	3
26	4	1
26	5	1
26	8	1
26	9	1
26	13	1
26	14	1
26	19	1
26	21	1
26	22	2
26	23	1
26	25	4
27	2	1
27	3	4
27	4	1
27	5	2
27	6	1
27	7	5
27	8	2
27	9	2
27	10	4
27	11	2
27	13	3
27	15	1
27	17	1
27	20	3
27	21	1
27	23	2
27	24	2
27	25	2
27	26	1
28	2	2
28	3	2
28	4	1
28	5	3
28	6	3
28	7	3
28	8	3
28	9	4
28	11	3
28	12	1
28	13	3
28	14	4
28	17	3
28	19	3
28	22	1
28	23	1
28	24	1
28	25	2
28	26	2
28	27	4
29	4	2
29	5	1
29	7	1
29	8	1
29	9	2
29	10	1
29	11	1
29	17	1
29	21	1
29	22	3
29	25	1
29	27	2
29	28	5
30	2	1
30	4	1
30	6	1
30	7	1
30	8	1
30	11	1
30	12	1
30	13	2
30	14	1
30	15	1
30	16	2
30	18	1
30	19	2
30	25	3
30	27	2
30	28	1
30	29	2
31	4	2
31	5	1
31	7	2
31	8	2
31	10	1
31	11	1
31	12	1
31	19	1
31	21	1
31	23	2
31	25	2
31	28	6
31	30	1
32	2	2
32	4	2
32	8	2
32	9	1
32	10	3
32	11	1
32	12	1
32	15	1
32	16	2
32	18	1
32	23	1
32	26	2
32	27	1
32	28	2
32	30	2
32	31	2
33	1	1
33	4	1
33	5	2
33	7	4
33	10	2
33	11	3
33	12	2
33	13	1
33	16	1
33	17	1
33	22	1
33	23	2
33	24	2
33	25	1
33	28	1
33	30	2
33	31	3
33	32	4
34	7	1
34	8	1
34	11	1
34	22	1
34	23	1
34	24	3
34	25	1
34	30	4
34	31	5
34	32	4
34	33	3
35	2	1
35	3	2
35	4	2
35	5	1
35	6	1
35	9	4
35	10	8
35	11	2
35	12	1
35	13	3
35	17	1
35	18	1
35	19	1
35	20	2
35	21	2
35	25	4
35	26	2
35	27	6
35	28	3
35	30	1
35	31	1
35	32	2
35	33	1
35	34	1
36	3	3
36	4	1
36	7	2
36	8	1
36	9	5
36	10	2
36	11	5
36	12	2
36	13	3
36	14	3
36	15	1
36	17	1
36	19	1
36	21	2
36	22	1
36	23	2
36	25	2
36	27	3
36	28	4
36	29	1
36	31	1
36	32	1
36	35	5
37	3	1
37	4	1
37	6	2
37	7	1
37	9	2
37	10	2
37	12	7
37	14	2
37	15	1
37	16	1
37	17	2
37	19	1
37	20	2
37	22	1
37	23	1
37	24	1
37	25	4
37	26	2
37	28	2
37	30	3
37	35	5
37	36	4
38	1	1
38	2	1
38	3	1
38	4	1
38	5	2
38	7	2
38	8	5
38	9	2
38	10	2
38	11	4
38	12	2
38	13	2
38	14	2
38	20	1
38	21	2
38	22	2
38	23	2
38	25	4
38	26	1
38	27	4
38	28	6
38	30	3
38	31	1
38	32	1
38	35	8
38	36	1
38	37	5
39	0	2
39	3	2
39	4	2
39	9	3
39	10	3
39	11	2
39	12	1
39	15	2
39	16	3
39	18	1
39	21	1
39	22	1
39	24	2
39	25	1
39	26	1
39	27	2
39	28	6
39	29	1
39	31	1
39	32	1
39	33	2
39	35	4
39	36	3
39	38	1
40	0	1
40	3	2
40	4	1
40	6	2
40	7	2
40	8	3
40	9	4
40	10	3
40	12	1
40	13	1
40	14	1
40	15	2
40	17	2
40	18	1
40	19	2
40	20	1
40	22	1
40	23	2
40	24	1
40	27	3
40	28	6
40	29	5
40	30	2
40	31	2
40	33	1
40	34	2
40	35	3
40	36	1
40	37	2
40	38	5
40	39	6
41	1	1
41	2	1
41	3	1
41	4	3
41	5	1
41	6	2
41	8	3
41	9	1
41	10	2
41	11	2
41	12	4
41	13	4
41	14	1
41	17	2
41	18	2
41	22	1
41	23	2
41	24	1
41	25	2
41	26	1
41	27	1
41	28	3
41	29	5
41	30	4
41	31	1
41	32	2
41	33	3
41	34	2
41	35	1
41	36	1
41	38	3
41	40	5
42	0	1
42	5	1
42	7	1
42	8	2
42	9	2
42	10	4
42	11	3
42	12	1
42	13	1
42	14	1
42	15	2
42	18	1
42	20	1
42	24	1
42	25	1
42	27	1
42	28	1
42	29	2
42	30	10
42	31	5
42	32	3
42	33	1
42	34	1
42	35	3
42	36	2
42	37	1
42	39	1
42	40	1
42	41	1
43	4	2
43	7	1
43	8	2
43	11	1
43	13	1
43	15	1
43	16	1
43	18	2
43	19	1
43	24	2
43	27	1
43	28	2
43	29	1
43	30	1
43	31	3
43	32	1
43	33	6
43	34	1
43	37	1
43	38	2
43	39	5
43	40	2
43	41	2
43	42	4
44	1	1
44	2	3
44	6	2
44	7	1
44	8	1
44	10	1
44	12	1
44	13	1
44	14	1
44	16	1
44	17	1
44	20	2
44	24	1
44	28	1
44	32	2
44	33	3
44	34	1
44	35	2
44	36	1
44	40	1
44	42	1
44	43	10
45	3	1
45	8	1
45	10	3
45	13	2
45	14	1
45	15	1
45	17	3
45	29	1
45	30	3
45	32	3
45	33	2
45	41	1
45	43	1
45	44	5
46	1	2
46	6	1
46	8	2
46	9	3
46	12	1
46	18	1
46	20	1
46	22	1
46	27	1
46	28	1
46	30	1
46	32	3
46	33	2
46	34	2
46	35	2
46	36	2
46	38	3
46	39	1
46	41	1
46	42	2
46	43	4
46	44	1
46	45	6
47	2	1
47	3	2
47	4	1
47	5	1
47	6	2
47	7	1
47	8	2
47	9	1
47	10	1
47	12	1
47	13	3
47	14	3
47	16	2
47	24	4
47	25	2
47	27	1
47	30	3
47	32	1
47	33	5
47	35	2
47	36	1
47	37	1
47	38	3
47	39	1
47	41	4
47	42	1
47	45	1
47	46	2
48	2	1
48	4	1
48	6	2
48	8	2
48	9	2
48	10	2
48	12	6
48	13	2
48	14	1
48	15	1
48	16	5
48	18	1
48	19	1
48	20	2
48	24	1
48	25	2
48	27	1
48	28	4
48	30	2
48	31	1
48	32	1
48	33	2
48	35	1
48	36	3
48	38	1
48	40	2
48	41	1
48	44	3
48	45	2
48	46	1
48	47	2
49	2	1
49	3	1
49	5	1
49	6	2
49	7	3
49	8	7
49	9	4
49	10	7
49	11	1
49	12	4
49	13	3
49	14	3
49	15	3
49	16	1
49	17	2
49	18	1
49	21	1
49	22	1
49	23	1
49	24	2
49	25	1
49	26	1
49	27	1
49	28	1
49	29	1
49	30	1
49	32	2
49	33	1
49	34	1
49	35	1
49	38	2
49	39	3
49	40	2
49	41	5
49	42	2
49	43	2
49	44	1
49	45	2
49	47	8
49	48	5
50	3	2
50	6	7
50	7	4
50	8	7
50	10	1
50	11	1
50	12	2
50	14	2
50	15	1
50	16	1
50	17	1
50	19	1
50	21	1
50	23	1
50	24	3
50	25	3
50	27	1
50	28	1
50	29	2
50	30	3
50	34	1
50	35	1
50	36	2
50	37	1
50	39	2
50	40	1
50	41	2
50	42	4
50	43	2
50	44	2
50	45	1
50	47	1
50	48	1
50	49	1
51	5	1
51	6	3
51	7	3
51	8	2
51	9	2
51	10	1
51	11	3
51	13	1
51	15	4
51	16	4
51	20	2
51	23	1
51	24	1
51	27	2
51	28	1
51	29	1
51	31	1
51	33	1
51	34	2
51	35	2
51	38	1
51	39	1
51	40	1
51	42	1
51	46	1
51	47	1
51	48	2
51	49	6
51	50	7
52	6	3
52	8	3
52	9	3
52	10	3
52	11	1
52	13	2
52	15	5
52	16	3
52	17	1
52	18	2
52	20	2
52	21	1
52	24	2
52	26	1
52	27	1
52	28	1
52	33	1
52	35	2
52	36	2
52	37	1
52	42	1
52	43	2
52	45	1
52	46	3
52	48	3
52	49	4
52	50	3
52	51	9
53	5	1
53	6	1
53	7	1
53	8	7
53	9	3
53	11	2
53	12	3
53	13	6
53	14	3
53	15	1
53	16	2
53	19	1
53	20	1
53	23	1
53	24	4
53	25	1
53	27	2
53	28	2
53	29	1
53	30	2
53	31	3
53	32	2
53	35	1
53	38	3
53	39	2
53	40	2
53	41	4
53	42	4
53	43	4
53	44	2
53	46	1
53	47	3
53	48	3
53	49	5
53	50	3
53	51	2
53	52	1
54	4	1
54	5	2
54	6	2
54	7	1
54	8	5
54	9	2
54	10	1
54	11	3
54	17	3
54	18	1
54	20	1
54	21	1
54	22	1
54	23	2
54	24	1
54	25	1
54	27	3
54	28	3
54	31	3
54	32	2
54	33	2
54	34	1
54	35	1
54	36	2
54	37	3
54	38	1
54	40	1
54	41	1
54	42	1
54	43	2
54	44	2
54	45	1
54	46	1
54	48	1
54	49	3
54	50	1
54	51	1
54	52	1
54	53	2
55	0	1
55	3	1
55	4	2
55	5	2
55	6	4
55	7	3
55	8	3
55	9	2
55	10	2
55	13	4
55	15	1
55	16	3
55	17	1
55	19	3
55	20	3
55	21	2
55	23	1
55	24	3
55	27	3
55	28	4
55	30	3
55	31	3
55	32	2
55	33	5
55	34	1
55	35	2
55	36	1
55	37	3
55	38	1
55	41	1
55	42	2
55	43	4
55	45	2
55	47	1
55	48	1
55	49	3
55	51	2
55	52	3
55	53	1
55	54	5
56	0	1
56	4	2
56	5	4
56	6	1
56	7	3
56	8	1
56	10	2
56	11	1
56	12	1
56	13	1
56	15	4
56	16	1
56	17	1
56	18	4
56	19	3
56	20	1
56	21	2
56	22	1
56	23	1
56	24	1
56	26	1
56	27	1
56	28	3
56	29	1
56	31	1
56	33	3
56	34	2
56	36	1
56	37	3
56	38	2
56	39	1
56	40	1
56	41	1
56	42	2
56	43	1
56	44	1
56	45	3
56	47	3
56	48	3
56	49	3
56	50	5
56	51	1
56	52	3
56	54	4
56	55	1
57	4	2
57	5	1
57	6	2
57	7	4
57	8	2
57	9	3
57	12	1
57	13	2
57	14	1
57	15	1
57	16	4
57	17	3
57	19	1
57	22	1
57	23	1
57	24	1
57	25	1
57	26	1
57	27	3
57	28	3
57	29	3
57	34	1
57	37	3
57	38	1
57	41	1
57	42	2
57	43	1
57	45	2
57	47	2
57	48	1
57	49	2
57	50	5
57	51	1
57	52	1
57	53	1
57	54	3
57	55	2
57	56	5
58	0	1
58	3	1
58	4	1
58	6	1
58	8	2
58	9	2
58	10	2
58	11	1
58	12	1
58	13	1
58	15	1
58	16	3
58	17	1
58	18	1
58	19	3
58	20	1
58	23	1
58	24	1
58	25	1
58	29	1
58	31	1
58	32	2
58	34	1
58	38	2
58	40	1
58	41	2
58	42	2
58	43	1
58	44	1
58	47	1
58	48	2
58	49	1
58	51	2
58	52	3
58	53	1
58	54	1
58	55	3
58	56	7
58	57	3
59	2	1
59	4	3
59	5	3
59	7	2
59	8	1
59	9	1
59	10	1
59	13	1
59	16	2
59	19	1
59	22	2
59	23	1
59	24	1
59	27	2
59	28	1
59	29	1
59	33	1
59	34	2
59	40	1
59	41	1
59	43	1
59	45	1
59	49	1
59	51	2
59	53	1
59	54	2
59	55	1
59	57	1
60	0	3
60	1	2
60	2	4
60	4	2
60	5	1
60	7	2
60	9	1
60	11	3
60	12	1
60	13	1
60	16	1
60	20	1
60	21	1
60	22	1
60	25	1
60	27	1
60	30	2
60	31	2
60	32	1
60	34	2
60	36	1
60	38	2
60	41	1
60	43	2
60	45	1
60	46	3
60	47	2
60	52	1
60	54	1
60	55	2
60	56	1
60	58	1
60	59	1
