1	0	5
2	0	2
2	1	7
4	3	3
5	4	6
6	3	1
6	4	2
6	5	2
7	0	1
7	3	1
7	4	1
7	5	1
7	6	11
8	3	3
8	6	7
8	7	4
9	4	1
9	6	1
9	7	1
9	8	4
10	4	1
10	5	2
10	6	4
10	8	2
10	9	6
11	1	2
11	4	2
11	5	2
11	7	2
11	8	2
11	9	2
11	10	5
12	3	1
12	4	2
12	5	3
12	6	6
12	7	2
12	9	2
12	10	7
12	11	7
13	2	1
13	3	1
13	4	2
13	6	2
13	7	2
13	9	3
13	10	10
13	11	1
13	12	1
14	3	1
14	4	1
14	6	3
14	7	1
14	8	1
14	9	1
14	10	2
14	11	1
14	12	1
14	13	3
15	0	1
15	4	2
15	6	8
15	7	3
15	8	2
15	9	2
15	10	2
15	11	1
15	13	3
15	14	7
16	3	2
16	5	1
16	6	1
16	7	4
16	8	3
16	10	2
16	11	5
16	12	2
16	13	6
16	14	1
16	15	4
17	3	1
17	5	2
17	6	2
17	7	1
17	8	3
17	10	2
17	11	1
17	12	1
17	14	4
17	15	1
18	2	1
18	3	1
18	4	1
18	5	4
18	6	1
18	7	2
18	8	1
18	12	1
18	13	1
18	16	1
18	17	3
19	2	1
19	3	6
19	4	2
19	5	2
19	6	1
19	8	1
19	9	1
19	10	2
19	11	2
19	13	1
19	14	3
19	15	2
19	16	1
19	17	5
19	18	6
20	0	2
20	3	3
20	5	1
20	6	1
20	8	1
20	9	1
20	11	1
20	13	3
20	14	1
20	15	3
20	16	1
20	17	4
20	18	2
20	19	2
21	4	2
21	6	2
21	7	1
21	8	2
21	9	1
21	10	2
21	12	5
21	13	2
21	14	2
21	15	3
21	16	7
21	17	5
21	18	1
21	19	2
21	20	4
22	3	1
22	4	1
22	5	1
22	6	4
22	8	3
22	9	2
22	11	1
22	12	1
22	14	2
22	16	1
22	17	5
22	18	2
22	19	2
22	20	1
22	21	1
23	3	3
23	4	2
23	6	3
23	7	1
23	8	1
23	9	1
23	10	2
23	11	1
23	12	1
23	13	2
23	14	2
23	15	4
23	16	1
23	17	2
23	18	2
23	19	1
23	20	3
23	22	3
24	0	2
24	3	2
24	4	5
24	5	5
24	6	4
24	7	1
24	8	4
24	9	1
24	10	5
24	11	1
24	12	1
24	13	1
24	14	4
24	15	2
24	17	6
24	18	1
24	20	2
24	22	3
24	23	2
25	1	1
25	2	1
25	3	2
25	4	1
25	5	3
25	6	1
25	8	1
25	9	1
25	10	2
25	11	1
25	12	2
25	14	2
25	15	1
25	16	5
25	17	4
25	18	1
25	19	2
25	20	1
25	21	3
25	22	3
25	23	3
25	24	5
26	1	1
26	3	2
26	4	1
26	5	1
26	9	1
26	10	1
26	11	4
26	12	1
26	13	1
26	14	1
26	17	2
26	18	2
26	19	1
26	20	1
26	23	1
26	25	2
27	3	1
27	4	2
27	5	2
27	6	3
27	7	2
27	8	3
27	9	5
27	10	2
27	11	2
27	12	1
27	14	2
27	15	3
27	16	2
27	18	3
27	20	2
27	21	1
27	22	2
27	23	1
27	24	3
27	25	1
28	2	1
28	4	4
28	5	3
28	6	5
28	7	1
28	8	2
28	9	3
28	10	2
28	11	4
28	13	3
28	14	3
28	19	3
28	20	3
28	21	1
28	22	1
28	24	2
28	25	4
28	26	1
28	27	6
29	0	2
29	4	1
29	5	1
29	7	1
29	8	1
29	9	2
29	11	1
29	12	3
29	13	1
29	14	1
29	17	1
29	21	2
29	22	1
29	23	1
29	24	1
29	25	2
29	27	3
29	28	7
30	1	1
30	2	4
30	7	1
30	8	3
30	9	1
30	10	2
30	12	1
30	13	2
30	15	2
30	19	2
30	21	1
30	23	2
30	24	1
30	25	2
30	27	2
30	28	4
30	29	2
31	1	1
31	2	1
31	4	1
31	6	2
31	8	2
31	9	1
31	10	1
31	12	2
31	15	1
31	19	1
31	23	1
31	25	1
31	27	3
31	28	1
31	29	3
31	30	4
32	2	1
32	4	1
32	5	1
32	6	1
32	9	1
32	10	4
32	15	1
32	16	1
32	18	1
32	19	1
32	22	2
32	24	1
32	26	1
32	27	2
32	28	2
32	29	2
32	30	1
32	31	3
33	4	1
33	5	1
33	8	1
33	10	2
33	12	2
33	15	3
33	16	1
33	23	1
33	24	2
33	25	1
33	27	1
33	28	1
33	30	2
33	31	5
33	32	3
34	1	1
34	4	1
34	8	1
34	9	1
34	10	2
34	11	1
34	13	1
34	15	2
34	21	1
34	24	1
34	25	2
34	27	1
34	28	3
34	29	2
34	31	5
34	32	2
34	33	6
35	2	1
35	3	1
35	4	1
35	5	1
35	6	1
35	7	1
35	8	2
35	9	4
35	10	7
35	11	3
35	12	4
35	13	1
35	14	2
35	15	1
35	16	3
35	17	1
35	18	1
35	19	1
35	20	1
35	21	3
35	22	2
35	23	2
35	24	1
35	25	2
35	26	1
35	27	2
35	28	4
35	29	1
35	31	1
35	32	1
35	33	2
36	3	1
36	5	2
36	6	1
36	9	1
36	10	5
36	11	6
36	12	2
36	13	1
36	15	3
36	16	4
36	17	1
36	19	1
36	20	2
36	23	1
36	24	1
36	25	4
36	26	1
36	27	1
36	28	2
36	29	2
36	30	2
36	31	1
36	35	1
37	3	1
37	4	3
37	5	2
37	6	2
37	8	3
37	9	1
37	10	5
37	11	1
37	12	1
37	13	2
37	16	1
37	17	1
37	19	2
37	20	1
37	22	3
37	23	1
37	24	2
37	25	4
37	26	1
37	27	4
37	28	3
37	30	1
37	31	1
37	33	1
37	34	3
37	35	4
37	36	2
38	0	2
38	4	2
38	6	1
38	7	1
38	8	1
38	9	3
38	10	3
38	11	1
38	12	1
38	13	1
38	14	2
38	15	1
38	16	1
38	17	3
38	18	1
38	20	1
38	21	1
38	22	2
38	23	3
38	24	1
38	25	1
38	26	3
38	27	7
38	28	2
38	29	2
38	30	4
38	31	1
38	32	1
38	33	3
38	34	1
38	35	6
38	37	5
39	0	1
39	3	2
39	4	2
39	7	2
39	8	1
39	9	4
39	10	3
39	13	1
39	14	1
39	15	1
39	16	2
39	17	1
39	18	1
39	19	1
39	21	1
39	22	3
39	24	1
39	25	4
39	28	1
39	32	1
39	33	3
39	34	1
39	35	2
39	36	5
39	37	2
39	38	5
40	3	1
40	5	1
40	7	3
40	8	3
40	12	3
40	16	1
40	18	3
40	20	1
40	22	1
40	24	1
40	25	2
40	26	1
40	27	1
40	28	3
40	29	5
40	32	1
40	33	1
40	34	1
40	35	1
40	36	1
40	38	7
40	39	2
41	1	1
41	3	1
41	4	2
41	5	1
41	6	1
41	8	1
41	9	2
41	10	3
41	11	4
41	12	2
41	15	2
41	17	1
41	18	1
41	19	1
41	20	1
41	21	1
41	22	1
41	23	1
41	25	1
41	26	2
41	27	1
41	28	3
41	29	2
41	30	4
41	31	4
41	32	1
41	34	2
41	37	1
41	38	3
41	39	3
41	40	3
42	3	2
42	6	1
42	7	1
42	8	1
42	10	1
42	12	2
42	16	1
42	17	3
42	18	1
42	24	2
42	25	1
42	27	3
42	28	3
42	30	3
42	31	3
42	32	2
42	33	2
42	34	1
42	35	1
42	36	1
42	37	1
42	38	2
42	39	1
42	40	1
43	4	1
43	5	1
43	7	1
43	8	2
43	11	1
43	12	1
43	13	1
43	14	5
43	15	1
43	16	1
43	19	1
43	25	1
43	28	3
43	29	1
43	30	3
43	31	3
43	32	4
43	33	2
43	34	1
43	35	1
43	37	1
43	38	1
43	41	1
43	42	1
44	2	1
44	4	3
44	6	1
44	7	1
44	8	1
44	11	1
44	12	1
44	15	3
44	16	1
44	17	1
44	20	1
44	30	2
44	31	2
44	32	2
44	33	1
44	34	2
44	35	1
44	40	2
44	42	1
44	43	7
45	1	1
45	2	2
45	10	1
45	12	3
45	13	1
45	15	3
45	17	2
45	18	2
45	25	1
45	28	4
45	30	2
45	31	1
45	33	2
45	34	2
45	39	1
45	40	2
45	41	2
45	42	1
45	43	3
45	44	5
46	2	1
46	3	1
46	8	1
46	9	1
46	13	1
46	15	2
46	18	1
46	22	1
46	25	1
46	27	1
46	29	1
46	30	2
46	31	2
46	32	3
46	33	1
46	34	3
46	35	2
46	39	1
46	40	1
46	42	3
46	43	3
46	44	1
46	45	2
47	0	1
47	3	1
47	4	1
47	6	4
47	7	2
47	8	3
47	9	3
47	10	2
47	11	1
47	12	3
47	13	4
47	14	1
47	15	1
47	16	2
47	18	4
47	19	1
47	21	2
47	24	2
47	27	5
47	28	3
47	30	4
47	31	1
47	32	2
47	33	2
47	34	4
47	35	1
47	36	1
47	37	1
47	38	1
47	40	1
47	41	3
47	42	3
47	43	2
47	44	3
47	45	1
47	46	1
48	0	2
48	3	2
48	5	1
48	6	1
48	7	2
48	9	2
48	10	1
48	11	1
48	12	7
48	13	1
48	15	3
48	17	3
48	19	1
48	22	2
48	23	1
48	28	2
48	29	1
48	30	1
48	31	1
48	32	1
48	34	1
48	35	1
48	36	1
48	37	2
48	38	4
48	41	2
48	42	5
48	43	2
48	44	3
48	45	2
48	46	2
48	47	5
49	3	1
49	4	2
49	5	3
49	6	6
49	7	2
49	8	11
49	9	4
49	10	3
49	11	7
49	12	5
49	13	4
49	15	2
49	16	1
49	18	1
49	19	3
49	20	1
49	21	3
49	22	2
49	23	1
49	24	1
49	27	6
49	28	1
49	29	2
49	30	1
49	31	2
49	32	1
49	33	2
49	38	1
49	39	1
49	40	1
49	41	3
49	42	1
49	43	2
49	44	3
49	45	2
49	46	1
49	47	4
49	48	3
50	3	1
50	4	1
50	5	1
50	6	1
50	7	6
50	8	6
50	9	2
50	10	2
50	11	2
50	12	3
50	13	1
50	14	1
50	15	2
50	16	3
50	17	1
50	18	3
50	21	1
50	22	1
50	24	2
50	25	1
50	27	3
50	31	1
50	36	3
50	37	1
50	38	1
50	42	2
50	45	1
50	46	1
50	48	2
50	49	3
51	3	3
51	4	2
51	5	1
51	6	1
51	7	3
51	8	3
51	9	2
51	10	1
51	11	3
51	13	3
51	14	1
51	15	2
51	16	3
51	17	2
51	19	2
51	20	1
51	22	1
51	24	4
51	29	1
51	32	1
51	33	1
51	34	1
51	35	1
51	36	2
51	37	1
51	38	1
51	42	1
51	44	3
51	46	3
51	48	1
51	49	2
51	50	3
52	2	1
52	3	1
52	6	1
52	7	4
52	8	4
52	9	2
52	10	2
52	12	1
52	15	3
52	16	2
52	17	2
52	18	1
52	19	2
52	21	2
52	24	3
52	25	2
52	27	1
52	28	4
52	30	4
52	31	2
52	33	2
52	35	1
52	36	1
52	37	2
52	38	1
52	40	1
52	41	1
52	42	2
52	47	2
52	48	1
52	49	6
52	50	2
52	51	7
53	3	1
53	4	1
53	6	4
53	7	2
53	8	6
53	9	3
53	10	1
53	11	1
53	12	4
53	13	2
53	14	2
53	16	3
53	18	1
53	19	2
53	20	3
53	22	1
53	24	3
53	25	1
53	26	2
53	27	1
53	28	2
53	29	1
53	30	1
53	33	1
53	34	1
53	35	4
53	36	2
53	37	3
53	39	1
53	40	1
53	41	6
53	42	1
53	43	2
53	46	1
53	47	4
53	49	7
53	50	1
53	51	1
53	52	3
54	4	2
54	5	1
54	8	6
54	9	2
54	10	4
54	11	1
54	13	2
54	14	1
54	17	1
54	19	1
54	23	1
54	24	1
54	27	3
54	28	4
54	30	4
54	31	3
54	32	2
54	33	1
54	34	1
54	35	1
54	38	1
54	40	2
54	41	3
54	42	3
54	44	3
54	45	1
54	47	2
54	49	6
54	50	4
54	51	3
54	52	2
54	53	8
55	0	1
55	1	1
55	3	1
55	5	2
55	6	2
55	7	1
55	8	7
55	9	1
55	10	1
55	12	3
55	13	2
55	16	1
55	19	3
55	23	1
55	24	1
55	27	1
55	28	3
55	29	1
55	30	2
55	31	2
55	33	1
55	34	1
55	35	2
55	36	1
55	37	2
55	38	1
55	39	2
55	43	1
55	46	2
55	47	2
55	48	1
55	49	2
55	50	2
55	51	4
55	52	2
55	53	4
55	54	4
56	3	1
56	4	1
56	5	2
56	6	3
56	7	1
56	8	2
56	9	2
56	10	1
56	11	2
56	12	2
56	14	2
56	15	5
56	16	1
56	17	1
56	18	2
56	21	1
56	23	1
56	24	1
56	27	1
56	28	1
56	30	3
56	31	3
56	32	3
56	33	1
56	35	1
56	36	2
56	37	2
56	38	1
56	39	1
56	41	1
56	43	1
56	45	1
56	47	5
56	48	1
56	49	4
56	50	5
56	51	3
56	52	3
56	53	2
56	54	4
56	55	9
57	3	3
57	4	3
57	5	5
57	6	1
57	7	2
57	8	3
57	9	2
57	10	3
57	13	1
57	15	3
57	16	1
57	17	2
57	18	1
57	19	1
57	20	2
57	21	1
57	22	1
57	23	1
57	24	1
57	25	3
57	26	1
57	27	1
57	29	1
57	30	2
57	31	1
57	33	1
57	35	1
57	39	2
57	40	1
57	43	1
57	44	2
57	45	1
57	47	3
57	48	1
57	49	2
57	50	2
57	51	5
57	52	1
57	53	1
57	54	2
57	55	3
57	56	4
58	3	3
58	4	1
58	5	4
58	6	5
58	7	2
58	8	1
58	10	1
58	12	2
58	13	1
58	14	1
58	15	1
58	16	5
58	17	3
58	18	1
58	19	2
58	21	3
58	23	1
58	25	1
58	28	3
58	29	1
58	30	2
58	31	1
58	33	2
58	35	1
58	38	1
58	39	2
58	40	1
58	41	1
58	42	2
58	43	2
58	47	2
58	49	1
58	50	2
58	51	2
58	52	3
58	53	3
58	54	3
58	55	8
58	56	8
58	57	3
59	3	1
59	4	1
59	8	1
59	9	1
59	10	1
59	13	2
59	14	2
59	15	1
59	18	2
59	19	2
59	22	1
59	23	1
59	24	2
59	25	1
59	26	1
59	27	2
59	28	4
59	29	1
59	34	1
59	35	3
59	38	1
59	45	1
59	46	1
59	49	2
59	51	1
59	56	1
59	57	1
60	1	1
60	2	2
60	4	1
60	5	2
60	7	1
60	8	1
60	13	1
60	15	1
60	17	1
60	20	1
60	22	1
60	25	2
60	27	1
60	28	1
60	30	1
60	32	7
60	33	1
60	34	4
60	41	1
60	44	1
60	45	1
60	46	5
60	47	2
60	48	2
60	49	1
60	51	1
60	52	1
60	53	1
60	55	1
60	56	1
60	57	1
60	59	2
