1	0	4
2	0	3
2	1	9
3	2	1
4	3	3
5	2	1
5	3	2
5	4	6
6	4	3
6	5	1
7	0	1
7	1	3
7	4	2
7	6	2
8	0	1
8	3	4
8	4	3
8	5	2
8	6	3
8	7	3
9	2	1
9	3	1
9	4	1
9	5	3
9	6	5
9	7	5
9	8	2
10	0	1
10	2	2
10	3	1
10	4	1
10	5	2
10	6	2
10	7	2
10	8	3
10	9	2
11	0	1
11	5	2
11	6	1
11	7	1
11	8	5
11	9	7
11	10	12
12	6	1
12	7	4
12	8	3
12	9	5
12	10	12
12	11	4
13	2	1
13	5	2
13	6	1
13	7	1
13	8	2
13	9	4
13	10	5
13	11	2
13	12	5
14	0	1
14	5	1
14	6	2
14	7	1
14	8	2
14	10	1
14	12	2
14	13	4
15	1	2
15	6	1
15	7	5
15	8	1
15	9	1
15	10	3
15	11	1
15	13	8
15	14	6
16	3	1
16	4	5
16	5	3
16	8	5
16	9	1
16	10	2
16	11	2
16	12	4
16	13	3
16	14	1
16	15	4
17	3	4
17	4	1
17	5	1
17	6	5
17	8	5
17	10	1
17	11	2
17	12	1
17	13	2
17	14	4
17	15	1
17	16	1
18	2	2
18	3	4
18	5	2
18	6	2
18	7	1
18	8	1
18	9	1
18	10	1
18	11	1
18	14	1
18	16	4
18	17	2
19	3	1
19	4	1
19	5	4
19	6	2
19	7	4
19	8	2
19	9	2
19	10	2
19	12	1
19	14	1
19	15	1
19	16	2
19	17	4
19	18	5
20	3	2
20	6	1
20	7	2
20	9	1
20	12	1
20	13	1
20	15	2
20	16	1
20	17	2
20	18	4
20	19	3
21	3	2
21	4	2
21	5	2
21	6	2
21	7	2
21	8	2
21	10	2
21	11	3
21	12	1
21	13	1
21	14	3
21	15	2
21	16	1
21	17	1
21	18	3
21	19	3
21	20	7
22	3	2
22	4	1
22	5	2
22	7	2
22	8	1
22	9	5
22	10	1
22	11	1
22	13	1
22	14	1
22	15	1
22	16	2
22	18	3
22	19	3
22	20	4
22	21	3
23	3	2
23	4	2
23	5	2
23	6	2
23	7	1
23	8	2
23	9	1
23	10	2
23	11	1
23	12	2
23	13	1
23	14	1
23	15	1
23	16	2
23	17	4
23	18	2
23	19	2
23	20	2
23	21	2
23	22	2
24	3	5
24	4	1
24	5	7
24	6	4
24	7	1
24	8	4
24	9	6
24	10	6
24	11	6
24	13	4
24	14	3
24	15	5
24	16	1
24	17	1
24	18	3
24	20	1
24	21	2
24	22	2
24	23	6
25	1	3
25	3	1
25	4	2
25	5	2
25	7	5
25	9	3
25	10	4
25	11	1
25	12	1
25	13	1
25	17	2
25	18	3
25	19	2
25	23	6
25	24	2
26	1	1
26	4	1
26	5	2
26	8	3
26	10	1
26	11	1
26	13	2
26	17	3
26	19	2
26	20	1
26	21	2
26	22	2
26	23	1
26	25	4
27	3	1
27	4	3
27	5	1
27	6	2
27	7	1
27	9	9
27	10	2
27	11	3
27	12	2
27	13	2
27	17	2
27	19	1
27	20	1
27	21	1
27	22	2
27	23	1
27	24	7
27	26	2
28	3	1
28	4	1
28	5	6
28	6	1
28	8	3
28	9	4
28	11	3
28	12	1
28	15	1
28	18	1
28	19	4
28	20	2
28	21	3
28	22	1
28	23	1
28	24	1
28	26	2
28	27	6
29	5	3
29	7	2
29	8	1
29	9	1
29	10	1
29	12	4
29	14	1
29	19	1
29	22	1
29	24	1
29	25	3
29	26	2
29	27	3
29	28	5
30	1	1
30	2	1
30	3	1
30	4	2
30	5	3
30	6	2
30	8	3
30	9	1
30	10	2
30	11	1
30	12	3
30	13	1
30	14	1
30	15	1
30	16	1
30	17	2
30	23	1
30	27	5
30	29	2
31	4	2
31	5	2
31	6	2
31	7	2
31	8	1
31	9	2
31	11	1
31	12	1
31	13	1
31	23	1
31	24	1
31	27	3
31	29	1
31	30	2
32	8	2
32	9	1
32	10	1
32	19	1
32	23	1
32	27	1
32	28	2
32	29	1
32	30	1
32	31	1
33	2	1
33	4	3
33	5	1
33	6	1
33	9	2
33	10	1
33	11	1
33	15	1
33	16	1
33	17	1
33	23	1
33	25	1
33	27	1
33	28	3
33	30	2
33	31	1
33	32	1
34	1	1
34	2	2
34	4	1
34	5	1
34	7	1
34	9	2
34	10	4
34	11	2
34	17	2
34	21	1
34	24	1
34	27	1
34	29	2
34	30	5
34	31	4
34	32	3
34	33	2
35	2	1
35	3	1
35	4	4
35	5	3
35	6	1
35	7	1
35	8	2
35	9	1
35	10	1
35	11	2
35	12	2
35	13	2
35	15	1
35	17	1
35	18	1
35	19	1
35	21	3
35	23	1
35	24	1
35	25	3
35	26	3
35	27	2
35	28	1
35	29	1
35	33	1
35	34	2
36	3	1
36	4	1
36	5	3
36	6	2
36	9	4
36	10	5
36	11	4
36	12	2
36	14	2
36	15	1
36	16	2
36	17	2
36	18	1
36	19	2
36	21	1
36	23	1
36	24	3
36	25	1
36	26	1
36	28	3
36	35	4
37	2	1
37	3	1
37	6	2
37	7	1
37	8	1
37	9	1
37	10	3
37	11	1
37	12	2
37	13	1
37	15	1
37	18	2
37	20	1
37	21	1
37	22	5
37	23	1
37	25	6
37	26	2
37	27	1
37	28	3
37	29	1
37	30	1
37	35	8
37	36	2
38	1	1
38	4	2
38	5	1
38	6	1
38	8	3
38	9	2
38	10	1
38	11	1
38	12	2
38	13	1
38	14	2
38	15	2
38	16	2
38	17	1
38	20	1
38	22	1
38	23	1
38	24	3
38	25	4
38	26	2
38	27	5
38	28	3
38	29	1
38	30	1
38	31	2
38	32	1
38	33	2
38	34	1
38	35	3
38	36	3
38	37	8
39	0	1
39	4	1
39	5	2
39	6	2
39	7	1
39	9	1
39	10	2
39	11	4
39	12	2
39	13	1
39	14	3
39	16	1
39	17	2
39	18	2
39	19	1
39	20	1
39	21	1
39	22	1
39	23	2
39	25	2
39	26	1
39	30	3
39	31	2
39	32	1
39	34	2
39	35	4
39	36	2
39	37	5
39	38	14
40	4	2
40	6	1
40	7	3
40	8	1
40	10	3
40	11	2
40	12	1
40	13	2
40	14	1
40	15	1
40	17	1
40	19	2
40	22	3
40	23	2
40	24	2
40	26	1
40	27	1
40	28	3
40	29	5
40	30	1
40	33	4
40	34	2
40	35	3
40	36	1
40	38	4
40	39	2
41	2	1
41	3	1
41	4	1
41	6	1
41	7	2
41	8	1
41	9	1
41	10	1
41	11	2
41	12	1
41	13	2
41	14	2
41	15	1
41	16	1
41	17	2
41	19	1
41	23	1
41	24	1
41	25	3
41	27	1
41	28	3
41	29	1
41	30	4
41	31	4
41	32	2
41	33	1
41	34	2
41	35	1
41	37	3
41	40	5
42	0	1
42	1	2
42	3	1
42	5	1
42	6	1
42	7	1
42	8	2
42	9	1
42	11	2
42	13	1
42	14	1
42	15	1
42	18	1
42	20	2
42	21	1
42	25	1
42	27	3
42	28	3
42	30	8
42	31	1
42	32	1
42	33	1
42	34	2
42	35	1
42	36	1
42	38	1
42	39	1
42	40	1
42	41	4
43	4	1
43	5	1
43	7	1
43	8	2
43	9	1
43	10	1
43	15	2
43	24	1
43	25	1
43	28	1
43	30	6
43	31	2
43	32	2
43	33	5
43	35	1
43	37	1
43	38	1
43	39	1
43	41	1
43	42	1
44	1	1
44	4	1
44	5	1
44	6	2
44	7	1
44	8	1
44	9	1
44	12	1
44	13	1
44	14	1
44	15	1
44	16	1
44	20	1
44	22	1
44	29	1
44	31	2
44	32	1
44	33	5
44	34	3
44	36	1
44	38	2
44	40	1
44	42	1
44	43	7
45	1	1
45	2	2
45	3	2
45	7	2
45	9	2
45	12	1
45	13	1
45	14	1
45	17	2
45	18	2
45	27	1
45	29	1
45	30	3
45	31	2
45	33	2
45	34	2
45	38	1
45	40	1
45	41	2
45	43	2
45	44	3
46	3	1
46	6	1
46	8	1
46	10	1
46	11	1
46	13	3
46	18	1
46	20	1
46	23	1
46	28	1
46	29	2
46	30	2
46	31	1
46	32	2
46	33	3
46	34	1
46	35	1
46	36	1
46	39	1
46	42	2
46	43	4
46	44	2
46	45	3
47	6	1
47	7	2
47	8	2
47	10	3
47	13	2
47	16	2
47	24	1
47	27	5
47	28	2
47	29	1
47	30	3
47	31	1
47	33	1
47	36	1
47	37	1
47	39	1
47	40	2
47	41	1
47	43	1
47	44	3
47	45	1
48	4	1
48	6	1
48	7	2
48	8	5
48	9	2
48	10	1
48	11	2
48	12	3
48	13	2
48	14	2
48	16	1
48	17	1
48	19	2
48	21	1
48	27	5
48	28	1
48	29	2
48	30	1
48	31	2
48	32	1
48	33	1
48	34	2
48	35	1
48	37	1
48	39	1
48	41	3
48	42	2
48	43	1
48	45	1
48	46	1
48	47	3
49	2	2
49	4	1
49	5	3
49	6	3
49	7	1
49	8	15
49	9	5
49	10	4
49	11	3
49	12	8
49	13	4
49	14	1
49	15	1
49	16	4
49	18	3
49	19	3
49	20	2
49	26	1
49	27	3
49	28	2
49	31	2
49	32	2
49	33	1
49	35	1
49	36	3
49	37	1
49	38	2
49	39	2
49	41	2
49	43	3
49	44	1
49	45	1
49	46	1
49	47	3
49	48	6
50	2	2
50	3	1
50	6	4
50	7	5
50	8	6
50	9	1
50	10	1
50	11	1
50	12	2
50	13	3
50	14	3
50	15	3
50	16	1
50	17	1
50	19	2
50	20	2
50	25	2
50	27	1
50	28	1
50	29	1
50	30	2
50	31	2
50	36	2
50	37	2
50	38	1
50	39	2
50	40	2
50	41	2
50	43	3
50	44	1
50	46	1
50	47	4
50	49	3
51	4	2
51	5	1
51	6	6
51	7	4
51	8	3
51	10	3
51	11	3
51	12	1
51	13	3
51	15	4
51	16	3
51	17	2
51	19	1
51	20	1
51	21	2
51	22	1
51	23	1
51	24	1
51	25	1
51	27	1
51	30	1
51	33	1
51	34	1
51	38	2
51	42	1
51	43	1
51	44	4
51	45	1
51	46	3
51	48	1
51	49	4
51	50	1
52	4	1
52	5	1
52	6	1
52	7	2
52	8	2
52	9	4
52	10	4
52	11	1
52	12	1
52	14	1
52	16	5
52	18	2
52	19	2
52	20	1
52	21	2
52	24	1
52	25	1
52	27	2
52	28	2
52	30	1
52	31	3
52	35	1
52	37	1
52	38	1
52	39	3
52	40	2
52	41	2
52	43	2
52	45	2
52	47	4
52	48	2
52	49	3
52	50	2
52	51	5
53	2	1
53	3	2
53	4	2
53	5	4
53	6	2
53	7	1
53	8	7
53	9	2
53	10	1
53	11	2
53	12	3
53	13	1
53	15	1
53	16	1
53	17	2
53	22	1
53	23	2
53	24	3
53	25	4
53	26	2
53	27	1
53	29	1
53	30	1
53	31	3
53	32	1
53	34	4
53	35	1
53	37	2
53	38	3
53	39	1
53	40	2
53	41	2
53	42	2
53	43	3
53	44	2
53	45	1
53	46	1
53	47	3
53	48	1
53	49	1
53	50	4
53	51	3
53	52	2
54	4	2
54	5	1
54	6	1
54	7	2
54	8	1
54	11	3
54	12	3
54	16	3
54	18	1
54	20	1
54	22	1
54	23	1
54	24	4
54	25	1
54	27	2
54	28	6
54	29	2
54	31	5
54	33	2
54	34	3
54	35	2
54	36	2
54	37	2
54	38	4
54	39	4
54	41	2
54	42	2
54	44	1
54	45	4
54	46	2
54	49	5
54	51	5
54	52	2
54	53	6
55	5	1
55	6	4
55	7	3
55	8	2
55	9	1
55	10	2
55	11	1
55	13	1
55	14	2
55	19	2
55	20	1
55	21	1
55	22	1
55	25	1
55	29	2
55	31	2
55	33	2
55	35	1
55	36	1
55	37	4
55	38	3
55	39	4
55	40	1
55	41	2
55	43	2
55	44	1
55	46	1
55	47	4
55	48	2
55	49	5
55	50	1
55	51	3
55	52	2
55	53	3
55	54	14
56	0	1
56	2	1
56	3	2
56	4	1
56	5	3
56	6	6
56	8	5
56	9	4
56	10	2
56	12	1
56	13	1
56	14	2
56	15	1
56	16	1
56	19	2
56	20	1
56	21	2
56	22	2
56	25	1
56	26	2
56	28	2
56	29	1
56	30	2
56	33	2
56	34	2
56	35	1
56	36	2
56	38	1
56	40	2
56	41	2
56	42	4
56	43	1
56	45	1
56	46	1
56	47	3
56	49	2
56	50	2
56	51	3
56	52	3
56	53	6
56	54	2
56	55	10
57	3	2
57	4	1
57	5	2
57	6	2
57	8	7
57	9	1
57	11	1
57	13	2
57	15	1
57	16	2
57	17	3
57	18	3
57	20	3
57	22	1
57	24	1
57	26	1
57	33	2
57	36	1
57	37	3
57	39	1
57	40	1
57	41	2
57	42	2
57	43	2
57	44	2
57	45	1
57	46	1
57	47	2
57	48	1
57	49	2
57	50	4
57	51	3
57	52	3
57	53	4
57	54	3
57	55	4
57	56	7
58	3	3
58	4	2
58	5	1
58	6	2
58	7	1
58	8	2
58	9	1
58	10	2
58	11	2
58	14	1
58	15	1
58	16	3
58	17	1
58	18	1
58	19	3
58	20	1
58	21	1
58	22	1
58	24	6
58	26	1
58	28	2
58	29	2
58	30	2
58	31	1
58	32	1
58	34	1
58	35	1
58	37	1
58	38	1
58	39	3
58	41	1
58	42	1
58	46	1
58	47	2
58	48	1
58	49	3
58	50	1
58	51	3
58	53	2
58	54	3
58	55	4
58	56	9
58	57	2
59	4	1
59	8	3
59	12	1
59	15	1
59	26	2
59	27	3
59	28	1
59	29	1
59	31	1
59	34	2
59	39	1
59	41	1
59	46	2
59	47	1
59	49	1
59	50	2
59	51	2
59	54	2
59	56	1
60	0	2
60	1	1
60	2	2
60	4	1
60	9	1
60	12	1
60	13	1
60	16	1
60	22	1
60	25	2
60	28	2
60	31	3
60	32	1
60	33	1
60	40	1
60	41	1
60	44	1
60	45	2
60	46	3
60	51	1
60	52	1
60	53	1
60	54	1
60	56	1
60	57	1
60	58	4
60	59	2
