1	0	6
2	0	2
2	1	3
3	0	1
3	2	1
4	3	5
5	4	6
6	1	1
6	3	2
6	4	1
6	5	1
7	1	1
7	4	1
7	5	1
7	6	6
8	1	1
8	2	1
8	4	1
8	5	1
8	6	6
8	7	7
9	3	1
9	5	2
9	6	3
9	7	4
9	8	7
10	5	2
10	6	1
10	8	4
10	9	5
11	1	1
11	4	2
11	5	2
11	7	1
11	8	2
11	9	5
11	10	7
12	3	1
12	4	1
12	5	2
12	6	3
12	7	3
12	8	5
12	9	5
12	10	3
12	11	9
13	1	3
13	3	1
13	4	5
13	5	2
13	6	5
13	7	3
13	8	3
13	9	1
13	10	6
13	11	1
13	12	1
14	3	1
14	5	1
14	7	1
14	8	1
14	9	1
14	10	3
14	11	1
14	12	1
14	13	2
15	4	3
15	5	2
15	6	2
15	7	2
15	8	3
15	10	1
15	11	1
15	12	2
15	13	5
15	14	7
16	1	1
16	3	3
16	4	3
16	5	1
16	6	3
16	7	4
16	8	2
16	9	1
16	10	2
16	11	1
16	12	1
16	13	4
16	15	6
17	3	2
17	4	1
17	6	1
17	7	1
17	8	1
17	10	1
17	13	1
17	14	1
17	15	2
17	16	3
18	2	1
18	3	5
18	4	6
18	5	3
18	8	2
18	9	1
18	10	2
18	11	3
18	13	1
18	14	1
18	16	1
18	17	1
19	3	3
19	4	2
19	7	1
19	8	2
19	12	1
19	13	1
19	14	1
19	15	5
19	17	5
19	18	3
20	3	1
20	6	1
20	7	4
20	8	1
20	9	1
20	10	1
20	11	1
20	12	1
20	13	1
20	14	1
20	15	2
20	16	2
20	17	4
20	18	5
20	19	4
21	2	1
21	3	4
21	4	1
21	5	1
21	6	1
21	7	2
21	8	1
21	9	2
21	10	1
21	12	3
21	13	2
21	14	1
21	15	3
21	16	3
21	17	4
21	18	2
21	19	3
21	20	6
22	3	1
22	4	2
22	5	1
22	7	1
22	8	2
22	9	1
22	10	5
22	11	1
22	12	1
22	13	3
22	14	1
22	15	1
22	17	5
22	18	1
22	19	3
22	20	2
22	21	2
23	3	1
23	4	1
23	5	1
23	6	1
23	7	2
23	8	1
23	9	1
23	10	1
23	11	3
23	13	3
23	14	1
23	15	1
23	17	2
23	20	1
23	21	1
23	22	7
24	0	1
24	3	1
24	4	1
24	5	2
24	6	4
24	7	1
24	8	3
24	9	2
24	10	5
24	11	3
24	12	3
24	13	2
24	14	1
24	15	2
24	16	1
24	17	5
24	18	2
24	19	1
24	20	1
24	21	3
24	22	1
24	23	5
25	2	1
25	3	2
25	5	1
25	6	2
25	7	1
25	8	1
25	9	1
25	11	2
25	14	2
25	15	1
25	17	3
25	18	5
25	20	4
25	23	8
25	24	2
26	3	2
26	5	1
26	9	1
26	10	1
26	17	2
26	19	3
26	20	4
26	21	2
26	22	3
26	25	4
27	1	1
27	3	2
27	4	3
27	5	5
27	7	4
27	8	4
27	9	3
27	10	5
27	11	4
27	12	4
27	17	2
27	18	2
27	19	4
27	20	1
27	21	1
27	22	2
27	23	2
27	24	4
27	25	1
27	26	2
28	7	1
28	8	4
28	10	3
28	11	4
28	12	2
28	13	1
28	14	2
28	16	1
28	20	1
28	21	2
28	23	5
28	24	5
28	25	2
28	26	2
28	27	8
29	0	1
29	3	1
29	5	1
29	8	2
29	9	1
29	11	3
29	12	1
29	15	2
29	21	2
29	26	1
29	27	1
29	28	7
30	3	1
30	4	1
30	5	2
30	6	1
30	7	2
30	8	2
30	9	2
30	10	1
30	11	1
30	13	1
30	15	1
30	18	1
30	19	4
30	21	1
30	23	1
30	25	1
30	27	1
30	28	2
30	29	1
31	4	1
31	7	1
31	8	1
31	10	2
31	11	4
31	15	2
31	16	1
31	23	1
31	24	1
31	27	2
31	28	4
31	30	4
32	4	2
32	8	5
32	10	2
32	14	1
32	15	1
32	16	1
32	17	3
32	18	1
32	19	1
32	22	1
32	24	1
32	28	1
32	29	1
32	30	1
33	1	1
33	2	2
33	7	1
33	8	1
33	13	1
33	15	1
33	16	3
33	24	1
33	26	1
33	27	2
33	31	3
33	32	2
34	0	1
34	1	1
34	2	2
34	4	2
34	8	1
34	9	2
34	13	1
34	16	1
34	17	1
34	23	1
34	27	1
34	28	1
34	29	4
34	31	2
34	32	4
34	33	7
35	1	1
35	3	1
35	4	3
35	6	1
35	7	3
35	8	1
35	9	1
35	10	2
35	11	4
35	12	4
35	13	2
35	15	3
35	16	4
35	17	3
35	18	1
35	19	2
35	21	2
35	22	2
35	23	2
35	24	2
35	25	9
35	26	2
35	27	4
35	28	4
35	29	1
35	31	6
35	32	1
35	33	1
36	3	1
36	5	1
36	7	1
36	8	2
36	9	4
36	10	5
36	11	1
36	12	1
36	13	2
36	14	1
36	16	1
36	17	1
36	18	1
36	19	1
36	22	2
36	23	2
36	24	2
36	25	2
36	26	3
36	28	2
36	29	2
36	30	1
36	35	7
37	5	1
37	6	1
37	7	1
37	8	1
37	9	3
37	11	2
37	12	1
37	14	2
37	16	2
37	17	1
37	19	2
37	20	1
37	22	2
37	23	3
37	24	2
37	25	3
37	26	3
37	27	6
37	28	2
37	33	1
37	35	4
37	36	1
38	2	1
38	3	1
38	4	2
38	5	4
38	6	1
38	7	1
38	8	2
38	9	2
38	10	2
38	11	1
38	12	3
38	14	1
38	15	2
38	16	1
38	17	1
38	18	2
38	22	5
38	26	3
38	27	6
38	28	1
38	29	6
38	33	1
38	34	2
38	35	3
38	36	3
38	37	5
39	5	3
39	6	1
39	8	2
39	9	2
39	10	3
39	11	1
39	12	1
39	13	1
39	14	1
39	15	1
39	16	1
39	19	1
39	23	3
39	24	2
39	25	4
39	26	1
39	27	1
39	28	2
39	32	1
39	33	2
39	34	3
39	35	3
39	36	4
39	37	2
39	38	2
40	0	1
40	1	1
40	3	4
40	4	2
40	5	1
40	6	1
40	8	2
40	9	6
40	10	2
40	11	1
40	12	4
40	13	1
40	16	1
40	18	1
40	20	1
40	22	3
40	24	2
40	25	6
40	26	1
40	27	6
40	28	3
40	29	2
40	30	2
40	31	1
40	32	1
40	33	1
40	34	1
40	35	1
40	36	1
40	37	3
40	38	1
40	39	3
41	3	2
41	4	1
41	5	1
41	7	2
41	8	2
41	9	2
41	10	2
41	11	1
41	12	1
41	13	2
41	14	1
41	15	2
41	16	1
41	17	1
41	18	1
41	19	1
41	21	2
41	22	1
41	23	1
41	24	1
41	25	2
41	26	1
41	28	4
41	29	2
41	30	2
41	33	4
41	36	3
41	37	2
41	38	1
41	39	3
41	40	4
42	1	1
42	5	1
42	6	2
42	7	1
42	8	1
42	10	1
42	13	2
42	15	1
42	18	2
42	22	1
42	24	3
42	25	1
42	27	2
42	28	1
42	29	2
42	30	5
42	31	1
42	32	2
42	33	3
42	38	2
42	39	4
42	41	1
43	1	1
43	4	1
43	5	2
43	6	2
43	7	1
43	9	2
43	10	2
43	11	1
43	12	4
43	13	1
43	14	1
43	15	1
43	16	1
43	18	1
43	20	2
43	24	1
43	28	1
43	30	1
43	31	1
43	32	4
43	33	8
43	34	1
43	41	2
43	42	1
44	2	2
44	5	1
44	6	1
44	7	1
44	8	1
44	11	2
44	12	2
44	13	1
44	15	1
44	20	1
44	22	1
44	24	1
44	27	1
44	28	1
44	29	1
44	30	3
44	31	1
44	33	1
44	34	1
44	35	2
44	38	1
44	40	1
44	42	1
44	43	5
45	2	2
45	3	1
45	4	3
45	7	1
45	8	2
45	9	1
45	13	1
45	15	1
45	17	1
45	27	1
45	32	1
45	33	3
45	38	2
45	41	1
45	42	1
45	44	3
46	2	2
46	3	2
46	4	1
46	6	1
46	9	2
46	10	1
46	12	1
46	15	1
46	18	1
46	19	1
46	22	1
46	25	2
46	29	3
46	30	1
46	31	1
46	32	5
46	33	3
46	34	1
46	35	1
46	38	1
46	40	1
46	41	2
46	43	2
46	44	4
46	45	4
47	2	1
47	3	1
47	4	2
47	5	1
47	6	2
47	7	2
47	8	2
47	9	2
47	10	4
47	11	1
47	12	3
47	14	1
47	15	1
47	16	1
47	22	1
47	23	2
47	24	3
47	25	3
47	27	1
47	29	4
47	30	3
47	33	1
47	35	1
47	39	1
47	40	1
47	42	4
47	43	6
47	44	3
47	45	2
47	46	2
48	2	1
48	3	2
48	4	2
48	6	1
48	7	2
48	8	3
48	9	2
48	10	3
48	11	1
48	12	2
48	13	1
48	15	1
48	17	2
48	18	2
48	21	1
48	22	3
48	24	2
48	27	1
48	28	2
48	29	1
48	31	2
48	34	1
48	35	3
48	36	3
48	38	2
48	39	1
48	40	2
48	41	2
48	42	1
48	45	2
48	47	9
49	2	3
49	5	2
49	6	3
49	7	4
49	8	11
49	9	6
49	10	3
49	11	1
49	12	8
49	13	6
49	14	4
49	15	2
49	16	2
49	17	2
49	19	2
49	20	1
49	21	3
49	24	5
49	25	1
49	26	1
49	28	2
49	30	5
49	31	1
49	32	2
49	33	1
49	34	2
49	35	3
49	36	2
49	37	2
49	39	3
49	40	3
49	42	4
49	44	1
49	45	2
49	46	2
49	47	9
49	48	9
50	4	2
50	6	1
50	7	1
50	8	2
50	9	2
50	10	2
50	11	1
50	12	2
50	13	2
50	15	1
50	16	1
50	17	1
50	19	1
50	20	1
50	23	2
50	24	3
50	25	2
50	27	4
50	28	1
50	29	1
50	31	3
50	34	1
50	35	2
50	36	1
50	37	2
50	38	1
50	40	1
50	41	1
50	42	1
50	43	1
50	44	3
50	45	2
50	46	1
50	47	4
50	48	3
50	49	2
51	1	1
51	4	2
51	5	2
51	6	1
51	7	2
51	8	2
51	9	3
51	10	1
51	12	3
51	13	1
51	14	3
51	15	1
51	16	3
51	18	3
51	19	1
51	20	2
51	21	3
51	22	1
51	23	1
51	24	1
51	25	1
51	27	1
51	28	2
51	30	1
51	32	1
51	34	1
51	35	1
51	36	1
51	38	1
51	40	1
51	41	1
51	42	2
51	43	3
51	44	2
51	45	1
51	46	3
51	47	1
51	48	3
51	49	3
51	50	3
52	2	1
52	4	1
52	7	3
52	8	5
52	10	3
52	11	1
52	13	2
52	14	1
52	15	2
52	16	1
52	19	1
52	21	1
52	22	1
52	23	1
52	24	1
52	27	2
52	28	2
52	32	1
52	38	1
52	40	1
52	42	2
52	44	1
52	45	1
52	47	1
52	49	2
52	50	7
52	51	8
53	3	1
53	5	4
53	6	6
53	7	4
53	8	9
53	10	1
53	11	1
53	12	6
53	13	2
53	14	1
53	15	3
53	16	2
53	17	1
53	23	2
53	24	1
53	25	2
53	27	6
53	28	1
53	29	1
53	30	1
53	31	1
53	32	1
53	33	1
53	35	1
53	36	1
53	37	3
53	38	3
53	42	3
53	43	2
53	45	2
53	47	5
53	48	2
53	49	5
53	50	3
53	51	1
53	52	1
54	3	1
54	4	1
54	5	2
54	6	2
54	7	2
54	8	1
54	10	3
54	11	1
54	12	4
54	13	1
54	17	1
54	19	1
54	20	3
54	21	1
54	24	2
54	25	2
54	27	3
54	28	2
54	29	1
54	31	5
54	32	1
54	34	1
54	35	2
54	36	2
54	37	1
54	38	1
54	39	2
54	41	3
54	42	5
54	43	3
54	44	2
54	47	2
54	48	3
54	50	2
54	51	2
54	52	1
54	53	8
55	0	1
55	3	3
55	4	4
55	5	3
55	6	5
55	7	4
55	8	7
55	9	3
55	10	2
55	12	1
55	14	2
55	15	3
55	16	2
55	17	2
55	18	3
55	19	3
55	20	1
55	22	1
55	24	1
55	25	1
55	26	1
55	27	1
55	28	3
55	29	2
55	30	1
55	31	3
55	32	1
55	37	1
55	38	1
55	39	3
55	40	1
55	41	3
55	42	2
55	44	1
55	45	1
55	46	1
55	47	1
55	48	2
55	49	3
55	50	4
55	51	3
55	52	2
55	53	5
55	54	9
56	0	1
56	1	1
56	3	2
56	4	3
56	5	4
56	6	3
56	7	1
56	8	1
56	9	4
56	10	2
56	11	3
56	12	1
56	14	1
56	15	1
56	16	2
56	19	3
56	21	3
56	23	1
56	24	1
56	25	2
56	27	2
56	29	4
56	30	1
56	32	1
56	34	1
56	35	2
56	38	2
56	40	2
56	41	2
56	43	1
56	44	1
56	45	2
56	46	1
56	47	1
56	48	1
56	49	1
56	50	1
56	51	1
56	52	1
56	53	1
56	54	3
56	55	5
57	2	2
57	4	3
57	5	1
57	6	5
57	7	4
57	8	5
57	10	2
57	11	2
57	12	1
57	13	1
57	15	1
57	16	2
57	17	1
57	18	1
57	19	1
57	20	1
57	21	1
57	23	1
57	24	2
57	27	3
57	28	3
57	29	3
57	30	1
57	31	2
57	32	1
57	33	2
57	34	2
57	35	3
57	36	1
57	37	1
57	38	1
57	41	1
57	43	3
57	44	3
57	45	3
57	46	2
57	49	3
57	50	1
57	51	2
57	52	2
57	53	9
57	55	8
57	56	4
58	3	1
58	4	3
58	6	1
58	7	1
58	8	1
58	9	2
58	10	2
58	11	1
58	12	1
58	13	1
58	15	1
58	17	2
58	18	2
58	19	1
58	20	1
58	27	2
58	28	1
58	29	1
58	31	1
58	33	2
58	35	1
58	36	3
58	41	3
58	42	3
58	43	1
58	45	1
58	49	1
58	51	1
58	52	2
58	53	1
58	54	2
58	55	5
58	56	5
58	57	11
59	3	2
59	4	1
59	5	1
59	8	1
59	12	1
59	13	1
59	14	2
59	18	1
59	23	2
59	28	1
59	29	2
59	31	1
59	33	1
59	34	1
59	36	1
59	39	1
59	40	1
59	41	2
59	44	3
59	45	1
59	46	2
59	49	2
59	50	1
59	54	1
59	55	2
59	57	2
59	58	1
60	1	1
60	2	5
60	7	1
60	9	1
60	11	2
60	13	1
60	15	1
60	21	1
60	27	1
60	28	2
60	30	4
60	31	1
60	32	1
60	33	1
60	34	2
60	35	1
60	38	1
60	39	1
60	40	1
60	41	2
60	42	1
60	43	2
60	44	3
60	46	4
60	48	2
60	49	1
60	51	1
60	52	1
60	54	2
60	55	2
60	56	1
60	57	3
