1	0	5
2	0	2
2	1	5
4	1	1
4	3	9
5	2	1
5	3	3
5	4	6
6	3	1
6	5	1
7	0	1
7	5	2
7	6	2
8	2	2
8	3	4
8	4	1
8	5	3
8	6	3
8	7	8
9	4	3
9	5	4
9	6	2
9	7	1
9	8	6
10	2	1
10	3	3
10	5	3
10	6	3
10	8	4
10	9	8
11	3	1
11	4	1
11	5	1
11	6	1
11	7	2
11	8	3
11	9	8
11	10	4
12	3	3
12	5	1
12	8	2
12	9	5
12	10	3
12	11	5
13	4	3
13	5	1
13	6	2
13	7	1
13	8	1
13	9	6
13	10	4
13	11	3
14	0	1
14	3	1
14	4	1
14	5	1
14	6	1
14	7	1
14	10	3
14	11	3
14	12	2
14	13	2
15	0	2
15	4	1
15	5	2
15	7	3
15	8	2
15	9	4
15	10	1
15	11	2
15	12	2
15	13	4
15	14	4
16	1	1
16	3	1
16	4	1
16	6	3
16	7	2
16	8	1
16	9	2
16	10	4
16	12	4
16	13	4
16	14	3
16	15	6
17	3	4
17	4	2
17	5	1
17	6	1
17	9	4
17	10	1
17	11	4
17	12	3
17	15	2
18	4	1
18	5	3
18	6	3
18	7	3
18	8	2
18	9	1
18	10	2
18	11	1
18	12	1
18	13	1
18	15	1
18	16	2
19	3	3
19	4	4
19	5	1
19	6	1
19	7	1
19	8	1
19	9	1
19	10	2
19	12	1
19	14	1
19	15	1
19	16	1
19	17	3
19	18	4
20	5	2
20	6	1
20	9	2
20	10	1
20	11	2
20	14	2
20	15	2
20	17	2
20	18	3
20	19	6
21	5	2
21	6	2
21	7	2
21	8	2
21	9	2
21	10	2
21	11	2
21	12	1
21	13	1
21	14	3
21	15	4
21	17	4
21	19	5
21	20	8
22	3	1
22	4	1
22	5	2
22	8	1
22	9	2
22	10	3
22	11	2
22	13	1
22	14	1
22	15	1
22	17	4
22	18	2
22	19	1
23	1	1
23	3	2
23	4	1
23	6	1
23	9	1
23	10	1
23	11	1
23	12	2
23	13	3
23	17	6
23	18	1
23	19	1
23	22	3
24	4	5
24	5	4
24	6	1
24	7	2
24	8	4
24	9	1
24	10	4
24	11	2
24	12	3
24	13	1
24	14	2
24	15	3
24	17	1
24	18	2
24	19	3
24	20	1
24	21	2
24	22	3
24	23	2
25	0	1
25	5	1
25	7	4
25	8	1
25	9	2
25	11	1
25	12	1
25	13	1
25	14	1
25	15	1
25	17	1
25	18	3
25	19	2
25	21	3
25	22	4
25	23	4
25	24	2
26	1	1
26	3	1
26	5	2
26	9	2
26	10	2
26	11	3
26	12	1
26	14	1
26	15	1
26	17	1
26	18	1
26	19	2
26	22	1
26	23	4
26	25	4
27	4	4
27	5	7
27	6	2
27	7	2
27	8	1
27	9	1
27	10	5
27	11	4
27	12	1
27	13	4
27	14	2
27	17	2
27	18	3
27	19	1
27	22	1
27	23	3
27	24	4
27	25	2
27	26	3
28	3	3
28	4	2
28	5	3
28	6	1
28	7	4
28	8	3
28	9	3
28	10	4
28	11	2
28	12	3
28	14	1
28	16	1
28	17	1
28	18	1
28	19	1
28	20	1
28	21	1
28	23	1
28	24	3
28	25	3
28	26	3
29	3	2
29	5	2
29	6	2
29	9	2
29	13	1
29	17	1
29	19	1
29	21	1
29	22	1
29	23	1
29	25	1
29	27	2
29	28	6
30	5	1
30	6	2
30	7	1
30	8	1
30	9	1
30	10	2
30	11	3
30	13	1
30	15	1
30	16	2
30	17	2
30	18	1
30	25	1
30	27	2
30	28	1
31	1	1
31	3	1
31	5	2
31	7	1
31	8	1
31	9	1
31	12	1
31	13	1
31	15	1
31	18	1
31	21	1
31	24	1
31	29	2
31	30	6
32	4	1
32	6	2
32	10	2
32	15	1
32	16	1
32	18	1
32	19	1
32	24	1
32	25	1
32	27	2
32	28	1
32	29	1
32	30	4
32	31	2
33	1	1
33	2	1
33	3	1
33	4	2
33	5	1
33	6	1
33	7	2
33	8	4
33	9	2
33	11	3
33	12	1
33	13	1
33	17	1
33	22	1
33	24	3
33	27	1
33	29	3
33	30	2
33	31	4
33	32	2
34	0	1
34	1	1
34	4	1
34	5	2
34	7	1
34	8	2
34	9	1
34	10	2
34	13	2
34	21	1
34	27	1
34	28	2
34	30	3
34	31	4
34	32	4
34	33	6
35	1	1
35	2	1
35	4	1
35	5	1
35	6	3
35	7	4
35	9	3
35	10	1
35	11	4
35	12	7
35	14	4
35	16	1
35	18	1
35	19	3
35	21	1
35	23	1
35	24	3
35	25	5
35	26	2
35	27	6
35	28	1
35	30	1
35	31	1
35	32	2
35	33	2
35	34	1
36	3	1
36	4	1
36	5	1
36	6	1
36	8	2
36	9	3
36	10	5
36	11	1
36	12	2
36	13	4
36	14	1
36	15	1
36	16	1
36	18	3
36	20	1
36	21	1
36	22	2
36	23	1
36	24	1
36	25	2
36	26	1
36	27	5
36	30	1
36	32	1
36	35	3
37	4	1
37	6	3
37	7	1
37	8	1
37	9	4
37	10	1
37	11	2
37	12	3
37	13	1
37	14	2
37	16	2
37	17	1
37	18	3
37	19	1
37	20	1
37	21	1
37	23	4
37	25	2
37	27	3
37	28	3
37	29	1
37	30	2
37	31	1
37	35	8
37	36	2
38	1	3
38	4	1
38	5	1
38	6	1
38	8	2
38	9	3
38	10	1
38	11	3
38	12	2
38	14	2
38	15	2
38	16	4
38	17	1
38	18	3
38	19	2
38	22	2
38	23	3
38	24	1
38	25	7
38	26	2
38	27	3
38	28	4
38	29	3
38	30	1
38	33	1
38	35	4
38	36	1
38	37	4
39	3	1
39	5	1
39	7	1
39	8	1
39	9	1
39	10	3
39	15	1
39	16	3
39	17	1
39	18	3
39	19	1
39	20	2
39	21	1
39	22	1
39	23	2
39	24	1
39	25	1
39	27	1
39	28	2
39	29	1
39	30	3
39	31	3
39	33	2
39	34	2
39	35	7
39	36	5
39	37	4
39	38	7
40	4	1
40	5	1
40	6	2
40	8	2
40	10	1
40	11	2
40	12	2
40	14	1
40	16	1
40	17	1
40	18	3
40	20	1
40	21	2
40	22	4
40	23	1
40	24	1
40	25	1
40	26	2
40	27	1
40	28	3
40	29	6
40	30	4
40	31	2
40	32	2
40	33	1
40	34	1
40	35	1
40	36	2
40	37	3
40	38	5
41	1	1
41	3	2
41	4	1
41	5	2
41	6	1
41	7	2
41	10	5
41	11	1
41	12	1
41	13	1
41	14	2
41	15	2
41	17	1
41	25	4
41	27	3
41	29	1
41	30	1
41	31	1
41	32	1
41	34	1
41	36	3
41	37	2
41	38	1
41	39	4
41	40	7
42	6	3
42	7	3
42	8	1
42	9	1
42	10	2
42	12	2
42	14	1
42	15	3
42	16	1
42	18	1
42	20	1
42	21	1
42	22	2
42	24	2
42	27	2
42	28	2
42	30	7
42	31	3
42	32	2
42	33	1
42	34	2
42	35	2
42	36	1
42	38	2
42	40	1
43	4	4
43	6	1
43	7	3
43	8	3
43	10	1
43	11	2
43	12	1
43	13	1
43	15	1
43	25	1
43	28	1
43	29	2
43	30	2
43	31	1
43	32	3
43	33	2
43	34	2
43	35	3
43	40	2
43	41	1
43	42	4
44	0	1
44	2	1
44	8	1
44	9	1
44	10	1
44	11	1
44	12	1
44	13	2
44	15	2
44	20	1
44	28	1
44	30	2
44	31	2
44	32	2
44	33	2
44	34	1
44	36	1
44	40	1
44	41	1
44	42	3
44	43	3
45	2	2
45	7	1
45	8	1
45	9	2
45	10	1
45	12	1
45	16	1
45	22	2
45	30	3
45	32	4
45	34	1
45	35	1
45	40	1
45	41	1
45	42	1
45	43	3
45	44	11
46	0	1
46	1	2
46	2	1
46	5	1
46	9	2
46	10	2
46	11	1
46	12	2
46	15	1
46	18	1
46	22	1
46	27	1
46	28	3
46	30	2
46	31	2
46	32	2
46	33	2
46	34	1
46	38	1
46	41	1
46	42	3
46	43	2
46	44	1
46	45	5
47	0	1
47	6	1
47	7	1
47	8	3
47	9	3
47	10	4
47	12	3
47	13	2
47	14	2
47	16	4
47	17	1
47	18	1
47	19	1
47	20	1
47	21	2
47	23	2
47	24	1
47	27	1
47	28	1
47	30	2
47	31	3
47	32	1
47	33	4
47	34	5
47	35	2
47	36	3
47	37	3
47	38	1
47	39	1
47	40	2
47	42	1
47	43	3
47	44	1
47	46	3
48	0	1
48	4	1
48	5	2
48	7	1
48	8	3
48	9	2
48	11	1
48	12	3
48	13	2
48	15	1
48	17	1
48	18	2
48	19	2
48	20	1
48	21	2
48	22	2
48	24	1
48	25	3
48	27	2
48	30	4
48	33	1
48	34	1
48	35	2
48	36	1
48	37	2
48	45	1
48	46	2
49	3	1
49	6	4
49	7	1
49	8	11
49	9	4
49	10	4
49	11	3
49	12	4
49	13	4
49	14	3
49	15	3
49	16	1
49	17	1
49	18	5
49	19	2
49	20	2
49	21	2
49	22	1
49	23	1
49	24	1
49	25	2
49	27	1
49	28	2
49	30	1
49	33	2
49	35	1
49	36	1
49	37	3
49	38	3
49	39	1
49	40	2
49	41	3
49	46	3
49	47	2
49	48	5
50	3	1
50	5	2
50	6	2
50	7	1
50	8	3
50	10	2
50	12	2
50	13	3
50	14	1
50	15	2
50	16	2
50	17	2
50	18	2
50	21	3
50	23	2
50	24	2
50	27	2
50	29	1
50	30	3
50	31	1
50	33	2
50	35	1
50	37	1
50	38	1
50	40	1
50	42	1
50	43	2
50	44	1
50	45	2
50	48	2
50	49	2
51	1	1
51	3	1
51	4	2
51	6	2
51	7	2
51	8	3
51	10	3
51	11	2
51	12	3
51	13	2
51	15	2
51	16	6
51	17	2
51	18	3
51	19	1
51	20	1
51	22	2
51	23	2
51	24	2
51	25	5
51	27	4
51	35	1
51	39	1
51	40	2
51	41	1
51	44	1
51	47	2
51	48	3
51	49	3
51	50	3
52	4	3
52	6	1
52	7	1
52	8	4
52	9	2
52	11	1
52	12	3
52	13	3
52	14	1
52	15	2
52	16	1
52	17	2
52	19	1
52	21	1
52	24	1
52	25	1
52	27	1
52	28	1
52	29	1
52	30	2
52	32	2
52	34	1
52	37	2
52	38	3
52	39	1
52	40	1
52	45	2
52	47	1
52	48	5
52	49	5
52	50	6
52	51	10
53	1	3
53	2	1
53	3	1
53	4	1
53	5	2
53	6	1
53	7	1
53	8	6
53	9	2
53	10	3
53	11	1
53	12	2
53	13	1
53	14	2
53	16	3
53	17	1
53	19	1
53	20	1
53	21	1
53	23	3
53	24	2
53	25	1
53	26	1
53	27	2
53	28	8
53	30	1
53	31	3
53	33	3
53	34	2
53	35	2
53	37	2
53	38	3
53	40	1
53	41	2
53	42	2
53	44	1
53	47	5
53	48	1
53	49	6
53	51	2
53	52	5
54	3	3
54	4	2
54	6	1
54	8	4
54	9	1
54	10	5
54	11	2
54	12	4
54	13	2
54	17	2
54	18	1
54	19	2
54	21	1
54	22	2
54	23	3
54	24	2
54	25	2
54	27	2
54	28	1
54	29	1
54	30	2
54	31	2
54	33	1
54	34	3
54	35	1
54	37	1
54	38	2
54	41	1
54	43	2
54	46	2
54	47	2
54	48	2
54	49	4
54	50	2
54	51	1
54	52	2
54	53	9
55	0	1
55	3	2
55	4	2
55	6	2
55	7	3
55	8	3
55	9	1
55	10	1
55	11	2
55	12	3
55	13	3
55	14	1
55	15	2
55	16	2
55	18	1
55	21	1
55	24	3
55	25	3
55	27	1
55	28	1
55	30	2
55	31	2
55	33	2
55	35	1
55	36	1
55	37	1
55	38	2
55	41	7
55	42	1
55	43	3
55	45	1
55	46	1
55	47	1
55	49	2
55	50	1
55	52	3
55	53	4
55	54	4
56	1	1
56	4	1
56	5	1
56	6	1
56	7	3
56	8	4
56	9	2
56	10	1
56	11	1
56	12	2
56	13	2
56	14	2
56	15	4
56	16	2
56	17	1
56	18	1
56	19	1
56	22	1
56	24	2
56	25	1
56	26	1
56	27	1
56	29	2
56	30	4
56	31	2
56	33	1
56	34	2
56	35	3
56	37	2
56	38	2
56	39	1
56	40	3
56	41	2
56	42	1
56	43	1
56	44	1
56	45	2
56	46	1
56	48	1
56	50	2
56	51	3
56	52	1
56	53	5
56	54	2
56	55	4
57	3	1
57	4	3
57	5	5
57	6	3
57	7	3
57	8	1
57	9	4
57	11	3
57	13	5
57	14	1
57	16	3
57	17	1
57	18	2
57	19	2
57	21	1
57	22	1
57	23	1
57	24	6
57	26	1
57	27	4
57	28	2
57	29	1
57	30	1
57	31	2
57	32	1
57	33	1
57	36	1
57	39	1
57	40	1
57	41	1
57	43	1
57	44	1
57	46	2
57	47	1
57	48	2
57	49	2
57	50	3
57	51	4
57	52	3
57	53	2
57	54	4
57	55	3
57	56	7
58	3	1
58	4	1
58	6	3
58	7	3
58	8	2
58	9	1
58	10	2
58	11	1
58	13	1
58	14	1
58	15	2
58	16	1
58	17	1
58	19	2
58	21	1
58	23	2
58	24	2
58	26	2
58	27	4
58	29	1
58	31	2
58	33	2
58	34	2
58	35	1
58	37	3
58	38	1
58	39	2
58	40	1
58	41	2
58	44	1
58	45	3
58	46	2
58	47	1
58	48	2
58	49	3
58	50	1
58	51	1
58	53	2
58	54	1
58	55	4
58	56	4
58	57	4
59	3	1
59	4	3
59	5	3
59	7	1
59	8	1
59	12	2
59	15	1
59	18	1
59	19	2
59	23	1
59	25	1
59	26	1
59	28	1
59	30	2
59	33	3
59	34	1
59	38	1
59	40	1
59	43	1
59	44	1
59	49	1
59	52	1
59	55	1
59	58	1
60	0	1
60	1	1
60	2	1
60	4	1
60	5	2
60	7	1
60	9	1
60	11	2
60	13	1
60	15	2
60	17	1
60	20	1
60	21	1
60	27	1
60	28	4
60	30	1
60	31	1
60	33	2
60	35	3
60	39	1
60	41	3
60	44	5
60	52	3
60	53	1
60	54	1
60	55	2
60	56	1
60	58	3
60	59	1
