1	0	6
2	0	2
2	1	9
3	2	1
4	3	2
5	2	1
5	3	1
5	4	7
6	5	4
7	3	2
7	4	2
7	5	1
7	6	4
8	0	1
8	3	1
8	5	2
8	6	9
8	7	4
9	0	2
9	3	5
9	6	3
9	7	5
9	8	1
10	3	4
10	5	2
10	7	2
10	9	8
11	0	2
11	1	1
11	2	1
11	3	1
11	4	1
11	5	2
11	7	1
11	9	8
11	10	9
12	1	1
12	4	1
12	5	4
12	7	1
12	8	5
12	9	3
12	10	9
12	11	3
13	3	2
13	4	3
13	5	1
13	6	2
13	7	1
13	9	2
13	10	5
13	11	2
13	12	1
14	0	1
14	4	2
14	7	1
14	8	2
14	9	2
14	10	1
14	11	1
14	12	1
14	13	3
15	1	2
15	4	1
15	5	1
15	7	4
15	8	1
15	9	2
15	11	3
15	12	1
15	13	3
15	14	8
16	1	1
16	4	2
16	5	1
16	6	2
16	7	1
16	8	4
16	9	2
16	10	3
16	12	1
16	13	2
16	14	2
16	15	4
17	1	1
17	3	4
17	4	1
17	6	2
17	8	2
17	9	2
17	10	2
17	11	1
17	12	1
17	13	2
17	14	1
17	15	2
18	2	1
18	3	4
18	4	3
18	5	4
18	7	1
18	8	3
18	9	2
18	10	1
18	11	3
18	12	1
18	13	3
18	14	2
18	15	1
18	16	3
18	17	3
19	3	3
19	4	2
19	5	1
19	8	3
19	12	1
19	13	1
19	14	1
19	16	1
19	17	8
19	18	6
20	0	1
20	3	1
20	4	1
20	6	1
20	8	1
20	9	1
20	10	1
20	11	1
20	13	1
20	14	2
20	15	2
20	16	4
20	17	1
20	18	4
20	19	1
21	1	1
21	2	1
21	3	3
21	5	2
21	6	1
21	8	2
21	9	1
21	10	5
21	11	1
21	12	1
21	13	1
21	14	1
21	15	4
21	16	4
21	17	3
21	18	5
21	19	4
21	20	2
22	2	1
22	4	2
22	5	1
22	6	1
22	7	2
22	10	1
22	12	3
22	13	1
22	14	2
22	15	2
22	16	1
22	17	3
22	18	2
22	19	3
22	20	4
22	21	3
23	3	1
23	4	1
23	5	3
23	6	3
23	7	2
23	9	2
23	10	2
23	11	1
23	12	2
23	13	2
23	14	2
23	16	2
23	17	1
23	18	2
23	19	2
23	20	4
23	21	1
23	22	3
24	3	1
24	4	2
24	5	4
24	6	3
24	7	1
24	8	1
24	9	2
24	10	1
24	11	1
24	12	5
24	13	4
24	16	1
24	17	1
24	18	2
24	19	2
24	20	2
24	21	1
24	22	1
24	23	4
25	0	2
25	3	5
25	5	1
25	8	3
25	11	3
25	12	2
25	13	1
25	14	2
25	15	1
25	17	3
25	18	2
25	19	3
25	20	1
25	21	1
25	22	3
25	23	1
25	24	1
26	1	1
26	3	1
26	10	1
26	12	1
26	13	3
26	14	3
26	15	1
26	17	3
26	18	2
26	19	4
26	20	1
26	21	2
26	22	1
26	23	1
26	24	1
26	25	3
27	3	2
27	6	2
27	7	3
27	9	4
27	10	6
27	11	3
27	12	1
27	14	2
27	15	1
27	17	4
27	19	2
27	20	2
27	21	1
27	22	1
27	23	3
27	24	4
27	25	4
28	3	4
28	4	1
28	5	4
28	6	2
28	7	1
28	8	3
28	9	3
28	10	3
28	12	2
28	14	1
28	15	1
28	16	1
28	17	3
28	18	2
28	19	1
28	20	1
28	21	1
28	23	1
28	24	2
28	26	1
28	27	6
29	3	1
29	5	2
29	7	1
29	9	2
29	11	3
29	12	1
29	13	1
29	14	1
29	17	1
29	22	1
29	23	1
29	24	2
29	25	3
29	26	1
29	27	2
29	28	4
30	2	1
30	3	1
30	4	1
30	5	1
30	6	2
30	7	1
30	8	1
30	9	1
30	12	1
30	13	2
30	14	1
30	19	1
30	23	1
30	24	3
30	27	1
30	28	2
30	29	1
31	4	2
31	8	2
31	9	1
31	10	3
31	11	2
31	12	1
31	13	2
31	18	2
31	21	1
31	25	2
31	27	1
31	28	2
31	30	3
32	5	2
32	6	1
32	8	1
32	9	1
32	10	4
32	11	1
32	15	1
32	17	1
32	19	1
32	25	1
32	27	1
32	28	2
32	30	2
32	31	2
33	1	1
33	5	2
33	8	2
33	9	2
33	13	1
33	22	1
33	24	3
33	28	1
33	30	3
33	31	3
33	32	3
34	0	1
34	2	1
34	4	1
34	6	1
34	8	1
34	9	2
34	10	1
34	11	1
34	15	2
34	17	1
34	27	2
34	28	2
34	29	1
34	30	3
34	31	2
34	32	6
34	33	6
35	1	2
35	3	3
35	4	1
35	5	5
35	6	1
35	7	2
35	8	2
35	9	2
35	11	2
35	12	2
35	13	1
35	14	2
35	15	1
35	17	3
35	18	1
35	19	2
35	21	1
35	23	1
35	24	3
35	25	3
35	26	2
35	28	3
35	30	1
35	31	1
36	8	2
36	9	1
36	10	6
36	11	4
36	12	2
36	13	1
36	16	1
36	17	1
36	18	1
36	20	1
36	21	4
36	22	1
36	23	2
36	24	1
36	25	3
36	26	2
36	28	1
36	29	2
36	30	2
36	31	4
36	33	1
36	35	5
37	3	2
37	4	2
37	8	1
37	9	3
37	10	2
37	11	3
37	12	3
37	13	2
37	15	2
37	16	2
37	17	1
37	18	3
37	20	1
37	21	1
37	23	2
37	24	3
37	25	2
37	26	1
37	27	3
37	28	1
37	30	1
37	33	1
37	35	7
37	36	1
38	0	2
38	3	1
38	4	2
38	5	4
38	6	1
38	7	2
38	9	2
38	10	4
38	11	5
38	12	4
38	13	4
38	17	2
38	21	1
38	22	2
38	24	2
38	25	3
38	26	1
38	27	4
38	28	6
38	29	5
38	31	1
38	32	3
38	33	1
38	35	5
38	36	2
38	37	5
39	0	1
39	3	1
39	4	1
39	5	3
39	8	1
39	9	1
39	12	1
39	13	1
39	14	1
39	16	1
39	19	1
39	21	3
39	22	1
39	23	1
39	24	1
39	25	2
39	26	1
39	27	2
39	28	2
39	29	3
39	31	1
39	32	1
39	35	6
39	36	7
39	37	5
39	38	5
40	1	1
40	3	2
40	4	1
40	5	2
40	6	3
40	7	1
40	9	1
40	10	2
40	11	1
40	12	2
40	15	1
40	17	3
40	18	1
40	19	1
40	23	1
40	24	2
40	26	2
40	27	1
40	28	4
40	29	2
40	30	1
40	32	1
40	34	2
40	35	4
40	36	2
40	38	6
40	39	1
41	3	2
41	4	1
41	5	3
41	7	1
41	8	2
41	9	1
41	10	3
41	11	2
41	12	2
41	14	1
41	15	1
41	17	2
41	19	3
41	20	1
41	22	1
41	23	2
41	24	2
41	25	2
41	26	1
41	27	2
41	28	1
41	29	1
41	31	2
41	32	2
41	33	1
41	34	5
41	36	4
41	37	5
41	38	6
41	39	2
41	40	4
42	0	1
42	5	1
42	6	1
42	8	4
42	9	1
42	10	2
42	11	2
42	12	2
42	14	2
42	15	2
42	16	1
42	21	2
42	22	1
42	25	1
42	27	1
42	28	4
42	30	5
42	31	1
42	32	1
42	33	4
42	34	4
42	38	4
42	39	2
42	40	3
42	41	7
43	5	1
43	6	1
43	8	1
43	9	1
43	13	1
43	14	1
43	16	2
43	18	2
43	24	2
43	25	1
43	27	4
43	28	1
43	30	1
43	32	1
43	33	3
43	35	1
43	38	2
43	40	1
43	41	3
43	42	1
44	2	1
44	4	1
44	7	1
44	9	2
44	10	3
44	13	1
44	14	1
44	15	1
44	16	1
44	20	1
44	22	1
44	23	1
44	28	1
44	29	1
44	30	2
44	31	2
44	32	1
44	33	3
44	34	4
44	40	2
44	42	3
44	43	7
45	3	2
45	10	2
45	13	3
45	17	1
45	28	1
45	30	2
45	31	1
45	32	3
45	33	2
45	34	3
45	38	1
45	40	1
45	42	2
45	43	1
45	44	5
46	0	1
46	6	2
46	8	1
46	10	2
46	11	1
46	12	1
46	15	1
46	19	2
46	23	1
46	28	2
46	29	1
46	32	2
46	35	1
46	40	1
46	41	3
46	42	2
46	43	6
46	44	6
46	45	1
47	3	1
47	4	2
47	5	1
47	6	1
47	7	1
47	8	1
47	10	1
47	11	1
47	12	2
47	14	2
47	15	1
47	16	3
47	17	1
47	18	2
47	19	1
47	21	1
47	22	1
47	23	1
47	25	3
47	27	2
47	28	2
47	30	2
47	33	1
47	35	2
47	38	1
47	39	2
47	40	3
47	41	4
47	42	2
47	43	2
47	44	2
47	45	2
47	46	1
48	0	1
48	2	1
48	4	1
48	5	2
48	6	5
48	8	2
48	10	3
48	11	3
48	12	4
48	13	2
48	14	2
48	15	1
48	16	1
48	17	4
48	19	1
48	22	2
48	24	1
48	27	3
48	28	3
48	29	1
48	30	3
48	31	1
48	32	2
48	33	3
48	34	2
48	35	2
48	36	1
48	37	2
48	40	2
48	41	2
48	42	2
48	43	2
48	44	3
48	46	2
48	47	4
49	4	1
49	5	1
49	6	4
49	7	3
49	8	11
49	9	5
49	10	2
49	11	1
49	12	2
49	13	2
49	14	2
49	15	1
49	16	2
49	17	1
49	19	2
49	20	3
49	21	1
49	23	2
49	24	2
49	25	2
49	27	3
49	28	4
49	29	1
49	30	1
49	31	1
49	32	2
49	33	1
49	36	2
49	37	3
49	38	2
49	40	1
49	41	2
49	42	5
49	43	1
49	44	1
49	45	1
49	47	3
49	48	8
50	4	1
50	5	2
50	6	2
50	7	2
50	8	3
50	9	2
50	10	1
50	12	4
50	13	2
50	14	1
50	15	1
50	16	1
50	19	1
50	21	1
50	22	1
50	24	2
50	27	1
50	28	1
50	30	1
50	31	1
50	35	2
50	38	1
50	40	2
50	41	3
50	42	1
50	46	5
50	47	1
50	48	2
50	49	4
51	3	1
51	4	1
51	6	2
51	7	3
51	8	5
51	10	2
51	12	2
51	13	1
51	14	1
51	15	5
51	16	5
51	18	2
51	19	1
51	21	1
51	22	1
51	23	1
51	24	2
51	25	2
51	27	2
51	28	1
51	31	1
51	32	1
51	33	1
51	34	2
51	36	4
51	37	3
51	38	1
51	39	1
51	41	1
51	42	1
51	43	5
51	44	2
51	45	1
51	46	1
51	47	2
51	48	5
51	49	3
51	50	4
52	2	2
52	3	3
52	4	1
52	5	3
52	7	2
52	8	8
52	10	1
52	12	1
52	13	3
52	15	3
52	16	3
52	17	1
52	20	1
52	21	2
52	23	2
52	24	4
52	26	1
52	27	5
52	30	1
52	31	1
52	32	2
52	34	1
52	35	2
52	36	2
52	37	2
52	38	2
52	42	1
52	47	1
52	48	4
52	49	2
52	50	1
52	51	5
53	1	1
53	2	1
53	3	2
53	5	7
53	7	3
53	8	3
53	9	3
53	10	1
53	11	1
53	12	6
53	13	2
53	15	3
53	16	1
53	17	2
53	20	1
53	21	1
53	22	1
53	23	3
53	24	1
53	26	1
53	27	3
53	28	2
53	29	2
53	31	2
53	33	1
53	34	1
53	35	1
53	36	1
53	37	3
53	40	2
53	43	1
53	44	1
53	45	3
53	47	3
53	48	2
53	49	7
53	50	4
53	51	3
53	52	2
54	4	2
54	5	3
54	6	1
54	7	2
54	8	5
54	9	1
54	10	2
54	12	3
54	13	2
54	14	1
54	15	2
54	16	1
54	19	1
54	20	3
54	21	2
54	24	4
54	25	1
54	28	1
54	30	3
54	34	2
54	36	2
54	37	1
54	39	1
54	42	4
54	43	2
54	44	2
54	45	1
54	46	1
54	47	2
54	48	2
54	49	2
54	50	1
54	51	1
54	52	2
54	53	4
55	0	1
55	4	3
55	5	3
55	7	1
55	8	7
55	9	2
55	10	1
55	11	3
55	12	1
55	13	1
55	14	1
55	15	1
55	16	3
55	17	1
55	18	1
55	21	1
55	22	1
55	23	1
55	24	1
55	25	3
55	26	1
55	28	2
55	29	1
55	30	1
55	31	2
55	32	1
55	33	4
55	34	1
55	35	2
55	38	2
55	39	4
55	40	2
55	43	2
55	44	1
55	45	1
55	47	4
55	48	1
55	49	3
55	50	2
55	51	3
55	52	2
55	53	3
55	54	7
56	1	1
56	4	2
56	5	1
56	6	2
56	7	6
56	8	4
56	9	2
56	10	3
56	12	3
56	13	1
56	15	4
56	16	1
56	17	1
56	19	1
56	20	4
56	21	1
56	22	3
56	23	1
56	24	2
56	25	2
56	26	1
56	27	3
56	29	1
56	32	2
56	33	3
56	35	2
56	37	1
56	39	2
56	41	1
56	42	2
56	43	3
56	45	1
56	46	2
56	47	1
56	48	1
56	49	1
56	51	1
56	52	3
56	53	4
56	55	6
57	2	3
57	3	4
57	4	3
57	5	2
57	6	4
57	7	1
57	8	4
57	9	1
57	12	4
57	13	3
57	14	1
57	15	1
57	16	1
57	17	2
57	19	5
57	20	1
57	23	2
57	24	1
57	26	1
57	27	2
57	28	4
57	30	1
57	33	1
57	35	3
57	36	1
57	38	2
57	39	2
57	41	2
57	42	3
57	43	2
57	44	1
57	46	3
57	47	1
57	48	3
57	49	5
57	50	2
57	51	2
57	52	1
57	53	2
57	54	1
57	55	4
57	56	5
58	1	1
58	3	3
58	4	3
58	6	4
58	7	1
58	9	3
58	11	1
58	12	1
58	13	2
58	15	2
58	16	3
58	18	2
58	19	1
58	20	1
58	21	2
58	24	2
58	25	1
58	28	3
58	30	1
58	33	3
58	34	1
58	35	1
58	36	1
58	38	2
58	39	2
58	40	1
58	41	2
58	42	2
58	43	1
58	44	2
58	45	1
58	46	1
58	47	2
58	48	1
58	49	3
58	50	2
58	51	3
58	52	3
58	53	1
58	54	2
58	55	2
58	56	5
58	57	5
59	5	1
59	6	1
59	7	1
59	9	1
59	15	1
59	16	2
59	17	2
59	22	2
59	24	1
59	25	1
59	27	2
59	28	1
59	29	1
59	30	2
59	31	1
59	33	1
59	34	1
59	38	1
59	43	1
59	44	1
59	45	1
59	46	2
59	47	1
59	51	3
59	53	2
59	54	1
59	55	3
59	57	1
60	1	2
60	4	1
60	5	1
60	7	1
60	8	1
60	10	1
60	12	2
60	13	3
60	15	2
60	20	1
60	25	1
60	31	2
60	32	2
60	33	2
60	35	1
60	38	1
60	39	1
60	40	1
60	42	2
60	45	1
60	46	3
60	47	2
60	49	1
60	53	2
60	55	1
60	57	1
60	59	1
