1	0	8
2	0	4
2	1	11
4	3	11
5	3	5
5	4	15
6	4	2
6	5	5
7	0	1
7	3	1
7	4	2
7	5	3
7	6	9
8	0	1
8	1	6
8	3	5
8	4	4
8	5	2
8	6	15
8	7	17
9	2	1
9	4	4
9	5	5
9	6	6
9	7	7
9	8	7
10	1	2
10	2	1
10	3	2
10	4	4
10	5	5
10	6	10
10	8	6
10	9	16
11	2	1
11	3	4
11	4	3
11	5	1
11	6	5
11	8	6
11	9	7
11	10	9
12	3	2
12	5	8
12	6	3
12	7	4
12	8	5
12	9	9
12	10	11
12	11	11
13	1	2
13	2	3
13	3	2
13	4	1
13	5	2
13	6	2
13	7	7
13	8	4
13	9	7
13	10	5
13	11	2
13	12	9
14	3	3
14	4	2
14	5	5
14	7	2
14	8	1
14	9	6
14	10	4
14	11	2
14	12	4
14	13	4
15	1	1
15	3	3
15	4	1
15	5	3
15	6	3
15	7	4
15	8	2
15	9	2
15	10	1
15	11	2
15	12	3
15	13	9
15	14	17
16	0	1
16	1	1
16	3	3
16	5	1
16	6	5
16	7	4
16	8	2
16	9	5
16	10	6
16	11	1
16	12	3
16	13	7
16	14	2
16	15	8
17	1	1
17	3	7
17	4	7
17	5	4
17	6	4
17	7	2
17	8	2
17	9	7
17	10	5
17	11	1
17	12	1
17	13	4
17	14	5
17	15	5
17	16	3
18	2	1
18	3	9
18	4	4
18	5	7
18	7	5
18	8	6
18	9	1
18	10	5
18	11	3
18	12	2
18	13	1
18	15	2
18	16	3
18	17	5
19	3	7
19	5	4
19	6	1
19	7	1
19	8	6
19	9	4
19	10	2
19	11	1
19	12	1
19	13	4
19	14	3
19	15	4
19	16	1
19	17	8
19	18	15
20	3	4
20	4	2
20	5	4
20	6	2
20	7	3
20	8	2
20	9	4
20	10	6
20	11	2
20	12	2
20	13	3
20	14	5
20	15	5
20	16	5
20	17	3
20	18	3
20	19	4
21	2	1
21	3	4
21	4	3
21	5	5
21	6	3
21	7	4
21	8	3
21	9	4
21	10	2
21	11	1
21	12	5
21	13	2
21	14	6
21	15	3
21	16	2
21	17	8
21	18	4
21	19	5
21	20	10
22	2	1
22	3	4
22	4	1
22	6	3
22	7	3
22	8	3
22	9	2
22	10	4
22	11	2
22	12	4
22	13	1
22	14	1
22	15	4
22	16	2
22	17	6
22	18	5
22	20	2
23	1	1
23	3	5
23	5	6
23	6	4
23	7	2
23	8	2
23	9	4
23	10	2
23	11	4
23	12	6
23	13	4
23	14	2
23	15	2
23	16	2
23	17	2
23	19	6
23	20	2
23	21	5
23	22	6
24	3	3
24	4	6
24	5	3
24	6	5
24	7	5
24	8	5
24	9	2
24	10	4
24	11	2
24	12	4
24	13	3
24	15	5
24	16	1
24	17	12
24	18	4
24	19	7
24	20	2
24	21	3
24	22	6
24	23	8
25	0	1
25	2	1
25	3	4
25	4	2
25	5	6
25	6	4
25	7	2
25	8	3
25	9	1
25	10	2
25	11	7
25	12	8
25	13	2
25	14	1
25	15	2
25	16	1
25	17	4
25	18	3
25	19	1
25	20	2
25	22	2
25	23	9
25	24	5
26	3	2
26	4	4
26	5	2
26	8	1
26	9	2
26	10	1
26	11	1
26	14	1
26	18	1
26	19	2
26	20	1
26	21	1
26	22	4
26	24	1
26	25	4
27	1	1
27	2	2
27	4	2
27	5	3
27	6	4
27	7	3
27	8	6
27	9	3
27	10	9
27	11	1
27	12	9
27	13	4
27	14	4
27	16	2
27	17	5
27	18	1
27	19	4
27	20	7
27	21	10
27	22	8
27	23	7
27	24	7
27	25	6
27	26	6
28	2	4
28	3	4
28	4	6
28	5	7
28	6	3
28	7	4
28	8	9
28	9	4
28	10	3
28	11	3
28	12	7
28	13	2
28	14	4
28	15	3
28	16	2
28	17	1
28	18	2
28	19	1
28	20	3
28	21	1
28	22	3
28	23	1
28	24	5
28	25	8
28	27	19
29	3	2
29	4	2
29	5	5
29	6	1
29	7	3
29	8	2
29	9	2
29	10	3
29	11	1
29	12	4
29	13	1
29	14	1
29	17	2
29	21	2
29	23	3
29	24	1
29	25	4
29	26	2
29	27	6
29	28	11
30	1	1
30	2	1
30	3	1
30	5	5
30	6	1
30	7	2
30	8	1
30	10	1
30	11	1
30	12	4
30	13	2
30	14	1
30	15	1
30	16	1
30	19	1
30	23	1
30	24	2
30	25	2
30	27	3
30	28	2
30	29	3
31	2	1
31	5	3
31	6	3
31	7	2
31	8	5
31	9	1
31	10	3
31	11	5
31	12	1
31	13	2
31	15	1
31	18	1
31	19	1
31	21	2
31	22	1
31	23	1
31	24	2
31	25	4
31	27	1
31	28	3
31	29	4
31	30	7
32	2	2
32	4	2
32	5	1
32	6	2
32	8	6
32	9	2
32	10	3
32	11	2
32	12	3
32	16	1
32	19	1
32	22	2
32	24	1
32	25	1
32	26	2
32	27	2
32	28	2
32	30	6
32	31	3
33	1	2
33	2	2
33	3	2
33	4	1
33	5	1
33	6	2
33	7	1
33	8	5
33	9	3
33	10	2
33	11	4
33	13	2
33	15	1
33	16	1
33	23	1
33	24	2
33	25	1
33	26	3
33	27	4
33	28	2
33	29	1
33	30	4
33	31	7
33	32	6
34	0	1
34	1	1
34	4	1
34	5	1
34	6	1
34	7	1
34	8	2
34	9	1
34	10	2
34	11	4
34	12	2
34	13	2
34	15	2
34	21	1
34	25	4
34	27	2
34	28	2
34	29	2
34	30	2
34	31	9
34	32	2
34	33	7
35	1	1
35	4	4
35	5	3
35	6	2
35	7	3
35	8	3
35	9	5
35	10	9
35	11	5
35	12	3
35	13	2
35	14	1
35	16	2
35	17	4
35	18	1
35	19	4
35	20	1
35	21	2
35	22	4
35	23	7
35	24	3
35	25	7
35	26	1
35	27	6
35	28	5
35	29	2
35	30	3
35	32	2
35	33	4
35	34	1
36	3	2
36	4	2
36	5	2
36	6	4
36	7	3
36	8	5
36	9	8
36	10	6
36	11	7
36	12	5
36	13	4
36	14	2
36	15	1
36	17	3
36	19	4
36	20	3
36	21	4
36	22	4
36	23	4
36	24	4
36	25	1
36	26	2
36	27	5
36	28	3
36	29	3
36	30	2
36	31	3
36	35	9
37	2	1
37	3	2
37	4	1
37	5	4
37	6	4
37	7	1
37	8	4
37	9	5
37	10	3
37	11	1
37	12	2
37	13	4
37	14	1
37	15	2
37	16	2
37	17	4
37	18	1
37	19	2
37	20	4
37	21	4
37	22	1
37	23	1
37	24	3
37	25	7
37	26	2
37	27	7
37	28	7
37	29	3
37	30	2
37	31	1
37	33	2
37	34	3
37	35	17
37	36	6
38	1	1
38	3	1
38	4	1
38	5	1
38	6	2
38	7	3
38	8	4
38	9	5
38	10	7
38	11	3
38	12	2
38	13	2
38	14	2
38	15	1
38	16	5
38	17	2
38	18	1
38	20	1
38	21	2
38	22	1
38	23	8
38	24	5
38	25	7
38	26	1
38	27	8
38	28	4
38	29	4
38	30	1
38	31	1
38	32	2
38	33	2
38	34	4
38	35	15
38	36	5
38	37	19
39	0	1
39	3	1
39	4	2
39	5	4
39	6	1
39	7	2
39	8	4
39	9	1
39	10	5
39	11	5
39	12	4
39	13	8
39	15	1
39	16	3
39	17	3
39	18	3
39	19	3
39	22	2
39	23	2
39	24	1
39	25	5
39	26	5
39	27	2
39	28	4
39	29	2
39	30	4
39	31	1
39	32	1
39	33	2
39	34	1
39	35	12
39	36	3
39	37	6
39	38	13
40	0	1
40	1	2
40	3	3
40	4	1
40	5	5
40	6	2
40	7	1
40	8	4
40	9	5
40	10	1
40	11	3
40	12	1
40	13	3
40	15	2
40	17	3
40	18	1
40	19	3
40	20	1
40	21	2
40	22	3
40	23	2
40	24	3
40	25	3
40	26	1
40	27	10
40	28	7
40	29	9
40	30	2
40	31	3
40	32	3
40	33	2
40	34	2
40	35	4
40	36	2
40	37	5
40	38	8
40	39	6
41	1	2
41	3	1
41	4	2
41	5	1
41	6	1
41	7	1
41	8	5
41	9	4
41	10	4
41	11	4
41	12	4
41	13	1
41	14	2
41	15	1
41	16	3
41	17	3
41	18	3
41	19	1
41	20	1
41	21	3
41	22	2
41	23	1
41	25	1
41	27	6
41	28	8
41	29	4
41	30	4
41	31	5
41	32	3
41	33	4
41	34	1
41	35	3
41	36	1
41	38	6
41	39	3
41	40	7
42	0	2
42	1	3
42	3	2
42	4	3
42	7	4
42	8	2
42	9	2
42	10	1
42	11	2
42	12	2
42	13	2
42	14	1
42	16	1
42	17	2
42	18	2
42	20	1
42	22	1
42	24	1
42	25	3
42	27	2
42	28	2
42	29	4
42	30	5
42	31	3
42	32	2
42	33	4
42	34	7
42	35	1
42	36	3
42	37	3
42	38	1
42	40	4
42	41	6
43	2	3
43	4	2
43	5	1
43	6	3
43	7	2
43	8	6
43	9	1
43	10	2
43	11	4
43	12	3
43	13	2
43	15	3
43	17	1
43	18	1
43	19	1
43	20	1
43	24	5
43	25	2
43	27	3
43	30	2
43	31	7
43	32	3
43	33	2
43	34	6
43	35	2
43	37	3
43	38	1
43	40	4
43	41	5
43	42	6
44	0	2
44	1	2
44	2	1
44	5	3
44	6	3
44	7	2
44	8	3
44	10	1
44	11	4
44	12	1
44	14	1
44	15	1
44	16	2
44	17	1
44	19	1
44	20	1
44	23	2
44	28	1
44	29	1
44	30	2
44	31	6
44	32	6
44	33	7
44	34	2
44	36	1
44	38	1
44	40	2
44	41	1
44	43	10
45	1	1
45	2	2
45	4	2
45	7	2
45	10	1
45	12	4
45	13	3
45	14	1
45	15	1
45	16	3
45	18	1
45	22	1
45	25	1
45	30	4
45	31	3
45	32	1
45	33	2
45	34	3
45	35	1
45	38	1
45	39	1
45	41	4
45	42	2
45	43	8
45	44	6
46	0	1
46	1	2
46	2	6
46	3	1
46	4	1
46	5	2
46	6	2
46	8	2
46	9	1
46	11	1
46	15	1
46	19	2
46	22	3
46	25	2
46	27	1
46	28	2
46	29	2
46	30	6
46	31	3
46	32	9
46	33	6
46	34	3
46	35	3
46	36	1
46	38	2
46	39	1
46	41	3
46	42	4
46	43	9
46	44	11
46	45	8
47	2	2
47	5	2
47	6	2
47	7	1
47	8	5
47	9	4
47	10	3
47	11	5
47	12	6
47	13	4
47	14	2
47	15	3
47	17	1
47	18	1
47	19	2
47	20	2
47	21	1
47	22	2
47	24	1
47	25	3
47	27	4
47	28	4
47	29	3
47	30	5
47	31	4
47	32	3
47	33	5
47	34	1
47	35	1
47	36	4
47	38	2
47	39	2
47	40	4
47	41	3
47	42	6
47	43	6
47	44	2
47	46	1
48	0	2
48	1	1
48	3	3
48	6	4
48	7	2
48	8	5
48	9	9
48	10	5
48	11	4
48	12	4
48	13	1
48	14	3
48	15	2
48	17	3
48	18	2
48	19	1
48	20	2
48	21	1
48	22	1
48	23	1
48	24	4
48	25	1
48	27	4
48	28	3
48	29	1
48	30	3
48	31	1
48	32	1
48	33	1
48	34	5
48	35	5
48	36	6
48	37	3
48	38	1
48	39	2
48	40	3
48	41	4
48	42	3
48	43	3
48	44	2
48	45	1
48	46	3
48	47	5
49	2	1
49	3	4
49	4	2
49	5	10
49	6	5
49	7	6
49	8	16
49	9	10
49	10	7
49	11	4
49	12	11
49	13	7
49	14	3
49	15	7
49	16	5
49	17	5
49	18	2
49	19	5
49	20	4
49	21	3
49	22	4
49	23	3
49	24	2
49	25	5
49	26	3
49	27	10
49	28	5
49	30	4
49	31	3
49	32	2
49	33	3
49	34	2
49	35	5
49	36	4
49	37	1
49	38	9
49	39	6
49	40	6
49	41	7
49	42	4
49	43	1
49	44	2
49	45	2
49	47	2
49	48	8
50	3	1
50	4	3
50	5	2
50	6	7
50	7	11
50	8	4
50	9	5
50	10	5
50	12	1
50	13	5
50	14	3
50	15	3
50	16	2
50	17	1
50	18	3
50	19	1
50	20	1
50	21	2
50	22	1
50	23	1
50	24	4
50	25	1
50	27	4
50	28	2
50	29	1
50	30	3
50	31	1
50	33	3
50	34	3
50	35	4
50	36	3
50	37	1
50	39	2
50	40	3
50	41	1
50	42	3
50	43	1
50	44	3
50	45	1
50	46	3
50	47	2
50	48	9
50	49	3
51	3	3
51	4	4
51	6	3
51	7	9
51	8	8
51	9	8
51	10	4
51	11	1
51	12	2
51	13	8
51	14	5
51	15	8
51	16	3
51	17	2
51	18	2
51	19	1
51	20	5
51	21	4
51	22	1
51	23	1
51	24	2
51	27	2
51	28	4
51	29	3
51	30	2
51	31	4
51	32	2
51	33	1
51	34	3
51	35	3
51	36	1
51	37	1
51	38	2
51	39	1
51	41	2
51	42	2
51	43	6
51	44	3
51	45	2
51	46	1
51	47	1
51	48	5
51	49	1
51	50	11
52	2	1
52	3	1
52	4	3
52	5	2
52	6	3
52	7	6
52	8	2
52	9	4
52	10	2
52	11	3
52	12	4
52	13	8
52	15	3
52	16	4
52	17	1
52	18	6
52	19	1
52	20	3
52	22	2
52	23	1
52	24	2
52	25	5
52	26	1
52	27	1
52	28	3
52	30	4
52	31	3
52	32	1
52	33	2
52	34	1
52	35	4
52	36	3
52	37	2
52	38	1
52	40	4
52	41	2
52	42	2
52	43	2
52	44	2
52	45	2
52	46	1
52	47	5
52	48	7
52	49	3
52	50	5
52	51	21
53	1	1
53	2	1
53	4	2
53	5	2
53	6	7
53	7	7
53	8	8
53	9	3
53	10	4
53	11	5
53	12	6
53	13	6
53	14	1
53	15	4
53	16	1
53	17	1
53	18	4
53	19	4
53	20	1
53	21	1
53	22	4
53	23	2
53	24	4
53	25	3
53	26	1
53	27	6
53	28	6
53	29	3
53	30	4
53	31	3
53	33	3
53	34	2
53	35	5
53	36	5
53	37	2
53	38	3
53	39	3
53	40	5
53	41	6
53	42	11
53	43	2
53	44	2
53	45	1
53	46	2
53	47	6
53	48	9
53	49	5
53	50	5
53	51	6
53	52	4
54	0	2
54	3	3
54	5	2
54	6	1
54	7	9
54	8	3
54	9	2
54	10	2
54	11	4
54	12	2
54	13	6
54	14	1
54	16	1
54	17	3
54	18	1
54	19	6
54	21	4
54	23	3
54	24	4
54	25	4
54	26	2
54	27	3
54	28	6
54	29	3
54	30	3
54	31	5
54	33	3
54	34	3
54	35	3
54	36	3
54	37	1
54	38	4
54	39	1
54	41	2
54	42	4
54	43	6
54	44	2
54	45	4
54	46	3
54	47	2
54	48	3
54	49	7
54	50	3
54	51	6
54	53	8
55	0	1
55	1	1
55	2	1
55	3	2
55	4	4
55	5	3
55	6	8
55	7	6
55	8	6
55	9	2
55	10	6
55	12	4
55	13	2
55	14	3
55	16	3
55	17	6
55	18	4
55	19	7
55	20	2
55	21	1
55	23	1
55	24	6
55	25	2
55	26	2
55	27	2
55	28	4
55	29	2
55	30	2
55	31	3
55	32	2
55	33	5
55	34	5
55	35	3
55	36	4
55	37	4
55	38	2
55	39	3
55	41	2
55	42	4
55	43	5
55	44	2
55	45	1
55	47	4
55	48	2
55	49	8
55	50	6
55	51	3
55	52	5
55	53	3
55	54	16
56	0	1
56	1	1
56	3	2
56	4	1
56	5	1
56	6	7
56	7	4
56	8	7
56	9	3
56	10	1
56	11	1
56	12	2
56	13	1
56	14	2
56	15	2
56	16	3
56	17	1
56	18	1
56	19	3
56	20	1
56	23	1
56	25	1
56	26	2
56	27	3
56	28	2
56	30	5
56	31	2
56	32	2
56	33	3
56	34	5
56	35	1
56	37	2
56	38	2
56	39	2
56	41	1
56	42	1
56	43	3
56	44	2
56	45	1
56	46	1
56	47	2
56	48	2
56	49	4
56	50	7
56	51	8
56	52	6
56	53	6
56	54	6
56	55	10
57	2	2
57	3	9
57	4	3
57	5	3
57	6	3
57	7	4
57	8	7
57	9	2
57	10	2
57	11	3
57	12	2
57	13	8
57	14	2
57	15	2
57	16	2
57	17	1
57	18	4
57	19	4
57	20	2
57	21	5
57	22	1
57	23	3
57	24	5
57	25	1
57	26	3
57	27	1
57	28	3
57	31	2
57	32	1
57	33	2
57	34	1
57	35	5
57	36	3
57	37	2
57	38	3
57	39	2
57	40	2
57	41	1
57	43	1
57	44	2
57	45	1
57	47	4
57	48	1
57	49	4
57	50	2
57	51	7
57	52	3
57	53	3
57	54	6
57	55	10
57	56	12
58	0	1
58	1	1
58	3	2
58	4	2
58	5	5
58	6	4
58	8	3
58	9	2
58	10	2
58	12	4
58	13	2
58	14	4
58	15	4
58	16	2
58	18	3
58	19	3
58	20	2
58	21	3
58	22	1
58	23	2
58	24	3
58	25	1
58	27	1
58	28	3
58	29	3
58	30	1
58	31	1
58	32	1
58	33	1
58	34	2
58	35	2
58	36	1
58	38	1
58	39	3
58	41	4
58	42	5
58	43	1
58	44	1
58	45	3
58	46	1
58	47	3
58	48	1
58	49	3
58	50	1
58	51	4
58	52	2
58	53	1
58	54	6
58	55	12
58	56	8
58	57	8
59	2	2
59	3	1
59	4	6
59	5	3
59	6	3
59	7	1
59	8	2
59	10	1
59	12	3
59	13	2
59	14	1
59	16	2
59	17	1
59	19	1
59	22	1
59	23	1
59	24	1
59	26	1
59	27	1
59	28	2
59	29	1
59	30	1
59	31	1
59	34	1
59	36	2
59	38	1
59	39	2
59	40	2
59	43	4
59	45	1
59	46	1
59	47	3
59	50	1
59	51	2
59	53	1
59	54	2
59	55	3
59	57	3
59	58	3
60	0	2
60	1	3
60	2	4
60	4	2
60	5	1
60	7	2
60	8	3
60	9	2
60	10	2
60	11	2
60	13	1
60	15	1
60	16	3
60	20	2
60	22	2
60	25	2
60	27	1
60	28	1
60	30	2
60	31	2
60	32	5
60	33	4
60	38	1
60	39	1
60	40	1
60	41	2
60	42	3
60	43	6
60	44	5
60	45	1
60	46	9
60	48	2
60	49	1
60	51	2
60	52	2
60	53	2
60	54	1
60	55	2
60	56	1
60	58	1
60	59	1
