1	0	10
2	0	3
2	1	13
3	0	1
3	2	1
4	1	3
4	3	7
5	0	1
5	1	2
5	2	2
5	3	2
5	4	15
6	3	1
6	4	2
6	5	8
7	0	1
7	3	3
7	4	6
7	5	2
7	6	4
8	0	1
8	1	3
8	2	1
8	3	1
8	4	6
8	5	6
8	6	14
8	7	8
9	0	1
9	2	1
9	3	1
9	4	4
9	5	1
9	6	8
9	7	5
9	8	7
10	0	2
10	2	1
10	3	1
10	4	5
10	6	2
10	7	1
10	8	7
10	9	11
11	2	2
11	3	1
11	4	3
11	5	3
11	7	3
11	8	3
11	9	10
11	10	15
12	1	1
12	3	2
12	4	1
12	6	5
12	7	3
12	8	7
12	9	8
12	10	12
12	11	11
13	3	3
13	4	4
13	5	1
13	6	3
13	7	6
13	8	2
13	9	5
13	10	11
13	11	5
13	12	5
14	0	1
14	1	1
14	3	3
14	5	3
14	6	1
14	7	1
14	8	3
14	9	2
14	10	3
14	11	3
14	12	5
14	13	7
15	1	1
15	3	3
15	4	4
15	5	3
15	6	2
15	7	2
15	8	2
15	9	2
15	10	10
15	11	3
15	12	3
15	13	7
15	14	23
16	1	2
16	3	4
16	4	1
16	5	2
16	6	2
16	7	11
16	8	5
16	9	8
16	10	5
16	12	2
16	13	11
16	14	6
16	15	9
17	1	1
17	3	4
17	4	3
17	5	2
17	6	2
17	7	1
17	8	3
17	9	1
17	10	3
17	11	3
17	12	2
17	13	6
17	15	1
17	16	3
18	2	1
18	3	10
18	4	4
18	5	3
18	6	3
18	7	4
18	8	6
18	9	1
18	10	4
18	11	1
18	12	1
18	13	2
18	14	1
18	15	4
18	16	1
18	17	8
19	1	2
19	2	1
19	3	5
19	4	3
19	5	5
19	7	1
19	8	4
19	9	5
19	10	1
19	11	1
19	12	1
19	13	3
19	14	4
19	15	4
19	16	1
19	17	9
19	18	9
20	3	2
20	4	1
20	5	1
20	6	5
20	7	2
20	8	3
20	9	2
20	10	5
20	11	2
20	12	3
20	13	1
20	14	1
20	15	2
20	16	3
20	17	4
20	18	4
20	19	3
21	2	2
21	3	3
21	4	3
21	6	4
21	7	4
21	8	5
21	9	6
21	10	4
21	11	2
21	12	2
21	13	1
21	14	2
21	15	6
21	16	1
21	17	4
21	18	3
21	19	5
21	20	6
22	2	1
22	3	2
22	4	2
22	5	1
22	6	2
22	9	3
22	11	3
22	12	4
22	13	3
22	14	2
22	15	3
22	16	2
22	17	8
22	18	2
22	19	5
22	20	4
22	21	4
23	1	1
23	3	2
23	4	3
23	5	3
23	6	3
23	7	1
23	8	1
23	9	2
23	11	6
23	12	3
23	13	4
23	14	1
23	15	2
23	16	1
23	17	4
23	18	7
23	19	4
23	20	2
23	21	1
23	22	8
24	0	1
24	3	3
24	4	4
24	5	4
24	6	5
24	7	5
24	8	2
24	9	7
24	10	5
24	11	6
24	12	4
24	13	4
24	14	2
24	15	8
24	17	8
24	18	2
24	19	4
24	20	2
24	21	1
24	22	6
24	23	3
25	1	2
25	2	1
25	3	2
25	4	4
25	5	1
25	6	4
25	7	3
25	8	4
25	9	3
25	10	6
25	11	4
25	12	3
25	13	3
25	14	4
25	15	4
25	16	3
25	17	2
25	18	3
25	19	3
25	20	1
25	21	3
25	22	3
25	23	9
25	24	4
26	3	1
26	4	4
26	5	2
26	8	2
26	10	4
26	11	2
26	12	4
26	13	1
26	14	1
26	15	1
26	18	1
26	21	1
26	22	5
26	23	4
26	24	2
26	25	4
27	2	1
27	3	3
27	4	3
27	6	5
27	7	2
27	8	4
27	9	4
27	10	4
27	12	3
27	13	2
27	14	2
27	15	2
27	16	2
27	17	5
27	18	2
27	19	2
27	20	4
27	21	2
27	22	1
27	23	2
27	24	4
27	25	6
27	26	2
28	3	1
28	4	7
28	5	6
28	6	4
28	7	2
28	8	6
28	9	2
28	10	2
28	11	5
28	12	3
28	13	1
28	14	2
28	15	5
28	16	3
28	17	4
28	18	4
28	19	1
28	20	4
28	21	1
28	22	4
28	23	5
28	24	3
28	25	6
28	26	3
28	27	13
29	4	2
29	5	5
29	6	2
29	7	2
29	8	1
29	9	7
29	10	4
29	11	1
29	12	2
29	13	3
29	14	1
29	21	4
29	22	1
29	23	1
29	24	1
29	25	2
29	26	2
29	27	5
29	28	12
30	1	2
30	2	1
30	4	2
30	5	3
30	6	2
30	7	2
30	8	3
30	9	1
30	10	1
30	11	2
30	12	1
30	13	2
30	15	1
30	18	1
30	19	3
30	23	3
30	24	3
30	25	1
30	27	4
30	28	1
31	1	3
31	2	2
31	4	3
31	5	5
31	6	2
31	7	1
31	8	3
31	10	3
31	11	1
31	12	3
31	13	2
31	16	1
31	18	1
31	19	1
31	20	1
31	21	3
31	22	1
31	23	2
31	24	2
31	25	1
31	27	3
31	28	2
31	29	2
31	30	4
32	2	1
32	4	2
32	5	1
32	6	1
32	8	3
32	9	1
32	10	1
32	11	1
32	12	4
32	16	1
32	17	3
32	19	2
32	21	2
32	22	1
32	23	1
32	25	1
32	27	1
32	28	1
32	29	2
32	30	9
32	31	5
33	2	2
33	5	1
33	6	1
33	7	4
33	8	3
33	9	4
33	10	3
33	12	3
33	13	2
33	15	1
33	16	1
33	17	3
33	23	1
33	24	1
33	25	2
33	26	1
33	28	5
33	29	3
33	30	4
33	31	3
33	32	4
34	1	1
34	6	2
34	7	3
34	8	1
34	9	2
34	10	2
34	12	1
34	13	2
34	15	1
34	16	3
34	21	2
34	22	1
34	23	3
34	24	2
34	25	2
34	27	1
34	28	5
34	29	5
34	30	5
34	31	6
34	32	3
34	33	10
35	1	3
35	3	2
35	4	4
35	5	1
35	6	2
35	7	2
35	8	4
35	9	5
35	10	8
35	11	2
35	12	10
35	13	5
35	14	2
35	15	2
35	16	2
35	17	1
35	18	3
35	19	1
35	20	2
35	21	4
35	22	3
35	23	4
35	24	7
35	25	3
35	26	2
35	27	8
35	28	4
35	29	1
35	30	3
35	31	1
35	32	1
35	33	3
35	34	2
36	3	4
36	4	3
36	5	1
36	6	3
36	7	3
36	8	5
36	9	5
36	10	10
36	11	6
36	12	8
36	13	4
36	14	4
36	15	2
36	16	2
36	17	2
36	19	1
36	20	1
36	23	2
36	24	3
36	25	2
36	26	3
36	27	6
36	28	3
36	29	4
36	32	4
36	33	2
36	35	9
37	4	1
37	5	5
37	6	1
37	7	2
37	8	2
37	9	7
37	10	4
37	11	6
37	12	3
37	13	4
37	14	2
37	15	3
37	16	3
37	17	2
37	18	2
37	20	1
37	22	2
37	23	1
37	24	3
37	25	13
37	26	6
37	27	8
37	28	4
37	29	2
37	30	3
37	31	1
37	33	1
37	34	2
37	35	21
37	36	6
38	1	1
38	3	5
38	4	3
38	5	2
38	6	6
38	7	1
38	8	2
38	9	2
38	10	5
38	11	5
38	12	6
38	13	3
38	14	3
38	15	1
38	16	1
38	17	5
38	19	5
38	20	2
38	21	1
38	22	4
38	23	4
38	25	6
38	26	5
38	27	10
38	28	16
38	29	1
38	30	2
38	31	1
38	32	2
38	34	2
38	35	13
38	36	4
38	37	13
39	3	1
39	4	1
39	5	3
39	6	2
39	7	2
39	8	2
39	9	3
39	10	5
39	11	3
39	12	3
39	14	3
39	15	3
39	16	1
39	17	2
39	18	3
39	19	1
39	20	1
39	22	3
39	23	1
39	25	3
39	26	1
39	27	6
39	28	2
39	29	3
39	30	1
39	31	1
39	32	3
39	34	2
39	35	3
39	36	3
39	37	7
39	38	8
40	0	1
40	1	2
40	3	3
40	4	4
40	5	2
40	6	4
40	7	1
40	8	5
40	9	2
40	10	5
40	11	3
40	13	2
40	14	2
40	15	2
40	17	1
40	18	1
40	19	3
40	21	5
40	22	4
40	23	2
40	24	1
40	25	3
40	26	3
40	27	4
40	28	5
40	29	15
40	30	4
40	31	3
40	32	4
40	33	2
40	34	4
40	35	3
40	36	1
40	37	6
40	38	11
40	39	2
41	2	1
41	3	2
41	4	2
41	5	4
41	6	3
41	7	3
41	8	3
41	9	8
41	10	2
41	11	5
41	12	5
41	13	2
41	14	2
41	15	3
41	16	2
41	18	1
41	19	3
41	20	2
41	21	3
41	22	1
41	24	6
41	26	1
41	27	5
41	28	8
41	29	6
41	30	6
41	31	9
41	32	3
41	33	4
41	34	2
41	35	4
41	36	1
41	37	1
41	38	5
41	39	2
41	40	8
42	1	1
42	4	4
42	6	5
42	7	3
42	8	3
42	9	6
42	11	6
42	12	2
42	13	2
42	15	1
42	16	2
42	24	1
42	25	2
42	27	4
42	29	2
42	30	8
42	31	2
42	32	2
42	33	7
42	34	3
42	36	1
42	37	3
42	38	2
42	40	3
42	41	3
43	4	2
43	5	2
43	6	3
43	7	4
43	8	2
43	9	1
43	10	2
43	11	2
43	12	3
43	13	2
43	14	3
43	15	1
43	16	3
43	17	2
43	18	1
43	20	1
43	24	1
43	27	3
43	28	2
43	29	1
43	30	3
43	31	5
43	32	7
43	33	6
43	34	2
43	38	5
43	39	1
43	40	1
43	41	5
43	42	4
44	2	1
44	6	2
44	7	2
44	8	2
44	9	1
44	10	1
44	11	2
44	12	2
44	13	4
44	16	2
44	20	1
44	22	1
44	23	2
44	24	2
44	27	2
44	28	4
44	30	4
44	31	2
44	32	6
44	33	7
44	34	1
44	35	1
44	38	2
44	40	2
44	41	2
44	42	5
44	43	11
45	3	1
45	7	1
45	8	1
45	9	2
45	10	3
45	12	1
45	13	3
45	14	2
45	16	2
45	17	1
45	18	1
45	22	4
45	25	1
45	27	1
45	28	1
45	30	4
45	31	3
45	32	4
45	33	2
45	34	4
45	35	1
45	38	1
45	40	2
45	41	3
45	42	1
45	43	10
45	44	11
46	0	2
46	1	1
46	2	2
46	8	3
46	9	1
46	10	3
46	12	2
46	13	1
46	18	3
46	20	1
46	23	2
46	24	2
46	25	2
46	27	2
46	28	2
46	30	2
46	32	8
46	33	3
46	34	5
46	35	2
46	38	1
46	39	1
46	41	1
46	42	2
46	43	4
46	44	2
46	45	6
47	0	1
47	2	1
47	3	3
47	4	3
47	6	3
47	7	1
47	8	1
47	9	6
47	10	3
47	11	6
47	12	3
47	13	2
47	14	2
47	15	3
47	16	3
47	17	3
47	18	4
47	19	1
47	20	2
47	21	2
47	22	1
47	23	3
47	24	2
47	27	5
47	28	2
47	29	7
47	30	5
47	31	4
47	32	1
47	33	3
47	34	3
47	35	2
47	36	2
47	38	1
47	40	1
47	41	5
47	42	6
47	43	1
47	44	3
47	45	3
48	0	1
48	3	2
48	5	2
48	6	2
48	7	6
48	8	6
48	9	2
48	10	2
48	11	4
48	12	3
48	13	9
48	14	5
48	15	4
48	16	1
48	17	1
48	18	1
48	19	1
48	20	2
48	21	2
48	24	1
48	25	1
48	26	2
48	27	2
48	28	4
48	29	1
48	30	4
48	31	1
48	32	1
48	35	2
48	36	4
48	37	2
48	38	2
48	39	2
48	40	2
48	41	2
48	42	6
48	43	3
48	44	1
48	45	3
48	46	2
48	47	5
49	3	1
49	4	1
49	5	2
49	6	5
49	7	9
49	8	18
49	9	11
49	10	10
49	11	7
49	12	18
49	13	8
49	14	2
49	15	5
49	16	6
49	17	1
49	18	4
49	19	4
49	20	2
49	21	7
49	22	2
49	23	1
49	24	3
49	25	4
49	26	1
49	27	4
49	28	7
49	29	4
49	30	3
49	31	2
49	32	2
49	33	3
49	34	4
49	35	3
49	36	2
49	37	2
49	38	4
49	39	2
49	40	8
49	41	6
49	42	2
49	43	3
49	44	4
49	45	5
49	46	5
49	47	6
49	48	9
50	2	1
50	3	1
50	4	3
50	5	4
50	6	3
50	7	4
50	8	6
50	9	2
50	10	5
50	11	3
50	12	4
50	13	4
50	14	2
50	15	1
50	16	4
50	17	1
50	18	2
50	19	1
50	20	2
50	21	2
50	24	2
50	25	2
50	27	1
50	28	3
50	29	1
50	30	4
50	35	3
50	37	1
50	38	4
50	39	1
50	40	1
50	41	7
50	42	2
50	44	1
50	45	2
50	46	1
50	47	3
50	48	6
50	49	8
51	4	6
51	5	5
51	6	3
51	7	7
51	8	5
51	9	4
51	10	5
51	11	4
51	12	6
51	13	4
51	14	6
51	15	4
51	16	4
51	17	2
51	18	2
51	20	3
51	24	3
51	25	3
51	27	4
51	28	5
51	29	1
51	30	3
51	31	2
51	33	2
51	35	3
51	36	2
51	37	2
51	38	1
51	39	1
51	40	2
51	41	1
51	42	2
51	43	1
51	44	3
51	46	1
51	47	7
51	48	1
51	49	8
51	50	6
52	3	2
52	4	2
52	5	3
52	6	4
52	7	6
52	8	6
52	9	5
52	10	7
52	11	4
52	12	3
52	13	3
52	14	3
52	15	4
52	16	5
52	17	2
52	18	2
52	19	4
52	20	2
52	21	2
52	22	1
52	23	2
52	24	4
52	25	5
52	26	2
52	28	1
52	30	5
52	31	4
52	32	1
52	33	3
52	34	3
52	35	3
52	38	4
52	40	2
52	41	3
52	42	6
52	43	5
52	44	1
52	45	1
52	46	2
52	47	4
52	48	5
52	49	3
52	50	7
52	51	22
53	3	3
53	4	3
53	5	2
53	6	5
53	7	3
53	8	7
53	9	3
53	10	2
53	11	4
53	12	5
53	13	2
53	14	2
53	15	3
53	16	6
53	17	3
53	18	2
53	21	1
53	23	2
53	24	3
53	25	2
53	26	4
53	27	7
53	28	5
53	30	4
53	31	3
53	32	2
53	33	5
53	34	2
53	35	1
53	37	3
53	38	2
53	39	2
53	40	3
53	41	5
53	42	2
53	43	4
53	44	2
53	45	3
53	46	2
53	47	5
53	48	7
53	49	6
53	50	2
53	51	4
53	52	1
54	0	1
54	3	3
54	4	5
54	5	4
54	6	5
54	7	3
54	8	6
54	9	4
54	10	5
54	11	4
54	12	6
54	13	3
54	14	1
54	15	3
54	16	1
54	17	2
54	18	1
54	19	1
54	20	2
54	21	3
54	23	4
54	24	4
54	25	5
54	26	2
54	27	5
54	28	8
54	29	3
54	30	3
54	31	5
54	32	1
54	33	2
54	34	2
54	35	3
54	36	1
54	37	1
54	38	5
54	39	4
54	40	3
54	41	4
54	42	7
54	43	3
54	44	3
54	45	1
54	46	3
54	47	4
54	48	4
54	49	5
54	50	4
54	51	1
54	52	2
54	53	14
55	0	1
55	1	1
55	2	3
55	3	1
55	4	2
55	5	10
55	6	5
55	7	5
55	8	4
55	9	2
55	10	3
55	12	3
55	13	5
55	14	5
55	15	1
55	17	5
55	18	1
55	19	2
55	20	1
55	21	3
55	22	1
55	23	1
55	24	1
55	25	3
55	26	1
55	27	9
55	28	5
55	29	1
55	30	1
55	31	2
55	32	3
55	33	6
55	34	3
55	35	2
55	36	1
55	37	2
55	38	4
55	39	4
55	40	1
55	41	3
55	42	1
55	43	4
55	44	5
55	45	4
55	46	2
55	47	4
55	48	3
55	49	5
55	50	8
55	51	5
55	52	2
55	53	8
55	54	10
56	0	5
56	2	1
56	3	4
56	4	4
56	5	5
56	6	4
56	7	9
56	8	9
56	9	3
56	10	2
56	11	4
56	12	3
56	13	4
56	14	1
56	15	2
56	16	7
56	17	2
56	18	1
56	19	5
56	21	1
56	22	1
56	23	2
56	24	5
56	25	1
56	26	1
56	27	4
56	28	2
56	29	1
56	30	2
56	31	1
56	32	1
56	33	3
56	34	1
56	35	1
56	36	3
56	37	3
56	38	5
56	39	1
56	40	2
56	41	3
56	42	2
56	43	1
56	44	3
56	46	1
56	47	4
56	48	4
56	49	6
56	50	1
56	51	6
56	52	1
56	53	6
56	54	5
56	55	17
57	2	1
57	3	1
57	4	5
57	5	5
57	6	4
57	7	4
57	8	4
57	9	3
57	10	3
57	11	1
57	12	6
57	13	2
57	14	1
57	15	3
57	16	4
57	17	3
57	18	3
57	19	2
57	20	1
57	22	1
57	23	1
57	24	5
57	25	7
57	26	2
57	27	5
57	28	2
57	29	1
57	30	4
57	31	1
57	32	1
57	33	4
57	34	3
57	36	5
57	37	3
57	38	3
57	39	2
57	40	3
57	41	1
57	42	1
57	43	2
57	44	1
57	45	2
57	46	4
57	47	4
57	48	1
57	49	4
57	50	2
57	51	3
57	52	1
57	53	3
57	54	4
57	55	9
57	56	5
58	1	3
58	3	2
58	4	3
58	5	7
58	6	7
58	7	2
58	8	2
58	9	4
58	11	3
58	12	2
58	13	2
58	14	2
58	15	1
58	16	1
58	17	3
58	18	1
58	19	6
58	20	1
58	21	2
58	22	3
58	23	2
58	24	2
58	25	1
58	26	2
58	27	3
58	28	2
58	29	2
58	31	4
58	32	1
58	33	1
58	34	1
58	35	2
58	36	4
58	37	2
58	39	3
58	40	2
58	41	3
58	43	2
58	44	2
58	45	2
58	46	2
58	47	3
58	49	4
58	50	2
58	51	7
58	52	2
58	53	4
58	54	6
58	55	6
58	56	11
58	57	10
59	0	3
59	3	3
59	4	4
59	5	2
59	7	1
59	8	3
59	9	1
59	10	2
59	12	1
59	13	3
59	15	2
59	16	1
59	17	3
59	18	1
59	22	1
59	23	1
59	24	2
59	25	1
59	26	4
59	27	1
59	28	1
59	29	1
59	33	2
59	35	2
59	38	1
59	40	1
59	43	2
59	44	1
59	45	4
59	46	3
59	47	2
59	49	2
59	50	1
59	51	1
59	52	1
59	54	1
59	55	3
59	57	6
59	58	4
60	0	3
60	1	2
60	2	3
60	4	5
60	7	1
60	8	1
60	9	3
60	11	2
60	12	1
60	13	1
60	15	1
60	17	2
60	20	1
60	21	2
60	25	1
60	27	1
60	28	2
60	30	2
60	32	4
60	33	2
60	34	1
60	35	1
60	36	1
60	39	1
60	40	4
60	41	5
60	42	1
60	43	1
60	44	4
60	45	1
60	46	7
60	47	5
60	48	1
60	49	1
60	51	4
60	52	1
60	53	2
60	54	3
60	55	2
60	56	1
60	57	1
60	58	1
