1	0	6
2	0	4
2	1	13
3	2	2
4	3	2
5	0	1
5	2	2
5	3	7
5	4	8
6	3	3
6	4	3
6	5	1
7	0	2
7	1	1
7	3	3
7	4	4
7	5	3
7	6	5
8	2	1
8	3	1
8	4	6
8	5	4
8	6	13
8	7	10
9	2	1
9	3	4
9	4	1
9	5	2
9	6	3
9	7	5
9	8	12
10	0	1
10	3	2
10	4	3
10	5	1
10	6	2
10	7	7
10	8	4
10	9	20
11	0	1
11	1	1
11	4	2
11	5	3
11	6	3
11	7	3
11	8	7
11	9	5
11	10	10
12	3	2
12	5	2
12	6	6
12	7	7
12	8	3
12	9	7
12	10	17
12	11	9
13	1	1
13	2	1
13	3	2
13	4	5
13	5	2
13	6	2
13	7	6
13	8	6
13	9	8
13	10	5
13	11	5
13	12	7
14	3	5
14	4	4
14	6	3
14	7	4
14	8	3
14	10	1
14	11	1
14	12	4
14	13	11
15	3	5
15	4	2
15	5	3
15	6	9
15	7	9
15	8	5
15	9	3
15	10	8
15	11	3
15	12	5
15	13	6
15	14	7
16	1	1
16	3	2
16	4	3
16	5	2
16	6	5
16	7	3
16	8	3
16	9	2
16	10	2
16	11	2
16	12	6
16	13	4
16	14	8
16	15	8
17	1	1
17	3	5
17	4	1
17	5	2
17	6	2
17	7	1
17	8	5
17	9	4
17	10	1
17	11	1
17	13	1
17	14	2
17	15	3
17	16	1
18	3	11
18	4	8
18	5	2
18	6	4
18	7	2
18	8	3
18	10	3
18	11	5
18	12	1
18	13	8
18	14	3
18	15	4
18	16	3
18	17	11
19	2	1
19	3	8
19	5	6
19	6	4
19	7	1
19	8	5
19	9	6
19	10	3
19	11	5
19	12	3
19	13	3
19	14	2
19	15	4
19	16	1
19	17	10
19	18	16
20	3	3
20	4	1
20	5	2
20	6	2
20	7	2
20	8	2
20	9	2
20	10	8
20	11	1
20	13	5
20	14	6
20	15	4
20	16	5
20	17	6
20	18	5
20	19	2
21	1	3
21	3	4
21	4	3
21	5	1
21	6	1
21	7	5
21	8	3
21	9	3
21	10	3
21	11	1
21	12	4
21	13	2
21	14	5
21	15	6
21	16	7
21	17	4
21	18	1
21	19	6
21	20	10
22	2	2
22	3	4
22	4	6
22	5	3
22	8	2
22	9	2
22	10	2
22	11	1
22	12	1
22	13	3
22	15	3
22	16	1
22	17	7
22	18	2
22	19	3
22	20	4
22	21	7
23	1	3
23	3	3
23	4	4
23	5	4
23	6	6
23	8	2
23	9	4
23	10	4
23	11	5
23	12	4
23	13	2
23	14	1
23	16	4
23	17	3
23	19	4
23	20	2
23	21	4
23	22	4
24	3	4
24	4	3
24	5	5
24	6	3
24	7	5
24	8	10
24	9	6
24	10	6
24	11	6
24	12	1
24	13	8
24	15	2
24	16	4
24	17	4
24	18	6
24	19	3
24	20	2
24	21	4
24	22	3
24	23	10
25	1	1
25	3	4
25	4	5
25	5	5
25	6	2
25	7	6
25	8	3
25	9	5
25	10	2
25	12	6
25	13	8
25	14	2
25	15	5
25	16	3
25	17	5
25	18	3
25	19	4
25	20	1
25	21	2
25	22	3
25	23	4
25	24	8
26	1	2
26	4	2
26	5	3
26	8	2
26	9	2
26	11	1
26	12	4
26	13	2
26	14	1
26	17	2
26	18	1
26	19	4
26	21	3
26	22	3
26	24	1
26	25	5
27	2	2
27	4	2
27	5	2
27	6	6
27	7	5
27	8	2
27	9	7
27	10	5
27	11	7
27	12	5
27	13	2
27	14	2
27	15	4
27	16	2
27	18	1
27	19	1
27	20	5
27	21	2
27	22	3
27	23	4
27	24	9
27	25	5
27	26	4
28	2	1
28	3	2
28	4	7
28	5	4
28	6	3
28	7	3
28	8	8
28	10	3
28	11	3
28	12	5
28	13	3
28	14	1
28	15	3
28	16	1
28	17	2
28	18	3
28	19	1
28	20	1
28	21	2
28	22	2
28	23	1
28	24	8
28	25	4
28	26	3
28	27	15
29	3	3
29	4	4
29	5	3
29	6	3
29	7	2
29	8	7
29	10	2
29	11	5
29	12	1
29	13	2
29	17	1
29	19	2
29	21	1
29	24	4
29	25	4
29	26	1
29	27	3
29	28	5
30	2	2
30	3	1
30	4	1
30	5	1
30	6	2
30	7	5
30	8	1
30	9	2
30	10	4
30	11	1
30	12	5
30	13	3
30	15	4
30	17	1
30	18	1
30	19	1
30	21	1
30	23	2
30	24	2
30	25	1
30	27	4
30	28	3
30	29	3
31	3	1
31	4	2
31	6	3
31	7	2
31	8	2
31	9	3
31	10	1
31	11	5
31	12	2
31	13	2
31	15	1
31	18	2
31	21	1
31	22	1
31	23	1
31	24	1
31	25	1
31	27	5
31	28	2
31	29	4
31	30	9
32	5	1
32	6	1
32	8	3
32	9	2
32	11	3
32	12	2
32	14	1
32	15	2
32	17	1
32	18	1
32	19	1
32	22	2
32	23	1
32	25	2
32	27	2
32	28	1
32	30	4
32	31	6
33	2	1
33	3	2
33	4	4
33	5	2
33	6	3
33	8	2
33	9	1
33	10	2
33	11	3
33	12	3
33	13	1
33	15	1
33	16	2
33	17	2
33	22	2
33	23	3
33	24	1
33	25	1
33	26	1
33	28	2
33	29	3
33	30	5
33	31	5
33	32	6
34	0	1
34	1	1
34	2	1
34	4	4
34	5	3
34	6	1
34	7	1
34	8	5
34	9	3
34	10	3
34	12	2
34	13	3
34	16	1
34	17	1
34	21	3
34	22	2
34	23	1
34	25	2
34	27	2
34	29	2
34	30	6
34	31	9
34	32	9
34	33	7
35	3	1
35	4	1
35	5	3
35	6	4
35	7	2
35	8	5
35	9	5
35	10	8
35	11	5
35	12	4
35	13	5
35	14	1
35	15	1
35	16	1
35	17	1
35	18	1
35	19	8
35	20	5
35	21	3
35	22	1
35	23	5
35	24	5
35	25	8
35	26	7
35	27	6
35	28	5
35	29	1
35	30	1
35	31	2
35	32	1
35	34	1
36	4	2
36	6	1
36	7	1
36	8	6
36	9	5
36	10	10
36	11	3
36	12	2
36	13	2
36	14	2
36	15	2
36	16	2
36	17	3
36	18	2
36	20	2
36	21	1
36	22	1
36	23	5
36	24	2
36	25	4
36	26	2
36	28	1
36	29	2
36	30	1
36	31	3
36	32	1
36	33	1
36	35	9
37	2	2
37	3	1
37	4	2
37	5	2
37	6	1
37	7	2
37	8	3
37	9	1
37	10	7
37	11	7
37	12	3
37	13	4
37	14	5
37	15	2
37	16	1
37	17	1
37	18	2
37	19	3
37	21	1
37	22	4
37	23	5
37	24	5
37	25	3
37	27	7
37	28	4
37	29	1
37	30	2
37	31	1
37	33	3
37	34	3
37	35	10
37	36	4
38	3	5
38	4	3
38	5	4
38	6	1
38	7	3
38	8	3
38	9	4
38	10	8
38	11	8
38	12	3
38	13	1
38	15	2
38	16	1
38	17	2
38	18	5
38	19	3
38	20	3
38	21	2
38	22	6
38	23	2
38	24	4
38	25	9
38	26	2
38	27	6
38	28	9
38	29	4
38	30	1
38	31	4
38	32	1
38	33	2
38	34	1
38	35	11
38	36	3
38	37	13
39	0	1
39	5	2
39	6	2
39	7	2
39	8	3
39	9	9
39	10	2
39	11	7
39	12	4
39	13	4
39	14	1
39	15	1
39	19	1
39	20	1
39	23	2
39	24	1
39	25	2
39	26	2
39	27	7
39	28	1
39	29	4
39	30	3
39	31	1
39	33	2
39	34	5
39	35	8
39	36	4
39	37	9
39	38	6
40	0	3
40	3	2
40	4	5
40	5	1
40	6	1
40	7	3
40	8	2
40	9	5
40	10	3
40	11	4
40	12	3
40	14	3
40	15	4
40	16	2
40	17	1
40	18	1
40	19	2
40	21	1
40	22	1
40	23	2
40	24	4
40	25	6
40	26	3
40	27	8
40	28	3
40	29	6
40	30	1
40	31	2
40	33	2
40	34	4
40	35	5
40	36	3
40	37	2
40	38	10
40	39	2
41	1	1
41	2	2
41	4	4
41	5	2
41	6	2
41	7	3
41	8	7
41	9	4
41	10	2
41	11	4
41	12	4
41	13	3
41	14	2
41	15	3
41	16	2
41	17	4
41	18	1
41	19	1
41	20	2
41	21	1
41	22	1
41	25	4
41	27	4
41	28	6
41	29	5
41	30	7
41	31	4
41	33	5
41	34	3
41	35	4
41	36	3
41	38	4
41	39	4
41	40	7
42	0	1
42	1	1
42	4	2
42	5	6
42	6	6
42	7	3
42	8	4
42	9	2
42	10	5
42	11	1
42	12	3
42	13	5
42	14	2
42	15	2
42	16	4
42	20	1
42	21	1
42	22	2
42	24	2
42	25	1
42	27	1
42	28	1
42	29	3
42	30	12
42	31	7
42	32	1
42	33	8
42	34	6
42	35	1
42	38	2
42	39	3
42	40	3
43	2	2
43	4	3
43	5	2
43	6	4
43	7	3
43	8	2
43	9	2
43	10	1
43	11	1
43	12	3
43	13	2
43	15	1
43	18	2
43	20	2
43	24	1
43	25	1
43	27	1
43	28	2
43	29	3
43	30	4
43	31	4
43	32	3
43	33	6
43	34	5
43	35	2
43	37	1
43	38	3
43	39	1
43	41	3
43	42	8
44	1	3
44	2	2
44	4	1
44	5	1
44	7	3
44	8	1
44	9	2
44	10	4
44	12	3
44	13	1
44	14	1
44	16	2
44	17	1
44	23	1
44	24	2
44	27	4
44	29	3
44	30	2
44	31	3
44	32	5
44	33	5
44	34	5
44	35	1
44	36	2
44	38	1
44	41	1
44	42	3
44	43	7
45	1	1
45	3	1
45	7	1
45	9	1
45	10	1
45	12	1
45	13	1
45	16	1
45	17	4
45	22	1
45	25	1
45	27	2
45	28	1
45	30	1
45	31	2
45	32	1
45	33	5
45	34	2
45	40	1
45	41	5
45	42	4
45	43	5
45	44	12
46	1	3
46	2	1
46	5	1
46	8	2
46	9	1
46	10	2
46	11	2
46	12	2
46	13	2
46	15	2
46	19	1
46	20	1
46	22	4
46	25	2
46	27	1
46	28	4
46	29	3
46	30	4
46	32	5
46	33	5
46	34	1
46	35	1
46	36	2
46	38	2
46	39	3
46	40	5
46	41	4
46	42	2
46	43	4
46	44	5
46	45	6
47	3	3
47	4	1
47	5	4
47	6	5
47	7	2
47	8	2
47	9	3
47	10	3
47	11	8
47	12	4
47	13	3
47	14	1
47	15	3
47	16	7
47	17	3
47	18	2
47	19	2
47	20	1
47	21	3
47	22	2
47	23	2
47	24	3
47	25	3
47	28	2
47	29	1
47	30	5
47	31	7
47	32	2
47	33	3
47	34	4
47	35	2
47	36	2
47	37	1
47	38	2
47	39	3
47	40	2
47	41	3
47	42	6
47	43	7
47	44	2
47	45	1
47	46	2
48	1	2
48	4	2
48	5	2
48	6	3
48	7	2
48	8	8
48	9	4
48	10	4
48	11	3
48	12	8
48	13	8
48	14	1
48	15	1
48	16	4
48	18	2
48	19	2
48	21	1
48	22	1
48	23	1
48	24	2
48	25	4
48	26	4
48	27	1
48	28	1
48	29	3
48	30	3
48	32	1
48	34	3
48	35	4
48	36	3
48	37	2
48	38	1
48	40	2
48	41	1
48	42	4
48	43	2
48	45	2
48	46	2
48	47	8
49	2	2
49	3	5
49	4	2
49	5	1
49	6	3
49	7	7
49	8	21
49	9	11
49	10	12
49	11	8
49	12	10
49	13	10
49	14	4
49	15	2
49	16	4
49	17	3
49	18	6
49	19	5
49	20	3
49	21	3
49	22	1
49	24	7
49	25	1
49	26	2
49	27	3
49	28	3
49	29	2
49	30	6
49	31	3
49	32	2
49	33	5
49	34	4
49	35	7
49	36	5
49	37	3
49	38	4
49	39	5
49	40	3
49	41	5
49	42	3
49	43	1
49	44	4
49	45	1
49	47	6
49	48	14
50	3	5
50	4	1
50	5	4
50	6	9
50	7	5
50	8	4
50	9	4
50	10	6
50	11	3
50	12	4
50	13	3
50	14	4
50	15	2
50	16	1
50	17	2
50	18	5
50	20	5
50	21	4
50	24	1
50	25	4
50	27	1
50	28	7
50	30	1
50	31	3
50	33	3
50	34	4
50	35	2
50	36	1
50	37	2
50	38	4
50	39	2
50	40	6
50	41	3
50	42	2
50	45	1
50	46	1
50	47	5
50	48	6
50	49	3
51	1	1
51	3	3
51	4	1
51	5	4
51	6	2
51	7	8
51	8	6
51	9	3
51	10	5
51	11	2
51	12	2
51	13	5
51	14	4
51	15	4
51	16	5
51	17	1
51	18	2
51	19	4
51	20	1
51	21	7
51	22	1
51	23	2
51	25	2
51	27	4
51	28	4
51	29	1
51	31	2
51	32	4
51	33	1
51	34	1
51	35	2
51	37	3
51	38	3
51	39	2
51	40	1
51	41	5
51	42	2
51	43	1
51	44	2
51	46	4
51	47	4
51	48	4
51	49	7
51	50	15
52	2	2
52	3	1
52	4	5
52	5	2
52	6	2
52	7	1
52	8	9
52	9	1
52	10	3
52	11	2
52	12	6
52	13	4
52	14	5
52	15	5
52	16	6
52	17	3
52	18	2
52	19	4
52	20	3
52	21	4
52	22	2
52	23	4
52	24	4
52	26	1
52	27	3
52	28	3
52	30	7
52	31	2
52	32	1
52	33	2
52	35	1
52	36	2
52	38	3
52	39	4
52	40	4
52	42	1
52	43	3
52	44	1
52	45	6
52	46	2
52	47	2
52	48	7
52	49	6
52	50	7
52	51	20
53	1	1
53	2	1
53	3	1
53	4	2
53	5	2
53	6	5
53	7	4
53	8	7
53	9	2
53	10	5
53	11	5
53	12	10
53	13	7
53	14	1
53	15	5
53	16	1
53	17	3
53	18	2
53	19	2
53	21	2
53	22	3
53	23	2
53	24	3
53	25	3
53	26	2
53	27	4
53	28	2
53	29	3
53	30	1
53	31	5
53	34	2
53	35	1
53	36	2
53	37	3
53	38	6
53	40	2
53	41	4
53	42	5
53	43	3
53	44	2
53	45	2
53	46	1
53	47	3
53	48	9
53	49	5
53	50	2
53	51	3
53	52	1
54	3	1
54	4	3
54	5	4
54	6	1
54	7	6
54	8	11
54	9	2
54	10	3
54	11	3
54	12	1
54	13	1
54	14	3
54	15	1
54	16	1
54	17	2
54	18	4
54	20	1
54	21	1
54	22	2
54	23	1
54	24	1
54	25	2
54	27	3
54	28	2
54	29	2
54	30	3
54	31	6
54	32	1
54	34	1
54	35	3
54	36	2
54	37	2
54	38	5
54	39	2
54	40	3
54	41	4
54	42	1
54	43	5
54	44	6
54	45	2
54	46	2
54	47	9
54	48	3
54	49	5
54	50	1
54	51	3
54	52	5
54	53	5
55	1	1
55	2	1
55	3	2
55	5	5
55	6	4
55	7	3
55	8	8
55	9	1
55	10	4
55	11	2
55	12	1
55	13	1
55	14	4
55	15	2
55	16	3
55	17	4
55	18	3
55	19	3
55	20	1
55	21	2
55	22	3
55	24	4
55	25	3
55	27	2
55	28	7
55	29	1
55	30	5
55	31	4
55	34	4
55	35	1
55	36	3
55	37	2
55	38	8
55	39	4
55	40	1
55	41	4
55	42	9
55	43	5
55	44	4
55	45	1
55	47	2
55	48	2
55	49	7
55	50	5
55	51	1
55	52	2
55	53	9
55	54	10
56	1	3
56	3	1
56	4	2
56	5	1
56	6	1
56	7	6
56	8	8
56	9	4
56	10	2
56	11	1
56	12	4
56	13	5
56	14	1
56	15	2
56	16	2
56	17	3
56	18	2
56	19	2
56	20	3
56	22	1
56	24	2
56	28	2
56	30	2
56	32	4
56	33	2
56	34	3
56	35	1
56	36	1
56	37	2
56	38	6
56	39	2
56	40	1
56	41	2
56	42	3
56	43	5
56	44	3
56	45	1
56	46	2
56	47	2
56	48	3
56	49	10
56	50	5
56	51	7
56	52	3
56	53	8
56	54	3
56	55	12
57	3	1
57	4	3
57	5	5
57	6	5
57	7	6
57	8	1
57	9	1
57	10	8
57	11	4
57	12	1
57	13	3
57	14	4
57	15	2
57	16	2
57	17	2
57	19	2
57	20	1
57	21	3
57	22	1
57	23	1
57	24	10
57	25	1
57	27	5
57	28	2
57	29	3
57	30	2
57	31	2
57	32	2
57	33	2
57	34	1
57	35	4
57	38	3
57	40	1
57	41	1
57	42	1
57	43	2
57	44	2
57	45	4
57	46	2
57	47	2
57	48	1
57	49	4
57	50	7
57	51	4
57	52	2
57	53	2
57	54	1
57	55	3
57	56	6
58	1	1
58	3	2
58	4	1
58	5	6
58	6	3
58	7	5
58	8	2
58	9	1
58	10	3
58	12	2
58	13	1
58	14	2
58	16	4
58	17	4
58	18	1
58	19	3
58	20	2
58	22	2
58	24	4
58	27	2
58	28	3
58	30	3
58	31	1
58	33	4
58	35	1
58	36	1
58	38	3
58	39	1
58	40	1
58	41	1
58	42	1
58	43	3
58	44	2
58	45	1
58	46	1
58	47	2
58	48	2
58	49	5
58	50	5
58	51	2
58	52	1
58	53	4
58	54	6
58	55	8
58	56	8
58	57	17
59	0	1
59	2	1
59	3	1
59	4	2
59	5	2
59	6	2
59	7	1
59	8	3
59	9	3
59	10	4
59	13	1
59	15	3
59	16	2
59	17	1
59	18	1
59	19	2
59	24	1
59	27	5
59	28	1
59	29	1
59	30	4
59	31	2
59	33	5
59	34	2
59	35	4
59	38	1
59	40	2
59	41	2
59	43	3
59	44	3
59	45	1
59	46	1
59	47	1
59	49	1
59	50	4
59	52	1
59	54	1
59	55	4
59	56	2
59	57	3
59	58	1
60	0	3
60	1	3
60	2	2
60	4	1
60	5	1
60	7	2
60	9	2
60	10	1
60	11	1
60	12	1
60	13	4
60	15	2
60	16	2
60	20	2
60	21	1
60	22	2
60	25	1
60	28	1
60	30	1
60	31	6
60	32	1
60	33	3
60	34	1
60	35	1
60	36	1
60	39	1
60	40	3
60	41	2
60	42	2
60	43	2
60	44	1
60	45	4
60	46	5
60	47	2
60	48	2
60	49	3
60	52	2
60	53	1
60	54	2
60	55	1
60	57	1
60	58	3
60	59	1
