1	0	13
2	0	9
2	1	5
3	0	2
3	2	2
4	1	1
4	3	6
5	2	2
5	3	5
5	4	12
6	3	4
6	5	6
7	3	3
7	4	2
7	5	1
7	6	11
8	0	1
8	3	4
8	4	2
8	5	6
8	6	9
8	7	14
9	2	1
9	3	4
9	5	5
9	6	1
9	7	4
9	8	7
10	1	1
10	3	3
10	4	6
10	5	2
10	6	4
10	7	4
10	8	11
10	9	14
11	3	1
11	4	1
11	5	3
11	6	3
11	7	3
11	8	2
11	9	8
11	10	13
12	1	1
12	3	1
12	4	5
12	5	1
12	6	2
12	7	3
12	8	9
12	9	8
12	10	13
12	11	12
13	3	2
13	4	2
13	5	1
13	6	4
13	7	9
13	8	8
13	9	8
13	10	13
13	11	9
13	12	13
14	0	1
14	1	1
14	4	1
14	6	4
14	7	2
14	8	3
14	11	3
14	12	1
14	13	6
15	0	1
15	3	5
15	4	2
15	5	3
15	6	3
15	8	5
15	10	8
15	11	5
15	12	3
15	13	9
15	14	14
16	1	2
16	4	2
16	5	2
16	6	3
16	7	3
16	8	3
16	9	1
16	10	4
16	11	4
16	12	2
16	13	7
16	14	2
16	15	10
17	1	1
17	3	2
17	4	3
17	5	3
17	6	2
17	7	1
17	8	3
17	9	3
17	10	7
17	11	4
17	12	3
17	13	5
17	14	1
17	15	2
17	16	5
18	3	10
18	4	4
18	5	5
18	6	4
18	7	3
18	9	4
18	12	1
18	13	2
18	14	2
18	15	3
18	16	1
18	17	10
19	1	1
19	3	4
19	4	5
19	5	4
19	6	1
19	7	5
19	8	2
19	9	3
19	10	2
19	11	1
19	12	4
19	13	3
19	14	4
19	15	4
19	16	2
19	17	13
19	18	9
20	0	1
20	3	1
20	4	1
20	5	2
20	6	2
20	8	2
20	10	2
20	12	2
20	13	5
20	14	8
20	15	5
20	16	4
20	17	7
20	18	5
20	19	5
21	0	1
21	1	1
21	3	1
21	4	1
21	5	3
21	6	4
21	7	5
21	8	6
21	9	2
21	11	2
21	12	4
21	13	2
21	14	3
21	15	7
21	16	2
21	17	5
21	18	2
21	19	7
21	20	12
22	3	5
22	4	5
22	5	3
22	7	1
22	8	3
22	9	5
22	10	3
22	11	2
22	12	4
22	13	1
22	14	1
22	15	1
22	16	3
22	17	5
22	18	2
22	19	3
22	20	2
22	21	1
23	1	2
23	3	3
23	4	5
23	5	3
23	6	3
23	7	2
23	8	3
23	9	2
23	10	1
23	11	2
23	12	7
23	13	3
23	14	5
23	15	1
23	16	3
23	17	6
23	18	1
23	19	5
23	20	4
23	21	3
23	22	5
24	3	2
24	4	2
24	5	8
24	6	4
24	7	2
24	8	5
24	9	4
24	10	4
24	11	5
24	12	2
24	13	4
24	14	1
24	15	3
24	16	2
24	17	4
24	18	3
24	19	1
24	20	2
24	21	1
24	22	2
24	23	4
25	0	2
25	1	3
25	2	2
25	3	2
25	4	3
25	5	5
25	7	1
25	8	4
25	9	4
25	10	1
25	12	3
25	13	1
25	14	4
25	15	2
25	16	2
25	17	2
25	18	6
25	19	4
25	20	1
25	21	2
25	22	7
25	23	10
25	24	3
26	3	2
26	4	2
26	5	1
26	9	1
26	10	3
26	11	1
26	13	2
26	14	2
26	15	1
26	17	4
26	20	2
26	21	3
26	22	1
26	23	4
26	24	2
26	25	4
27	1	2
27	3	3
27	4	2
27	5	4
27	7	3
27	8	3
27	9	9
27	10	5
27	11	4
27	12	7
27	14	2
27	15	1
27	16	2
27	17	2
27	18	4
27	19	3
27	20	1
27	22	4
27	23	5
27	24	10
27	25	10
27	26	4
28	2	2
28	3	3
28	4	6
28	5	3
28	6	5
28	7	2
28	8	4
28	9	2
28	10	2
28	11	6
28	13	2
28	14	1
28	15	3
28	16	4
28	17	6
28	18	3
28	19	3
28	20	1
28	22	5
28	23	4
28	24	5
28	25	6
28	26	4
28	27	10
29	3	1
29	4	1
29	5	4
29	6	2
29	7	2
29	8	7
29	9	3
29	10	2
29	11	2
29	12	3
29	14	1
29	17	2
29	19	1
29	21	1
29	22	2
29	23	1
29	25	3
29	26	3
29	27	8
29	28	9
30	1	4
30	3	1
30	4	5
30	5	1
30	6	1
30	8	3
30	9	1
30	10	2
30	12	3
30	13	2
30	14	3
30	15	2
30	16	1
30	18	3
30	19	1
30	21	1
30	23	2
30	24	3
30	25	1
30	27	1
30	28	6
30	29	4
31	1	1
31	2	1
31	4	2
31	5	1
31	6	1
31	7	2
31	8	2
31	9	1
31	10	1
31	11	2
31	12	1
31	13	1
31	15	1
31	18	1
31	19	1
31	21	5
31	22	1
31	24	1
31	25	3
31	27	7
31	28	2
31	29	3
31	30	5
32	2	1
32	4	1
32	5	1
32	6	4
32	8	5
32	10	6
32	11	2
32	12	2
32	15	2
32	16	3
32	17	2
32	18	1
32	19	1
32	24	1
32	26	1
32	27	2
32	28	4
32	29	1
32	30	3
32	31	5
33	1	2
33	3	3
33	4	3
33	5	3
33	6	1
33	7	1
33	8	3
33	9	1
33	10	3
33	11	3
33	12	2
33	13	2
33	15	1
33	17	1
33	22	1
33	23	1
33	24	5
33	25	3
33	26	1
33	28	3
33	29	4
33	30	4
33	31	4
33	32	9
34	1	1
34	2	2
34	4	3
34	5	2
34	6	3
34	7	4
34	8	5
34	9	1
34	10	1
34	13	1
34	16	2
34	17	1
34	20	1
34	23	2
34	24	1
34	27	2
34	28	3
34	29	2
34	30	6
34	31	10
34	32	2
34	33	16
35	1	1
35	4	2
35	5	2
35	6	2
35	7	3
35	8	4
35	9	7
35	10	8
35	11	5
35	12	1
35	13	4
35	14	3
35	15	7
35	17	2
35	18	2
35	19	1
35	20	4
35	21	3
35	22	2
35	23	4
35	24	2
35	25	7
35	26	5
35	27	6
35	28	1
35	29	1
35	30	2
35	31	2
35	33	1
35	34	4
36	3	2
36	4	2
36	5	1
36	6	3
36	7	3
36	8	5
36	9	6
36	10	8
36	11	9
36	12	2
36	13	4
36	15	5
36	16	2
36	17	2
36	18	2
36	19	2
36	20	1
36	22	2
36	23	4
36	24	2
36	25	7
36	26	1
36	27	4
36	28	5
36	29	1
36	30	1
36	31	4
36	33	1
36	35	10
37	2	2
37	4	4
37	5	4
37	6	3
37	7	2
37	8	1
37	9	3
37	10	6
37	11	6
37	12	4
37	13	3
37	14	2
37	15	2
37	16	3
37	17	2
37	18	3
37	19	1
37	21	1
37	22	6
37	23	4
37	24	3
37	25	7
37	26	7
37	27	3
37	28	12
37	29	2
37	30	1
37	34	3
37	35	16
37	36	5
38	2	2
38	3	2
38	4	4
38	5	4
38	6	1
38	7	3
38	8	6
38	9	10
38	10	1
38	11	10
38	12	3
38	13	3
38	15	3
38	16	1
38	17	2
38	18	2
38	20	2
38	21	4
38	22	4
38	23	3
38	24	3
38	25	5
38	26	3
38	27	10
38	28	10
38	29	3
38	31	2
38	32	1
38	33	5
38	34	4
38	35	12
38	36	2
38	37	15
39	0	1
39	3	3
39	5	4
39	6	1
39	7	1
39	8	2
39	9	5
39	10	3
39	11	3
39	12	3
39	13	1
39	14	1
39	15	1
39	16	2
39	17	1
39	18	1
39	19	2
39	20	2
39	22	1
39	23	3
39	24	7
39	25	5
39	27	4
39	28	3
39	29	5
39	30	2
39	31	3
39	34	4
39	35	5
39	36	4
39	37	7
39	38	5
40	1	2
40	3	1
40	4	1
40	5	3
40	6	5
40	7	4
40	8	2
40	9	5
40	10	2
40	11	4
40	12	2
40	14	3
40	15	1
40	16	3
40	17	3
40	19	7
40	20	4
40	21	1
40	23	1
40	24	2
40	25	2
40	26	2
40	27	4
40	28	7
40	29	4
40	30	3
40	31	2
40	32	1
40	33	4
40	34	4
40	35	1
40	36	3
40	37	4
40	38	12
40	39	7
41	2	1
41	3	2
41	4	6
41	5	5
41	6	2
41	8	1
41	9	4
41	10	1
41	11	4
41	12	2
41	13	2
41	14	2
41	17	2
41	19	2
41	21	3
41	22	2
41	23	1
41	24	3
41	25	4
41	26	1
41	28	2
41	29	4
41	30	5
41	31	4
41	32	3
41	33	1
41	35	5
41	36	2
41	37	2
41	38	4
41	39	2
41	40	4
42	1	1
42	3	2
42	4	1
42	5	3
42	6	3
42	7	1
42	8	2
42	9	6
42	10	1
42	11	4
42	12	1
42	13	2
42	14	1
42	15	3
42	16	2
42	20	2
42	21	1
42	22	3
42	24	3
42	25	1
42	27	6
42	28	3
42	29	1
42	30	9
42	31	4
42	32	3
42	33	1
42	34	5
42	36	3
42	37	1
42	38	3
42	39	3
42	40	4
42	41	4
43	2	2
43	4	4
43	5	3
43	6	2
43	7	2
43	8	2
43	9	1
43	10	2
43	11	1
43	12	5
43	13	2
43	14	1
43	15	1
43	16	3
43	18	2
43	19	3
43	20	1
43	24	2
43	25	1
43	27	1
43	28	3
43	29	2
43	30	3
43	31	3
43	32	5
43	34	9
43	35	3
43	37	3
43	38	1
43	39	3
43	41	1
43	42	5
44	1	2
44	2	1
44	5	1
44	8	3
44	9	3
44	10	1
44	11	1
44	12	2
44	13	3
44	14	1
44	15	1
44	16	4
44	22	1
44	24	1
44	27	1
44	28	3
44	29	2
44	30	3
44	31	3
44	32	4
44	33	7
44	34	4
44	35	1
44	38	2
44	40	4
44	41	2
44	42	6
44	43	11
45	1	1
45	2	1
45	4	1
45	7	2
45	8	1
45	9	4
45	10	5
45	12	3
45	14	1
45	17	1
45	18	2
45	22	4
45	25	4
45	27	1
45	28	1
45	30	5
45	31	3
45	32	4
45	33	3
45	34	4
45	35	2
45	38	1
45	39	1
45	40	2
45	41	2
45	42	3
45	43	7
45	44	9
46	0	2
46	5	1
46	6	2
46	8	2
46	9	1
46	10	3
46	11	5
46	13	2
46	15	2
46	18	2
46	19	2
46	25	1
46	27	2
46	28	2
46	29	2
46	30	2
46	31	4
46	32	5
46	33	4
46	34	3
46	35	1
46	36	1
46	38	1
46	40	2
46	41	1
46	42	1
46	43	5
46	44	3
46	45	6
47	0	1
47	2	2
47	4	1
47	5	3
47	6	6
47	7	5
47	8	4
47	9	1
47	10	6
47	11	4
47	12	5
47	13	3
47	14	1
47	15	1
47	17	2
47	18	3
47	19	4
47	21	1
47	22	1
47	23	2
47	24	4
47	25	1
47	27	3
47	28	5
47	29	2
47	30	2
47	31	6
47	32	2
47	33	3
47	34	2
47	35	1
47	36	4
47	38	6
47	40	4
47	41	4
47	42	8
47	43	2
47	44	2
47	45	2
47	46	4
48	0	1
48	2	2
48	4	1
48	5	4
48	6	4
48	7	5
48	8	5
48	9	3
48	10	4
48	11	6
48	12	8
48	13	6
48	14	4
48	15	5
48	16	3
48	17	4
48	18	2
48	19	3
48	20	3
48	21	1
48	22	3
48	23	1
48	24	1
48	25	1
48	27	5
48	28	4
48	29	1
48	30	2
48	31	2
48	32	1
48	34	2
48	35	5
48	37	2
48	38	2
48	39	5
48	40	2
48	42	3
48	43	4
48	44	2
48	46	1
48	47	8
49	3	1
49	4	2
49	5	6
49	6	4
49	7	4
49	8	19
49	9	7
49	10	7
49	11	5
49	12	12
49	13	3
49	14	3
49	15	6
49	16	5
49	18	6
49	19	4
49	20	1
49	21	4
49	22	1
49	23	2
49	24	6
49	25	4
49	26	2
49	27	4
49	28	8
49	29	4
49	30	7
49	32	5
49	33	3
49	34	2
49	35	2
49	36	3
49	37	3
49	38	5
49	39	4
49	40	5
49	41	4
49	42	3
49	43	4
49	44	1
49	45	3
49	46	1
49	47	7
49	48	9
50	2	1
50	3	1
50	4	2
50	5	2
50	6	7
50	7	1
50	8	11
50	9	1
50	10	5
50	11	2
50	12	1
50	13	2
50	14	4
50	15	4
50	16	3
50	17	3
50	18	1
50	19	1
50	20	1
50	21	3
50	23	2
50	24	4
50	25	2
50	27	3
50	28	3
50	30	5
50	31	1
50	34	1
50	37	2
50	38	4
50	39	1
50	40	2
50	41	2
50	42	3
50	43	5
50	45	1
50	46	1
50	47	6
50	48	5
50	49	6
51	1	1
51	3	1
51	4	3
51	5	3
51	6	6
51	7	4
51	8	4
51	9	4
51	10	4
51	11	3
51	12	6
51	13	4
51	14	5
51	15	4
51	16	9
51	17	2
51	18	1
51	19	4
51	20	2
51	21	5
51	22	3
51	23	1
51	24	7
51	25	5
51	27	4
51	28	5
51	29	3
51	30	4
51	31	3
51	32	2
51	33	2
51	34	3
51	35	2
51	37	2
51	38	3
51	39	3
51	40	2
51	41	1
51	42	1
51	43	3
51	44	3
51	46	1
51	47	3
51	48	6
51	49	6
51	50	11
52	2	2
52	3	1
52	4	3
52	5	1
52	6	4
52	7	2
52	8	6
52	9	2
52	10	2
52	11	2
52	12	3
52	13	2
52	14	2
52	15	11
52	16	8
52	17	1
52	18	2
52	19	4
52	20	3
52	21	2
52	22	1
52	24	3
52	26	2
52	27	3
52	30	3
52	31	3
52	32	1
52	34	3
52	35	3
52	36	5
52	39	1
52	40	2
52	42	2
52	43	4
52	44	3
52	46	4
52	47	5
52	48	8
52	49	4
52	50	4
52	51	27
53	2	2
53	3	2
53	4	3
53	6	4
53	7	3
53	8	16
53	9	3
53	10	8
53	11	4
53	12	3
53	13	2
53	14	2
53	15	3
53	16	4
53	17	3
53	18	2
53	19	5
53	21	1
53	22	1
53	23	3
53	24	4
53	25	1
53	26	1
53	27	4
53	28	6
53	29	3
53	30	5
53	31	3
53	32	2
53	33	2
53	34	3
53	35	1
53	36	2
53	38	6
53	39	7
53	40	4
53	41	2
53	42	9
53	43	1
53	44	4
53	46	2
53	47	4
53	48	1
53	49	10
53	50	7
53	51	4
53	52	4
54	0	1
54	3	2
54	4	5
54	5	4
54	6	5
54	7	5
54	8	3
54	9	6
54	11	5
54	12	5
54	13	2
54	14	2
54	15	2
54	16	2
54	17	3
54	18	3
54	19	4
54	20	4
54	21	2
54	22	3
54	23	2
54	24	6
54	25	2
54	26	2
54	27	3
54	28	6
54	29	3
54	30	6
54	31	2
54	33	1
54	34	3
54	35	1
54	36	2
54	37	1
54	38	4
54	39	2
54	40	7
54	41	11
54	42	4
54	43	1
54	44	2
54	46	1
54	47	7
54	48	3
54	49	3
54	50	2
54	51	2
54	52	7
54	53	9
55	0	1
55	1	3
55	3	1
55	4	2
55	5	7
55	6	3
55	7	1
55	8	6
55	10	2
55	11	2
55	12	3
55	13	3
55	14	1
55	15	3
55	17	2
55	18	2
55	19	1
55	20	3
55	21	4
55	23	4
55	24	3
55	25	4
55	27	3
55	28	1
55	30	8
55	31	4
55	33	2
55	34	5
55	35	3
55	36	4
55	37	4
55	38	1
55	39	6
55	40	4
55	42	1
55	44	1
55	45	4
55	46	7
55	47	5
55	48	3
55	49	4
55	50	5
55	51	4
55	52	5
55	53	7
55	54	6
56	1	1
56	3	3
56	4	2
56	6	4
56	7	6
56	8	5
56	9	4
56	11	3
56	12	3
56	13	2
56	14	3
56	15	4
56	16	1
56	17	4
56	18	3
56	19	5
56	20	1
56	23	1
56	24	1
56	25	1
56	28	3
56	31	5
56	32	1
56	33	3
56	34	2
56	35	4
56	36	1
56	37	1
56	38	2
56	39	3
56	40	2
56	41	5
56	42	2
56	43	1
56	44	1
56	46	1
56	47	5
56	48	3
56	49	9
56	50	2
56	51	5
56	52	1
56	53	4
56	54	3
56	55	12
57	2	1
57	3	1
57	4	1
57	5	4
57	6	12
57	7	2
57	8	3
57	9	6
57	10	6
57	11	1
57	12	2
57	13	1
57	14	2
57	15	1
57	16	5
57	17	5
57	19	5
57	20	2
57	21	2
57	22	3
57	23	2
57	24	6
57	25	1
57	26	1
57	27	4
57	28	5
57	29	1
57	30	1
57	31	1
57	32	3
57	33	1
57	34	4
57	35	3
57	37	2
57	38	4
57	39	2
57	40	1
57	41	3
57	42	3
57	44	1
57	46	1
57	47	3
57	48	6
57	49	5
57	50	5
57	51	10
57	52	2
57	53	7
57	54	3
57	55	7
57	56	9
58	0	1
58	1	1
58	3	3
58	4	3
58	5	7
58	6	7
58	7	2
58	8	5
58	9	1
58	10	4
58	11	3
58	12	1
58	13	7
58	14	2
58	15	2
58	16	2
58	18	3
58	19	2
58	20	1
58	21	4
58	22	2
58	23	4
58	24	3
58	26	1
58	27	2
58	28	3
58	30	2
58	31	2
58	32	1
58	33	2
58	34	3
58	37	1
58	38	2
58	39	1
58	40	1
58	41	2
58	42	2
58	43	1
58	45	2
58	46	2
58	47	2
58	48	1
58	49	3
58	50	3
58	51	4
58	52	1
58	53	2
58	54	4
58	55	4
58	56	7
58	57	10
59	2	1
59	3	1
59	4	2
59	5	3
59	6	4
59	8	1
59	9	2
59	12	1
59	13	2
59	14	2
59	15	2
59	16	2
59	17	1
59	18	1
59	19	2
59	22	2
59	24	3
59	25	1
59	26	1
59	27	3
59	28	1
59	30	2
59	31	2
59	33	2
59	34	2
59	36	1
59	38	1
59	40	3
59	41	1
59	43	1
59	44	2
59	45	2
59	46	2
59	47	2
59	49	2
59	50	1
59	51	3
59	52	2
59	53	1
59	54	3
59	55	4
59	56	4
59	57	1
59	58	2
60	0	3
60	1	5
60	2	3
60	7	4
60	8	2
60	9	2
60	10	2
60	11	3
60	13	6
60	15	2
60	16	3
60	20	1
60	21	1
60	22	1
60	25	3
60	30	4
60	31	2
60	32	3
60	33	1
60	34	2
60	35	1
60	36	2
60	38	1
60	40	2
60	41	1
60	42	1
60	43	2
60	44	6
60	45	5
60	46	6
60	47	3
60	48	3
60	49	2
60	51	2
60	52	2
60	53	1
60	54	3
60	56	1
60	57	2
60	58	3
