1	0	6
2	0	4
2	1	9
4	3	8
5	0	1
5	1	1
5	2	1
5	3	4
5	4	11
6	3	3
6	4	4
6	5	2
7	1	1
7	3	1
7	4	1
7	5	1
7	6	14
8	1	2
8	3	2
8	4	3
8	5	3
8	6	13
8	7	6
9	2	1
9	4	2
9	5	3
9	6	1
9	7	6
9	8	7
10	1	1
10	3	2
10	4	1
10	5	7
10	6	3
10	8	6
10	9	10
11	2	1
11	3	2
11	4	3
11	5	1
11	6	1
11	7	1
11	8	4
11	9	8
11	10	13
12	4	2
12	5	4
12	6	4
12	7	2
12	8	8
12	9	7
12	10	19
12	11	13
13	2	1
13	3	1
13	4	2
13	5	2
13	6	2
13	7	3
13	8	6
13	9	10
13	10	9
13	11	6
13	12	5
14	0	1
14	3	3
14	4	1
14	5	2
14	6	1
14	7	1
14	8	3
14	9	2
14	10	2
14	11	3
14	12	3
14	13	5
15	1	1
15	3	1
15	4	2
15	6	5
15	7	6
15	8	5
15	9	5
15	10	3
15	11	6
15	12	4
15	13	5
15	14	16
16	0	2
16	3	1
16	4	3
16	5	1
16	6	3
16	7	4
16	8	5
16	9	6
16	10	3
16	11	1
16	12	3
16	13	10
16	14	6
16	15	17
17	1	1
17	3	5
17	4	4
17	5	3
17	6	4
17	7	3
17	8	4
17	9	3
17	10	3
17	11	2
17	12	2
17	13	6
17	14	3
17	16	3
18	0	1
18	3	3
18	4	6
18	5	1
18	6	2
18	7	2
18	8	3
18	9	1
18	10	1
18	11	1
18	13	5
18	14	2
18	15	1
18	16	2
18	17	7
19	2	1
19	3	4
19	4	3
19	5	5
19	6	2
19	7	9
19	8	5
19	9	3
19	10	1
19	11	1
19	12	3
19	13	2
19	14	3
19	15	3
19	16	1
19	17	10
19	18	18
20	0	1
20	4	1
20	5	3
20	6	2
20	7	1
20	8	1
20	9	3
20	10	4
20	11	2
20	12	1
20	13	2
20	14	8
20	15	4
20	16	3
20	17	2
20	18	4
20	19	2
21	1	1
21	3	2
21	4	2
21	5	1
21	6	2
21	7	5
21	8	1
21	9	3
21	10	2
21	11	3
21	12	3
21	13	5
21	14	4
21	15	4
21	16	2
21	17	8
21	18	3
21	19	7
21	20	2
22	2	1
22	3	1
22	5	6
22	6	1
22	7	1
22	8	4
22	9	5
22	10	1
22	11	2
22	12	2
22	13	4
22	14	2
22	15	4
22	16	3
22	17	12
22	18	5
22	19	5
22	20	5
22	21	3
23	1	1
23	3	3
23	4	3
23	5	2
23	6	2
23	7	2
23	8	5
23	9	3
23	10	6
23	11	5
23	12	1
23	13	2
23	14	4
23	15	1
23	16	1
23	17	4
23	18	5
23	19	7
23	20	2
23	21	6
23	22	11
24	0	2
24	3	5
24	4	5
24	5	4
24	6	6
24	7	1
24	8	16
24	9	5
24	10	2
24	11	4
24	12	6
24	13	4
24	14	1
24	15	7
24	16	6
24	17	5
24	18	3
24	19	5
24	20	5
24	21	4
24	22	4
24	23	10
25	1	3
25	2	2
25	3	4
25	4	3
25	5	2
25	6	3
25	7	2
25	8	4
25	9	2
25	10	3
25	11	1
25	12	4
25	13	3
25	15	5
25	17	5
25	18	3
25	19	2
25	20	3
25	21	2
25	22	6
25	23	10
25	24	3
26	4	5
26	5	4
26	8	3
26	10	3
26	11	2
26	12	3
26	13	1
26	17	1
26	18	2
26	19	2
26	20	1
26	21	1
26	22	2
26	23	2
26	25	8
27	3	3
27	4	1
27	5	5
27	6	2
27	7	1
27	8	7
27	9	6
27	10	8
27	11	2
27	12	4
27	13	3
27	14	4
27	15	4
27	16	6
27	17	4
27	18	3
27	19	1
27	20	4
27	21	3
27	22	4
27	23	2
27	24	4
27	25	6
27	26	1
28	3	2
28	4	6
28	5	2
28	6	4
28	7	3
28	8	9
28	9	4
28	10	6
28	11	5
28	12	5
28	13	2
28	14	2
28	15	2
28	16	6
28	17	7
28	18	2
28	19	1
28	20	1
28	21	1
28	22	4
28	23	2
28	24	9
28	25	1
28	26	2
28	27	8
29	3	3
29	4	1
29	5	1
29	8	7
29	9	1
29	10	3
29	11	1
29	12	1
29	13	3
29	17	2
29	19	3
29	21	1
29	23	3
29	24	3
29	25	2
29	26	3
29	27	2
29	28	11
30	2	2
30	3	2
30	4	2
30	5	2
30	6	1
30	7	3
30	8	3
30	9	4
30	10	1
30	11	4
30	12	2
30	13	5
30	15	4
30	16	1
30	19	1
30	21	3
30	23	2
30	24	3
30	25	1
30	27	4
30	28	2
30	29	1
31	2	1
31	4	1
31	5	2
31	6	2
31	7	1
31	8	4
31	9	2
31	10	7
31	11	3
31	12	1
31	13	2
31	15	2
31	16	2
31	18	4
31	19	2
31	20	3
31	21	2
31	24	1
31	27	2
31	28	1
31	29	4
31	30	6
32	2	2
32	4	1
32	6	2
32	8	3
32	9	5
32	10	1
32	11	1
32	12	1
32	14	3
32	15	1
32	16	1
32	18	2
32	22	2
32	24	2
32	25	1
32	26	1
32	27	3
32	28	4
32	29	3
32	30	9
32	31	5
33	1	3
33	3	1
33	4	1
33	5	2
33	6	1
33	8	1
33	9	1
33	10	2
33	11	5
33	12	1
33	13	2
33	15	1
33	16	2
33	17	3
33	24	4
33	25	4
33	26	2
33	27	1
33	28	3
33	29	4
33	30	3
33	31	7
33	32	11
34	1	1
34	4	1
34	7	2
34	8	3
34	9	3
34	10	2
34	13	2
34	15	1
34	16	1
34	21	1
34	24	1
34	26	2
34	27	1
34	29	3
34	30	3
34	31	5
34	32	5
34	33	12
35	1	2
35	3	2
35	4	3
35	5	2
35	6	1
35	7	4
35	8	4
35	9	3
35	10	5
35	11	7
35	12	2
35	13	6
35	14	4
35	15	3
35	16	2
35	17	2
35	18	2
35	19	2
35	21	2
35	22	2
35	23	5
35	24	1
35	25	7
35	26	2
35	27	7
35	28	4
35	29	2
35	30	5
35	31	2
35	32	4
35	33	1
35	34	1
36	3	2
36	4	3
36	5	1
36	6	4
36	7	6
36	8	1
36	9	2
36	10	5
36	11	3
36	12	6
36	13	2
36	15	2
36	16	2
36	17	1
36	18	1
36	19	3
36	20	1
36	21	1
36	22	5
36	23	3
36	24	2
36	25	5
36	26	2
36	27	1
36	28	1
36	29	1
36	31	1
36	35	11
37	2	1
37	3	3
37	4	2
37	5	2
37	6	1
37	8	5
37	9	1
37	10	7
37	11	4
37	12	1
37	13	3
37	15	2
37	16	1
37	17	5
37	18	2
37	19	1
37	20	1
37	21	1
37	22	6
37	23	2
37	24	1
37	25	7
37	26	3
37	27	7
37	28	6
37	30	3
37	31	4
37	34	2
37	35	11
37	36	3
38	3	1
38	4	2
38	5	1
38	6	6
38	7	1
38	8	4
38	9	2
38	10	6
38	11	9
38	12	3
38	13	2
38	15	1
38	16	1
38	17	4
38	18	2
38	19	4
38	20	3
38	22	1
38	23	2
38	24	6
38	25	4
38	26	3
38	27	11
38	28	7
38	29	1
38	30	6
38	31	1
38	32	3
38	33	4
38	34	3
38	35	15
38	36	6
38	37	18
39	4	3
39	5	2
39	7	2
39	8	5
39	9	3
39	10	4
39	11	6
39	12	4
39	13	4
39	14	2
39	15	2
39	17	1
39	18	4
39	19	2
39	20	1
39	21	3
39	22	1
39	23	2
39	24	4
39	25	1
39	26	5
39	27	7
39	28	4
39	29	3
39	31	1
39	32	3
39	33	2
39	35	6
39	36	5
39	37	7
39	38	4
40	3	2
40	4	3
40	5	6
40	6	1
40	7	1
40	8	6
40	9	1
40	11	1
40	12	3
40	13	2
40	14	1
40	15	2
40	16	1
40	17	2
40	19	3
40	20	1
40	21	4
40	22	1
40	23	1
40	24	1
40	25	3
40	26	4
40	27	4
40	28	10
40	29	9
40	30	5
40	31	4
40	32	3
40	33	3
40	35	9
40	36	6
40	37	5
40	38	4
40	39	2
41	2	1
41	3	3
41	4	3
41	6	3
41	7	1
41	8	7
41	9	2
41	10	4
41	11	7
41	12	1
41	13	1
41	15	2
41	16	2
41	17	1
41	18	2
41	20	1
41	22	2
41	23	1
41	24	2
41	25	2
41	26	2
41	27	5
41	28	9
41	29	8
41	30	7
41	31	2
41	32	2
41	33	2
41	34	2
41	35	1
41	36	3
41	37	1
41	38	8
41	39	3
41	40	8
42	1	1
42	3	1
42	4	2
42	5	1
42	6	1
42	7	1
42	8	1
42	10	1
42	11	4
42	12	4
42	13	2
42	14	1
42	15	2
42	18	3
42	24	1
42	25	1
42	27	2
42	28	5
42	29	3
42	30	10
42	31	9
42	32	2
42	33	5
42	34	3
42	35	4
42	36	2
42	38	3
42	40	1
42	41	3
43	2	2
43	4	2
43	5	4
43	6	2
43	7	1
43	8	1
43	9	1
43	10	1
43	11	1
43	12	1
43	13	4
43	14	3
43	16	1
43	17	1
43	18	2
43	20	2
43	24	3
43	25	1
43	28	3
43	29	3
43	30	5
43	31	1
43	32	4
43	33	7
43	34	4
43	35	2
43	38	1
43	39	1
43	40	2
43	41	4
43	42	6
44	0	2
44	2	2
44	4	2
44	5	2
44	6	1
44	7	2
44	8	5
44	9	2
44	11	1
44	12	2
44	13	4
44	14	3
44	15	2
44	16	1
44	17	1
44	22	3
44	24	1
44	27	1
44	29	1
44	30	3
44	31	1
44	32	2
44	33	8
44	34	2
44	35	3
44	36	1
44	38	2
44	41	1
44	42	3
44	43	12
45	1	4
45	2	2
45	4	1
45	7	1
45	9	1
45	10	2
45	14	2
45	15	1
45	16	1
45	17	1
45	18	1
45	27	3
45	28	3
45	30	4
45	31	3
45	32	9
45	33	3
45	34	6
45	35	3
45	40	1
45	41	2
45	42	3
45	43	5
45	44	8
46	0	1
46	1	2
46	2	3
46	3	1
46	4	3
46	5	1
46	8	2
46	9	1
46	11	5
46	12	3
46	15	1
46	18	2
46	19	1
46	23	1
46	24	2
46	25	1
46	27	1
46	28	2
46	29	1
46	30	3
46	31	4
46	32	5
46	33	5
46	34	2
46	36	2
46	40	2
46	41	2
46	42	4
46	43	1
46	44	2
46	45	7
47	0	1
47	3	3
47	4	3
47	5	2
47	6	5
47	7	1
47	8	4
47	9	2
47	10	1
47	11	2
47	12	3
47	13	2
47	14	1
47	15	3
47	16	3
47	17	3
47	18	1
47	19	1
47	21	1
47	22	1
47	23	2
47	24	3
47	25	3
47	27	4
47	29	1
47	30	6
47	31	2
47	32	4
47	33	5
47	34	1
47	35	3
47	36	3
47	37	4
47	39	2
47	40	4
47	41	2
47	42	1
47	44	3
47	45	1
47	46	5
48	0	1
48	1	1
48	3	1
48	5	3
48	6	1
48	7	2
48	8	2
48	9	2
48	10	2
48	11	3
48	12	6
48	13	3
48	14	1
48	15	2
48	17	1
48	18	4
48	19	1
48	21	1
48	23	2
48	24	1
48	25	1
48	26	1
48	27	5
48	28	1
48	29	3
48	30	7
48	31	1
48	32	1
48	33	2
48	35	3
48	36	3
48	37	3
48	38	4
48	39	1
48	40	3
48	41	3
48	42	5
48	43	3
48	44	2
48	45	1
48	46	1
48	47	12
49	3	4
49	4	4
49	5	2
49	6	10
49	7	13
49	8	17
49	9	12
49	10	6
49	11	4
49	12	11
49	13	5
49	14	1
49	15	3
49	16	6
49	17	3
49	18	4
49	19	2
49	20	6
49	21	4
49	22	5
49	23	1
49	24	4
49	25	4
49	26	1
49	27	3
49	28	5
49	29	1
49	30	4
49	31	4
49	32	2
49	33	3
49	35	4
49	36	2
49	37	1
49	38	6
49	39	8
49	40	5
49	41	7
49	42	3
49	43	3
49	44	4
49	46	3
49	47	6
49	48	8
50	3	2
50	4	3
50	5	2
50	6	5
50	7	8
50	8	9
50	9	1
50	10	2
50	11	1
50	12	5
50	13	2
50	14	2
50	15	4
50	16	3
50	17	3
50	18	1
50	19	1
50	20	1
50	21	2
50	23	4
50	24	4
50	25	3
50	27	1
50	28	2
50	29	2
50	30	4
50	31	1
50	33	1
50	34	3
50	35	3
50	36	2
50	37	1
50	38	1
50	39	1
50	40	1
50	41	1
50	42	4
50	44	2
50	45	2
50	46	1
50	47	5
50	48	2
50	49	7
51	1	3
51	3	2
51	4	4
51	5	1
51	6	4
51	7	7
51	8	10
51	9	3
51	10	1
51	11	2
51	12	5
51	13	4
51	14	4
51	15	5
51	16	9
51	17	1
51	18	4
51	19	1
51	20	2
51	21	3
51	22	3
51	23	1
51	24	6
51	25	4
51	27	2
51	29	1
51	30	2
51	31	3
51	32	7
51	33	4
51	34	2
51	35	2
51	37	1
51	38	1
51	39	1
51	40	3
51	41	3
51	42	5
51	43	4
51	44	1
51	45	1
51	46	2
51	47	3
51	48	6
51	49	8
51	50	7
52	3	1
52	4	2
52	5	2
52	6	3
52	7	5
52	8	10
52	9	2
52	10	2
52	12	3
52	13	5
52	14	1
52	15	6
52	16	6
52	17	3
52	18	2
52	19	2
52	20	1
52	21	3
52	22	2
52	24	2
52	25	3
52	26	1
52	27	4
52	28	5
52	30	2
52	31	2
52	33	1
52	34	1
52	35	1
52	36	2
52	37	1
52	38	4
52	39	2
52	40	2
52	41	3
52	42	2
52	43	4
52	44	1
52	45	2
52	47	4
52	48	4
52	49	7
52	50	6
52	51	20
53	1	1
53	3	2
53	4	2
53	5	3
53	6	1
53	7	2
53	8	7
53	9	3
53	10	3
53	11	8
53	12	4
53	13	2
53	14	1
53	15	2
53	16	2
53	17	3
53	18	3
53	19	4
53	20	1
53	21	3
53	22	2
53	24	3
53	25	1
53	26	2
53	27	6
53	28	5
53	29	2
53	32	3
53	33	3
53	34	3
53	35	4
53	36	3
53	38	6
53	39	1
53	40	5
53	41	3
53	42	4
53	43	2
53	45	2
53	47	6
53	48	5
53	49	12
53	50	2
53	51	6
54	3	2
54	4	3
54	5	6
54	6	6
54	7	1
54	8	4
54	9	2
54	10	1
54	11	3
54	12	5
54	13	4
54	14	3
54	15	3
54	18	4
54	19	1
54	20	3
54	22	2
54	23	5
54	24	6
54	25	1
54	26	2
54	27	3
54	28	6
54	29	8
54	30	2
54	31	3
54	32	2
54	33	3
54	34	8
54	35	3
54	36	2
54	37	2
54	38	2
54	39	4
54	40	4
54	41	8
54	42	3
54	43	2
54	44	2
54	45	1
54	46	1
54	47	3
54	48	10
54	49	5
54	50	5
54	51	4
54	52	3
54	53	6
55	1	2
55	2	1
55	3	1
55	4	2
55	5	5
55	6	4
55	7	6
55	8	9
55	9	5
55	10	4
55	11	3
55	12	4
55	13	1
55	14	4
55	15	6
55	16	4
55	17	2
55	18	1
55	19	2
55	20	1
55	21	1
55	22	1
55	23	1
55	24	3
55	27	3
55	28	5
55	29	4
55	30	1
55	31	5
55	32	2
55	33	5
55	34	2
55	35	4
55	36	2
55	37	3
55	38	7
55	39	5
55	40	3
55	41	3
55	42	1
55	43	3
55	44	4
55	45	4
55	46	2
55	47	6
55	48	1
55	49	6
55	50	4
55	51	4
55	52	5
55	53	9
55	54	12
56	0	2
56	1	1
56	3	5
56	4	2
56	5	3
56	6	2
56	7	2
56	8	5
56	9	7
56	10	3
56	11	1
56	12	2
56	13	2
56	14	2
56	15	3
56	16	1
56	17	2
56	18	3
56	19	2
56	21	3
56	22	1
56	23	1
56	24	3
56	25	4
56	26	1
56	27	2
56	28	5
56	29	1
56	30	4
56	31	3
56	32	2
56	34	6
56	35	4
56	36	5
56	37	1
56	38	2
56	39	4
56	40	1
56	41	2
56	42	5
56	43	6
56	44	3
56	45	1
56	46	3
56	47	8
56	48	3
56	49	6
56	50	4
56	51	3
56	52	3
56	53	4
56	54	5
56	55	15
57	3	2
57	5	4
57	6	8
57	7	2
57	8	4
57	9	2
57	10	4
57	11	1
57	12	5
57	13	2
57	14	1
57	15	1
57	16	1
57	17	4
57	19	3
57	20	2
57	21	2
57	22	2
57	23	3
57	24	4
57	25	3
57	26	1
57	27	3
57	28	3
57	29	4
57	30	1
57	31	3
57	32	3
57	33	1
57	34	3
57	36	2
57	37	3
57	38	3
57	39	5
57	40	2
57	41	1
57	42	2
57	44	2
57	45	2
57	47	3
57	48	1
57	49	4
57	50	3
57	51	1
57	52	5
57	53	4
57	54	2
57	55	10
57	56	3
58	0	2
58	3	3
58	4	2
58	5	2
58	6	2
58	7	3
58	8	10
58	9	2
58	10	2
58	12	3
58	13	2
58	14	2
58	15	1
58	17	3
58	18	4
58	19	2
58	20	1
58	21	1
58	23	1
58	24	3
58	27	2
58	28	2
58	30	1
58	31	2
58	33	3
58	34	3
58	35	2
58	36	1
58	37	1
58	38	1
58	39	2
58	40	2
58	42	2
58	44	2
58	45	1
58	46	1
58	48	4
58	49	2
58	50	3
58	51	2
58	52	2
58	53	3
58	54	6
58	55	14
58	56	7
58	57	11
59	2	3
59	3	4
59	4	2
59	5	1
59	6	7
59	8	1
59	9	3
59	12	2
59	13	3
59	14	2
59	15	5
59	16	1
59	17	2
59	18	1
59	19	3
59	22	1
59	26	1
59	27	1
59	28	2
59	29	1
59	30	1
59	31	2
59	33	1
59	34	3
59	35	1
59	36	1
59	38	2
59	39	1
59	43	1
59	44	4
59	45	1
59	46	1
59	47	1
59	49	1
59	50	1
59	51	2
59	52	4
59	53	2
59	54	5
59	55	3
59	56	1
59	57	4
59	58	2
60	1	5
60	2	3
60	4	1
60	5	1
60	7	4
60	8	2
60	9	2
60	10	1
60	11	4
60	12	1
60	15	2
60	21	2
60	25	2
60	27	1
60	28	3
60	30	4
60	31	2
60	32	5
60	33	2
60	34	2
60	38	4
60	39	2
60	40	3
60	43	4
60	44	2
60	45	1
60	46	9
60	47	2
60	48	2
60	49	3
60	51	3
60	52	4
60	53	2
60	54	2
60	55	1
60	56	4
60	57	4
60	58	1
60	59	2
