1	0	3
2	0	6
2	1	12
4	1	2
4	3	11
5	1	2
5	3	3
5	4	7
6	3	4
6	4	4
6	5	4
7	1	2
7	3	2
7	4	3
7	5	5
7	6	12
8	0	1
8	2	2
8	3	5
8	4	2
8	5	5
8	6	7
8	7	11
9	0	1
9	2	2
9	3	2
9	4	1
9	5	1
9	6	3
9	7	6
9	8	9
10	2	1
10	3	1
10	4	4
10	5	4
10	6	5
10	7	4
10	8	5
10	9	11
11	2	1
11	3	4
11	4	1
11	5	4
11	6	1
11	7	5
11	8	5
11	9	12
11	10	16
12	1	1
12	3	2
12	4	2
12	5	5
12	7	2
12	8	4
12	9	8
12	10	13
12	11	9
13	1	1
13	3	4
13	5	4
13	6	5
13	7	4
13	8	6
13	9	4
13	10	15
13	11	7
13	12	6
14	3	1
14	4	1
14	5	6
14	6	1
14	7	6
14	8	4
14	9	3
14	10	5
14	11	4
14	12	3
14	13	5
15	1	1
15	3	1
15	4	4
15	5	2
15	6	1
15	7	1
15	8	7
15	9	2
15	10	4
15	11	1
15	12	1
15	13	10
15	14	10
16	1	2
16	3	2
16	4	2
16	5	1
16	6	1
16	7	5
16	8	6
16	9	5
16	10	3
16	11	2
16	12	7
16	13	8
16	14	5
16	15	13
17	1	1
17	3	3
17	4	3
17	5	5
17	6	6
17	7	4
17	8	5
17	9	1
17	10	6
17	12	3
17	13	2
17	14	2
17	16	8
18	3	4
18	4	9
18	5	3
18	6	1
18	7	2
18	8	5
18	9	1
18	10	2
18	11	3
18	12	2
18	13	1
18	14	1
18	15	1
18	16	1
18	17	7
19	3	4
19	4	6
19	5	3
19	6	3
19	8	2
19	9	2
19	10	3
19	11	2
19	12	1
19	13	2
19	14	5
19	15	4
19	16	1
19	17	7
19	18	9
20	0	1
20	3	5
20	4	1
20	5	1
20	6	1
20	7	4
20	8	2
20	9	1
20	10	2
20	13	1
20	14	3
20	15	3
20	16	5
20	17	4
20	18	3
20	19	2
21	0	1
21	2	1
21	3	5
21	4	2
21	6	3
21	7	1
21	8	2
21	9	2
21	10	1
21	11	2
21	12	1
21	13	5
21	14	7
21	15	5
21	16	2
21	17	6
21	18	5
21	19	5
21	20	7
22	2	2
22	3	3
22	4	4
22	5	1
22	6	3
22	7	4
22	8	4
22	9	5
22	10	3
22	11	4
22	12	4
22	13	1
22	14	1
22	15	1
22	16	3
22	17	6
22	18	4
22	19	5
22	20	6
22	21	3
23	1	1
23	4	4
23	5	3
23	6	5
23	7	5
23	8	3
23	9	4
23	10	7
23	11	2
23	12	2
23	13	5
23	14	1
23	16	1
23	17	4
23	18	2
23	19	2
23	20	2
23	21	2
23	22	8
24	0	2
24	3	4
24	4	3
24	5	6
24	6	10
24	7	3
24	8	2
24	9	4
24	10	4
24	11	4
24	12	4
24	13	4
24	14	3
24	15	8
24	16	4
24	17	5
24	18	4
24	19	5
24	20	3
24	21	7
24	22	3
24	23	6
25	0	1
25	1	1
25	2	1
25	3	2
25	4	2
25	5	3
25	6	4
25	7	2
25	8	4
25	9	4
25	10	5
25	11	6
25	12	1
25	13	2
25	14	4
25	15	1
25	16	3
25	17	3
25	18	6
25	19	2
25	20	2
25	21	1
25	22	8
25	23	1
25	24	4
26	3	2
26	4	2
26	5	1
26	8	2
26	9	2
26	11	1
26	12	1
26	13	1
26	14	1
26	17	4
26	18	2
26	19	3
26	20	4
26	22	2
26	23	1
26	24	2
26	25	2
27	1	1
27	3	1
27	4	4
27	5	3
27	6	1
27	7	2
27	8	5
27	9	7
27	10	1
27	11	5
27	12	5
27	13	2
27	14	3
27	15	1
27	16	3
27	17	4
27	18	1
27	19	2
27	20	2
27	21	2
27	22	4
27	23	2
27	24	6
27	25	6
27	26	3
28	2	3
28	3	6
28	4	6
28	5	4
28	6	2
28	7	6
28	8	3
28	9	2
28	10	4
28	11	1
28	12	4
28	13	3
28	14	3
28	15	2
28	17	2
28	18	2
28	19	3
28	20	2
28	21	6
28	22	5
28	23	1
28	24	5
28	25	3
28	26	1
28	27	13
29	3	3
29	4	1
29	5	4
29	6	1
29	7	2
29	8	1
29	9	3
29	10	3
29	11	1
29	13	1
29	14	1
29	15	3
29	19	1
29	21	3
29	23	2
29	24	4
29	25	1
29	26	2
29	27	9
29	28	12
30	3	1
30	4	3
30	5	4
30	6	3
30	7	3
30	8	8
30	9	7
30	10	4
30	11	4
30	12	3
30	14	2
30	15	3
30	17	1
30	18	3
30	19	3
30	21	1
30	23	1
30	24	1
30	25	1
30	27	2
30	28	2
30	29	2
31	2	1
31	3	2
31	4	1
31	5	4
31	8	2
31	9	1
31	10	3
31	11	1
31	12	2
31	13	1
31	15	1
31	18	3
31	20	1
31	21	1
31	22	3
31	24	3
31	25	3
31	27	3
31	28	6
31	29	4
31	30	8
32	2	1
32	5	1
32	8	2
32	9	1
32	10	2
32	11	1
32	12	1
32	15	2
32	16	1
32	17	2
32	19	5
32	23	1
32	24	1
32	25	1
32	26	2
32	27	4
32	28	5
32	30	9
32	31	4
33	0	1
33	1	2
33	2	3
33	3	2
33	4	4
33	5	1
33	6	1
33	7	1
33	8	1
33	9	5
33	10	3
33	11	3
33	12	3
33	13	3
33	15	2
33	16	1
33	17	1
33	22	1
33	23	3
33	24	1
33	27	1
33	28	3
33	29	3
33	30	8
33	31	7
33	32	7
34	1	1
34	2	1
34	4	3
34	6	1
34	7	1
34	8	3
34	9	1
34	10	2
34	12	2
34	13	1
34	15	1
34	16	1
34	17	3
34	20	2
34	21	3
34	24	1
34	25	4
34	27	4
34	28	3
34	29	2
34	30	2
34	31	9
34	32	7
34	33	13
35	1	1
35	2	3
35	3	1
35	4	2
35	5	4
35	6	1
35	7	3
35	8	1
35	9	6
35	10	10
35	11	5
35	12	5
35	13	1
35	14	2
35	15	3
35	16	4
35	17	2
35	18	1
35	19	4
35	20	1
35	21	2
35	22	1
35	23	4
35	24	6
35	25	10
35	26	2
35	27	7
35	28	3
35	29	1
35	30	2
35	31	2
35	33	3
35	34	5
36	3	3
36	4	1
36	5	2
36	6	2
36	8	1
36	9	10
36	10	6
36	11	4
36	12	5
36	13	5
36	14	5
36	15	2
36	16	6
36	17	1
36	18	1
36	19	2
36	20	2
36	21	5
36	22	4
36	23	4
36	24	5
36	25	3
36	26	2
36	27	2
36	28	1
36	30	1
36	31	5
36	33	1
36	35	11
37	2	2
37	4	5
37	5	3
37	6	3
37	7	1
37	8	2
37	9	3
37	10	5
37	11	3
37	12	6
37	13	3
37	14	1
37	15	6
37	17	2
37	18	1
37	19	4
37	20	1
37	21	2
37	22	5
37	23	4
37	24	3
37	25	9
37	26	2
37	27	10
37	28	2
37	29	2
37	30	1
37	33	3
37	34	1
37	35	17
37	36	8
38	0	1
38	1	1
38	2	3
38	4	3
38	5	3
38	6	2
38	7	2
38	8	2
38	9	3
38	10	1
38	11	13
38	12	7
38	13	3
38	15	2
38	16	3
38	17	3
38	18	3
38	19	1
38	20	3
38	22	4
38	23	2
38	24	3
38	25	8
38	26	2
38	27	7
38	28	5
38	29	5
38	30	3
38	32	4
38	33	2
38	34	3
38	35	17
38	36	5
38	37	12
39	0	2
39	3	1
39	5	2
39	6	1
39	7	3
39	8	2
39	10	3
39	11	5
39	12	1
39	13	5
39	15	1
39	16	2
39	17	1
39	19	1
39	21	2
39	22	2
39	23	3
39	24	3
39	25	7
39	26	1
39	27	5
39	29	7
39	30	4
39	32	1
39	33	2
39	35	9
39	36	2
39	37	8
39	38	16
40	0	1
40	1	1
40	3	2
40	4	4
40	5	3
40	6	3
40	7	1
40	8	4
40	9	1
40	10	5
40	11	6
40	12	2
40	13	2
40	15	3
40	16	1
40	17	4
40	18	2
40	19	1
40	21	1
40	23	3
40	24	1
40	25	5
40	26	4
40	27	5
40	28	7
40	29	7
40	30	2
40	31	4
40	32	3
40	33	2
40	34	1
40	35	3
40	36	5
40	37	6
40	38	9
40	39	5
41	2	1
41	3	2
41	4	1
41	5	4
41	6	3
41	7	5
41	8	6
41	9	1
41	10	4
41	11	3
41	12	6
41	13	3
41	14	1
41	15	2
41	17	2
41	18	2
41	19	1
41	21	3
41	22	2
41	23	2
41	24	1
41	25	5
41	26	2
41	27	4
41	28	5
41	29	3
41	30	3
41	31	3
41	32	3
41	33	2
41	34	4
41	35	3
41	36	2
41	37	4
41	38	5
41	39	1
41	40	8
42	0	3
42	1	1
42	3	1
42	4	3
42	5	3
42	7	1
42	8	3
42	9	2
42	10	3
42	11	3
42	12	1
42	13	1
42	14	2
42	15	2
42	16	2
42	18	1
42	20	2
42	21	2
42	22	1
42	25	1
42	27	6
42	28	5
42	29	2
42	30	9
42	31	8
42	32	6
42	33	3
42	34	4
42	35	2
42	36	2
42	37	1
42	39	2
42	40	2
42	41	3
43	2	4
43	4	1
43	5	1
43	6	2
43	7	1
43	8	5
43	9	1
43	10	1
43	11	2
43	12	3
43	13	2
43	15	2
43	17	1
43	18	2
43	20	3
43	25	3
43	27	3
43	28	3
43	29	4
43	30	3
43	31	6
43	32	4
43	33	5
43	34	5
43	35	1
43	37	3
43	38	1
43	39	1
43	40	2
43	41	3
43	42	1
44	0	2
44	1	1
44	4	1
44	6	1
44	7	1
44	8	4
44	9	3
44	10	4
44	11	2
44	12	1
44	13	4
44	17	3
44	22	2
44	24	1
44	27	1
44	28	2
44	30	2
44	31	1
44	32	2
44	33	6
44	34	5
44	38	3
44	40	3
44	41	3
44	42	3
44	43	5
45	1	1
45	2	1
45	3	2
45	4	2
45	7	1
45	9	2
45	14	2
45	16	1
45	17	1
45	18	1
45	25	1
45	27	2
45	28	2
45	30	4
45	31	3
45	32	4
45	33	4
45	34	3
45	38	2
45	39	2
45	40	1
45	41	3
45	42	2
45	43	3
45	44	12
46	0	2
46	1	4
46	2	1
46	3	1
46	4	3
46	6	5
46	8	2
46	9	5
46	10	1
46	11	4
46	12	3
46	13	2
46	15	1
46	20	1
46	23	1
46	24	2
46	27	5
46	29	3
46	30	5
46	31	2
46	32	3
46	33	5
46	34	5
46	36	2
46	38	2
46	39	1
46	40	2
46	41	5
46	42	2
46	43	7
46	44	2
46	45	13
47	2	1
47	3	1
47	4	1
47	5	1
47	6	4
47	7	2
47	8	4
47	9	6
47	10	1
47	11	5
47	12	2
47	13	6
47	14	3
47	15	1
47	16	5
47	17	4
47	18	3
47	20	4
47	21	3
47	22	2
47	23	1
47	24	4
47	25	1
47	27	3
47	28	4
47	29	3
47	30	5
47	31	1
47	32	1
47	33	2
47	34	4
47	35	3
47	36	2
47	37	1
47	38	1
47	39	2
47	40	4
47	41	3
47	42	3
47	43	7
47	45	3
47	46	4
48	0	1
48	1	1
48	2	1
48	3	2
48	4	1
48	5	2
48	6	4
48	7	3
48	8	8
48	9	6
48	10	2
48	11	5
48	12	13
48	13	2
48	14	1
48	15	3
48	16	2
48	17	2
48	18	1
48	20	1
48	22	1
48	24	4
48	25	4
48	27	3
48	28	1
48	29	2
48	30	5
48	31	1
48	32	2
48	33	1
48	34	3
48	35	2
48	36	5
48	37	1
48	38	1
48	39	1
48	40	1
48	43	1
48	44	1
48	45	1
48	46	1
48	47	4
49	2	1
49	3	2
49	4	2
49	5	5
49	6	7
49	7	7
49	8	12
49	9	9
49	10	10
49	11	3
49	12	9
49	13	9
49	14	4
49	15	3
49	16	5
49	17	4
49	18	2
49	19	4
49	20	3
49	21	4
49	23	5
49	24	6
49	25	1
49	26	2
49	27	9
49	28	4
49	29	3
49	30	3
49	32	3
49	33	5
49	34	7
49	35	6
49	36	7
49	37	9
49	38	5
49	39	4
49	40	7
49	41	4
49	42	1
49	43	2
49	44	2
49	45	2
49	46	1
49	47	7
49	48	13
50	2	1
50	3	2
50	4	1
50	5	2
50	6	7
50	7	7
50	8	9
50	9	2
50	10	3
50	11	1
50	12	5
50	13	4
50	14	1
50	15	4
50	16	3
50	18	4
50	20	1
50	21	2
50	22	1
50	23	2
50	24	2
50	25	2
50	27	2
50	28	2
50	29	2
50	30	3
50	33	2
50	35	2
50	36	2
50	37	2
50	38	4
50	39	1
50	40	2
50	42	2
50	43	1
50	46	2
50	47	3
50	48	2
50	49	8
51	1	2
51	3	1
51	4	6
51	5	2
51	6	6
51	7	6
51	8	3
51	9	8
51	11	4
51	12	4
51	13	4
51	14	1
51	15	10
51	16	5
51	17	1
51	18	4
51	19	3
51	20	3
51	21	5
51	22	1
51	23	3
51	24	4
51	27	5
51	28	3
51	29	2
51	30	2
51	31	2
51	32	1
51	33	2
51	34	1
51	35	6
51	37	4
51	38	1
51	39	2
51	40	5
51	41	4
51	42	3
51	43	1
51	44	2
51	45	1
51	46	1
51	47	2
51	48	5
51	49	8
51	50	8
52	2	2
52	3	3
52	4	2
52	5	4
52	6	6
52	7	4
52	8	3
52	9	2
52	10	2
52	11	3
52	12	4
52	13	6
52	14	5
52	15	7
52	16	7
52	17	2
52	18	4
52	19	3
52	20	2
52	21	3
52	22	1
52	23	1
52	24	3
52	25	2
52	26	1
52	27	3
52	28	4
52	29	1
52	30	3
52	31	3
52	33	2
52	34	1
52	35	2
52	36	1
52	37	1
52	38	3
52	39	1
52	40	3
52	41	1
52	42	4
52	43	4
52	44	2
52	47	8
52	48	4
52	49	4
52	50	6
52	51	15
53	2	2
53	3	3
53	4	5
53	5	2
53	6	3
53	7	2
53	8	10
53	9	4
53	10	2
53	11	4
53	12	2
53	13	7
53	15	3
53	16	1
53	17	3
53	18	3
53	21	1
53	22	5
53	23	1
53	24	2
53	25	1
53	26	4
53	28	7
53	29	5
53	30	1
53	31	5
53	32	5
53	33	3
53	34	4
53	35	2
53	36	2
53	37	3
53	39	4
53	40	3
53	41	8
53	42	5
53	43	2
53	44	2
53	45	3
53	46	1
53	47	4
53	48	8
53	49	9
53	50	3
53	52	4
54	3	3
54	4	2
54	5	4
54	6	6
54	7	3
54	8	8
54	9	4
54	10	4
54	11	1
54	12	5
54	13	3
54	14	2
54	15	2
54	16	1
54	17	2
54	18	1
54	20	1
54	23	3
54	24	3
54	25	3
54	26	5
54	27	1
54	28	2
54	29	2
54	30	3
54	31	4
54	32	2
54	33	2
54	34	6
54	35	3
54	36	2
54	37	4
54	38	3
54	39	2
54	40	6
54	41	5
54	42	5
54	43	8
54	44	3
54	45	1
54	46	2
54	47	2
54	48	3
54	49	9
54	50	3
54	51	5
54	52	2
54	53	11
55	1	1
55	3	2
55	4	3
55	5	2
55	6	6
55	7	7
55	8	6
55	10	8
55	11	2
55	12	6
55	13	1
55	14	1
55	17	2
55	18	3
55	19	2
55	20	1
55	21	1
55	22	3
55	23	2
55	24	2
55	27	2
55	28	2
55	29	5
55	30	3
55	31	2
55	32	6
55	33	5
55	34	1
55	35	6
55	36	5
55	37	1
55	38	5
55	39	5
55	40	2
55	41	3
55	42	6
55	43	4
55	44	5
55	45	1
55	46	5
55	47	5
55	48	1
55	49	7
55	50	7
55	51	6
55	52	5
55	53	7
55	54	8
56	3	5
56	4	3
56	5	3
56	6	3
56	7	4
56	8	5
56	9	3
56	10	3
56	11	2
56	12	2
56	13	3
56	14	1
56	15	1
56	16	1
56	17	2
56	18	3
56	19	2
56	23	1
56	24	2
56	25	2
56	27	2
56	28	4
56	29	2
56	30	3
56	31	4
56	32	1
56	33	4
56	35	3
56	36	3
56	37	1
56	38	3
56	40	1
56	41	4
56	42	2
56	43	8
56	44	2
56	45	2
56	46	2
56	47	7
56	48	3
56	49	4
56	50	4
56	51	10
56	52	4
56	53	4
56	54	5
56	55	10
57	2	1
57	3	2
57	4	5
57	5	8
57	6	8
57	7	2
57	8	5
57	9	5
57	10	5
57	12	2
57	13	4
57	14	2
57	15	3
57	16	1
57	17	3
57	18	3
57	19	2
57	20	1
57	21	1
57	22	3
57	23	2
57	24	7
57	25	1
57	26	1
57	27	2
57	28	3
57	29	1
57	30	1
57	31	3
57	32	2
57	33	3
57	34	1
57	35	5
57	36	1
57	37	1
57	38	5
57	39	2
57	40	5
57	41	7
57	42	3
57	43	1
57	44	3
57	45	1
57	46	1
57	47	5
57	48	6
57	49	2
57	50	8
57	51	2
57	52	5
57	53	3
57	54	6
57	55	7
57	56	4
58	3	1
58	4	2
58	5	1
58	6	4
58	7	2
58	8	8
58	9	3
58	10	4
58	11	1
58	12	4
58	13	2
58	15	3
58	16	4
58	17	1
58	18	3
58	19	4
58	20	1
58	21	2
58	22	5
58	24	1
58	25	2
58	26	2
58	27	5
58	28	3
58	29	2
58	30	1
58	31	5
58	33	2
58	34	4
58	35	1
58	37	1
58	38	1
58	39	1
58	40	3
58	41	1
58	42	2
58	43	2
58	44	2
58	46	4
58	47	4
58	48	1
58	49	4
58	50	2
58	51	2
58	52	3
58	53	3
58	54	5
58	55	8
58	56	8
58	57	20
59	0	1
59	3	1
59	4	3
59	5	5
59	6	3
59	7	1
59	8	1
59	9	1
59	10	3
59	12	1
59	13	2
59	15	2
59	16	1
59	17	2
59	18	3
59	19	1
59	22	1
59	24	2
59	26	3
59	28	2
59	29	4
59	30	2
59	31	2
59	33	1
59	34	2
59	35	1
59	36	2
59	38	1
59	39	2
59	40	2
59	41	2
59	43	2
59	44	1
59	45	2
59	46	1
59	47	3
59	49	2
59	50	2
59	51	3
59	52	1
59	53	2
59	54	2
59	55	1
59	56	2
59	57	2
59	58	5
60	0	2
60	1	3
60	2	5
60	5	3
60	7	2
60	8	1
60	9	2
60	10	2
60	11	1
60	12	1
60	16	1
60	17	1
60	20	1
60	22	1
60	25	1
60	27	1
60	28	2
60	30	4
60	31	1
60	33	2
60	34	1
60	35	1
60	36	1
60	38	2
60	40	2
60	41	1
60	43	3
60	44	1
60	45	1
60	46	9
60	48	2
60	49	2
60	51	2
60	52	3
60	53	1
60	54	3
60	55	1
60	56	2
60	57	2
60	58	2
60	59	1
