1	0	9
2	0	7
2	1	9
4	1	2
4	3	13
5	0	4
5	1	1
5	3	6
5	4	9
6	1	1
6	4	3
6	5	3
7	3	2
7	4	3
7	5	2
7	6	9
8	0	1
8	3	1
8	4	2
8	5	4
8	6	12
8	7	12
9	0	1
9	2	3
9	3	4
9	4	1
9	5	1
9	6	1
9	7	7
9	8	11
10	1	2
10	3	3
10	4	3
10	6	2
10	7	1
10	8	11
10	9	12
11	3	2
11	7	2
11	8	2
11	9	9
11	10	19
12	3	1
12	4	2
12	5	3
12	6	1
12	7	2
12	8	4
12	9	9
12	10	16
12	11	8
13	1	2
13	3	2
13	4	5
13	5	4
13	6	3
13	7	2
13	8	7
13	9	9
13	10	13
13	11	2
13	12	3
14	1	1
14	3	2
14	4	2
14	5	2
14	7	6
14	8	1
14	9	2
14	10	4
14	11	4
14	12	5
14	13	4
15	4	4
15	5	2
15	6	1
15	7	1
15	8	5
15	9	2
15	10	6
15	11	4
15	12	1
15	13	5
15	14	14
16	0	1
16	3	1
16	4	1
16	6	8
16	7	2
16	8	1
16	9	4
16	10	3
16	11	4
16	12	2
16	13	12
16	14	4
16	15	12
17	3	5
17	4	5
17	5	4
17	6	4
17	7	4
17	8	1
17	9	2
17	10	3
17	11	1
17	12	3
17	13	7
17	14	2
17	15	2
17	16	2
18	3	12
18	4	3
18	5	3
18	6	2
18	7	5
18	8	4
18	9	3
18	10	2
18	11	5
18	13	4
18	14	1
18	15	4
18	17	13
19	1	3
19	2	2
19	3	8
19	4	3
19	5	3
19	7	3
19	8	2
19	9	2
19	10	1
19	11	1
19	12	1
19	13	1
19	14	2
19	15	4
19	16	4
19	17	9
19	18	15
20	3	6
20	4	1
20	5	1
20	7	1
20	8	3
20	9	3
20	10	3
20	12	4
20	14	2
20	15	7
20	16	5
20	17	3
20	18	4
20	19	6
21	0	1
21	3	3
21	4	2
21	5	1
21	6	1
21	7	4
21	8	4
21	9	3
21	10	5
21	11	5
21	12	1
21	13	3
21	14	6
21	15	4
21	16	2
21	18	4
21	19	6
21	20	14
22	3	3
22	4	6
22	5	2
22	6	2
22	7	2
22	8	2
22	9	3
22	10	5
22	11	2
22	12	3
22	13	1
22	14	3
22	15	2
22	16	1
22	17	14
22	18	2
22	19	4
22	20	4
22	21	3
23	3	4
23	4	4
23	5	1
23	6	1
23	8	2
23	9	1
23	10	2
23	11	2
23	13	3
23	14	2
23	15	2
23	16	1
23	17	9
23	18	2
23	19	4
23	20	2
23	22	10
24	3	7
24	4	4
24	6	5
24	7	9
24	8	9
24	9	5
24	10	5
24	11	3
24	12	4
24	13	2
24	14	2
24	15	3
24	16	1
24	17	2
24	18	6
24	19	4
24	20	1
24	21	10
24	22	2
24	23	6
25	1	1
25	3	3
25	4	5
25	5	5
25	6	4
25	7	3
25	8	1
25	9	3
25	10	2
25	11	2
25	12	3
25	13	5
25	14	3
25	16	3
25	17	4
25	18	2
25	19	4
25	20	7
25	21	3
25	22	8
25	23	6
25	24	3
26	4	2
26	5	1
26	8	1
26	10	2
26	11	2
26	12	1
26	13	1
26	15	3
26	17	3
26	18	2
26	19	4
26	20	1
26	21	1
26	24	1
26	25	4
27	3	5
27	4	4
27	5	3
27	6	4
27	7	2
27	8	6
27	9	4
27	10	6
27	11	11
27	12	4
27	13	4
27	14	4
27	15	1
27	16	3
27	17	5
27	18	2
27	19	2
27	20	4
27	21	2
27	22	3
27	23	5
27	24	3
27	25	5
27	26	2
28	2	1
28	3	6
28	4	3
28	5	2
28	6	1
28	7	1
28	8	7
28	9	2
28	10	6
28	11	6
28	12	9
28	13	3
28	14	1
28	15	4
28	16	1
28	17	2
28	18	4
28	19	2
28	21	2
28	22	1
28	23	4
28	24	4
28	25	2
28	26	3
28	27	13
29	0	1
29	3	2
29	5	2
29	6	3
29	7	4
29	8	3
29	10	1
29	11	2
29	12	2
29	17	1
29	19	1
29	22	5
29	23	2
29	24	4
29	25	5
29	26	1
29	27	5
29	28	11
30	1	1
30	2	1
30	3	2
30	5	1
30	6	4
30	7	1
30	8	1
30	9	2
30	10	1
30	11	4
30	12	5
30	13	1
30	14	1
30	15	2
30	17	4
30	18	2
30	21	1
30	23	2
30	25	3
30	27	4
30	28	4
31	1	3
31	4	2
31	5	1
31	6	1
31	8	6
31	9	5
31	10	2
31	12	4
31	13	4
31	15	3
31	18	2
31	19	2
31	20	3
31	22	1
31	23	1
31	24	2
31	25	3
31	27	3
31	28	2
31	29	2
31	30	10
32	2	1
32	4	1
32	6	1
32	8	3
32	9	1
32	10	3
32	11	2
32	12	2
32	17	3
32	19	2
32	21	1
32	22	2
32	24	2
32	26	2
32	27	2
32	28	3
32	30	3
32	31	4
33	0	2
33	1	1
33	4	1
33	5	4
33	6	4
33	7	2
33	9	2
33	10	3
33	11	1
33	12	2
33	13	4
33	15	1
33	22	1
33	23	2
33	25	2
33	27	6
33	28	2
33	29	2
33	30	9
33	31	2
33	32	6
34	0	1
34	1	2
34	2	1
34	4	2
34	5	2
34	6	2
34	7	5
34	8	4
34	10	2
34	11	1
34	12	3
34	13	1
34	15	4
34	17	3
34	23	1
34	24	5
34	25	2
34	26	2
34	27	3
34	28	1
34	29	4
34	30	6
34	31	10
34	32	5
34	33	11
35	3	4
35	4	1
35	5	3
35	6	4
35	7	1
35	8	6
35	9	7
35	10	7
35	11	7
35	12	2
35	13	6
35	14	3
35	15	2
35	16	2
35	17	5
35	18	4
35	19	1
35	21	3
35	22	5
35	23	2
35	24	3
35	25	6
35	26	7
35	27	4
35	28	1
35	29	3
35	30	3
35	31	1
35	32	1
35	33	4
35	34	1
36	3	2
36	4	2
36	5	3
36	7	4
36	8	2
36	9	6
36	10	7
36	11	5
36	12	7
36	13	6
36	14	4
36	15	2
36	16	3
36	17	1
36	18	3
36	20	2
36	21	3
36	22	4
36	23	3
36	24	1
36	25	3
36	26	3
36	27	4
36	28	4
36	29	1
36	31	2
36	33	1
36	35	9
37	2	1
37	3	1
37	5	3
37	6	3
37	7	1
37	8	4
37	9	2
37	10	3
37	11	2
37	12	3
37	13	4
37	14	5
37	15	5
37	16	2
37	17	3
37	18	1
37	19	4
37	20	3
37	22	1
37	23	1
37	24	6
37	25	3
37	26	4
37	27	9
37	28	6
37	29	3
37	30	2
37	33	3
37	34	2
37	35	13
37	36	3
38	0	2
38	1	1
38	2	1
38	3	5
38	4	2
38	5	1
38	6	3
38	7	2
38	8	2
38	9	4
38	10	8
38	11	2
38	12	3
38	13	4
38	14	1
38	16	1
38	17	2
38	19	1
38	20	1
38	21	1
38	22	2
38	23	5
38	24	5
38	25	5
38	26	4
38	27	6
38	28	5
38	29	3
38	30	4
38	31	3
38	32	1
38	33	3
38	34	1
38	35	15
38	36	4
38	37	13
39	3	2
39	5	2
39	6	1
39	8	2
39	9	2
39	10	6
39	11	2
39	12	4
39	13	2
39	14	1
39	15	3
39	16	1
39	17	3
39	18	6
39	19	3
39	20	3
39	21	1
39	22	4
39	23	1
39	24	5
39	25	6
39	26	4
39	27	5
39	28	2
39	29	1
39	30	1
39	31	1
39	32	3
39	33	2
39	34	2
39	35	5
39	36	2
39	37	4
39	38	14
40	0	1
40	3	2
40	4	2
40	5	3
40	6	1
40	7	2
40	8	4
40	9	1
40	10	5
40	11	4
40	12	5
40	13	5
40	14	3
40	15	1
40	16	2
40	17	1
40	18	2
40	19	1
40	20	1
40	21	4
40	23	3
40	24	5
40	25	4
40	26	3
40	27	5
40	28	8
40	29	6
40	30	2
40	31	6
40	32	2
40	33	1
40	34	4
40	35	3
40	36	5
40	37	6
40	38	5
40	39	9
41	1	1
41	2	4
41	3	1
41	4	1
41	5	1
41	6	2
41	7	3
41	8	4
41	9	1
41	10	3
41	11	4
41	12	1
41	13	3
41	14	2
41	15	1
41	17	1
41	18	2
41	19	1
41	20	2
41	21	3
41	22	1
41	23	3
41	24	2
41	25	3
41	26	2
41	27	4
41	28	3
41	29	8
41	30	6
41	31	6
41	32	4
41	33	5
41	34	1
41	35	2
41	36	5
41	37	3
41	38	9
41	39	5
41	40	6
42	4	4
42	6	4
42	7	5
42	8	5
42	9	1
42	10	1
42	11	2
42	12	3
42	13	2
42	14	1
42	15	2
42	16	3
42	17	1
42	18	1
42	20	1
42	22	1
42	24	4
42	25	3
42	27	1
42	28	4
42	29	1
42	30	5
42	31	2
42	32	1
42	33	2
42	34	5
42	36	3
42	37	1
42	38	2
42	39	5
42	40	2
42	41	6
43	2	4
43	4	2
43	5	2
43	6	1
43	8	1
43	9	3
43	10	4
43	11	3
43	12	4
43	13	2
43	14	1
43	15	1
43	16	2
43	18	2
43	19	1
43	24	3
43	25	1
43	28	1
43	29	3
43	30	4
43	31	6
43	32	4
43	33	8
43	34	10
43	38	5
43	39	1
43	40	3
43	41	5
43	42	3
44	0	2
44	2	2
44	4	3
44	5	1
44	6	2
44	7	1
44	9	2
44	10	2
44	12	2
44	13	3
44	14	1
44	15	1
44	16	1
44	17	1
44	20	3
44	22	1
44	23	1
44	24	2
44	27	4
44	28	2
44	29	2
44	30	4
44	31	2
44	32	5
44	33	6
44	34	4
44	35	2
44	36	2
44	38	2
44	40	2
44	42	1
44	43	12
45	1	3
45	2	1
45	7	1
45	8	3
45	10	3
45	12	1
45	16	1
45	17	3
45	27	3
45	28	3
45	30	1
45	31	4
45	32	4
45	33	3
45	34	6
45	35	1
45	38	1
45	39	1
45	41	1
45	42	2
45	43	5
45	44	13
46	1	1
46	2	2
46	4	3
46	5	3
46	6	1
46	8	3
46	10	3
46	11	1
46	12	1
46	13	2
46	19	1
46	23	1
46	25	1
46	27	3
46	28	1
46	30	3
46	31	9
46	32	4
46	33	8
46	34	3
46	35	2
46	36	2
46	38	6
46	39	1
46	40	1
46	41	2
46	42	2
46	43	4
46	44	11
46	45	6
47	0	2
47	3	2
47	4	2
47	5	1
47	7	2
47	8	4
47	9	4
47	10	3
47	11	3
47	12	6
47	13	1
47	15	1
47	16	3
47	17	1
47	19	1
47	20	1
47	21	4
47	23	2
47	24	2
47	25	2
47	27	1
47	28	2
47	30	6
47	31	3
47	33	3
47	34	2
47	35	5
47	36	1
47	38	4
47	39	4
47	40	5
47	41	4
47	42	6
47	43	3
47	44	3
47	45	2
47	46	4
48	1	3
48	2	1
48	3	2
48	4	3
48	5	2
48	6	2
48	7	4
48	8	11
48	9	7
48	10	7
48	11	2
48	12	10
48	13	2
48	15	1
48	16	3
48	17	1
48	18	3
48	19	1
48	20	2
48	21	1
48	24	1
48	25	3
48	27	2
48	28	1
48	29	2
48	30	2
48	31	2
48	33	3
48	34	1
48	35	3
48	36	1
48	37	3
48	38	4
48	40	1
48	41	1
48	43	2
48	44	4
48	45	1
48	46	1
48	47	7
49	3	1
49	4	4
49	5	2
49	6	6
49	7	9
49	8	17
49	9	7
49	10	11
49	11	1
49	12	12
49	13	7
49	14	2
49	15	2
49	16	6
49	17	4
49	18	7
49	19	2
49	20	3
49	21	1
49	23	2
49	24	5
49	25	6
49	26	4
49	27	6
49	28	5
49	29	2
49	30	1
49	31	8
49	32	1
49	33	1
49	34	2
49	35	3
49	36	2
49	37	4
49	38	1
49	39	1
49	40	5
49	41	2
49	42	3
49	43	1
49	44	1
49	45	2
49	46	3
49	47	6
49	48	15
50	3	1
50	4	2
50	5	4
50	6	2
50	7	7
50	8	7
50	9	3
50	10	3
50	11	3
50	12	2
50	14	1
50	15	1
50	16	4
50	17	1
50	18	3
50	19	1
50	20	1
50	21	4
50	22	2
50	23	1
50	24	3
50	25	1
50	27	4
50	28	2
50	30	3
50	33	2
50	34	8
50	35	1
50	36	3
50	37	3
50	38	2
50	39	3
50	40	3
50	41	1
50	42	3
50	43	2
50	44	1
50	45	3
50	46	2
50	47	10
50	48	9
50	49	6
51	1	2
51	3	3
51	5	5
51	6	3
51	7	3
51	8	3
51	9	7
51	10	3
51	11	3
51	12	5
51	13	5
51	14	1
51	15	4
51	16	4
51	17	3
51	18	2
51	19	2
51	20	3
51	21	2
51	22	3
51	23	4
51	24	3
51	25	2
51	27	1
51	28	4
51	29	2
51	31	2
51	32	1
51	33	1
51	34	2
51	35	2
51	36	1
51	37	3
51	38	5
51	39	3
51	40	4
51	41	1
51	42	2
51	43	1
51	44	2
51	45	2
51	46	2
51	47	2
51	48	3
51	49	2
51	50	11
52	4	1
52	5	1
52	6	5
52	7	3
52	8	5
52	10	8
52	11	1
52	12	6
52	13	3
52	14	3
52	15	2
52	16	3
52	17	2
52	18	3
52	19	1
52	20	3
52	21	2
52	22	1
52	24	2
52	25	2
52	26	1
52	27	7
52	28	4
52	30	2
52	31	4
52	32	2
52	33	1
52	35	4
52	36	2
52	37	4
52	39	1
52	40	2
52	41	2
52	42	2
52	43	4
52	44	5
52	45	3
52	47	9
52	48	9
52	49	7
52	50	4
52	51	17
53	2	1
53	3	2
53	4	3
53	5	2
53	6	3
53	7	3
53	8	12
53	9	5
53	10	6
53	11	5
53	12	4
53	13	1
53	14	4
53	15	2
53	16	1
53	17	1
53	18	2
53	19	2
53	20	5
53	21	3
53	22	3
53	23	1
53	24	3
53	25	4
53	27	7
53	28	1
53	29	1
53	30	5
53	31	4
53	32	3
53	33	1
53	34	2
53	35	1
53	37	2
53	38	4
53	39	2
53	40	3
53	41	8
53	42	5
53	43	4
53	44	4
53	45	1
53	46	3
53	47	3
53	48	9
53	49	11
53	50	3
53	51	4
53	52	2
54	0	1
54	3	2
54	4	1
54	5	6
54	6	5
54	7	3
54	8	4
54	9	2
54	10	2
54	11	5
54	12	4
54	13	4
54	15	1
54	16	2
54	17	4
54	19	2
54	20	1
54	22	2
54	23	1
54	24	5
54	25	1
54	27	5
54	28	4
54	29	4
54	30	5
54	31	7
54	33	2
54	34	2
54	35	2
54	37	4
54	38	2
54	39	1
54	40	6
54	41	4
54	42	3
54	43	4
54	44	3
54	45	2
54	46	3
54	47	4
54	48	3
54	49	7
54	50	1
54	51	2
54	52	5
54	53	12
55	0	1
55	1	1
55	3	1
55	4	5
55	5	6
55	6	4
55	7	2
55	8	4
55	9	6
55	10	3
55	11	2
55	12	1
55	13	2
55	14	2
55	15	1
55	16	2
55	18	3
55	19	2
55	20	2
55	21	1
55	22	1
55	23	2
55	25	3
55	26	1
55	27	4
55	28	6
55	29	2
55	30	8
55	31	7
55	32	6
55	33	3
55	34	4
55	35	2
55	37	2
55	39	5
55	40	3
55	41	1
55	42	3
55	43	3
55	44	2
55	45	1
55	46	1
55	47	4
55	48	8
55	49	9
55	50	8
55	51	3
55	52	2
55	53	6
55	54	16
56	2	1
56	3	2
56	4	3
56	5	2
56	6	2
56	7	3
56	8	9
56	9	3
56	10	2
56	11	2
56	12	6
56	13	2
56	14	8
56	15	1
56	16	4
56	18	3
56	20	1
56	22	1
56	24	2
56	25	2
56	26	2
56	27	2
56	28	2
56	29	2
56	30	2
56	31	1
56	32	2
56	33	4
56	34	1
56	35	3
56	37	3
56	38	2
56	39	2
56	40	4
56	41	1
56	42	7
56	43	6
56	45	1
56	46	1
56	47	10
56	48	7
56	49	3
56	50	5
56	51	10
56	52	1
56	53	4
56	54	9
56	55	16
57	2	1
57	3	2
57	4	5
57	5	3
57	6	9
57	7	4
57	8	2
57	10	4
57	11	2
57	12	4
57	14	2
57	15	1
57	16	9
57	17	5
57	18	1
57	19	2
57	20	3
57	21	2
57	22	2
57	25	2
57	26	2
57	27	3
57	28	5
57	29	2
57	33	2
57	34	1
57	35	3
57	36	2
57	37	3
57	38	2
57	39	1
57	40	3
57	42	4
57	43	3
57	44	1
57	45	2
57	46	1
57	47	4
57	48	2
57	49	3
57	50	3
57	51	6
57	52	5
57	53	4
57	54	4
57	55	4
57	56	7
58	3	3
58	4	3
58	5	5
58	7	2
58	8	4
58	9	1
58	10	5
58	11	1
58	12	1
58	13	2
58	14	1
58	15	4
58	16	4
58	17	1
58	18	3
58	19	3
58	20	2
58	24	1
58	25	5
58	26	3
58	27	3
58	28	3
58	29	3
58	30	2
58	31	2
58	32	3
58	33	2
58	34	2
58	35	1
58	36	1
58	37	1
58	38	3
58	39	1
58	40	4
58	41	3
58	42	4
58	43	1
58	44	1
58	45	1
58	46	1
58	47	4
58	48	3
58	49	2
58	50	1
58	51	1
58	52	1
58	53	7
58	54	3
58	55	12
58	56	5
58	57	11
59	0	1
59	3	2
59	4	4
59	5	1
59	6	1
59	7	1
59	9	1
59	10	1
59	13	2
59	14	2
59	15	4
59	16	1
59	17	3
59	18	1
59	19	1
59	22	1
59	23	2
59	24	2
59	26	2
59	27	1
59	28	3
59	30	2
59	33	3
59	38	2
59	40	2
59	43	1
59	44	2
59	45	1
59	46	2
59	47	1
59	50	1
59	51	1
59	53	3
59	54	3
59	55	1
59	56	2
59	57	3
60	1	1
60	2	8
60	5	2
60	7	1
60	8	2
60	9	3
60	11	2
60	12	2
60	13	2
60	15	5
60	17	1
60	20	2
60	22	2
60	25	3
60	27	3
60	28	2
60	30	6
60	32	3
60	33	5
60	34	3
60	38	1
60	39	2
60	41	2
60	42	2
60	43	1
60	44	3
60	45	4
60	46	2
60	47	2
60	48	3
60	49	2
60	51	4
60	52	4
60	53	2
60	55	3
60	56	2
60	57	3
60	59	2
