1	0	10
2	0	3
2	1	9
3	2	1
4	3	6
5	2	1
5	3	5
5	4	12
6	1	2
6	3	4
6	4	2
6	5	4
7	1	1
7	3	1
7	4	1
7	5	3
7	6	7
8	2	3
8	3	2
8	4	3
8	5	9
8	6	11
8	7	13
9	0	1
9	2	1
9	4	4
9	5	1
9	7	3
9	8	12
10	0	2
10	2	2
10	3	1
10	4	5
10	5	2
10	6	6
10	7	6
10	8	6
10	9	9
11	0	1
11	2	2
11	3	2
11	4	1
11	6	1
11	7	2
11	8	7
11	9	10
11	10	9
12	1	2
12	3	3
12	4	1
12	5	1
12	6	4
12	7	6
12	8	8
12	9	11
12	10	10
12	11	7
13	2	1
13	3	2
13	4	3
13	5	2
13	6	6
13	7	3
13	8	4
13	9	5
13	10	17
13	11	9
13	12	3
14	0	2
14	1	1
14	3	3
14	4	1
14	5	3
14	6	3
14	7	3
14	8	4
14	9	3
14	10	3
14	11	4
14	12	1
14	13	7
15	0	1
15	3	2
15	4	1
15	5	2
15	6	3
15	7	1
15	8	7
15	9	2
15	10	3
15	11	2
15	12	2
15	13	7
15	14	9
16	3	1
16	4	2
16	5	6
16	6	4
16	7	3
16	8	4
16	9	4
16	10	5
16	11	4
16	12	1
16	13	10
16	14	4
16	15	11
17	1	2
17	2	2
17	3	5
17	5	3
17	6	1
17	7	4
17	8	5
17	9	1
17	10	1
17	11	2
17	12	1
17	13	1
17	14	4
17	15	4
17	16	3
18	3	6
18	4	9
18	5	2
18	6	3
18	7	3
18	8	4
18	9	2
18	10	2
18	11	2
18	12	2
18	13	4
18	14	1
18	15	1
18	16	7
18	17	10
19	2	1
19	3	3
19	4	2
19	5	3
19	6	2
19	7	1
19	8	6
19	9	2
19	10	2
19	12	5
19	13	3
19	14	4
19	15	3
19	16	2
19	17	6
19	18	12
20	3	2
20	4	2
20	6	5
20	7	4
20	8	2
20	9	1
20	10	2
20	11	3
20	12	3
20	13	2
20	14	2
20	15	6
20	16	5
20	17	8
20	18	6
20	19	9
21	3	1
21	4	2
21	5	1
21	6	2
21	7	2
21	8	1
21	10	3
21	11	6
21	12	3
21	13	1
21	14	3
21	15	4
21	16	2
21	17	2
21	18	3
21	19	1
21	20	17
22	3	4
22	4	1
22	5	2
22	6	4
22	7	2
22	8	4
22	9	4
22	10	4
22	11	1
22	12	2
22	13	4
22	14	2
22	15	3
22	16	3
22	17	8
22	18	8
22	19	8
22	20	2
22	21	7
23	1	1
23	3	4
23	4	5
23	5	3
23	6	2
23	7	1
23	8	2
23	9	2
23	10	4
23	11	5
23	12	3
23	13	4
23	14	1
23	15	5
23	16	2
23	17	2
23	18	8
23	19	2
23	20	3
23	22	5
24	0	1
24	3	6
24	4	8
24	5	5
24	6	3
24	7	3
24	8	6
24	9	5
24	10	5
24	11	5
24	12	5
24	13	8
24	14	2
24	15	1
24	16	1
24	17	6
24	18	8
24	19	7
24	20	5
24	21	5
24	22	4
24	23	10
25	2	1
25	3	1
25	4	3
25	5	3
25	6	2
25	7	3
25	8	5
25	10	1
25	11	2
25	12	2
25	13	2
25	14	1
25	15	2
25	16	1
25	17	2
25	18	1
25	19	3
25	20	2
25	21	4
25	22	6
25	23	11
25	24	6
26	3	1
26	4	4
26	5	1
26	8	2
26	9	3
26	10	2
26	11	1
26	12	3
26	13	1
26	14	2
26	15	3
26	18	6
26	19	2
26	20	1
26	22	4
26	23	7
26	24	4
26	25	7
27	2	1
27	3	1
27	4	3
27	5	7
27	6	4
27	7	4
27	8	2
27	9	8
27	10	7
27	11	3
27	12	4
27	13	7
27	14	2
27	15	2
27	16	1
27	17	2
27	18	4
27	19	2
27	20	1
27	21	3
27	22	2
27	23	4
27	24	2
27	25	4
27	26	4
28	2	2
28	3	5
28	4	2
28	5	7
28	6	2
28	7	2
28	8	7
28	9	3
28	10	5
28	11	4
28	12	1
28	13	1
28	15	2
28	16	2
28	17	4
28	18	3
28	19	2
28	20	2
28	22	2
28	23	3
28	24	7
28	25	5
28	26	3
28	27	10
29	0	1
29	3	2
29	5	2
29	6	1
29	8	3
29	9	2
29	10	2
29	11	2
29	12	4
29	13	2
29	15	1
29	17	1
29	19	2
29	23	2
29	24	3
29	25	1
29	26	3
29	27	5
29	28	12
30	1	2
30	2	3
30	3	2
30	4	2
30	5	3
30	6	2
30	7	1
30	8	2
30	9	1
30	10	2
30	12	1
30	13	1
30	14	2
30	15	1
30	16	2
30	17	1
30	18	3
30	19	1
30	24	1
30	25	5
30	27	2
30	28	2
30	29	1
31	1	1
31	4	4
31	5	2
31	6	1
31	8	6
31	9	2
31	10	4
31	11	2
31	12	3
31	15	2
31	19	3
31	21	1
31	22	3
31	23	1
31	24	1
31	25	1
31	27	5
31	28	3
31	29	1
31	30	9
32	2	1
32	4	2
32	5	1
32	6	2
32	8	2
32	9	1
32	10	1
32	15	1
32	16	1
32	18	2
32	19	1
32	23	2
32	25	2
32	26	1
32	27	1
32	28	4
32	29	2
32	30	6
32	31	4
33	5	2
33	6	4
33	7	2
33	9	1
33	10	2
33	12	2
33	13	3
33	15	2
33	22	2
33	23	2
33	24	2
33	25	1
33	26	1
33	27	2
33	28	1
33	29	3
33	30	3
33	31	8
33	32	3
34	0	2
34	1	1
34	2	1
34	4	1
34	5	7
34	7	3
34	8	6
34	9	5
34	10	1
34	11	2
34	13	2
34	17	2
34	20	2
34	21	1
34	22	1
34	24	4
34	25	2
34	27	3
34	28	4
34	30	4
34	31	11
34	32	3
34	33	15
35	1	1
35	2	3
35	3	1
35	4	3
35	5	1
35	6	2
35	7	6
35	8	3
35	9	2
35	10	9
35	11	7
35	12	3
35	13	1
35	14	3
35	15	4
35	16	2
35	17	3
35	18	1
35	19	2
35	20	2
35	21	3
35	22	2
35	23	7
35	24	2
35	25	8
35	26	4
35	27	5
35	28	11
35	29	2
35	30	1
35	31	2
35	32	1
35	33	1
35	34	1
36	4	3
36	5	1
36	6	3
36	7	2
36	8	1
36	9	9
36	10	4
36	11	6
36	12	3
36	13	4
36	14	5
36	15	2
36	16	2
36	17	5
36	18	2
36	19	6
36	20	2
36	23	5
36	24	4
36	25	4
36	26	2
36	27	5
36	28	6
36	29	1
36	30	1
36	31	1
36	35	5
37	3	2
37	4	1
37	5	2
37	6	1
37	7	1
37	8	3
37	9	7
37	10	5
37	11	4
37	12	2
37	13	5
37	15	2
37	16	3
37	17	2
37	18	2
37	19	2
37	20	1
37	21	4
37	22	5
37	23	6
37	24	3
37	25	7
37	26	4
37	27	6
37	28	1
37	29	2
37	31	1
37	33	1
37	35	17
37	36	2
38	1	1
38	2	1
38	3	3
38	4	3
38	5	1
38	6	2
38	7	6
38	8	8
38	9	3
38	10	3
38	11	7
38	12	5
38	13	1
38	14	7
38	16	1
38	18	4
38	20	1
38	21	1
38	22	5
38	23	4
38	24	3
38	25	9
38	26	5
38	27	12
38	28	9
38	29	4
38	30	4
38	31	5
38	32	1
38	33	3
38	34	3
38	35	15
38	36	11
38	37	21
39	4	1
39	5	2
39	6	1
39	7	3
39	8	3
39	9	5
39	10	6
39	11	4
39	12	4
39	13	2
39	16	2
39	17	2
39	18	1
39	19	6
39	20	2
39	21	1
39	22	1
39	23	5
39	24	4
39	25	4
39	26	1
39	27	6
39	29	1
39	30	5
39	31	2
39	32	1
39	35	8
39	36	6
39	37	6
39	38	10
40	1	1
40	4	2
40	5	3
40	6	2
40	7	1
40	8	6
40	9	2
40	10	4
40	11	2
40	12	1
40	13	2
40	15	2
40	18	3
40	19	2
40	20	1
40	21	1
40	22	1
40	23	4
40	24	5
40	25	3
40	26	2
40	27	5
40	28	8
40	29	8
40	30	2
40	31	5
40	32	5
40	33	2
40	34	1
40	35	5
40	36	2
40	37	2
40	38	10
40	39	3
41	3	1
41	4	4
41	5	4
41	6	1
41	7	1
41	8	6
41	9	4
41	10	2
41	11	1
41	12	7
41	13	3
41	14	3
41	15	3
41	16	3
41	17	2
41	18	1
41	19	1
41	21	3
41	22	1
41	23	1
41	24	4
41	25	4
41	26	1
41	27	5
41	28	8
41	29	5
41	30	2
41	31	6
41	32	2
41	33	3
41	34	5
41	35	5
41	36	2
41	37	3
41	38	4
41	39	2
41	40	7
42	0	1
42	1	1
42	3	2
42	4	2
42	7	1
42	8	1
42	10	4
42	11	2
42	12	3
42	13	5
42	14	1
42	15	3
42	16	2
42	18	1
42	20	2
42	24	2
42	25	2
42	27	1
42	28	2
42	29	1
42	30	5
42	31	7
42	32	4
42	33	3
42	34	2
42	35	1
42	36	2
42	38	2
42	39	1
42	40	4
42	41	3
43	1	2
43	2	4
43	4	2
43	5	1
43	7	3
43	8	2
43	9	1
43	10	4
43	11	3
43	12	1
43	13	3
43	14	3
43	15	1
43	17	3
43	18	3
43	20	2
43	24	2
43	25	1
43	27	1
43	28	4
43	30	4
43	31	5
43	32	3
43	33	3
43	34	9
43	35	2
43	38	2
43	39	1
43	40	1
43	41	1
43	42	2
44	0	1
44	2	1
44	5	1
44	6	1
44	7	2
44	8	6
44	10	3
44	11	1
44	12	3
44	13	1
44	14	4
44	15	1
44	16	1
44	24	2
44	27	1
44	28	2
44	29	1
44	30	1
44	31	1
44	32	1
44	33	4
44	34	4
44	38	1
44	40	2
44	41	3
44	42	4
44	43	11
45	2	1
45	7	3
45	8	2
45	9	2
45	10	2
45	12	2
45	13	1
45	14	1
45	16	2
45	17	1
45	18	3
45	22	1
45	25	1
45	27	1
45	28	1
45	30	1
45	31	2
45	32	4
45	33	4
45	34	4
45	35	1
45	39	2
45	40	2
45	42	1
45	43	6
45	44	12
46	0	1
46	1	1
46	2	3
46	4	1
46	5	2
46	6	2
46	8	2
46	9	2
46	10	2
46	11	3
46	12	2
46	13	3
46	15	1
46	19	1
46	20	1
46	24	1
46	25	2
46	27	1
46	28	1
46	29	1
46	30	6
46	31	2
46	32	6
46	33	6
46	34	2
46	35	1
46	36	1
46	38	1
46	39	1
46	40	2
46	43	5
46	44	1
46	45	13
47	2	2
47	3	2
47	4	1
47	5	4
47	6	1
47	7	3
47	8	7
47	9	1
47	10	3
47	11	3
47	12	5
47	13	10
47	15	3
47	16	2
47	17	1
47	18	4
47	19	1
47	20	2
47	21	4
47	23	2
47	24	5
47	25	2
47	27	7
47	28	4
47	29	1
47	30	7
47	32	3
47	33	3
47	34	1
47	35	2
47	36	1
47	39	2
47	40	3
47	41	3
47	42	5
47	43	10
47	44	2
47	45	1
47	46	1
48	0	1
48	1	1
48	2	2
48	5	3
48	6	2
48	7	4
48	8	8
48	9	3
48	10	6
48	11	2
48	12	8
48	13	6
48	14	2
48	15	3
48	16	6
48	17	2
48	18	3
48	20	1
48	21	3
48	22	1
48	23	5
48	24	1
48	25	3
48	27	5
48	28	3
48	30	1
48	31	5
48	32	1
48	35	4
48	36	2
48	38	5
48	39	4
48	40	5
48	41	3
48	42	3
48	43	1
48	44	4
48	45	1
48	47	4
49	4	1
49	5	5
49	6	2
49	7	4
49	8	21
49	9	5
49	10	14
49	11	7
49	12	11
49	13	9
49	14	7
49	15	2
49	16	4
49	17	3
49	18	3
49	19	2
49	20	1
49	21	4
49	22	1
49	23	3
49	24	3
49	25	2
49	26	2
49	27	6
49	28	2
49	29	2
49	30	4
49	31	1
49	32	3
49	33	3
49	34	5
49	35	4
49	37	2
49	38	2
49	39	4
49	40	3
49	41	6
49	42	6
49	43	3
49	44	3
49	45	1
49	46	1
49	47	1
49	48	13
50	3	3
50	5	5
50	6	4
50	7	5
50	8	6
50	9	7
50	11	2
50	12	4
50	13	4
50	14	2
50	15	4
50	16	3
50	17	1
50	18	2
50	21	1
50	23	3
50	24	5
50	25	1
50	27	2
50	28	3
50	29	4
50	31	2
50	33	1
50	34	1
50	35	1
50	36	2
50	37	3
50	38	4
50	39	5
50	40	1
50	42	2
50	43	1
50	44	1
50	45	1
50	46	2
50	47	4
50	48	1
50	49	10
51	1	2
51	4	1
51	5	2
51	6	5
51	7	4
51	8	5
51	9	4
51	10	4
51	11	5
51	12	9
51	13	5
51	14	3
51	15	6
51	16	8
51	17	4
51	18	3
51	19	2
51	20	3
51	21	6
51	22	1
51	23	3
51	24	2
51	25	2
51	27	4
51	28	1
51	29	2
51	30	1
51	31	1
51	33	2
51	35	1
51	37	3
51	38	2
51	39	7
51	40	4
51	41	3
51	42	3
51	43	4
51	44	3
51	45	2
51	47	3
51	48	5
51	49	10
51	50	14
52	2	1
52	3	2
52	4	1
52	5	4
52	6	2
52	7	4
52	8	6
52	9	2
52	10	3
52	11	4
52	12	4
52	13	5
52	14	4
52	15	5
52	16	4
52	17	2
52	18	1
52	19	1
52	21	1
52	23	1
52	25	1
52	26	2
52	27	5
52	31	2
52	32	4
52	33	4
52	34	4
52	35	4
52	37	2
52	38	1
52	39	2
52	40	1
52	42	1
52	44	1
52	45	3
52	46	2
52	47	2
52	48	1
52	49	9
52	50	9
52	51	17
53	3	2
53	4	2
53	5	2
53	6	4
53	7	5
53	8	13
53	9	3
53	10	5
53	11	5
53	12	6
53	13	5
53	14	5
53	15	5
53	16	2
53	17	2
53	18	4
53	19	2
53	20	1
53	21	1
53	22	5
53	23	1
53	24	3
53	25	2
53	26	1
53	27	3
53	28	7
53	29	2
53	30	2
53	31	5
53	32	5
53	33	2
53	34	1
53	35	3
53	36	4
53	37	1
53	38	6
53	39	5
53	40	3
53	41	2
53	42	4
53	44	3
53	45	2
53	47	7
53	48	2
53	49	10
53	50	8
53	51	7
53	52	4
54	0	1
54	3	2
54	4	2
54	5	6
54	6	2
54	7	4
54	8	3
54	9	2
54	11	2
54	12	5
54	13	1
54	15	1
54	16	2
54	18	1
54	19	2
54	20	1
54	21	1
54	22	2
54	25	2
54	27	6
54	28	4
54	30	2
54	31	4
54	32	2
54	33	5
54	34	2
54	35	2
54	36	1
54	37	2
54	38	4
54	39	2
54	40	1
54	41	3
54	42	9
54	43	1
54	44	3
54	45	1
54	46	2
54	47	4
54	48	6
54	49	1
54	50	5
54	51	1
54	52	3
54	53	11
55	1	1
55	2	1
55	3	3
55	4	4
55	5	5
55	6	4
55	7	1
55	8	7
55	9	1
55	10	5
55	12	6
55	13	2
55	14	2
55	15	5
55	16	1
55	17	4
55	18	2
55	19	5
55	20	1
55	21	3
55	22	4
55	23	3
55	24	4
55	25	5
55	26	3
55	28	3
55	29	5
55	30	3
55	31	2
55	32	3
55	33	5
55	34	1
55	35	5
55	36	2
55	38	6
55	39	2
55	40	3
55	41	2
55	42	5
55	43	7
55	44	1
55	45	2
55	46	3
55	47	6
55	48	4
55	49	7
55	50	5
55	51	4
55	52	3
55	53	10
55	54	10
56	1	2
56	3	1
56	4	5
56	5	2
56	6	2
56	7	2
56	8	4
56	10	1
56	11	1
56	12	4
56	13	3
56	16	1
56	17	3
56	18	2
56	19	2
56	20	1
56	21	1
56	23	1
56	24	3
56	25	2
56	26	3
56	27	1
56	28	4
56	29	1
56	30	3
56	33	1
56	34	1
56	35	2
56	36	1
56	37	2
56	38	3
56	39	1
56	41	2
56	42	1
56	43	7
56	44	1
56	45	2
56	46	1
56	47	4
56	48	2
56	49	4
56	50	2
56	51	6
56	52	4
56	53	1
56	54	4
56	55	10
57	3	2
57	4	3
57	5	6
57	6	3
57	7	1
57	8	11
57	9	2
57	10	2
57	11	3
57	12	3
57	13	1
57	15	6
57	16	4
57	17	2
57	18	2
57	19	3
57	20	3
57	21	2
57	23	2
57	24	2
57	25	3
57	26	1
57	27	3
57	28	6
57	29	3
57	30	5
57	32	1
57	33	2
57	34	1
57	35	1
57	36	1
57	37	2
57	38	2
57	39	3
57	40	2
57	41	3
57	43	4
57	44	2
57	45	2
57	46	2
57	47	1
57	48	3
57	49	3
57	50	2
57	51	1
57	52	3
57	53	4
57	54	4
57	55	5
57	56	5
58	1	1
58	3	3
58	4	8
58	6	5
58	7	5
58	8	2
58	9	4
58	10	4
58	11	3
58	12	2
58	13	3
58	14	2
58	15	1
58	16	2
58	17	1
58	18	4
58	19	2
58	21	1
58	24	5
58	25	1
58	27	5
58	28	2
58	29	1
58	30	1
58	31	1
58	33	4
58	34	3
58	35	2
58	36	1
58	37	1
58	38	5
58	40	2
58	41	4
58	42	1
58	43	2
58	44	1
58	45	1
58	46	1
58	47	4
58	48	2
58	49	2
58	50	4
58	51	5
58	52	4
58	53	5
58	54	4
58	55	8
58	56	8
58	57	9
59	0	2
59	2	2
59	3	2
59	4	2
59	5	1
59	6	2
59	8	3
59	9	1
59	10	4
59	12	1
59	13	3
59	14	4
59	16	1
59	17	1
59	18	1
59	19	3
59	22	1
59	24	1
59	26	1
59	27	1
59	28	2
59	30	2
59	31	1
59	33	1
59	35	3
59	38	3
59	39	1
59	40	2
59	41	2
59	43	2
59	45	2
59	49	2
59	50	2
59	51	1
59	52	4
59	53	6
59	54	1
59	55	3
59	56	2
59	57	2
59	58	2
60	0	5
60	1	4
60	2	7
60	4	2
60	7	2
60	8	2
60	9	2
60	10	3
60	12	1
60	13	2
60	15	2
60	16	2
60	21	2
60	25	1
60	27	2
60	28	2
60	30	3
60	31	6
60	32	2
60	33	2
60	34	1
60	35	2
60	36	1
60	38	3
60	42	3
60	43	4
60	44	7
60	45	4
60	46	5
60	47	2
60	48	1
60	49	3
60	52	2
60	54	2
60	55	2
60	56	3
60	58	1
60	59	1
