1	0	13
2	0	5
2	1	11
3	2	1
4	1	1
4	3	7
5	1	2
5	2	1
5	3	3
5	4	10
6	3	2
6	4	4
6	5	4
7	0	1
7	1	1
7	3	3
7	4	2
7	5	8
7	6	2
8	1	1
8	2	1
8	3	4
8	4	1
8	5	8
8	6	11
8	7	10
9	2	1
9	3	6
9	4	4
9	5	4
9	6	5
9	7	11
9	8	8
10	1	3
10	3	3
10	4	4
10	5	7
10	6	8
10	7	2
10	8	8
10	9	15
11	0	1
11	1	1
11	3	2
11	4	1
11	5	1
11	6	3
11	7	2
11	8	6
11	9	21
11	10	20
12	1	1
12	3	3
12	4	3
12	5	4
12	6	2
12	7	1
12	8	5
12	9	14
12	10	15
12	11	14
13	2	1
13	3	4
13	4	4
13	6	4
13	7	4
13	8	8
13	9	4
13	10	8
13	11	8
13	12	8
14	3	4
14	4	4
14	5	1
14	6	2
14	7	5
14	8	1
14	9	2
14	10	5
14	11	2
14	12	6
14	13	7
15	3	2
15	4	1
15	5	1
15	6	1
15	7	3
15	8	4
15	9	2
15	10	1
15	11	3
15	12	5
15	13	6
15	14	13
16	0	1
16	3	1
16	4	4
16	5	4
16	6	7
16	7	3
16	8	5
16	9	4
16	10	3
16	11	3
16	13	8
16	14	5
16	15	10
17	3	3
17	4	2
17	5	2
17	6	3
17	7	4
17	8	7
17	9	1
17	10	4
17	11	2
17	12	1
17	13	1
17	14	5
17	15	5
17	16	5
18	3	9
18	4	4
18	5	4
18	6	1
18	7	2
18	8	6
18	9	1
18	10	4
18	11	1
18	12	2
18	13	4
18	14	3
18	15	3
18	16	3
18	17	7
19	3	5
19	4	4
19	5	4
19	6	2
19	7	6
19	8	1
19	9	5
19	10	5
19	11	2
19	12	3
19	13	3
19	14	5
19	15	6
19	16	3
19	17	11
19	18	15
20	3	2
20	4	3
20	5	1
20	6	1
20	7	4
20	8	3
20	9	2
20	10	2
20	11	4
20	12	1
20	13	2
20	14	1
20	15	5
20	16	2
20	17	8
20	18	4
20	19	5
21	1	1
21	2	1
21	3	4
21	4	1
21	5	3
21	8	4
21	9	2
21	10	8
21	12	4
21	13	2
21	14	4
21	15	3
21	16	3
21	17	4
21	18	6
21	19	6
21	20	16
22	3	5
22	4	2
22	5	3
22	6	5
22	7	2
22	8	2
22	9	3
22	10	5
22	12	3
22	13	1
22	14	3
22	15	2
22	16	2
22	17	9
22	18	3
22	19	6
22	20	5
22	21	2
23	1	1
23	3	4
23	4	4
23	5	4
23	6	4
23	7	1
23	8	2
23	9	1
23	10	1
23	11	2
23	12	2
23	13	4
23	15	2
23	16	1
23	17	7
23	18	2
23	19	4
23	20	1
23	21	1
23	22	8
24	3	3
24	4	3
24	5	4
24	6	5
24	7	5
24	8	6
24	9	10
24	10	4
24	11	4
24	12	5
24	13	2
24	14	4
24	15	2
24	16	2
24	17	5
24	18	5
24	19	3
24	20	3
24	21	3
24	22	4
24	23	4
25	0	2
25	1	1
25	2	2
25	3	3
25	4	6
25	5	5
25	6	2
25	7	3
25	8	3
25	9	2
25	10	4
25	11	1
25	12	4
25	13	3
25	14	1
25	15	4
25	16	2
25	17	2
25	19	3
25	20	6
25	21	3
25	22	6
25	23	11
25	24	5
26	1	2
26	3	1
26	4	3
26	8	1
26	10	2
26	12	1
26	13	3
26	14	1
26	15	1
26	17	3
26	18	1
26	19	3
26	20	2
26	22	1
26	23	4
26	24	2
26	25	8
27	1	1
27	4	7
27	5	2
27	6	5
27	7	6
27	8	8
27	9	5
27	10	5
27	11	8
27	12	10
27	13	10
27	14	1
27	15	2
27	16	2
27	17	3
27	18	6
27	19	1
27	20	1
27	21	2
27	22	3
27	23	4
27	24	4
27	25	8
27	26	4
28	2	3
28	4	7
28	5	7
28	7	1
28	8	4
28	9	5
28	10	3
28	11	1
28	12	3
28	13	3
28	14	2
28	15	1
28	16	1
28	17	1
28	18	1
28	19	6
28	20	2
28	21	2
28	22	3
28	23	1
28	24	4
28	25	6
28	26	2
28	27	10
29	3	2
29	4	5
29	5	2
29	6	4
29	7	2
29	8	3
29	9	3
29	12	2
29	14	1
29	17	3
29	19	1
29	22	2
29	23	4
29	24	2
29	25	2
29	26	2
29	27	9
29	28	8
30	2	3
30	3	1
30	4	4
30	7	3
30	8	7
30	10	1
30	11	2
30	12	4
30	13	4
30	14	3
30	15	3
30	16	2
30	17	1
30	18	2
30	23	2
30	24	2
30	27	2
30	28	2
30	29	1
31	1	2
31	2	2
31	4	1
31	5	2
31	6	1
31	7	1
31	8	4
31	9	2
31	10	3
31	11	2
31	12	1
31	15	1
31	16	2
31	19	2
31	22	2
31	23	1
31	24	2
31	25	1
31	28	4
31	29	1
31	30	7
32	5	2
32	6	1
32	8	2
32	9	4
32	10	1
32	12	2
32	15	1
32	16	2
32	18	2
32	19	1
32	22	2
32	24	1
32	25	2
32	26	2
32	27	3
32	28	1
32	29	2
32	30	1
32	31	3
33	1	3
33	3	2
33	4	4
33	5	3
33	6	1
33	7	1
33	8	3
33	10	3
33	11	1
33	13	3
33	15	4
33	24	1
33	25	4
33	26	2
33	27	1
33	28	3
33	29	3
33	30	5
33	31	4
33	32	10
34	0	1
34	1	1
34	4	1
34	5	2
34	6	1
34	7	1
34	8	6
34	9	1
34	11	3
34	12	2
34	15	2
34	17	2
34	21	3
34	23	2
34	24	4
34	25	1
34	27	1
34	28	2
34	29	4
34	30	5
34	31	5
34	32	7
34	33	11
35	2	2
35	3	1
35	4	2
35	5	3
35	6	2
35	7	2
35	8	5
35	9	5
35	10	6
35	11	4
35	12	7
35	13	3
35	14	1
35	15	1
35	16	4
35	17	3
35	18	4
35	20	3
35	21	3
35	22	3
35	23	1
35	24	8
35	25	6
35	26	4
35	27	7
35	28	2
35	29	3
35	30	2
35	31	2
35	32	1
35	33	1
36	3	2
36	4	1
36	5	1
36	6	2
36	7	4
36	8	1
36	9	2
36	10	7
36	11	8
36	12	4
36	13	6
36	15	3
36	16	2
36	17	3
36	18	3
36	19	3
36	21	1
36	22	4
36	23	2
36	24	6
36	25	6
36	26	2
36	27	3
36	28	1
36	29	3
36	30	2
36	31	1
36	35	8
37	2	2
37	3	3
37	4	4
37	5	2
37	6	1
37	7	2
37	8	5
37	9	2
37	10	7
37	11	6
37	12	4
37	13	1
37	14	1
37	15	1
37	16	1
37	17	2
37	19	2
37	20	2
37	21	3
37	22	1
37	23	5
37	24	4
37	25	9
37	26	4
37	27	7
37	28	3
37	29	2
37	30	5
37	31	1
37	33	1
37	35	11
37	36	3
38	1	2
38	2	1
38	3	4
38	4	4
38	5	3
38	6	1
38	7	5
38	8	7
38	9	9
38	10	4
38	11	5
38	12	4
38	13	6
38	14	4
38	16	6
38	17	4
38	18	2
38	19	2
38	20	3
38	21	3
38	22	9
38	23	2
38	24	4
38	25	6
38	26	6
38	27	4
38	28	5
38	29	3
38	30	6
38	31	1
38	32	1
38	33	4
38	34	2
38	35	12
38	36	7
38	37	19
39	3	1
39	4	1
39	5	1
39	6	1
39	7	3
39	8	5
39	9	4
39	10	5
39	11	3
39	12	6
39	13	2
39	14	1
39	15	2
39	16	5
39	18	1
39	19	2
39	21	2
39	23	1
39	25	2
39	26	1
39	27	7
39	28	4
39	29	1
39	30	4
39	31	2
39	32	6
39	33	3
39	34	2
39	35	9
39	36	5
39	37	4
39	38	12
40	0	3
40	1	1
40	3	2
40	4	3
40	5	4
40	6	4
40	8	2
40	9	3
40	10	2
40	11	6
40	12	7
40	13	1
40	14	1
40	15	2
40	16	4
40	17	1
40	19	3
40	20	1
40	21	1
40	22	3
40	23	1
40	24	3
40	25	2
40	26	1
40	27	7
40	28	6
40	29	11
40	30	5
40	31	1
40	32	2
40	33	3
40	35	6
40	36	2
40	37	3
40	38	8
40	39	4
41	1	1
41	3	2
41	5	1
41	7	4
41	8	4
41	9	1
41	10	1
41	11	3
41	12	3
41	13	3
41	14	1
41	15	3
41	16	2
41	18	1
41	19	3
41	21	3
41	22	4
41	23	1
41	24	2
41	25	3
41	26	2
41	27	2
41	28	9
41	29	3
41	30	3
41	31	5
41	32	2
41	33	1
41	34	4
41	35	3
41	36	3
41	37	1
41	38	5
41	39	5
41	40	8
42	1	1
42	4	5
42	5	1
42	6	2
42	7	5
42	8	3
42	9	2
42	10	3
42	11	3
42	12	6
42	14	2
42	15	1
42	16	6
42	17	1
42	20	1
42	21	1
42	22	2
42	25	2
42	27	2
42	29	3
42	30	7
42	31	7
42	32	5
42	33	6
42	34	1
42	35	2
42	38	4
42	39	4
42	40	4
42	41	3
43	2	1
43	4	3
43	5	3
43	6	3
43	7	1
43	8	4
43	9	2
43	10	1
43	11	1
43	12	1
43	13	1
43	15	3
43	16	1
43	17	1
43	18	2
43	28	2
43	29	1
43	30	4
43	31	3
43	32	2
43	33	5
43	34	6
43	35	2
43	37	1
43	38	3
43	39	2
43	40	1
43	41	5
43	42	9
44	0	2
44	1	1
44	2	1
44	4	1
44	6	1
44	7	3
44	8	2
44	9	1
44	10	2
44	11	3
44	12	2
44	13	1
44	14	3
44	15	3
44	16	1
44	17	1
44	20	1
44	22	1
44	24	1
44	27	3
44	30	1
44	32	4
44	33	2
44	34	6
44	35	1
44	36	1
44	38	3
44	40	1
44	41	3
44	42	3
44	43	18
45	1	1
45	2	3
45	3	1
45	7	3
45	8	1
45	9	1
45	10	4
45	12	1
45	13	1
45	17	1
45	18	1
45	22	2
45	25	3
45	27	2
45	30	1
45	31	1
45	32	8
45	33	5
45	34	4
45	35	2
45	38	4
45	39	2
45	40	1
45	41	1
45	42	5
45	43	7
45	44	10
46	0	3
46	1	1
46	2	3
46	3	1
46	5	1
46	6	1
46	9	2
46	10	2
46	12	1
46	15	3
46	18	1
46	19	1
46	20	2
46	24	1
46	25	3
46	27	1
46	28	1
46	29	2
46	30	7
46	31	3
46	32	4
46	33	4
46	34	4
46	36	3
46	38	2
46	39	1
46	41	4
46	42	4
46	43	3
46	44	1
46	45	4
47	0	1
47	3	1
47	4	2
47	5	1
47	6	1
47	7	2
47	8	4
47	9	2
47	10	2
47	11	2
47	12	6
47	13	3
47	14	1
47	15	2
47	16	2
47	17	3
47	18	2
47	19	2
47	20	2
47	21	5
47	22	1
47	24	1
47	25	1
47	27	2
47	28	2
47	29	2
47	30	3
47	31	2
47	32	1
47	33	3
47	34	1
47	35	1
47	36	2
47	37	2
47	38	3
47	39	1
47	41	2
47	42	4
47	43	3
47	44	2
47	45	1
47	46	2
48	0	1
48	2	1
48	3	3
48	5	3
48	6	2
48	7	4
48	8	8
48	9	2
48	10	6
48	11	1
48	12	8
48	13	4
48	14	1
48	15	3
48	16	3
48	17	3
48	19	1
48	22	1
48	23	3
48	24	3
48	26	1
48	27	2
48	28	4
48	29	2
48	30	3
48	31	2
48	32	3
48	33	4
48	34	5
48	35	7
48	36	2
48	37	4
48	38	3
48	39	1
48	40	3
48	41	5
48	42	1
48	43	3
48	44	3
48	45	3
48	46	5
48	47	7
49	2	1
49	3	2
49	5	7
49	6	9
49	7	7
49	8	26
49	9	12
49	10	8
49	11	4
49	12	11
49	13	7
49	14	2
49	15	2
49	16	4
49	17	2
49	18	4
49	19	2
49	20	3
49	22	4
49	23	3
49	24	8
49	25	4
49	26	1
49	27	8
49	28	2
49	29	3
49	30	5
49	31	3
49	32	1
49	33	5
49	34	2
49	35	4
49	36	5
49	37	1
49	38	3
49	39	1
49	40	3
49	41	5
49	42	4
49	43	4
49	45	2
49	46	2
49	47	5
49	48	10
50	2	1
50	3	2
50	4	2
50	5	5
50	6	8
50	7	8
50	8	4
50	9	5
50	10	2
50	11	1
50	12	4
50	13	2
50	15	2
50	16	6
50	17	2
50	18	2
50	19	4
50	20	2
50	21	3
50	22	2
50	23	3
50	24	1
50	25	2
50	27	5
50	28	2
50	29	4
50	30	2
50	34	1
50	35	3
50	36	1
50	38	1
50	40	2
50	41	3
50	42	2
50	43	5
50	45	3
50	47	1
50	48	6
50	49	10
51	3	5
51	4	2
51	5	1
51	6	9
51	7	3
51	8	10
51	9	2
51	10	1
51	12	3
51	14	3
51	15	5
51	16	4
51	17	2
51	18	4
51	19	4
51	20	1
51	21	6
51	22	2
51	23	1
51	24	6
51	25	3
51	27	3
51	28	6
51	30	2
51	31	2
51	32	4
51	33	1
51	34	1
51	36	1
51	37	3
51	39	2
51	40	1
51	41	2
51	42	1
51	43	1
51	45	2
51	47	4
51	48	5
51	49	5
51	50	7
52	2	3
52	4	1
52	5	1
52	6	6
52	7	3
52	8	4
52	9	5
52	10	5
52	11	3
52	12	4
52	13	3
52	14	1
52	15	1
52	16	5
52	17	1
52	18	3
52	19	3
52	20	3
52	21	1
52	23	1
52	24	4
52	25	2
52	27	1
52	28	3
52	31	3
52	33	3
52	37	3
52	38	4
52	39	3
52	40	2
52	41	2
52	42	1
52	43	1
52	44	1
52	45	2
52	46	2
52	47	4
52	48	10
52	49	6
52	50	3
52	51	14
53	1	3
53	2	1
53	3	2
53	4	2
53	5	6
53	6	3
53	7	3
53	8	12
53	9	6
53	10	4
53	11	2
53	12	3
53	14	5
53	15	4
53	16	2
53	17	1
53	18	3
53	19	1
53	20	3
53	21	1
53	22	1
53	23	1
53	24	2
53	25	5
53	27	5
53	28	5
53	29	3
53	30	2
53	31	4
53	32	1
53	33	1
53	34	7
53	35	1
53	36	3
53	37	3
53	38	4
53	39	6
53	40	5
53	41	5
53	42	1
53	43	4
53	44	2
53	45	4
53	46	3
53	47	7
53	48	6
53	49	8
53	50	5
53	51	2
54	3	3
54	4	1
54	5	4
54	6	2
54	7	2
54	8	1
54	9	3
54	10	1
54	11	4
54	12	2
54	13	2
54	14	2
54	15	2
54	16	2
54	18	3
54	19	1
54	20	2
54	21	4
54	22	1
54	23	2
54	24	1
54	25	5
54	26	2
54	27	6
54	28	11
54	29	3
54	30	5
54	31	7
54	32	2
54	34	7
54	35	3
54	36	1
54	37	2
54	38	7
54	39	3
54	40	1
54	41	3
54	42	4
54	43	3
54	44	5
54	46	4
54	47	4
54	48	4
54	49	6
54	50	5
54	51	5
54	52	4
54	53	13
55	0	1
55	1	2
55	2	3
55	3	4
55	4	2
55	5	3
55	6	5
55	7	4
55	8	6
55	9	4
55	10	3
55	11	1
55	12	3
55	13	1
55	15	3
55	16	1
55	17	1
55	18	1
55	20	2
55	21	2
55	22	1
55	23	3
55	24	2
55	25	2
55	26	1
55	27	4
55	28	5
55	30	7
55	31	1
55	32	2
55	33	6
55	34	3
55	35	1
55	36	4
55	37	2
55	38	2
55	39	1
55	40	3
55	41	5
55	42	4
55	43	6
55	44	6
55	45	5
55	46	4
55	47	6
55	48	4
55	49	4
55	50	3
55	51	7
55	52	2
55	53	3
55	54	12
56	3	5
56	4	1
56	5	5
56	6	4
56	7	4
56	8	4
56	9	3
56	10	4
56	12	2
56	14	2
56	15	1
56	16	5
56	17	1
56	18	2
56	19	2
56	20	2
56	21	1
56	22	3
56	23	2
56	24	3
56	25	3
56	26	4
56	27	3
56	28	5
56	29	2
56	30	2
56	31	4
56	33	1
56	34	2
56	37	3
56	38	2
56	39	1
56	40	1
56	41	3
56	42	2
56	43	3
56	44	2
56	46	5
56	47	5
56	48	6
56	49	2
56	50	4
56	51	4
56	52	4
56	53	4
56	54	7
56	55	18
57	2	1
57	3	1
57	4	2
57	5	3
57	6	7
57	7	5
57	8	6
57	9	5
57	10	2
57	11	2
57	12	2
57	13	2
57	14	2
57	15	4
57	16	5
57	17	4
57	18	3
57	19	1
57	20	3
57	21	3
57	22	1
57	23	5
57	24	2
57	25	3
57	26	1
57	27	3
57	28	3
57	29	1
57	32	2
57	33	2
57	35	2
57	36	6
57	37	2
57	38	2
57	39	1
57	40	2
57	41	1
57	42	1
57	43	4
57	44	3
57	45	1
57	46	4
57	47	2
57	48	5
57	49	5
57	50	5
57	51	6
57	52	2
57	53	3
57	54	5
57	55	6
57	56	5
58	1	1
58	3	1
58	4	4
58	5	7
58	6	2
58	7	3
58	8	4
58	9	1
58	10	1
58	11	2
58	12	1
58	13	1
58	14	3
58	15	3
58	16	3
58	17	4
58	18	4
58	19	4
58	20	2
58	21	2
58	22	3
58	24	2
58	27	3
58	28	5
58	30	7
58	31	1
58	32	4
58	35	3
58	36	1
58	37	1
58	38	5
58	39	3
58	40	6
58	41	4
58	42	2
58	43	1
58	44	7
58	45	3
58	46	3
58	47	3
58	48	1
58	49	1
58	50	4
58	51	1
58	52	4
58	53	4
58	54	6
58	55	11
58	56	6
58	57	10
59	0	1
59	2	2
59	3	1
59	4	2
59	6	2
59	7	1
59	8	2
59	10	2
59	12	2
59	13	2
59	15	3
59	16	1
59	19	1
59	22	2
59	23	1
59	24	4
59	25	4
59	26	1
59	27	2
59	28	4
59	29	3
59	30	3
59	31	2
59	33	1
59	34	1
59	35	1
59	36	3
59	40	2
59	41	1
59	44	1
59	46	1
59	47	1
59	49	2
59	50	1
59	51	3
59	52	1
59	53	1
59	54	1
59	55	2
59	56	3
59	57	3
59	58	3
60	0	7
60	1	8
60	2	1
60	4	1
60	5	1
60	7	1
60	8	1
60	9	1
60	10	1
60	11	2
60	13	1
60	15	2
60	16	2
60	20	1
60	21	1
60	25	1
60	27	3
60	28	2
60	30	4
60	31	1
60	32	2
60	33	2
60	36	3
60	38	2
60	40	1
60	41	1
60	42	3
60	43	2
60	44	7
60	45	4
60	46	2
60	47	1
60	48	2
60	49	4
60	51	4
60	53	4
60	54	2
60	55	2
60	56	1
60	57	3
60	58	3
60	59	2
