1	0	14
2	0	11
2	1	10
3	0	2
4	1	1
4	3	9
5	1	1
5	2	1
5	3	6
5	4	3
6	3	3
6	4	3
6	5	6
7	0	1
7	3	4
7	4	6
7	5	3
7	6	11
8	1	2
8	3	5
8	4	5
8	5	3
8	6	7
8	7	13
9	2	1
9	3	2
9	4	3
9	5	1
9	6	5
9	7	2
9	8	9
10	0	1
10	3	3
10	4	2
10	5	2
10	6	2
10	7	3
10	8	12
10	9	9
11	0	1
11	2	1
11	4	3
11	5	4
11	6	4
11	7	1
11	8	5
11	9	5
11	10	8
12	1	2
12	4	4
12	5	2
12	6	3
12	7	3
12	8	7
12	9	9
12	10	8
12	11	11
13	1	1
13	2	1
13	3	6
13	4	1
13	5	2
13	6	3
13	7	4
13	8	8
13	9	8
13	10	12
13	11	4
13	12	3
14	0	1
14	3	3
14	4	2
14	5	1
14	6	1
14	7	2
14	8	3
14	9	6
14	10	4
14	11	2
14	13	3
15	1	2
15	3	2
15	4	1
15	5	2
15	6	2
15	7	5
15	8	8
15	9	8
15	10	3
15	11	2
15	12	1
15	13	5
15	14	20
16	0	2
16	1	2
16	3	3
16	5	2
16	6	3
16	7	5
16	8	2
16	9	2
16	11	4
16	12	2
16	13	7
16	14	5
16	15	9
17	1	2
17	3	3
17	4	2
17	5	5
17	6	2
17	7	2
17	8	1
17	9	1
17	10	4
17	11	2
17	12	4
17	13	2
17	14	3
17	15	6
17	16	3
18	2	1
18	3	6
18	4	7
18	5	6
18	6	2
18	7	4
18	8	3
18	10	3
18	11	3
18	12	1
18	13	2
18	14	3
18	15	2
18	16	1
18	17	5
19	3	6
19	4	2
19	5	5
19	6	2
19	7	1
19	8	3
19	10	5
19	11	3
19	12	4
19	13	4
19	14	3
19	15	2
19	16	1
19	17	11
19	18	9
20	3	4
20	4	2
20	5	3
20	7	1
20	8	3
20	10	3
20	11	1
20	12	1
20	13	2
20	14	8
20	15	4
20	16	2
20	17	6
20	18	4
20	19	3
21	2	1
21	3	4
21	4	4
21	5	6
21	6	3
21	7	2
21	8	3
21	9	3
21	10	4
21	12	3
21	13	7
21	14	3
21	15	1
21	16	4
21	17	4
21	18	2
21	19	6
21	20	9
22	3	3
22	4	3
22	5	6
22	6	1
22	7	1
22	8	2
22	9	1
22	10	2
22	11	1
22	12	2
22	13	2
22	14	2
22	15	1
22	16	4
22	17	5
22	18	2
22	19	3
22	20	3
23	3	3
23	4	4
23	5	6
23	7	3
23	8	2
23	9	2
23	10	2
23	12	2
23	13	2
23	14	1
23	15	4
23	17	6
23	18	2
23	19	6
23	21	4
23	22	5
24	0	1
24	3	4
24	4	5
24	5	2
24	6	7
24	7	7
24	8	8
24	9	7
24	10	3
24	11	2
24	12	4
24	13	3
24	14	2
24	15	3
24	16	5
24	17	3
24	18	2
24	19	1
24	20	2
24	21	8
24	22	4
24	23	3
25	0	1
25	3	5
25	4	6
25	5	1
25	6	2
25	7	1
25	8	2
25	9	3
25	10	1
25	11	3
25	12	1
25	13	5
25	15	1
25	16	1
25	17	5
25	18	3
25	19	7
25	21	3
25	22	6
25	23	5
25	24	7
26	3	2
26	5	2
26	8	2
26	9	1
26	10	3
26	11	3
26	12	3
26	13	1
26	14	2
26	18	3
26	19	1
26	20	1
26	22	2
26	23	6
26	24	2
26	25	6
27	3	1
27	4	3
27	5	2
27	6	3
27	7	3
27	8	4
27	9	9
27	10	7
27	11	3
27	12	5
27	13	3
27	14	2
27	15	6
27	16	1
27	17	3
27	18	2
27	19	4
27	20	6
27	21	1
27	22	2
27	23	5
27	24	6
27	25	3
27	26	3
28	3	4
28	4	4
28	5	4
28	6	1
28	8	4
28	9	6
28	10	3
28	11	3
28	12	3
28	13	6
28	14	1
28	15	2
28	16	2
28	17	1
28	19	2
28	21	7
28	22	3
28	23	1
28	24	4
28	25	3
28	26	2
28	27	13
29	3	2
29	4	3
29	5	3
29	6	4
29	7	1
29	8	2
29	9	1
29	10	2
29	11	3
29	12	6
29	13	3
29	17	2
29	19	1
29	22	1
29	25	6
29	26	3
29	27	9
29	28	10
30	1	2
30	2	4
30	4	1
30	5	2
30	6	2
30	8	2
30	9	1
30	11	5
30	12	4
30	14	1
30	15	2
30	16	1
30	18	1
30	21	2
30	23	1
30	24	4
30	25	4
30	27	3
30	28	4
30	29	4
31	1	1
31	4	2
31	6	5
31	7	3
31	8	2
31	9	2
31	10	2
31	11	3
31	12	4
31	13	1
31	15	1
31	18	1
31	22	4
31	23	2
31	24	2
31	25	5
31	27	4
31	28	5
31	29	4
31	30	10
32	2	2
32	4	1
32	5	2
32	8	1
32	9	2
32	10	3
32	11	1
32	12	3
32	16	4
32	17	1
32	18	3
32	21	1
32	24	2
32	25	1
32	27	1
32	28	5
32	29	2
32	30	8
32	31	3
33	1	3
33	3	1
33	4	1
33	5	3
33	6	2
33	8	2
33	9	2
33	10	5
33	11	2
33	12	2
33	13	3
33	15	1
33	17	2
33	22	1
33	23	4
33	24	3
33	25	1
33	26	3
33	27	1
33	28	2
33	29	3
33	30	7
33	31	5
33	32	9
34	0	1
34	1	3
34	2	1
34	4	5
34	5	2
34	6	1
34	8	2
34	9	2
34	10	1
34	11	1
34	12	8
34	13	3
34	15	2
34	16	1
34	17	2
34	21	2
34	24	2
34	25	1
34	27	2
34	28	5
34	30	8
34	31	17
34	32	8
34	33	9
35	1	1
35	2	1
35	3	4
35	4	5
35	5	1
35	7	2
35	8	5
35	9	2
35	10	5
35	11	7
35	12	3
35	13	5
35	14	2
35	16	1
35	17	1
35	18	3
35	20	2
35	23	4
35	24	5
35	25	6
35	26	4
35	27	7
35	28	2
35	29	5
35	30	6
35	32	1
35	33	1
35	34	2
36	3	1
36	5	5
36	6	2
36	7	2
36	8	3
36	9	5
36	10	10
36	11	12
36	12	3
36	13	6
36	14	3
36	15	1
36	16	5
36	18	1
36	19	2
36	20	3
36	21	1
36	22	2
36	23	7
36	24	1
36	25	4
36	26	1
36	27	4
36	28	3
36	29	3
36	30	1
36	31	2
36	35	12
37	2	1
37	3	3
37	4	1
37	5	1
37	6	2
37	8	2
37	9	7
37	10	6
37	11	4
37	12	2
37	13	5
37	16	4
37	17	6
37	18	4
37	19	2
37	20	2
37	21	1
37	22	3
37	23	4
37	24	4
37	25	5
37	26	1
37	27	4
37	28	6
37	29	7
37	30	3
37	31	4
37	33	2
37	34	4
37	35	20
37	36	6
38	3	3
38	4	2
38	5	5
38	6	4
38	8	7
38	9	7
38	10	7
38	11	4
38	12	9
38	13	3
38	14	2
38	15	2
38	16	3
38	17	2
38	18	2
38	19	3
38	20	1
38	21	2
38	22	4
38	23	2
38	24	3
38	25	6
38	27	6
38	28	8
38	29	4
38	30	3
38	31	2
38	32	1
38	33	3
38	34	1
38	35	14
38	36	3
38	37	13
39	3	6
39	4	4
39	5	3
39	6	3
39	7	1
39	8	2
39	9	5
39	10	2
39	12	8
39	13	2
39	14	2
39	17	2
39	18	1
39	19	1
39	20	2
39	21	2
39	22	4
39	23	5
39	24	4
39	25	5
39	26	4
39	27	5
39	28	6
39	29	4
39	30	3
39	31	2
39	32	1
39	33	1
39	34	1
39	35	5
39	36	4
39	37	6
39	38	12
40	1	3
40	3	4
40	4	5
40	5	7
40	6	5
40	7	5
40	8	3
40	9	3
40	10	4
40	11	2
40	12	1
40	13	4
40	14	3
40	15	1
40	16	1
40	17	2
40	18	3
40	20	1
40	21	1
40	22	2
40	23	1
40	24	3
40	25	3
40	26	2
40	27	3
40	28	7
40	29	1
40	30	2
40	31	1
40	32	1
40	33	5
40	34	2
40	35	4
40	36	4
40	37	3
40	38	8
40	39	5
41	2	1
41	3	1
41	4	1
41	5	7
41	6	2
41	7	1
41	8	5
41	9	2
41	10	1
41	11	5
41	12	2
41	13	1
41	14	1
41	17	4
41	18	1
41	19	3
41	21	1
41	22	1
41	23	3
41	24	2
41	25	4
41	26	2
41	27	6
41	28	5
41	29	2
41	30	4
41	31	6
41	32	2
41	33	2
41	34	4
41	35	2
41	36	2
41	37	2
41	38	6
41	39	1
41	40	13
42	0	1
42	1	1
42	4	1
42	5	3
42	6	2
42	7	1
42	8	4
42	9	1
42	11	1
42	12	3
42	13	4
42	15	3
42	17	2
42	18	3
42	21	1
42	22	1
42	24	4
42	25	1
42	27	3
42	28	6
42	29	2
42	30	6
42	31	4
42	32	2
42	33	5
42	34	4
42	35	3
42	37	2
42	38	1
42	39	1
42	40	1
42	41	1
43	1	1
43	2	3
43	4	2
43	6	1
43	7	2
43	8	4
43	10	2
43	11	2
43	12	1
43	13	2
43	14	2
43	15	3
43	20	3
43	24	2
43	25	3
43	27	4
43	28	2
43	29	2
43	30	7
43	31	8
43	32	2
43	33	9
43	38	3
43	40	6
43	42	7
44	0	1
44	1	1
44	2	2
44	4	1
44	6	1
44	8	1
44	9	1
44	11	1
44	12	2
44	13	1
44	15	1
44	16	4
44	22	1
44	23	2
44	24	1
44	27	1
44	30	4
44	31	2
44	32	2
44	33	5
44	34	6
44	35	1
44	36	3
44	38	2
44	41	2
44	42	4
44	43	16
45	1	1
45	2	1
45	3	3
45	7	1
45	8	2
45	10	2
45	12	3
45	13	1
45	14	1
45	16	1
45	18	3
45	27	1
45	28	1
45	31	3
45	32	3
45	33	3
45	38	1
45	40	1
45	42	2
45	43	8
45	44	10
46	0	2
46	1	3
46	2	2
46	4	1
46	6	2
46	8	2
46	9	1
46	12	2
46	13	2
46	15	1
46	18	3
46	19	1
46	20	2
46	23	1
46	25	1
46	27	2
46	28	2
46	29	3
46	30	9
46	31	3
46	32	8
46	33	3
46	34	3
46	35	1
46	38	3
46	39	2
46	40	2
46	41	3
46	42	4
46	43	7
46	44	5
46	45	15
47	2	3
47	3	1
47	4	1
47	5	2
47	6	2
47	8	5
47	9	2
47	10	2
47	11	3
47	12	3
47	13	5
47	14	3
47	15	1
47	16	4
47	17	1
47	19	1
47	20	3
47	22	3
47	24	2
47	25	3
47	27	1
47	28	2
47	30	6
47	31	3
47	32	1
47	33	4
47	34	1
47	36	2
47	37	2
47	38	1
47	39	2
47	40	1
47	41	3
47	42	7
47	43	1
47	44	1
47	45	5
47	46	6
48	0	1
48	3	3
48	4	2
48	5	1
48	6	3
48	7	3
48	8	6
48	9	3
48	10	4
48	11	5
48	12	4
48	13	4
48	14	3
48	15	1
48	16	2
48	17	2
48	18	1
48	19	2
48	20	1
48	22	1
48	23	2
48	24	4
48	25	3
48	27	6
48	30	2
48	31	3
48	33	1
48	34	1
48	36	2
48	39	1
48	40	4
48	41	6
48	42	6
48	43	1
48	44	2
48	45	1
48	46	2
48	47	9
49	2	1
49	3	2
49	4	2
49	6	10
49	7	8
49	8	13
49	9	6
49	10	11
49	11	7
49	12	13
49	13	6
49	14	1
49	15	5
49	16	2
49	17	2
49	18	6
49	20	4
49	21	4
49	22	2
49	23	7
49	24	2
49	26	3
49	27	2
49	28	4
49	29	1
49	30	6
49	31	3
49	32	4
49	33	1
49	34	2
49	35	3
49	37	4
49	38	6
49	39	5
49	40	6
49	41	7
49	42	3
49	43	4
49	45	2
49	46	3
49	47	10
49	48	9
50	3	2
50	5	3
50	6	5
50	7	9
50	8	11
50	9	2
50	10	2
50	11	2
50	12	5
50	13	2
50	14	4
50	15	4
50	16	4
50	17	2
50	19	1
50	20	2
50	23	3
50	24	2
50	25	3
50	27	2
50	28	1
50	29	1
50	30	2
50	31	1
50	33	1
50	34	2
50	35	1
50	36	2
50	39	5
50	40	2
50	41	3
50	42	5
50	43	5
50	45	3
50	47	5
50	48	7
50	49	3
51	1	2
51	3	8
51	4	4
51	5	7
51	6	8
51	7	12
51	8	4
51	9	4
51	10	5
51	11	6
51	12	3
51	13	6
51	14	5
51	15	2
51	16	7
51	17	5
51	18	1
51	19	1
51	20	1
51	21	1
51	22	1
51	23	2
51	24	6
51	25	2
51	27	5
51	28	2
51	29	3
51	32	2
51	33	1
51	34	2
51	35	2
51	36	3
51	37	1
51	38	2
51	39	1
51	40	5
51	41	4
51	42	1
51	44	1
51	45	2
51	46	2
51	47	2
51	48	1
51	49	9
51	50	9
52	3	2
52	5	2
52	6	4
52	7	4
52	8	6
52	9	6
52	10	6
52	11	2
52	12	3
52	13	5
52	14	2
52	15	7
52	16	3
52	17	3
52	19	1
52	20	1
52	21	1
52	22	2
52	23	2
52	24	1
52	25	3
52	27	1
52	28	2
52	30	1
52	31	1
52	32	1
52	33	4
52	34	2
52	35	2
52	36	3
52	37	2
52	38	4
52	40	4
52	41	1
52	42	1
52	43	5
52	45	2
52	46	3
52	47	1
52	48	4
52	49	5
52	50	5
52	51	12
53	1	1
53	3	4
53	4	2
53	5	3
53	6	9
53	7	4
53	8	6
53	9	4
53	10	3
53	11	6
53	12	4
53	13	6
53	14	1
53	15	2
53	16	2
53	17	1
53	18	6
53	19	2
53	20	2
53	21	3
53	22	2
53	23	3
53	24	3
53	25	3
53	26	1
53	27	5
53	28	6
53	29	1
53	30	3
53	31	7
53	32	1
53	33	3
53	34	5
53	35	3
53	36	2
53	37	2
53	38	5
53	39	4
53	40	5
53	41	5
53	42	4
53	43	5
53	44	2
53	45	2
53	46	3
53	47	5
53	48	5
53	49	16
53	50	3
53	52	8
54	0	1
54	3	3
54	4	3
54	5	4
54	6	5
54	7	6
54	8	2
54	9	2
54	10	5
54	11	4
54	12	2
54	13	4
54	15	2
54	16	2
54	17	1
54	18	2
54	19	2
54	20	1
54	23	3
54	24	4
54	25	2
54	26	4
54	27	5
54	28	6
54	29	6
54	30	6
54	31	4
54	32	2
54	33	8
54	34	4
54	35	3
54	36	2
54	38	5
54	39	1
54	40	3
54	41	1
54	42	7
54	43	1
54	45	2
54	46	2
54	47	4
54	48	6
54	49	5
54	50	4
54	51	1
54	52	6
54	53	9
55	0	1
55	1	2
55	2	1
55	3	1
55	4	3
55	5	7
55	6	4
55	7	5
55	8	3
55	9	4
55	10	4
55	11	3
55	12	3
55	13	4
55	14	2
55	15	3
55	16	3
55	19	1
55	20	2
55	21	2
55	22	2
55	23	2
55	24	2
55	25	3
55	26	3
55	27	7
55	28	7
55	29	6
55	30	1
55	31	4
55	32	1
55	33	2
55	34	3
55	35	2
55	36	3
55	37	2
55	38	5
55	39	1
55	40	3
55	41	2
55	42	3
55	43	4
55	44	4
55	45	2
55	46	1
55	47	3
55	48	5
55	49	4
55	50	5
55	51	2
55	52	2
55	53	10
55	54	8
56	1	2
56	2	1
56	3	5
56	4	3
56	5	4
56	6	7
56	7	5
56	8	6
56	9	3
56	10	4
56	11	4
56	12	4
56	13	4
56	14	3
56	15	3
56	16	5
56	17	1
56	18	2
56	19	5
56	20	3
56	21	3
56	22	1
56	23	1
56	24	3
56	25	3
56	26	2
56	27	4
56	28	1
56	29	1
56	30	2
56	31	4
56	32	2
56	33	1
56	34	2
56	35	4
56	36	2
56	37	2
56	38	2
56	39	2
56	40	2
56	41	3
56	42	1
56	43	4
56	44	1
56	45	1
56	47	3
56	48	3
56	49	3
56	50	8
56	51	5
56	52	6
56	53	1
56	54	8
56	55	10
57	3	2
57	4	6
57	5	6
57	6	3
57	7	3
57	8	10
57	9	2
57	10	4
57	11	3
57	12	1
57	13	1
57	15	5
57	16	3
57	17	4
57	18	3
57	19	3
57	20	3
57	21	1
57	22	1
57	23	2
57	24	7
57	25	1
57	26	2
57	27	7
57	28	4
57	29	1
57	30	1
57	31	4
57	32	2
57	34	2
57	35	1
57	36	4
57	37	3
57	38	1
57	39	2
57	40	1
57	41	5
57	42	3
57	43	4
57	44	1
57	45	2
57	46	1
57	47	8
57	48	2
57	49	4
57	50	6
57	51	3
57	52	6
57	53	3
57	54	5
57	55	11
57	56	11
58	1	1
58	3	1
58	4	2
58	5	3
58	6	6
58	7	8
58	8	1
58	9	2
58	10	2
58	11	4
58	12	1
58	13	1
58	14	1
58	15	4
58	16	3
58	19	3
58	20	1
58	22	1
58	23	2
58	24	3
58	26	2
58	27	4
58	28	3
58	30	5
58	31	2
58	32	1
58	33	1
58	34	2
58	35	4
58	36	2
58	37	2
58	38	2
58	40	3
58	42	1
58	43	3
58	44	2
58	45	1
58	46	4
58	47	2
58	48	2
58	49	6
58	50	1
58	51	4
58	52	4
58	53	6
58	54	5
58	55	7
58	56	12
58	57	16
59	3	1
59	4	4
59	5	2
59	6	2
59	7	1
59	8	4
59	10	3
59	13	1
59	14	1
59	15	2
59	17	1
59	19	6
59	22	2
59	23	3
59	24	3
59	25	4
59	27	4
59	28	1
59	29	2
59	30	1
59	31	1
59	33	1
59	34	3
59	35	2
59	36	2
59	38	3
59	41	1
59	43	1
59	44	2
59	45	2
59	46	3
59	47	1
59	49	1
59	50	3
59	51	2
59	52	3
59	53	1
59	55	4
59	56	3
59	57	3
59	58	2
60	0	2
60	1	3
60	2	6
60	4	2
60	8	4
60	9	1
60	10	2
60	11	2
60	12	2
60	13	1
60	16	2
60	27	2
60	30	2
60	31	3
60	32	3
60	33	5
60	34	1
60	35	2
60	38	2
60	39	1
60	40	2
60	41	2
60	42	3
60	43	1
60	44	2
60	45	4
60	46	2
60	47	2
60	49	3
60	51	4
60	52	1
60	53	2
60	54	1
60	55	4
60	56	1
60	57	1
60	58	2
60	59	1
