1	0	11
2	0	6
2	1	5
3	2	1
4	3	8
5	2	1
5	3	7
5	4	15
6	1	2
6	3	3
6	4	1
6	5	6
7	1	2
7	3	2
7	4	3
7	5	2
7	6	5
8	2	2
8	3	8
8	4	5
8	5	5
8	6	7
8	7	9
9	2	1
9	3	2
9	4	2
9	5	5
9	6	4
9	7	5
9	8	8
10	0	1
10	1	1
10	2	2
10	3	2
10	4	3
10	5	2
10	6	4
10	7	6
10	8	4
10	9	21
11	2	1
11	3	2
11	4	3
11	6	2
11	7	4
11	8	1
11	9	8
11	10	16
12	1	1
12	3	1
12	4	6
12	6	5
12	8	7
12	9	9
12	10	9
12	11	11
13	2	2
13	3	1
13	4	3
13	6	4
13	7	9
13	8	4
13	9	4
13	10	12
13	11	8
13	12	7
14	1	1
14	3	4
14	4	2
14	5	3
14	6	4
14	7	5
14	8	4
14	9	1
14	10	4
14	11	2
14	12	2
14	13	4
15	1	3
15	3	1
15	5	1
15	6	3
15	7	2
15	8	4
15	9	1
15	10	4
15	11	1
15	12	2
15	13	9
15	14	7
16	1	1
16	3	2
16	4	2
16	5	2
16	6	4
16	7	7
16	8	4
16	9	4
16	10	1
16	11	4
16	12	6
16	13	6
16	14	5
16	15	10
17	2	1
17	3	2
17	4	6
17	5	2
17	6	4
17	7	6
17	8	2
17	9	3
17	10	8
17	11	1
17	12	2
17	13	3
17	14	3
17	15	3
17	16	5
18	2	2
18	3	8
18	4	8
18	5	6
18	6	2
18	7	1
18	8	3
18	9	4
18	10	6
18	11	3
18	12	3
18	13	3
18	14	3
18	15	1
18	16	2
18	17	8
19	1	1
19	3	3
19	4	4
19	5	5
19	6	3
19	7	4
19	8	5
19	9	1
19	10	1
19	11	1
19	12	3
19	13	2
19	14	3
19	15	4
19	16	3
19	17	7
19	18	15
20	3	2
20	4	4
20	5	2
20	6	2
20	8	3
20	9	2
20	10	6
20	11	2
20	13	2
20	14	5
20	15	3
20	16	2
20	17	4
20	18	5
20	19	5
21	3	1
21	4	4
21	5	3
21	6	1
21	7	4
21	8	3
21	9	5
21	11	2
21	12	2
21	13	2
21	14	5
21	15	9
21	16	6
21	17	9
21	18	1
21	19	9
21	20	8
22	2	1
22	3	3
22	4	3
22	5	1
22	6	3
22	7	4
22	8	3
22	9	2
22	10	3
22	11	2
22	13	4
22	15	3
22	16	2
22	17	5
22	18	3
22	19	4
22	20	2
22	21	3
23	1	1
23	3	3
23	4	1
23	5	4
23	6	3
23	7	1
23	8	4
23	9	2
23	10	1
23	11	3
23	12	1
23	13	3
23	14	2
23	15	1
23	16	3
23	17	6
23	18	7
23	19	2
23	20	4
23	21	2
23	22	7
24	3	2
24	4	3
24	5	4
24	6	6
24	7	7
24	8	7
24	9	6
24	10	4
24	11	5
24	12	7
24	13	8
24	14	3
24	15	1
24	16	8
24	17	9
24	18	5
24	19	3
24	20	2
24	21	8
24	22	5
24	23	9
25	0	2
25	3	3
25	4	1
25	5	3
25	6	2
25	7	4
25	8	4
25	9	2
25	10	2
25	11	7
25	12	5
25	13	3
25	14	5
25	16	4
25	17	2
25	18	4
25	19	2
25	20	1
25	21	2
25	22	7
25	23	6
25	24	8
26	4	3
26	5	2
26	8	2
26	9	4
26	10	3
26	12	1
26	13	1
26	14	2
26	15	1
26	17	3
26	18	1
26	20	1
26	21	3
26	22	3
26	23	1
26	24	3
26	25	6
27	1	1
27	2	2
27	4	6
27	5	2
27	6	4
27	7	4
27	8	4
27	9	9
27	10	10
27	11	5
27	12	3
27	13	3
27	14	1
27	15	2
27	16	2
27	17	1
27	18	2
27	19	4
27	21	2
27	22	3
27	23	7
27	24	6
27	25	7
27	26	4
28	2	1
28	4	4
28	6	5
28	7	2
28	8	2
28	9	7
28	10	6
28	11	3
28	12	5
28	13	3
28	15	4
28	16	5
28	17	3
28	18	2
28	19	2
28	20	2
28	21	2
28	22	2
28	23	6
28	24	1
28	25	3
28	26	3
28	27	14
29	4	2
29	5	4
29	6	3
29	7	1
29	8	3
29	9	2
29	10	2
29	11	3
29	12	1
29	14	2
29	17	3
29	19	1
29	21	1
29	22	1
29	23	3
29	24	2
29	25	2
29	26	3
29	27	4
29	28	16
30	1	2
30	2	2
30	3	1
30	4	4
30	6	5
30	7	6
30	8	1
30	9	2
30	10	4
30	11	4
30	12	6
30	13	3
30	15	5
30	16	1
30	17	1
30	19	1
30	23	1
30	24	2
30	25	1
30	27	1
30	28	1
30	29	4
31	1	1
31	2	1
31	3	3
31	4	2
31	5	1
31	6	2
31	7	1
31	8	6
31	10	3
31	12	3
31	13	1
31	15	2
31	19	2
31	21	1
31	23	2
31	24	2
31	27	2
31	28	2
31	29	2
31	30	8
32	2	1
32	4	6
32	5	2
32	6	3
32	8	1
32	9	1
32	10	1
32	11	2
32	12	1
32	14	1
32	16	1
32	17	1
32	19	1
32	22	1
32	24	2
32	27	2
32	28	4
32	30	3
32	31	5
33	0	1
33	1	2
33	2	2
33	3	1
33	6	1
33	7	3
33	8	3
33	9	1
33	10	4
33	11	2
33	12	3
33	13	1
33	15	1
33	16	2
33	17	2
33	22	2
33	23	1
33	24	1
33	25	2
33	26	1
33	27	1
33	28	2
33	29	3
33	30	8
33	31	5
33	32	10
34	2	1
34	4	1
34	5	2
34	6	2
34	7	2
34	8	4
34	9	1
34	10	3
34	11	1
34	12	2
34	13	4
34	15	2
34	16	3
34	17	1
34	22	1
34	24	1
34	26	2
34	27	1
34	28	1
34	29	2
34	30	5
34	31	10
34	32	6
34	33	10
35	1	1
35	4	3
35	5	6
35	6	6
35	7	1
35	8	1
35	9	7
35	10	6
35	11	2
35	12	1
35	13	3
35	14	2
35	16	1
35	17	4
35	18	4
35	19	1
35	20	3
35	21	2
35	22	2
35	23	4
35	24	5
35	25	9
35	26	4
35	27	7
35	28	5
35	29	6
35	30	5
35	31	3
35	32	1
35	33	1
35	34	2
36	4	2
36	5	2
36	6	2
36	7	5
36	8	6
36	9	6
36	10	2
36	11	3
36	12	6
36	13	4
36	14	2
36	15	1
36	16	5
36	17	1
36	18	2
36	19	2
36	20	2
36	21	4
36	22	3
36	23	3
36	24	5
36	25	4
36	26	1
36	27	1
36	28	3
36	29	3
36	30	1
36	32	1
36	33	3
36	35	12
37	2	2
37	3	4
37	4	1
37	5	1
37	6	2
37	8	1
37	9	2
37	10	5
37	11	1
37	12	2
37	13	3
37	14	1
37	15	1
37	16	1
37	17	2
37	18	3
37	19	2
37	20	1
37	21	2
37	22	3
37	23	4
37	24	8
37	25	10
37	26	5
37	27	5
37	28	1
37	30	2
37	31	2
37	33	2
37	34	1
37	35	16
37	36	4
38	1	2
38	2	2
38	4	4
38	5	4
38	6	3
38	8	5
38	9	7
38	10	1
38	11	6
38	12	3
38	13	5
38	14	1
38	15	2
38	16	4
38	17	6
38	18	3
38	19	1
38	20	2
38	21	2
38	22	4
38	23	5
38	24	4
38	25	7
38	26	3
38	27	8
38	28	8
38	29	1
38	30	1
38	31	3
38	32	3
38	33	3
38	34	2
38	35	11
38	36	1
38	37	13
39	3	3
39	4	3
39	7	3
39	8	3
39	9	2
39	10	5
39	11	4
39	12	7
39	13	2
39	15	1
39	17	2
39	18	2
39	19	3
39	20	3
39	21	1
39	22	3
39	23	2
39	24	2
39	25	2
39	26	2
39	27	4
39	28	2
39	31	1
39	32	3
39	34	2
39	35	7
39	36	7
39	37	6
39	38	12
40	1	2
40	3	3
40	4	2
40	5	5
40	6	3
40	8	1
40	9	1
40	10	5
40	11	5
40	12	2
40	13	6
40	16	1
40	17	2
40	18	1
40	19	1
40	20	3
40	21	3
40	22	3
40	23	3
40	25	6
40	26	2
40	27	6
40	28	6
40	29	5
40	30	5
40	31	5
40	32	1
40	33	4
40	34	2
40	35	4
40	36	1
40	37	6
40	38	5
40	39	8
41	2	2
41	4	4
41	5	4
41	6	6
41	7	5
41	8	5
41	9	3
41	10	3
41	11	4
41	12	1
41	13	2
41	14	1
41	15	1
41	16	3
41	18	1
41	19	1
41	20	1
41	22	1
41	23	2
41	24	1
41	25	1
41	26	1
41	27	2
41	28	6
41	29	6
41	30	5
41	31	4
41	32	3
41	33	5
41	34	3
41	35	3
41	36	1
41	37	1
41	38	7
41	39	6
41	40	8
42	0	2
42	1	2
42	6	3
42	7	2
42	8	3
42	9	1
42	10	1
42	11	2
42	12	4
42	13	1
42	14	1
42	15	2
42	18	1
42	21	1
42	22	2
42	24	4
42	25	1
42	28	1
42	30	8
42	31	2
42	32	4
42	33	3
42	34	7
42	36	1
42	38	1
42	39	2
42	40	4
42	41	6
43	4	5
43	5	2
43	6	1
43	7	3
43	8	4
43	9	3
43	10	2
43	12	4
43	13	1
43	14	3
43	15	2
43	18	1
43	19	2
43	20	2
43	24	3
43	25	1
43	27	2
43	28	1
43	29	1
43	30	6
43	31	2
43	32	8
43	33	9
43	34	2
43	35	4
43	38	1
43	39	4
43	41	3
43	42	6
44	0	2
44	1	2
44	2	2
44	5	2
44	6	1
44	7	3
44	8	1
44	9	2
44	10	2
44	11	3
44	12	1
44	13	3
44	15	1
44	16	1
44	17	1
44	22	1
44	23	4
44	24	1
44	28	2
44	30	3
44	31	2
44	32	1
44	33	3
44	34	2
44	35	3
44	36	1
44	38	3
44	40	3
44	41	1
44	42	1
44	43	14
45	2	2
45	3	1
45	4	2
45	8	3
45	9	1
45	10	4
45	12	2
45	13	1
45	17	1
45	18	1
45	28	2
45	30	2
45	31	3
45	32	5
45	33	6
45	34	4
45	38	3
45	39	1
45	41	3
45	42	4
45	43	6
45	44	8
46	0	1
46	1	3
46	2	3
46	4	4
46	5	2
46	6	1
46	8	1
46	9	2
46	10	2
46	12	3
46	15	1
46	18	3
46	22	1
46	25	2
46	28	1
46	30	2
46	31	2
46	32	4
46	33	2
46	34	7
46	35	1
46	38	3
46	39	2
46	42	2
46	43	3
46	44	9
46	45	10
47	2	1
47	3	1
47	5	2
47	6	7
47	7	3
47	9	4
47	10	3
47	11	3
47	12	4
47	13	4
47	14	2
47	15	1
47	16	1
47	17	2
47	18	2
47	19	2
47	20	1
47	21	1
47	22	2
47	23	2
47	24	1
47	25	2
47	27	2
47	28	3
47	30	5
47	31	3
47	32	1
47	34	3
47	35	4
47	36	2
47	37	5
47	38	1
47	39	2
47	40	1
47	41	4
47	42	7
47	43	4
47	44	3
47	45	2
47	46	2
48	0	1
48	1	1
48	3	3
48	4	1
48	5	3
48	6	4
48	7	5
48	8	5
48	9	2
48	10	8
48	11	5
48	12	6
48	13	5
48	14	1
48	15	6
48	16	5
48	17	4
48	19	1
48	20	2
48	21	2
48	23	2
48	24	2
48	25	2
48	27	4
48	28	3
48	29	1
48	30	2
48	31	2
48	32	3
48	33	1
48	34	2
48	35	2
48	36	3
48	37	4
48	38	6
48	40	1
48	41	3
48	42	3
48	43	6
48	44	2
48	45	2
48	46	1
48	47	8
49	3	4
49	4	6
49	5	3
49	6	7
49	7	6
49	8	20
49	9	9
49	10	6
49	11	8
49	12	8
49	13	4
49	14	5
49	15	4
49	16	7
49	17	6
49	18	3
49	19	1
49	20	2
49	22	3
49	23	1
49	24	6
49	25	4
49	26	3
49	27	2
49	28	5
49	29	6
49	30	3
49	32	1
49	34	2
49	35	4
49	36	3
49	37	5
49	38	6
49	39	5
49	40	5
49	41	3
49	42	5
49	43	4
49	44	3
49	46	2
49	47	8
49	48	10
50	3	2
50	5	5
50	6	2
50	7	7
50	8	7
50	9	4
50	10	7
50	11	2
50	13	4
50	14	4
50	15	2
50	16	3
50	17	1
50	18	1
50	19	3
50	20	3
50	21	1
50	22	4
50	23	2
50	24	2
50	25	1
50	27	3
50	28	2
50	29	1
50	30	2
50	31	2
50	33	3
50	34	3
50	35	8
50	36	1
50	37	2
50	38	2
50	39	2
50	40	1
50	41	4
50	42	1
50	43	3
50	44	3
50	45	2
50	46	3
50	47	2
50	48	6
50	49	8
51	3	1
51	4	3
51	5	2
51	6	8
51	7	6
51	8	6
51	9	1
51	10	5
51	12	7
51	13	4
51	14	5
51	15	5
51	16	4
51	17	1
51	18	1
51	19	6
51	20	2
51	22	2
51	23	1
51	24	6
51	25	3
51	27	3
51	28	2
51	29	3
51	30	2
51	31	3
51	32	1
51	33	1
51	34	1
51	35	3
51	37	5
51	38	3
51	39	1
51	40	2
51	41	3
51	42	2
51	43	4
51	44	3
51	46	1
51	47	3
51	48	4
51	49	8
51	50	10
52	3	4
52	4	5
52	5	1
52	6	3
52	7	1
52	8	1
52	9	1
52	10	5
52	11	1
52	12	4
52	13	4
52	14	4
52	15	1
52	16	5
52	17	2
52	18	2
52	19	5
52	20	6
52	21	2
52	22	1
52	23	1
52	24	2
52	25	2
52	26	1
52	27	4
52	28	2
52	29	1
52	30	5
52	31	3
52	32	1
52	34	1
52	35	1
52	36	3
52	38	1
52	39	2
52	40	2
52	41	3
52	42	1
52	43	3
52	46	1
52	47	8
52	48	4
52	49	6
52	50	6
52	51	19
53	1	2
53	2	2
53	3	2
53	4	5
53	5	2
53	6	7
53	7	2
53	8	13
53	9	4
53	10	2
53	11	4
53	12	3
53	13	4
53	14	1
53	15	2
53	16	5
53	17	2
53	18	4
53	19	1
53	20	4
53	21	1
53	23	2
53	24	5
53	25	5
53	26	2
53	27	3
53	28	5
53	29	1
53	30	4
53	31	1
53	32	1
53	34	2
53	35	4
53	36	1
53	37	3
53	38	4
53	39	2
53	40	3
53	41	3
53	42	4
53	43	3
53	44	1
53	45	1
53	46	2
53	47	3
53	48	5
53	49	14
53	50	8
53	51	9
53	52	3
54	0	1
54	3	2
54	6	5
54	7	3
54	8	8
54	9	6
54	10	1
54	11	3
54	13	1
54	14	1
54	16	1
54	19	1
54	21	1
54	22	2
54	23	1
54	24	5
54	27	3
54	28	5
54	29	3
54	30	3
54	31	4
54	32	2
54	33	5
54	34	6
54	36	4
54	37	1
54	38	2
54	39	1
54	40	2
54	41	5
54	42	4
54	43	4
54	45	2
54	46	4
54	47	5
54	48	5
54	49	10
54	50	3
54	51	4
54	52	3
54	53	5
55	2	1
55	3	2
55	4	3
55	5	7
55	6	6
55	7	4
55	8	6
55	9	5
55	10	2
55	11	2
55	12	2
55	13	3
55	14	2
55	15	2
55	16	3
55	17	2
55	18	2
55	19	2
55	20	2
55	21	2
55	22	3
55	23	2
55	24	4
55	25	4
55	26	3
55	27	2
55	28	11
55	29	6
55	30	5
55	31	3
55	32	4
55	33	3
55	34	4
55	35	3
55	36	1
55	37	2
55	38	3
55	39	3
55	40	1
55	41	5
55	42	4
55	43	4
55	44	3
55	45	4
55	46	3
55	47	4
55	48	3
55	49	4
55	50	3
55	51	8
55	52	3
55	53	9
55	54	11
56	0	1
56	1	1
56	2	2
56	3	5
56	4	3
56	5	4
56	6	8
56	7	2
56	8	4
56	10	3
56	12	1
56	13	3
56	14	3
56	15	2
56	16	3
56	17	1
56	18	4
56	21	2
56	22	2
56	23	1
56	24	4
56	25	4
56	26	5
56	27	2
56	28	2
56	29	4
56	31	4
56	32	2
56	33	2
56	34	3
56	35	2
56	36	3
56	37	1
56	38	2
56	39	1
56	40	1
56	41	1
56	42	5
56	43	2
56	45	3
56	46	2
56	47	5
56	48	3
56	49	4
56	50	6
56	51	4
56	52	5
56	53	10
56	54	7
56	55	13
57	2	1
57	3	1
57	4	3
57	5	4
57	6	5
57	7	4
57	8	6
57	9	5
57	10	3
57	12	7
57	13	3
57	14	2
57	15	2
57	16	5
57	17	3
57	18	3
57	19	4
57	20	1
57	21	1
57	22	4
57	23	6
57	24	2
57	25	1
57	26	2
57	27	3
57	28	3
57	29	2
57	30	4
57	31	1
57	32	2
57	33	1
57	34	5
57	35	1
57	36	4
57	38	3
57	39	3
57	40	4
57	41	2
57	42	2
57	44	1
57	45	1
57	46	2
57	47	6
57	48	4
57	49	3
57	50	4
57	51	4
57	52	5
57	53	5
57	54	4
57	55	7
57	56	7
58	1	2
58	3	2
58	4	5
58	5	5
58	6	4
58	7	1
58	8	4
58	9	2
58	10	4
58	11	4
58	12	3
58	14	3
58	15	2
58	16	3
58	18	2
58	19	7
58	20	2
58	22	2
58	23	1
58	24	4
58	27	4
58	28	3
58	29	3
58	30	2
58	31	2
58	32	1
58	33	1
58	34	8
58	35	4
58	36	3
58	37	3
58	38	4
58	39	3
58	40	3
58	43	6
58	44	2
58	46	3
58	47	3
58	48	3
58	49	3
58	50	3
58	51	2
58	52	5
58	53	4
58	54	6
58	55	5
58	56	9
58	57	14
59	2	2
59	3	2
59	4	2
59	6	1
59	7	1
59	8	1
59	9	1
59	10	2
59	13	3
59	14	1
59	17	1
59	18	1
59	22	2
59	23	2
59	24	4
59	25	1
59	28	1
59	30	4
59	31	3
59	33	4
59	34	1
59	35	2
59	36	1
59	38	1
59	40	1
59	41	1
59	43	3
59	44	5
59	45	2
59	46	3
59	47	1
59	49	1
59	50	1
59	51	1
59	52	1
59	53	1
59	54	4
59	55	6
59	56	5
59	57	2
59	58	6
60	0	2
60	1	6
60	2	5
60	4	1
60	8	1
60	9	2
60	10	5
60	11	3
60	12	3
60	13	1
60	15	1
60	17	1
60	25	1
60	28	2
60	30	1
60	31	2
60	32	3
60	33	4
60	34	1
60	36	2
60	38	5
60	41	5
60	42	3
60	43	8
60	44	6
60	45	1
60	46	5
60	47	1
60	48	3
60	51	2
60	53	2
60	54	3
60	55	4
60	56	2
60	57	2
60	58	1
60	59	2
