1	0	9
2	0	4
2	1	10
4	3	10
5	0	1
5	3	3
5	4	14
6	1	1
6	3	1
6	4	4
6	5	1
7	1	1
7	3	3
7	4	4
7	5	3
7	6	6
8	2	2
8	3	4
8	4	1
8	5	5
8	6	6
8	7	9
9	2	1
9	3	3
9	4	5
9	5	4
9	6	6
9	7	6
9	8	5
10	1	1
10	2	1
10	4	4
10	5	3
10	6	3
10	7	5
10	8	12
10	9	9
11	0	1
11	1	1
11	2	2
11	4	1
11	6	2
11	7	4
11	8	5
11	9	13
11	10	10
12	3	2
12	4	5
12	5	1
12	6	4
12	7	2
12	8	13
12	9	5
12	10	9
12	11	8
13	3	2
13	4	4
13	5	2
13	6	4
13	7	6
13	8	6
13	9	2
13	10	7
13	11	8
13	12	4
14	1	1
14	3	1
14	4	1
14	5	4
14	7	3
14	8	2
14	9	1
14	10	4
14	11	2
14	12	7
14	13	7
15	0	1
15	1	2
15	3	5
15	4	1
15	5	5
15	7	3
15	8	5
15	9	2
15	10	3
15	11	3
15	12	4
15	13	3
15	14	19
16	3	2
16	4	3
16	5	2
16	6	6
16	7	3
16	8	3
16	9	4
16	10	1
16	11	1
16	12	3
16	13	4
16	14	3
16	15	8
17	3	7
17	4	3
17	5	1
17	6	3
17	7	3
17	8	2
17	9	1
17	10	2
17	11	1
17	12	5
17	13	2
17	14	4
17	15	5
17	16	6
18	2	2
18	3	5
18	4	3
18	5	2
18	6	2
18	7	3
18	8	5
18	10	4
18	11	1
18	12	4
18	13	1
18	14	5
18	15	5
18	16	4
18	17	9
19	2	2
19	3	5
19	4	8
19	5	5
19	6	1
19	7	2
19	8	1
19	9	2
19	10	1
19	11	1
19	13	3
19	14	5
19	15	4
19	16	1
19	17	2
19	18	15
20	0	1
20	3	5
20	4	2
20	7	1
20	8	3
20	9	1
20	10	1
20	11	2
20	12	1
20	13	4
20	14	3
20	15	4
20	16	3
20	17	4
20	18	5
20	19	3
21	1	2
21	2	1
21	3	2
21	4	2
21	5	2
21	6	2
21	7	4
21	8	3
21	9	2
21	10	9
21	12	3
21	14	4
21	15	8
21	16	9
21	17	4
21	18	5
21	19	5
21	20	16
22	3	5
22	4	3
22	5	2
22	6	3
22	7	4
22	8	1
22	9	2
22	10	4
22	13	4
22	14	1
22	15	1
22	17	5
22	18	6
22	19	4
22	20	6
23	1	1
23	3	2
23	4	3
23	5	3
23	6	4
23	7	1
23	8	3
23	9	4
23	10	5
23	11	4
23	12	7
23	13	4
23	15	2
23	16	3
23	17	5
23	19	2
23	20	1
23	21	2
23	22	6
24	3	3
24	4	7
24	5	3
24	6	4
24	7	2
24	8	7
24	9	3
24	10	3
24	11	2
24	12	3
24	13	7
24	14	1
24	15	3
24	16	3
24	17	3
24	18	4
24	19	5
24	20	3
24	21	7
24	22	2
24	23	7
25	2	1
25	4	2
25	5	1
25	6	2
25	7	1
25	8	3
25	9	3
25	10	4
25	11	1
25	13	5
25	14	3
25	15	3
25	16	3
25	17	4
25	18	4
25	19	1
25	21	1
25	22	6
25	24	8
26	1	1
26	3	3
26	4	1
26	5	2
26	8	2
26	9	3
26	11	1
26	12	2
26	13	1
26	14	1
26	15	1
26	17	1
26	18	3
26	19	3
26	21	2
26	22	6
26	23	1
26	24	2
26	25	4
27	2	2
27	3	3
27	4	1
27	5	1
27	6	2
27	7	1
27	8	4
27	9	4
27	10	6
27	11	4
27	12	4
27	13	3
27	15	2
27	16	2
27	17	3
27	18	3
27	19	5
27	20	5
27	21	1
27	22	3
27	23	2
27	24	13
27	25	6
27	26	4
28	2	1
28	3	1
28	4	3
28	5	8
28	6	1
28	7	2
28	8	5
28	9	6
28	10	7
28	11	5
28	12	3
28	13	3
28	14	5
28	15	2
28	16	2
28	17	3
28	19	4
28	20	1
28	21	1
28	22	2
28	23	4
28	24	6
28	25	4
28	26	2
28	27	9
29	3	1
29	4	2
29	5	3
29	6	1
29	7	1
29	8	2
29	9	3
29	10	3
29	11	3
29	12	3
29	14	1
29	17	3
29	19	1
29	22	4
29	23	6
29	24	2
29	25	2
29	26	1
29	27	7
29	28	15
30	1	5
30	2	3
30	3	1
30	4	3
30	5	2
30	6	2
30	7	4
30	8	5
30	10	4
30	11	5
30	12	2
30	13	4
30	14	3
30	15	4
30	16	2
30	18	2
30	19	4
30	21	2
30	23	1
30	24	1
30	25	3
30	27	2
30	28	3
30	29	4
31	1	1
31	2	1
31	4	2
31	5	1
31	6	1
31	7	3
31	8	4
31	9	3
31	11	3
31	12	2
31	13	1
31	15	1
31	19	1
31	20	1
31	21	1
31	22	3
31	23	4
31	24	1
31	25	2
31	27	1
31	28	7
31	29	3
31	30	4
32	2	2
32	5	3
32	8	2
32	9	1
32	10	2
32	11	1
32	15	2
32	16	2
32	17	1
32	18	1
32	23	4
32	27	1
32	28	2
32	30	2
32	31	3
33	1	1
33	4	3
33	5	2
33	6	2
33	7	4
33	8	3
33	10	1
33	11	4
33	12	3
33	15	2
33	16	1
33	17	1
33	22	3
33	23	2
33	24	2
33	25	2
33	26	1
33	28	1
33	29	1
33	30	4
33	31	4
33	32	5
34	1	1
34	5	2
34	6	1
34	7	3
34	9	2
34	10	3
34	11	4
34	12	2
34	13	1
34	15	4
34	16	1
34	21	1
34	22	1
34	23	2
34	24	3
34	25	1
34	27	1
34	28	2
34	29	1
34	30	8
34	31	11
34	32	2
34	33	10
35	1	2
35	2	2
35	3	2
35	4	1
35	5	2
35	6	3
35	7	1
35	9	7
35	10	7
35	11	3
35	12	1
35	13	8
35	15	1
35	16	1
35	17	1
35	18	2
35	19	3
35	20	3
35	21	3
35	22	2
35	23	1
35	24	3
35	25	11
35	26	2
35	27	7
35	28	4
35	29	2
35	30	2
35	32	2
35	33	1
35	34	4
36	3	3
36	6	2
36	7	4
36	8	3
36	9	5
36	10	9
36	11	5
36	12	4
36	13	3
36	14	1
36	15	2
36	17	3
36	18	2
36	19	2
36	20	2
36	21	3
36	22	4
36	23	2
36	24	3
36	25	2
36	26	2
36	27	3
36	28	4
36	29	3
36	30	1
36	31	4
36	32	1
36	33	1
36	35	7
37	3	4
37	4	2
37	5	3
37	6	3
37	7	5
37	8	5
37	9	5
37	10	5
37	11	2
37	12	7
37	13	2
37	14	4
37	15	4
37	16	3
37	17	3
37	18	2
37	19	4
37	20	3
37	21	1
37	23	3
37	24	4
37	25	7
37	26	2
37	27	10
37	28	4
37	29	3
37	30	3
37	31	1
37	33	1
37	34	1
37	35	13
37	36	12
38	1	1
38	3	1
38	4	3
38	5	2
38	6	1
38	7	2
38	8	7
38	9	5
38	10	11
38	11	6
38	12	3
38	13	1
38	14	6
38	17	1
38	18	3
38	19	4
38	20	3
38	21	3
38	23	3
38	24	3
38	25	4
38	26	3
38	27	4
38	28	8
38	29	2
38	30	3
38	33	3
38	34	2
38	35	13
38	36	5
38	37	15
39	0	1
39	3	4
39	4	2
39	5	3
39	6	1
39	7	2
39	8	2
39	9	8
39	10	7
39	11	6
39	12	4
39	14	3
39	15	1
39	16	1
39	17	3
39	18	1
39	19	1
39	21	1
39	23	3
39	24	5
39	25	10
39	27	2
39	28	4
39	29	3
39	30	5
39	31	3
39	32	1
39	33	2
39	35	15
39	36	5
39	37	5
39	38	12
40	3	1
40	4	3
40	5	3
40	6	4
40	7	2
40	8	3
40	9	4
40	10	5
40	11	1
40	12	1
40	14	5
40	15	2
40	16	3
40	17	2
40	18	1
40	19	5
40	20	2
40	21	1
40	22	2
40	23	2
40	24	3
40	25	2
40	26	2
40	27	6
40	28	7
40	29	13
40	30	8
40	31	10
40	32	4
40	33	3
40	34	1
40	35	6
40	36	2
40	37	3
40	38	12
40	39	6
41	1	1
41	2	1
41	3	1
41	4	4
41	5	1
41	6	1
41	7	1
41	8	4
41	9	5
41	10	3
41	11	2
41	12	3
41	13	3
41	14	2
41	16	1
41	17	3
41	18	1
41	19	2
41	20	2
41	21	1
41	22	2
41	23	3
41	24	5
41	25	2
41	26	2
41	27	4
41	28	5
41	29	4
41	30	6
41	31	5
41	32	4
41	33	3
41	34	3
41	35	6
41	36	2
41	37	1
41	38	1
41	39	1
41	40	6
42	1	3
42	4	1
42	5	3
42	6	3
42	7	2
42	8	1
42	9	4
42	10	5
42	11	4
42	12	3
42	13	3
42	14	3
42	15	3
42	18	2
42	21	1
42	22	1
42	24	4
42	27	4
42	28	3
42	29	4
42	30	15
42	31	8
42	32	2
42	33	1
42	34	3
42	35	4
42	36	2
42	37	1
42	38	2
42	39	1
42	40	3
42	41	5
43	2	1
43	4	1
43	5	2
43	6	3
43	7	5
43	8	2
43	10	4
43	11	3
43	13	2
43	16	2
43	17	3
43	18	2
43	19	1
43	27	3
43	28	3
43	29	3
43	30	4
43	31	4
43	32	3
43	33	8
43	34	3
43	35	2
43	37	1
43	38	1
43	39	5
43	40	5
43	42	3
44	0	1
44	1	1
44	2	1
44	5	1
44	6	4
44	7	2
44	9	1
44	10	1
44	11	3
44	12	2
44	13	2
44	14	2
44	15	2
44	16	1
44	20	1
44	23	1
44	24	1
44	28	3
44	29	1
44	30	2
44	31	3
44	32	4
44	33	9
44	34	3
44	35	3
44	38	2
44	40	1
44	41	1
44	42	2
44	43	11
45	1	1
45	2	4
45	8	2
45	9	1
45	10	2
45	12	2
45	14	1
45	15	3
45	17	2
45	18	1
45	25	1
45	27	1
45	28	3
45	29	3
45	30	5
45	31	4
45	32	6
45	33	1
45	34	2
45	35	2
45	38	1
45	39	2
45	40	1
45	41	1
45	42	2
45	43	1
45	44	9
46	1	1
46	2	2
46	5	1
46	6	1
46	8	4
46	9	3
46	10	1
46	12	3
46	13	3
46	15	1
46	18	1
46	20	3
46	22	1
46	23	1
46	25	1
46	27	4
46	28	1
46	29	2
46	30	2
46	31	2
46	32	3
46	33	5
46	34	3
46	35	3
46	36	1
46	38	2
46	40	1
46	42	5
46	43	4
46	44	4
46	45	8
47	2	3
47	3	3
47	4	3
47	5	1
47	7	5
47	8	8
47	9	5
47	10	4
47	12	3
47	13	3
47	14	3
47	15	2
47	16	2
47	17	1
47	18	1
47	19	1
47	20	1
47	21	1
47	22	1
47	24	2
47	25	3
47	27	4
47	29	3
47	30	5
47	31	2
47	32	1
47	33	4
47	34	2
47	35	5
47	36	3
47	37	2
47	38	3
47	39	2
47	40	2
47	41	5
47	42	5
47	43	4
47	45	1
47	46	2
48	0	1
48	1	1
48	2	2
48	3	1
48	4	2
48	5	2
48	6	3
48	7	1
48	8	8
48	9	2
48	10	4
48	11	3
48	12	9
48	13	3
48	14	6
48	15	3
48	16	3
48	17	2
48	18	1
48	20	3
48	21	1
48	22	1
48	23	1
48	24	2
48	25	1
48	26	1
48	27	3
48	28	3
48	30	4
48	31	4
48	32	1
48	33	3
48	34	2
48	35	2
48	36	4
48	38	2
48	39	1
48	40	5
48	41	3
48	44	2
48	45	2
48	46	1
48	47	7
49	2	1
49	3	1
49	4	1
49	5	4
49	6	5
49	7	4
49	8	15
49	9	10
49	10	6
49	11	6
49	12	13
49	13	6
49	14	5
49	15	8
49	16	6
49	17	5
49	18	2
49	19	3
49	21	4
49	22	4
49	23	4
49	24	3
49	25	4
49	26	3
49	27	4
49	28	6
49	29	3
49	30	3
49	31	2
49	33	2
49	34	5
49	35	7
49	36	3
49	37	4
49	38	8
49	39	6
49	41	8
49	42	2
49	43	3
49	44	2
49	45	1
49	46	2
49	47	7
49	48	11
50	3	1
50	4	1
50	5	5
50	6	6
50	7	6
50	8	12
50	9	4
50	10	7
50	11	2
50	12	2
50	13	2
50	14	3
50	15	5
50	16	3
50	17	2
50	18	3
50	19	5
50	20	1
50	21	1
50	23	1
50	24	3
50	25	3
50	27	6
50	28	1
50	30	3
50	31	2
50	33	2
50	34	1
50	35	4
50	36	3
50	39	4
50	40	5
50	41	3
50	42	3
50	43	3
50	44	1
50	45	1
50	46	1
50	47	2
50	48	5
50	49	9
51	1	1
51	4	1
51	5	4
51	6	2
51	7	7
51	8	5
51	9	1
51	10	3
51	11	4
51	12	1
51	13	5
51	14	1
51	15	8
51	16	5
51	17	3
51	19	1
51	20	3
51	21	2
51	22	1
51	23	1
51	24	2
51	25	1
51	27	3
51	28	3
51	30	1
51	31	1
51	32	3
51	33	1
51	34	4
51	35	2
51	36	2
51	37	1
51	39	1
51	40	1
51	41	1
51	42	5
51	43	6
51	44	2
51	46	3
51	47	4
51	48	6
51	49	10
51	50	11
52	3	4
52	4	1
52	5	3
52	6	4
52	7	2
52	8	4
52	9	7
52	10	4
52	11	3
52	12	3
52	13	4
52	14	5
52	15	5
52	16	5
52	17	2
52	18	1
52	19	1
52	20	1
52	21	2
52	22	1
52	23	3
52	26	3
52	27	4
52	28	3
52	30	1
52	31	1
52	32	1
52	33	4
52	34	1
52	35	3
52	36	1
52	37	1
52	38	2
52	39	3
52	41	2
52	42	1
52	43	3
52	45	1
52	46	2
52	47	4
52	48	2
52	49	6
52	50	3
52	51	17
53	1	1
53	2	1
53	3	2
53	5	4
53	6	3
53	7	3
53	8	16
53	9	10
53	10	3
53	11	6
53	12	5
53	13	5
53	14	1
53	15	3
53	16	1
53	17	1
53	18	2
53	19	1
53	20	1
53	22	4
53	23	2
53	24	4
53	26	2
53	27	5
53	28	6
53	29	1
53	30	7
53	31	7
53	32	4
53	33	1
53	34	1
53	35	3
53	36	1
53	37	2
53	38	5
53	39	7
53	40	6
53	41	3
53	42	5
53	43	5
53	44	1
53	45	1
53	47	2
53	48	3
53	49	15
53	50	3
53	51	5
53	52	4
54	4	1
54	6	5
54	7	4
54	8	4
54	9	4
54	10	6
54	11	3
54	12	4
54	15	2
54	17	3
54	18	2
54	20	2
54	21	1
54	22	1
54	23	3
54	24	6
54	25	1
54	26	2
54	27	3
54	28	8
54	29	1
54	30	4
54	31	6
54	32	2
54	33	7
54	34	1
54	35	3
54	36	4
54	38	1
54	40	5
54	41	6
54	42	5
54	43	1
54	44	2
54	46	2
54	47	4
54	48	3
54	49	6
54	50	1
54	51	3
54	52	2
54	53	8
55	2	2
55	4	5
55	5	3
55	6	4
55	7	6
55	8	5
55	9	6
55	10	4
55	11	2
55	13	4
55	14	2
55	16	3
55	18	1
55	19	3
55	20	3
55	21	3
55	22	1
55	23	2
55	24	6
55	25	2
55	26	2
55	28	4
55	29	2
55	30	3
55	31	3
55	32	1
55	33	3
55	34	3
55	35	4
55	36	2
55	37	2
55	38	6
55	39	4
55	40	1
55	41	7
55	42	3
55	43	5
55	45	2
55	46	4
55	48	2
55	49	6
55	50	1
55	51	3
55	52	3
55	53	8
55	54	9
56	0	1
56	2	1
56	3	1
56	4	6
56	5	4
56	6	3
56	7	4
56	8	3
56	9	2
56	10	4
56	11	1
56	12	3
56	13	2
56	15	3
56	16	1
56	17	1
56	18	4
56	19	6
56	20	2
56	21	3
56	22	2
56	23	2
56	24	3
56	25	2
56	26	1
56	28	4
56	29	1
56	30	1
56	31	2
56	33	2
56	34	3
56	35	2
56	36	6
56	37	1
56	38	2
56	39	4
56	40	3
56	41	3
56	42	5
56	43	1
56	45	2
56	46	1
56	47	4
56	48	7
56	49	7
56	50	7
56	51	10
56	52	5
56	53	3
56	54	4
56	55	4
57	2	1
57	3	1
57	4	3
57	5	5
57	6	5
57	7	5
57	8	4
57	9	2
57	10	1
57	11	3
57	12	1
57	13	4
57	14	3
57	15	2
57	16	11
57	17	2
57	18	1
57	19	4
57	20	1
57	21	4
57	22	1
57	23	4
57	24	5
57	25	2
57	26	2
57	27	1
57	28	4
57	29	3
57	30	2
57	31	2
57	32	1
57	34	3
57	35	1
57	36	2
57	37	3
57	38	4
57	39	2
57	41	3
57	42	1
57	43	3
57	44	1
57	45	2
57	47	4
57	48	3
57	49	6
57	50	4
57	51	3
57	52	6
57	53	4
57	54	4
57	55	4
57	56	7
58	0	1
58	3	4
58	4	2
58	5	6
58	6	1
58	7	4
58	8	5
58	9	5
58	10	3
58	11	2
58	12	1
58	13	2
58	14	1
58	15	3
58	16	5
58	17	3
58	18	3
58	19	4
58	20	2
58	21	1
58	22	1
58	23	1
58	24	4
58	26	1
58	27	2
58	29	2
58	30	6
58	31	3
58	32	2
58	33	3
58	34	1
58	35	1
58	36	1
58	37	1
58	38	1
58	39	2
58	40	1
58	41	5
58	42	3
58	43	2
58	44	1
58	45	1
58	46	2
58	47	2
58	48	4
58	49	2
58	50	3
58	51	4
58	52	6
58	53	3
58	54	3
58	55	6
58	56	10
58	57	10
59	3	1
59	4	4
59	5	4
59	6	1
59	7	1
59	8	1
59	10	1
59	12	1
59	13	3
59	15	1
59	16	2
59	17	1
59	18	1
59	19	1
59	22	3
59	24	1
59	25	1
59	27	5
59	28	1
59	29	2
59	30	3
59	34	2
59	35	2
59	36	3
59	40	2
59	41	3
59	43	3
59	45	2
59	46	2
59	47	1
59	49	1
59	51	1
59	52	1
59	53	2
59	54	2
59	55	4
59	56	2
59	57	2
59	58	1
60	0	5
60	1	4
60	2	9
60	4	2
60	5	2
60	7	3
60	8	4
60	9	1
60	10	1
60	11	3
60	12	2
60	13	3
60	16	1
60	21	1
60	25	1
60	27	2
60	28	2
60	30	6
60	31	3
60	32	3
60	33	3
60	34	4
60	36	1
60	38	2
60	41	2
60	43	5
60	44	4
60	45	4
60	46	3
60	47	3
60	48	1
60	51	1
60	52	1
60	53	2
60	54	2
60	56	2
60	57	2
60	58	3
60	59	3
