1	0	14
2	0	5
2	1	14
3	2	1
4	1	1
4	3	7
5	3	5
5	4	16
6	1	1
6	3	1
6	4	4
6	5	4
7	0	1
7	3	1
7	5	3
7	6	6
8	1	1
8	2	2
8	3	3
8	4	2
8	5	4
8	6	9
8	7	11
9	3	1
9	4	7
9	5	6
9	6	2
9	7	9
9	8	10
10	0	1
10	2	4
10	3	3
10	4	3
10	5	5
10	6	2
10	7	3
10	8	5
10	9	16
11	3	3
11	4	3
11	5	1
11	6	3
11	8	4
11	9	5
11	10	9
12	1	2
12	3	2
12	4	2
12	5	4
12	6	4
12	7	4
12	8	6
12	9	7
12	10	13
12	11	14
13	2	2
13	4	4
13	5	3
13	6	2
13	7	5
13	8	4
13	9	3
13	10	11
13	11	2
13	12	10
14	0	1
14	1	1
14	3	5
14	4	1
14	5	2
14	6	2
14	7	1
14	8	7
14	9	4
14	10	3
14	11	6
14	12	4
14	13	5
15	1	1
15	3	3
15	4	1
15	5	2
15	6	4
15	7	2
15	8	4
15	9	2
15	10	4
15	11	7
15	12	3
15	13	9
15	14	14
16	1	1
16	3	2
16	5	2
16	6	4
16	7	8
16	8	6
16	9	2
16	10	2
16	11	2
16	12	2
16	13	7
16	14	4
16	15	6
17	1	1
17	2	1
17	3	7
17	4	7
17	5	3
17	6	2
17	7	3
17	8	2
17	9	1
17	10	2
17	11	1
17	12	3
17	13	2
17	14	3
17	15	3
17	16	3
18	2	1
18	3	7
18	4	8
18	5	6
18	7	3
18	8	3
18	9	2
18	10	3
18	11	1
18	12	1
18	13	4
18	15	2
18	16	2
18	17	6
19	3	4
19	4	6
19	5	4
19	6	5
19	7	5
19	8	2
19	9	2
19	10	6
19	11	1
19	12	2
19	13	2
19	14	3
19	15	4
19	16	3
19	17	5
19	18	11
20	3	3
20	4	4
20	5	3
20	6	1
20	7	7
20	8	4
20	10	3
20	11	4
20	12	3
20	13	2
20	14	2
20	15	4
20	16	3
20	17	4
20	18	7
20	19	8
21	2	1
21	3	2
21	4	2
21	5	5
21	6	4
21	7	3
21	8	3
21	9	4
21	10	3
21	11	1
21	12	2
21	13	7
21	14	1
21	15	8
21	16	3
21	17	4
21	18	2
21	19	8
21	20	10
22	2	2
22	3	3
22	4	5
22	5	4
22	6	4
22	7	4
22	8	3
22	9	3
22	10	4
22	11	2
22	13	4
22	14	2
22	15	1
22	16	1
22	17	2
22	18	5
22	19	2
22	20	2
22	21	3
23	1	2
23	3	2
23	4	4
23	5	2
23	6	1
23	7	2
23	8	4
23	9	3
23	10	3
23	11	3
23	12	2
23	13	2
23	14	1
23	15	3
23	16	1
23	17	6
23	18	3
23	19	4
23	20	3
23	21	5
23	22	6
24	3	1
24	4	3
24	5	5
24	6	2
24	7	7
24	8	6
24	9	2
24	10	3
24	11	1
24	12	2
24	13	5
24	14	2
24	15	2
24	16	1
24	17	3
24	18	2
24	19	5
24	20	1
24	21	3
24	22	8
24	23	7
25	1	1
25	3	6
25	4	6
25	5	2
25	6	2
25	7	2
25	8	6
25	9	5
25	10	1
25	11	4
25	12	2
25	13	3
25	14	4
25	16	3
25	17	4
25	18	2
25	19	2
25	20	2
25	21	2
25	22	5
25	23	6
25	24	3
26	1	2
26	3	6
26	4	6
26	5	4
26	9	2
26	10	1
26	11	1
26	12	4
26	13	2
26	15	2
26	17	1
26	19	1
26	20	2
26	22	2
26	23	1
26	24	1
26	25	6
27	1	2
27	2	1
27	3	4
27	5	1
27	6	11
27	7	5
27	8	6
27	9	2
27	10	6
27	11	2
27	12	6
27	13	4
27	14	2
27	15	3
27	16	3
27	17	4
27	18	1
27	19	5
27	20	1
27	21	3
27	22	2
27	24	7
27	25	4
27	26	2
28	2	1
28	3	5
28	4	4
28	5	2
28	6	4
28	7	3
28	8	5
28	9	9
28	10	3
28	11	4
28	12	6
28	13	2
28	14	5
28	15	2
28	16	2
28	17	4
28	18	5
28	19	1
28	20	2
28	22	2
28	23	3
28	25	4
28	26	2
28	27	15
29	0	1
29	3	2
29	4	3
29	5	3
29	6	2
29	7	1
29	8	2
29	9	2
29	10	3
29	11	1
29	12	4
29	14	1
29	17	1
29	21	2
29	22	2
29	24	2
29	25	1
29	26	2
29	27	6
29	28	6
30	1	3
30	2	2
30	3	1
30	4	1
30	5	1
30	6	1
30	7	4
30	8	3
30	9	3
30	10	2
30	11	2
30	12	3
30	13	5
30	14	1
30	15	2
30	16	1
30	18	2
30	19	1
30	21	2
30	23	2
30	24	1
30	27	4
30	28	3
30	29	4
31	2	1
31	4	1
31	5	1
31	7	2
31	8	2
31	9	2
31	10	3
31	13	5
31	15	2
31	16	1
31	18	1
31	20	1
31	22	1
31	23	2
31	24	3
31	25	1
31	27	1
31	28	4
31	29	1
31	30	5
32	2	1
32	5	2
32	9	2
32	10	2
32	11	2
32	12	2
32	15	2
32	16	3
32	18	1
32	19	1
32	21	1
32	22	1
32	23	1
32	25	2
32	27	3
32	28	3
32	29	1
32	30	8
32	31	2
33	2	3
33	5	2
33	6	2
33	7	1
33	8	1
33	9	1
33	10	3
33	11	1
33	12	1
33	13	3
33	15	1
33	16	2
33	17	2
33	22	1
33	23	1
33	24	1
33	25	1
33	27	3
33	28	3
33	30	4
33	31	4
33	32	2
34	0	2
34	1	1
34	2	2
34	4	5
34	5	2
34	6	1
34	8	1
34	9	1
34	11	2
34	12	2
34	13	1
34	15	2
34	16	1
34	21	3
34	23	3
34	25	2
34	27	2
34	28	11
34	29	4
34	30	8
34	31	7
34	32	4
34	33	14
35	2	2
35	3	2
35	4	4
35	5	5
35	6	3
35	7	1
35	8	2
35	9	2
35	10	5
35	11	5
35	12	4
35	13	2
35	14	1
35	15	1
35	16	2
35	17	6
35	18	1
35	19	3
35	20	3
35	21	3
35	22	3
35	23	6
35	24	4
35	25	14
35	26	2
35	27	3
35	28	5
35	29	2
35	30	3
35	31	1
35	32	2
35	34	2
36	3	2
36	4	5
36	5	1
36	6	2
36	7	1
36	8	3
36	9	5
36	10	12
36	11	8
36	12	3
36	13	1
36	14	3
36	15	2
36	16	2
36	17	3
36	19	2
36	20	2
36	21	2
36	22	2
36	23	4
36	24	3
36	25	5
36	26	7
36	27	7
36	28	4
36	29	1
36	30	3
36	31	1
36	35	11
37	3	2
37	4	3
37	5	1
37	6	2
37	7	4
37	8	3
37	9	2
37	10	2
37	11	3
37	12	5
37	13	6
37	14	1
37	15	1
37	16	3
37	17	2
37	18	2
37	19	1
37	21	8
37	22	3
37	23	3
37	24	2
37	25	9
37	26	1
37	27	4
37	28	6
37	29	1
37	30	3
37	31	4
37	33	3
37	35	14
37	36	4
38	1	2
38	2	2
38	3	3
38	4	1
38	5	3
38	6	1
38	7	4
38	8	5
38	9	4
38	10	9
38	11	7
38	12	3
38	13	5
38	14	2
38	15	2
38	16	2
38	17	1
38	18	3
38	19	3
38	20	2
38	21	6
38	22	3
38	23	2
38	24	5
38	25	8
38	26	3
38	27	3
38	28	9
38	29	3
38	30	4
38	31	1
38	32	2
38	33	3
38	35	6
38	36	4
38	37	25
39	3	2
39	4	1
39	5	3
39	6	1
39	7	2
39	8	3
39	9	3
39	10	7
39	11	8
39	12	3
39	13	1
39	14	2
39	17	3
39	18	3
39	19	1
39	21	3
39	22	1
39	23	1
39	24	3
39	25	3
39	26	1
39	27	7
39	28	4
39	29	3
39	30	2
39	31	4
39	34	2
39	35	7
39	36	9
39	37	3
39	38	9
40	0	1
40	1	2
40	3	2
40	4	1
40	6	2
40	7	2
40	8	4
40	9	2
40	10	6
40	11	4
40	12	3
40	13	3
40	14	1
40	15	3
40	16	3
40	17	2
40	18	4
40	19	1
40	20	2
40	21	2
40	22	1
40	23	3
40	24	4
40	25	6
40	26	2
40	27	5
40	28	6
40	29	8
40	30	2
40	31	3
40	33	3
40	34	5
40	35	4
40	36	5
40	37	3
40	38	10
40	39	4
41	1	2
41	3	1
41	5	3
41	6	3
41	7	3
41	8	3
41	9	4
41	10	1
41	11	4
41	12	8
41	13	1
41	15	1
41	16	2
41	17	1
41	18	3
41	19	1
41	20	1
41	21	1
41	22	1
41	23	1
41	25	5
41	26	2
41	27	3
41	28	6
41	29	3
41	30	8
41	31	4
41	34	3
41	35	3
41	37	3
41	38	4
41	39	2
41	40	5
42	0	2
42	1	1
42	3	2
42	4	1
42	5	1
42	6	3
42	7	2
42	8	1
42	9	2
42	10	2
42	11	4
42	12	1
42	13	3
42	14	1
42	15	3
42	16	3
42	18	2
42	20	1
42	21	2
42	22	1
42	25	3
42	27	2
42	28	2
42	29	2
42	30	13
42	31	7
42	32	5
42	33	5
42	34	9
42	35	4
42	36	3
42	37	2
42	38	5
42	39	2
42	40	3
42	41	9
43	2	4
43	5	2
43	6	2
43	7	1
43	9	2
43	10	3
43	11	1
43	12	2
43	15	4
43	16	2
43	24	3
43	25	2
43	27	2
43	28	2
43	29	2
43	30	9
43	31	3
43	32	2
43	33	6
43	34	4
43	35	1
43	38	4
43	39	1
43	41	1
43	42	5
44	0	2
44	1	1
44	2	2
44	4	1
44	5	3
44	6	3
44	7	2
44	8	3
44	9	2
44	10	1
44	11	7
44	12	3
44	13	3
44	15	2
44	16	3
44	17	5
44	19	2
44	24	1
44	27	1
44	29	1
44	30	2
44	31	1
44	32	1
44	33	3
44	34	5
44	35	1
44	40	2
44	41	3
44	42	4
44	43	8
45	2	2
45	3	1
45	7	3
45	8	4
45	9	1
45	10	2
45	12	1
45	13	3
45	15	3
45	16	1
45	17	2
45	18	2
45	25	1
45	27	1
45	28	1
45	30	3
45	31	3
45	32	6
45	33	3
45	34	4
45	38	1
45	39	2
45	40	4
45	41	1
45	42	3
45	43	6
45	44	13
46	0	1
46	4	4
46	5	1
46	6	1
46	9	2
46	10	1
46	11	1
46	12	4
46	13	1
46	15	1
46	18	2
46	20	2
46	22	1
46	24	1
46	27	1
46	28	1
46	29	1
46	30	4
46	31	4
46	32	9
46	33	4
46	34	3
46	35	3
46	36	2
46	38	1
46	39	2
46	40	1
46	41	5
46	42	5
46	43	3
46	44	5
46	45	7
47	0	2
47	4	4
47	5	2
47	6	4
47	8	7
47	9	6
47	10	1
47	11	3
47	12	5
47	13	3
47	15	3
47	16	2
47	18	2
47	20	2
47	21	3
47	22	1
47	23	1
47	25	2
47	28	2
47	29	2
47	30	5
47	31	3
47	32	2
47	33	4
47	34	2
47	35	4
47	36	1
47	38	1
47	39	2
47	41	2
47	42	2
47	43	4
47	44	3
47	45	1
47	46	2
48	1	1
48	3	1
48	4	3
48	6	3
48	7	5
48	8	3
48	9	3
48	10	2
48	11	3
48	12	7
48	13	2
48	14	1
48	15	1
48	16	1
48	17	1
48	18	3
48	19	1
48	20	2
48	21	1
48	22	4
48	23	1
48	24	2
48	25	1
48	26	4
48	27	4
48	28	5
48	29	1
48	30	5
48	31	3
48	32	1
48	33	2
48	35	3
48	36	2
48	38	3
48	39	3
48	40	4
48	41	1
48	42	6
48	43	1
48	44	3
48	45	2
48	46	2
48	47	5
49	2	1
49	3	2
49	4	1
49	5	7
49	6	7
49	7	4
49	8	9
49	9	9
49	10	3
49	11	10
49	12	12
49	13	7
49	14	1
49	15	2
49	16	4
49	17	5
49	18	1
49	19	7
49	20	1
49	21	1
49	22	3
49	23	1
49	24	5
49	25	2
49	26	1
49	27	4
49	28	4
49	29	1
49	30	4
49	31	2
49	33	1
49	34	3
49	35	4
49	36	3
49	37	4
49	38	3
49	39	2
49	40	4
49	41	5
49	42	3
49	43	5
49	44	7
49	45	1
49	46	2
49	47	6
49	48	5
50	2	1
50	3	6
50	5	2
50	6	2
50	7	7
50	8	5
50	9	2
50	10	5
50	11	3
50	12	3
50	13	6
50	14	3
50	15	3
50	16	5
50	17	1
50	18	5
50	21	2
50	22	3
50	23	1
50	24	2
50	25	1
50	27	2
50	28	2
50	29	2
50	30	2
50	31	4
50	34	1
50	35	2
50	36	3
50	37	3
50	38	2
50	39	2
50	42	2
50	43	6
50	44	3
50	45	3
50	46	2
50	47	7
50	48	9
50	49	6
51	3	3
51	4	1
51	5	2
51	6	12
51	7	6
51	8	3
51	9	4
51	10	4
51	11	4
51	12	4
51	13	2
51	14	3
51	15	10
51	16	4
51	18	5
51	20	2
51	21	2
51	22	2
51	23	2
51	24	2
51	25	2
51	27	5
51	28	2
51	29	3
51	30	1
51	31	3
51	33	2
51	34	3
51	35	3
51	36	1
51	38	4
51	40	1
51	41	3
51	42	4
51	44	2
51	45	2
51	47	4
51	48	5
51	49	6
51	50	10
52	2	2
52	3	3
52	4	3
52	5	4
52	6	5
52	7	4
52	8	5
52	9	5
52	10	2
52	11	4
52	12	2
52	13	5
52	14	4
52	15	6
52	16	5
52	17	2
52	18	3
52	20	3
52	21	2
52	24	1
52	25	2
52	26	1
52	27	3
52	28	2
52	30	3
52	31	3
52	32	2
52	33	3
52	34	3
52	35	2
52	36	1
52	38	2
52	39	1
52	40	2
52	41	2
52	42	1
52	43	5
52	44	2
52	45	1
52	46	1
52	48	2
52	49	4
52	50	3
52	51	19
53	2	1
53	3	3
53	5	12
53	6	7
53	7	2
53	8	6
53	9	2
53	10	8
53	11	7
53	12	5
53	13	2
53	14	3
53	15	3
53	16	1
53	17	2
53	18	2
53	19	4
53	20	2
53	21	2
53	23	3
53	24	2
53	25	3
53	26	2
53	27	5
53	28	6
53	29	1
53	30	3
53	31	2
53	32	1
53	33	2
53	34	3
53	35	4
53	36	3
53	37	2
53	38	3
53	39	1
53	40	3
53	41	3
53	42	5
53	43	2
53	44	5
53	45	2
53	46	2
53	47	1
53	48	4
53	49	14
53	50	6
53	51	3
53	52	4
54	3	1
54	4	5
54	5	4
54	6	5
54	8	7
54	9	4
54	10	5
54	11	2
54	12	4
54	13	3
54	14	1
54	15	2
54	16	1
54	17	2
54	18	2
54	19	3
54	20	3
54	21	2
54	22	3
54	23	1
54	24	5
54	25	2
54	26	1
54	27	5
54	28	4
54	29	3
54	30	4
54	31	1
54	33	1
54	34	4
54	35	2
54	36	3
54	38	2
54	39	1
54	40	7
54	41	6
54	42	1
54	43	7
54	44	2
54	46	3
54	47	2
54	48	7
54	49	4
54	50	6
54	51	5
54	52	5
54	53	8
55	1	1
55	2	1
55	3	2
55	4	4
55	5	2
55	6	6
55	7	2
55	8	8
55	9	4
55	10	4
55	11	1
55	12	4
55	13	1
55	14	2
55	15	4
55	16	2
55	17	2
55	18	1
55	19	2
55	20	1
55	21	2
55	22	1
55	24	4
55	25	3
55	26	1
55	27	2
55	28	5
55	29	4
55	30	4
55	31	4
55	32	1
55	34	2
55	35	2
55	36	3
55	37	3
55	38	1
55	39	1
55	40	4
55	41	3
55	42	4
55	43	5
55	44	1
55	45	2
55	46	4
55	47	3
55	48	2
55	49	5
55	50	5
55	51	3
55	52	1
55	53	7
55	54	13
56	0	1
56	1	1
56	4	4
56	5	3
56	6	4
56	7	2
56	8	4
56	9	3
56	10	6
56	11	4
56	12	6
56	13	1
56	14	1
56	15	1
56	16	4
56	17	3
56	18	1
56	19	1
56	21	1
56	24	5
56	25	3
56	26	1
56	27	2
56	28	4
56	29	1
56	30	1
56	31	3
56	32	4
56	33	2
56	34	4
56	35	1
56	37	2
56	38	2
56	39	2
56	40	1
56	41	2
56	42	2
56	43	4
56	44	1
56	48	3
56	49	1
56	50	6
56	51	2
56	52	8
56	53	2
56	54	5
56	55	13
57	2	1
57	3	2
57	4	4
57	5	6
57	6	3
57	7	3
57	8	11
57	9	4
57	10	2
57	11	2
57	12	2
57	13	2
57	14	3
57	15	3
57	16	6
57	17	3
57	18	2
57	19	1
57	20	1
57	21	3
57	22	3
57	23	3
57	24	2
57	25	2
57	26	2
57	27	1
57	28	2
57	29	1
57	30	2
57	31	1
57	32	1
57	33	1
57	34	2
57	35	1
57	36	1
57	37	1
57	38	3
57	39	2
57	40	6
57	41	1
57	42	2
57	43	1
57	44	2
57	45	4
57	47	2
57	48	2
57	49	3
57	50	5
57	51	2
57	52	4
57	53	2
57	54	4
57	55	8
57	56	8
58	4	3
58	5	2
58	6	6
58	7	6
58	8	5
58	9	2
58	10	3
58	11	1
58	12	3
58	13	2
58	14	3
58	15	3
58	16	3
58	18	3
58	19	4
58	20	1
58	21	1
58	23	1
58	24	4
58	26	1
58	27	3
58	28	4
58	29	1
58	30	1
58	31	4
58	32	1
58	33	5
58	34	1
58	35	1
58	36	2
58	37	2
58	38	3
58	39	1
58	40	5
58	41	1
58	42	4
58	45	2
58	46	4
58	47	1
58	48	1
58	49	1
58	50	3
58	51	4
58	52	1
58	53	1
58	54	3
58	55	6
58	56	6
58	57	11
59	2	2
59	4	2
59	5	3
59	6	2
59	7	1
59	8	3
59	9	1
59	10	3
59	12	1
59	13	1
59	14	1
59	15	2
59	17	2
59	18	3
59	19	2
59	23	3
59	24	2
59	25	1
59	27	5
59	28	1
59	30	4
59	33	2
59	35	1
59	40	1
59	41	2
59	43	2
59	44	2
59	46	4
59	49	3
59	51	2
59	52	3
59	53	1
59	54	2
59	55	2
59	56	1
59	57	1
59	58	2
60	0	1
60	1	9
60	2	3
60	4	2
60	5	1
60	7	2
60	8	2
60	9	3
60	12	3
60	13	1
60	15	1
60	16	5
60	21	2
60	27	2
60	30	5
60	31	3
60	32	3
60	33	3
60	34	3
60	35	2
60	38	3
60	41	1
60	42	1
60	43	1
60	44	1
60	45	4
60	46	8
60	47	3
60	48	1
60	49	3
60	51	2
60	52	3
60	53	5
60	54	2
60	55	3
60	57	5
60	58	3
