1	0	17
2	0	5
2	1	11
3	2	1
4	3	6
5	0	1
5	1	3
5	2	4
5	3	4
5	4	7
6	3	3
6	4	2
6	5	2
7	1	3
7	3	2
7	4	4
7	5	6
7	6	10
8	3	1
8	4	3
8	5	10
8	6	10
8	7	6
9	4	2
9	5	2
9	6	5
9	7	5
9	8	11
10	1	1
10	2	1
10	3	1
10	4	4
10	5	3
10	6	3
10	7	2
10	8	5
10	9	11
11	1	3
11	3	1
11	4	2
11	5	2
11	6	6
11	7	3
11	8	2
11	9	10
11	10	17
12	1	1
12	3	1
12	4	4
12	5	5
12	6	3
12	7	7
12	8	8
12	9	6
12	10	10
12	11	11
13	1	1
13	3	1
13	4	1
13	5	3
13	6	3
13	7	4
13	8	5
13	9	8
13	10	9
13	11	5
13	12	12
14	1	1
14	3	2
14	4	1
14	5	2
14	6	3
14	7	4
14	8	3
14	9	3
14	10	1
14	11	5
14	12	2
14	13	6
15	3	4
15	4	2
15	6	2
15	7	2
15	8	5
15	9	5
15	10	4
15	11	3
15	12	4
15	13	4
15	14	10
16	3	1
16	4	2
16	5	1
16	6	7
16	7	3
16	8	6
16	9	4
16	11	3
16	12	5
16	13	7
16	14	5
16	15	7
17	1	1
17	2	2
17	3	3
17	4	6
17	5	2
17	6	2
17	7	2
17	8	4
17	10	2
17	11	2
17	12	1
17	13	4
17	14	1
17	15	3
17	16	4
18	3	7
18	4	5
18	5	3
18	6	2
18	7	5
18	8	3
18	9	5
18	10	1
18	11	3
18	12	1
18	13	2
18	14	4
18	15	5
18	16	5
18	17	5
19	2	3
19	3	2
19	4	3
19	5	4
19	6	7
19	7	2
19	8	4
19	9	2
19	10	1
19	11	2
19	12	1
19	13	5
19	14	1
19	15	3
19	16	4
19	17	5
19	18	17
20	3	3
20	4	3
20	5	3
20	7	2
20	8	4
20	9	1
20	10	3
20	11	1
20	12	4
20	13	2
20	14	1
20	15	3
20	16	6
20	17	9
20	18	7
20	19	4
21	0	1
21	2	1
21	3	5
21	4	2
21	5	2
21	6	7
21	7	1
21	8	3
21	9	2
21	10	4
21	11	2
21	13	3
21	14	4
21	15	2
21	16	8
21	17	2
21	18	6
21	19	4
21	20	8
22	4	1
22	6	3
22	7	3
22	8	1
22	9	5
22	10	3
22	11	2
22	12	2
22	13	3
22	14	1
22	15	7
22	16	1
22	17	11
22	18	4
22	19	3
22	20	1
22	21	2
23	1	1
23	3	4
23	4	1
23	5	4
23	6	4
23	7	4
23	8	3
23	9	4
23	10	2
23	11	2
23	12	1
23	13	1
23	14	3
23	15	3
23	16	3
23	17	4
23	18	9
23	19	5
23	20	4
23	21	4
23	22	5
24	0	3
24	3	4
24	4	1
24	5	7
24	6	2
24	7	2
24	8	3
24	9	3
24	10	6
24	11	2
24	12	5
24	13	2
24	14	2
24	15	4
24	16	5
24	17	3
24	18	6
24	19	2
24	20	2
24	21	2
24	22	5
24	23	7
25	2	1
25	3	2
25	4	5
25	5	5
25	6	1
25	7	4
25	8	3
25	9	1
25	10	1
25	11	3
25	12	2
25	13	6
25	14	3
25	15	4
25	16	1
25	17	4
25	18	4
25	19	1
25	20	5
25	21	2
25	22	5
25	23	6
25	24	3
26	1	1
26	3	3
26	4	2
26	5	1
26	8	2
26	9	2
26	10	1
26	11	3
26	12	1
26	13	2
26	14	1
26	15	1
26	17	4
26	18	1
26	19	5
26	20	1
26	21	1
26	23	1
26	24	4
26	25	6
27	3	2
27	4	5
27	5	6
27	6	5
27	7	5
27	8	5
27	9	5
27	10	5
27	11	12
27	12	4
27	13	2
27	14	3
27	15	2
27	16	1
27	17	4
27	18	2
27	19	4
27	20	3
27	21	1
27	22	5
27	23	4
27	24	5
27	25	4
27	26	4
28	2	1
28	3	1
28	4	4
28	5	4
28	6	10
28	7	1
28	8	4
28	9	5
28	10	4
28	11	3
28	12	1
28	14	2
28	16	6
28	17	2
28	18	2
28	19	2
28	20	4
28	21	3
28	22	1
28	23	1
28	24	8
28	25	3
28	26	6
28	27	10
29	0	2
29	3	1
29	5	1
29	6	1
29	8	2
29	10	2
29	13	2
29	17	4
29	19	2
29	21	1
29	23	2
29	24	5
29	25	2
29	26	5
29	27	3
29	28	10
30	5	4
30	6	3
30	7	1
30	8	3
30	9	3
30	10	2
30	11	2
30	12	2
30	13	1
30	15	4
30	16	2
30	18	2
30	19	2
30	23	2
30	24	3
30	25	5
30	27	2
30	28	3
30	29	2
31	1	1
31	2	2
31	4	2
31	6	2
31	7	1
31	8	3
31	10	1
31	11	3
31	12	3
31	13	1
31	16	2
31	18	3
31	19	2
31	20	3
31	21	2
31	23	2
31	24	1
31	25	6
31	27	3
31	28	4
31	30	2
32	4	1
32	5	1
32	6	1
32	8	2
32	9	1
32	10	2
32	11	1
32	12	1
32	14	1
32	15	3
32	24	1
32	25	3
32	26	1
32	28	3
32	30	3
32	31	5
33	2	2
33	4	2
33	5	2
33	7	3
33	8	4
33	9	1
33	10	3
33	11	5
33	12	1
33	13	1
33	15	2
33	16	2
33	17	2
33	24	1
33	25	5
33	26	4
33	27	3
33	28	2
33	29	3
33	30	6
33	31	8
33	32	9
34	0	1
34	2	2
34	4	3
34	5	1
34	6	2
34	7	2
34	8	1
34	9	2
34	12	2
34	13	1
34	15	3
34	16	5
34	20	1
34	21	2
34	23	2
34	25	4
34	27	5
34	28	3
34	29	2
34	30	3
34	31	10
34	32	3
34	33	10
35	2	1
35	3	2
35	4	3
35	5	2
35	6	1
35	8	5
35	9	3
35	10	4
35	11	5
35	12	3
35	13	1
35	14	3
35	15	3
35	16	1
35	17	2
35	18	4
35	19	2
35	20	3
35	21	6
35	22	3
35	23	2
35	24	4
35	25	5
35	26	3
35	27	5
35	28	4
35	29	2
35	30	1
35	31	4
35	32	2
35	33	2
35	34	1
36	3	2
36	4	2
36	6	3
36	7	1
36	8	2
36	9	2
36	10	7
36	11	8
36	12	3
36	13	4
36	15	3
36	16	2
36	17	4
36	18	4
36	19	2
36	20	2
36	21	4
36	22	2
36	23	7
36	24	6
36	25	4
36	26	2
36	27	5
36	28	3
36	29	1
36	32	2
36	35	10
37	2	1
37	3	3
37	4	2
37	5	2
37	6	3
37	7	7
37	8	2
37	9	1
37	10	4
37	11	5
37	12	3
37	13	3
37	17	4
37	18	2
37	19	2
37	22	4
37	23	4
37	24	1
37	25	6
37	26	2
37	27	5
37	28	4
37	29	2
37	30	1
37	31	1
37	33	3
37	34	1
37	35	20
37	36	6
38	0	3
38	1	1
38	2	1
38	3	5
38	4	3
38	5	4
38	6	5
38	8	3
38	9	4
38	10	4
38	11	3
38	12	5
38	13	5
38	14	6
38	15	3
38	16	4
38	17	2
38	18	4
38	19	2
38	20	2
38	21	2
38	22	2
38	23	3
38	24	2
38	25	6
38	26	1
38	27	11
38	28	5
38	29	3
38	30	6
38	31	2
38	32	1
38	33	2
38	34	1
38	35	11
38	36	9
38	37	20
39	0	1
39	3	2
39	5	5
39	6	2
39	7	2
39	8	4
39	9	4
39	10	7
39	11	4
39	12	5
39	13	3
39	14	3
39	15	5
39	16	1
39	17	1
39	18	3
39	19	4
39	21	2
39	22	2
39	23	2
39	24	2
39	25	2
39	26	4
39	27	5
39	28	3
39	29	4
39	30	2
39	31	5
39	32	3
39	33	1
39	34	2
39	35	11
39	36	4
39	37	6
39	38	13
40	0	1
40	1	2
40	4	4
40	5	6
40	6	1
40	7	2
40	8	5
40	10	4
40	11	4
40	12	1
40	13	4
40	14	1
40	15	4
40	16	2
40	17	2
40	18	1
40	19	1
40	20	1
40	21	2
40	22	2
40	23	3
40	24	4
40	25	3
40	26	1
40	27	10
40	28	6
40	29	3
40	30	4
40	31	4
40	32	3
40	33	2
40	34	2
40	35	4
40	36	2
40	37	3
40	38	9
40	39	5
41	4	2
41	5	2
41	7	1
41	8	1
41	9	6
41	10	3
41	11	3
41	12	2
41	13	3
41	14	1
41	15	3
41	16	2
41	17	1
41	18	4
41	19	2
41	21	3
41	22	1
41	23	2
41	25	1
41	26	1
41	27	5
41	28	3
41	29	9
41	30	6
41	31	3
41	33	3
41	34	3
41	35	2
41	36	1
41	37	4
41	38	4
41	39	6
41	40	8
42	4	1
42	5	4
42	6	2
42	7	2
42	8	1
42	9	3
42	10	3
42	11	2
42	12	5
42	13	1
42	15	2
42	16	3
42	17	1
42	18	2
42	21	1
42	24	3
42	25	2
42	27	2
42	28	3
42	29	5
42	30	3
42	31	2
42	32	3
42	33	7
42	34	4
42	35	6
42	36	3
42	38	2
42	39	3
42	40	1
42	41	1
43	1	1
43	2	1
43	5	1
43	6	1
43	8	2
43	9	2
43	10	2
43	11	1
43	12	2
43	13	4
43	14	1
43	16	1
43	17	1
43	20	1
43	24	2
43	25	1
43	27	3
43	28	7
43	30	5
43	31	8
43	32	4
43	33	4
43	34	4
43	35	2
43	37	1
43	40	1
43	41	2
43	42	5
44	0	3
44	2	2
44	4	1
44	5	2
44	6	1
44	7	2
44	8	1
44	10	1
44	11	2
44	12	5
44	13	2
44	14	1
44	15	2
44	16	2
44	17	1
44	20	2
44	24	1
44	27	2
44	28	4
44	30	4
44	31	4
44	32	4
44	33	5
44	34	4
44	35	2
44	36	2
44	40	2
44	41	2
44	43	8
45	1	2
45	2	1
45	3	2
45	7	2
45	8	2
45	9	2
45	10	1
45	12	3
45	13	3
45	14	2
45	15	1
45	16	2
45	17	1
45	18	3
45	22	1
45	25	1
45	28	4
45	29	1
45	30	2
45	31	1
45	32	7
45	33	6
45	34	3
45	38	3
45	39	2
45	40	1
45	42	4
45	43	8
45	44	11
46	0	1
46	1	2
46	3	1
46	4	2
46	6	2
46	8	1
46	9	1
46	10	1
46	11	2
46	12	2
46	13	2
46	15	2
46	18	2
46	20	1
46	27	2
46	29	1
46	30	3
46	31	1
46	32	3
46	33	2
46	34	4
46	36	1
46	38	2
46	41	1
46	42	3
46	43	8
46	44	3
46	45	8
47	0	1
47	4	3
47	5	2
47	6	1
47	7	1
47	8	6
47	9	4
47	10	3
47	11	2
47	12	4
47	13	6
47	15	2
47	16	5
47	17	1
47	18	2
47	19	3
47	21	4
47	22	1
47	23	1
47	24	5
47	25	2
47	27	3
47	29	1
47	30	2
47	33	2
47	34	3
47	35	2
47	36	4
47	37	2
47	38	4
47	39	4
47	40	4
47	41	4
47	42	9
47	43	6
47	44	4
47	46	3
48	0	1
48	2	1
48	3	3
48	4	2
48	5	1
48	6	5
48	7	3
48	8	6
48	9	6
48	10	2
48	11	3
48	12	7
48	13	4
48	14	2
48	15	4
48	16	4
48	17	1
48	18	1
48	19	1
48	20	3
48	21	3
48	23	1
48	24	3
48	25	1
48	26	1
48	27	7
48	28	2
48	29	2
48	30	3
48	31	3
48	32	3
48	33	2
48	34	1
48	35	1
48	36	4
48	37	1
48	38	3
48	39	2
48	40	1
48	41	1
48	42	3
48	43	2
48	44	2
48	45	2
48	46	1
48	47	8
49	2	2
49	3	3
49	4	1
49	5	5
49	6	5
49	7	6
49	8	24
49	9	6
49	10	9
49	11	5
49	12	9
49	13	2
49	14	2
49	15	4
49	16	5
49	17	3
49	18	2
49	19	1
49	20	2
49	21	1
49	22	3
49	23	1
49	24	9
49	25	4
49	26	1
49	27	3
49	28	6
49	30	2
49	31	6
49	32	2
49	33	1
49	34	5
49	35	6
49	36	4
49	37	4
49	38	1
49	39	5
49	40	2
49	41	5
49	42	3
49	43	3
49	44	3
49	45	1
49	46	1
49	47	6
49	48	14
50	3	5
50	4	3
50	5	1
50	6	4
50	7	3
50	8	9
50	9	3
50	10	5
50	11	2
50	12	5
50	13	5
50	14	2
50	15	4
50	16	4
50	17	1
50	18	2
50	19	2
50	20	2
50	21	1
50	23	3
50	24	4
50	27	3
50	28	2
50	29	6
50	30	2
50	31	1
50	34	1
50	35	1
50	36	2
50	38	3
50	39	2
50	40	1
50	41	2
50	42	1
50	43	3
50	44	1
50	45	1
50	46	1
50	47	2
50	48	3
50	49	10
51	1	1
51	3	3
51	4	2
51	5	2
51	6	3
51	7	4
51	8	8
51	9	5
51	10	3
51	11	4
51	12	2
51	13	4
51	14	1
51	15	2
51	16	3
51	17	5
51	19	3
51	21	2
51	23	2
51	24	4
51	25	3
51	27	3
51	28	3
51	30	4
51	31	1
51	32	2
51	33	5
51	35	3
51	36	2
51	37	1
51	38	3
51	39	1
51	40	3
51	41	2
51	43	2
51	44	1
51	45	1
51	46	4
51	47	3
51	49	9
51	50	6
52	4	2
52	5	1
52	6	5
52	7	3
52	8	6
52	9	5
52	10	2
52	11	3
52	12	1
52	13	8
52	14	2
52	15	11
52	16	3
52	18	2
52	19	2
52	20	2
52	21	3
52	22	2
52	23	1
52	24	4
52	25	1
52	26	5
52	27	4
52	29	1
52	30	5
52	31	1
52	32	1
52	33	4
52	35	1
52	36	4
52	37	3
52	38	5
52	39	1
52	40	1
52	41	1
52	42	2
52	43	3
52	44	3
52	45	1
52	46	2
52	47	5
52	48	7
52	49	8
52	50	4
52	51	19
53	1	1
53	2	3
53	3	2
53	4	2
53	5	3
53	6	3
53	7	8
53	8	12
53	9	5
53	10	6
53	11	6
53	12	4
53	13	5
53	14	1
53	15	2
53	16	2
53	17	2
53	18	3
53	19	2
53	20	2
53	21	1
53	22	1
53	23	1
53	25	2
53	26	5
53	27	7
53	28	8
53	29	2
53	30	2
53	31	4
53	33	3
53	34	3
53	35	3
53	36	5
53	37	3
53	38	1
53	39	4
53	40	2
53	41	7
53	42	3
53	43	5
53	44	1
53	45	2
53	46	4
53	47	6
53	48	12
53	49	10
53	50	3
53	51	4
53	52	5
54	3	4
54	5	3
54	7	3
54	8	6
54	9	5
54	10	1
54	11	4
54	12	1
54	13	10
54	14	1
54	15	4
54	16	1
54	17	2
54	18	2
54	19	1
54	20	5
54	21	2
54	22	2
54	23	3
54	24	2
54	25	1
54	26	2
54	27	8
54	28	3
54	29	5
54	30	2
54	31	7
54	32	1
54	33	4
54	34	3
54	35	3
54	36	2
54	37	1
54	38	3
54	39	1
54	40	3
54	41	5
54	42	4
54	43	2
54	44	3
54	45	2
54	46	3
54	47	2
54	48	3
54	49	6
54	50	4
54	51	1
54	52	4
54	53	7
55	0	1
55	2	2
55	3	4
55	4	1
55	5	3
55	6	4
55	7	4
55	8	5
55	9	5
55	10	2
55	11	5
55	12	3
55	14	1
55	15	2
55	16	2
55	17	3
55	18	3
55	19	3
55	20	1
55	21	5
55	22	2
55	23	5
55	24	3
55	25	3
55	26	1
55	27	4
55	28	4
55	29	1
55	30	3
55	31	4
55	33	1
55	34	2
55	35	5
55	36	2
55	37	1
55	38	6
55	40	4
55	41	4
55	42	5
55	43	5
55	44	7
55	45	3
55	46	4
55	47	2
55	48	4
55	49	5
55	50	4
55	51	7
55	52	4
55	53	4
55	54	12
56	1	1
56	3	3
56	4	2
56	5	4
56	6	3
56	7	2
56	8	6
56	9	4
56	10	2
56	11	1
56	13	3
56	15	3
56	16	1
56	17	1
56	18	3
56	19	2
56	20	3
56	21	1
56	23	3
56	24	4
56	25	3
56	26	1
56	27	3
56	28	3
56	29	1
56	30	4
56	31	2
56	32	3
56	33	1
56	34	1
56	35	2
56	37	1
56	38	2
56	40	3
56	41	2
56	42	3
56	43	3
56	44	2
56	45	5
56	46	1
56	47	6
56	48	4
56	49	4
56	50	5
56	51	8
56	52	5
56	53	5
56	54	8
56	55	20
57	3	8
57	4	4
57	5	5
57	6	11
57	7	1
57	8	5
57	9	6
57	10	4
57	11	2
57	12	1
57	13	3
57	14	3
57	15	1
57	16	4
57	17	4
57	18	2
57	19	6
57	20	1
57	21	1
57	22	1
57	23	1
57	24	2
57	25	3
57	26	1
57	27	4
57	28	2
57	29	1
57	30	2
57	31	1
57	32	3
57	33	2
57	34	3
57	35	3
57	36	1
57	38	1
57	39	1
57	40	2
57	41	4
57	42	3
57	43	5
57	46	1
57	47	1
57	48	2
57	49	3
57	50	7
57	51	5
57	52	4
57	53	6
57	54	6
57	55	6
57	56	7
58	0	1
58	3	4
58	4	3
58	5	6
58	6	3
58	7	5
58	8	3
58	9	3
58	11	4
58	12	3
58	15	3
58	16	2
58	17	1
58	18	1
58	19	2
58	20	1
58	22	4
58	24	2
58	25	1
58	26	2
58	27	3
58	28	6
58	29	1
58	30	2
58	31	1
58	32	5
58	33	5
58	34	2
58	35	3
58	36	5
58	37	3
58	38	3
58	39	1
58	40	3
58	41	2
58	42	2
58	43	3
58	44	1
58	45	3
58	46	2
58	47	2
58	49	3
58	50	5
58	51	4
58	53	5
58	54	5
58	55	7
58	56	7
58	57	13
59	0	1
59	3	1
59	4	2
59	7	2
59	8	1
59	9	1
59	12	1
59	13	4
59	14	3
59	15	1
59	17	1
59	19	3
59	24	2
59	26	1
59	28	3
59	30	1
59	31	2
59	33	2
59	34	1
59	35	3
59	36	1
59	40	5
59	41	3
59	43	3
59	44	1
59	45	2
59	50	1
59	51	1
59	52	3
59	53	1
59	55	1
59	56	4
59	57	4
59	58	2
60	0	3
60	1	2
60	2	7
60	4	1
60	5	3
60	8	2
60	9	1
60	10	1
60	11	1
60	12	1
60	13	2
60	15	3
60	16	1
60	17	2
60	20	1
60	21	2
60	27	3
60	28	4
60	31	2
60	33	4
60	34	1
60	35	2
60	38	2
60	39	3
60	40	3
60	41	3
60	42	1
60	43	2
60	44	2
60	45	3
60	46	5
60	47	3
60	48	2
60	49	1
60	51	1
60	53	1
60	54	1
60	55	1
60	56	1
60	57	1
60	58	2
60	59	2
