1	0	10
2	0	2
2	1	12
3	0	2
4	3	2
5	1	1
5	3	5
5	4	10
6	1	2
6	3	2
6	4	3
6	5	4
7	3	2
7	4	2
7	5	7
7	6	6
8	0	1
8	2	2
8	3	5
8	4	5
8	5	3
8	6	11
8	7	10
9	0	1
9	5	1
9	6	9
9	7	6
9	8	13
10	3	1
10	5	6
10	6	1
10	7	4
10	8	5
10	9	16
11	2	1
11	3	2
11	4	1
11	5	2
11	6	3
11	7	3
11	8	5
11	9	8
11	10	11
12	1	1
12	3	2
12	4	2
12	5	1
12	6	1
12	7	3
12	8	5
12	9	18
12	10	20
12	11	12
13	1	2
13	3	1
13	4	3
13	5	3
13	7	4
13	8	5
13	9	2
13	10	12
13	11	4
13	12	5
14	3	3
14	4	1
14	5	4
14	6	1
14	7	4
14	8	4
14	9	2
14	10	1
14	11	1
14	12	1
14	13	4
15	1	1
15	3	2
15	4	2
15	5	1
15	6	3
15	7	9
15	8	3
15	9	3
15	10	5
15	11	2
15	12	8
15	13	3
15	14	11
16	3	1
16	4	1
16	5	4
16	6	3
16	7	8
16	8	5
16	9	3
16	10	6
16	11	6
16	12	3
16	13	6
16	14	7
16	15	11
17	2	1
17	3	3
17	4	1
17	5	3
17	6	2
17	7	2
17	10	4
17	11	2
17	12	3
17	13	1
17	14	1
17	15	1
17	16	4
18	3	5
18	4	1
18	5	4
18	6	2
18	7	2
18	8	2
18	9	3
18	10	2
18	11	2
18	12	4
18	14	3
18	15	1
18	16	3
18	17	7
19	1	1
19	3	6
19	4	2
19	5	5
19	6	5
19	8	3
19	9	5
19	10	3
19	11	3
19	12	2
19	13	2
19	14	5
19	15	3
19	16	2
19	17	5
19	18	10
20	3	3
20	4	4
20	5	7
20	6	2
20	7	1
20	8	4
20	10	2
20	11	2
20	12	2
20	13	4
20	14	6
20	15	4
20	16	3
20	17	3
20	18	4
20	19	7
21	2	1
21	3	5
21	4	6
21	5	1
21	6	2
21	7	3
21	9	1
21	10	2
21	12	4
21	13	1
21	14	5
21	15	5
21	16	7
21	17	6
21	18	2
21	19	5
21	20	8
22	2	2
22	3	2
22	4	3
22	5	1
22	6	2
22	7	2
22	8	3
22	9	2
22	10	5
22	11	6
22	12	1
22	13	1
22	14	3
22	15	2
22	16	1
22	17	8
22	18	5
22	19	1
22	20	1
22	21	3
23	3	2
23	4	2
23	5	2
23	6	6
23	7	2
23	8	2
23	9	6
23	10	1
23	11	3
23	12	4
23	13	1
23	14	2
23	15	4
23	16	1
23	17	3
23	18	6
23	20	2
23	21	2
23	22	3
24	0	1
24	3	2
24	4	4
24	5	3
24	6	5
24	7	2
24	8	3
24	9	2
24	10	10
24	11	2
24	12	5
24	13	3
24	14	2
24	15	4
24	16	2
24	17	6
24	18	2
24	19	4
24	20	3
24	21	4
24	22	3
24	23	9
25	0	1
25	1	1
25	3	2
25	4	2
25	5	3
25	6	1
25	7	4
25	8	3
25	9	4
25	10	5
25	11	2
25	12	1
25	13	6
25	14	2
25	15	5
25	16	4
25	17	7
25	18	1
25	19	2
25	20	2
25	21	4
25	22	5
25	23	5
25	24	4
26	1	1
26	3	4
26	4	4
26	8	3
26	9	1
26	10	1
26	12	3
26	14	1
26	18	3
26	19	3
26	20	2
26	21	4
26	22	3
26	23	3
26	24	2
26	25	7
27	2	1
27	3	6
27	4	9
27	5	1
27	6	4
27	7	4
27	8	9
27	9	12
27	10	10
27	11	2
27	12	3
27	14	5
27	15	2
27	16	4
27	17	5
27	18	2
27	19	2
27	21	2
27	22	2
27	23	7
27	24	3
27	25	4
27	26	2
28	2	1
28	3	3
28	4	4
28	6	5
28	7	2
28	8	3
28	9	3
28	10	3
28	11	4
28	12	3
28	13	3
28	14	1
28	15	2
28	16	1
28	17	2
28	18	1
28	19	1
28	20	2
28	21	2
28	22	4
28	23	2
28	24	5
28	25	11
28	26	1
28	27	17
29	0	2
29	3	1
29	4	3
29	5	4
29	6	1
29	7	1
29	9	1
29	10	1
29	11	3
29	12	1
29	13	3
29	17	2
29	19	2
29	22	2
29	23	1
29	24	4
29	25	1
29	26	2
29	27	3
29	28	7
30	1	1
30	4	1
30	5	1
30	6	2
30	7	3
30	8	2
30	9	2
30	10	5
30	11	3
30	12	2
30	13	2
30	16	2
30	18	3
30	19	3
30	21	3
30	24	1
30	25	1
30	27	5
30	28	4
30	29	1
31	1	1
31	2	2
31	4	2
31	5	4
31	7	1
31	8	2
31	9	1
31	10	1
31	11	4
31	12	1
31	13	2
31	16	1
31	18	1
31	20	2
31	21	1
31	22	1
31	23	1
31	24	3
31	25	1
31	27	3
31	28	4
31	29	4
31	30	7
32	4	1
32	5	1
32	8	2
32	9	2
32	10	1
32	11	1
32	12	3
32	16	4
32	17	1
32	18	1
32	19	2
32	23	2
32	25	1
32	26	2
32	27	1
32	28	2
32	29	1
32	30	3
32	31	3
33	1	2
33	2	3
33	5	1
33	6	1
33	7	2
33	8	2
33	10	2
33	12	3
33	13	3
33	15	1
33	16	1
33	17	1
33	22	1
33	23	1
33	24	2
33	25	3
33	27	3
33	28	6
33	29	1
33	30	5
33	31	1
33	32	3
34	1	2
34	2	1
34	4	1
34	5	2
34	6	1
34	8	3
34	9	6
34	10	3
34	11	1
34	13	2
34	17	1
34	24	3
34	26	1
34	27	3
34	28	1
34	29	1
34	30	3
34	31	7
34	32	5
34	33	18
35	2	1
35	3	3
35	4	3
35	5	2
35	6	4
35	7	3
35	8	1
35	9	8
35	10	1
35	11	6
35	12	3
35	13	3
35	14	1
35	15	2
35	16	1
35	17	4
35	18	3
35	19	1
35	20	3
35	21	2
35	22	3
35	23	1
35	24	1
35	25	7
35	26	1
35	27	6
35	28	7
35	30	3
35	33	1
35	34	3
36	3	3
36	4	1
36	5	3
36	7	3
36	8	3
36	9	4
36	10	7
36	11	13
36	12	6
36	15	4
36	16	4
36	18	4
36	19	2
36	20	2
36	21	4
36	22	3
36	23	1
36	24	4
36	25	6
36	26	3
36	27	3
36	28	4
36	29	3
36	32	1
36	33	3
36	35	14
37	3	1
37	4	2
37	7	3
37	8	2
37	9	2
37	10	3
37	11	5
37	12	1
37	13	2
37	14	1
37	15	2
37	16	1
37	17	4
37	18	2
37	19	1
37	20	1
37	21	2
37	22	4
37	23	3
37	24	3
37	25	9
37	26	4
37	27	6
37	28	1
37	29	5
37	30	4
37	31	1
37	34	5
37	35	13
37	36	4
38	1	1
38	2	2
38	3	3
38	4	2
38	5	2
38	6	4
38	7	1
38	8	1
38	9	4
38	10	4
38	11	3
38	12	9
38	13	3
38	14	2
38	16	3
38	17	4
38	18	1
38	19	4
38	20	2
38	21	1
38	22	1
38	23	1
38	24	2
38	25	6
38	26	3
38	27	5
38	28	7
38	29	5
38	30	2
38	31	1
38	32	2
38	33	4
38	34	1
38	35	8
38	36	3
38	37	16
39	0	2
39	3	1
39	5	5
39	6	1
39	7	1
39	8	3
39	10	7
39	11	4
39	12	4
39	13	3
39	14	1
39	15	1
39	16	1
39	17	1
39	19	1
39	20	1
39	21	1
39	22	2
39	23	3
39	24	4
39	25	3
39	26	1
39	27	4
39	28	5
39	29	3
39	30	3
39	31	4
39	33	2
39	34	3
39	35	7
39	36	4
39	37	5
39	38	20
40	3	2
40	4	4
40	5	2
40	6	2
40	7	4
40	8	1
40	9	3
40	10	3
40	11	5
40	12	5
40	13	4
40	14	2
40	15	3
40	16	2
40	17	3
40	18	2
40	19	5
40	20	1
40	21	3
40	22	4
40	23	3
40	24	2
40	25	3
40	26	1
40	27	4
40	28	7
40	29	5
40	30	2
40	31	3
40	33	2
40	34	3
40	35	5
40	36	2
40	37	7
40	38	7
40	39	3
41	3	2
41	4	2
41	5	4
41	6	2
41	7	4
41	8	4
41	9	3
41	10	8
41	11	5
41	12	4
41	13	3
41	16	1
41	17	2
41	19	2
41	20	1
41	22	1
41	23	2
41	24	3
41	25	7
41	26	1
41	27	3
41	28	5
41	29	5
41	30	7
41	31	6
41	32	6
41	34	4
41	35	5
41	36	2
41	37	5
41	38	7
41	39	4
41	40	6
42	0	1
42	1	3
42	3	3
42	4	2
42	7	4
42	8	4
42	10	4
42	11	3
42	12	1
42	13	1
42	14	1
42	15	1
42	18	1
42	20	1
42	21	1
42	22	2
42	24	1
42	25	2
42	27	1
42	28	2
42	29	4
42	30	13
42	31	4
42	32	1
42	33	5
42	34	3
42	35	2
42	36	1
42	37	1
42	38	1
42	39	1
42	40	2
42	41	5
43	1	2
43	2	2
43	5	1
43	6	2
43	7	3
43	8	1
43	9	2
43	10	2
43	11	4
43	12	1
43	13	3
43	14	4
43	15	2
43	16	1
43	17	1
43	19	3
43	24	5
43	25	2
43	27	1
43	28	5
43	29	4
43	30	7
43	31	4
43	32	1
43	33	8
43	34	3
43	38	3
43	41	2
43	42	8
44	0	2
44	1	3
44	2	1
44	4	1
44	5	2
44	6	1
44	7	1
44	8	2
44	9	3
44	10	1
44	11	4
44	12	3
44	14	1
44	15	1
44	17	1
44	20	1
44	22	1
44	24	1
44	28	2
44	30	4
44	31	1
44	32	3
44	33	7
44	34	1
44	36	1
44	38	5
44	41	1
44	42	1
44	43	9
45	1	1
45	2	1
45	8	2
45	9	4
45	12	1
45	13	3
45	14	1
45	15	2
45	22	2
45	27	2
45	30	6
45	31	2
45	32	4
45	33	7
45	34	3
45	35	1
45	40	3
45	41	4
45	43	6
45	44	13
46	0	3
46	1	2
46	2	1
46	3	1
46	4	2
46	6	1
46	8	3
46	10	2
46	11	1
46	12	4
46	13	1
46	15	2
46	18	1
46	19	1
46	20	3
46	22	1
46	23	2
46	25	4
46	27	4
46	29	2
46	31	2
46	32	4
46	33	3
46	35	1
46	36	3
46	38	1
46	39	3
46	41	6
46	42	2
46	43	1
46	44	3
46	45	4
47	2	2
47	3	2
47	4	4
47	5	3
47	6	5
47	7	3
47	8	7
47	9	2
47	10	4
47	11	2
47	12	4
47	13	2
47	14	1
47	15	1
47	17	1
47	18	1
47	19	5
47	21	2
47	23	2
47	24	2
47	25	3
47	27	5
47	28	1
47	30	10
47	31	2
47	32	4
47	33	2
47	34	2
47	37	6
47	38	2
47	40	4
47	41	2
47	42	1
47	43	2
47	44	5
47	45	3
47	46	3
48	0	2
48	1	1
48	2	1
48	3	1
48	4	1
48	5	5
48	6	2
48	7	1
48	8	9
48	9	8
48	10	8
48	11	4
48	12	6
48	13	3
48	14	1
48	15	4
48	16	2
48	17	3
48	18	3
48	19	2
48	20	2
48	21	2
48	22	1
48	23	2
48	24	1
48	25	3
48	27	5
48	28	1
48	29	2
48	30	3
48	31	2
48	32	4
48	33	1
48	34	3
48	35	4
48	36	2
48	37	3
48	38	1
48	39	2
48	40	3
48	41	8
48	42	5
48	43	3
48	44	2
48	45	2
48	46	1
48	47	5
49	3	2
49	4	3
49	5	5
49	6	11
49	7	5
49	8	13
49	9	8
49	10	11
49	11	7
49	12	13
49	13	8
49	14	2
49	15	4
49	16	7
49	17	5
49	18	2
49	19	1
49	20	2
49	21	5
49	22	2
49	23	4
49	24	6
49	25	2
49	26	1
49	27	1
49	28	4
49	29	3
49	30	4
49	31	3
49	33	5
49	34	2
49	35	11
49	36	1
49	37	5
49	38	2
49	39	5
49	40	7
49	41	3
49	42	4
49	43	4
49	44	1
49	45	1
49	47	5
49	48	9
50	2	1
50	3	4
50	4	2
50	5	3
50	6	3
50	7	4
50	8	7
50	9	1
50	10	4
50	11	4
50	12	5
50	13	2
50	14	2
50	15	1
50	16	4
50	17	2
50	18	1
50	19	1
50	20	3
50	21	5
50	22	2
50	24	5
50	28	2
50	29	1
50	30	1
50	31	3
50	33	4
50	34	1
50	35	3
50	36	2
50	37	2
50	38	1
50	39	2
50	40	1
50	41	1
50	43	3
50	44	2
50	45	2
50	46	2
50	47	5
50	48	5
50	49	7
51	1	1
51	3	1
51	4	3
51	5	2
51	6	2
51	7	3
51	8	2
51	9	1
51	10	2
51	11	6
51	12	3
51	13	4
51	14	5
51	15	1
51	16	10
51	17	3
51	19	1
51	20	2
51	21	5
51	22	2
51	23	3
51	24	3
51	25	1
51	27	3
51	28	1
51	29	2
51	32	2
51	33	2
51	34	1
51	35	3
51	36	2
51	37	5
51	38	4
51	39	5
51	40	1
51	41	1
51	42	3
51	43	3
51	44	2
51	45	1
51	46	1
51	47	1
51	48	4
51	49	8
51	50	10
52	2	1
52	3	5
52	5	5
52	6	5
52	7	5
52	8	7
52	9	4
52	10	4
52	11	1
52	12	1
52	13	3
52	14	2
52	15	3
52	16	9
52	19	5
52	20	1
52	21	2
52	22	4
52	24	1
52	25	2
52	26	3
52	27	2
52	28	2
52	30	4
52	31	1
52	32	1
52	33	2
52	34	2
52	35	6
52	36	1
52	37	2
52	38	2
52	39	1
52	41	1
52	42	1
52	43	1
52	44	4
52	46	1
52	47	6
52	48	12
52	49	5
52	50	3
52	51	19
53	1	1
53	3	1
53	4	2
53	5	2
53	6	4
53	7	5
53	8	11
53	9	4
53	10	9
53	11	4
53	12	4
53	13	6
53	14	4
53	16	3
53	18	1
53	19	3
53	20	2
53	21	1
53	22	2
53	24	7
53	25	2
53	27	2
53	28	9
53	29	3
53	30	8
53	31	5
53	32	2
53	33	1
53	34	3
53	35	1
53	36	4
53	37	1
53	38	4
53	39	2
53	40	3
53	41	7
53	42	9
53	43	2
53	44	1
53	45	1
53	46	2
53	47	4
53	48	4
53	49	15
53	50	6
53	51	3
53	52	5
54	0	1
54	3	2
54	4	1
54	5	2
54	6	2
54	7	1
54	8	3
54	9	9
54	10	2
54	11	2
54	12	3
54	13	2
54	14	1
54	15	1
54	16	2
54	19	5
54	20	1
54	21	5
54	23	1
54	24	5
54	27	8
54	28	6
54	30	1
54	31	4
54	32	2
54	33	1
54	34	8
54	35	1
54	36	1
54	38	2
54	39	5
54	40	3
54	41	1
54	42	1
54	43	8
54	44	2
54	45	3
54	46	1
54	47	2
54	48	3
54	49	8
54	50	7
54	51	2
54	52	3
54	53	13
55	0	1
55	1	1
55	3	1
55	4	4
55	5	3
55	6	3
55	7	2
55	8	6
55	9	2
55	10	2
55	11	4
55	12	6
55	13	5
55	14	1
55	15	3
55	16	6
55	17	3
55	18	1
55	19	5
55	20	2
55	21	1
55	22	2
55	23	2
55	24	2
55	25	2
55	26	1
55	27	4
55	28	4
55	29	1
55	30	5
55	31	2
55	32	4
55	33	8
55	34	5
55	35	6
55	37	2
55	38	4
55	39	2
55	40	4
55	41	3
55	42	11
55	43	5
55	44	7
55	45	3
55	46	2
55	47	8
55	48	2
55	49	5
55	50	3
55	51	4
55	52	8
55	53	3
55	54	4
56	0	1
56	1	3
56	3	2
56	4	1
56	5	8
56	6	6
56	7	6
56	8	4
56	9	6
56	10	2
56	11	3
56	12	5
56	13	4
56	15	1
56	16	2
56	17	3
56	18	3
56	19	3
56	21	3
56	22	3
56	24	2
56	25	1
56	27	2
56	28	2
56	31	3
56	32	3
56	33	4
56	34	3
56	35	3
56	36	1
56	37	2
56	38	2
56	40	3
56	41	6
56	42	5
56	43	2
56	44	3
56	45	1
56	46	1
56	47	7
56	48	5
56	49	2
56	50	4
56	51	3
56	52	4
56	53	5
56	54	3
56	55	12
57	2	1
57	3	1
57	4	1
57	5	7
57	6	3
57	7	2
57	8	7
57	9	1
57	10	6
57	11	2
57	12	5
57	13	2
57	14	4
57	15	3
57	16	6
57	17	3
57	18	3
57	19	1
57	21	3
57	22	4
57	23	2
57	24	3
57	25	4
57	26	1
57	27	4
57	28	2
57	29	2
57	30	2
57	31	3
57	32	2
57	33	2
57	34	2
57	35	3
57	36	1
57	38	1
57	39	1
57	40	2
57	41	3
57	42	6
57	43	3
57	44	3
57	45	3
57	46	4
57	47	3
57	48	1
57	49	9
57	50	5
57	51	3
57	53	6
57	54	2
57	55	7
57	56	5
58	4	3
58	5	7
58	6	4
58	7	4
58	8	3
58	9	3
58	10	6
58	12	1
58	14	2
58	15	5
58	16	6
58	18	2
58	19	2
58	20	1
58	21	3
58	22	2
58	23	1
58	24	1
58	25	1
58	26	2
58	27	4
58	28	3
58	29	2
58	30	3
58	31	1
58	32	2
58	33	2
58	34	2
58	35	1
58	37	3
58	39	2
58	40	1
58	41	1
58	43	2
58	44	2
58	45	3
58	46	2
58	47	1
58	48	3
58	49	7
58	50	4
58	51	3
58	52	1
58	53	3
58	54	7
58	55	7
58	56	7
58	57	12
59	0	2
59	2	1
59	3	2
59	5	2
59	6	2
59	7	2
59	8	3
59	9	3
59	14	2
59	15	1
59	18	1
59	19	3
59	22	1
59	23	1
59	24	2
59	25	3
59	26	2
59	27	3
59	28	1
59	30	1
59	31	1
59	33	1
59	36	1
59	40	1
59	41	2
59	43	2
59	44	2
59	45	4
59	46	3
59	47	1
59	49	2
59	50	1
59	51	1
59	53	2
59	54	1
59	55	1
59	56	1
59	57	2
59	58	3
60	0	2
60	1	3
60	2	2
60	4	2
60	5	1
60	7	2
60	8	2
60	9	1
60	10	2
60	11	1
60	12	2
60	13	2
60	15	2
60	16	1
60	20	2
60	21	2
60	22	1
60	25	3
60	28	2
60	30	5
60	31	4
60	32	3
60	33	5
60	34	4
60	35	2
60	36	2
60	38	2
60	39	3
60	40	3
60	41	2
60	42	2
60	44	4
60	45	4
60	46	3
60	47	1
60	48	1
60	49	7
60	51	1
60	52	4
60	55	3
60	56	3
60	57	2
60	58	4
60	59	4
