1	0	16
2	0	4
2	1	12
4	1	1
4	3	8
5	1	1
5	3	1
5	4	15
6	1	1
6	3	6
6	4	1
6	5	6
7	1	1
7	3	2
7	4	5
7	5	2
7	6	16
8	2	2
8	3	1
8	4	3
8	5	4
8	6	9
8	7	11
9	0	2
9	4	2
9	5	2
9	6	9
9	7	3
9	8	8
10	0	1
10	1	1
10	2	1
10	3	2
10	4	1
10	5	1
10	6	4
10	7	4
10	8	11
10	9	18
11	0	1
11	3	1
11	4	5
11	5	3
11	6	1
11	8	6
11	9	7
11	10	8
12	1	1
12	3	2
12	4	3
12	5	3
12	6	2
12	7	1
12	8	5
12	9	11
12	10	21
12	11	12
13	3	5
13	4	1
13	5	3
13	6	3
13	7	9
13	9	4
13	10	10
13	11	3
13	12	8
14	1	1
14	3	1
14	4	1
14	5	3
14	6	4
14	7	3
14	8	5
14	9	3
14	10	3
14	11	6
14	12	1
14	13	2
15	0	1
15	3	2
15	4	2
15	5	4
15	6	3
15	7	6
15	8	5
15	9	6
15	10	3
15	11	1
15	12	1
15	13	10
15	14	11
16	0	1
16	3	1
16	4	2
16	5	4
16	6	2
16	7	4
16	8	8
16	9	3
16	10	4
16	11	1
16	13	5
16	14	6
16	15	8
17	3	1
17	4	2
17	5	1
17	6	4
17	7	3
17	8	2
17	9	3
17	10	1
17	11	2
17	13	1
17	14	5
17	15	6
17	16	1
18	2	1
18	3	5
18	4	8
18	5	2
18	6	2
18	7	1
18	8	1
18	9	3
18	10	3
18	11	3
18	12	1
18	13	1
18	14	2
18	15	1
18	16	1
18	17	9
19	1	1
19	2	1
19	3	5
19	4	1
19	5	3
19	6	4
19	7	1
19	8	3
19	9	3
19	10	2
19	11	2
19	12	1
19	13	1
19	14	2
19	15	2
19	16	1
19	17	7
19	18	12
20	3	4
20	4	1
20	5	2
20	6	2
20	7	5
20	8	3
20	9	2
20	10	3
20	11	2
20	12	3
20	14	7
20	15	2
20	16	4
20	17	3
20	18	3
20	19	8
21	1	1
21	2	2
21	3	3
21	4	5
21	5	4
21	6	3
21	7	4
21	9	2
21	10	4
21	11	1
21	12	3
21	13	4
21	14	3
21	15	7
21	16	6
21	17	4
21	18	5
21	19	7
21	20	11
22	3	3
22	5	1
22	6	3
22	7	1
22	9	3
22	10	1
22	11	1
22	12	5
22	13	3
22	16	4
22	17	9
22	18	1
22	19	2
22	20	4
22	21	8
23	3	4
23	4	1
23	5	1
23	6	3
23	7	1
23	8	4
23	9	4
23	10	4
23	11	4
23	13	1
23	14	3
23	15	5
23	16	2
23	17	9
23	18	3
23	19	3
23	21	1
23	22	11
24	0	1
24	3	2
24	4	2
24	5	6
24	6	3
24	7	5
24	8	7
24	9	5
24	10	3
24	11	2
24	12	5
24	13	8
24	14	1
24	15	1
24	16	1
24	17	3
24	18	3
24	19	3
24	20	2
24	21	1
24	22	5
24	23	10
25	0	1
25	1	1
25	3	4
25	4	3
25	5	3
25	6	4
25	7	4
25	8	3
25	9	3
25	10	4
25	11	3
25	12	2
25	13	1
25	14	1
25	15	1
25	16	5
25	17	4
25	18	5
25	19	1
25	21	4
25	22	5
25	23	10
25	24	4
26	3	1
26	4	3
26	5	1
26	8	1
26	9	3
26	10	4
26	11	2
26	12	2
26	13	1
26	14	1
26	15	1
26	17	7
26	18	1
26	19	2
26	20	1
26	22	5
26	23	4
26	24	1
26	25	4
27	1	1
27	3	1
27	4	3
27	5	3
27	6	7
27	7	3
27	8	8
27	9	6
27	10	6
27	11	13
27	12	8
27	13	2
27	14	1
27	15	1
27	17	4
27	18	3
27	19	5
27	20	5
27	22	2
27	23	2
27	24	9
27	25	6
27	26	2
28	3	2
28	4	4
28	5	4
28	6	3
28	7	1
28	8	3
28	9	2
28	10	3
28	11	5
28	12	6
28	13	5
28	14	1
28	15	1
28	16	5
28	17	3
28	18	8
28	19	4
28	20	4
28	21	3
28	22	8
28	23	5
28	24	7
28	25	6
28	26	2
28	27	14
29	6	1
29	7	1
29	8	3
29	9	2
29	10	2
29	11	2
29	12	2
29	13	2
29	14	1
29	17	1
29	19	4
29	21	1
29	22	1
29	23	2
29	24	1
29	25	3
29	26	2
29	27	2
29	28	15
30	1	5
30	2	2
30	3	1
30	4	1
30	5	2
30	6	2
30	7	2
30	8	6
30	9	3
30	10	4
30	11	1
30	12	2
30	13	1
30	15	1
30	16	1
30	17	1
30	18	2
30	21	3
30	23	2
30	24	1
30	25	2
30	27	6
30	28	3
31	4	5
31	5	3
31	6	1
31	8	3
31	9	3
31	10	1
31	11	1
31	12	5
31	13	5
31	16	2
31	19	1
31	20	3
31	22	1
31	23	1
31	24	1
31	25	1
31	27	1
31	28	2
31	29	4
31	30	6
32	2	1
32	4	1
32	5	1
32	8	2
32	11	2
32	12	2
32	16	1
32	19	1
32	24	1
32	27	1
32	29	2
32	30	5
32	31	5
33	0	3
33	2	1
33	4	1
33	5	1
33	6	1
33	8	3
33	10	2
33	11	1
33	12	3
33	13	1
33	16	2
33	17	1
33	22	2
33	23	2
33	24	1
33	25	2
33	26	2
33	27	1
33	28	2
33	29	4
33	30	6
33	31	4
33	32	2
34	0	1
34	2	1
34	6	2
34	7	2
34	8	5
34	9	2
34	10	3
34	11	1
34	13	3
34	15	2
34	16	2
34	17	1
34	20	2
34	23	4
34	25	3
34	26	1
34	28	1
34	29	1
34	30	2
34	31	7
34	32	6
34	33	11
35	2	1
35	3	3
35	4	3
35	6	3
35	7	2
35	8	7
35	9	9
35	10	6
35	11	5
35	12	5
35	13	8
35	14	1
35	16	1
35	17	3
35	18	3
35	20	1
35	21	1
35	22	7
35	23	10
35	24	6
35	25	9
35	26	2
35	27	10
35	28	3
35	29	3
35	30	2
35	31	1
35	32	2
35	34	2
36	3	3
36	4	3
36	5	3
36	6	6
36	7	3
36	8	3
36	9	8
36	10	8
36	11	6
36	12	2
36	13	2
36	14	1
36	15	2
36	17	4
36	18	2
36	19	3
36	20	1
36	21	1
36	22	2
36	24	3
36	25	6
36	26	1
36	27	3
36	28	3
36	29	1
36	30	3
36	31	2
36	35	8
37	2	1
37	3	2
37	4	4
37	5	5
37	6	2
37	8	2
37	9	7
37	10	3
37	11	2
37	12	2
37	13	6
37	14	1
37	15	1
37	17	5
37	18	3
37	19	5
37	20	3
37	21	2
37	22	3
37	23	4
37	24	3
37	25	8
37	26	3
37	27	5
37	28	5
37	29	4
37	30	3
37	31	2
37	34	2
37	35	13
37	36	2
38	1	1
38	2	2
38	3	2
38	4	3
38	5	1
38	6	2
38	7	3
38	8	3
38	9	3
38	10	2
38	11	4
38	12	2
38	13	5
38	14	1
38	15	5
38	16	2
38	17	2
38	18	1
38	20	1
38	22	4
38	23	1
38	24	5
38	25	3
38	26	1
38	27	6
38	28	8
38	29	6
38	30	3
38	31	4
38	32	3
38	33	4
38	34	4
38	35	11
38	36	5
38	37	13
39	0	1
39	4	1
39	8	4
39	9	6
39	10	3
39	11	2
39	12	2
39	13	1
39	14	4
39	15	4
39	16	3
39	18	3
39	19	1
39	20	2
39	22	2
39	23	3
39	24	4
39	25	7
39	26	2
39	27	5
39	28	4
39	29	4
39	30	2
39	31	1
39	32	1
39	33	5
39	34	1
39	35	6
39	36	5
39	37	4
39	38	11
40	3	3
40	4	3
40	5	1
40	6	4
40	7	1
40	8	3
40	9	3
40	10	3
40	11	5
40	12	1
40	13	2
40	14	2
40	15	3
40	16	1
40	17	2
40	18	2
40	19	5
40	20	1
40	21	1
40	22	1
40	23	2
40	24	4
40	25	4
40	26	1
40	27	5
40	28	8
40	29	5
40	31	2
40	34	4
40	35	5
40	36	2
40	37	3
40	38	7
40	39	7
41	1	3
41	3	3
41	4	3
41	5	2
41	6	1
41	7	3
41	8	9
41	9	6
41	10	4
41	11	3
41	12	3
41	13	5
41	14	2
41	15	1
41	16	3
41	17	5
41	18	1
41	20	2
41	21	1
41	22	1
41	23	2
41	24	2
41	25	2
41	26	5
41	28	4
41	29	4
41	30	7
41	31	6
41	32	3
41	33	3
41	34	6
41	35	6
41	36	4
41	37	6
41	38	6
41	39	2
41	40	15
42	1	1
42	3	2
42	4	3
42	5	3
42	6	4
42	7	2
42	8	6
42	9	1
42	12	2
42	18	2
42	21	1
42	24	3
42	27	2
42	28	5
42	29	3
42	30	11
42	31	5
42	32	4
42	33	1
42	34	4
42	35	1
42	36	4
42	37	3
42	38	2
42	39	1
42	40	1
42	41	5
43	2	1
43	4	1
43	5	1
43	6	2
43	8	2
43	10	3
43	11	1
43	12	3
43	13	1
43	14	2
43	15	3
43	16	1
43	17	2
43	18	2
43	24	2
43	25	3
43	28	4
43	30	2
43	31	1
43	32	4
43	33	3
43	34	5
43	37	2
43	38	3
43	40	1
43	41	3
43	42	4
44	0	1
44	1	2
44	2	1
44	6	2
44	7	2
44	8	2
44	9	1
44	10	1
44	11	2
44	12	2
44	13	1
44	14	2
44	17	2
44	20	1
44	22	1
44	23	1
44	24	1
44	27	1
44	29	1
44	30	6
44	31	1
44	32	3
44	33	2
44	34	6
44	35	1
44	36	1
44	40	2
44	42	4
44	43	16
45	1	2
45	2	1
45	3	1
45	7	2
45	8	1
45	10	3
45	12	1
45	13	1
45	14	2
45	16	1
45	17	1
45	28	1
45	30	5
45	31	1
45	32	2
45	33	3
45	34	1
45	38	1
45	39	1
45	40	1
45	41	4
45	42	1
45	43	4
45	44	9
46	1	1
46	4	1
46	5	3
46	6	3
46	8	5
46	9	2
46	10	2
46	11	3
46	12	2
46	13	1
46	15	1
46	18	2
46	20	3
46	23	1
46	25	1
46	27	1
46	28	5
46	29	2
46	31	5
46	32	8
46	33	4
46	34	2
46	38	2
46	39	1
46	40	3
46	41	1
46	43	3
46	44	8
46	45	8
47	0	1
47	2	3
47	3	1
47	5	4
47	6	1
47	7	2
47	8	3
47	9	7
47	10	3
47	11	1
47	12	6
47	13	2
47	14	4
47	15	2
47	16	3
47	17	2
47	18	3
47	19	2
47	21	1
47	24	1
47	25	1
47	27	1
47	28	2
47	29	2
47	30	8
47	31	1
47	32	4
47	33	4
47	34	3
47	35	4
47	36	1
47	37	1
47	38	2
47	39	4
47	40	2
47	41	4
47	42	4
47	43	3
47	44	3
47	46	4
48	1	4
48	3	1
48	5	3
48	7	2
48	8	2
48	9	6
48	10	3
48	11	1
48	12	7
48	13	3
48	14	7
48	15	3
48	16	5
48	17	2
48	18	2
48	19	1
48	21	2
48	22	2
48	24	3
48	25	3
48	26	1
48	27	3
48	28	2
48	29	1
48	30	5
48	31	1
48	32	2
48	33	3
48	34	1
48	35	3
48	36	2
48	37	1
48	38	1
48	39	1
48	40	3
48	41	2
48	42	2
48	43	1
48	44	1
48	45	1
48	46	1
48	47	3
49	3	4
49	4	2
49	5	4
49	6	5
49	7	9
49	8	14
49	9	12
49	10	7
49	11	3
49	12	12
49	13	5
49	14	8
49	15	1
49	16	6
49	17	2
49	18	1
49	19	3
49	20	3
49	21	4
49	22	9
49	23	1
49	24	4
49	25	1
49	26	1
49	27	5
49	28	4
49	29	1
49	31	4
49	33	1
49	34	1
49	35	2
49	36	2
49	37	4
49	38	6
49	40	3
49	41	6
49	42	4
49	43	4
49	44	3
49	45	3
49	46	3
49	47	6
49	48	13
50	4	2
50	5	1
50	6	9
50	7	9
50	8	8
50	9	4
50	10	6
50	11	1
50	12	8
50	13	6
50	15	4
50	16	3
50	17	2
50	18	4
50	19	2
50	21	2
50	22	3
50	23	2
50	24	4
50	25	3
50	27	4
50	28	3
50	29	1
50	30	1
50	34	4
50	35	1
50	36	3
50	38	4
50	39	1
50	40	2
50	41	4
50	42	4
50	45	1
50	47	4
50	48	6
50	49	8
51	3	2
51	4	1
51	5	3
51	6	6
51	7	2
51	8	10
51	9	3
51	10	1
51	11	1
51	12	5
51	13	5
51	14	3
51	15	5
51	16	3
51	17	2
51	19	2
51	20	6
51	21	1
51	22	1
51	23	1
51	24	1
51	25	2
51	27	3
51	28	6
51	30	2
51	31	2
51	33	3
51	35	1
51	36	2
51	37	3
51	40	6
51	41	3
51	42	4
51	43	3
51	44	2
51	45	1
51	46	1
51	47	1
51	48	3
51	49	5
51	50	10
52	3	1
52	4	4
52	5	1
52	6	3
52	7	4
52	8	3
52	9	1
52	10	4
52	11	1
52	12	7
52	13	4
52	14	4
52	15	4
52	16	5
52	17	3
52	18	2
52	19	1
52	20	1
52	21	1
52	23	1
52	24	6
52	25	4
52	26	3
52	27	5
52	28	1
52	31	2
52	33	1
52	34	3
52	35	2
52	36	2
52	37	6
52	38	2
52	39	2
52	40	3
52	41	2
52	42	1
52	43	4
52	44	2
52	45	2
52	46	1
52	47	1
52	48	5
52	49	2
52	50	1
52	51	18
53	1	3
53	2	2
53	3	4
53	4	3
53	5	3
53	6	4
53	7	9
53	8	16
53	9	5
53	10	2
53	11	2
53	12	6
53	13	5
53	14	6
53	15	2
53	16	3
53	17	2
53	18	2
53	19	1
53	22	2
53	24	3
53	25	1
53	26	2
53	27	3
53	28	3
53	30	5
53	31	8
53	32	3
53	33	5
53	34	3
53	35	4
53	36	5
53	37	3
53	38	2
53	39	3
53	40	8
53	41	9
53	42	5
53	43	4
53	45	1
53	46	1
53	47	6
53	48	2
53	49	7
53	50	6
53	51	4
53	52	3
54	3	2
54	4	3
54	5	4
54	6	4
54	7	7
54	8	2
54	9	1
54	10	4
54	11	1
54	12	6
54	13	1
54	14	3
54	15	3
54	18	3
54	20	2
54	21	1
54	22	2
54	23	3
54	24	4
54	25	4
54	27	2
54	28	5
54	29	3
54	30	3
54	31	6
54	32	3
54	33	2
54	34	4
54	35	1
54	37	6
54	38	4
54	40	5
54	41	1
54	42	1
54	43	3
54	44	2
54	45	7
54	47	3
54	48	5
54	49	3
54	50	2
54	51	1
54	52	2
54	53	15
55	0	2
55	1	1
55	3	2
55	4	1
55	5	4
55	6	4
55	7	2
55	8	8
55	9	2
55	10	2
55	11	3
55	12	3
55	13	2
55	15	1
55	16	3
55	17	1
55	19	2
55	20	1
55	21	1
55	22	3
55	23	3
55	24	2
55	25	2
55	26	1
55	27	5
55	28	6
55	29	1
55	30	2
55	31	4
55	32	4
55	33	1
55	34	7
55	35	3
55	36	1
55	38	4
55	39	2
55	40	3
55	41	3
55	42	4
55	43	4
55	44	1
55	45	2
55	46	2
55	47	3
55	48	1
55	49	5
55	50	3
55	51	4
55	52	1
55	53	4
55	54	5
56	0	1
56	3	1
56	4	1
56	5	7
56	6	6
56	7	3
56	8	9
56	9	4
56	10	4
56	11	3
56	12	5
56	13	2
56	14	2
56	16	2
56	17	1
56	18	4
56	19	3
56	20	2
56	21	1
56	22	1
56	23	2
56	26	3
56	27	2
56	28	6
56	29	1
56	30	2
56	31	2
56	32	3
56	33	2
56	35	1
56	36	2
56	37	3
56	38	3
56	39	3
56	41	4
56	42	1
56	43	4
56	44	4
56	45	3
56	46	1
56	47	8
56	48	5
56	49	6
56	50	3
56	51	4
56	52	1
56	53	5
56	54	4
56	55	12
57	2	1
57	3	4
57	4	5
57	5	8
57	6	9
57	7	7
57	8	6
57	9	3
57	10	2
57	11	1
57	12	1
57	13	5
57	14	1
57	15	2
57	16	2
57	17	2
57	18	1
57	20	3
57	21	6
57	22	1
57	23	4
57	24	5
57	25	2
57	26	1
57	27	3
57	28	4
57	29	1
57	30	2
57	31	3
57	32	2
57	33	9
57	34	2
57	35	2
57	36	1
57	37	2
57	38	2
57	39	1
57	40	4
57	41	1
57	42	2
57	43	4
57	45	2
57	46	1
57	48	2
57	49	4
57	50	2
57	51	2
57	52	3
57	53	5
57	54	10
57	55	5
57	56	10
58	0	1
58	3	2
58	4	1
58	5	4
58	6	6
58	7	2
58	8	3
58	9	4
58	10	5
58	11	4
58	12	5
58	13	1
58	14	1
58	15	3
58	16	3
58	17	3
58	18	3
58	19	4
58	21	1
58	22	1
58	23	1
58	24	3
58	25	2
58	26	3
58	27	6
58	28	6
58	29	1
58	30	1
58	31	6
58	33	2
58	34	2
58	35	2
58	36	3
58	37	1
58	38	3
58	39	5
58	40	1
58	43	1
58	44	4
58	45	2
58	46	3
58	47	3
58	48	1
58	49	3
58	51	2
58	52	2
58	53	1
58	55	9
58	56	9
58	57	12
59	3	1
59	4	5
59	5	1
59	8	1
59	9	1
59	10	1
59	14	2
59	15	2
59	17	2
59	19	5
59	23	2
59	24	1
59	26	1
59	28	1
59	29	1
59	30	1
59	31	1
59	38	4
59	41	1
59	43	1
59	45	1
59	47	3
59	49	4
59	50	1
59	52	2
59	53	2
59	55	1
59	56	2
59	57	2
59	58	4
60	0	3
60	1	3
60	2	2
60	4	1
60	5	2
60	7	1
60	8	3
60	9	2
60	10	2
60	11	3
60	12	2
60	13	1
60	15	3
60	21	1
60	25	1
60	27	2
60	28	2
60	30	2
60	31	1
60	32	2
60	33	4
60	34	4
60	35	3
60	38	4
60	39	1
60	40	2
60	41	2
60	42	1
60	43	3
60	44	3
60	45	6
60	46	4
60	47	2
60	48	1
60	49	6
60	51	2
60	52	2
60	53	4
60	54	2
60	55	1
60	56	3
60	57	1
60	58	2
60	59	2
