1	0	9
2	0	6
2	1	7
3	0	2
3	2	1
4	3	8
5	0	1
5	1	1
5	2	2
5	3	11
5	4	14
6	4	4
6	5	4
7	0	1
7	1	2
7	3	1
7	4	1
7	5	1
7	6	8
8	1	2
8	3	3
8	4	6
8	5	3
8	6	5
8	7	19
9	2	2
9	3	2
9	4	3
9	6	7
9	7	4
9	8	4
10	2	2
10	3	1
10	4	3
10	5	4
10	6	2
10	7	3
10	8	4
10	9	14
11	2	1
11	3	1
11	4	4
11	5	2
11	6	4
11	7	3
11	8	8
11	9	11
11	10	11
12	3	1
12	4	2
12	5	4
12	6	4
12	7	8
12	8	5
12	9	13
12	10	22
12	11	10
13	1	1
13	2	1
13	3	1
13	4	2
13	5	3
13	6	2
13	7	7
13	8	4
13	9	4
13	10	5
13	11	5
13	12	5
14	4	1
14	5	4
14	6	1
14	7	5
14	9	2
14	10	3
14	11	2
14	12	3
14	13	8
15	0	1
15	1	1
15	3	2
15	4	4
15	5	5
15	6	1
15	7	2
15	8	3
15	9	7
15	10	2
15	12	5
15	13	8
15	14	12
16	3	3
16	4	1
16	5	1
16	6	3
16	7	5
16	8	4
16	9	3
16	10	8
16	11	3
16	12	7
16	13	8
16	14	1
16	15	9
17	3	4
17	4	1
17	5	2
17	6	1
17	7	3
17	8	3
17	9	4
17	10	6
17	11	1
17	12	5
17	13	3
17	14	1
17	15	3
17	16	8
18	3	10
18	4	2
18	5	3
18	6	1
18	7	5
18	8	2
18	9	3
18	10	2
18	11	3
18	12	2
18	13	3
18	14	5
18	15	2
18	16	1
18	17	11
19	3	5
19	4	4
19	5	3
19	6	1
19	7	2
19	8	5
19	9	2
19	10	1
19	11	2
19	12	1
19	13	2
19	14	1
19	15	3
19	16	4
19	17	4
19	18	10
20	3	1
20	4	1
20	5	3
20	7	2
20	8	4
20	9	3
20	10	1
20	12	1
20	13	2
20	14	1
20	15	5
20	16	3
20	17	3
20	18	2
20	19	8
21	3	4
21	5	4
21	6	1
21	7	1
21	8	3
21	9	1
21	10	1
21	11	1
21	12	6
21	13	5
21	14	6
21	15	7
21	16	5
21	17	8
21	18	8
21	19	5
21	20	9
22	3	2
22	4	6
22	5	1
22	6	3
22	7	2
22	8	3
22	9	2
22	10	2
22	11	1
22	12	3
22	13	2
22	14	1
22	15	4
22	17	10
22	18	5
22	19	5
22	20	2
22	21	2
23	3	2
23	4	4
23	5	1
23	6	7
23	7	1
23	8	4
23	9	2
23	10	2
23	11	2
23	12	2
23	13	3
23	14	3
23	15	1
23	16	2
23	17	5
23	18	3
23	19	2
23	20	3
23	21	4
23	22	5
24	3	8
24	4	4
24	5	6
24	6	8
24	7	3
24	8	8
24	9	9
24	10	5
24	11	7
24	12	4
24	13	6
24	14	4
24	15	4
24	16	3
24	17	4
24	18	4
24	19	4
24	20	6
24	21	2
24	22	4
24	23	9
25	0	1
25	1	1
25	2	2
25	3	1
25	4	5
25	5	1
25	6	5
25	7	3
25	8	2
25	9	2
25	10	5
25	11	2
25	12	3
25	13	6
25	15	2
25	17	3
25	18	4
25	19	2
25	20	3
25	22	3
25	23	4
25	24	6
26	1	1
26	3	3
26	4	1
26	5	4
26	8	2
26	9	2
26	10	2
26	12	1
26	13	1
26	14	1
26	17	1
26	18	1
26	19	4
26	20	1
26	21	2
26	22	5
26	23	3
26	24	4
26	25	4
27	1	1
27	2	1
27	3	3
27	4	3
27	5	1
27	6	1
27	8	4
27	9	12
27	10	9
27	11	6
27	12	10
27	13	7
27	14	2
27	15	3
27	16	2
27	17	1
27	18	6
27	19	2
27	20	2
27	21	3
27	22	3
27	23	6
27	24	6
27	25	7
27	26	3
28	2	1
28	3	2
28	4	2
28	5	4
28	6	4
28	7	3
28	8	6
28	9	4
28	10	7
28	11	3
28	12	4
28	13	3
28	14	2
28	15	3
28	16	1
28	17	3
28	18	1
28	19	3
28	20	4
28	21	1
28	22	3
28	23	2
28	24	4
28	25	6
28	26	4
28	27	19
29	3	2
29	5	1
29	6	1
29	7	2
29	8	2
29	9	3
29	10	1
29	11	1
29	13	1
29	15	1
29	17	1
29	19	2
29	21	1
29	22	1
29	23	2
29	24	1
29	26	4
29	27	5
29	28	9
30	1	1
30	2	2
30	3	1
30	4	2
30	5	1
30	6	3
30	7	1
30	8	3
30	9	1
30	10	2
30	11	1
30	12	3
30	13	4
30	14	1
30	15	4
30	16	3
30	18	2
30	19	1
30	23	3
30	24	2
30	27	2
30	28	3
30	29	1
31	1	2
31	2	1
31	3	1
31	4	2
31	5	1
31	6	1
31	7	1
31	8	1
31	9	2
31	10	2
31	11	1
31	12	4
31	13	3
31	15	2
31	16	4
31	18	1
31	19	3
31	20	1
31	21	2
31	22	1
31	23	3
31	24	3
31	25	2
31	27	5
31	28	6
31	29	2
31	30	3
32	2	3
32	4	1
32	8	4
32	9	2
32	10	2
32	11	1
32	12	2
32	16	1
32	18	2
32	19	1
32	25	1
32	27	5
32	29	1
32	30	4
32	31	2
33	1	1
33	2	1
33	4	3
33	5	2
33	6	4
33	7	2
33	8	2
33	9	1
33	10	3
33	11	1
33	12	1
33	13	1
33	17	1
33	22	3
33	24	2
33	26	1
33	27	2
33	28	1
33	29	4
33	30	6
33	31	8
33	32	15
34	2	3
34	5	2
34	6	4
34	7	3
34	8	1
34	11	2
34	12	5
34	13	1
34	16	2
34	20	1
34	21	1
34	23	4
34	24	1
34	25	1
34	26	2
34	27	1
34	28	5
34	29	1
34	30	3
34	31	12
34	32	9
34	33	7
35	1	1
35	2	1
35	3	4
35	4	8
35	5	3
35	6	3
35	7	1
35	8	5
35	9	9
35	10	6
35	11	9
35	12	9
35	13	1
35	14	5
35	15	2
35	16	3
35	17	4
35	18	1
35	19	1
35	20	1
35	21	3
35	22	4
35	23	1
35	24	2
35	25	7
35	26	4
35	27	7
35	28	6
35	29	3
35	30	1
35	31	6
35	32	2
35	33	2
35	34	1
36	5	2
36	6	2
36	7	2
36	8	3
36	9	5
36	10	10
36	11	9
36	12	4
36	13	5
36	14	1
36	15	3
36	16	3
36	17	1
36	19	2
36	20	2
36	21	2
36	22	1
36	23	2
36	24	2
36	25	5
36	26	1
36	27	3
36	28	2
36	29	4
36	30	2
36	32	2
36	33	2
36	35	16
37	3	2
37	4	3
37	5	1
37	6	5
37	8	4
37	9	3
37	10	3
37	11	4
37	12	3
37	13	2
37	15	4
37	17	1
37	18	4
37	19	2
37	20	1
37	21	2
37	22	4
37	23	4
37	24	3
37	25	10
37	27	7
37	28	4
37	29	5
37	31	3
37	33	1
37	34	1
37	35	17
37	36	6
38	1	1
38	2	1
38	3	5
38	4	2
38	5	1
38	6	1
38	7	2
38	8	4
38	9	4
38	10	4
38	11	7
38	12	6
38	13	5
38	14	2
38	15	2
38	16	4
38	17	2
38	18	2
38	19	2
38	20	4
38	21	2
38	22	2
38	23	4
38	24	5
38	25	8
38	26	4
38	27	5
38	28	5
38	29	2
38	30	5
38	31	1
38	33	6
38	34	3
38	35	13
38	36	6
38	37	13
39	0	1
39	3	2
39	4	6
39	5	2
39	6	6
39	7	3
39	8	5
39	9	5
39	10	3
39	11	5
39	12	5
39	13	3
39	14	4
39	15	1
39	16	2
39	17	4
39	19	2
39	20	5
39	21	2
39	22	1
39	23	2
39	24	3
39	25	6
39	26	1
39	27	8
39	28	4
39	29	2
39	30	3
39	32	4
39	33	1
39	35	3
39	36	4
39	37	5
39	38	8
40	3	2
40	4	3
40	5	4
40	6	1
40	7	2
40	8	2
40	9	2
40	10	4
40	11	2
40	12	1
40	13	1
40	15	1
40	16	3
40	17	1
40	19	4
40	20	1
40	21	1
40	22	3
40	23	2
40	24	5
40	25	3
40	26	1
40	27	11
40	28	6
40	29	15
40	30	4
40	31	7
40	32	2
40	33	4
40	34	7
40	35	5
40	36	3
40	37	1
40	38	11
40	39	5
41	2	2
41	3	1
41	4	1
41	5	1
41	6	1
41	7	2
41	8	2
41	9	5
41	10	6
41	11	3
41	12	3
41	13	1
41	15	1
41	16	1
41	18	3
41	20	1
41	21	3
41	22	2
41	23	1
41	24	1
41	25	2
41	27	3
41	28	4
41	29	4
41	30	5
41	31	3
41	32	4
41	33	2
41	34	1
41	35	5
41	36	1
41	37	1
41	38	7
41	39	4
41	40	2
42	0	1
42	3	2
42	4	1
42	5	2
42	6	3
42	7	2
42	8	5
42	9	1
42	10	2
42	11	3
42	12	2
42	13	2
42	14	1
42	15	1
42	17	1
42	18	2
42	20	1
42	21	2
42	22	1
42	24	2
42	25	4
42	27	1
42	28	2
42	29	4
42	30	9
42	31	6
42	33	8
42	34	3
42	35	1
42	36	1
42	38	1
42	39	3
42	40	1
42	41	6
43	1	5
43	2	1
43	4	1
43	5	2
43	6	3
43	7	4
43	8	1
43	10	3
43	11	1
43	12	2
43	13	1
43	14	1
43	18	2
43	19	1
43	20	1
43	24	3
43	25	3
43	27	2
43	28	3
43	30	3
43	31	3
43	32	2
43	33	5
43	34	5
43	35	3
43	37	2
43	38	3
43	39	1
43	40	1
43	41	2
43	42	11
44	1	2
44	2	1
44	5	1
44	7	2
44	8	2
44	9	2
44	10	2
44	11	2
44	12	4
44	13	2
44	14	1
44	15	1
44	16	1
44	19	3
44	20	2
44	22	1
44	27	1
44	28	3
44	30	4
44	31	4
44	32	5
44	33	3
44	34	3
44	35	1
44	38	4
44	40	2
44	41	2
44	42	2
44	43	20
45	1	2
45	2	1
45	3	1
45	4	1
45	7	2
45	8	1
45	9	1
45	12	2
45	13	3
45	14	3
45	15	1
45	17	2
45	18	2
45	25	3
45	27	1
45	30	3
45	31	6
45	32	2
45	33	3
45	35	2
45	38	2
45	39	1
45	40	3
45	41	4
45	42	2
45	43	6
45	44	7
46	0	2
46	1	1
46	2	1
46	4	1
46	5	3
46	6	2
46	8	1
46	9	3
46	10	3
46	11	2
46	12	2
46	13	3
46	15	2
46	18	2
46	19	1
46	20	2
46	23	2
46	24	1
46	25	1
46	27	1
46	28	3
46	29	1
46	30	4
46	31	5
46	32	7
46	33	6
46	34	2
46	35	2
46	38	4
46	40	1
46	41	4
46	42	3
46	43	3
46	44	3
46	45	6
47	2	1
47	4	1
47	5	2
47	7	1
47	8	5
47	9	4
47	10	5
47	11	4
47	12	4
47	13	3
47	14	2
47	16	1
47	17	1
47	18	1
47	19	1
47	21	2
47	22	5
47	24	4
47	27	2
47	28	4
47	29	1
47	30	5
47	31	3
47	32	2
47	33	5
47	34	4
47	35	1
47	36	1
47	37	4
47	38	3
47	39	3
47	40	3
47	41	2
47	42	4
47	43	3
47	44	2
47	45	2
47	46	1
48	0	1
48	5	1
48	6	4
48	7	4
48	8	12
48	9	4
48	10	3
48	11	3
48	12	9
48	13	9
48	14	1
48	15	5
48	16	4
48	17	3
48	18	4
48	19	3
48	21	1
48	22	1
48	23	1
48	24	6
48	25	3
48	27	4
48	28	1
48	30	2
48	31	1
48	32	4
48	33	1
48	34	1
48	35	3
48	36	1
48	37	3
48	38	3
48	39	3
48	40	4
48	41	4
48	42	3
48	43	1
48	44	2
48	45	2
48	46	1
48	47	9
49	3	3
49	5	5
49	6	6
49	7	8
49	8	12
49	9	5
49	10	12
49	11	3
49	12	15
49	13	5
49	14	3
49	15	6
49	17	3
49	18	2
49	19	2
49	20	3
49	21	1
49	22	2
49	23	5
49	24	2
49	25	3
49	26	5
49	27	5
49	28	5
49	29	3
49	30	6
49	31	6
49	32	1
49	33	5
49	34	4
49	35	4
49	36	4
49	37	4
49	38	6
49	39	3
49	40	7
49	41	4
49	42	2
49	43	3
49	44	3
49	45	2
49	46	4
49	47	9
49	48	8
50	2	1
50	3	1
50	4	1
50	5	2
50	6	6
50	7	3
50	8	10
50	9	5
50	10	3
50	11	1
50	12	7
50	13	1
50	14	4
50	15	1
50	16	2
50	17	1
50	18	1
50	19	2
50	20	3
50	21	2
50	22	4
50	24	2
50	25	2
50	27	4
50	28	1
50	29	3
50	30	4
50	31	2
50	33	2
50	35	1
50	36	1
50	37	2
50	38	3
50	39	2
50	40	1
50	41	2
50	42	2
50	43	5
50	44	3
50	45	1
50	46	1
50	47	2
50	48	4
50	49	5
51	1	1
51	3	3
51	4	1
51	5	1
51	6	3
51	7	4
51	8	7
51	9	5
51	10	7
51	11	3
51	12	2
51	13	5
51	14	3
51	15	6
51	16	3
51	17	2
51	18	2
51	19	2
51	20	2
51	21	4
51	22	2
51	23	1
51	24	1
51	27	2
51	28	4
51	29	2
51	31	2
51	33	1
51	34	1
51	35	1
51	36	3
51	37	2
51	38	3
51	40	1
51	41	1
51	42	6
51	43	6
51	44	4
51	45	1
51	46	1
51	47	3
51	48	7
51	49	2
51	50	7
52	2	2
52	3	1
52	4	2
52	5	3
52	6	3
52	7	5
52	8	6
52	9	5
52	10	2
52	11	4
52	12	5
52	13	5
52	14	6
52	15	5
52	16	5
52	17	1
52	18	5
52	19	4
52	20	3
52	21	2
52	22	2
52	23	1
52	24	3
52	25	1
52	27	3
52	28	5
52	30	4
52	31	2
52	33	4
52	34	3
52	35	2
52	36	1
52	37	3
52	38	4
52	39	1
52	40	1
52	41	4
52	42	5
52	43	4
52	44	3
52	45	3
52	46	3
52	47	5
52	48	4
52	49	5
52	50	6
52	51	20
53	1	1
53	2	1
53	3	2
53	4	2
53	5	6
53	6	4
53	7	5
53	8	11
53	9	4
53	10	5
53	11	3
53	12	5
53	13	5
53	14	2
53	15	3
53	16	5
53	17	2
53	18	1
53	19	3
53	20	1
53	22	2
53	23	3
53	24	6
53	25	1
53	27	5
53	28	6
53	29	3
53	31	5
53	32	4
53	35	5
53	36	3
53	37	2
53	38	3
53	39	2
53	40	3
53	41	5
53	42	4
53	44	3
53	45	4
53	46	3
53	47	3
53	48	1
53	49	11
53	50	5
53	51	5
53	52	4
54	0	1
54	3	1
54	4	3
54	5	3
54	6	2
54	7	1
54	8	4
54	9	6
54	10	5
54	11	2
54	12	5
54	13	5
54	14	1
54	15	4
54	16	1
54	17	1
54	18	1
54	19	3
54	20	2
54	22	1
54	23	2
54	24	3
54	25	1
54	26	2
54	27	3
54	28	3
54	29	6
54	30	6
54	31	6
54	32	2
54	33	4
54	34	4
54	35	2
54	37	4
54	38	2
54	39	2
54	40	2
54	41	6
54	42	1
54	43	5
54	44	4
54	45	2
54	46	2
54	47	3
54	48	1
54	49	11
54	50	3
54	51	4
54	52	3
54	53	12
55	2	1
55	3	1
55	4	1
55	5	3
55	6	2
55	7	4
55	8	9
55	9	4
55	10	3
55	11	3
55	12	3
55	13	2
55	14	3
55	15	3
55	16	4
55	17	1
55	18	3
55	19	1
55	20	2
55	21	1
55	22	5
55	23	3
55	24	6
55	25	4
55	27	2
55	28	3
55	29	2
55	30	1
55	31	2
55	32	2
55	33	4
55	34	2
55	35	2
55	37	2
55	38	2
55	39	2
55	40	3
55	41	3
55	42	4
55	43	4
55	45	3
55	46	4
55	47	2
55	48	4
55	49	4
55	50	2
55	51	4
55	52	4
55	53	8
55	54	16
56	1	1
56	3	1
56	4	3
56	5	2
56	6	3
56	7	4
56	8	10
56	9	1
56	10	5
56	11	3
56	12	4
56	13	4
56	14	3
56	15	3
56	16	3
56	17	4
56	18	3
56	19	2
56	20	1
56	22	1
56	23	2
56	24	4
56	25	1
56	26	1
56	27	1
56	28	3
56	29	5
56	30	2
56	32	1
56	33	5
56	34	2
56	35	1
56	37	3
56	38	4
56	39	1
56	40	3
56	41	3
56	42	7
56	43	3
56	44	1
56	45	2
56	46	2
56	47	3
56	48	4
56	49	8
56	50	8
56	51	5
56	52	4
56	53	4
56	54	4
56	55	5
57	2	1
57	3	2
57	4	4
57	5	4
57	6	7
57	7	2
57	8	10
57	9	2
57	10	3
57	11	1
57	12	4
57	13	6
57	14	1
57	15	2
57	16	4
57	18	1
57	20	6
57	21	4
57	22	3
57	23	1
57	24	4
57	25	1
57	26	2
57	27	4
57	28	6
57	29	2
57	31	1
57	32	2
57	33	2
57	34	2
57	35	1
57	36	4
57	37	2
57	38	2
57	39	2
57	40	1
57	41	3
57	42	1
57	43	1
57	44	2
57	45	1
57	46	5
57	47	5
57	48	4
57	49	7
57	50	4
57	51	5
57	52	1
57	53	2
57	54	5
57	55	7
57	56	5
58	4	2
58	5	3
58	6	3
58	7	2
58	8	3
58	9	2
58	10	3
58	11	2
58	12	1
58	13	3
58	14	1
58	15	1
58	16	5
58	17	6
58	18	2
58	19	3
58	20	3
58	21	1
58	22	1
58	23	3
58	24	1
58	26	1
58	28	5
58	31	2
58	32	2
58	33	2
58	34	1
58	35	2
58	36	1
58	37	2
58	38	4
58	40	2
58	41	1
58	42	4
58	43	3
58	44	3
58	45	1
58	47	1
58	48	2
58	49	4
58	50	1
58	51	4
58	52	2
58	53	5
58	54	1
58	55	5
58	56	7
58	57	12
59	0	1
59	3	1
59	4	5
59	5	1
59	7	3
59	8	1
59	9	2
59	13	2
59	15	5
59	18	1
59	22	1
59	23	1
59	25	4
59	27	3
59	28	1
59	30	2
59	33	1
59	34	2
59	36	1
59	38	1
59	39	3
59	40	2
59	41	4
59	43	2
59	45	2
59	49	2
59	50	1
59	51	2
59	52	3
59	53	5
59	54	2
59	55	1
59	56	4
59	57	4
59	58	5
60	0	2
60	1	3
60	2	4
60	4	3
60	5	2
60	9	3
60	10	1
60	11	4
60	13	2
60	16	2
60	20	1
60	21	1
60	22	2
60	25	2
60	27	2
60	28	2
60	30	4
60	32	3
60	33	4
60	34	2
60	35	1
60	36	2
60	38	2
60	39	1
60	40	2
60	41	3
60	42	2
60	43	4
60	44	5
60	45	5
60	46	8
60	47	4
60	48	3
60	49	3
60	51	1
60	52	3
60	54	1
60	56	2
60	59	1
