1	0	5
2	0	3
2	1	11
3	0	1
4	3	5
5	0	2
5	1	1
5	2	3
5	3	6
5	4	6
6	4	4
6	5	4
7	1	1
7	3	5
7	4	4
7	5	4
7	6	9
8	1	1
8	2	1
8	3	2
8	4	2
8	5	2
8	6	8
8	7	6
9	4	6
9	5	2
9	6	5
9	7	5
9	8	11
10	2	1
10	4	1
10	5	6
10	6	2
10	7	2
10	8	11
10	9	14
11	0	1
11	1	1
11	4	1
11	6	5
11	7	8
11	8	9
11	9	9
11	10	12
12	1	1
12	4	1
12	5	3
12	6	6
12	7	2
12	8	5
12	9	8
12	10	23
12	11	14
13	1	1
13	2	1
13	3	2
13	4	2
13	5	3
13	6	1
13	7	5
13	8	6
13	9	4
13	10	5
13	11	1
13	12	7
14	3	2
14	4	1
14	5	3
14	6	4
14	7	7
14	8	8
14	9	3
14	10	4
14	11	3
14	12	3
14	13	9
15	3	1
15	4	1
15	5	1
15	6	4
15	7	4
15	8	3
15	9	3
15	10	2
15	11	2
15	12	4
15	13	8
15	14	14
16	0	2
16	3	1
16	4	5
16	5	4
16	6	4
16	7	3
16	8	7
16	9	4
16	10	6
16	11	1
16	12	3
16	13	7
16	14	9
16	15	8
17	3	4
17	4	4
17	5	4
17	6	1
17	7	3
17	8	6
17	9	5
17	10	1
17	11	1
17	12	3
17	13	7
17	14	1
17	15	2
17	16	1
18	3	5
18	4	4
18	5	3
18	6	2
18	7	1
18	8	1
18	10	1
18	11	1
18	12	2
18	13	1
18	14	3
18	15	5
18	17	5
19	1	1
19	2	1
19	3	1
19	4	2
19	5	4
19	6	4
19	7	4
19	8	1
19	9	1
19	10	4
19	11	2
19	12	2
19	13	1
19	14	3
19	15	6
19	16	2
19	17	11
19	18	13
20	0	2
20	3	5
20	4	4
20	5	2
20	6	1
20	7	2
20	8	2
20	9	4
20	10	3
20	11	1
20	12	1
20	13	3
20	14	3
20	15	5
20	17	5
20	18	2
20	19	6
21	1	2
21	2	1
21	3	1
21	4	1
21	5	2
21	6	7
21	7	2
21	8	1
21	9	4
21	10	7
21	11	3
21	12	3
21	13	2
21	14	4
21	15	7
21	16	6
21	17	5
21	18	6
21	19	6
21	20	6
22	3	3
22	4	1
22	5	2
22	6	2
22	7	3
22	8	4
22	9	3
22	10	4
22	11	3
22	12	2
22	13	2
22	14	3
22	15	1
22	16	2
22	17	7
22	18	3
22	19	7
22	21	2
23	3	5
23	4	5
23	5	2
23	6	2
23	7	2
23	8	3
23	9	3
23	10	2
23	11	1
23	12	3
23	13	1
23	14	1
23	15	2
23	16	2
23	17	4
23	18	3
23	19	5
23	20	1
23	21	2
23	22	2
24	0	1
24	3	5
24	4	2
24	5	2
24	6	3
24	7	4
24	8	8
24	9	2
24	10	10
24	11	6
24	12	9
24	13	5
24	14	3
24	15	1
24	16	2
24	17	6
24	18	1
24	19	4
24	21	3
24	22	4
24	23	4
25	0	1
25	2	2
25	3	5
25	4	1
25	5	1
25	7	4
25	8	2
25	9	7
25	10	5
25	11	5
25	12	1
25	13	1
25	14	1
25	16	3
25	17	6
25	18	1
25	19	5
25	20	2
25	21	5
25	22	6
25	23	10
25	24	4
26	3	4
26	4	2
26	5	1
26	8	4
26	10	1
26	12	2
26	14	2
26	15	4
26	17	4
26	18	1
26	20	2
26	22	2
26	23	3
26	24	2
26	25	2
27	2	1
27	3	1
27	4	4
27	5	5
27	6	4
27	7	1
27	8	5
27	9	5
27	10	6
27	11	3
27	12	9
27	13	1
27	14	5
27	15	2
27	16	1
27	17	4
27	18	1
27	20	4
27	21	3
27	22	3
27	23	4
27	24	10
27	25	5
27	26	4
28	3	3
28	4	2
28	5	7
28	6	3
28	7	1
28	8	10
28	9	5
28	10	7
28	11	2
28	12	12
28	13	1
28	14	5
28	15	2
28	16	2
28	17	3
28	18	3
28	19	4
28	20	4
28	21	2
28	22	2
28	23	4
28	24	7
28	25	7
28	26	3
28	27	11
29	3	1
29	4	1
29	5	3
29	6	1
29	8	7
29	9	1
29	10	5
29	11	4
29	12	4
29	13	5
29	14	2
29	17	1
29	19	4
29	22	3
29	23	2
29	24	4
29	25	3
29	26	2
29	27	3
29	28	11
30	1	1
30	3	2
30	4	2
30	5	4
30	6	1
30	8	2
30	9	5
30	10	4
30	11	3
30	12	4
30	13	2
30	14	2
30	15	2
30	16	1
30	18	1
30	19	1
30	21	3
30	23	3
30	24	1
30	25	4
30	27	3
30	28	2
30	29	4
31	2	1
31	4	2
31	6	1
31	7	1
31	8	2
31	9	1
31	10	1
31	11	5
31	12	1
31	16	1
31	18	1
31	19	2
31	20	1
31	21	2
31	22	2
31	23	1
31	24	1
31	25	1
31	27	3
31	28	8
31	29	1
31	30	5
32	2	1
32	4	2
32	8	2
32	10	3
32	11	5
32	12	2
32	15	2
32	17	1
32	18	1
32	19	2
32	21	1
32	24	2
32	25	3
32	26	1
32	27	1
32	28	1
32	30	9
32	31	4
33	0	1
33	1	3
33	2	1
33	3	3
33	4	2
33	5	3
33	6	2
33	7	3
33	8	3
33	11	1
33	13	2
33	15	1
33	16	1
33	17	1
33	23	2
33	24	4
33	25	3
33	27	1
33	28	1
33	29	1
33	30	4
33	31	8
33	32	7
34	1	1
34	4	3
34	5	2
34	6	1
34	8	1
34	9	2
34	10	1
34	13	2
34	15	2
34	16	1
34	21	1
34	23	2
34	24	1
34	25	3
34	26	1
34	27	4
34	28	2
34	29	4
34	30	5
34	31	8
34	32	3
34	33	7
35	3	2
35	4	1
35	5	1
35	6	1
35	7	4
35	8	2
35	9	4
35	10	6
35	11	11
35	12	5
35	13	3
35	14	3
35	15	3
35	16	2
35	17	1
35	18	3
35	19	2
35	20	1
35	21	1
35	22	5
35	23	5
35	24	2
35	25	12
35	26	6
35	27	6
35	28	7
35	29	2
35	30	3
35	31	1
35	32	1
35	33	2
35	34	4
36	3	1
36	5	3
36	6	1
36	7	3
36	8	2
36	9	3
36	10	7
36	11	5
36	12	4
36	13	7
36	14	1
36	15	2
36	16	2
36	17	1
36	19	1
36	20	2
36	21	2
36	22	1
36	23	2
36	24	5
36	25	4
36	26	1
36	27	2
36	28	5
36	29	1
36	30	2
36	31	1
36	32	1
36	33	1
36	35	9
37	3	5
37	4	1
37	5	2
37	6	2
37	7	2
37	8	4
37	9	1
37	10	2
37	11	1
37	12	3
37	13	3
37	14	1
37	15	2
37	16	3
37	17	1
37	18	4
37	19	3
37	20	1
37	22	1
37	23	6
37	24	1
37	25	6
37	26	1
37	27	8
37	28	7
37	29	2
37	30	3
37	31	3
37	33	1
37	34	1
37	35	20
37	36	4
38	0	2
38	2	3
38	3	5
38	5	3
38	6	2
38	7	1
38	8	6
38	9	3
38	10	8
38	11	8
38	12	5
38	13	2
38	14	4
38	15	5
38	16	2
38	17	4
38	19	1
38	20	3
38	21	1
38	22	7
38	23	4
38	24	7
38	25	5
38	26	4
38	27	11
38	28	6
38	29	3
38	30	3
38	31	7
38	33	1
38	34	2
38	35	11
38	36	4
38	37	18
39	0	1
39	3	1
39	4	1
39	5	3
39	6	3
39	8	1
39	9	3
39	10	3
39	11	5
39	12	3
39	13	2
39	14	1
39	15	1
39	16	1
39	17	2
39	18	6
39	19	2
39	20	3
39	21	1
39	22	3
39	23	1
39	24	2
39	25	4
39	26	4
39	27	5
39	28	6
39	29	3
39	31	1
39	35	7
39	36	3
39	37	8
39	38	15
40	0	1
40	1	2
40	3	1
40	4	4
40	5	3
40	6	2
40	8	1
40	9	1
40	10	4
40	11	8
40	12	4
40	13	3
40	16	2
40	17	2
40	18	2
40	19	2
40	21	1
40	22	2
40	23	3
40	24	3
40	25	6
40	26	2
40	27	5
40	28	9
40	29	6
40	30	2
40	31	5
40	32	3
40	33	1
40	34	1
40	35	6
40	36	5
40	37	2
40	38	14
40	39	5
41	1	1
41	2	1
41	3	2
41	4	1
41	5	2
41	6	4
41	7	2
41	8	8
41	9	1
41	10	4
41	11	3
41	12	2
41	13	1
41	14	2
41	15	2
41	16	4
41	17	1
41	18	2
41	20	3
41	21	1
41	22	1
41	23	4
41	24	4
41	25	2
41	26	3
41	27	3
41	28	5
41	30	6
41	31	8
41	32	3
41	33	2
41	34	1
41	35	4
41	36	2
41	37	3
41	38	3
41	39	3
41	40	10
42	4	3
42	5	1
42	6	3
42	7	1
42	8	2
42	9	1
42	10	2
42	11	4
42	12	3
42	13	2
42	14	3
42	15	7
42	16	4
42	18	1
42	20	2
42	22	2
42	25	2
42	27	2
42	28	5
42	30	8
42	31	4
42	32	1
42	33	3
42	34	2
42	35	2
42	36	3
42	37	2
42	38	4
42	40	3
42	41	3
43	1	1
43	2	2
43	4	3
43	5	1
43	6	4
43	7	2
43	8	3
43	9	2
43	11	2
43	13	2
43	14	2
43	15	2
43	17	1
43	24	1
43	25	1
43	27	1
43	28	3
43	29	2
43	30	4
43	31	6
43	32	6
43	33	11
43	34	8
43	35	2
43	37	2
43	38	4
43	39	3
43	40	2
43	41	2
43	42	5
44	1	1
44	2	3
44	4	1
44	6	2
44	8	1
44	9	1
44	10	4
44	11	2
44	13	6
44	15	1
44	16	1
44	17	3
44	20	2
44	22	2
44	23	1
44	24	1
44	28	1
44	30	4
44	31	2
44	32	2
44	33	3
44	34	3
44	35	2
44	36	1
44	38	1
44	40	1
44	41	2
44	43	7
45	2	2
45	4	1
45	7	2
45	8	3
45	9	2
45	10	3
45	12	1
45	14	2
45	15	2
45	16	2
45	17	1
45	18	4
45	22	1
45	25	2
45	27	1
45	28	1
45	30	2
45	31	3
45	32	1
45	33	5
45	34	5
45	35	4
45	38	3
45	39	1
45	40	1
45	41	1
45	42	2
45	43	7
45	44	15
46	0	1
46	1	4
46	3	2
46	4	2
46	5	2
46	8	2
46	9	1
46	10	1
46	11	1
46	12	3
46	13	3
46	15	1
46	18	1
46	19	2
46	22	1
46	23	1
46	24	1
46	27	1
46	28	1
46	29	3
46	30	4
46	31	3
46	32	5
46	33	6
46	34	1
46	35	1
46	36	2
46	38	1
46	39	2
46	40	1
46	42	3
46	43	2
46	44	11
46	45	6
47	0	1
47	2	3
47	3	4
47	4	1
47	5	2
47	6	2
47	7	1
47	8	3
47	9	3
47	10	2
47	11	6
47	12	4
47	13	5
47	14	4
47	15	3
47	16	2
47	17	1
47	18	3
47	19	2
47	20	1
47	21	2
47	22	1
47	23	2
47	24	2
47	25	1
47	27	2
47	28	1
47	29	1
47	30	8
47	31	4
47	32	2
47	33	4
47	34	5
47	35	2
47	36	2
47	37	2
47	39	3
47	40	2
47	41	1
47	42	4
47	43	1
47	44	3
47	45	3
48	0	1
48	1	1
48	2	1
48	3	1
48	5	1
48	6	6
48	7	7
48	8	5
48	9	7
48	10	2
48	11	5
48	12	5
48	13	6
48	14	2
48	15	5
48	16	5
48	17	3
48	20	2
48	21	1
48	23	1
48	24	2
48	26	1
48	27	6
48	28	4
48	29	1
48	30	3
48	31	1
48	32	1
48	33	2
48	34	3
48	35	3
48	36	1
48	37	1
48	38	1
48	39	3
48	40	2
48	41	7
48	42	1
48	44	3
48	45	2
48	46	3
48	47	4
49	3	2
49	4	2
49	5	4
49	6	2
49	7	8
49	8	21
49	9	8
49	10	7
49	11	3
49	12	8
49	13	3
49	14	3
49	15	9
49	16	2
49	17	6
49	19	3
49	20	2
49	21	1
49	23	3
49	24	5
49	25	4
49	26	3
49	27	9
49	28	3
49	29	5
49	30	4
49	31	4
49	32	2
49	33	4
49	34	5
49	35	1
49	36	5
49	37	4
49	38	10
49	39	6
49	40	4
49	41	1
49	43	2
49	44	3
49	45	1
49	46	2
49	47	7
49	48	9
50	3	2
50	4	5
50	5	1
50	6	5
50	7	5
50	8	12
50	9	2
50	10	2
50	11	4
50	12	2
50	13	7
50	14	3
50	15	4
50	16	2
50	17	3
50	18	1
50	19	3
50	20	3
50	21	2
50	22	3
50	23	2
50	24	1
50	25	1
50	27	1
50	28	6
50	30	1
50	31	1
50	35	2
50	36	3
50	37	1
50	38	7
50	39	1
50	40	1
50	42	2
50	43	2
50	44	2
50	45	1
50	46	1
50	47	8
50	48	3
50	49	8
51	1	3
51	3	1
51	4	7
51	6	3
51	7	5
51	8	4
51	9	3
51	10	6
51	11	2
51	12	5
51	13	4
51	14	3
51	15	5
51	16	3
51	17	2
51	18	2
51	19	2
51	21	3
51	22	1
51	24	2
51	25	7
51	27	3
51	28	7
51	29	1
51	30	3
51	31	2
51	32	3
51	33	1
51	34	4
51	35	3
51	36	1
51	37	2
51	38	1
51	39	2
51	40	4
51	41	6
51	42	1
51	43	2
51	45	2
51	47	2
51	48	2
51	49	5
51	50	4
52	2	1
52	3	4
52	4	2
52	5	2
52	6	4
52	7	7
52	8	5
52	9	4
52	10	9
52	11	2
52	12	6
52	13	6
52	14	2
52	15	4
52	16	8
52	18	1
52	19	2
52	20	4
52	21	2
52	22	2
52	23	4
52	24	3
52	25	2
52	28	2
52	29	4
52	30	1
52	31	2
52	34	3
52	35	1
52	36	3
52	37	1
52	38	4
52	39	3
52	41	1
52	42	1
52	43	1
52	44	2
52	45	1
52	46	4
52	47	4
52	48	8
52	49	6
52	50	8
52	51	19
53	1	1
53	2	1
53	3	3
53	4	2
53	5	3
53	6	2
53	7	7
53	8	12
53	9	6
53	10	2
53	11	7
53	12	11
53	13	4
53	15	2
53	16	3
53	17	2
53	18	1
53	19	3
53	21	2
53	22	3
53	23	1
53	24	3
53	25	1
53	26	3
53	27	7
53	28	3
53	29	5
53	30	3
53	31	3
53	32	4
53	34	2
53	35	4
53	36	4
53	37	1
53	38	3
53	39	3
53	40	5
53	41	4
53	42	3
53	43	3
53	44	2
53	45	2
53	46	2
53	47	6
53	48	12
53	49	15
53	50	6
53	51	3
53	52	4
54	3	1
54	4	2
54	5	4
54	6	2
54	7	1
54	8	2
54	9	3
54	10	2
54	11	3
54	13	5
54	14	2
54	15	2
54	16	2
54	17	2
54	18	4
54	19	1
54	20	3
54	21	4
54	22	1
54	24	2
54	25	2
54	26	2
54	27	4
54	28	5
54	29	1
54	30	5
54	31	2
54	32	3
54	33	1
54	34	5
54	35	2
54	36	1
54	37	4
54	38	5
54	39	1
54	40	1
54	41	8
54	42	6
54	43	7
54	44	5
54	46	3
54	47	6
54	48	5
54	49	3
54	50	2
54	51	4
54	52	5
54	53	7
55	0	1
55	1	1
55	3	2
55	4	3
55	5	2
55	6	4
55	7	4
55	8	9
55	9	1
55	10	3
55	11	6
55	12	2
55	14	4
55	15	2
55	16	4
55	17	2
55	18	3
55	19	1
55	20	2
55	21	4
55	22	3
55	23	1
55	24	2
55	25	1
55	26	3
55	27	5
55	28	3
55	29	6
55	30	6
55	31	2
55	32	2
55	33	5
55	34	5
55	36	3
55	37	4
55	38	3
55	39	1
55	40	5
55	41	6
55	42	3
55	43	5
55	44	5
55	46	1
55	47	4
55	48	5
55	49	8
55	50	5
55	51	6
55	52	6
55	53	10
55	54	7
56	0	1
56	1	2
56	2	1
56	3	2
56	6	2
56	7	4
56	8	7
56	9	4
56	10	2
56	11	1
56	12	8
56	13	2
56	14	4
56	15	5
56	16	2
56	17	2
56	18	3
56	19	2
56	21	1
56	23	4
56	24	2
56	25	3
56	27	4
56	28	4
56	29	1
56	30	2
56	31	3
56	32	1
56	33	2
56	34	6
56	36	3
56	37	2
56	38	1
56	40	3
56	41	2
56	42	3
56	43	5
56	44	1
56	45	2
56	46	1
56	47	6
56	49	5
56	50	3
56	51	4
56	52	5
56	53	4
56	54	5
56	55	16
57	2	1
57	3	2
57	4	4
57	5	7
57	6	6
57	7	4
57	8	7
57	9	3
57	10	2
57	11	3
57	12	4
57	13	2
57	14	1
57	15	2
57	16	2
57	17	2
57	18	2
57	19	3
57	20	1
57	21	1
57	22	1
57	23	1
57	24	1
57	25	1
57	26	1
57	29	3
57	30	3
57	31	2
57	33	3
57	34	6
57	35	1
57	36	1
57	37	1
57	38	6
57	39	1
57	40	3
57	41	2
57	42	1
57	44	1
57	46	4
57	47	1
57	48	6
57	49	1
57	50	5
57	51	1
57	52	3
57	53	7
57	54	5
57	55	5
57	56	6
58	1	1
58	3	2
58	4	4
58	5	1
58	6	6
58	7	1
58	8	5
58	9	1
58	10	3
58	12	6
58	13	6
58	14	4
58	15	1
58	16	2
58	17	1
58	18	3
58	19	4
58	21	3
58	23	2
58	24	4
58	25	3
58	27	6
58	28	5
58	30	4
58	31	4
58	32	2
58	33	2
58	36	2
58	37	6
58	38	3
58	39	3
58	41	2
58	42	4
58	43	3
58	44	2
58	45	1
58	46	2
58	47	2
58	48	8
58	49	3
58	50	3
58	51	4
58	52	3
58	53	5
58	54	8
58	55	14
58	56	11
58	57	7
59	0	4
59	3	3
59	4	2
59	5	2
59	6	5
59	7	4
59	8	2
59	10	1
59	12	1
59	13	3
59	14	1
59	15	1
59	16	2
59	18	3
59	19	4
59	22	2
59	23	2
59	24	1
59	25	1
59	27	1
59	29	2
59	31	3
59	33	1
59	34	3
59	38	1
59	39	1
59	40	2
59	44	2
59	47	4
59	49	2
59	53	3
59	54	2
59	55	1
59	56	2
59	57	2
59	58	2
60	1	1
60	2	1
60	5	3
60	8	2
60	9	1
60	10	2
60	11	2
60	12	2
60	15	4
60	16	2
60	20	1
60	21	3
60	25	3
60	27	1
60	30	3
60	31	2
60	32	3
60	35	4
60	39	3
60	40	2
60	41	4
60	43	3
60	44	4
60	45	4
60	46	9
60	47	2
60	48	1
60	49	3
60	51	1
60	52	2
60	53	4
60	54	3
60	55	2
60	56	1
60	57	3
60	58	3
60	59	1
