1	0	7
2	0	7
2	1	11
3	0	2
3	2	2
4	1	1
4	3	2
5	1	1
5	2	1
5	3	3
5	4	7
6	1	2
6	3	2
6	5	8
7	1	1
7	4	2
7	5	2
7	6	10
8	0	1
8	3	2
8	4	3
8	5	6
8	6	8
8	7	8
9	2	2
9	3	3
9	4	3
9	5	5
9	6	2
9	7	4
9	8	14
10	1	3
10	2	1
10	3	1
10	4	8
10	5	3
10	6	3
10	7	7
10	8	6
10	9	12
11	2	2
11	3	1
11	4	1
11	5	1
11	6	2
11	8	3
11	9	6
11	10	6
12	1	1
12	3	1
12	4	4
12	5	2
12	6	2
12	7	5
12	8	9
12	9	14
12	10	17
12	11	6
13	1	1
13	3	1
13	4	2
13	5	1
13	6	2
13	7	5
13	8	4
13	9	11
13	10	12
13	11	2
13	12	9
14	3	1
14	4	2
14	6	3
14	7	7
14	8	4
14	9	4
14	10	9
14	11	2
14	12	2
14	13	4
15	0	1
15	3	1
15	4	4
15	5	1
15	6	4
15	7	3
15	8	8
15	9	4
15	10	2
15	11	3
15	12	5
15	13	7
15	14	11
16	0	1
16	3	1
16	4	4
16	5	3
16	6	2
16	7	4
16	8	2
16	9	3
16	10	3
16	11	2
16	12	2
16	13	8
16	14	6
16	15	9
17	3	4
17	4	3
17	5	5
17	6	2
17	7	1
17	8	3
17	9	4
17	10	2
17	12	2
17	13	1
17	14	4
17	15	3
17	16	5
18	3	5
18	4	5
18	5	4
18	6	4
18	7	3
18	8	4
18	9	3
18	11	1
18	12	1
18	13	5
18	15	2
18	16	2
18	17	8
19	1	1
19	3	8
19	4	3
19	5	4
19	6	3
19	7	3
19	8	1
19	10	1
19	11	2
19	12	3
19	13	4
19	15	4
19	16	5
19	17	8
19	18	13
20	3	3
20	4	1
20	5	1
20	6	3
20	8	3
20	9	3
20	10	2
20	11	1
20	12	2
20	13	7
20	14	3
20	15	4
20	16	2
20	17	4
20	18	6
20	19	9
21	0	2
21	2	2
21	3	2
21	4	1
21	6	1
21	7	3
21	8	1
21	9	2
21	10	2
21	11	2
21	12	1
21	13	2
21	15	5
21	16	3
21	17	5
21	18	2
21	19	5
21	20	10
22	2	2
22	3	6
22	5	3
22	8	4
22	9	2
22	10	5
22	11	3
22	13	4
22	14	3
22	15	2
22	17	1
22	18	3
22	19	4
22	20	1
22	21	2
23	3	4
23	4	5
23	5	1
23	6	4
23	7	1
23	8	5
23	9	4
23	10	4
23	11	3
23	12	3
23	14	7
23	15	1
23	16	2
23	17	5
23	18	1
23	19	2
23	20	3
23	21	1
23	22	7
24	0	1
24	3	3
24	4	4
24	5	7
24	6	4
24	7	7
24	8	4
24	9	5
24	10	2
24	12	7
24	13	6
24	14	2
24	15	2
24	16	5
24	17	7
24	18	5
24	19	2
24	20	3
24	21	2
24	22	1
24	23	7
25	1	1
25	2	1
25	3	3
25	4	5
25	5	5
25	6	2
25	7	3
25	8	3
25	9	3
25	10	2
25	11	4
25	12	6
25	14	4
25	15	2
25	16	3
25	17	6
25	18	5
25	19	4
25	20	2
25	21	1
25	22	7
25	23	6
25	24	5
26	3	1
26	4	3
26	5	2
26	8	2
26	9	2
26	10	5
26	11	4
26	12	1
26	13	2
26	14	2
26	15	2
26	17	2
26	19	2
26	20	1
26	21	1
26	22	3
26	23	2
26	24	3
26	25	1
27	1	2
27	3	2
27	4	5
27	5	4
27	6	2
27	7	1
27	8	3
27	9	9
27	10	7
27	11	6
27	12	3
27	13	6
27	14	2
27	15	5
27	16	4
27	17	4
27	18	1
27	20	1
27	21	1
27	22	1
27	23	5
27	24	5
27	25	4
27	26	2
28	2	2
28	3	2
28	4	5
28	5	7
28	7	2
28	8	6
28	9	5
28	10	5
28	11	4
28	12	6
28	13	2
28	14	4
28	15	3
28	16	3
28	17	4
28	18	4
28	20	3
28	22	3
28	23	1
28	24	1
28	25	4
28	26	4
28	27	9
29	0	1
29	3	2
29	4	1
29	5	2
29	6	2
29	7	3
29	8	1
29	9	2
29	10	3
29	11	2
29	12	2
29	13	4
29	14	3
29	17	1
29	19	2
29	21	1
29	22	1
29	23	2
29	24	4
29	25	2
29	26	2
29	27	6
29	28	14
30	3	2
30	4	4
30	5	2
30	6	2
30	7	2
30	8	2
30	9	2
30	10	2
30	12	4
30	13	2
30	15	1
30	16	1
30	19	5
30	21	2
30	23	1
30	24	3
30	25	1
30	27	2
30	29	1
31	1	1
31	4	1
31	5	2
31	6	2
31	8	6
31	9	5
31	10	3
31	11	3
31	13	2
31	15	2
31	18	2
31	19	1
31	21	2
31	22	1
31	23	2
31	25	1
31	28	3
31	29	2
31	30	4
32	2	2
32	4	1
32	5	1
32	6	1
32	8	5
32	9	2
32	10	1
32	11	1
32	12	1
32	15	2
32	16	1
32	17	2
32	18	2
32	23	1
32	24	1
32	26	1
32	27	1
32	28	1
32	30	4
32	31	9
33	1	1
33	4	1
33	5	2
33	6	2
33	8	1
33	9	2
33	10	4
33	11	1
33	13	1
33	15	3
33	16	1
33	17	2
33	22	2
33	24	2
33	25	3
33	27	4
33	28	2
33	29	1
33	30	6
33	31	6
33	32	5
34	1	1
34	2	3
34	4	1
34	5	1
34	7	1
34	8	1
34	9	3
34	10	1
34	11	1
34	12	1
34	13	3
34	16	1
34	20	1
34	24	1
34	25	3
34	28	4
34	29	1
34	30	5
34	31	12
34	32	4
34	33	9
35	1	1
35	2	1
35	3	1
35	4	2
35	6	1
35	8	2
35	9	1
35	10	7
35	11	3
35	12	3
35	13	6
35	14	1
35	15	1
35	16	3
35	17	2
35	18	2
35	19	2
35	20	2
35	21	2
35	22	2
35	23	2
35	24	5
35	25	6
35	26	3
35	27	6
35	28	7
35	29	3
35	30	2
35	31	5
35	34	3
36	3	2
36	4	1
36	5	1
36	6	3
36	7	1
36	8	1
36	9	2
36	10	9
36	11	6
36	12	3
36	13	4
36	14	1
36	17	1
36	20	2
36	21	1
36	22	3
36	23	4
36	24	9
36	25	1
36	26	2
36	27	5
36	28	3
36	30	3
36	31	2
36	33	3
36	35	11
37	3	2
37	4	4
37	5	1
37	6	4
37	7	4
37	8	3
37	9	4
37	10	3
37	11	1
37	12	2
37	13	5
37	14	1
37	15	5
37	16	1
37	17	2
37	19	1
37	20	4
37	21	1
37	22	2
37	23	2
37	24	4
37	25	8
37	26	2
37	27	8
37	28	2
37	29	2
37	30	2
37	34	1
37	35	15
37	36	3
38	1	1
38	2	1
38	3	1
38	5	3
38	6	3
38	7	2
38	8	4
38	9	4
38	10	4
38	11	7
38	12	3
38	13	3
38	14	2
38	15	8
38	16	1
38	17	2
38	18	2
38	19	1
38	20	2
38	21	3
38	22	3
38	23	5
38	24	2
38	25	7
38	26	4
38	27	4
38	28	8
38	29	3
38	30	4
38	31	3
38	32	2
38	33	2
38	34	2
38	35	11
38	36	4
38	37	13
39	0	1
39	3	1
39	4	3
39	5	4
39	6	2
39	7	2
39	8	3
39	9	2
39	10	6
39	11	4
39	12	1
39	13	3
39	14	1
39	15	1
39	16	2
39	17	3
39	19	2
39	20	1
39	22	1
39	23	1
39	24	5
39	25	6
39	26	7
39	27	3
39	28	7
39	29	5
39	30	2
39	31	4
39	33	3
39	35	15
39	36	6
39	37	5
39	38	13
40	3	1
40	4	1
40	5	4
40	6	1
40	7	1
40	8	9
40	9	3
40	10	6
40	11	3
40	13	1
40	14	1
40	15	4
40	16	3
40	17	1
40	18	1
40	19	2
40	20	3
40	21	1
40	22	5
40	23	1
40	24	2
40	25	5
40	26	2
40	27	5
40	28	8
40	29	10
40	30	2
40	31	4
40	32	3
40	33	4
40	34	4
40	35	3
40	36	3
40	37	4
40	38	11
40	39	3
41	2	2
41	3	2
41	4	1
41	5	1
41	6	6
41	7	2
41	8	3
41	9	5
41	10	4
41	11	2
41	12	5
41	13	1
41	14	3
41	15	3
41	16	2
41	17	1
41	18	1
41	19	5
41	20	1
41	21	1
41	22	1
41	23	1
41	24	4
41	25	2
41	26	1
41	27	5
41	28	4
41	29	10
41	30	3
41	31	7
41	32	1
41	33	2
41	34	3
41	35	1
41	36	4
41	37	3
41	38	5
41	39	6
41	40	9
42	1	1
42	4	4
42	5	3
42	6	3
42	7	1
42	8	3
42	9	6
42	10	5
42	11	1
42	12	3
42	13	3
42	14	3
42	15	2
42	16	1
42	18	2
42	22	3
42	24	2
42	25	2
42	27	4
42	28	3
42	29	1
42	30	16
42	31	4
42	33	3
42	34	3
42	35	1
42	38	4
42	40	6
42	41	2
43	2	2
43	5	3
43	6	2
43	8	3
43	11	3
43	12	1
43	15	1
43	16	4
43	17	2
43	18	1
43	19	1
43	20	2
43	24	1
43	25	4
43	27	1
43	28	1
43	29	1
43	30	10
43	31	4
43	32	3
43	33	8
43	34	10
43	35	2
43	37	1
43	38	1
43	39	4
43	40	2
43	41	6
43	42	2
44	1	1
44	2	2
44	5	1
44	6	1
44	7	1
44	8	3
44	10	3
44	11	3
44	12	3
44	15	1
44	19	2
44	20	1
44	23	3
44	24	4
44	29	1
44	30	4
44	31	3
44	32	6
44	33	4
44	34	7
44	35	3
44	36	2
44	38	1
44	40	2
44	41	3
44	42	3
44	43	9
45	1	1
45	2	3
45	3	2
45	7	3
45	8	4
45	9	1
45	10	1
45	12	2
45	14	1
45	16	2
45	17	2
45	25	1
45	27	2
45	28	3
45	30	6
45	31	2
45	32	4
45	33	7
45	34	2
45	35	1
45	38	1
45	39	1
45	40	3
45	41	1
45	42	1
45	43	14
45	44	14
46	0	2
46	1	2
46	3	2
46	5	1
46	8	4
46	9	1
46	10	1
46	11	3
46	13	3
46	15	2
46	19	2
46	20	3
46	22	2
46	23	1
46	27	2
46	28	1
46	29	2
46	30	9
46	31	4
46	32	6
46	33	5
46	34	1
46	35	1
46	36	3
46	38	2
46	39	1
46	40	3
46	41	3
46	42	4
46	43	8
46	44	5
46	45	6
47	3	3
47	5	1
47	6	3
47	7	2
47	8	9
47	9	4
47	10	3
47	11	4
47	12	1
47	13	2
47	14	4
47	15	4
47	16	2
47	17	1
47	19	1
47	20	1
47	21	2
47	22	1
47	23	1
47	25	3
47	27	4
47	28	3
47	29	2
47	30	1
47	31	1
47	32	1
47	34	3
47	35	3
47	37	2
47	38	4
47	39	3
47	40	2
47	41	4
47	42	6
47	43	3
47	44	2
47	46	3
48	0	1
48	2	1
48	4	4
48	5	4
48	6	4
48	7	2
48	8	8
48	9	3
48	10	8
48	11	4
48	12	7
48	13	4
48	14	2
48	15	1
48	16	3
48	17	1
48	18	2
48	20	6
48	22	1
48	23	1
48	24	5
48	25	1
48	27	4
48	28	5
48	29	3
48	30	4
48	31	2
48	32	3
48	33	2
48	34	3
48	35	2
48	36	2
48	37	3
48	38	4
48	39	2
48	40	2
48	41	4
48	42	3
48	43	2
48	44	1
48	45	1
48	47	8
49	3	3
49	4	2
49	5	1
49	6	7
49	7	8
49	8	12
49	9	6
49	10	6
49	11	14
49	12	10
49	13	4
49	14	4
49	15	4
49	16	3
49	17	1
49	18	2
49	19	3
49	20	2
49	21	1
49	22	1
49	23	6
49	24	7
49	25	3
49	26	6
49	27	7
49	28	6
49	29	1
49	30	5
49	31	4
49	33	3
49	34	3
49	35	6
49	36	4
49	37	5
49	38	2
49	39	2
49	40	2
49	41	4
49	42	2
49	43	4
49	44	1
49	45	1
49	46	5
49	47	8
49	48	11
50	3	2
50	4	3
50	5	1
50	6	9
50	7	6
50	8	8
50	9	4
50	10	5
50	11	2
50	12	1
50	13	7
50	14	5
50	15	2
50	16	3
50	17	1
50	18	2
50	19	5
50	20	2
50	21	3
50	23	2
50	25	1
50	27	1
50	29	1
50	30	2
50	31	1
50	33	2
50	34	1
50	35	1
50	36	1
50	37	1
50	39	5
50	41	3
50	42	1
50	43	2
50	44	2
50	45	1
50	47	5
50	48	7
50	49	11
51	1	1
51	3	1
51	4	2
51	5	2
51	6	7
51	7	7
51	8	4
51	9	3
51	10	4
51	11	5
51	12	3
51	13	5
51	14	2
51	15	5
51	16	5
51	17	3
51	18	2
51	21	4
51	22	1
51	23	3
51	24	3
51	25	3
51	27	4
51	28	3
51	29	5
51	30	3
51	31	3
51	32	2
51	33	2
51	34	2
51	35	4
51	36	3
51	37	2
51	38	1
51	39	1
51	40	2
51	41	1
51	42	2
51	43	4
51	44	1
51	45	2
51	47	2
51	48	4
51	49	7
51	50	11
52	3	2
52	5	2
52	6	4
52	7	3
52	8	5
52	9	3
52	10	5
52	11	6
52	12	4
52	13	5
52	14	2
52	15	4
52	16	8
52	17	4
52	18	2
52	20	1
52	21	1
52	22	2
52	24	2
52	25	2
52	26	1
52	27	4
52	28	1
52	30	2
52	31	2
52	32	2
52	34	2
52	35	2
52	36	1
52	37	1
52	38	4
52	39	3
52	40	2
52	41	2
52	43	1
52	45	2
52	46	2
52	47	8
52	48	7
52	49	4
52	50	4
52	51	18
53	2	1
53	3	6
53	4	2
53	5	2
53	6	5
53	7	4
53	8	13
53	9	10
53	10	2
53	11	3
53	12	7
53	13	3
53	14	1
53	15	2
53	16	3
53	17	4
53	18	3
53	20	1
53	21	3
53	24	5
53	25	1
53	26	2
53	27	8
53	28	3
53	29	2
53	30	1
53	31	3
53	32	2
53	33	2
53	34	2
53	35	2
53	36	1
53	37	3
53	38	5
53	40	2
53	41	4
53	42	5
53	43	2
53	44	4
53	45	3
53	46	3
53	47	5
53	48	7
53	49	13
53	50	5
53	51	7
53	52	5
54	4	2
54	5	2
54	6	2
54	7	3
54	8	2
54	9	8
54	10	1
54	11	3
54	12	5
54	13	4
54	15	1
54	18	2
54	19	6
54	20	2
54	21	2
54	22	1
54	23	2
54	24	4
54	25	1
54	26	1
54	27	3
54	28	2
54	29	3
54	30	2
54	31	2
54	32	4
54	33	7
54	34	5
54	35	5
54	36	1
54	37	1
54	38	2
54	40	6
54	41	2
54	42	8
54	43	6
54	44	2
54	45	1
54	46	4
54	47	2
54	48	4
54	49	2
54	50	2
54	51	6
54	52	2
54	53	14
55	0	2
55	1	4
55	2	2
55	3	2
55	4	6
55	5	3
55	6	5
55	7	4
55	8	8
55	9	5
55	10	1
55	11	1
55	12	1
55	13	3
55	15	3
55	16	2
55	19	1
55	20	1
55	21	1
55	22	1
55	23	1
55	24	3
55	25	1
55	26	1
55	27	6
55	28	1
55	29	3
55	30	2
55	31	6
55	32	3
55	33	5
55	34	3
55	35	5
55	36	3
55	37	1
55	38	2
55	39	3
55	40	3
55	41	2
55	43	6
55	44	6
55	45	2
55	46	3
55	47	5
55	48	5
55	49	6
55	50	9
55	51	5
55	52	3
55	53	9
55	54	14
56	3	4
56	4	1
56	5	3
56	6	7
56	7	5
56	8	5
56	9	1
56	10	2
56	11	2
56	13	3
56	14	3
56	15	5
56	16	3
56	17	3
56	18	4
56	21	3
56	22	3
56	24	1
56	25	1
56	26	1
56	27	5
56	28	2
56	29	1
56	30	3
56	32	6
56	33	4
56	34	3
56	35	3
56	37	1
56	39	3
56	40	1
56	41	3
56	42	2
56	43	5
56	44	3
56	45	4
56	46	1
56	47	2
56	48	1
56	49	6
56	50	5
56	51	3
56	52	6
56	53	7
56	54	5
56	55	12
57	2	2
57	3	5
57	4	8
57	5	4
57	6	4
57	7	4
57	8	3
57	9	7
57	10	3
57	11	3
57	12	2
57	13	6
57	14	2
57	15	6
57	16	6
57	17	2
57	18	1
57	19	4
57	20	5
57	21	2
57	22	2
57	23	3
57	25	2
57	27	5
57	28	6
57	29	1
57	31	2
57	32	1
57	34	2
57	35	2
57	36	1
57	37	1
57	38	2
57	39	2
57	40	3
57	41	3
57	42	1
57	43	2
57	44	3
57	45	2
57	46	3
57	47	2
57	48	2
57	49	6
57	50	4
57	51	7
57	52	2
57	53	2
57	54	6
57	55	5
57	56	4
58	1	1
58	3	3
58	4	7
58	5	4
58	6	3
58	7	1
58	8	3
58	9	1
58	10	2
58	12	3
58	13	1
58	14	3
58	16	3
58	17	1
58	18	4
58	19	2
58	20	1
58	21	1
58	22	4
58	23	2
58	24	2
58	25	1
58	26	2
58	27	3
58	28	4
58	30	1
58	31	1
58	32	2
58	33	4
58	34	2
58	36	2
58	37	3
58	39	2
58	40	3
58	41	3
58	42	1
58	43	2
58	44	2
58	46	3
58	47	3
58	48	3
58	49	4
58	50	2
58	51	1
58	53	2
58	54	4
58	55	6
58	56	11
58	57	16
59	4	3
59	5	1
59	6	2
59	8	2
59	9	1
59	10	2
59	13	1
59	14	4
59	15	3
59	16	4
59	17	2
59	18	1
59	19	3
59	22	3
59	23	1
59	24	1
59	25	3
59	26	3
59	27	3
59	28	2
59	29	1
59	30	2
59	31	3
59	34	4
59	35	2
59	36	1
59	38	2
59	39	1
59	41	3
59	43	1
59	44	4
59	45	2
59	46	2
59	47	1
59	50	2
59	53	2
59	54	1
59	55	2
59	56	1
59	57	1
60	0	1
60	1	3
60	4	1
60	5	3
60	7	3
60	8	4
60	9	1
60	10	4
60	11	1
60	12	4
60	13	1
60	15	2
60	20	1
60	22	1
60	25	1
60	28	3
60	30	5
60	31	1
60	32	2
60	33	2
60	35	1
60	36	1
60	38	1
60	40	2
60	41	4
60	43	4
60	44	6
60	45	7
60	46	6
60	47	4
60	48	3
60	49	3
60	51	2
60	52	3
60	53	1
60	54	1
60	55	1
60	56	4
60	57	2
60	58	3
