1	0	7
2	0	6
2	1	9
3	0	1
4	3	8
5	3	6
5	4	8
6	3	1
6	4	4
6	5	3
7	3	1
7	4	6
7	5	3
7	6	7
8	0	2
8	2	1
8	3	2
8	4	7
8	5	2
8	6	14
8	7	7
9	3	1
9	4	2
9	5	3
9	6	3
9	7	4
9	8	8
10	0	2
10	3	4
10	5	4
10	6	6
10	7	6
10	8	7
10	9	20
11	3	1
11	4	3
11	5	2
11	6	2
11	7	4
11	8	2
11	9	16
11	10	17
12	1	2
12	3	2
12	4	2
12	5	1
12	6	2
12	7	3
12	8	6
12	9	9
12	10	8
12	11	17
13	2	1
13	3	1
13	4	1
13	5	5
13	6	4
13	7	10
13	8	4
13	9	6
13	10	9
13	11	8
13	12	9
14	0	1
14	3	2
14	6	3
14	7	3
14	8	2
14	9	4
14	10	1
14	11	2
14	12	4
14	13	5
15	1	1
15	3	1
15	4	3
15	5	1
15	6	2
15	7	4
15	8	7
15	9	1
15	10	3
15	11	3
15	12	3
15	13	7
15	14	9
16	1	3
16	3	3
16	4	1
16	5	1
16	6	6
16	7	5
16	8	3
16	9	6
16	10	2
16	11	4
16	12	5
16	13	8
16	14	5
16	15	8
17	3	6
17	4	4
17	5	2
17	6	2
17	7	2
17	8	3
17	9	3
17	10	4
17	11	3
17	12	2
17	13	4
17	14	2
17	15	1
17	16	3
18	0	1
18	3	11
18	4	7
18	5	3
18	6	5
18	7	4
18	8	4
18	9	1
18	10	2
18	11	3
18	12	2
18	13	3
18	14	6
18	15	3
18	16	1
18	17	6
19	3	5
19	4	3
19	5	4
19	6	1
19	7	1
19	8	3
19	9	1
19	10	4
19	11	1
19	12	2
19	13	2
19	14	1
19	15	3
19	16	1
19	17	7
19	18	10
20	3	4
20	4	4
20	5	2
20	6	2
20	7	3
20	8	6
20	9	4
20	10	2
20	11	1
20	13	2
20	14	6
20	15	2
20	16	4
20	17	5
20	18	5
20	19	6
21	3	2
21	4	1
21	5	5
21	6	5
21	7	3
21	8	1
21	9	3
21	10	1
21	11	2
21	12	2
21	13	3
21	14	3
21	15	2
21	16	5
21	17	8
21	18	1
21	19	3
21	20	7
22	3	3
22	4	4
22	5	5
22	6	4
22	7	2
22	8	5
22	9	3
22	10	1
22	11	4
22	12	1
22	13	4
22	14	3
22	15	2
22	16	1
22	17	10
22	18	2
22	19	4
22	20	1
22	21	2
23	1	1
23	4	2
23	5	2
23	6	2
23	7	5
23	8	2
23	9	2
23	10	2
23	11	2
23	12	1
23	13	3
23	15	2
23	16	1
23	17	3
23	18	2
23	19	5
23	21	2
23	22	6
24	0	2
24	3	5
24	4	3
24	5	3
24	6	3
24	7	2
24	8	9
24	9	6
24	10	7
24	11	7
24	12	6
24	13	5
24	14	3
24	15	3
24	16	3
24	17	4
24	18	4
24	19	2
24	20	7
24	21	5
24	22	4
24	23	2
25	1	2
25	2	1
25	3	4
25	4	1
25	5	2
25	6	2
25	8	6
25	9	2
25	10	5
25	11	6
25	12	5
25	13	8
25	15	4
25	16	3
25	17	4
25	18	4
25	19	4
25	20	4
25	21	2
25	22	5
25	23	9
25	24	9
26	1	1
26	3	1
26	4	3
26	8	2
26	9	1
26	11	3
26	12	2
26	13	1
26	14	2
26	17	1
26	18	1
26	19	4
26	21	2
26	22	2
26	23	5
26	24	5
26	25	6
27	1	3
27	3	2
27	4	3
27	5	7
27	6	6
27	7	7
27	8	6
27	9	6
27	10	2
27	11	7
27	12	2
27	13	3
27	14	1
27	15	2
27	16	3
27	17	1
27	18	4
27	19	10
27	20	2
27	22	1
27	23	3
27	24	7
27	25	3
27	26	2
28	3	2
28	4	3
28	5	7
28	6	5
28	7	4
28	8	4
28	9	7
28	10	4
28	11	5
28	12	5
28	14	4
28	15	1
28	16	3
28	17	5
28	18	7
28	19	3
28	20	3
28	21	2
28	22	3
28	23	3
28	24	5
28	25	6
28	26	2
28	27	7
29	4	3
29	5	4
29	7	1
29	8	4
29	9	4
29	10	3
29	11	4
29	12	1
29	13	7
29	17	4
29	19	1
29	22	2
29	23	2
29	24	2
29	25	3
29	26	1
29	27	3
29	28	12
30	1	1
30	2	1
30	3	1
30	4	2
30	5	2
30	8	2
30	9	1
30	10	1
30	11	2
30	12	3
30	13	3
30	15	3
30	16	2
30	17	3
30	18	2
30	19	1
30	24	1
30	25	1
30	27	2
30	28	1
30	29	2
31	1	1
31	3	2
31	4	2
31	8	2
31	10	1
31	11	2
31	12	2
31	13	3
31	15	2
31	18	3
31	19	3
31	20	1
31	21	3
31	22	3
31	23	2
31	24	1
31	27	4
31	28	5
31	30	2
32	2	1
32	6	1
32	8	1
32	10	4
32	15	2
32	16	2
32	18	1
32	19	2
32	22	1
32	24	1
32	25	2
32	26	3
32	28	2
32	29	1
32	30	2
32	31	2
33	1	2
33	4	4
33	5	2
33	6	1
33	7	1
33	8	5
33	9	2
33	10	4
33	11	1
33	12	4
33	13	1
33	15	1
33	16	1
33	17	1
33	23	1
33	24	1
33	25	1
33	26	3
33	27	3
33	28	2
33	30	7
33	31	10
33	32	2
34	1	1
34	2	1
34	4	3
34	5	4
34	6	1
34	8	1
34	9	1
34	10	2
34	12	2
34	13	1
34	15	3
34	16	4
34	21	1
34	23	3
34	24	1
34	27	4
34	28	1
34	29	3
34	30	4
34	31	10
34	32	4
34	33	14
35	1	1
35	2	4
35	4	1
35	5	3
35	6	1
35	7	2
35	8	4
35	9	4
35	10	5
35	11	5
35	12	5
35	13	4
35	14	1
35	15	5
35	17	8
35	18	3
35	19	2
35	21	6
35	22	2
35	24	4
35	25	6
35	26	4
35	27	6
35	28	6
35	29	2
35	30	2
35	32	2
35	34	1
36	3	1
36	4	3
36	5	1
36	6	9
36	7	1
36	8	3
36	9	3
36	10	10
36	11	4
36	12	4
36	13	5
36	14	1
36	15	2
36	17	4
36	18	2
36	19	2
36	20	2
36	21	2
36	22	4
36	23	1
36	24	3
36	25	6
36	26	3
36	27	3
36	28	4
36	29	2
36	30	1
36	31	1
36	32	3
36	33	1
36	35	10
37	2	1
37	4	3
37	5	3
37	6	4
37	7	2
37	8	5
37	9	4
37	10	6
37	11	3
37	12	2
37	13	3
37	15	1
37	16	1
37	17	5
37	18	1
37	19	4
37	20	4
37	21	2
37	23	7
37	24	9
37	25	7
37	26	2
37	27	7
37	28	5
37	29	5
37	30	2
37	33	2
37	34	1
37	35	12
37	36	2
38	1	1
38	3	1
38	4	3
38	5	3
38	6	3
38	7	2
38	8	5
38	9	4
38	10	4
38	11	10
38	12	5
38	13	5
38	14	5
38	15	4
38	16	3
38	17	3
38	18	3
38	19	1
38	20	3
38	21	2
38	22	1
38	23	1
38	24	6
38	25	11
38	26	3
38	27	7
38	28	4
38	29	7
38	30	4
38	31	3
38	32	2
38	33	1
38	34	2
38	35	11
38	36	5
38	37	19
39	3	2
39	4	5
39	6	2
39	7	1
39	8	6
39	9	2
39	10	3
39	11	7
39	12	5
39	13	5
39	14	1
39	15	2
39	16	2
39	17	2
39	18	2
39	19	1
39	20	3
39	22	2
39	23	2
39	24	3
39	25	5
39	27	8
39	28	5
39	29	4
39	30	2
39	31	3
39	34	1
39	35	11
39	36	3
39	37	5
39	38	10
40	0	2
40	3	2
40	4	1
40	5	3
40	6	4
40	7	3
40	8	5
40	9	2
40	10	3
40	11	5
40	12	2
40	13	3
40	14	2
40	15	2
40	16	1
40	18	1
40	19	3
40	20	2
40	23	1
40	24	3
40	26	2
40	27	5
40	28	12
40	29	6
40	30	2
40	31	4
40	32	4
40	33	1
40	34	4
40	35	2
40	36	4
40	37	4
40	38	11
40	39	3
41	2	1
41	3	2
41	4	3
41	5	1
41	6	1
41	7	1
41	8	1
41	9	3
41	10	7
41	11	4
41	12	8
41	13	3
41	14	2
41	15	2
41	16	3
41	17	4
41	18	4
41	19	3
41	21	3
41	23	3
41	24	3
41	25	1
41	26	1
41	27	2
41	28	10
41	29	4
41	30	10
41	31	4
41	32	3
41	33	7
41	34	6
41	35	4
41	36	1
41	37	6
41	38	2
41	39	2
41	40	9
42	0	1
42	1	3
42	3	1
42	5	4
42	6	5
42	7	2
42	8	4
42	9	2
42	11	2
42	12	1
42	14	2
42	16	2
42	20	2
42	21	1
42	22	1
42	24	1
42	25	2
42	27	1
42	28	7
42	29	3
42	30	13
42	31	2
42	32	1
42	33	6
42	34	3
42	35	2
42	36	1
42	37	1
42	38	3
42	39	2
42	40	2
42	41	5
43	1	2
43	4	2
43	6	1
43	7	1
43	8	1
43	9	4
43	10	1
43	11	2
43	13	1
43	14	1
43	15	2
43	16	1
43	17	3
43	20	2
43	24	3
43	25	1
43	27	4
43	28	3
43	29	1
43	30	2
43	31	3
43	32	7
43	33	4
43	34	1
43	37	1
43	38	4
43	39	2
43	40	5
43	41	4
43	42	5
44	1	2
44	5	2
44	6	2
44	7	1
44	8	2
44	9	3
44	10	2
44	12	2
44	13	1
44	14	1
44	15	2
44	17	1
44	20	2
44	22	1
44	23	1
44	24	1
44	27	1
44	28	3
44	29	2
44	30	2
44	31	3
44	32	6
44	33	3
44	34	3
44	35	3
44	38	1
44	40	5
44	41	1
44	42	4
44	43	11
45	1	2
45	2	1
45	9	1
45	12	3
45	13	1
45	14	1
45	16	4
45	18	3
45	22	1
45	25	2
45	28	1
45	29	1
45	30	5
45	31	4
45	32	7
45	33	7
45	34	4
45	35	1
45	38	2
45	39	2
45	40	3
45	41	1
45	42	2
45	43	4
45	44	9
46	0	1
46	1	2
46	2	2
46	6	1
46	8	2
46	9	2
46	10	2
46	13	2
46	15	1
46	18	2
46	19	1
46	23	2
46	24	3
46	25	1
46	27	1
46	28	1
46	29	1
46	30	3
46	31	3
46	32	7
46	33	6
46	34	6
46	38	1
46	39	1
46	40	3
46	41	5
46	43	3
46	44	8
46	45	10
47	0	1
47	2	2
47	3	3
47	4	1
47	5	1
47	6	3
47	7	4
47	8	6
47	9	2
47	10	2
47	11	2
47	12	4
47	13	3
47	14	2
47	15	6
47	16	2
47	17	1
47	18	6
47	19	2
47	20	2
47	21	2
47	23	2
47	24	3
47	25	2
47	27	1
47	28	1
47	29	2
47	30	7
47	31	1
47	32	1
47	33	4
47	34	2
47	35	4
47	36	1
47	37	1
47	38	2
47	39	1
47	40	4
47	42	1
47	43	2
47	44	4
47	45	6
47	46	2
48	3	1
48	4	1
48	5	1
48	6	4
48	7	8
48	8	3
48	9	2
48	10	4
48	11	5
48	12	6
48	13	6
48	14	1
48	15	2
48	16	2
48	17	1
48	18	3
48	19	2
48	20	2
48	22	3
48	23	1
48	24	3
48	25	3
48	27	3
48	28	4
48	29	2
48	30	3
48	31	1
48	32	1
48	33	1
48	34	2
48	35	4
48	36	2
48	37	1
48	38	5
48	39	2
48	40	2
48	41	5
48	42	2
48	43	4
48	44	3
48	45	3
48	46	1
48	47	7
49	3	1
49	4	6
49	5	5
49	6	2
49	7	9
49	8	19
49	9	8
49	10	4
49	11	2
49	12	9
49	13	9
49	14	4
49	15	1
49	16	11
49	17	4
49	18	3
49	19	2
49	21	1
49	23	2
49	24	7
49	25	2
49	26	3
49	27	5
49	28	3
49	30	1
49	31	4
49	32	1
49	33	5
49	34	4
49	35	8
49	36	4
49	37	5
49	38	2
49	39	4
49	40	5
49	41	4
49	42	5
49	43	3
49	44	3
49	45	3
49	46	3
49	47	4
49	48	7
50	3	2
50	4	4
50	5	5
50	6	4
50	7	6
50	8	9
50	9	3
50	10	6
50	11	1
50	12	3
50	13	1
50	14	2
50	15	1
50	16	7
50	17	2
50	18	3
50	19	1
50	20	3
50	21	3
50	22	1
50	23	3
50	24	2
50	28	5
50	30	1
50	33	1
50	34	1
50	35	2
50	36	2
50	37	3
50	38	2
50	39	2
50	40	4
50	41	4
50	42	1
50	43	2
50	44	3
50	46	1
50	47	6
50	48	3
50	49	8
51	3	3
51	4	2
51	5	1
51	6	6
51	8	5
51	9	2
51	10	4
51	11	4
51	12	4
51	13	5
51	14	3
51	15	5
51	16	5
51	17	3
51	18	2
51	19	3
51	20	2
51	21	1
51	22	2
51	23	4
51	24	2
51	25	3
51	27	9
51	28	1
51	30	5
51	31	2
51	32	1
51	33	1
51	34	2
51	35	1
51	36	2
51	37	3
51	38	5
51	39	3
51	42	1
51	43	2
51	44	4
51	45	4
51	46	1
51	48	4
51	49	8
51	50	7
52	2	1
52	3	4
52	5	1
52	6	1
52	7	3
52	8	11
52	9	3
52	10	1
52	11	4
52	12	2
52	13	6
52	14	5
52	15	5
52	16	2
52	17	3
52	18	4
52	19	2
52	20	1
52	21	5
52	22	1
52	23	3
52	24	6
52	27	2
52	28	1
52	30	5
52	32	1
52	33	1
52	34	1
52	36	2
52	37	3
52	38	3
52	39	1
52	40	1
52	43	6
52	44	3
52	45	2
52	46	2
52	48	9
52	49	6
52	50	11
52	51	19
53	1	1
53	3	4
53	4	7
53	5	6
53	6	4
53	7	6
53	8	6
53	9	3
53	10	4
53	11	5
53	12	6
53	13	5
53	14	3
53	15	6
53	16	1
53	18	2
53	19	4
53	20	2
53	21	2
53	22	1
53	23	4
53	24	5
53	25	2
53	26	3
53	27	4
53	28	6
53	29	3
53	30	4
53	31	3
53	32	3
53	33	1
53	34	3
53	35	1
53	36	3
53	37	2
53	38	5
53	39	4
53	40	1
53	41	6
53	42	3
53	44	2
53	45	4
53	46	4
53	47	6
53	48	5
53	49	14
53	50	1
53	51	6
53	52	4
54	0	1
54	3	2
54	4	2
54	5	3
54	6	8
54	7	3
54	8	4
54	9	3
54	10	4
54	11	6
54	12	4
54	13	3
54	15	1
54	16	2
54	18	3
54	19	2
54	21	1
54	22	2
54	23	3
54	24	1
54	25	2
54	26	2
54	27	3
54	28	3
54	29	2
54	30	6
54	31	3
54	32	5
54	33	1
54	34	4
54	35	2
54	36	3
54	37	2
54	38	1
54	39	2
54	41	8
54	42	5
54	44	4
54	45	2
54	46	3
54	47	4
54	48	5
54	49	9
54	50	4
54	51	5
54	52	4
54	53	15
55	0	1
55	1	3
55	2	1
55	3	4
55	4	2
55	5	5
55	6	7
55	7	5
55	8	7
55	9	4
55	11	3
55	12	2
55	13	3
55	14	3
55	15	4
55	16	1
55	17	2
55	18	2
55	19	1
55	20	2
55	21	1
55	22	2
55	23	5
55	24	2
55	25	1
55	27	5
55	28	7
55	29	5
55	31	5
55	32	2
55	33	6
55	34	4
55	35	1
55	37	2
55	38	2
55	39	5
55	40	1
55	41	6
55	42	7
55	43	3
55	44	6
55	45	4
55	46	3
55	47	5
55	48	4
55	49	4
55	51	3
55	52	5
55	53	9
55	54	15
56	1	1
56	2	3
56	4	2
56	6	5
56	7	3
56	8	10
56	9	1
56	10	1
56	12	6
56	13	3
56	14	4
56	15	5
56	16	5
56	18	3
56	19	2
56	20	1
56	21	2
56	22	3
56	23	2
56	24	2
56	25	1
56	26	1
56	27	2
56	28	1
56	29	2
56	30	1
56	31	3
56	32	3
56	33	4
56	34	3
56	36	4
56	37	2
56	39	3
56	40	2
56	42	4
56	43	2
56	44	1
56	45	1
56	46	1
56	47	6
56	48	1
56	49	8
56	50	4
56	51	2
56	52	4
56	53	4
56	54	5
56	55	12
57	2	3
57	3	1
57	4	2
57	5	4
57	6	8
57	7	2
57	8	5
57	9	4
57	10	4
57	11	2
57	12	2
57	13	1
57	14	3
57	15	2
57	16	3
57	17	2
57	18	1
57	19	3
57	20	2
57	21	4
57	22	1
57	24	9
57	26	2
57	27	6
57	28	5
57	30	1
57	31	2
57	33	2
57	34	1
57	35	2
57	37	1
57	38	2
57	39	5
57	40	1
57	41	6
57	42	3
57	44	2
57	46	1
57	47	4
57	48	6
57	49	1
57	50	4
57	51	6
57	53	6
57	54	2
57	55	3
57	56	9
58	1	2
58	3	1
58	5	3
58	6	1
58	8	1
58	10	1
58	11	2
58	12	1
58	13	1
58	14	8
58	15	3
58	16	1
58	18	2
58	19	3
58	20	4
58	21	1
58	22	1
58	23	2
58	24	2
58	26	1
58	27	1
58	28	4
58	29	1
58	31	4
58	33	1
58	34	4
58	35	4
58	38	3
58	39	2
58	40	2
58	41	3
58	43	2
58	44	2
58	45	1
58	46	4
58	48	4
58	49	2
58	50	2
58	51	7
58	52	3
58	53	5
58	54	2
58	55	7
58	56	8
58	57	16
59	0	2
59	2	1
59	3	5
59	4	2
59	5	3
59	7	2
59	9	2
59	10	4
59	12	3
59	13	3
59	14	1
59	15	1
59	16	2
59	17	1
59	18	2
59	24	1
59	25	1
59	28	2
59	29	3
59	30	2
59	33	5
59	34	1
59	35	2
59	36	1
59	41	2
59	45	3
59	46	1
59	47	1
59	52	4
59	53	1
59	54	2
59	56	2
59	57	4
59	58	2
60	0	3
60	1	5
60	2	5
60	4	3
60	7	2
60	9	1
60	10	3
60	11	1
60	12	3
60	13	3
60	15	2
60	16	2
60	17	1
60	25	2
60	27	1
60	28	1
60	30	7
60	31	5
60	32	2
60	33	2
60	34	1
60	36	2
60	38	1
60	40	2
60	41	1
60	42	4
60	43	3
60	44	3
60	45	1
60	46	6
60	47	2
60	48	3
60	49	1
60	51	2
60	52	1
60	53	1
60	54	2
60	55	3
60	56	3
60	58	2
60	59	3
