1	0	6
2	0	5
2	1	21
3	0	1
4	1	1
4	3	7
5	0	2
5	2	1
5	3	3
5	4	13
6	1	2
6	3	5
6	4	2
6	5	1
7	0	1
7	3	2
7	4	2
7	5	3
7	6	17
8	3	6
8	4	6
8	5	4
8	6	15
8	7	5
9	3	2
9	5	5
9	6	6
9	7	2
9	8	9
10	2	1
10	3	3
10	4	3
10	5	3
10	6	4
10	7	9
10	8	7
10	9	16
11	1	1
11	2	1
11	4	4
11	5	1
11	6	1
11	7	1
11	8	5
11	9	9
11	10	12
12	1	2
12	3	3
12	4	3
12	5	1
12	6	6
12	7	6
12	8	10
12	9	5
12	10	10
12	11	11
13	3	3
13	4	6
13	5	2
13	6	2
13	7	5
13	8	10
13	9	11
13	10	17
13	11	2
13	12	5
14	0	2
14	3	1
14	4	2
14	5	1
14	6	2
14	7	5
14	8	3
14	9	1
14	10	4
14	11	2
14	12	3
14	13	4
15	1	1
15	3	5
15	4	2
15	5	1
15	7	2
15	8	3
15	9	5
15	10	4
15	11	2
15	12	5
15	13	6
15	14	16
16	0	1
16	3	3
16	4	2
16	5	2
16	6	3
16	7	5
16	8	8
16	9	1
16	10	7
16	11	3
16	12	4
16	13	5
16	14	4
16	15	14
17	3	2
17	4	4
17	5	2
17	7	2
17	8	1
17	9	3
17	10	2
17	11	2
17	12	1
17	13	3
17	14	3
17	15	3
17	16	2
18	3	6
18	4	7
18	5	5
18	6	2
18	7	5
18	8	4
18	9	3
18	10	5
18	11	2
18	13	4
18	14	1
18	15	3
18	16	2
18	17	9
19	3	5
19	4	4
19	5	2
19	6	4
19	7	5
19	8	5
19	9	1
19	10	1
19	11	1
19	12	3
19	13	2
19	14	5
19	15	7
19	16	3
19	17	12
19	18	13
20	0	1
20	3	3
20	4	2
20	5	8
20	6	2
20	7	2
20	8	3
20	9	4
20	10	4
20	11	3
20	12	2
20	13	1
20	14	5
20	15	1
20	16	2
20	17	3
20	18	4
20	19	7
21	1	1
21	3	2
21	4	1
21	5	1
21	6	2
21	7	1
21	8	1
21	9	4
21	10	4
21	12	3
21	13	3
21	14	2
21	15	3
21	16	1
21	17	7
21	19	6
21	20	8
22	3	4
22	4	3
22	5	6
22	6	1
22	7	3
22	8	1
22	9	5
22	10	7
22	11	3
22	12	2
22	13	2
22	14	4
22	15	3
22	16	1
22	17	7
22	18	8
22	19	4
22	20	4
22	21	3
23	1	1
23	4	3
23	5	2
23	7	1
23	8	2
23	9	1
23	10	2
23	11	3
23	12	4
23	13	3
23	14	1
23	15	3
23	17	8
23	18	3
23	19	3
23	20	3
23	21	3
23	22	6
24	3	3
24	4	2
24	5	5
24	6	2
24	7	4
24	8	4
24	9	6
24	10	3
24	11	2
24	12	5
24	13	2
24	14	5
24	15	2
24	16	2
24	17	7
24	18	6
24	19	2
24	20	3
24	21	1
24	22	8
24	23	10
25	1	2
25	2	2
25	3	1
25	4	1
25	5	2
25	6	5
25	7	7
25	8	4
25	9	3
25	10	2
25	11	3
25	12	6
25	14	2
25	15	4
25	16	2
25	17	2
25	19	2
25	22	9
25	23	7
25	24	7
26	3	1
26	4	5
26	5	1
26	8	1
26	9	1
26	10	1
26	11	2
26	12	1
26	13	2
26	14	2
26	17	3
26	18	2
26	19	2
26	20	2
26	21	2
26	22	2
26	23	4
26	24	4
26	25	4
27	2	2
27	3	1
27	4	2
27	5	4
27	6	4
27	7	4
27	8	5
27	9	5
27	10	6
27	11	4
27	12	7
27	13	3
27	14	1
27	15	2
27	16	4
27	17	7
27	18	2
27	21	2
27	22	1
27	23	1
27	24	3
27	25	7
27	26	2
28	2	1
28	4	4
28	5	3
28	6	3
28	7	2
28	8	10
28	10	9
28	11	4
28	12	6
28	13	7
28	14	3
28	15	1
28	18	5
28	19	6
28	20	1
28	21	3
28	22	3
28	23	1
28	24	2
28	25	6
28	27	12
29	3	4
29	4	2
29	5	1
29	7	1
29	8	1
29	9	5
29	10	3
29	11	2
29	12	1
29	13	3
29	14	2
29	17	2
29	21	1
29	22	2
29	23	2
29	25	2
29	27	6
29	28	9
30	3	4
30	4	2
30	5	5
30	6	1
30	7	2
30	8	3
30	9	2
30	10	3
30	11	5
30	12	1
30	13	1
30	14	2
30	15	3
30	16	1
30	17	4
30	19	4
30	21	1
30	23	1
30	24	2
30	25	3
30	27	5
30	28	6
30	29	2
31	1	1
31	2	1
31	4	1
31	5	2
31	6	3
31	7	1
31	8	3
31	10	1
31	11	2
31	12	1
31	15	3
31	18	1
31	19	2
31	21	1
31	22	1
31	24	1
31	25	3
31	27	4
31	28	4
31	29	2
31	30	6
32	2	1
32	4	1
32	5	1
32	6	2
32	9	1
32	11	1
32	12	2
32	14	1
32	15	2
32	16	4
32	17	1
32	19	1
32	21	1
32	22	1
32	23	3
32	24	1
32	25	1
32	26	1
32	28	1
32	29	1
32	30	4
32	31	3
33	4	2
33	5	2
33	6	2
33	7	4
33	8	1
33	9	2
33	10	3
33	11	2
33	12	2
33	13	1
33	15	1
33	16	1
33	17	3
33	22	2
33	23	1
33	24	2
33	25	2
33	26	1
33	27	1
33	28	3
33	29	2
33	30	5
33	31	8
33	32	7
34	0	1
34	1	2
34	2	2
34	4	1
34	5	2
34	6	1
34	7	1
34	8	3
34	9	2
34	10	1
34	11	3
34	12	4
34	13	1
34	15	2
34	16	2
34	17	2
34	20	1
34	21	2
34	23	1
34	24	3
34	26	1
34	27	1
34	28	2
34	29	2
34	30	4
34	31	13
34	32	6
34	33	9
35	2	1
35	3	5
35	4	3
35	5	2
35	6	2
35	7	1
35	8	2
35	9	5
35	10	6
35	11	5
35	12	7
35	13	1
35	14	2
35	15	3
35	17	3
35	18	1
35	19	2
35	20	1
35	21	1
35	22	3
35	23	3
35	24	3
35	25	10
35	26	4
35	27	5
35	28	6
35	29	2
35	30	2
35	31	1
35	32	1
35	33	1
35	34	3
36	3	5
36	4	1
36	5	1
36	6	2
36	7	2
36	8	6
36	9	5
36	10	11
36	11	2
36	12	3
36	13	5
36	14	2
36	15	6
36	16	1
36	17	1
36	18	3
36	19	2
36	20	2
36	21	4
36	22	3
36	23	6
36	24	5
36	25	2
36	26	3
36	27	4
36	28	4
36	29	3
36	31	1
36	32	1
36	33	1
36	35	7
37	3	1
37	4	1
37	5	1
37	6	2
37	8	3
37	9	4
37	10	7
37	11	6
37	12	2
37	13	2
37	14	4
37	15	2
37	16	2
37	17	1
37	18	2
37	19	2
37	20	1
37	21	3
37	22	4
37	23	5
37	24	2
37	25	6
37	26	2
37	27	8
37	28	7
37	29	2
37	30	2
37	33	2
37	34	2
37	35	13
37	36	5
38	3	1
38	4	2
38	5	1
38	6	1
38	7	1
38	8	3
38	9	8
38	10	4
38	11	5
38	12	2
38	13	2
38	14	6
38	15	3
38	16	4
38	18	3
38	19	2
38	20	2
38	21	1
38	22	5
38	23	3
38	24	3
38	25	5
38	26	2
38	27	7
38	28	2
38	29	7
38	30	2
38	31	3
38	34	3
38	35	16
38	36	5
38	37	20
39	5	2
39	6	3
39	7	1
39	8	2
39	9	3
39	10	4
39	11	3
39	12	5
39	14	3
39	15	2
39	16	1
39	17	2
39	19	5
39	20	4
39	21	1
39	22	3
39	23	7
39	24	3
39	25	5
39	26	1
39	27	2
39	28	2
39	29	2
39	30	5
39	31	1
39	32	1
39	33	1
39	35	9
39	36	7
39	37	7
39	38	9
40	0	1
40	3	1
40	4	1
40	5	2
40	6	2
40	9	2
40	10	4
40	11	5
40	12	2
40	13	2
40	14	2
40	15	2
40	16	3
40	17	1
40	18	1
40	19	2
40	20	2
40	21	2
40	22	1
40	23	2
40	24	3
40	25	2
40	26	3
40	27	7
40	28	9
40	29	4
40	30	3
40	31	7
40	32	2
40	33	3
40	34	3
40	35	7
40	36	4
40	37	4
40	38	8
40	39	8
41	3	1
41	4	3
41	5	5
41	6	1
41	7	1
41	8	3
41	9	6
41	10	2
41	11	3
41	12	2
41	14	1
41	15	3
41	16	1
41	17	1
41	19	4
41	20	1
41	22	1
41	23	3
41	24	7
41	25	3
41	27	6
41	28	9
41	29	3
41	30	6
41	31	5
41	32	1
41	33	1
41	34	3
41	35	1
41	36	6
41	37	3
41	38	4
41	39	8
41	40	9
42	0	4
42	1	4
42	4	1
42	5	3
42	6	3
42	7	2
42	8	2
42	9	7
42	10	4
42	11	1
42	12	6
42	13	2
42	14	2
42	15	2
42	16	1
42	17	2
42	18	3
42	20	1
42	22	2
42	24	2
42	25	2
42	27	4
42	28	4
42	29	2
42	30	10
42	31	7
42	32	5
42	33	5
42	34	4
42	37	2
42	38	4
42	39	3
42	40	2
42	41	6
43	2	2
43	6	2
43	7	4
43	10	2
43	12	2
43	13	2
43	14	2
43	16	2
43	18	2
43	19	3
43	20	2
43	24	4
43	25	2
43	27	4
43	28	3
43	30	7
43	31	3
43	32	4
43	33	12
43	34	5
43	35	2
43	37	2
43	38	1
43	39	1
43	40	1
43	41	1
43	42	2
44	0	1
44	2	3
44	5	5
44	6	1
44	7	1
44	8	2
44	9	1
44	10	3
44	11	3
44	12	3
44	13	2
44	14	2
44	15	1
44	16	1
44	17	1
44	20	2
44	22	2
44	23	1
44	24	2
44	27	1
44	28	1
44	29	2
44	30	2
44	31	3
44	32	2
44	33	2
44	34	2
44	35	1
44	36	1
44	38	3
44	41	4
44	42	1
44	43	6
45	1	1
45	2	1
45	3	1
45	7	2
45	8	3
45	9	3
45	10	3
45	12	2
45	13	5
45	16	1
45	17	2
45	22	1
45	25	1
45	27	1
45	30	4
45	31	4
45	32	3
45	33	2
45	34	6
45	35	3
45	40	1
45	41	1
45	42	2
45	43	4
45	44	10
46	0	2
46	1	1
46	4	1
46	5	2
46	6	1
46	8	1
46	10	2
46	11	2
46	12	3
46	13	3
46	15	1
46	18	1
46	20	4
46	22	1
46	23	1
46	25	2
46	28	1
46	30	5
46	31	2
46	32	6
46	33	3
46	34	3
46	35	1
46	36	3
46	38	1
46	39	1
46	40	3
46	41	3
46	42	3
46	43	5
46	44	2
46	45	6
47	2	2
47	3	1
47	4	3
47	6	3
47	7	2
47	8	4
47	9	4
47	10	2
47	11	2
47	12	5
47	13	6
47	14	1
47	15	2
47	16	5
47	17	1
47	18	3
47	19	3
47	20	3
47	21	3
47	22	1
47	23	2
47	24	3
47	25	3
47	27	3
47	28	4
47	29	1
47	30	4
47	31	1
47	32	1
47	33	1
47	34	5
47	35	3
47	37	1
47	38	1
47	39	5
47	40	1
47	41	3
47	42	6
47	43	4
47	44	4
47	46	1
48	1	1
48	2	1
48	3	1
48	4	1
48	5	2
48	6	2
48	7	5
48	8	4
48	9	3
48	10	5
48	11	4
48	12	4
48	13	4
48	14	1
48	15	2
48	16	2
48	17	1
48	18	1
48	19	1
48	20	2
48	21	3
48	22	1
48	23	1
48	24	4
48	25	4
48	27	6
48	28	2
48	30	6
48	31	2
48	33	1
48	34	2
48	35	1
48	36	5
48	39	3
48	40	2
48	41	5
48	42	2
48	43	3
48	44	7
48	45	1
48	46	1
48	47	11
49	2	2
49	3	3
49	4	1
49	5	4
49	6	3
49	7	7
49	8	23
49	9	7
49	10	8
49	11	8
49	12	18
49	13	4
49	15	7
49	16	4
49	17	2
49	18	2
49	19	2
49	20	4
49	22	4
49	23	1
49	24	4
49	25	4
49	26	1
49	27	4
49	28	5
49	29	2
49	30	4
49	31	1
49	32	2
49	33	3
49	34	2
49	35	3
49	36	2
49	38	6
49	39	1
49	40	5
49	41	3
49	42	4
49	43	3
49	44	5
49	45	5
49	46	2
49	47	9
49	48	12
50	2	1
50	3	1
50	4	1
50	5	3
50	6	5
50	7	5
50	8	6
50	9	3
50	10	3
50	11	2
50	12	1
50	13	8
50	14	2
50	15	8
50	16	3
50	17	1
50	18	1
50	19	4
50	21	2
50	22	3
50	23	2
50	24	4
50	27	1
50	28	1
50	29	3
50	31	2
50	33	1
50	34	2
50	35	2
50	36	2
50	37	5
50	39	2
50	40	4
50	42	3
50	43	2
50	44	2
50	46	1
50	47	3
50	48	4
50	49	12
51	1	2
51	3	1
51	5	1
51	6	4
51	7	11
51	8	6
51	9	4
51	10	5
51	11	1
51	12	2
51	13	7
51	14	3
51	15	3
51	16	2
51	17	2
51	18	2
51	19	2
51	20	1
51	21	5
51	22	1
51	24	2
51	27	3
51	28	4
51	29	2
51	30	2
51	31	1
51	33	3
51	34	3
51	35	4
51	36	2
51	37	6
51	38	1
51	39	3
51	40	1
51	42	6
51	43	2
51	44	2
51	45	2
51	46	1
51	47	1
51	48	6
51	49	7
51	50	7
52	2	2
52	3	3
52	4	2
52	5	1
52	6	5
52	7	6
52	8	9
52	9	1
52	10	5
52	11	5
52	12	3
52	13	1
52	14	1
52	15	4
52	16	3
52	17	1
52	18	1
52	19	2
52	20	3
52	21	2
52	22	1
52	23	2
52	24	2
52	25	3
52	26	2
52	27	1
52	28	3
52	30	1
52	32	1
52	34	3
52	35	2
52	36	7
52	37	2
52	38	5
52	39	1
52	40	1
52	41	4
52	42	1
52	43	1
52	44	1
52	45	2
52	47	2
52	48	7
52	49	7
52	50	5
52	51	17
53	1	1
53	2	1
53	3	3
53	4	7
53	5	5
53	6	3
53	7	2
53	8	8
53	9	9
53	10	3
53	11	1
53	12	7
53	13	3
53	14	3
53	15	2
53	16	5
53	18	2
53	19	1
53	20	2
53	21	1
53	22	1
53	23	1
53	24	3
53	27	7
53	28	5
53	29	4
53	30	7
53	31	4
53	32	1
53	33	4
53	34	2
53	35	5
53	36	4
53	37	5
53	38	3
53	39	1
53	40	3
53	41	7
53	42	4
53	43	5
53	44	1
53	45	3
53	46	3
53	47	5
53	48	10
53	49	6
53	50	7
53	51	2
53	52	9
54	0	2
54	3	3
54	4	4
54	5	2
54	6	1
54	7	1
54	8	8
54	9	5
54	10	3
54	11	2
54	13	3
54	14	4
54	15	5
54	16	4
54	17	1
54	18	3
54	19	2
54	21	1
54	22	3
54	23	2
54	24	4
54	25	5
54	26	1
54	27	8
54	28	7
54	29	3
54	30	7
54	31	5
54	32	2
54	33	4
54	34	2
54	35	2
54	36	2
54	37	3
54	38	4
54	39	1
54	40	2
54	42	10
54	43	3
54	44	2
54	45	3
54	46	1
54	47	6
54	48	6
54	49	3
54	50	1
54	51	2
54	52	3
54	53	10
55	0	3
55	3	3
55	4	6
55	5	6
55	6	9
55	7	5
55	8	10
55	9	1
55	10	3
55	11	3
55	12	5
55	13	1
55	14	2
55	15	3
55	16	5
55	17	4
55	18	1
55	19	2
55	20	2
55	21	1
55	22	3
55	24	5
55	25	3
55	27	3
55	28	5
55	29	1
55	30	2
55	31	3
55	32	2
55	33	2
55	34	6
55	35	3
55	36	5
55	37	1
55	38	2
55	39	2
55	40	2
55	41	8
55	42	5
55	43	5
55	44	1
55	45	1
55	46	2
55	47	1
55	48	8
55	49	8
55	50	5
55	51	4
55	52	2
55	53	7
55	54	18
56	0	1
56	1	1
56	3	2
56	4	2
56	5	2
56	6	3
56	7	8
56	8	4
56	9	4
56	10	2
56	11	3
56	12	3
56	13	1
56	14	3
56	15	1
56	16	3
56	17	2
56	18	1
56	21	2
56	22	1
56	23	1
56	24	6
56	25	2
56	26	1
56	27	1
56	28	1
56	29	1
56	30	5
56	32	2
56	33	1
56	36	2
56	37	1
56	38	5
56	39	2
56	40	1
56	41	1
56	43	2
56	44	5
56	45	5
56	46	2
56	47	3
56	48	6
56	49	8
56	50	5
56	51	10
56	52	2
56	53	10
56	54	1
56	55	9
57	2	1
57	3	2
57	4	4
57	5	8
57	6	7
57	7	3
57	8	8
57	9	4
57	10	1
57	11	2
57	12	3
57	13	4
57	14	2
57	15	3
57	16	7
57	18	3
57	19	4
57	20	1
57	21	1
57	22	1
57	23	3
57	24	2
57	25	1
57	26	3
57	27	2
57	28	5
57	29	4
57	34	3
57	35	2
57	36	1
57	37	5
57	38	3
57	40	1
57	41	1
57	42	3
57	43	1
57	45	2
57	47	1
57	48	4
57	49	7
57	50	4
57	51	2
57	52	7
57	53	4
57	54	4
57	55	7
57	56	6
58	3	4
58	4	2
58	5	4
58	6	4
58	7	3
58	8	3
58	9	1
58	12	1
58	13	1
58	15	1
58	16	3
58	17	1
58	18	3
58	19	4
58	20	1
58	21	1
58	22	1
58	23	2
58	24	2
58	26	3
58	27	2
58	28	1
58	29	1
58	30	2
58	31	4
58	33	4
58	34	3
58	35	2
58	36	1
58	37	1
58	39	3
58	41	2
58	42	2
58	43	2
58	44	2
58	45	1
58	46	2
58	47	2
58	48	2
58	49	5
58	50	7
58	51	1
58	52	3
58	53	2
58	54	2
58	55	11
58	56	10
58	57	10
59	4	1
59	5	6
59	6	1
59	7	2
59	8	3
59	10	3
59	13	2
59	15	3
59	16	2
59	17	1
59	18	3
59	19	1
59	24	2
59	25	2
59	26	1
59	27	2
59	28	1
59	29	1
59	30	1
59	33	1
59	34	2
59	35	1
59	36	1
59	39	3
59	43	1
59	44	2
59	45	2
59	46	1
59	47	2
59	49	2
59	51	1
59	52	3
59	53	2
59	54	3
59	55	4
59	57	1
59	58	1
60	0	1
60	1	2
60	2	7
60	4	1
60	5	1
60	7	2
60	8	5
60	9	4
60	10	2
60	11	4
60	13	1
60	15	1
60	16	4
60	17	2
60	20	2
60	25	4
60	27	1
60	28	2
60	30	2
60	31	1
60	32	4
60	33	1
60	34	1
60	36	2
60	38	3
60	39	2
60	40	2
60	41	3
60	42	2
60	43	3
60	44	4
60	46	2
60	47	1
60	48	3
60	49	1
60	51	1
60	52	1
60	53	5
60	54	4
60	55	2
60	56	3
60	57	2
60	58	3
60	59	1
