1	0	8
2	0	3
2	1	11
4	1	1
4	3	8
5	1	1
5	3	2
5	4	7
6	3	1
6	4	6
6	5	6
7	1	1
7	3	4
7	4	2
7	5	5
7	6	12
8	2	1
8	3	4
8	4	2
8	5	5
8	6	13
8	7	12
9	2	1
9	3	2
9	4	3
9	5	3
9	6	1
9	7	6
9	8	9
10	1	1
10	2	1
10	3	2
10	4	1
10	5	4
10	6	4
10	7	8
10	8	5
10	9	10
11	1	2
11	2	1
11	3	1
11	4	1
11	5	4
11	6	5
11	7	4
11	8	6
11	9	7
11	10	14
12	1	1
12	3	6
12	4	2
12	5	2
12	6	3
12	7	1
12	8	6
12	9	7
12	10	11
12	11	9
13	3	1
13	4	4
13	5	1
13	6	5
13	7	6
13	8	2
13	9	6
13	10	14
13	11	6
13	12	5
14	0	2
14	1	1
14	3	2
14	4	1
14	5	1
14	7	6
14	8	7
14	9	1
14	10	2
14	11	2
14	12	2
14	13	6
15	1	2
15	3	3
15	4	3
15	5	4
15	6	3
15	7	4
15	8	4
15	9	3
15	10	3
15	11	1
15	12	4
15	13	5
15	14	16
16	1	1
16	3	1
16	4	3
16	5	1
16	6	4
16	7	9
16	8	3
16	9	6
16	10	5
16	11	4
16	12	4
16	13	7
16	14	5
16	15	12
17	3	2
17	4	5
17	5	2
17	8	1
17	9	1
17	10	4
17	11	3
17	12	5
17	13	1
17	14	3
17	15	3
17	16	6
18	2	1
18	3	11
18	4	6
18	5	1
18	6	2
18	7	1
18	8	1
18	9	2
18	10	3
18	11	3
18	12	2
18	13	3
18	14	1
18	15	1
18	16	2
18	17	7
19	1	1
19	3	4
19	4	5
19	5	4
19	6	1
19	7	3
19	8	4
19	9	3
19	12	5
19	13	2
19	14	4
19	15	6
19	16	4
19	17	4
19	18	13
20	3	1
20	4	2
20	5	1
20	7	1
20	8	4
20	10	3
20	11	3
20	12	5
20	13	4
20	14	4
20	15	4
20	16	2
20	17	4
20	18	6
20	19	5
21	2	1
21	3	7
21	4	3
21	5	3
21	6	4
21	7	5
21	8	3
21	9	3
21	10	6
21	11	2
21	12	1
21	13	4
21	14	6
21	15	4
21	16	12
21	17	6
21	18	3
21	19	6
21	20	7
22	3	5
22	4	2
22	5	5
22	6	6
22	7	1
22	8	1
22	9	1
22	10	3
22	11	3
22	12	3
22	13	3
22	14	2
22	15	2
22	16	2
22	17	9
22	18	2
22	19	1
22	20	3
22	21	2
23	1	1
23	3	1
23	4	3
23	5	1
23	6	2
23	7	1
23	8	1
23	9	1
23	10	1
23	11	1
23	12	3
23	13	3
23	14	1
23	15	4
23	16	3
23	17	5
23	18	2
23	19	4
23	20	3
23	21	2
23	22	5
24	0	1
24	3	2
24	4	3
24	5	5
24	6	5
24	7	6
24	8	7
24	9	9
24	10	5
24	11	3
24	12	2
24	13	3
24	14	5
24	15	7
24	16	6
24	17	2
24	18	3
24	19	5
24	20	1
24	21	6
24	22	2
24	23	8
25	3	3
25	4	3
25	5	2
25	6	2
25	7	1
25	8	3
25	9	3
25	10	4
25	11	5
25	12	3
25	13	3
25	14	3
25	15	2
25	16	4
25	17	4
25	18	3
25	19	2
25	20	1
25	22	2
25	23	10
25	24	5
26	1	1
26	3	1
26	5	3
26	8	3
26	9	4
26	10	2
26	11	2
26	12	3
26	13	3
26	14	2
26	15	1
26	17	2
26	19	2
26	20	2
26	21	2
26	22	5
26	23	1
26	24	2
26	25	8
27	3	1
27	4	8
27	5	5
27	6	5
27	7	6
27	8	4
27	9	4
27	10	9
27	11	2
27	12	7
27	13	3
27	14	3
27	15	1
27	16	3
27	17	3
27	18	4
27	19	4
27	21	1
27	22	2
27	24	10
27	25	5
27	26	2
28	2	1
28	3	2
28	4	5
28	5	5
28	6	2
28	7	4
28	8	4
28	9	4
28	10	1
28	11	2
28	12	4
28	13	3
28	14	2
28	15	2
28	16	1
28	17	1
28	18	4
28	19	4
28	20	1
28	22	1
28	23	6
28	24	5
28	25	2
28	26	1
28	27	16
29	0	1
29	3	2
29	4	2
29	5	1
29	6	1
29	9	4
29	10	3
29	12	2
29	13	2
29	14	3
29	17	1
29	21	1
29	22	3
29	23	2
29	25	4
29	26	3
29	27	2
29	28	14
30	1	1
30	2	1
30	3	3
30	4	2
30	5	2
30	6	1
30	7	2
30	8	9
30	10	2
30	11	3
30	12	3
30	13	2
30	14	2
30	15	2
30	16	1
30	17	1
30	18	1
30	19	3
30	21	3
30	23	1
30	24	1
30	27	1
30	28	5
30	29	6
31	2	1
31	3	1
31	4	4
31	5	1
31	6	3
31	7	2
31	8	3
31	9	1
31	10	4
31	12	3
31	13	2
31	15	1
31	16	2
31	18	1
31	19	2
31	20	2
31	22	3
31	24	2
31	28	5
31	29	5
31	30	6
32	4	1
32	5	1
32	6	1
32	8	1
32	9	3
32	10	1
32	12	5
32	15	2
32	16	1
32	19	1
32	22	2
32	23	2
32	25	2
32	26	2
32	29	2
32	30	3
32	31	4
33	1	1
33	2	4
33	4	1
33	5	2
33	7	6
33	8	1
33	9	2
33	10	2
33	11	5
33	12	2
33	15	2
33	16	1
33	17	1
33	22	1
33	24	3
33	25	1
33	27	1
33	28	8
33	29	2
33	30	2
33	31	6
33	32	6
34	0	2
34	1	1
34	2	1
34	4	5
34	5	2
34	7	1
34	8	3
34	9	2
34	10	2
34	12	2
34	13	2
34	15	1
34	16	1
34	17	1
34	22	3
34	24	2
34	25	2
34	27	3
34	28	4
34	29	1
34	30	9
34	31	11
34	32	3
34	33	19
35	1	2
35	2	1
35	3	1
35	4	4
35	5	3
35	6	4
35	7	1
35	8	1
35	9	7
35	10	3
35	11	6
35	12	4
35	13	5
35	14	3
35	15	2
35	16	4
35	17	5
35	18	2
35	19	2
35	20	1
35	21	2
35	22	1
35	23	3
35	24	4
35	25	6
35	26	2
35	27	7
35	28	9
35	29	1
35	30	4
35	31	1
35	32	1
35	33	1
35	34	3
36	3	3
36	4	3
36	5	1
36	6	2
36	7	2
36	8	1
36	9	3
36	10	2
36	11	5
36	12	1
36	13	4
36	14	1
36	15	1
36	16	4
36	17	2
36	18	2
36	19	1
36	20	1
36	21	3
36	22	1
36	23	1
36	24	4
36	25	7
36	26	3
36	27	6
36	28	3
36	29	2
36	30	2
36	31	1
36	32	1
36	33	1
36	35	13
37	2	1
37	3	4
37	4	6
37	6	2
37	7	3
37	8	2
37	9	1
37	10	2
37	11	4
37	12	8
37	13	2
37	14	1
37	17	3
37	19	1
37	20	4
37	22	1
37	24	5
37	25	7
37	26	1
37	27	10
37	28	5
37	29	7
37	31	2
37	33	2
37	34	1
37	35	14
37	36	3
38	1	3
38	2	1
38	4	2
38	5	2
38	6	3
38	7	4
38	8	3
38	9	6
38	10	6
38	11	7
38	12	7
38	13	8
38	14	1
38	15	4
38	16	5
38	17	1
38	18	2
38	19	2
38	20	2
38	21	2
38	22	1
38	23	2
38	24	3
38	25	8
38	26	5
38	27	11
38	28	14
38	29	3
38	30	4
38	32	1
38	33	1
38	34	2
38	35	13
38	36	5
38	37	24
39	0	1
39	3	3
39	4	1
39	5	2
39	6	2
39	8	3
39	9	1
39	10	5
39	11	2
39	12	2
39	13	2
39	14	1
39	15	1
39	16	3
39	17	3
39	18	1
39	19	1
39	20	3
39	21	2
39	22	3
39	23	1
39	24	5
39	25	1
39	26	5
39	27	6
39	28	2
39	29	5
39	30	1
39	31	2
39	32	1
39	33	2
39	34	2
39	35	9
39	36	6
39	37	4
39	38	16
40	0	1
40	1	1
40	3	2
40	4	3
40	5	2
40	7	1
40	8	4
40	9	7
40	10	5
40	11	3
40	12	2
40	13	2
40	14	3
40	15	2
40	16	5
40	17	5
40	19	1
40	20	1
40	21	5
40	22	1
40	23	3
40	24	2
40	25	2
40	26	2
40	27	3
40	28	4
40	29	7
40	30	2
40	31	4
40	32	3
40	33	2
40	34	4
40	35	3
40	36	3
40	37	2
40	38	12
40	39	2
41	2	1
41	3	2
41	4	1
41	5	1
41	6	4
41	7	1
41	8	9
41	9	1
41	10	3
41	11	3
41	12	2
41	13	2
41	14	2
41	15	4
41	16	1
41	17	1
41	18	2
41	19	1
41	20	2
41	21	1
41	22	1
41	23	3
41	24	2
41	25	6
41	26	2
41	27	6
41	28	3
41	29	6
41	30	3
41	31	1
41	32	5
41	33	3
41	34	3
41	35	3
41	36	1
41	37	6
41	38	4
41	39	5
41	40	8
42	1	1
42	4	3
42	5	1
42	6	3
42	7	3
42	8	4
42	9	3
42	10	2
42	11	3
42	12	1
42	13	4
42	15	1
42	16	2
42	18	2
42	20	2
42	22	2
42	25	1
42	27	3
42	28	2
42	29	2
42	30	11
42	31	2
42	32	2
42	33	3
42	34	2
42	35	1
42	37	1
42	38	2
42	39	2
42	40	5
42	41	5
43	2	2
43	5	1
43	6	1
43	7	2
43	8	2
43	9	3
43	10	3
43	11	2
43	12	2
43	13	1
43	14	2
43	15	2
43	16	1
43	17	1
43	18	5
43	20	1
43	24	2
43	25	2
43	27	2
43	28	3
43	30	3
43	31	6
43	32	4
43	33	10
43	34	8
43	35	1
43	38	1
43	39	1
43	40	4
43	41	3
43	42	7
44	1	3
44	2	1
44	4	3
44	6	2
44	8	3
44	9	4
44	10	1
44	11	6
44	12	2
44	13	1
44	14	2
44	15	1
44	17	2
44	20	2
44	23	3
44	24	2
44	27	4
44	28	3
44	29	1
44	30	2
44	31	4
44	32	2
44	33	3
44	38	2
44	40	2
44	41	3
44	42	3
44	43	9
45	1	1
45	2	2
45	4	1
45	7	3
45	8	2
45	9	1
45	12	3
45	13	2
45	14	3
45	16	1
45	27	2
45	28	2
45	30	3
45	31	2
45	32	4
45	33	4
45	34	4
45	35	2
45	38	1
45	39	2
45	40	2
45	41	3
45	42	3
45	43	4
45	44	15
46	0	1
46	1	2
46	2	3
46	4	4
46	6	2
46	8	2
46	10	3
46	11	1
46	13	2
46	15	2
46	20	2
46	22	4
46	23	2
46	25	2
46	27	3
46	29	1
46	30	4
46	31	4
46	32	4
46	33	3
46	34	1
46	35	2
46	36	1
46	39	1
46	41	3
46	42	4
46	43	9
46	44	3
46	45	11
47	2	1
47	3	1
47	4	2
47	5	2
47	7	2
47	8	5
47	9	5
47	10	4
47	11	5
47	12	2
47	13	1
47	14	5
47	15	3
47	17	2
47	18	2
47	19	2
47	21	1
47	22	1
47	23	1
47	24	2
47	25	1
47	27	5
47	28	5
47	29	2
47	30	5
47	31	1
47	32	3
47	33	2
47	34	2
47	35	1
47	37	3
47	38	5
47	41	2
47	42	1
47	43	6
47	44	4
47	46	2
48	0	1
48	1	1
48	2	1
48	5	2
48	6	1
48	7	5
48	8	9
48	9	3
48	10	5
48	11	7
48	12	7
48	13	3
48	14	2
48	15	7
48	16	3
48	19	2
48	20	2
48	22	1
48	24	2
48	25	3
48	27	2
48	28	2
48	29	2
48	30	3
48	31	4
48	32	2
48	33	1
48	34	1
48	35	2
48	36	1
48	37	4
48	38	2
48	40	3
48	41	8
48	42	1
48	43	5
48	44	1
48	45	2
48	46	2
48	47	8
49	2	1
49	3	4
49	4	6
49	5	5
49	6	7
49	7	11
49	8	18
49	9	5
49	10	7
49	11	7
49	12	9
49	13	3
49	14	2
49	15	8
49	16	7
49	17	1
49	18	5
49	19	2
49	20	2
49	21	1
49	22	4
49	23	2
49	24	5
49	25	3
49	26	4
49	27	5
49	28	2
49	29	2
49	30	1
49	31	6
49	32	3
49	33	3
49	34	8
49	35	1
49	36	5
49	37	2
49	38	2
49	40	4
49	41	3
49	42	3
49	43	1
49	44	1
49	45	2
49	47	6
49	48	13
50	2	1
50	4	3
50	5	2
50	6	4
50	7	8
50	8	6
50	9	3
50	10	3
50	11	1
50	12	5
50	13	4
50	15	5
50	16	2
50	17	2
50	18	2
50	19	5
50	20	3
50	21	4
50	22	1
50	24	4
50	25	3
50	27	3
50	28	3
50	29	2
50	30	1
50	31	1
50	33	3
50	34	2
50	36	1
50	37	1
50	38	1
50	39	3
50	40	3
50	41	1
50	42	6
50	43	2
50	44	1
50	45	1
50	46	1
50	47	3
50	48	5
50	49	8
51	1	1
51	3	2
51	4	6
51	5	3
51	6	2
51	7	6
51	8	6
51	9	2
51	10	3
51	11	3
51	12	4
51	13	5
51	14	4
51	15	6
51	16	3
51	17	1
51	18	4
51	19	2
51	20	1
51	21	1
51	22	5
51	23	1
51	24	2
51	25	1
51	27	3
51	30	2
51	31	2
51	32	1
51	34	3
51	35	1
51	36	2
51	37	1
51	38	2
51	39	5
51	40	1
51	41	5
51	43	2
51	46	2
51	47	5
51	48	6
51	49	4
51	50	10
52	2	2
52	3	4
52	4	2
52	6	1
52	7	4
52	8	5
52	9	3
52	10	3
52	11	3
52	12	3
52	13	6
52	14	1
52	15	2
52	16	4
52	17	2
52	18	3
52	19	2
52	20	7
52	21	3
52	22	1
52	23	1
52	24	1
52	25	1
52	26	2
52	27	1
52	28	2
52	30	3
52	31	1
52	32	1
52	33	3
52	34	2
52	35	1
52	36	2
52	37	3
52	38	3
52	39	2
52	41	5
52	42	3
52	43	2
52	44	3
52	46	3
52	47	4
52	48	8
52	49	5
52	50	4
52	51	18
53	1	1
53	2	1
53	3	2
53	4	3
53	5	3
53	6	4
53	7	6
53	8	7
53	9	3
53	10	6
53	11	5
53	12	3
53	13	3
53	14	2
53	15	3
53	16	3
53	17	3
53	18	2
53	19	1
53	20	3
53	21	1
53	22	2
53	23	4
53	24	2
53	25	2
53	26	2
53	27	6
53	28	2
53	29	1
53	30	10
53	31	5
53	32	4
53	34	4
53	35	3
53	36	2
53	37	2
53	38	3
53	39	5
53	40	3
53	41	2
53	42	6
53	43	3
53	44	1
53	45	5
53	46	4
53	48	4
53	49	17
53	50	3
53	51	2
53	52	1
54	0	1
54	3	3
54	4	3
54	5	1
54	6	5
54	7	4
54	8	2
54	9	4
54	10	2
54	11	2
54	12	2
54	13	1
54	14	3
54	15	4
54	16	1
54	17	1
54	18	1
54	19	1
54	20	6
54	21	3
54	22	2
54	23	3
54	24	4
54	25	1
54	26	2
54	29	3
54	30	3
54	31	4
54	32	2
54	33	4
54	34	4
54	36	1
54	37	2
54	38	5
54	39	1
54	40	5
54	41	6
54	42	4
54	43	4
54	44	2
54	45	2
54	46	1
54	47	3
54	48	4
54	49	4
54	50	1
54	51	3
54	52	3
54	53	10
55	0	3
55	1	1
55	3	3
55	4	6
55	5	1
55	6	1
55	7	4
55	8	5
55	9	4
55	10	2
55	11	4
55	12	3
55	13	3
55	14	2
55	15	4
55	18	1
55	19	2
55	20	1
55	21	1
55	22	3
55	23	3
55	24	7
55	25	6
55	26	4
55	27	2
55	28	7
55	30	3
55	31	2
55	32	1
55	33	3
55	34	4
55	35	2
55	36	2
55	37	2
55	38	5
55	39	7
55	40	2
55	41	9
55	42	9
55	43	5
55	44	2
55	45	2
55	46	4
55	47	3
55	48	4
55	49	5
55	50	3
55	51	4
55	52	1
55	53	4
55	54	10
56	3	3
56	4	1
56	5	3
56	6	6
56	7	5
56	8	6
56	9	1
56	10	3
56	11	3
56	12	4
56	13	3
56	14	2
56	15	4
56	16	1
56	17	1
56	18	6
56	19	3
56	20	2
56	21	1
56	22	2
56	23	1
56	24	5
56	25	2
56	27	1
56	28	3
56	29	2
56	31	4
56	32	2
56	34	4
56	35	2
56	36	2
56	37	1
56	38	3
56	39	4
56	40	5
56	42	2
56	43	5
56	45	1
56	46	4
56	47	4
56	48	4
56	49	3
56	50	3
56	51	7
56	52	3
56	53	8
56	54	4
56	55	7
57	2	1
57	3	5
57	4	2
57	5	7
57	6	6
57	7	3
57	8	4
57	9	3
57	10	3
57	11	3
57	12	1
57	13	5
57	14	1
57	15	2
57	16	2
57	18	2
57	20	3
57	21	4
57	24	4
57	25	3
57	26	2
57	27	2
57	28	4
57	29	2
57	30	2
57	31	4
57	32	3
57	33	4
57	34	4
57	35	4
57	36	1
57	37	2
57	38	5
57	39	4
57	40	1
57	41	4
57	42	2
57	43	6
57	44	2
57	46	3
57	47	1
57	48	2
57	49	2
57	50	6
57	51	3
57	52	3
57	53	8
57	54	2
57	55	10
57	56	3
58	1	1
58	3	1
58	4	3
58	5	7
58	6	4
58	7	3
58	8	7
58	9	2
58	10	5
58	13	1
58	14	2
58	15	5
58	16	4
58	17	1
58	19	4
58	20	1
58	21	3
58	22	2
58	23	1
58	24	4
58	26	1
58	27	5
58	28	4
58	29	3
58	31	1
58	32	1
58	33	1
58	34	1
58	35	1
58	36	4
58	38	1
58	40	3
58	41	2
58	42	1
58	43	2
58	44	1
58	45	2
58	47	3
58	48	1
58	49	7
58	50	2
58	51	2
58	52	2
58	53	4
58	54	6
58	55	3
58	56	6
58	57	11
59	3	2
59	4	2
59	5	3
59	6	1
59	8	3
59	12	2
59	13	2
59	14	3
59	16	2
59	17	1
59	18	1
59	22	1
59	24	6
59	27	3
59	28	3
59	29	2
59	30	1
59	31	2
59	34	2
59	39	1
59	40	2
59	41	1
59	43	1
59	44	2
59	45	1
59	46	3
59	47	1
59	49	2
59	50	1
59	51	2
59	52	1
59	54	2
59	55	2
59	56	1
59	57	5
59	58	1
60	0	3
60	1	1
60	2	6
60	4	4
60	5	1
60	7	1
60	8	3
60	9	5
60	10	3
60	12	2
60	13	3
60	15	2
60	16	3
60	17	1
60	20	1
60	21	2
60	22	1
60	25	1
60	27	2
60	28	2
60	30	4
60	31	1
60	32	3
60	33	4
60	34	4
60	36	1
60	39	1
60	40	1
60	41	5
60	42	3
60	43	3
60	45	6
60	46	5
60	47	2
60	48	2
60	49	1
60	51	1
60	53	1
60	56	1
60	57	2
60	58	2
60	59	1
