1	0	6
2	0	3
2	1	19
3	0	1
4	1	1
4	3	15
5	0	1
5	2	1
5	3	1
5	4	17
6	3	5
6	4	2
6	5	2
7	1	1
7	3	2
7	4	5
7	5	4
7	6	8
8	2	1
8	3	2
8	4	5
8	5	3
8	6	10
8	7	13
9	0	1
9	2	1
9	4	2
9	5	7
9	6	2
9	7	2
9	8	6
10	0	1
10	2	1
10	4	4
10	5	6
10	6	5
10	7	5
10	8	5
10	9	19
11	0	2
11	2	1
11	4	3
11	5	2
11	6	2
11	7	1
11	8	7
11	9	10
11	10	14
12	1	1
12	3	2
12	4	1
12	5	6
12	6	3
12	7	5
12	8	6
12	9	7
12	10	15
12	11	13
13	1	1
13	4	4
13	5	5
13	6	3
13	7	4
13	8	8
13	9	4
13	10	10
13	11	1
13	12	13
14	4	3
14	6	2
14	7	5
14	8	4
14	9	2
14	10	2
14	11	2
14	13	5
15	3	1
15	4	1
15	5	1
15	6	3
15	7	2
15	8	1
15	9	5
15	11	2
15	12	4
15	13	5
15	14	11
16	0	1
16	1	1
16	4	4
16	5	2
16	6	4
16	7	2
16	8	6
16	9	4
16	10	2
16	11	3
16	12	2
16	13	9
16	14	10
16	15	6
17	1	1
17	3	2
17	4	5
17	5	5
17	6	5
17	7	2
17	8	3
17	9	2
17	10	4
17	11	2
17	12	3
17	13	3
17	14	3
17	15	4
17	16	1
18	2	1
18	3	8
18	4	1
18	5	3
18	6	4
18	7	2
18	8	2
18	9	2
18	10	3
18	11	1
18	12	1
18	13	1
18	14	2
18	15	2
18	16	4
18	17	9
19	1	1
19	2	1
19	3	8
19	4	3
19	5	1
19	6	1
19	7	3
19	8	1
19	10	1
19	11	1
19	12	2
19	13	1
19	14	2
19	15	5
19	16	3
19	17	3
19	18	10
20	3	4
20	4	2
20	5	1
20	6	1
20	7	5
20	8	2
20	9	2
20	10	4
20	11	7
20	13	1
20	14	5
20	15	7
20	16	1
20	17	6
20	18	3
20	19	5
21	1	1
21	3	3
21	4	1
21	5	3
21	6	4
21	7	3
21	8	3
21	9	4
21	10	4
21	11	3
21	13	4
21	14	7
21	15	8
21	16	3
21	17	4
21	18	4
21	19	4
21	20	9
22	2	1
22	3	2
22	4	3
22	5	2
22	6	3
22	7	1
22	8	3
22	9	4
22	10	3
22	11	5
22	12	1
22	14	2
22	15	2
22	16	1
22	17	6
22	18	2
22	19	1
22	20	5
22	21	5
23	3	3
23	5	5
23	6	3
23	7	3
23	8	5
23	9	3
23	10	3
23	11	3
23	12	2
23	13	4
23	16	1
23	17	7
23	18	4
23	19	5
23	20	2
23	21	5
23	22	5
24	3	6
24	4	5
24	5	5
24	6	4
24	7	4
24	8	9
24	9	4
24	10	4
24	11	6
24	12	2
24	13	2
24	14	1
24	15	7
24	16	4
24	17	3
24	18	2
24	19	4
24	20	6
24	21	5
24	22	5
24	23	12
25	0	2
25	1	1
25	2	2
25	3	5
25	4	4
25	6	1
25	7	2
25	8	1
25	9	7
25	10	4
25	12	5
25	13	1
25	15	2
25	16	4
25	17	2
25	18	1
25	19	1
25	20	3
25	21	2
25	22	5
25	23	2
25	24	2
26	3	2
26	4	1
26	5	3
26	8	1
26	11	1
26	12	2
26	13	4
26	14	1
26	17	4
26	18	4
26	19	4
26	20	3
26	21	1
26	22	4
26	23	1
26	24	3
26	25	3
27	2	1
27	3	2
27	4	7
27	5	8
27	6	6
27	7	4
27	8	8
27	9	5
27	10	3
27	11	5
27	12	5
27	13	2
27	14	1
27	15	1
27	16	2
27	17	3
27	18	6
27	19	4
27	20	1
27	22	3
27	23	7
27	24	3
27	25	6
27	26	1
28	2	2
28	3	4
28	4	6
28	5	3
28	6	2
28	7	2
28	8	4
28	9	5
28	10	4
28	11	1
28	12	4
28	13	2
28	14	2
28	15	1
28	16	3
28	17	4
28	18	6
28	20	4
28	21	4
28	22	5
28	23	7
28	24	3
28	25	4
28	26	5
28	27	14
29	3	5
29	4	2
29	5	3
29	6	2
29	7	1
29	8	1
29	9	2
29	10	2
29	11	1
29	12	2
29	13	4
29	15	1
29	17	1
29	22	2
29	23	2
29	24	1
29	25	2
29	26	1
29	27	6
29	28	17
30	1	1
30	2	1
30	3	2
30	4	2
30	6	1
30	7	1
30	8	2
30	10	5
30	11	1
30	12	2
30	13	2
30	14	2
30	16	1
30	17	2
30	18	5
30	19	1
30	21	1
30	23	1
30	24	3
30	27	3
30	28	5
30	29	6
31	2	1
31	5	1
31	6	3
31	7	2
31	8	5
31	9	1
31	10	6
31	11	2
31	13	2
31	15	2
31	16	2
31	18	1
31	19	1
31	20	2
31	21	1
31	22	2
31	23	2
31	28	5
31	29	1
31	30	8
32	4	1
32	6	1
32	8	2
32	10	2
32	11	3
32	12	2
32	15	1
32	18	2
32	21	2
32	24	1
32	25	4
32	27	1
32	28	1
32	29	1
32	30	7
32	31	5
33	0	1
33	1	2
33	2	4
33	4	2
33	5	2
33	6	1
33	7	1
33	8	2
33	9	4
33	10	2
33	11	3
33	12	3
33	13	6
33	15	2
33	16	3
33	24	2
33	25	1
33	26	2
33	27	5
33	28	2
33	29	2
33	30	9
33	31	4
33	32	4
34	1	2
34	2	2
34	4	2
34	5	5
34	6	1
34	7	1
34	8	2
34	9	3
34	10	1
34	12	3
34	13	1
34	15	2
34	16	1
34	17	1
34	21	1
34	22	1
34	24	3
34	25	2
34	26	1
34	27	4
34	28	5
34	29	1
34	30	7
34	31	8
34	32	3
34	33	16
35	2	1
35	3	3
35	4	3
35	5	4
35	7	2
35	8	1
35	9	4
35	10	7
35	11	5
35	12	6
35	13	5
35	15	2
35	16	2
35	17	5
35	18	1
35	19	1
35	20	2
35	21	2
35	22	3
35	23	7
35	24	5
35	25	5
35	26	6
35	27	3
35	28	5
35	29	4
35	30	3
35	31	1
35	32	2
35	33	1
35	34	2
36	3	3
36	4	2
36	5	1
36	6	3
36	7	3
36	8	3
36	9	7
36	10	9
36	11	11
36	12	2
36	13	6
36	14	4
36	15	1
36	16	2
36	17	4
36	18	2
36	19	3
36	20	1
36	21	1
36	22	5
36	23	1
36	24	4
36	25	3
36	26	2
36	27	3
36	28	7
36	29	3
36	32	1
36	35	7
37	3	1
37	4	1
37	5	2
37	6	4
37	7	3
37	8	6
37	9	5
37	10	2
37	11	5
37	12	9
37	13	2
37	14	1
37	15	1
37	16	1
37	17	5
37	18	2
37	19	2
37	20	3
37	22	2
37	23	4
37	24	7
37	25	12
37	26	1
37	27	5
37	28	6
37	29	1
37	30	1
37	31	4
37	33	2
37	34	1
37	35	11
37	36	4
38	1	2
38	4	2
38	5	3
38	6	2
38	7	8
38	8	5
38	9	5
38	10	7
38	11	8
38	12	4
38	13	6
38	14	4
38	16	1
38	17	2
38	18	2
38	20	1
38	21	1
38	22	2
38	23	5
38	24	4
38	25	6
38	26	6
38	27	7
38	28	7
38	29	5
38	30	4
38	31	2
38	32	2
38	33	2
38	34	3
38	35	10
38	36	4
38	37	18
39	0	1
39	3	2
39	4	5
39	5	2
39	6	2
39	7	3
39	8	7
39	9	3
39	10	2
39	11	9
39	12	6
39	13	1
39	14	5
39	16	4
39	17	1
39	18	2
39	20	1
39	21	1
39	22	2
39	23	3
39	24	1
39	25	1
39	26	2
39	27	6
39	28	1
39	29	2
39	30	3
39	31	1
39	32	3
39	33	5
39	35	3
39	36	1
39	37	10
39	38	10
40	0	1
40	1	1
40	3	1
40	4	5
40	5	4
40	6	1
40	7	1
40	8	2
40	9	3
40	10	1
40	11	2
40	12	3
40	13	4
40	14	3
40	15	1
40	17	1
40	18	2
40	19	5
40	21	2
40	24	3
40	25	2
40	26	2
40	27	10
40	28	6
40	29	2
40	30	2
40	31	3
40	32	4
40	33	2
40	34	1
40	35	3
40	36	5
40	37	6
40	38	12
40	39	2
41	2	3
41	3	1
41	4	2
41	5	1
41	6	4
41	7	3
41	8	3
41	9	2
41	10	1
41	11	3
41	12	1
41	14	2
41	15	3
41	17	1
41	18	1
41	19	1
41	20	1
41	21	3
41	22	2
41	23	1
41	24	4
41	25	2
41	26	2
41	27	5
41	28	6
41	29	5
41	30	7
41	31	3
41	32	5
41	33	2
41	34	2
41	35	3
41	37	4
41	38	3
41	39	2
41	40	11
42	1	3
42	7	2
42	8	6
42	9	3
42	10	1
42	11	2
42	12	4
42	13	3
42	14	3
42	15	3
42	16	1
42	17	2
42	20	1
42	21	1
42	22	1
42	24	3
42	25	2
42	27	3
42	28	2
42	29	1
42	30	9
42	31	5
42	32	3
42	33	3
42	34	4
42	37	2
42	38	1
42	39	1
42	40	2
42	41	3
43	2	1
43	4	3
43	5	5
43	6	2
43	7	3
43	8	2
43	9	1
43	10	2
43	12	1
43	13	2
43	14	3
43	15	3
43	16	1
43	18	3
43	27	1
43	28	5
43	29	1
43	30	6
43	31	8
43	32	2
43	33	2
43	34	8
43	35	1
43	37	1
43	38	1
43	39	1
43	40	2
43	41	7
43	42	11
44	0	1
44	2	1
44	4	3
44	6	1
44	7	4
44	8	1
44	9	4
44	14	5
44	15	2
44	17	2
44	20	4
44	22	2
44	23	1
44	28	3
44	29	1
44	30	2
44	31	3
44	32	3
44	33	4
44	34	1
44	35	2
44	36	1
44	38	1
44	41	2
44	42	6
44	43	13
45	1	1
45	3	1
45	4	5
45	7	1
45	9	3
45	10	2
45	12	3
45	13	1
45	14	4
45	16	2
45	17	2
45	18	2
45	22	3
45	25	2
45	28	1
45	30	3
45	31	3
45	32	6
45	33	3
45	34	5
45	38	2
45	39	1
45	40	3
45	41	3
45	42	6
45	43	3
45	44	7
46	0	2
46	1	3
46	2	2
46	5	2
46	6	3
46	8	1
46	10	4
46	11	1
46	15	3
46	18	4
46	19	1
46	20	2
46	23	1
46	25	1
46	28	5
46	30	5
46	31	4
46	32	2
46	33	2
46	34	1
46	35	2
46	38	4
46	39	3
46	40	6
46	41	3
46	42	1
46	43	4
46	44	5
46	45	10
47	2	1
47	3	1
47	4	2
47	5	4
47	6	2
47	7	2
47	8	6
47	9	3
47	10	2
47	12	5
47	13	1
47	14	4
47	15	1
47	16	4
47	17	2
47	18	4
47	19	1
47	20	2
47	23	1
47	24	1
47	25	2
47	27	2
47	28	3
47	30	2
47	31	2
47	32	2
47	33	2
47	34	3
47	35	2
47	36	1
47	37	3
47	38	5
47	39	2
47	40	1
47	41	2
47	42	4
47	43	3
47	44	1
47	45	1
47	46	3
48	0	1
48	3	1
48	4	1
48	5	3
48	6	3
48	7	3
48	8	5
48	9	3
48	10	2
48	11	6
48	12	3
48	13	5
48	14	3
48	15	3
48	16	3
48	17	1
48	18	3
48	19	1
48	20	1
48	22	1
48	23	3
48	24	4
48	26	2
48	27	3
48	28	3
48	29	1
48	31	2
48	32	2
48	33	2
48	34	4
48	35	1
48	37	2
48	38	2
48	39	2
48	40	3
48	41	5
48	42	3
48	43	3
48	44	1
48	46	2
48	47	3
49	5	3
49	6	6
49	7	7
49	8	15
49	9	10
49	10	9
49	11	7
49	12	14
49	13	7
49	14	5
49	15	3
49	16	3
49	17	4
49	19	3
49	20	1
49	22	1
49	23	4
49	24	5
49	25	3
49	26	2
49	27	8
49	28	2
49	29	4
49	30	1
49	31	3
49	32	1
49	33	3
49	34	4
49	35	5
49	36	6
49	37	5
49	38	4
49	39	2
49	40	2
49	41	6
49	42	7
49	43	3
49	44	2
49	45	4
49	47	5
49	48	10
50	2	1
50	4	4
50	5	1
50	6	2
50	7	2
50	8	16
50	9	4
50	10	3
50	11	3
50	12	3
50	13	3
50	14	4
50	15	3
50	16	3
50	17	3
50	18	2
50	19	1
50	20	3
50	21	1
50	22	2
50	23	1
50	24	2
50	27	3
50	28	1
50	29	2
50	30	1
50	31	1
50	33	2
50	34	3
50	35	1
50	36	1
50	37	2
50	38	3
50	39	2
50	41	2
50	43	4
50	44	1
50	46	3
50	47	2
50	48	5
50	49	4
51	1	1
51	3	1
51	4	3
51	5	3
51	6	6
51	7	4
51	8	5
51	9	4
51	10	5
51	11	3
51	12	1
51	13	5
51	14	1
51	15	5
51	16	10
51	17	3
51	18	1
51	19	2
51	20	2
51	21	2
51	22	1
51	23	1
51	24	2
51	25	3
51	27	3
51	28	2
51	29	2
51	30	1
51	31	2
51	32	5
51	35	2
51	36	2
51	37	1
51	38	3
51	39	1
51	41	2
51	42	1
51	43	2
51	44	1
51	45	1
51	46	1
51	47	8
51	48	6
51	49	9
51	50	9
52	2	1
52	3	2
52	4	5
52	5	2
52	6	7
52	7	5
52	8	3
52	9	1
52	10	3
52	11	1
52	12	4
52	13	2
52	14	1
52	15	5
52	16	5
52	17	2
52	18	2
52	19	3
52	21	1
52	22	1
52	23	2
52	24	1
52	26	1
52	27	4
52	28	3
52	30	1
52	31	2
52	32	2
52	33	3
52	34	3
52	35	1
52	36	3
52	37	2
52	38	1
52	39	2
52	40	2
52	41	3
52	42	2
52	43	2
52	44	4
52	45	4
52	46	4
52	47	9
52	48	9
52	49	6
52	50	4
52	51	12
53	1	3
53	2	1
53	3	2
53	4	3
53	5	4
53	6	3
53	7	2
53	8	17
53	9	2
53	10	3
53	11	3
53	12	2
53	13	7
53	15	4
53	16	2
53	17	3
53	19	5
53	20	4
53	21	2
53	22	1
53	23	4
53	24	5
53	25	3
53	26	2
53	27	6
53	28	6
53	29	2
53	30	6
53	31	4
53	32	1
53	33	4
53	34	1
53	35	4
53	36	2
53	37	2
53	38	3
53	39	1
53	40	1
53	41	7
53	42	5
53	43	3
53	44	3
53	45	4
53	46	1
53	47	3
53	48	6
53	49	10
53	50	3
53	51	4
53	52	9
54	0	1
54	4	6
54	5	5
54	6	5
54	7	4
54	8	5
54	9	5
54	10	2
54	11	4
54	12	3
54	14	1
54	15	3
54	16	3
54	17	1
54	18	1
54	19	3
54	20	2
54	22	2
54	23	4
54	24	2
54	25	4
54	26	5
54	27	2
54	28	8
54	29	1
54	30	3
54	31	4
54	32	3
54	33	2
54	34	4
54	35	3
54	36	3
54	37	2
54	38	3
54	39	1
54	40	3
54	41	4
54	42	6
54	43	4
54	44	5
54	45	2
54	46	4
54	47	5
54	48	4
54	49	4
54	50	3
54	51	2
54	53	10
55	1	2
55	3	1
55	4	5
55	5	2
55	6	2
55	7	4
55	8	12
55	9	5
55	10	2
55	11	5
55	12	2
55	13	4
55	15	3
55	16	6
55	17	3
55	18	1
55	19	3
55	20	2
55	21	1
55	22	1
55	24	2
55	25	2
55	27	5
55	28	5
55	29	3
55	30	3
55	31	3
55	33	6
55	34	4
55	35	4
55	37	2
55	38	4
55	39	5
55	40	2
55	42	2
55	43	8
55	44	7
55	45	1
55	46	5
55	47	1
55	48	4
55	49	7
55	50	6
55	51	6
55	53	12
55	54	9
56	0	1
56	1	1
56	3	2
56	4	5
56	5	4
56	6	5
56	7	4
56	8	7
56	9	3
56	10	5
56	11	4
56	12	6
56	13	2
56	14	3
56	15	4
56	16	5
56	17	3
56	18	1
56	19	3
56	20	3
56	21	2
56	22	2
56	23	1
56	24	1
56	25	3
56	27	2
56	28	6
56	30	3
56	32	3
56	33	1
56	34	1
56	35	2
56	36	1
56	37	1
56	38	1
56	39	1
56	40	5
56	41	3
56	42	3
56	43	9
56	44	2
56	45	2
56	47	3
56	48	4
56	49	3
56	50	1
56	51	1
56	52	2
56	53	2
56	54	6
56	55	19
57	2	2
57	3	4
57	4	3
57	5	2
57	6	9
57	7	5
57	8	3
57	9	3
57	10	2
57	11	1
57	12	1
57	13	4
57	14	4
57	15	2
57	16	5
57	17	1
57	18	1
57	19	3
57	21	2
57	22	1
57	23	3
57	24	4
57	25	2
57	26	2
57	28	3
57	30	3
57	31	2
57	32	3
57	36	2
57	37	2
57	38	5
57	39	4
57	40	2
57	41	5
57	43	2
57	44	1
57	45	3
57	46	1
57	47	1
57	48	1
57	49	2
57	50	1
57	51	3
57	52	4
57	53	2
57	54	4
57	55	9
57	56	4
58	3	1
58	4	3
58	5	3
58	6	2
58	7	2
58	8	6
58	9	3
58	10	5
58	11	3
58	12	1
58	14	1
58	15	3
58	16	2
58	17	2
58	18	3
58	19	1
58	20	1
58	21	1
58	22	3
58	23	1
58	24	2
58	25	1
58	26	3
58	27	2
58	28	2
58	29	1
58	31	3
58	32	1
58	33	1
58	34	2
58	35	2
58	36	1
58	37	2
58	38	3
58	40	1
58	41	2
58	42	3
58	43	6
58	44	2
58	45	1
58	46	1
58	48	1
58	49	2
58	50	3
58	51	5
58	52	3
58	53	7
58	54	3
58	55	9
58	56	11
58	57	9
59	3	1
59	4	3
59	5	3
59	6	1
59	7	2
59	9	1
59	10	1
59	12	3
59	13	1
59	15	1
59	16	1
59	17	2
59	18	2
59	19	3
59	22	1
59	23	1
59	24	3
59	26	1
59	27	1
59	28	3
59	29	1
59	30	2
59	34	2
59	35	1
59	36	4
59	38	2
59	39	2
59	40	2
59	41	4
59	43	2
59	44	1
59	45	2
59	46	1
59	47	1
59	49	2
59	50	2
59	51	2
59	52	4
59	53	5
59	54	2
59	55	2
59	56	7
59	57	5
59	58	4
60	0	2
60	1	4
60	2	2
60	4	1
60	5	2
60	8	2
60	9	3
60	11	3
60	13	2
60	15	1
60	16	4
60	25	1
60	27	1
60	30	1
60	31	2
60	32	7
60	33	2
60	35	2
60	38	1
60	40	3
60	41	3
60	42	1
60	43	2
60	44	6
60	45	5
60	46	7
60	47	2
60	48	3
60	49	3
60	51	3
60	53	2
60	54	3
60	55	2
60	57	1
60	58	5
60	59	2
