1	0	8
2	0	5
2	1	9
3	0	1
4	1	1
4	3	5
5	0	3
5	3	3
5	4	8
6	3	8
6	5	3
7	1	3
7	3	1
7	4	5
7	5	4
7	6	3
8	1	2
8	3	1
8	4	5
8	5	4
8	6	13
8	7	7
9	0	2
9	3	5
9	4	2
9	5	2
9	6	2
9	7	4
9	8	9
10	1	1
10	3	4
10	4	2
10	5	3
10	6	3
10	7	5
10	8	8
10	9	12
11	0	1
11	3	2
11	4	3
11	6	6
11	7	3
11	8	5
11	9	14
11	10	18
12	1	2
12	3	2
12	4	3
12	5	3
12	6	6
12	7	1
12	8	7
12	9	8
12	10	12
12	11	15
13	3	3
13	4	1
13	5	2
13	6	5
13	7	5
13	8	9
13	9	3
13	10	13
13	11	2
13	12	3
14	1	1
14	3	3
14	4	1
14	5	2
14	6	1
14	7	2
14	8	4
14	9	4
14	10	6
14	11	3
14	12	2
14	13	3
15	0	1
15	3	1
15	4	1
15	6	1
15	7	2
15	8	4
15	9	3
15	10	2
15	11	8
15	13	7
15	14	19
16	0	1
16	1	3
16	3	1
16	4	2
16	5	6
16	6	4
16	7	6
16	8	4
16	9	3
16	10	4
16	12	3
16	13	4
16	14	3
16	15	16
17	1	3
17	3	5
17	4	2
17	5	5
17	6	5
17	7	2
17	8	7
17	10	1
17	11	1
17	12	3
17	13	6
17	14	3
17	15	4
18	2	1
18	3	5
18	4	5
18	5	3
18	6	2
18	7	3
18	8	3
18	9	3
18	10	4
18	11	2
18	12	1
18	13	6
18	14	2
18	15	3
18	16	4
18	17	2
19	1	1
19	2	1
19	3	7
19	4	8
19	5	4
19	6	2
19	7	3
19	8	5
19	9	3
19	11	4
19	12	4
19	13	2
19	15	4
19	16	1
19	17	7
19	18	9
20	0	1
20	3	4
20	4	3
20	5	3
20	6	1
20	7	4
20	8	6
20	9	2
20	10	1
20	11	4
20	12	1
20	13	1
20	14	6
20	15	5
20	16	7
20	17	2
20	18	3
20	19	5
21	0	1
21	1	1
21	3	3
21	4	2
21	5	3
21	6	2
21	7	4
21	8	4
21	9	1
21	10	4
21	11	2
21	12	1
21	13	1
21	14	3
21	15	9
21	16	6
21	17	6
21	18	6
21	19	5
21	20	16
22	3	3
22	5	1
22	6	2
22	7	4
22	8	1
22	9	2
22	10	3
22	11	2
22	12	2
22	13	5
22	15	2
22	16	3
22	17	8
22	18	4
22	19	2
22	20	2
22	21	2
23	1	4
23	3	1
23	4	2
23	5	5
23	6	3
23	7	1
23	8	1
23	9	2
23	10	6
23	11	1
23	13	4
23	14	1
23	16	2
23	17	2
23	18	5
23	19	3
23	20	2
23	21	7
23	22	6
24	0	2
24	3	6
24	4	4
24	5	3
24	6	8
24	7	4
24	8	8
24	9	4
24	10	5
24	11	3
24	12	5
24	13	6
24	14	3
24	15	3
24	17	4
24	18	2
24	19	5
24	20	4
24	21	4
24	22	3
24	23	6
25	1	1
25	3	1
25	4	2
25	5	6
25	6	2
25	7	3
25	8	2
25	9	2
25	10	4
25	11	1
25	12	3
25	13	2
25	16	2
25	17	1
25	18	3
25	19	1
25	20	2
25	22	7
25	23	4
25	24	7
26	1	1
26	3	3
26	4	1
26	5	3
26	9	1
26	10	2
26	11	1
26	15	2
26	17	4
26	18	5
26	19	3
26	20	1
26	21	2
26	22	2
26	23	5
26	24	4
26	25	9
27	2	2
27	3	6
27	4	3
27	5	4
27	6	1
27	7	5
27	8	6
27	9	6
27	10	7
27	11	7
27	12	9
27	13	3
27	14	3
27	15	3
27	17	2
27	18	1
27	19	8
27	20	1
27	22	4
27	23	5
27	24	4
27	25	6
27	26	1
28	2	1
28	3	1
28	4	2
28	5	6
28	6	2
28	7	2
28	8	2
28	9	7
28	10	6
28	11	4
28	12	5
28	13	3
28	14	2
28	15	3
28	16	3
28	17	4
28	18	7
28	19	6
28	20	2
28	22	3
28	23	6
28	24	3
28	25	4
28	26	3
28	27	15
29	3	1
29	4	1
29	5	3
29	6	3
29	7	1
29	8	1
29	9	5
29	11	3
29	12	1
29	15	3
29	17	3
29	19	3
29	21	2
29	22	2
29	23	2
29	24	2
29	25	1
29	27	3
29	28	8
30	1	1
30	2	2
30	4	5
30	5	1
30	6	3
30	7	1
30	8	4
30	9	2
30	10	4
30	11	2
30	12	3
30	13	2
30	14	4
30	15	4
30	16	5
30	18	1
30	25	2
30	27	4
30	28	3
30	29	2
31	1	1
31	3	1
31	4	1
31	6	4
31	7	1
31	8	2
31	10	2
31	11	3
31	12	3
31	13	2
31	15	2
31	16	3
31	19	4
31	21	1
31	22	2
31	23	2
31	24	4
31	25	1
31	27	1
31	28	4
31	29	3
31	30	6
32	2	2
32	5	1
32	8	1
32	9	2
32	10	1
32	11	1
32	12	3
32	17	3
32	19	1
32	23	3
32	24	1
32	27	4
32	28	3
32	29	1
32	30	4
32	31	8
33	1	2
33	2	2
33	3	2
33	4	1
33	5	2
33	7	2
33	8	1
33	9	1
33	10	1
33	11	1
33	12	1
33	13	1
33	16	2
33	17	2
33	22	2
33	25	2
33	26	2
33	27	4
33	28	6
33	29	2
33	30	8
33	31	4
33	32	4
34	0	1
34	1	1
34	6	3
34	7	4
34	8	3
34	9	1
34	10	10
34	11	3
34	12	2
34	13	2
34	15	1
34	16	1
34	21	3
34	22	1
34	23	1
34	24	2
34	25	1
34	28	4
34	29	2
34	30	3
34	31	10
34	32	5
34	33	14
35	1	2
35	3	1
35	4	8
35	6	3
35	7	3
35	8	3
35	9	7
35	10	7
35	11	3
35	12	4
35	13	5
35	14	5
35	15	3
35	16	5
35	17	4
35	18	2
35	19	1
35	20	4
35	21	2
35	22	3
35	23	2
35	24	5
35	25	7
35	26	6
35	27	6
35	28	4
35	29	5
35	30	4
35	31	3
35	33	3
35	34	1
36	4	1
36	5	2
36	6	1
36	7	1
36	9	3
36	10	8
36	11	5
36	12	3
36	13	3
36	15	2
36	16	4
36	17	4
36	18	1
36	19	5
36	20	2
36	21	1
36	22	2
36	24	5
36	25	5
36	26	4
36	27	2
36	28	5
36	29	2
36	30	2
36	32	1
36	35	11
37	3	1
37	4	1
37	5	3
37	6	1
37	7	1
37	8	3
37	9	4
37	10	4
37	11	7
37	12	5
37	13	6
37	15	1
37	16	1
37	17	5
37	18	4
37	19	1
37	20	3
37	21	1
37	22	7
37	23	3
37	24	3
37	25	7
37	26	4
37	27	7
37	28	2
37	30	2
37	31	1
37	33	1
37	34	2
37	35	12
37	36	1
38	0	2
38	1	1
38	3	4
38	4	2
38	5	7
38	6	2
38	7	5
38	8	4
38	9	4
38	10	5
38	11	8
38	12	5
38	13	3
38	14	4
38	16	4
38	17	2
38	18	4
38	19	2
38	20	1
38	21	1
38	22	3
38	23	3
38	24	2
38	25	6
38	26	3
38	27	8
38	28	5
38	31	2
38	32	5
38	33	1
38	34	1
38	35	18
38	36	7
38	37	19
39	3	1
39	4	4
39	5	2
39	6	1
39	7	1
39	8	5
39	9	2
39	10	2
39	11	6
39	12	6
39	13	4
39	14	2
39	15	4
39	16	1
39	17	3
39	18	4
39	19	1
39	20	2
39	21	3
39	22	1
39	23	5
39	24	2
39	25	2
39	27	3
39	28	1
39	29	1
39	30	3
39	32	1
39	33	2
39	34	3
39	35	13
39	36	3
39	37	8
39	38	12
40	0	1
40	3	2
40	4	3
40	5	5
40	6	1
40	8	6
40	9	4
40	10	5
40	11	4
40	12	2
40	14	4
40	15	2
40	16	1
40	17	2
40	18	4
40	20	2
40	21	3
40	22	4
40	23	2
40	24	4
40	25	1
40	27	8
40	28	6
40	29	8
40	30	2
40	31	2
40	32	1
40	33	4
40	34	2
40	35	4
40	36	10
40	37	5
40	38	10
40	39	3
41	4	1
41	5	1
41	6	2
41	7	1
41	8	5
41	9	1
41	10	4
41	11	8
41	12	3
41	13	2
41	14	2
41	15	2
41	17	2
41	18	2
41	19	2
41	21	4
41	22	1
41	23	1
41	24	1
41	25	1
41	26	1
41	27	7
41	28	7
41	29	7
41	30	3
41	31	5
41	32	3
41	33	3
41	34	2
41	35	2
41	37	5
41	38	3
41	39	5
41	40	5
42	1	1
42	4	2
42	5	1
42	6	1
42	7	2
42	8	1
42	11	1
42	12	3
42	14	1
42	16	2
42	18	1
42	20	1
42	21	1
42	22	1
42	24	2
42	25	1
42	27	4
42	28	2
42	29	1
42	30	8
42	31	10
42	32	3
42	33	4
42	34	2
42	35	4
42	36	3
42	37	1
42	38	2
42	39	2
42	40	3
42	41	1
43	2	2
43	4	2
43	5	1
43	6	1
43	7	1
43	8	2
43	9	2
43	10	3
43	11	6
43	12	5
43	13	4
43	16	3
43	17	1
43	24	2
43	25	1
43	28	1
43	29	1
43	30	5
43	31	4
43	32	4
43	33	2
43	34	7
43	35	1
43	37	2
43	38	2
43	39	3
43	40	4
43	41	7
43	42	6
44	4	2
44	5	4
44	6	1
44	8	4
44	9	1
44	10	2
44	11	3
44	12	3
44	13	1
44	14	1
44	16	1
44	17	1
44	20	2
44	23	3
44	27	1
44	28	3
44	29	2
44	30	3
44	31	4
44	32	2
44	33	1
44	34	2
44	35	3
44	36	2
44	40	2
44	41	2
44	42	2
44	43	8
45	2	2
45	3	3
45	4	1
45	7	1
45	8	3
45	9	2
45	12	2
45	13	2
45	14	1
45	15	1
45	17	2
45	18	3
45	22	1
45	25	2
45	27	3
45	28	2
45	30	3
45	31	1
45	32	5
45	34	1
45	35	1
45	38	6
45	39	1
45	40	1
45	41	1
45	42	1
45	43	6
45	44	10
46	1	3
46	2	1
46	4	1
46	5	2
46	9	2
46	10	1
46	11	1
46	15	3
46	18	2
46	19	1
46	20	2
46	23	1
46	27	2
46	29	2
46	30	1
46	31	1
46	32	4
46	33	4
46	34	1
46	35	1
46	36	1
46	38	1
46	39	2
46	40	2
46	41	2
46	42	4
46	43	5
46	44	4
46	45	8
47	2	1
47	3	2
47	4	1
47	5	3
47	6	2
47	7	2
47	8	5
47	9	4
47	10	2
47	11	2
47	12	6
47	13	3
47	14	2
47	15	3
47	16	1
47	17	5
47	18	2
47	19	2
47	20	2
47	21	2
47	22	1
47	23	3
47	24	5
47	25	3
47	27	3
47	28	3
47	30	4
47	31	4
47	34	2
47	35	3
47	36	1
47	37	1
47	38	3
47	39	3
47	41	6
47	42	7
47	43	8
47	44	6
47	45	3
47	46	5
48	1	2
48	2	1
48	3	1
48	4	2
48	6	8
48	7	7
48	8	4
48	9	1
48	10	3
48	11	3
48	12	11
48	13	5
48	14	1
48	15	2
48	16	6
48	17	1
48	18	1
48	19	3
48	21	1
48	24	3
48	26	2
48	27	4
48	28	5
48	29	3
48	30	1
48	31	1
48	32	2
48	33	2
48	34	2
48	35	4
48	36	1
48	37	1
48	38	2
48	39	2
48	40	1
48	41	4
48	42	1
48	43	1
48	44	4
48	45	2
48	46	1
48	47	8
49	3	3
49	4	4
49	5	2
49	6	5
49	7	5
49	8	12
49	9	7
49	10	8
49	11	12
49	12	17
49	13	4
49	14	6
49	15	3
49	16	1
49	17	2
49	18	1
49	19	2
49	20	1
49	22	4
49	23	2
49	24	8
49	25	3
49	26	1
49	27	4
49	28	4
49	29	1
49	30	5
49	31	3
49	32	3
49	34	1
49	35	4
49	36	5
49	37	5
49	38	2
49	39	5
49	40	4
49	41	5
49	42	7
49	43	2
49	45	4
49	46	3
49	47	7
49	48	10
50	3	1
50	4	1
50	6	3
50	7	8
50	8	10
50	9	3
50	10	2
50	11	1
50	12	4
50	13	7
50	14	1
50	15	3
50	16	4
50	17	5
50	19	3
50	20	4
50	21	1
50	22	1
50	23	2
50	24	3
50	25	1
50	27	4
50	28	5
50	29	2
50	31	5
50	33	2
50	35	2
50	36	1
50	37	1
50	38	4
50	39	2
50	40	2
50	41	3
50	43	2
50	44	1
50	45	1
50	47	2
50	48	6
50	49	10
51	3	1
51	4	4
51	5	3
51	6	3
51	7	3
51	8	8
51	9	2
51	10	5
51	11	1
51	12	2
51	13	9
51	14	4
51	15	1
51	16	5
51	17	3
51	18	4
51	21	1
51	22	2
51	23	1
51	24	3
51	25	1
51	27	5
51	28	4
51	29	2
51	30	2
51	31	3
51	32	2
51	35	3
51	37	2
51	38	2
51	39	3
51	40	4
51	41	3
51	43	3
51	44	3
51	46	2
51	47	3
51	48	4
51	49	9
51	50	8
52	2	1
52	3	1
52	4	2
52	6	2
52	7	5
52	8	6
52	9	1
52	10	5
52	11	4
52	13	3
52	14	4
52	15	3
52	16	4
52	17	2
52	18	1
52	19	2
52	20	4
52	22	1
52	23	5
52	24	2
52	25	3
52	27	3
52	28	3
52	29	1
52	30	8
52	31	1
52	32	1
52	33	5
52	34	3
52	35	3
52	36	3
52	37	3
52	39	3
52	40	3
52	41	3
52	42	2
52	44	2
52	46	1
52	47	4
52	48	9
52	49	4
52	50	9
52	51	17
53	1	3
53	2	1
53	3	1
53	4	5
53	5	2
53	6	8
53	7	6
53	8	7
53	9	6
53	10	7
53	11	4
53	12	3
53	13	6
53	14	4
53	15	7
53	16	4
53	17	2
53	18	1
53	19	4
53	20	1
53	21	5
53	22	4
53	24	2
53	25	2
53	27	5
53	28	6
53	29	2
53	30	4
53	31	5
53	33	1
53	34	1
53	35	2
53	36	2
53	37	2
53	38	6
53	39	1
53	40	4
53	41	2
53	42	4
53	43	5
53	44	1
53	45	2
53	46	5
53	47	1
53	48	4
53	49	13
53	50	3
53	51	5
53	52	4
54	0	2
54	3	1
54	4	2
54	5	3
54	6	6
54	7	4
54	8	4
54	9	3
54	10	1
54	11	3
54	12	4
54	13	1
54	15	3
54	16	4
54	17	2
54	19	1
54	20	1
54	21	3
54	23	4
54	24	8
54	25	3
54	26	1
54	27	4
54	28	3
54	29	1
54	30	3
54	31	5
54	32	2
54	33	1
54	34	8
54	35	4
54	36	2
54	37	3
54	40	2
54	41	7
54	42	3
54	43	3
54	44	1
54	45	3
54	46	3
54	47	5
54	48	2
54	49	10
54	50	2
54	51	1
54	52	3
54	53	7
55	0	1
55	1	2
55	3	1
55	4	5
55	6	7
55	7	3
55	8	4
55	9	2
55	10	2
55	11	2
55	12	8
55	14	1
55	15	1
55	16	6
55	17	3
55	18	1
55	19	2
55	20	1
55	22	5
55	23	1
55	24	3
55	25	4
55	27	6
55	28	7
55	29	4
55	31	2
55	32	1
55	33	1
55	34	2
55	35	5
55	37	2
55	38	4
55	39	3
55	40	1
55	41	3
55	42	4
55	43	5
55	44	5
55	45	5
55	46	6
55	47	5
55	48	1
55	49	5
55	50	1
55	51	2
55	52	3
55	53	7
55	54	12
56	0	1
56	1	1
56	3	3
56	4	2
56	5	3
56	6	5
56	7	5
56	8	10
56	9	5
56	11	5
56	12	2
56	13	3
56	14	1
56	15	6
56	16	4
56	17	2
56	18	2
56	20	4
56	21	1
56	22	1
56	23	1
56	24	5
56	26	4
56	27	2
56	28	2
56	30	1
56	31	1
56	32	1
56	33	5
56	34	5
56	35	1
56	36	1
56	37	1
56	38	1
56	39	2
56	41	3
56	42	3
56	43	3
56	45	3
56	46	3
56	47	5
56	48	6
56	49	4
56	50	3
56	51	8
56	52	7
56	53	2
56	54	3
56	55	8
57	3	1
57	4	4
57	5	5
57	6	8
57	7	3
57	8	5
57	9	6
57	10	3
57	11	1
57	12	3
57	14	3
57	15	3
57	16	2
57	17	2
57	18	2
57	19	4
57	21	1
57	22	2
57	23	4
57	24	3
57	27	5
57	28	3
57	29	1
57	30	1
57	31	2
57	32	1
57	33	5
57	34	2
57	35	1
57	36	3
57	37	1
57	38	2
57	39	1
57	40	2
57	41	1
57	42	2
57	43	2
57	44	6
57	46	1
57	48	2
57	49	2
57	50	8
57	51	5
57	52	2
57	53	3
57	54	7
57	55	10
57	56	4
58	1	1
58	3	1
58	4	6
58	5	4
58	6	7
58	7	4
58	8	1
58	9	7
58	10	1
58	11	4
58	12	6
58	13	2
58	14	2
58	15	4
58	16	3
58	17	1
58	18	1
58	19	1
58	20	3
58	21	4
58	22	3
58	23	2
58	24	4
58	25	2
58	27	2
58	28	2
58	29	3
58	30	1
58	31	1
58	32	2
58	33	3
58	34	2
58	35	2
58	36	3
58	37	1
58	38	2
58	39	2
58	40	2
58	41	2
58	42	3
58	43	1
58	44	3
58	46	3
58	47	5
58	48	1
58	49	7
58	50	6
58	51	2
58	52	2
58	53	6
58	54	6
58	55	14
58	56	7
58	57	10
59	0	1
59	2	2
59	3	6
59	4	4
59	5	1
59	6	2
59	8	4
59	9	2
59	12	1
59	13	2
59	15	4
59	17	2
59	18	1
59	19	1
59	22	1
59	23	1
59	24	2
59	25	3
59	26	2
59	27	2
59	28	1
59	29	3
59	30	1
59	31	1
59	33	1
59	34	4
59	35	1
59	39	2
59	41	4
59	43	1
59	44	1
59	45	1
59	47	2
59	49	2
59	51	2
59	52	1
59	54	1
59	55	3
59	58	1
60	0	4
60	1	3
60	2	6
60	5	1
60	7	1
60	8	1
60	9	1
60	10	2
60	11	3
60	12	2
60	16	1
60	17	1
60	20	1
60	22	1
60	27	2
60	28	2
60	30	6
60	31	4
60	32	5
60	34	3
60	35	3
60	36	2
60	38	2
60	39	2
60	40	2
60	41	6
60	42	1
60	43	2
60	44	4
60	45	4
60	46	8
60	47	6
60	48	3
60	49	2
60	51	3
60	52	1
60	53	2
60	54	2
60	55	1
60	56	1
60	59	1
