1	0	9
2	0	5
2	1	11
3	0	2
4	1	2
4	3	8
5	0	1
5	1	1
5	2	1
5	3	3
5	4	15
6	1	1
6	3	2
6	4	3
6	5	2
7	1	1
7	3	1
7	4	3
7	6	13
8	2	2
8	3	2
8	4	7
8	5	4
8	6	12
8	7	9
9	2	2
9	3	1
9	4	4
9	5	3
9	6	4
9	7	1
9	8	10
10	0	3
10	1	3
10	2	1
10	3	1
10	5	5
10	6	7
10	8	5
10	9	15
11	3	3
11	4	1
11	5	2
11	6	1
11	8	6
11	9	10
11	10	12
12	1	2
12	3	2
12	4	3
12	5	1
12	6	7
12	7	4
12	8	5
12	9	9
12	10	16
12	11	16
13	1	3
13	2	2
13	3	2
13	4	2
13	5	3
13	6	3
13	7	7
13	8	13
13	9	6
13	10	12
13	11	6
13	12	3
14	1	1
14	3	1
14	5	2
14	6	1
14	7	5
14	8	5
14	9	3
14	10	7
14	11	1
14	12	2
14	13	6
15	0	1
15	3	4
15	4	3
15	5	4
15	6	3
15	7	2
15	8	6
15	9	2
15	10	2
15	11	6
15	12	1
15	13	5
15	14	10
16	1	1
16	3	2
16	4	1
16	5	2
16	6	1
16	7	3
16	8	3
16	9	4
16	10	4
16	11	3
16	12	1
16	13	5
16	14	3
16	15	9
17	1	1
17	2	1
17	3	4
17	4	3
17	5	1
17	6	5
17	7	3
17	8	6
17	9	1
17	10	3
17	11	1
17	12	1
17	13	2
17	14	2
17	15	8
17	16	2
18	3	7
18	4	10
18	5	5
18	6	5
18	7	7
18	8	1
18	9	3
18	10	2
18	12	1
18	13	1
18	14	1
18	15	2
18	16	5
18	17	7
19	3	5
19	4	2
19	5	1
19	6	1
19	7	2
19	8	2
19	10	3
19	11	1
19	12	2
19	13	2
19	14	2
19	15	2
19	16	5
19	17	6
19	18	9
20	4	4
20	5	1
20	6	3
20	7	1
20	8	1
20	9	1
20	10	5
20	11	2
20	13	1
20	14	5
20	15	1
20	16	2
20	17	8
20	18	3
20	19	7
21	0	1
21	3	3
21	4	3
21	5	3
21	6	4
21	7	3
21	8	3
21	9	1
21	10	2
21	11	2
21	12	2
21	13	5
21	14	5
21	15	7
21	16	2
21	17	6
21	18	2
21	19	10
21	20	8
22	3	3
22	4	4
22	6	1
22	7	4
22	8	4
22	9	4
22	10	1
22	11	2
22	12	4
22	13	1
22	15	2
22	16	3
22	17	6
22	18	4
22	19	10
22	20	1
22	21	5
23	3	5
23	4	3
23	6	3
23	7	2
23	8	3
23	9	2
23	10	2
23	11	5
23	12	5
23	13	2
23	14	2
23	15	2
23	16	2
23	17	4
23	18	3
23	19	3
23	20	2
23	21	5
23	22	7
24	0	1
24	4	8
24	5	7
24	6	3
24	7	4
24	8	7
24	9	3
24	10	8
24	11	2
24	12	3
24	13	3
24	14	1
24	15	3
24	16	4
24	17	5
24	18	2
24	19	2
24	20	3
24	21	1
24	22	1
24	23	9
25	2	1
25	3	1
25	4	2
25	5	1
25	6	4
25	7	4
25	8	2
25	9	2
25	10	3
25	11	6
25	12	6
25	13	2
25	14	3
25	15	3
25	17	2
25	18	1
25	19	3
25	20	3
25	21	1
25	22	4
25	23	11
25	24	5
26	3	3
26	4	2
26	5	2
26	8	2
26	9	1
26	11	2
26	12	1
26	13	1
26	14	4
26	19	1
26	20	1
26	21	1
26	22	6
26	23	2
26	24	3
26	25	3
27	1	2
27	2	1
27	3	3
27	4	3
27	5	9
27	6	8
27	7	5
27	8	1
27	9	9
27	10	9
27	11	5
27	12	4
27	13	5
27	14	1
27	15	2
27	16	2
27	17	2
27	19	4
27	21	3
27	22	3
27	23	2
27	24	5
27	25	7
27	26	4
28	2	2
28	3	4
28	4	4
28	5	7
28	6	3
28	7	3
28	8	6
28	9	8
28	10	5
28	11	3
28	12	5
28	13	1
28	14	1
28	15	6
28	16	5
28	17	3
28	18	1
28	19	4
28	20	4
28	21	3
28	22	1
28	23	1
28	24	6
28	25	6
28	26	3
28	27	18
29	3	1
29	4	4
29	5	2
29	7	1
29	8	2
29	9	2
29	10	4
29	12	3
29	13	3
29	15	1
29	17	1
29	19	3
29	21	1
29	22	1
29	23	2
29	24	2
29	25	2
29	27	4
29	28	12
30	1	3
30	2	1
30	3	2
30	4	1
30	5	4
30	6	1
30	8	2
30	9	2
30	10	3
30	12	2
30	13	4
30	15	3
30	16	1
30	17	1
30	19	3
30	23	2
30	24	2
30	25	1
30	27	3
30	28	5
30	29	1
31	1	1
31	2	1
31	3	2
31	4	3
31	5	3
31	6	2
31	7	5
31	8	2
31	9	4
31	10	1
31	11	4
31	12	1
31	13	1
31	15	1
31	16	1
31	20	2
31	21	1
31	22	4
31	23	1
31	24	1
31	27	3
31	28	3
31	29	5
31	30	7
32	2	1
32	5	3
32	6	2
32	8	1
32	10	1
32	11	2
32	12	1
32	15	1
32	22	2
32	23	2
32	24	2
32	26	2
32	28	1
32	30	3
32	31	3
33	1	1
33	4	1
33	5	5
33	6	1
33	7	3
33	8	2
33	9	7
33	10	1
33	13	2
33	15	1
33	17	1
33	22	1
33	23	1
33	24	1
33	26	1
33	27	1
33	28	2
33	29	3
33	30	7
33	31	5
33	32	6
34	0	1
34	1	1
34	2	1
34	4	1
34	6	2
34	7	1
34	8	3
34	9	1
34	10	5
34	11	1
34	12	2
34	13	2
34	15	1
34	16	1
34	17	1
34	22	2
34	25	1
34	27	1
34	28	4
34	30	5
34	31	14
34	32	5
34	33	9
35	1	1
35	3	3
35	4	3
35	5	1
35	6	2
35	7	3
35	8	4
35	9	3
35	10	7
35	11	4
35	12	8
35	13	4
35	14	1
35	15	4
35	16	3
35	17	4
35	18	1
35	19	2
35	21	2
35	22	5
35	23	8
35	24	2
35	25	9
35	26	5
35	27	3
35	28	3
35	29	1
35	30	1
35	31	2
35	33	1
35	34	1
36	5	5
36	6	2
36	7	4
36	8	5
36	9	6
36	10	6
36	11	1
36	12	4
36	13	5
36	14	1
36	15	5
36	16	2
36	17	2
36	18	4
36	19	1
36	21	4
36	22	2
36	23	2
36	24	2
36	25	5
36	27	8
36	28	4
36	29	1
36	30	1
36	32	3
36	35	12
37	3	3
37	4	2
37	5	1
37	6	1
37	8	3
37	9	4
37	10	4
37	11	2
37	12	3
37	13	3
37	14	2
37	15	1
37	16	2
37	17	3
37	18	2
37	19	1
37	20	1
37	21	1
37	23	4
37	24	3
37	25	8
37	26	1
37	27	7
37	28	2
37	29	3
37	30	4
37	31	1
37	33	1
37	34	1
37	35	15
37	36	3
38	0	1
38	2	1
38	3	1
38	4	3
38	5	3
38	6	5
38	7	3
38	8	9
38	9	3
38	10	4
38	11	2
38	12	10
38	13	3
38	14	2
38	15	4
38	16	1
38	17	3
38	18	3
38	19	1
38	20	2
38	21	4
38	22	3
38	23	2
38	24	5
38	25	13
38	26	3
38	27	10
38	28	2
38	29	9
38	30	3
38	31	1
38	32	1
38	33	1
38	34	2
38	35	13
38	36	1
38	37	15
39	0	1
39	3	5
39	4	2
39	5	4
39	6	2
39	7	2
39	8	3
39	9	4
39	10	4
39	11	7
39	12	5
39	13	6
39	14	2
39	15	1
39	16	2
39	17	3
39	18	3
39	19	6
39	21	2
39	22	3
39	23	4
39	25	3
39	26	1
39	27	2
39	28	2
39	29	3
39	30	4
39	31	2
39	32	1
39	33	3
39	34	2
39	35	5
39	36	7
39	37	7
39	38	12
40	0	1
40	3	1
40	4	3
40	5	3
40	6	1
40	7	3
40	8	3
40	9	2
40	10	3
40	11	7
40	12	3
40	13	2
40	14	2
40	15	1
40	16	3
40	17	4
40	18	3
40	19	1
40	20	3
40	21	1
40	22	1
40	23	3
40	24	5
40	25	7
40	26	5
40	27	9
40	28	12
40	29	3
40	30	4
40	31	3
40	32	1
40	33	3
40	34	1
40	35	2
40	36	2
40	37	6
40	38	8
40	39	6
41	2	1
41	3	1
41	4	1
41	5	1
41	7	2
41	8	9
41	10	4
41	11	4
41	12	8
41	14	2
41	15	4
41	16	2
41	17	2
41	18	2
41	19	1
41	20	3
41	22	2
41	23	1
41	24	1
41	25	2
41	27	8
41	28	4
41	29	7
41	30	2
41	31	8
41	32	3
41	33	4
41	34	1
41	35	1
41	36	3
41	37	3
41	38	3
41	39	5
41	40	8
42	0	2
42	1	2
42	4	4
42	5	7
42	6	1
42	7	5
42	8	4
42	9	3
42	10	4
42	11	1
42	12	3
42	13	3
42	14	1
42	15	3
42	18	1
42	20	2
42	21	1
42	24	3
42	27	1
42	28	5
42	29	4
42	30	14
42	31	5
42	32	2
42	33	8
42	34	9
42	35	1
42	36	1
42	37	2
42	38	3
42	39	1
42	40	5
42	41	5
43	2	2
43	4	2
43	5	2
43	6	3
43	7	2
43	8	3
43	9	1
43	10	1
43	11	2
43	12	2
43	13	1
43	14	1
43	17	3
43	18	1
43	24	1
43	25	4
43	27	2
43	28	5
43	29	1
43	30	2
43	31	3
43	32	3
43	33	2
43	34	4
43	37	1
43	38	1
43	39	2
43	40	2
43	41	2
43	42	3
44	1	2
44	4	1
44	5	1
44	6	2
44	7	2
44	9	1
44	10	2
44	11	2
44	13	1
44	14	2
44	15	2
44	16	1
44	19	1
44	20	2
44	23	1
44	24	1
44	27	3
44	28	2
44	30	5
44	31	2
44	32	3
44	33	4
44	34	4
44	35	2
44	36	2
44	38	2
44	40	3
44	41	5
44	42	4
44	43	12
45	3	1
45	4	1
45	8	5
45	9	1
45	10	3
45	12	1
45	13	4
45	15	1
45	16	1
45	18	2
45	22	1
45	25	1
45	28	1
45	30	4
45	31	2
45	32	4
45	33	3
45	34	4
45	35	2
45	38	2
45	39	3
45	40	1
45	41	5
45	42	3
45	43	12
45	44	7
46	0	1
46	1	1
46	2	4
46	4	1
46	5	1
46	6	2
46	8	1
46	9	3
46	10	1
46	11	1
46	12	5
46	13	1
46	15	5
46	18	1
46	19	2
46	22	2
46	23	2
46	27	1
46	28	3
46	29	1
46	30	4
46	31	2
46	32	4
46	33	5
46	34	3
46	35	2
46	38	4
46	40	3
46	41	3
46	42	1
46	43	4
46	44	6
46	45	10
47	0	2
47	2	5
47	3	1
47	4	1
47	5	2
47	6	2
47	8	6
47	9	5
47	10	4
47	11	4
47	12	4
47	13	3
47	14	1
47	15	3
47	16	1
47	17	1
47	19	2
47	21	2
47	23	2
47	24	1
47	27	2
47	28	1
47	29	2
47	30	3
47	31	1
47	32	4
47	33	4
47	34	1
47	35	3
47	36	4
47	37	1
47	38	3
47	39	1
47	41	5
47	42	6
47	43	3
47	44	4
47	45	2
47	46	2
48	0	2
48	2	1
48	3	1
48	5	1
48	6	7
48	7	8
48	8	8
48	9	8
48	10	8
48	11	2
48	12	7
48	13	7
48	14	2
48	15	6
48	16	3
48	18	3
48	20	1
48	21	3
48	22	2
48	23	1
48	24	6
48	25	1
48	26	1
48	27	5
48	28	4
48	30	5
48	31	1
48	32	1
48	33	3
48	34	2
48	35	7
48	36	3
48	37	1
48	38	2
48	39	5
48	42	1
48	43	2
48	44	2
48	47	6
49	3	2
49	4	6
49	5	3
49	6	8
49	7	3
49	8	26
49	9	13
49	10	8
49	11	9
49	12	16
49	13	10
49	14	5
49	15	6
49	16	5
49	17	2
49	18	1
49	19	4
49	20	5
49	21	3
49	22	3
49	23	1
49	24	9
49	25	3
49	26	1
49	27	6
49	28	7
49	30	2
49	33	3
49	34	1
49	35	3
49	36	3
49	37	2
49	38	4
49	39	4
49	40	4
49	41	7
49	42	4
49	43	6
49	44	2
49	45	1
49	46	1
49	47	9
49	48	12
50	2	1
50	3	1
50	4	4
50	5	3
50	6	4
50	7	10
50	8	11
50	9	2
50	10	4
50	11	4
50	12	3
50	13	3
50	14	6
50	15	3
50	16	3
50	19	4
50	20	2
50	21	2
50	22	1
50	23	2
50	24	4
50	25	3
50	27	2
50	28	4
50	29	2
50	30	1
50	31	1
50	33	2
50	34	2
50	35	2
50	37	1
50	38	2
50	39	1
50	40	2
50	41	2
50	43	1
50	45	2
50	46	3
50	47	1
50	48	9
50	49	13
51	1	1
51	3	2
51	4	2
51	5	2
51	6	4
51	7	7
51	8	8
51	9	6
51	10	4
51	11	4
51	12	5
51	13	6
51	14	4
51	15	7
51	16	6
51	17	1
51	18	2
51	19	1
51	21	3
51	23	2
51	24	3
51	25	2
51	27	1
51	29	1
51	30	4
51	31	3
51	34	1
51	35	1
51	36	1
51	37	3
51	38	3
51	39	2
51	40	2
51	41	3
51	42	1
51	43	2
51	44	3
51	45	1
51	46	2
51	47	5
51	48	4
51	49	4
51	50	6
52	2	2
52	4	2
52	5	3
52	6	5
52	7	4
52	8	4
52	9	2
52	10	3
52	11	1
52	12	4
52	13	4
52	14	2
52	15	6
52	16	4
52	17	1
52	18	3
52	20	3
52	21	2
52	22	1
52	24	3
52	25	1
52	26	3
52	27	1
52	30	2
52	31	3
52	32	1
52	34	4
52	35	2
52	36	7
52	38	2
52	39	1
52	40	1
52	41	3
52	42	2
52	43	5
52	44	3
52	45	1
52	46	2
52	47	4
52	48	5
52	49	2
52	50	6
52	51	15
53	1	1
53	3	1
53	4	2
53	5	7
53	6	4
53	7	4
53	8	9
53	9	3
53	10	1
53	11	3
53	12	6
53	13	3
53	14	3
53	15	3
53	16	3
53	17	3
53	18	1
53	19	2
53	20	3
53	21	3
53	22	2
53	23	2
53	24	4
53	25	2
53	26	2
53	27	5
53	28	6
53	29	1
53	30	6
53	31	4
53	32	1
53	33	1
53	34	3
53	35	2
53	36	2
53	37	3
53	38	4
53	39	2
53	40	3
53	41	7
53	42	7
53	44	5
53	45	2
53	46	1
53	47	2
53	48	12
53	49	11
53	50	6
53	51	6
53	52	4
54	3	1
54	4	4
54	5	4
54	6	8
54	8	7
54	10	4
54	11	3
54	12	2
54	13	4
54	15	1
54	16	1
54	17	2
54	18	2
54	21	2
54	24	4
54	27	3
54	28	6
54	29	4
54	30	5
54	31	4
54	33	3
54	34	1
54	35	6
54	37	3
54	38	2
54	39	4
54	40	3
54	41	4
54	42	5
54	43	5
54	44	2
54	45	2
54	46	1
54	47	2
54	48	2
54	49	6
54	50	3
54	51	5
54	52	4
54	53	10
55	1	4
55	3	1
55	4	5
55	5	6
55	6	5
55	7	3
55	8	7
55	9	4
55	10	7
55	11	1
55	12	3
55	13	5
55	14	2
55	15	4
55	17	3
55	18	7
55	19	1
55	20	2
55	21	1
55	22	3
55	23	1
55	24	2
55	25	1
55	27	3
55	28	3
55	29	4
55	30	2
55	31	5
55	32	3
55	33	6
55	34	1
55	35	2
55	36	2
55	38	7
55	39	4
55	40	3
55	41	2
55	42	1
55	43	7
55	44	4
55	45	1
55	46	2
55	47	2
55	48	5
55	49	7
55	50	2
55	51	3
55	52	5
55	53	4
55	54	15
56	0	1
56	1	3
56	2	1
56	3	1
56	4	2
56	5	2
56	6	9
56	7	1
56	8	5
56	10	4
56	11	1
56	12	2
56	13	6
56	14	1
56	15	5
56	17	3
56	18	3
56	19	4
56	20	1
56	21	1
56	22	2
56	23	2
56	24	1
56	25	2
56	26	1
56	27	1
56	28	5
56	30	2
56	31	4
56	32	1
56	33	1
56	34	2
56	35	2
56	36	2
56	37	2
56	38	5
56	39	2
56	40	4
56	41	4
56	42	4
56	43	4
56	44	4
56	45	3
56	46	3
56	47	4
56	48	4
56	49	7
56	50	5
56	51	6
56	52	3
56	53	3
56	54	3
56	55	7
57	2	1
57	3	2
57	4	4
57	5	5
57	6	7
57	7	5
57	8	10
57	9	3
57	10	2
57	12	5
57	13	3
57	14	3
57	15	2
57	16	3
57	17	2
57	19	1
57	20	2
57	21	6
57	22	1
57	23	2
57	24	1
57	25	2
57	26	1
57	27	3
57	28	3
57	29	2
57	30	4
57	31	2
57	32	1
57	33	2
57	34	5
57	35	1
57	36	1
57	37	2
57	38	5
57	40	3
57	41	3
57	42	3
57	43	5
57	44	1
57	45	3
57	46	3
57	47	3
57	48	3
57	49	4
57	50	5
57	51	4
57	52	3
57	53	7
57	54	4
57	55	6
57	56	4
58	1	1
58	3	2
58	4	4
58	5	4
58	6	4
58	7	2
58	8	6
58	9	2
58	10	3
58	11	1
58	12	1
58	13	2
58	14	1
58	15	1
58	17	1
58	18	2
58	19	2
58	20	2
58	21	2
58	23	2
58	24	4
58	25	2
58	26	1
58	27	4
58	28	4
58	30	2
58	31	3
58	32	1
58	33	2
58	34	2
58	35	1
58	37	3
58	38	2
58	39	1
58	40	1
58	41	4
58	42	2
58	44	1
58	45	2
58	46	2
58	47	2
58	48	4
58	49	2
58	50	3
58	51	3
58	52	1
58	53	4
58	54	7
58	55	9
58	56	7
58	57	12
59	0	2
59	3	4
59	4	2
59	5	1
59	6	2
59	7	1
59	8	4
59	9	1
59	10	4
59	13	2
59	14	1
59	15	3
59	16	1
59	17	2
59	18	2
59	22	1
59	23	2
59	24	2
59	27	2
59	29	1
59	30	1
59	33	2
59	35	4
59	38	2
59	40	3
59	41	1
59	44	3
59	45	2
59	49	2
59	50	1
59	52	2
59	53	3
59	54	3
59	55	4
59	57	2
59	58	2
60	0	1
60	2	1
60	7	1
60	8	2
60	9	2
60	10	2
60	11	2
60	12	2
60	13	2
60	15	1
60	20	2
60	22	2
60	25	1
60	27	1
60	30	1
60	31	1
60	32	6
60	33	5
60	35	1
60	38	1
60	40	2
60	42	3
60	43	3
60	44	1
60	45	5
60	46	3
60	47	1
60	48	4
60	49	1
60	51	3
60	52	3
60	53	2
60	54	2
60	55	3
60	57	2
60	58	2
60	59	3
