1	0	14
2	0	1
2	1	8
3	0	1
4	1	1
4	3	8
5	3	7
5	4	10
6	1	2
6	3	2
6	5	4
7	3	3
7	4	1
7	5	4
7	6	8
8	1	1
8	2	2
8	3	2
8	4	4
8	5	5
8	6	9
8	7	12
9	2	3
9	3	4
9	4	3
9	5	2
9	6	4
9	7	2
9	8	5
10	1	1
10	2	1
10	3	2
10	4	2
10	5	1
10	6	4
10	7	4
10	8	9
10	9	13
11	2	1
11	3	2
11	4	2
11	5	5
11	6	2
11	7	2
11	8	10
11	9	11
11	10	18
12	1	1
12	3	3
12	4	2
12	5	3
12	6	4
12	7	7
12	8	8
12	9	12
12	10	19
12	11	8
13	3	3
13	4	4
13	5	4
13	6	5
13	7	11
13	8	3
13	9	5
13	10	11
13	11	3
13	12	7
14	1	3
14	3	3
14	5	2
14	6	1
14	7	3
14	8	5
14	9	3
14	10	2
14	11	2
14	12	2
14	13	5
15	1	2
15	3	2
15	4	3
15	5	1
15	6	1
15	7	3
15	8	5
15	9	5
15	10	5
15	11	3
15	12	4
15	13	6
15	14	16
16	3	1
16	4	2
16	5	3
16	6	3
16	7	6
16	8	1
16	9	5
16	10	8
16	11	6
16	12	2
16	13	11
16	14	8
16	15	9
17	1	1
17	2	1
17	3	6
17	4	2
17	6	3
17	7	5
17	8	5
17	9	1
17	10	4
17	11	1
17	12	4
17	13	1
17	14	5
17	15	5
17	16	2
18	0	1
18	3	6
18	5	5
18	6	2
18	7	1
18	8	2
18	9	3
18	10	5
18	11	2
18	12	4
18	13	4
18	14	1
18	15	5
18	16	1
18	17	5
19	1	1
19	3	3
19	4	2
19	5	6
19	6	2
19	8	4
19	9	4
19	10	2
19	11	4
19	12	1
19	13	3
19	14	1
19	15	2
19	16	7
19	17	10
19	18	5
20	4	4
20	5	3
20	6	3
20	8	5
20	9	3
20	10	4
20	11	2
20	12	1
20	13	1
20	14	2
20	15	3
20	16	3
20	17	2
20	18	2
20	19	4
21	1	2
21	2	2
21	3	5
21	4	5
21	5	1
21	6	6
21	7	7
21	8	5
21	9	7
21	10	7
21	11	1
21	12	2
21	13	1
21	14	5
21	15	3
21	16	2
21	17	7
21	18	4
21	19	6
21	20	8
22	3	1
22	4	3
22	5	1
22	6	3
22	7	2
22	8	4
22	9	3
22	10	6
22	11	5
22	12	3
22	13	4
22	14	3
22	15	2
22	16	5
22	17	5
22	18	7
22	19	3
22	20	3
22	21	3
23	3	2
23	4	1
23	5	1
23	6	1
23	7	2
23	8	2
23	9	4
23	10	2
23	11	1
23	12	4
23	13	3
23	14	2
23	15	3
23	16	1
23	17	4
23	18	6
23	19	3
23	20	3
23	21	1
23	22	6
24	3	7
24	4	4
24	5	2
24	6	9
24	7	3
24	8	11
24	9	7
24	10	2
24	11	6
24	12	3
24	13	4
24	14	1
24	15	4
24	16	2
24	17	2
24	18	4
24	20	3
24	21	3
24	22	5
24	23	5
25	1	2
25	4	3
25	6	3
25	7	2
25	8	4
25	9	1
25	10	2
25	11	3
25	12	1
25	13	2
25	14	4
25	15	5
25	16	2
25	17	4
25	18	4
25	19	3
25	20	1
25	21	1
25	22	5
25	23	10
25	24	1
26	1	2
26	3	1
26	4	2
26	5	3
26	8	2
26	9	2
26	11	3
26	12	6
26	13	4
26	17	2
26	18	3
26	19	1
26	21	1
26	22	2
26	23	2
26	25	5
27	1	1
27	3	1
27	4	4
27	5	2
27	6	2
27	7	5
27	8	6
27	9	6
27	10	7
27	11	3
27	12	5
27	13	3
27	14	2
27	15	4
27	16	3
27	17	1
27	18	6
27	19	3
27	20	4
27	21	2
27	22	3
27	23	9
27	24	5
27	25	4
27	26	1
28	3	1
28	4	4
28	5	4
28	6	2
28	7	5
28	8	5
28	9	6
28	10	6
28	11	2
28	12	3
28	13	2
28	14	1
28	15	1
28	16	1
28	18	4
28	19	3
28	20	1
28	22	4
28	23	2
28	24	4
28	25	4
28	26	4
28	27	13
29	0	2
29	3	1
29	4	4
29	6	1
29	7	1
29	8	1
29	9	1
29	10	2
29	11	2
29	12	2
29	13	1
29	17	1
29	21	2
29	22	1
29	23	1
29	24	3
29	25	3
29	26	1
29	27	3
29	28	11
30	1	1
30	2	1
30	3	1
30	4	4
30	5	2
30	6	4
30	7	2
30	8	6
30	9	5
30	10	3
30	11	3
30	12	4
30	13	3
30	15	1
30	16	2
30	19	6
30	23	1
30	24	1
30	25	2
30	27	4
30	28	5
30	29	3
31	2	2
31	5	1
31	6	1
31	7	3
31	8	2
31	9	2
31	10	1
31	11	1
31	12	2
31	13	3
31	15	1
31	16	1
31	18	3
31	19	1
31	20	2
31	21	1
31	22	3
31	24	3
31	25	3
31	27	1
31	28	5
31	29	3
31	30	2
32	2	1
32	4	1
32	5	2
32	6	2
32	8	3
32	9	1
32	10	2
32	11	2
32	12	1
32	16	3
32	18	3
32	19	1
32	22	1
32	24	2
32	26	1
32	27	1
32	28	1
32	30	4
32	31	5
33	0	1
33	1	2
33	2	3
33	4	4
33	5	1
33	6	2
33	7	2
33	8	3
33	9	2
33	10	2
33	11	2
33	12	5
33	13	4
33	16	1
33	17	1
33	24	4
33	26	2
33	27	3
33	28	1
33	29	2
33	30	5
33	31	8
33	32	4
34	0	3
34	1	3
34	2	3
34	4	5
34	5	2
34	6	1
34	7	1
34	8	2
34	9	2
34	10	2
34	11	1
34	13	2
34	15	2
34	16	2
34	21	3
34	23	1
34	24	3
34	27	1
34	28	3
34	29	1
34	30	4
34	31	7
34	32	4
34	33	15
35	1	1
35	3	2
35	4	5
35	5	2
35	6	2
35	7	2
35	8	2
35	9	5
35	10	5
35	11	7
35	12	6
35	13	7
35	14	2
35	15	1
35	16	3
35	17	2
35	18	5
35	19	2
35	20	4
35	22	6
35	23	1
35	24	4
35	25	7
35	26	1
35	27	7
35	28	3
35	29	2
35	30	1
35	32	1
35	33	1
36	4	1
36	5	2
36	6	3
36	7	2
36	8	4
36	9	4
36	10	3
36	11	8
36	12	6
36	13	2
36	14	3
36	15	3
36	16	1
36	17	2
36	18	2
36	19	1
36	20	3
36	21	2
36	22	3
36	23	2
36	24	3
36	25	4
36	26	1
36	27	3
36	28	1
36	29	2
36	30	3
36	31	2
36	32	1
36	35	9
37	2	1
37	3	1
37	4	1
37	5	3
37	6	2
37	8	1
37	9	2
37	10	7
37	11	2
37	12	3
37	14	2
37	15	2
37	16	3
37	17	4
37	18	2
37	19	1
37	20	1
37	22	2
37	23	4
37	24	4
37	25	9
37	26	3
37	27	3
37	28	2
37	29	3
37	30	2
37	33	4
37	34	3
37	35	8
37	36	6
38	1	1
38	2	1
38	3	3
38	4	3
38	5	1
38	6	6
38	8	4
38	9	6
38	10	7
38	11	10
38	12	2
38	13	2
38	14	2
38	15	4
38	16	2
38	17	4
38	18	1
38	19	1
38	20	2
38	21	1
38	22	6
38	23	3
38	24	3
38	25	7
38	26	3
38	27	12
38	28	3
38	29	4
38	30	2
38	31	2
38	33	4
38	34	2
38	35	6
38	36	2
38	37	13
39	0	1
39	3	1
39	5	2
39	6	1
39	7	3
39	8	7
39	9	3
39	10	5
39	11	7
39	12	2
39	14	2
39	16	2
39	18	3
39	19	1
39	20	3
39	21	2
39	22	1
39	24	2
39	25	3
39	26	5
39	27	6
39	28	1
39	29	4
39	30	5
39	32	2
39	33	2
39	34	3
39	35	9
39	36	4
39	37	5
39	38	13
40	1	1
40	3	3
40	5	1
40	6	4
40	7	3
40	8	2
40	9	1
40	10	2
40	11	1
40	12	2
40	13	5
40	14	1
40	16	2
40	17	7
40	19	1
40	21	1
40	22	2
40	24	5
40	25	2
40	26	2
40	27	7
40	28	7
40	29	12
40	30	1
40	31	4
40	32	3
40	33	3
40	34	5
40	35	4
40	36	3
40	37	3
40	38	10
40	39	6
41	2	3
41	3	2
41	5	1
41	6	3
41	7	3
41	8	6
41	9	2
41	10	5
41	11	2
41	12	2
41	13	1
41	14	1
41	16	1
41	17	2
41	18	2
41	19	1
41	20	1
41	21	4
41	22	4
41	23	2
41	24	2
41	25	5
41	26	2
41	27	2
41	28	7
41	29	9
41	30	5
41	31	2
41	33	2
41	34	2
41	35	4
41	36	2
41	37	5
41	38	3
41	39	5
41	40	6
42	0	1
42	1	3
42	5	1
42	7	3
42	8	6
42	9	5
42	10	3
42	11	2
42	12	6
42	13	1
42	14	1
42	15	3
42	16	1
42	18	2
42	20	1
42	21	2
42	22	1
42	24	3
42	25	2
42	27	5
42	28	4
42	29	5
42	30	6
42	31	3
42	32	6
42	33	2
42	34	5
42	35	1
42	36	2
42	38	2
42	39	1
42	40	3
42	41	3
43	5	3
43	7	6
43	8	4
43	9	1
43	10	1
43	11	1
43	12	3
43	13	4
43	14	4
43	15	2
43	16	1
43	18	1
43	19	3
43	24	1
43	27	5
43	28	2
43	29	1
43	30	6
43	31	2
43	32	7
43	33	1
43	34	5
43	35	1
43	37	1
43	38	3
43	39	2
43	40	2
43	41	2
43	42	7
44	0	2
44	1	4
44	5	2
44	8	4
44	9	1
44	10	5
44	11	2
44	12	2
44	13	1
44	14	3
44	15	1
44	16	1
44	17	2
44	22	1
44	23	1
44	24	2
44	28	1
44	29	1
44	30	6
44	31	2
44	32	3
44	33	3
44	34	5
44	35	1
44	36	1
44	38	3
44	40	1
44	41	3
44	42	1
44	43	18
45	3	2
45	7	1
45	8	2
45	9	3
45	10	2
45	12	2
45	15	2
45	16	1
45	17	4
45	22	5
45	25	1
45	27	1
45	28	2
45	30	3
45	31	2
45	32	5
45	33	5
45	34	3
45	35	3
45	38	1
45	39	2
45	41	1
45	42	1
45	43	10
45	44	4
46	1	1
46	2	2
46	5	2
46	6	1
46	8	3
46	10	1
46	13	1
46	15	2
46	19	1
46	20	1
46	22	2
46	23	3
46	24	2
46	25	3
46	28	2
46	29	3
46	30	2
46	31	3
46	32	4
46	33	5
46	34	5
46	35	1
46	39	1
46	40	1
46	41	2
46	42	4
46	43	1
46	44	10
46	45	10
47	3	4
47	4	1
47	5	1
47	6	5
47	7	5
47	8	1
47	9	3
47	10	5
47	11	6
47	12	3
47	13	1
47	14	2
47	15	1
47	16	3
47	17	2
47	19	2
47	21	1
47	23	3
47	25	2
47	27	3
47	28	4
47	29	3
47	30	3
47	31	2
47	32	3
47	33	4
47	34	4
47	35	2
47	37	2
47	38	2
47	39	2
47	40	5
47	41	3
47	42	3
47	43	2
47	44	3
47	46	2
48	1	1
48	2	1
48	3	2
48	4	4
48	5	3
48	6	4
48	7	3
48	8	7
48	9	3
48	10	2
48	11	5
48	12	3
48	13	4
48	14	1
48	15	4
48	16	2
48	17	4
48	18	2
48	19	4
48	20	4
48	22	1
48	23	1
48	24	3
48	25	3
48	27	2
48	29	1
48	30	1
48	32	1
48	33	1
48	36	6
48	37	3
48	39	2
48	40	2
48	41	6
48	42	3
48	43	1
48	44	4
48	45	2
48	46	4
48	47	8
49	3	1
49	4	2
49	5	2
49	6	5
49	7	4
49	8	17
49	9	6
49	10	9
49	11	8
49	12	10
49	13	5
49	14	7
49	15	5
49	16	11
49	19	2
49	20	1
49	21	3
49	23	1
49	24	5
49	25	6
49	27	4
49	28	8
49	29	1
49	30	6
49	31	5
49	32	2
49	33	2
49	34	2
49	35	5
49	36	2
49	37	5
49	38	3
49	39	3
49	40	2
49	41	1
49	42	3
49	43	1
49	44	2
49	45	2
49	46	2
49	47	6
49	48	10
50	3	2
50	4	1
50	5	4
50	6	6
50	7	8
50	8	9
50	9	4
50	10	2
50	11	3
50	12	4
50	13	5
50	14	3
50	15	2
50	16	4
50	17	2
50	18	1
50	19	4
50	21	1
50	23	2
50	24	1
50	25	1
50	27	3
50	28	1
50	29	2
50	30	2
50	31	1
50	34	3
50	35	3
50	36	2
50	38	1
50	40	3
50	42	1
50	43	3
50	44	1
50	45	1
50	46	2
50	47	5
50	48	5
50	49	14
51	1	1
51	3	2
51	4	4
51	6	3
51	7	7
51	8	5
51	9	4
51	10	5
51	12	12
51	13	10
51	14	3
51	15	5
51	16	9
51	17	3
51	18	3
51	19	3
51	20	1
51	21	1
51	22	3
51	23	5
51	27	4
51	28	2
51	30	6
51	31	3
51	32	2
51	33	3
51	34	3
51	35	5
51	36	1
51	39	4
51	40	1
51	41	6
51	42	2
51	44	1
51	46	2
51	47	2
51	48	7
51	49	3
51	50	8
52	2	2
52	3	1
52	5	3
52	6	6
52	7	4
52	8	7
52	9	2
52	10	5
52	11	1
52	12	4
52	13	5
52	14	2
52	15	6
52	16	4
52	17	3
52	19	2
52	20	3
52	21	1
52	22	1
52	23	4
52	24	3
52	25	1
52	26	1
52	27	3
52	30	2
52	31	2
52	35	3
52	36	2
52	37	2
52	38	2
52	39	4
52	40	3
52	41	5
52	42	1
52	43	3
52	44	1
52	46	2
52	47	7
52	48	6
52	49	5
52	50	5
52	51	17
53	2	2
53	4	4
53	5	1
53	6	5
53	7	9
53	8	7
53	9	5
53	10	4
53	11	2
53	12	6
53	13	5
53	14	1
53	15	2
53	16	4
53	17	3
53	18	1
53	19	6
53	20	2
53	21	1
53	22	3
53	23	3
53	24	3
53	25	5
53	26	1
53	27	1
53	28	7
53	29	2
53	30	5
53	31	4
53	33	2
53	34	4
53	35	2
53	36	5
53	37	3
53	38	1
53	40	2
53	41	6
53	42	2
53	43	1
53	44	1
53	45	1
53	46	5
53	47	4
53	48	7
53	49	10
53	50	6
53	51	3
53	52	2
54	0	2
54	3	1
54	4	1
54	5	4
54	6	1
54	7	2
54	8	10
54	9	2
54	10	7
54	11	4
54	12	2
54	13	4
54	14	3
54	16	4
54	17	2
54	20	2
54	21	2
54	23	2
54	24	3
54	25	2
54	27	4
54	28	1
54	29	1
54	30	10
54	31	4
54	32	5
54	34	5
54	35	1
54	37	1
54	38	2
54	39	1
54	40	6
54	41	2
54	42	8
54	43	5
54	44	2
54	45	3
54	46	3
54	47	4
54	48	3
54	49	7
54	50	3
54	51	2
54	52	3
54	53	11
55	1	1
55	2	1
55	3	3
55	4	3
55	5	1
55	6	10
55	7	1
55	8	9
55	9	5
55	10	4
55	11	2
55	12	3
55	13	3
55	14	3
55	15	2
55	16	5
55	17	2
55	18	1
55	19	3
55	21	5
55	22	3
55	23	2
55	24	2
55	25	2
55	26	3
55	28	1
55	29	1
55	30	1
55	31	5
55	32	5
55	33	2
55	34	2
55	38	2
55	39	1
55	41	1
55	42	1
55	43	3
55	44	1
55	45	3
55	46	2
55	47	2
55	48	2
55	49	2
55	50	3
55	51	2
55	52	7
55	53	3
55	54	12
56	0	1
56	1	1
56	2	1
56	3	3
56	4	4
56	5	3
56	6	5
56	7	4
56	8	6
56	9	3
56	10	2
56	11	5
56	12	2
56	13	3
56	14	6
56	15	3
56	16	1
56	17	1
56	18	3
56	19	1
56	20	5
56	21	1
56	22	1
56	23	5
56	24	1
56	25	4
56	27	3
56	28	3
56	29	2
56	30	1
56	31	3
56	32	4
56	33	6
56	34	3
56	35	3
56	36	1
56	37	1
56	38	2
56	40	4
56	41	3
56	42	4
56	43	7
56	44	1
56	45	4
56	47	1
56	48	5
56	49	5
56	50	6
56	51	6
56	52	8
56	53	1
56	54	7
56	55	12
57	2	1
57	3	2
57	4	4
57	5	5
57	6	5
57	7	4
57	8	7
57	9	1
57	10	4
57	11	1
57	12	5
57	13	3
57	14	4
57	15	2
57	17	1
57	18	2
57	19	3
57	20	2
57	21	2
57	22	4
57	23	2
57	24	5
57	25	5
57	26	1
57	27	3
57	28	1
57	29	3
57	30	4
57	31	1
57	32	1
57	33	5
57	34	1
57	35	2
57	36	2
57	37	2
57	38	1
57	39	2
57	40	4
57	41	2
57	42	1
57	43	3
57	44	3
57	47	2
57	48	2
57	49	4
57	50	6
57	51	4
57	52	2
57	53	6
57	54	5
57	55	5
57	56	10
58	1	2
58	4	1
58	5	5
58	6	6
58	7	4
58	8	5
58	10	1
58	11	3
58	12	2
58	13	2
58	14	1
58	15	1
58	16	2
58	18	4
58	19	5
58	20	3
58	21	3
58	24	2
58	25	2
58	26	4
58	27	6
58	28	5
58	29	1
58	30	3
58	31	1
58	32	3
58	33	1
58	34	2
58	36	2
58	37	3
58	38	2
58	39	1
58	40	1
58	41	4
58	42	7
58	44	5
58	45	2
58	46	2
58	47	2
58	48	1
58	49	2
58	50	4
58	51	4
58	53	2
58	54	1
58	55	9
58	56	4
58	57	6
59	3	1
59	4	1
59	5	1
59	6	1
59	7	1
59	8	2
59	9	2
59	10	1
59	12	3
59	13	1
59	14	1
59	15	1
59	16	1
59	17	4
59	18	4
59	19	3
59	22	1
59	23	1
59	24	1
59	25	1
59	26	2
59	27	3
59	28	2
59	29	2
59	30	2
59	31	4
59	33	1
59	34	1
59	35	3
59	36	2
59	38	5
59	41	2
59	43	2
59	44	4
59	45	1
59	46	1
59	49	3
59	51	2
59	53	2
59	54	1
59	55	4
59	56	4
59	57	4
59	58	3
60	0	2
60	1	2
60	2	6
60	5	5
60	7	1
60	8	2
60	9	2
60	10	1
60	11	2
60	12	1
60	13	1
60	15	3
60	16	1
60	20	2
60	21	2
60	25	1
60	27	1
60	28	2
60	30	1
60	31	3
60	32	7
60	33	5
60	34	1
60	36	1
60	40	2
60	41	4
60	42	1
60	43	10
60	44	4
60	45	4
60	46	3
60	47	1
60	51	3
60	52	2
60	53	1
60	54	4
60	57	1
60	58	4
60	59	3
