1	0	8
2	0	2
2	1	7
3	2	1
4	3	9
5	4	11
6	3	1
6	4	2
6	5	4
7	0	1
7	1	1
7	3	1
7	4	2
7	6	11
8	2	2
8	3	5
8	5	2
8	6	14
8	7	15
9	2	1
9	3	1
9	4	2
9	5	2
9	6	2
9	7	2
9	8	4
10	2	1
10	3	1
10	4	1
10	5	3
10	6	14
10	7	4
10	8	4
10	9	13
11	1	1
11	3	3
11	4	2
11	5	2
11	6	2
11	7	3
11	8	5
11	9	9
11	10	10
12	1	1
12	3	1
12	4	2
12	5	1
12	6	4
12	7	4
12	8	4
12	9	7
12	10	14
12	11	12
13	3	2
13	4	3
13	5	2
13	6	2
13	7	7
13	8	3
13	9	8
13	10	7
13	11	4
13	12	9
14	4	2
14	6	3
14	7	4
14	8	4
14	9	3
14	10	1
14	11	3
14	12	2
14	13	6
15	0	1
15	3	2
15	4	1
15	6	6
15	7	5
15	8	3
15	9	1
15	10	4
15	11	4
15	12	2
15	13	3
15	14	14
16	0	1
16	3	1
16	4	1
16	5	4
16	6	2
16	7	7
16	8	1
16	9	1
16	10	3
16	11	5
16	12	2
16	13	7
16	14	2
16	15	4
17	3	2
17	4	2
17	5	1
17	6	6
17	7	3
17	8	3
17	9	1
17	10	6
17	11	4
17	12	1
17	13	3
17	14	2
17	15	2
17	16	1
18	2	1
18	3	5
18	4	4
18	5	8
18	6	3
18	7	4
18	8	6
18	9	1
18	10	2
18	11	1
18	12	3
18	13	2
18	14	2
18	15	2
18	16	1
18	17	9
19	1	2
19	2	1
19	3	6
19	4	3
19	5	5
19	6	2
19	7	1
19	8	5
19	9	1
19	10	1
19	11	3
19	12	2
19	13	3
19	14	3
19	15	4
19	16	3
19	17	11
19	18	15
20	0	1
20	3	5
20	4	1
20	5	2
20	6	6
20	7	1
20	8	2
20	9	3
20	10	3
20	11	3
20	12	1
20	13	4
20	14	4
20	15	9
20	16	3
20	17	6
20	18	5
20	19	6
21	0	1
21	1	1
21	3	2
21	4	2
21	6	1
21	7	2
21	8	2
21	9	1
21	10	1
21	11	2
21	12	2
21	13	7
21	14	3
21	15	5
21	16	3
21	17	9
21	18	4
21	19	4
21	20	11
22	3	2
22	4	3
22	5	3
22	6	5
22	7	7
22	8	5
22	9	3
22	10	2
22	11	2
22	12	2
22	13	3
22	14	4
22	15	3
22	16	1
22	17	5
22	18	3
22	19	3
22	20	2
22	21	3
23	3	1
23	4	2
23	5	1
23	6	3
23	7	3
23	8	1
23	9	2
23	10	3
23	11	2
23	12	3
23	13	4
23	14	4
23	15	2
23	16	2
23	17	5
23	18	5
23	19	4
23	20	4
23	21	3
23	22	5
24	0	1
24	3	2
24	4	6
24	5	6
24	6	8
24	7	8
24	8	7
24	9	4
24	10	4
24	11	3
24	12	4
24	13	3
24	14	4
24	15	3
24	16	2
24	17	4
24	18	3
24	19	2
24	21	3
24	22	4
24	23	7
25	0	1
25	1	1
25	2	1
25	3	2
25	4	1
25	5	4
25	6	3
25	7	3
25	8	1
25	9	5
25	10	3
25	11	7
25	12	2
25	13	2
25	14	2
25	15	3
25	16	2
25	17	6
25	18	6
25	19	3
25	20	1
25	21	6
25	22	8
25	23	8
25	24	5
26	1	1
26	3	4
26	4	3
26	5	1
26	8	4
26	9	3
26	10	6
26	11	3
26	15	2
26	17	3
26	18	4
26	19	1
26	22	4
26	23	1
26	24	1
26	25	4
27	1	1
27	3	1
27	4	2
27	5	4
27	6	4
27	7	2
27	8	6
27	9	7
27	10	4
27	11	5
27	12	1
27	13	4
27	14	3
27	15	6
27	16	4
27	17	3
27	18	6
27	19	3
27	20	3
27	21	2
27	22	1
27	23	5
27	24	6
27	25	6
27	26	2
28	2	2
28	3	1
28	4	9
28	5	3
28	6	9
28	7	5
28	8	5
28	9	8
28	10	5
28	11	8
28	12	3
28	13	2
28	14	5
28	15	2
28	16	2
28	17	4
28	19	4
28	20	1
28	21	1
28	23	4
28	24	3
28	25	4
28	26	4
28	27	12
29	0	1
29	4	3
29	5	4
29	6	2
29	7	2
29	8	2
29	9	3
29	11	7
29	12	2
29	14	2
29	17	2
29	21	3
29	22	1
29	23	1
29	24	4
29	26	2
29	27	6
29	28	11
30	1	4
30	2	5
30	5	3
30	7	3
30	8	2
30	9	3
30	10	3
30	11	3
30	12	5
30	13	2
30	16	2
30	18	1
30	19	2
30	21	4
30	23	3
30	24	1
30	25	3
30	27	5
30	28	4
30	29	3
31	1	1
31	4	3
31	6	4
31	7	2
31	8	4
31	9	1
31	10	5
31	12	3
31	15	2
31	18	1
31	19	1
31	20	1
31	23	2
31	25	1
31	27	2
31	28	7
31	29	2
31	30	7
32	2	1
32	4	1
32	5	2
32	6	2
32	10	2
32	11	1
32	15	1
32	16	1
32	17	1
32	18	1
32	19	2
32	22	1
32	24	3
32	26	2
32	27	4
32	28	2
32	29	1
32	30	5
32	31	7
33	1	1
33	4	3
33	5	5
33	6	2
33	7	2
33	8	2
33	10	4
33	12	4
33	13	1
33	15	2
33	16	1
33	23	2
33	24	3
33	25	4
33	26	1
33	27	1
33	28	1
33	29	1
33	30	6
33	31	6
33	32	5
34	1	1
34	2	1
34	4	2
34	5	2
34	6	2
34	7	2
34	8	2
34	9	1
34	10	2
34	11	1
34	13	1
34	15	2
34	16	1
34	17	4
34	21	1
34	23	1
34	24	1
34	25	3
34	27	4
34	28	3
34	29	2
34	30	4
34	31	8
34	32	4
34	33	15
35	2	2
35	3	3
35	4	4
35	5	4
35	6	2
35	7	1
35	8	1
35	9	5
35	10	10
35	11	7
35	12	7
35	13	3
35	14	4
35	16	5
35	17	4
35	18	5
35	19	1
35	20	1
35	21	4
35	22	1
35	23	3
35	24	6
35	25	7
35	26	3
35	27	8
35	28	3
35	29	3
35	31	2
35	32	1
35	33	3
35	34	4
36	3	3
36	4	4
36	5	3
36	6	2
36	7	2
36	8	1
36	9	4
36	10	7
36	11	10
36	12	3
36	13	1
36	14	4
36	16	3
36	18	3
36	19	8
36	20	2
36	21	5
36	22	4
36	23	3
36	24	1
36	25	4
36	26	1
36	27	7
36	28	3
36	29	3
36	30	2
36	31	1
36	32	1
36	35	11
37	3	2
37	4	1
37	5	3
37	6	4
37	8	4
37	9	6
37	10	4
37	11	4
37	12	2
37	14	2
37	15	2
37	16	2
37	17	1
37	18	2
37	19	3
37	21	2
37	23	2
37	24	1
37	25	6
37	26	3
37	27	6
37	28	6
37	29	2
37	30	1
37	31	3
37	33	4
37	34	3
37	35	17
37	36	5
38	0	1
38	3	1
38	4	3
38	5	2
38	6	1
38	7	2
38	8	2
38	9	6
38	10	5
38	11	2
38	12	6
38	13	6
38	14	3
38	15	4
38	16	2
38	17	4
38	18	4
38	19	3
38	20	1
38	21	2
38	22	3
38	23	3
38	24	3
38	25	7
38	26	4
38	27	9
38	28	6
38	29	1
38	30	7
38	31	2
38	32	3
38	33	3
38	34	7
38	35	14
38	36	5
38	37	21
39	3	3
39	4	2
39	5	1
39	6	3
39	7	1
39	8	4
39	9	5
39	10	5
39	11	3
39	12	6
39	13	3
39	14	1
39	15	1
39	16	2
39	17	4
39	18	1
39	19	1
39	20	1
39	21	2
39	22	3
39	23	2
39	24	2
39	25	5
39	26	2
39	27	2
39	29	3
39	30	1
39	32	3
39	33	1
39	35	5
39	36	5
39	37	6
39	38	10
40	3	2
40	4	3
40	5	1
40	6	1
40	7	3
40	8	4
40	11	4
40	12	3
40	16	3
40	18	4
40	19	2
40	20	3
40	22	3
40	23	2
40	24	2
40	25	3
40	26	3
40	27	5
40	28	6
40	29	10
40	30	2
40	31	3
40	32	4
40	33	2
40	34	4
40	35	5
40	36	3
40	37	4
40	38	10
40	39	3
41	1	1
41	3	1
41	4	4
41	5	2
41	6	2
41	8	3
41	9	7
41	10	3
41	11	4
41	12	5
41	14	2
41	15	5
41	16	1
41	17	1
41	18	2
41	19	3
41	20	1
41	21	1
41	22	4
41	23	3
41	25	4
41	26	4
41	27	2
41	28	4
41	29	2
41	30	7
41	31	6
41	32	1
41	33	6
41	34	5
41	36	1
41	37	1
41	38	9
41	39	4
41	40	4
42	0	1
42	3	2
42	5	2
42	6	2
42	7	1
42	8	2
42	9	1
42	10	4
42	11	2
42	12	2
42	13	1
42	15	2
42	16	2
42	17	2
42	20	1
42	21	1
42	22	1
42	24	2
42	25	2
42	27	3
42	28	2
42	29	1
42	30	3
42	31	6
42	32	7
42	33	5
42	34	5
42	35	3
42	36	2
42	37	3
42	38	3
42	39	4
42	40	2
42	41	2
43	2	2
43	4	1
43	5	6
43	7	2
43	8	3
43	9	3
43	10	1
43	11	2
43	12	5
43	14	5
43	15	3
43	16	1
43	17	1
43	19	1
43	24	2
43	25	2
43	27	2
43	28	4
43	29	3
43	30	2
43	31	3
43	32	6
43	33	4
43	34	2
43	35	2
43	37	1
43	38	2
43	39	4
43	40	1
43	41	2
43	42	8
44	0	2
44	1	1
44	2	2
44	4	2
44	5	2
44	6	4
44	7	2
44	8	2
44	9	1
44	11	1
44	12	3
44	13	1
44	14	1
44	15	2
44	16	1
44	17	3
44	20	2
44	23	1
44	24	1
44	27	2
44	28	1
44	30	3
44	31	4
44	32	2
44	33	3
44	34	5
44	35	1
44	38	3
44	40	3
44	41	3
44	42	5
44	43	19
45	1	2
45	2	3
45	3	1
45	8	1
45	9	2
45	10	2
45	12	3
45	13	3
45	14	2
45	15	2
45	16	1
45	17	4
45	18	3
45	22	1
45	28	4
45	30	3
45	31	2
45	32	7
45	33	5
45	34	2
45	35	3
45	38	3
45	39	6
45	40	1
45	41	6
45	42	4
45	43	8
45	44	11
46	1	1
46	3	2
46	4	2
46	5	3
46	6	2
46	8	1
46	9	1
46	10	3
46	13	2
46	15	2
46	18	3
46	20	1
46	22	3
46	23	1
46	25	3
46	28	2
46	29	2
46	30	4
46	31	6
46	32	5
46	33	5
46	34	3
46	35	1
46	38	2
46	39	2
46	40	4
46	41	1
46	42	5
46	43	5
46	44	3
46	45	6
47	0	2
47	4	2
47	5	2
47	6	1
47	7	3
47	8	6
47	9	3
47	10	4
47	12	4
47	13	5
47	14	5
47	15	4
47	16	3
47	17	1
47	18	4
47	19	1
47	20	1
47	21	3
47	22	1
47	23	1
47	24	2
47	25	1
47	27	4
47	28	3
47	29	1
47	30	4
47	31	3
47	32	5
47	33	4
47	34	2
47	35	2
47	36	4
47	37	2
47	38	4
47	39	3
47	40	4
47	41	7
47	42	10
47	43	5
47	44	3
47	45	3
47	46	4
48	0	6
48	2	1
48	3	2
48	4	2
48	5	2
48	6	3
48	7	7
48	8	4
48	9	3
48	10	3
48	11	5
48	12	7
48	13	6
48	14	3
48	15	4
48	16	5
48	17	1
48	18	1
48	19	3
48	20	3
48	21	2
48	22	1
48	23	2
48	24	2
48	25	1
48	27	1
48	28	3
48	29	1
48	30	2
48	31	5
48	33	3
48	34	1
48	35	3
48	36	1
48	37	2
48	38	6
48	39	1
48	40	2
48	41	1
48	42	3
48	43	2
48	44	1
48	45	2
48	46	3
48	47	11
49	3	1
49	4	4
49	5	5
49	6	10
49	7	8
49	8	15
49	9	10
49	10	7
49	11	6
49	12	9
49	13	8
49	14	1
49	15	7
49	16	6
49	17	3
49	18	1
49	19	4
49	20	3
49	21	6
49	22	4
49	23	2
49	24	6
49	25	1
49	26	4
49	27	5
49	28	5
49	29	2
49	30	4
49	31	5
49	32	1
49	33	4
49	34	2
49	35	5
49	36	3
49	38	5
49	39	2
49	40	3
49	41	8
49	42	3
49	43	3
49	44	3
49	45	4
49	46	4
49	47	8
49	48	14
50	3	2
50	4	5
50	5	4
50	6	5
50	7	4
50	8	5
50	9	5
50	10	4
50	12	3
50	13	3
50	14	5
50	15	2
50	16	4
50	18	4
50	19	2
50	21	1
50	22	1
50	24	3
50	25	4
50	27	3
50	28	3
50	29	2
50	30	3
50	31	1
50	34	2
50	35	1
50	36	6
50	37	2
50	40	1
50	41	3
50	42	6
50	44	2
50	45	1
50	46	1
50	47	2
50	48	8
50	49	9
51	3	5
51	6	5
51	7	6
51	8	8
51	9	8
51	10	3
51	11	6
51	12	6
51	13	5
51	14	1
51	15	6
51	16	4
51	17	1
51	18	1
51	19	1
51	21	5
51	22	3
51	24	3
51	25	4
51	27	1
51	28	2
51	29	1
51	30	2
51	31	2
51	32	1
51	33	3
51	34	1
51	35	1
51	36	4
51	37	1
51	38	2
51	39	4
51	40	3
51	41	2
51	42	2
51	43	5
51	44	1
51	45	2
51	46	3
51	47	4
51	48	12
51	49	4
51	50	12
52	2	1
52	3	3
52	4	1
52	5	1
52	6	2
52	7	3
52	8	12
52	9	6
52	10	3
52	11	4
52	12	3
52	13	5
52	14	3
52	15	1
52	16	3
52	17	3
52	18	3
52	19	2
52	20	1
52	21	2
52	22	3
52	24	2
52	25	4
52	27	3
52	28	5
52	30	2
52	31	2
52	34	2
52	35	2
52	36	1
52	37	1
52	38	2
52	39	1
52	40	1
52	41	3
52	42	3
52	43	3
52	45	1
52	46	1
52	47	5
52	48	2
52	49	8
52	50	5
52	51	17
53	2	1
53	4	4
53	5	2
53	6	5
53	7	4
53	8	11
53	9	4
53	11	5
53	12	9
53	13	4
53	14	2
53	15	4
53	16	1
53	17	1
53	18	1
53	19	3
53	20	2
53	21	1
53	23	1
53	24	1
53	25	3
53	26	1
53	27	5
53	28	5
53	29	4
53	30	6
53	31	4
53	32	3
53	33	4
53	34	2
53	35	5
53	36	1
53	37	1
53	39	1
53	40	2
53	41	6
53	42	3
53	43	5
53	44	1
53	45	1
53	46	1
53	47	3
53	48	2
53	49	11
53	50	3
53	51	7
53	52	2
54	0	1
54	3	1
54	4	2
54	5	1
54	6	4
54	7	2
54	8	9
54	9	4
54	10	5
54	11	3
54	12	4
54	13	4
54	14	2
54	15	2
54	17	2
54	18	2
54	19	3
54	21	2
54	22	1
54	23	3
54	24	4
54	25	1
54	27	5
54	28	5
54	29	1
54	30	4
54	31	7
54	32	3
54	34	4
54	35	2
54	36	2
54	37	1
54	38	4
54	39	2
54	40	4
54	41	1
54	42	7
54	43	1
54	44	2
54	45	3
54	46	1
54	47	4
54	48	4
54	49	8
54	50	3
54	51	6
54	53	11
55	0	2
55	1	2
55	3	3
55	4	4
55	5	6
55	6	6
55	7	2
55	8	12
55	9	1
55	10	1
55	11	3
55	12	3
55	13	4
55	17	2
55	18	3
55	19	4
55	21	1
55	22	1
55	24	5
55	25	3
55	26	3
55	27	1
55	28	5
55	29	2
55	30	5
55	31	2
55	32	1
55	33	4
55	34	4
55	35	2
55	36	4
55	37	2
55	38	4
55	40	1
55	41	2
55	42	2
55	43	4
55	44	2
55	45	1
55	46	3
55	47	5
55	48	2
55	49	4
55	50	2
55	51	7
55	52	4
55	53	6
55	54	5
56	0	1
56	1	1
56	3	3
56	4	1
56	5	1
56	6	4
56	7	4
56	8	5
56	9	2
56	10	1
56	11	3
56	12	6
56	13	2
56	14	3
56	15	6
56	16	3
56	17	1
56	18	3
56	22	1
56	23	2
56	24	2
56	25	1
56	26	1
56	27	2
56	28	2
56	29	1
56	30	4
56	31	4
56	32	1
56	33	2
56	34	2
56	35	2
56	36	3
56	37	2
56	38	2
56	39	1
56	40	2
56	42	2
56	44	2
56	45	1
56	47	4
56	49	6
56	50	9
56	51	7
56	52	3
56	53	6
56	54	8
56	55	19
57	2	1
57	3	3
57	4	6
57	5	9
57	6	8
57	7	2
57	8	3
57	9	2
57	11	2
57	12	2
57	13	4
57	14	1
57	15	5
57	17	2
57	18	1
57	19	3
57	20	3
57	22	1
57	23	2
57	24	4
57	25	3
57	26	2
57	28	1
57	29	1
57	30	5
57	31	1
57	32	1
57	33	1
57	34	2
57	35	2
57	36	3
57	38	3
57	39	3
57	40	5
57	42	1
57	43	3
57	44	1
57	47	5
57	48	1
57	49	5
57	50	5
57	51	2
57	52	3
57	53	1
57	54	3
57	55	8
57	56	7
58	1	1
58	3	3
58	4	1
58	5	8
58	6	4
58	7	4
58	8	2
58	9	2
58	10	1
58	11	2
58	12	2
58	13	3
58	14	1
58	15	4
58	16	6
58	17	4
58	19	4
58	20	2
58	21	2
58	22	2
58	23	3
58	24	2
58	25	1
58	26	2
58	27	3
58	28	3
58	30	1
58	31	2
58	32	2
58	33	5
58	35	1
58	36	3
58	37	3
58	38	2
58	39	1
58	40	1
58	41	3
58	42	1
58	43	4
58	44	3
58	45	3
58	46	2
58	47	9
58	48	2
58	49	1
58	50	3
58	51	4
58	52	3
58	53	3
58	54	9
58	55	15
58	56	11
58	57	14
59	3	1
59	4	3
59	5	3
59	6	1
59	7	1
59	8	1
59	9	3
59	10	1
59	12	1
59	13	2
59	14	2
59	15	3
59	16	2
59	18	2
59	19	3
59	23	2
59	24	2
59	26	2
59	27	4
59	28	3
59	30	3
59	31	2
59	33	1
59	34	1
59	35	2
59	38	1
59	39	2
59	40	3
59	41	2
59	43	1
59	44	1
59	46	1
59	47	1
59	49	4
59	50	2
59	51	5
59	52	2
59	53	1
59	55	2
59	56	4
59	57	4
59	58	1
60	0	1
60	1	4
60	2	5
60	4	3
60	7	4
60	8	1
60	10	2
60	11	1
60	12	2
60	13	1
60	15	2
60	16	1
60	17	1
60	20	2
60	21	1
60	22	1
60	25	1
60	27	1
60	28	1
60	30	2
60	31	1
60	32	5
60	33	2
60	34	1
60	38	1
60	39	2
60	40	2
60	41	3
60	42	3
60	44	2
60	45	5
60	46	9
60	48	3
60	49	2
60	51	2
60	53	1
60	54	2
60	55	2
60	56	3
60	57	4
60	58	1
60	59	4
