1	0	11
2	0	1
2	1	11
3	0	1
3	2	1
4	3	18
5	0	2
5	1	1
5	2	1
5	3	6
5	4	10
6	1	2
6	3	2
6	4	2
6	5	7
7	0	1
7	3	1
7	4	1
7	5	1
7	6	7
8	1	2
8	2	1
8	3	6
8	4	3
8	5	3
8	6	12
8	7	10
9	2	2
9	3	4
9	4	2
9	5	3
9	6	5
9	7	2
9	8	7
10	3	2
10	4	5
10	5	2
10	6	3
10	7	3
10	8	6
10	9	16
11	2	3
11	3	4
11	4	4
11	5	1
11	6	5
11	7	2
11	8	4
11	9	8
11	10	11
12	4	2
12	5	2
12	6	6
12	7	5
12	8	5
12	9	11
12	10	10
12	11	10
13	1	1
13	2	1
13	3	4
13	4	2
13	5	4
13	6	2
13	7	1
13	8	2
13	9	5
13	10	12
13	11	10
13	12	5
14	1	1
14	3	3
14	4	3
14	6	1
14	7	1
14	8	4
14	9	2
14	10	4
14	12	2
14	13	10
15	1	1
15	4	1
15	5	1
15	6	4
15	7	5
15	8	7
15	9	1
15	10	6
15	11	3
15	12	1
15	13	5
15	14	10
16	3	1
16	4	1
16	5	5
16	6	5
16	7	2
16	8	4
16	9	4
16	10	2
16	11	2
16	12	4
16	13	10
16	14	10
16	15	18
17	1	2
17	3	8
17	4	8
17	5	1
17	6	4
17	7	2
17	8	4
17	9	4
17	10	4
17	11	3
17	12	2
17	13	2
17	14	5
17	15	2
17	16	2
18	3	12
18	4	4
18	5	3
18	6	4
18	7	3
18	8	3
18	9	5
18	10	1
18	11	2
18	12	1
18	14	2
18	15	1
18	17	15
19	2	2
19	3	8
19	4	2
19	5	2
19	6	3
19	7	1
19	8	2
19	9	3
19	10	2
19	11	2
19	12	1
19	13	3
19	14	2
19	15	3
19	17	6
19	18	15
20	3	3
20	4	1
20	5	1
20	7	2
20	9	1
20	10	1
20	11	1
20	13	1
20	14	2
20	15	2
20	16	3
20	17	4
20	18	6
20	19	13
21	2	1
21	3	2
21	4	4
21	5	3
21	6	2
21	7	2
21	8	2
21	9	2
21	10	1
21	11	2
21	12	2
21	13	4
21	14	5
21	15	7
21	16	10
21	17	7
21	18	3
21	19	10
21	20	11
22	2	2
22	3	3
22	4	2
22	5	2
22	6	2
22	7	2
22	8	3
22	9	3
22	10	5
22	11	1
22	12	2
22	13	2
22	14	5
22	15	1
22	16	1
22	17	7
22	18	6
22	19	5
22	20	2
22	21	4
23	1	1
23	3	1
23	4	3
23	5	5
23	6	2
23	7	5
23	8	4
23	9	6
23	10	5
23	12	2
23	13	3
23	14	2
23	16	5
23	17	2
23	18	4
23	20	6
23	21	1
23	22	5
24	3	6
24	4	3
24	5	5
24	6	5
24	7	2
24	8	2
24	9	6
24	10	1
24	11	4
24	12	6
24	13	3
24	15	5
24	16	2
24	17	8
24	18	1
24	19	6
24	20	3
24	21	7
24	22	4
24	23	10
25	2	1
25	3	2
25	4	2
25	5	3
25	6	4
25	7	5
25	8	7
25	9	3
25	10	2
25	11	2
25	12	9
25	13	1
25	14	2
25	15	3
25	16	1
25	17	4
25	18	1
25	19	1
25	20	4
25	21	1
25	22	5
25	23	5
25	24	6
26	1	1
26	3	1
26	4	1
26	5	3
26	8	4
26	9	4
26	10	3
26	12	2
26	13	2
26	15	4
26	18	1
26	19	3
26	20	2
26	22	2
26	23	2
26	24	1
26	25	8
27	1	1
27	2	1
27	3	2
27	4	4
27	5	2
27	6	5
27	7	2
27	8	5
27	9	3
27	10	6
27	11	6
27	12	3
27	13	7
27	14	1
27	15	3
27	16	2
27	17	1
27	18	6
27	19	2
27	20	3
27	21	4
27	22	3
27	23	5
27	24	5
27	25	1
27	26	2
28	3	2
28	4	2
28	5	6
28	6	2
28	7	1
28	8	4
28	9	3
28	10	7
28	11	3
28	12	1
28	13	3
28	14	1
28	15	3
28	16	2
28	17	2
28	18	5
28	19	2
28	20	1
28	21	1
28	22	1
28	23	4
28	24	8
28	25	4
28	26	6
28	27	11
29	0	2
29	3	1
29	4	5
29	5	2
29	6	1
29	8	1
29	9	4
29	10	1
29	11	3
29	12	1
29	13	1
29	14	2
29	15	1
29	17	1
29	19	3
29	22	1
29	23	2
29	24	1
29	25	1
29	26	2
29	27	8
29	28	9
30	1	2
30	2	2
30	3	2
30	4	3
30	5	1
30	6	2
30	7	4
30	8	5
30	9	1
30	10	3
30	11	4
30	12	5
30	13	1
30	14	2
30	16	2
30	18	1
30	19	3
30	23	4
30	24	1
30	25	1
30	27	3
30	29	4
31	1	3
31	2	1
31	3	1
31	4	2
31	5	3
31	6	2
31	7	1
31	8	1
31	9	5
31	10	1
31	11	2
31	12	3
31	13	1
31	15	1
31	18	2
31	19	4
31	20	1
31	21	2
31	22	3
31	23	1
31	28	1
31	29	2
31	30	7
32	2	1
32	4	1
32	5	2
32	6	1
32	8	3
32	9	1
32	10	3
32	11	4
32	15	1
32	16	1
32	18	1
32	19	4
32	22	2
32	24	4
32	25	5
32	28	2
32	29	1
32	30	11
32	31	3
33	2	4
33	4	3
33	6	2
33	7	1
33	8	3
33	9	4
33	10	2
33	11	1
33	12	2
33	15	2
33	16	3
33	23	2
33	24	1
33	25	2
33	26	1
33	27	3
33	28	2
33	29	1
33	30	3
33	31	5
33	32	10
34	0	2
34	1	2
34	4	2
34	5	1
34	6	1
34	7	4
34	8	2
34	9	3
34	10	3
34	11	3
34	12	2
34	13	5
34	22	1
34	24	1
34	25	2
34	27	2
34	28	2
34	29	1
34	30	4
34	31	13
34	32	2
34	33	14
35	1	2
35	2	3
35	3	3
35	4	1
35	5	3
35	6	1
35	7	5
35	8	6
35	9	5
35	10	3
35	11	5
35	12	3
35	13	5
35	14	2
35	15	1
35	17	5
35	19	1
35	20	1
35	21	2
35	22	1
35	23	4
35	24	4
35	25	3
35	26	4
35	27	7
35	28	6
35	29	7
35	30	3
35	31	1
35	32	3
35	33	3
35	34	1
36	3	2
36	4	1
36	5	3
36	6	2
36	7	2
36	8	6
36	9	4
36	10	11
36	11	5
36	12	4
36	13	6
36	14	1
36	16	6
36	17	2
36	18	1
36	19	1
36	20	2
36	21	5
36	22	2
36	23	4
36	24	1
36	25	1
36	26	2
36	27	5
36	28	1
36	29	1
36	30	1
36	31	1
36	33	2
36	35	16
37	2	1
37	4	2
37	6	2
37	7	3
37	8	3
37	9	2
37	10	3
37	11	1
37	12	5
37	13	3
37	14	2
37	15	1
37	16	2
37	17	3
37	18	2
37	20	1
37	21	2
37	22	3
37	23	4
37	24	4
37	25	4
37	26	4
37	27	9
37	28	5
37	29	4
37	30	2
37	34	2
37	35	13
37	36	4
38	1	2
38	2	3
38	3	2
38	4	4
38	5	2
38	6	3
38	7	4
38	8	1
38	9	3
38	10	7
38	11	3
38	12	8
38	13	2
38	14	1
38	15	1
38	17	3
38	18	1
38	19	1
38	20	1
38	21	3
38	22	3
38	23	1
38	24	4
38	25	5
38	26	4
38	27	7
38	28	10
38	29	2
38	30	4
38	31	1
38	32	1
38	33	1
38	34	3
38	35	16
38	36	3
38	37	14
39	0	1
39	3	2
39	5	3
39	6	1
39	8	3
39	9	7
39	10	7
39	11	6
39	12	2
39	13	5
39	14	2
39	15	1
39	16	1
39	17	1
39	21	3
39	22	4
39	23	2
39	24	1
39	25	4
39	26	2
39	29	1
39	30	2
39	31	2
39	33	1
39	34	3
39	35	13
39	36	4
39	37	7
39	38	19
40	1	4
40	3	4
40	4	4
40	5	5
40	6	1
40	8	2
40	9	4
40	10	4
40	11	3
40	12	8
40	13	3
40	14	1
40	16	1
40	17	5
40	18	1
40	19	2
40	20	1
40	21	1
40	22	2
40	23	2
40	24	2
40	25	7
40	26	3
40	27	2
40	28	6
40	29	9
40	30	2
40	31	4
40	32	3
40	33	2
40	34	1
40	35	5
40	36	2
40	37	10
40	38	7
40	39	6
41	2	4
41	4	2
41	5	1
41	6	2
41	7	1
41	8	4
41	9	1
41	10	7
41	11	3
41	12	7
41	13	2
41	14	1
41	15	1
41	16	4
41	17	3
41	18	1
41	19	2
41	20	1
41	22	3
41	23	1
41	24	1
41	25	4
41	27	1
41	28	8
41	29	1
41	31	6
41	32	5
41	33	3
41	34	2
41	35	2
41	36	1
41	37	3
41	38	7
41	39	5
41	40	9
42	0	2
42	1	2
42	3	1
42	4	1
42	5	2
42	6	3
42	7	1
42	8	4
42	9	3
42	10	3
42	12	5
42	13	2
42	14	2
42	16	3
42	17	2
42	20	2
42	21	1
42	22	1
42	24	2
42	27	1
42	28	5
42	30	6
42	31	8
42	32	4
42	33	2
42	34	5
42	35	2
42	37	2
42	38	1
42	40	5
42	41	7
43	2	2
43	4	3
43	5	6
43	6	2
43	7	2
43	8	1
43	9	1
43	10	2
43	12	2
43	13	5
43	15	1
43	19	1
43	25	1
43	27	1
43	28	2
43	29	1
43	30	3
43	31	3
43	32	4
43	33	9
43	34	6
43	35	2
43	37	2
43	38	2
43	39	2
43	40	2
43	41	6
44	0	1
44	1	3
44	4	3
44	5	2
44	7	2
44	8	1
44	9	1
44	10	2
44	11	4
44	12	5
44	13	2
44	15	1
44	17	1
44	22	1
44	23	1
44	24	2
44	27	2
44	28	3
44	30	3
44	31	2
44	32	7
44	33	4
44	34	3
44	35	1
44	36	2
44	38	1
44	40	2
44	41	1
44	43	10
45	2	3
45	3	1
45	7	1
45	8	5
45	9	1
45	12	1
45	13	2
45	15	2
45	16	2
45	17	1
45	25	1
45	27	3
45	28	1
45	30	2
45	31	2
45	32	4
45	33	6
45	34	2
45	35	2
45	38	2
45	39	2
45	40	1
45	41	1
45	42	2
45	43	4
45	44	9
46	0	1
46	1	2
46	2	2
46	3	2
46	5	1
46	6	1
46	8	2
46	9	3
46	10	2
46	11	1
46	12	1
46	13	3
46	15	1
46	18	1
46	19	1
46	25	4
46	27	2
46	28	2
46	31	1
46	32	4
46	33	2
46	34	2
46	35	1
46	36	1
46	39	6
46	40	3
46	41	1
46	42	5
46	43	5
46	44	7
46	45	7
47	0	2
47	2	1
47	3	3
47	4	2
47	5	3
47	6	4
47	7	2
47	8	4
47	9	3
47	10	5
47	11	3
47	12	2
47	13	6
47	14	3
47	15	1
47	16	1
47	17	2
47	19	1
47	23	4
47	24	1
47	25	2
47	27	1
47	28	2
47	29	1
47	30	7
47	31	3
47	32	3
47	33	1
47	34	5
47	35	1
47	36	1
47	37	2
47	38	2
47	39	1
47	40	6
47	41	2
47	42	6
47	43	3
47	44	2
47	45	1
47	46	3
48	2	2
48	4	1
48	6	4
48	7	5
48	8	7
48	9	5
48	10	7
48	11	2
48	12	3
48	13	5
48	14	2
48	15	3
48	16	3
48	19	2
48	20	1
48	21	4
48	22	4
48	23	2
48	24	1
48	27	2
48	28	3
48	29	3
48	30	2
48	31	3
48	32	3
48	33	5
48	34	1
48	35	2
48	36	3
48	37	2
48	38	4
48	39	1
48	40	2
48	41	3
48	42	7
48	43	1
48	44	4
48	45	7
48	46	3
48	47	8
49	2	1
49	3	3
49	4	1
49	5	5
49	6	11
49	7	5
49	8	11
49	9	7
49	10	8
49	11	6
49	12	8
49	13	9
49	14	2
49	15	5
49	16	7
49	17	4
49	18	1
49	19	8
49	20	2
49	21	3
49	22	2
49	23	2
49	24	8
49	25	6
49	27	6
49	28	3
49	29	1
49	30	4
49	31	4
49	32	3
49	33	1
49	34	2
49	35	1
49	36	3
49	37	1
49	38	1
49	39	3
49	40	4
49	41	2
49	42	7
49	43	4
49	44	3
49	45	2
49	46	2
49	47	1
49	48	15
50	4	2
50	5	3
50	6	4
50	7	7
50	8	7
50	9	3
50	10	5
50	11	2
50	12	8
50	13	4
50	14	1
50	15	5
50	16	3
50	19	2
50	20	1
50	21	1
50	22	2
50	23	2
50	24	1
50	29	2
50	30	5
50	31	3
50	35	1
50	36	3
50	37	4
50	38	2
50	39	1
50	40	4
50	41	1
50	42	1
50	43	3
50	44	2
50	45	2
50	46	5
50	47	5
50	48	4
50	49	7
51	1	1
51	3	3
51	4	3
51	6	6
51	7	5
51	8	11
51	9	4
51	10	8
51	11	6
51	12	6
51	13	3
51	15	6
51	16	5
51	17	1
51	18	1
51	19	2
51	21	2
51	22	4
51	23	1
51	24	2
51	25	5
51	27	1
51	28	1
51	30	1
51	31	2
51	32	2
51	33	1
51	35	4
51	36	2
51	37	3
51	38	3
51	40	5
51	41	3
51	42	3
51	43	5
51	44	2
51	47	2
51	48	3
51	49	7
51	50	7
52	3	2
52	4	2
52	5	4
52	6	6
52	7	2
52	8	6
52	9	2
52	10	8
52	11	4
52	12	5
52	13	5
52	14	2
52	15	4
52	16	6
52	17	1
52	18	1
52	19	2
52	21	3
52	23	1
52	24	3
52	25	2
52	27	1
52	28	4
52	30	2
52	31	2
52	33	2
52	35	4
52	36	2
52	37	2
52	38	2
52	39	2
52	41	3
52	42	3
52	43	3
52	44	1
52	45	1
52	46	1
52	47	2
52	48	3
52	49	5
52	50	7
52	51	17
53	1	1
53	3	4
53	4	1
53	6	8
53	7	5
53	8	11
53	9	4
53	10	6
53	11	2
53	12	3
53	13	6
53	14	1
53	16	2
53	17	6
53	18	3
53	19	1
53	21	1
53	22	3
53	23	2
53	24	3
53	25	1
53	26	1
53	27	3
53	28	4
53	29	3
53	30	2
53	32	4
53	33	4
53	34	2
53	35	4
53	36	1
53	37	1
53	38	8
53	39	1
53	40	3
53	41	5
53	42	5
53	43	3
53	44	1
53	45	1
53	46	1
53	47	5
53	48	8
53	49	10
53	50	5
53	51	2
53	52	4
54	3	2
54	4	1
54	5	6
54	6	9
54	7	3
54	8	5
54	9	2
54	10	4
54	11	2
54	12	1
54	13	1
54	14	3
54	15	3
54	16	1
54	17	2
54	18	3
54	19	4
54	20	2
54	21	1
54	22	3
54	23	4
54	24	3
54	25	1
54	26	2
54	27	6
54	28	5
54	30	3
54	31	4
54	32	2
54	33	3
54	34	2
54	36	1
54	37	1
54	38	3
54	39	2
54	40	3
54	41	3
54	42	5
54	43	4
54	44	1
54	45	1
54	46	5
54	47	5
54	48	3
54	49	6
54	50	3
54	51	2
54	52	1
54	53	7
55	1	1
55	3	4
55	4	4
55	5	4
55	6	7
55	7	1
55	8	5
55	9	5
55	10	2
55	11	6
55	12	2
55	13	3
55	15	1
55	16	2
55	17	1
55	18	2
55	19	2
55	20	1
55	21	5
55	22	2
55	23	2
55	24	4
55	25	3
55	26	2
55	27	4
55	28	2
55	29	2
55	30	4
55	31	2
55	32	6
55	33	4
55	34	4
55	35	1
55	37	1
55	38	2
55	39	5
55	40	3
55	41	5
55	42	4
55	43	3
55	44	3
55	45	3
55	46	8
55	47	2
55	48	3
55	49	8
55	50	1
55	51	2
55	52	2
55	53	9
55	54	11
56	1	1
56	2	2
56	3	2
56	4	2
56	6	7
56	7	3
56	8	3
56	10	2
56	11	1
56	12	2
56	13	2
56	14	3
56	15	2
56	16	4
56	17	6
56	18	3
56	19	2
56	20	2
56	22	1
56	23	2
56	24	1
56	25	1
56	26	2
56	28	3
56	29	1
56	30	4
56	31	3
56	32	3
56	33	4
56	34	3
56	36	2
56	37	1
56	38	3
56	39	1
56	40	3
56	41	2
56	42	4
56	43	2
56	44	1
56	46	1
56	47	2
56	48	2
56	49	3
56	50	5
56	51	6
56	52	3
56	53	6
56	54	8
56	55	11
57	2	1
57	3	2
57	4	5
57	5	3
57	6	12
57	7	10
57	8	3
57	9	5
57	10	1
57	11	1
57	12	2
57	13	6
57	14	3
57	15	1
57	16	4
57	17	2
57	18	2
57	19	1
57	20	3
57	21	4
57	22	1
57	23	1
57	24	5
57	25	1
57	26	1
57	27	3
57	28	4
57	29	3
57	30	7
57	31	1
57	32	4
57	34	2
57	35	1
57	36	2
57	37	2
57	38	1
57	39	1
57	40	4
57	41	1
57	42	4
57	43	5
57	44	1
57	45	1
57	46	2
57	47	3
57	48	2
57	50	7
57	51	6
57	52	8
57	53	5
57	54	4
57	55	8
57	56	9
58	1	3
58	4	2
58	5	2
58	6	1
58	7	1
58	8	2
58	9	2
58	10	1
58	11	2
58	12	5
58	13	3
58	14	1
58	15	1
58	16	1
58	17	1
58	18	1
58	19	1
58	20	2
58	21	1
58	22	1
58	23	3
58	24	5
58	25	2
58	27	1
58	28	3
58	29	1
58	30	6
58	31	3
58	32	2
58	34	2
58	35	1
58	36	3
58	38	1
58	39	2
58	40	2
58	41	3
58	42	1
58	45	3
58	46	2
58	47	6
58	49	4
58	50	3
58	51	6
58	52	1
58	53	5
58	54	1
58	55	10
58	56	8
58	57	14
59	0	1
59	2	1
59	3	1
59	4	5
59	5	1
59	7	1
59	9	2
59	10	2
59	14	1
59	15	1
59	18	3
59	19	2
59	22	1
59	23	3
59	24	2
59	25	1
59	26	1
59	27	3
59	28	4
59	31	3
59	33	4
59	34	1
59	35	1
59	36	2
59	39	1
59	40	3
59	41	3
59	43	5
59	45	3
59	46	3
59	47	2
59	49	1
59	50	2
59	52	3
59	53	3
59	54	1
59	55	4
59	56	2
59	57	2
59	58	3
60	2	2
60	4	1
60	5	1
60	7	1
60	8	2
60	9	2
60	11	1
60	13	3
60	20	2
60	21	1
60	22	1
60	27	2
60	28	1
60	30	3
60	32	8
60	33	2
60	34	1
60	38	1
60	39	3
60	40	1
60	41	2
60	42	2
60	43	5
60	44	3
60	45	2
60	46	1
60	47	3
60	48	1
60	49	3
60	51	2
60	52	2
60	53	1
60	54	4
60	55	2
60	56	2
60	57	1
60	58	1
60	59	1
