1	0	10
2	0	5
2	1	5
3	0	1
4	3	11
5	1	1
5	3	7
5	4	9
6	3	2
6	4	6
6	5	5
7	0	1
7	1	1
7	4	3
7	5	4
7	6	9
8	1	1
8	4	5
8	5	5
8	6	15
8	7	11
9	2	1
9	3	1
9	4	6
9	5	3
9	6	4
9	7	2
9	8	4
10	0	1
10	1	1
10	2	1
10	4	1
10	5	2
10	6	3
10	7	4
10	8	5
10	9	15
11	2	1
11	3	4
11	4	3
11	5	3
11	6	1
11	7	2
11	8	6
11	9	12
11	10	10
12	3	1
12	4	3
12	5	5
12	6	5
12	7	2
12	8	7
12	9	9
12	10	13
12	11	17
13	2	1
13	3	2
13	4	3
13	5	3
13	6	3
13	7	8
13	8	4
13	9	5
13	10	12
13	11	3
13	12	11
14	1	1
14	3	1
14	4	3
14	5	2
14	7	2
14	8	2
14	9	4
14	10	2
14	11	1
14	12	6
14	13	5
15	0	1
15	1	2
15	3	4
15	4	1
15	5	2
15	6	3
15	7	5
15	8	4
15	10	7
15	11	2
15	12	4
15	13	13
15	14	13
16	1	2
16	3	2
16	4	1
16	6	2
16	7	5
16	8	10
16	9	4
16	10	3
16	11	2
16	12	4
16	13	7
16	14	5
16	15	6
17	2	2
17	3	5
17	4	2
17	5	7
17	7	2
17	8	4
17	9	1
17	10	6
17	12	3
17	13	1
17	14	3
17	15	4
17	16	1
18	2	1
18	3	7
18	4	10
18	5	4
18	6	4
18	7	3
18	8	2
18	9	3
18	10	1
18	13	3
18	14	2
18	15	6
18	16	4
18	17	11
19	1	1
19	3	3
19	4	3
19	5	1
19	6	2
19	7	3
19	8	5
19	9	2
19	10	2
19	12	2
19	13	4
19	14	3
19	15	4
19	16	2
19	17	8
19	18	14
20	3	1
20	4	2
20	5	4
20	6	1
20	7	3
20	8	1
20	10	2
20	11	3
20	12	2
20	13	2
20	14	5
20	15	9
20	16	1
20	17	5
20	18	2
20	19	3
21	3	1
21	4	2
21	5	5
21	7	2
21	8	5
21	10	2
21	11	1
21	12	2
21	13	1
21	14	8
21	15	7
21	16	7
21	17	2
21	18	4
21	19	8
21	20	17
22	2	1
22	3	3
22	4	1
22	5	3
22	6	5
22	7	1
22	8	2
22	9	2
22	10	2
22	11	3
22	12	1
22	13	2
22	14	3
22	15	1
22	16	4
22	17	4
22	18	4
22	19	3
22	20	5
22	21	4
23	3	3
23	4	4
23	5	2
23	6	3
23	7	2
23	8	4
23	9	3
23	10	3
23	11	1
23	12	4
23	13	2
23	14	2
23	15	1
23	16	4
23	17	2
23	18	4
23	19	5
23	20	4
23	21	1
23	22	5
24	4	7
24	5	5
24	6	3
24	8	3
24	9	4
24	10	6
24	11	2
24	12	3
24	14	4
24	15	2
24	16	4
24	17	4
24	18	3
24	19	7
24	20	4
24	21	4
24	22	3
24	23	6
25	1	2
25	2	1
25	3	2
25	4	7
25	5	3
25	6	4
25	8	3
25	9	2
25	10	10
25	11	2
25	12	2
25	13	3
25	14	1
25	15	3
25	16	1
25	17	3
25	18	1
25	19	1
25	20	1
25	21	3
25	22	3
25	23	7
25	24	5
26	1	1
26	3	5
26	4	1
26	5	2
26	8	3
26	9	3
26	10	4
26	11	2
26	12	2
26	13	3
26	14	1
26	17	1
26	18	1
26	19	1
26	20	2
26	21	1
26	22	2
26	23	2
26	24	6
26	25	8
27	1	1
27	3	3
27	4	5
27	5	9
27	7	6
27	8	4
27	10	5
27	11	4
27	12	4
27	13	5
27	14	4
27	15	4
27	16	2
27	17	3
27	18	3
27	19	4
27	20	1
27	21	6
27	22	2
27	23	1
27	24	7
27	25	6
27	26	2
28	2	2
28	3	1
28	4	2
28	5	7
28	6	2
28	7	3
28	8	2
28	9	5
28	10	5
28	11	3
28	12	3
28	13	5
28	14	2
28	15	5
28	16	5
28	17	1
28	18	4
28	19	6
28	20	2
28	21	4
28	22	2
28	23	4
28	24	5
28	25	4
28	26	3
28	27	12
29	0	1
29	3	4
29	4	3
29	5	3
29	6	1
29	7	1
29	8	3
29	9	3
29	10	5
29	11	1
29	12	1
29	13	3
29	14	1
29	15	1
29	17	3
29	19	2
29	23	3
29	25	1
29	26	1
29	27	1
29	28	14
30	1	1
30	2	3
30	3	2
30	4	3
30	5	4
30	6	1
30	8	2
30	9	5
30	10	2
30	11	2
30	12	3
30	13	1
30	14	1
30	15	4
30	16	3
30	19	2
30	21	1
30	24	2
30	25	1
30	27	3
30	28	9
30	29	1
31	1	1
31	2	3
31	3	1
31	4	1
31	5	1
31	6	1
31	7	1
31	8	2
31	9	1
31	10	1
31	11	3
31	13	2
31	16	3
31	18	2
31	19	1
31	20	1
31	24	3
31	25	3
31	27	1
31	28	2
31	29	4
31	30	7
32	2	3
32	4	2
32	5	2
32	6	2
32	8	2
32	11	4
32	12	1
32	16	1
32	23	1
32	24	1
32	25	4
32	28	1
32	29	2
32	30	4
32	31	6
33	0	2
33	1	1
33	3	2
33	4	3
33	5	2
33	6	5
33	7	1
33	8	1
33	9	2
33	12	1
33	16	2
33	17	1
33	22	4
33	23	1
33	25	4
33	26	2
33	27	4
33	30	8
33	31	7
33	32	12
34	1	1
34	2	2
34	4	3
34	5	2
34	6	5
34	7	3
34	8	3
34	9	2
34	10	3
34	11	2
34	12	2
34	13	1
34	16	1
34	17	1
34	23	3
34	24	3
34	25	3
34	27	4
34	28	2
34	29	2
34	30	4
34	31	11
34	32	4
34	33	23
35	4	2
35	5	2
35	6	2
35	7	1
35	8	1
35	9	5
35	10	6
35	11	6
35	12	4
35	13	6
35	14	2
35	15	3
35	16	2
35	17	5
35	18	1
35	19	2
35	20	2
35	22	3
35	23	5
35	24	3
35	25	8
35	26	3
35	27	10
35	28	7
35	29	1
35	30	2
35	31	1
35	32	1
35	33	2
35	34	1
36	3	3
36	5	2
36	6	1
36	7	3
36	8	6
36	9	6
36	10	7
36	11	5
36	12	5
36	13	2
36	14	4
36	15	1
36	17	1
36	19	4
36	20	1
36	21	1
36	23	2
36	24	6
36	25	2
36	27	6
36	28	4
36	29	1
36	30	3
36	31	2
36	32	3
36	35	11
37	4	6
37	5	4
37	6	5
37	7	3
37	8	1
37	9	2
37	10	4
37	11	2
37	12	1
37	13	2
37	14	2
37	15	1
37	16	1
37	17	2
37	18	2
37	19	3
37	20	1
37	21	4
37	22	6
37	23	6
37	24	3
37	25	9
37	27	9
37	28	4
37	29	1
37	30	3
37	31	1
37	33	3
37	34	1
37	35	14
37	36	4
38	1	2
38	2	1
38	3	1
38	4	4
38	5	5
38	6	5
38	7	7
38	8	3
38	9	6
38	10	5
38	11	4
38	12	4
38	13	3
38	14	3
38	15	2
38	16	1
38	17	2
38	18	3
38	19	1
38	20	2
38	21	4
38	22	4
38	23	5
38	24	3
38	25	5
38	26	3
38	27	8
38	28	5
38	29	4
38	30	3
38	31	1
38	32	2
38	33	3
38	34	3
38	35	15
38	36	4
38	37	6
39	0	1
39	6	1
39	7	2
39	8	1
39	9	3
39	10	3
39	11	4
39	12	3
39	13	4
39	15	1
39	16	3
39	17	2
39	19	2
39	20	1
39	22	2
39	24	1
39	25	6
39	26	1
39	27	7
39	28	10
39	29	4
39	30	2
39	31	2
39	32	3
39	33	2
39	34	4
39	35	7
39	36	5
39	37	5
39	38	15
40	1	1
40	3	2
40	4	5
40	5	2
40	7	1
40	8	1
40	9	4
40	10	6
40	11	1
40	12	3
40	13	2
40	15	1
40	16	1
40	17	1
40	18	5
40	19	3
40	20	1
40	21	4
40	22	6
40	23	2
40	24	4
40	25	4
40	26	4
40	27	4
40	28	9
40	29	7
40	30	4
40	31	6
40	32	3
40	33	2
40	34	1
40	35	9
40	36	1
40	37	4
40	38	13
40	39	3
41	1	4
41	2	1
41	3	1
41	5	2
41	6	2
41	7	4
41	8	5
41	9	4
41	10	2
41	11	5
41	12	4
41	13	2
41	15	2
41	16	5
41	17	6
41	19	2
41	20	2
41	21	2
41	22	3
41	23	1
41	24	2
41	25	1
41	26	2
41	27	4
41	28	8
41	29	3
41	30	4
41	31	4
41	32	4
41	33	3
41	34	1
41	35	3
41	36	2
41	37	9
41	38	9
41	39	1
41	40	12
42	0	1
42	4	2
42	5	5
42	7	5
42	8	1
42	10	4
42	11	1
42	12	1
42	13	4
42	14	3
42	15	2
42	16	3
42	18	1
42	21	3
42	22	1
42	24	3
42	25	2
42	27	1
42	28	3
42	29	1
42	30	11
42	31	6
42	33	8
42	34	4
42	35	2
42	37	2
42	39	2
42	40	4
42	41	11
43	2	1
43	4	3
43	5	5
43	6	1
43	7	3
43	8	1
43	10	3
43	11	2
43	12	2
43	13	1
43	14	3
43	16	1
43	17	1
43	18	3
43	24	3
43	25	1
43	27	1
43	28	3
43	29	1
43	30	7
43	31	6
43	32	6
43	33	9
43	34	6
43	37	1
43	38	4
43	41	6
43	42	3
44	1	1
44	2	1
44	4	1
44	5	1
44	6	2
44	8	4
44	9	2
44	10	2
44	11	1
44	12	1
44	13	3
44	14	2
44	16	2
44	17	1
44	19	1
44	24	3
44	28	1
44	29	1
44	30	3
44	31	3
44	32	7
44	33	7
44	34	2
44	38	2
44	40	1
44	41	4
44	42	4
44	43	10
45	1	1
45	7	1
45	8	3
45	9	1
45	12	2
45	13	1
45	14	1
45	16	1
45	17	1
45	22	1
45	25	2
45	27	2
45	28	2
45	30	2
45	31	1
45	32	4
45	33	2
45	34	6
45	38	2
45	40	2
45	41	2
45	42	3
45	43	12
45	44	6
46	0	3
46	1	2
46	2	2
46	4	2
46	5	2
46	6	1
46	8	1
46	9	1
46	10	1
46	13	4
46	15	2
46	18	1
46	20	1
46	25	1
46	27	2
46	28	2
46	30	1
46	31	4
46	32	8
46	33	3
46	34	5
46	35	1
46	36	2
46	38	3
46	40	4
46	41	1
46	42	3
46	43	3
46	44	6
46	45	7
47	0	1
47	3	1
47	4	4
47	5	6
47	6	3
47	7	2
47	8	4
47	9	4
47	10	3
47	11	6
47	12	6
47	13	3
47	14	2
47	15	3
47	17	2
47	18	1
47	19	3
47	20	1
47	21	2
47	23	1
47	24	2
47	25	5
47	27	3
47	28	2
47	29	2
47	30	2
47	31	4
47	32	3
47	33	5
47	34	3
47	35	4
47	36	3
47	37	1
47	38	3
47	39	4
47	40	1
47	41	2
47	42	4
47	43	1
47	44	3
47	45	2
47	46	2
48	0	2
48	1	1
48	2	1
48	4	1
48	5	1
48	6	1
48	7	1
48	8	4
48	9	1
48	10	5
48	11	2
48	12	8
48	13	2
48	14	1
48	15	6
48	16	3
48	17	2
48	18	5
48	19	3
48	20	4
48	21	3
48	22	1
48	23	1
48	24	1
48	25	1
48	27	2
48	28	5
48	29	3
48	30	5
48	31	2
48	32	1
48	33	2
48	36	4
48	37	3
48	38	2
48	39	4
48	40	4
48	41	6
48	42	4
48	43	4
48	44	1
48	45	2
48	47	11
49	2	1
49	3	2
49	4	5
49	5	7
49	6	7
49	7	9
49	8	17
49	9	9
49	10	8
49	11	9
49	12	6
49	13	9
49	14	5
49	15	2
49	16	4
49	17	4
49	18	3
49	19	5
49	20	2
49	21	1
49	23	8
49	24	2
49	25	3
49	26	1
49	27	6
49	28	11
49	29	4
49	30	3
49	31	1
49	32	5
49	33	2
49	34	5
49	35	5
49	36	3
49	37	2
49	38	1
49	39	6
49	40	6
49	41	3
49	42	5
49	43	2
49	44	2
49	45	3
49	46	2
49	47	8
49	48	11
50	2	1
50	3	1
50	4	3
50	5	1
50	6	3
50	7	8
50	8	7
50	9	3
50	10	3
50	11	3
50	12	4
50	13	3
50	14	3
50	15	5
50	16	4
50	17	2
50	18	3
50	19	3
50	20	1
50	21	1
50	22	3
50	24	2
50	25	1
50	27	2
50	28	1
50	29	1
50	30	2
50	31	2
50	35	4
50	36	1
50	37	5
50	38	2
50	39	2
50	40	2
50	41	2
50	43	4
50	44	1
50	45	2
50	46	1
50	47	8
50	48	9
50	49	5
51	1	1
51	3	2
51	4	3
51	5	3
51	6	7
51	7	10
51	8	4
51	9	2
51	10	4
51	11	4
51	12	3
51	13	4
51	14	4
51	15	10
51	16	5
51	17	4
51	18	2
51	19	5
51	20	3
51	21	3
51	22	4
51	23	6
51	24	2
51	25	1
51	27	2
51	28	3
51	29	1
51	30	1
51	31	2
51	32	2
51	33	3
51	34	1
51	35	2
51	36	2
51	37	1
51	38	4
51	39	4
51	40	2
51	41	1
51	42	5
51	43	3
51	44	2
51	45	1
51	46	1
51	47	2
51	48	7
51	49	7
51	50	13
52	3	5
52	5	2
52	6	7
52	7	4
52	8	7
52	9	3
52	10	6
52	11	1
52	12	3
52	13	4
52	14	2
52	15	6
52	16	3
52	17	5
52	19	2
52	20	2
52	21	2
52	22	4
52	23	1
52	25	5
52	26	3
52	27	2
52	28	2
52	29	4
52	30	5
52	31	4
52	32	1
52	34	1
52	35	3
52	36	3
52	37	1
52	38	2
52	39	3
52	40	1
52	41	3
52	42	2
52	43	3
52	44	2
52	45	3
52	46	1
52	47	4
52	48	7
52	49	8
52	50	5
52	51	15
53	2	1
53	4	2
53	5	3
53	6	6
53	7	6
53	8	11
53	9	3
53	10	5
53	11	5
53	12	9
53	13	1
53	14	1
53	15	1
53	16	1
53	17	3
53	18	1
53	19	2
53	20	2
53	21	3
53	23	1
53	24	3
53	25	5
53	27	4
53	28	5
53	29	5
53	30	6
53	31	2
53	32	5
53	33	4
53	34	2
53	35	1
53	36	1
53	37	1
53	38	5
53	39	3
53	40	4
53	41	7
53	42	1
53	43	2
53	44	3
53	45	2
53	46	2
53	47	4
53	48	8
53	49	10
53	50	3
53	51	2
53	52	7
54	4	3
54	5	2
54	6	4
54	7	2
54	8	5
54	9	6
54	10	3
54	11	2
54	12	1
54	13	3
54	14	1
54	15	2
54	16	3
54	17	4
54	19	4
54	20	1
54	21	1
54	22	2
54	23	3
54	24	5
54	25	3
54	27	6
54	28	4
54	29	5
54	30	8
54	31	4
54	32	3
54	33	6
54	34	3
54	35	2
54	36	3
54	37	1
54	38	4
54	39	1
54	40	3
54	41	4
54	42	7
54	43	2
54	44	2
54	45	1
54	46	1
54	47	4
54	48	3
54	49	5
54	50	5
54	51	5
54	52	5
54	53	7
55	1	2
55	3	4
55	4	1
55	5	4
55	6	2
55	8	10
55	9	6
55	10	3
55	11	1
55	12	5
55	13	3
55	15	3
55	16	2
55	17	4
55	19	3
55	20	1
55	21	3
55	22	2
55	23	4
55	24	4
55	25	2
55	27	3
55	28	2
55	29	1
55	30	4
55	31	7
55	32	1
55	33	5
55	34	3
55	35	3
55	36	3
55	37	3
55	39	2
55	40	4
55	41	2
55	42	4
55	43	9
55	45	2
55	46	2
55	48	6
55	49	5
55	50	1
55	51	4
55	52	8
55	53	13
55	54	9
56	0	2
56	3	5
56	4	7
56	5	6
56	6	4
56	7	1
56	8	6
56	9	2
56	10	1
56	11	5
56	12	1
56	13	5
56	14	1
56	15	2
56	16	2
56	17	2
56	18	2
56	19	4
56	20	1
56	22	3
56	24	3
56	25	1
56	26	1
56	27	1
56	28	3
56	29	2
56	30	3
56	31	1
56	32	3
56	33	3
56	34	1
56	35	1
56	36	1
56	37	1
56	38	3
56	39	2
56	40	1
56	41	3
56	42	4
56	43	7
56	44	3
56	45	4
56	46	2
56	47	2
56	48	6
56	49	4
56	50	5
56	53	3
56	54	8
56	55	14
57	3	4
57	4	7
57	5	5
57	6	10
57	7	1
57	8	4
57	9	2
57	10	3
57	11	2
57	12	4
57	13	5
57	14	4
57	15	5
57	16	2
57	17	4
57	18	2
57	19	2
57	20	1
57	21	3
57	22	2
57	23	2
57	24	5
57	25	3
57	26	1
57	27	2
57	28	5
57	29	3
57	31	5
57	34	3
57	35	2
57	36	4
57	37	2
57	38	5
57	39	1
57	40	4
57	41	1
57	42	2
57	43	2
57	44	2
57	45	1
57	46	1
57	47	3
57	48	6
57	49	5
57	50	1
57	51	3
57	52	5
57	53	4
57	54	4
57	55	6
57	56	2
58	0	1
58	3	3
58	4	4
58	5	3
58	6	7
58	7	6
58	8	7
58	9	2
58	10	1
58	11	2
58	13	1
58	14	2
58	15	3
58	16	3
58	17	1
58	18	1
58	19	6
58	21	4
58	22	2
58	23	2
58	24	5
58	25	4
58	26	1
58	27	5
58	28	1
58	29	1
58	30	1
58	32	4
58	33	3
58	34	3
58	35	1
58	37	2
58	38	2
58	39	2
58	40	1
58	41	1
58	42	4
58	44	2
58	46	1
58	47	7
58	48	4
58	49	2
58	50	2
58	52	2
58	53	7
58	54	5
58	55	6
58	56	6
58	57	8
59	0	1
59	2	1
59	3	1
59	4	1
59	5	2
59	6	2
59	8	1
59	9	2
59	10	2
59	12	1
59	14	1
59	15	1
59	16	1
59	17	1
59	18	1
59	19	3
59	22	1
59	23	2
59	24	1
59	25	1
59	26	2
59	27	2
59	28	3
59	29	1
59	30	2
59	31	2
59	33	1
59	34	1
59	35	1
59	38	2
59	39	1
59	40	1
59	41	1
59	43	2
59	44	1
59	45	2
59	46	4
59	47	1
59	49	1
59	50	1
59	51	4
59	53	4
59	54	4
59	55	1
59	56	1
59	57	1
59	58	1
60	0	2
60	1	2
60	2	5
60	7	2
60	8	6
60	9	1
60	11	2
60	12	4
60	13	1
60	15	4
60	16	1
60	17	1
60	21	3
60	22	1
60	25	2
60	28	1
60	30	3
60	31	3
60	32	1
60	33	3
60	34	2
60	36	1
60	38	1
60	40	1
60	43	1
60	44	3
60	46	8
60	47	6
60	48	2
60	49	4
60	51	2
60	53	2
60	54	3
60	55	2
60	56	1
60	57	1
