1	0	7
2	0	5
2	1	12
3	0	2
4	1	2
4	3	7
5	0	1
5	1	1
5	3	2
5	4	9
6	3	1
6	4	4
6	5	6
7	0	1
7	1	2
7	3	2
7	4	2
7	5	2
7	6	11
8	2	1
8	3	2
8	4	1
8	5	5
8	6	11
8	7	4
9	2	3
9	3	2
9	4	2
9	5	1
9	6	7
9	7	4
9	8	8
10	3	5
10	4	2
10	5	2
10	6	4
10	7	4
10	8	8
10	9	10
11	1	1
11	3	1
11	4	2
11	5	1
11	7	1
11	8	4
11	9	14
11	10	15
12	1	1
12	3	2
12	4	2
12	5	4
12	6	2
12	7	3
12	8	6
12	9	7
12	10	16
12	11	11
13	2	2
13	3	1
13	4	1
13	5	2
13	6	4
13	7	4
13	8	5
13	9	8
13	10	10
13	11	3
13	12	5
14	0	2
14	3	4
14	4	1
14	5	3
14	6	4
14	7	4
14	8	3
14	9	4
14	10	6
14	12	2
14	13	6
15	0	5
15	1	1
15	3	1
15	4	3
15	5	3
15	6	2
15	7	5
15	8	3
15	9	4
15	10	5
15	11	2
15	12	2
15	13	6
15	14	15
16	0	1
16	1	1
16	4	3
16	5	6
16	6	2
16	7	7
16	8	6
16	9	7
16	10	9
16	11	3
16	12	2
16	13	5
16	14	7
16	15	13
17	2	1
17	3	1
17	4	2
17	5	2
17	6	4
17	7	2
17	8	4
17	9	10
17	10	3
17	11	1
17	12	1
17	13	3
17	14	1
17	16	3
18	0	1
18	3	2
18	4	12
18	5	2
18	6	1
18	7	2
18	8	1
18	9	4
18	10	2
18	11	1
18	12	1
18	13	5
18	14	2
18	15	2
18	16	4
18	17	5
19	1	3
19	2	2
19	3	7
19	4	2
19	5	3
19	6	1
19	7	2
19	8	4
19	9	2
19	10	4
19	11	1
19	12	3
19	13	4
19	14	3
19	15	3
19	16	3
19	17	4
19	18	13
20	3	3
20	4	3
20	5	4
20	6	2
20	7	1
20	8	1
20	10	1
20	11	5
20	12	3
20	13	3
20	14	4
20	15	3
20	16	3
20	17	4
20	18	1
20	19	3
21	3	1
21	4	4
21	5	4
21	6	1
21	7	4
21	8	3
21	9	4
21	10	3
21	11	3
21	12	3
21	13	5
21	14	5
21	15	4
21	16	3
21	17	6
21	18	4
21	19	1
21	20	4
22	3	2
22	4	2
22	5	2
22	6	4
22	7	2
22	8	3
22	9	1
22	10	4
22	11	2
22	13	1
22	14	1
22	15	1
22	16	3
22	17	9
22	18	6
22	19	5
22	20	6
22	21	3
23	1	1
23	3	3
23	4	1
23	5	4
23	6	1
23	7	2
23	8	1
23	9	7
23	10	3
23	11	2
23	12	3
23	13	3
23	14	3
23	15	2
23	16	3
23	17	6
23	18	6
23	19	1
23	20	2
23	21	2
23	22	6
24	3	3
24	4	5
24	5	3
24	6	3
24	7	4
24	8	9
24	9	8
24	10	2
24	11	1
24	12	5
24	13	4
24	15	3
24	16	4
24	17	3
24	18	4
24	19	7
24	20	3
24	21	6
24	22	6
24	23	9
25	2	1
25	3	5
25	4	3
25	5	2
25	6	1
25	7	6
25	8	2
25	9	1
25	10	4
25	11	1
25	12	2
25	15	2
25	17	5
25	18	5
25	19	2
25	20	1
25	21	3
25	22	9
25	23	4
25	24	6
26	1	2
26	3	2
26	4	3
26	5	3
26	8	5
26	9	2
26	10	1
26	11	2
26	12	1
26	14	5
26	15	2
26	17	2
26	18	2
26	20	4
26	22	2
26	24	1
26	25	1
27	4	5
27	6	5
27	7	1
27	8	4
27	9	10
27	10	4
27	11	5
27	12	6
27	13	7
27	15	1
27	17	4
27	18	4
27	19	2
27	20	1
27	21	2
27	22	4
27	23	3
27	24	6
27	25	4
28	2	2
28	3	2
28	4	2
28	5	2
28	6	4
28	8	3
28	9	1
28	10	4
28	12	3
28	13	3
28	14	2
28	15	1
28	16	1
28	17	4
28	18	4
28	19	3
28	20	4
28	21	1
28	22	4
28	23	2
28	24	4
28	25	5
28	26	7
28	27	6
29	4	1
29	7	1
29	8	1
29	9	2
29	10	4
29	11	3
29	12	1
29	13	1
29	14	1
29	17	3
29	19	1
29	21	4
29	22	3
29	23	3
29	24	1
29	25	2
29	26	2
29	27	2
29	28	10
30	2	1
30	3	2
30	4	1
30	5	2
30	6	2
30	7	4
30	8	1
30	9	2
30	10	4
30	11	5
30	12	1
30	13	6
30	14	1
30	15	1
30	16	1
30	18	2
30	19	2
30	21	1
30	24	1
30	27	2
30	28	4
30	29	1
31	1	1
31	2	2
31	3	1
31	4	3
31	5	4
31	7	1
31	8	1
31	9	1
31	10	2
31	12	2
31	13	2
31	15	2
31	16	1
31	22	2
31	23	1
31	24	3
31	25	6
31	27	2
31	28	5
31	29	5
31	30	10
32	2	1
32	4	1
32	5	1
32	6	1
32	8	1
32	9	3
32	10	1
32	11	2
32	12	1
32	15	2
32	16	1
32	17	1
32	18	1
32	19	2
32	26	1
32	27	1
32	28	6
32	29	1
32	30	5
32	31	4
33	2	1
33	4	3
33	5	1
33	7	2
33	8	3
33	9	3
33	10	3
33	11	1
33	12	1
33	13	1
33	15	2
33	16	2
33	17	1
33	25	1
33	26	1
33	27	2
33	28	5
33	30	8
33	31	2
33	32	5
34	0	1
34	4	1
34	5	1
34	6	2
34	7	1
34	8	1
34	9	1
34	10	3
34	11	3
34	12	2
34	16	1
34	17	2
34	20	1
34	23	2
34	25	1
34	26	1
34	27	2
34	28	2
34	30	4
34	31	8
34	32	4
34	33	18
35	3	2
35	4	2
35	5	5
35	7	6
35	8	5
35	9	5
35	10	5
35	11	5
35	12	2
35	13	5
35	14	3
35	15	2
35	16	2
35	17	3
35	18	1
35	19	1
35	20	1
35	21	3
35	22	1
35	23	5
35	24	5
35	25	4
35	26	1
35	27	4
35	28	4
35	29	5
35	30	4
35	31	1
35	33	2
35	34	2
36	3	3
36	4	1
36	6	3
36	7	2
36	8	3
36	9	4
36	10	7
36	11	11
36	12	4
36	13	2
36	14	2
36	15	2
36	16	1
36	17	2
36	18	1
36	19	1
36	20	3
36	21	2
36	22	2
36	23	1
36	24	5
36	25	3
36	27	7
36	28	5
36	29	5
36	30	2
36	31	3
36	32	2
36	33	1
36	35	7
37	2	1
37	3	1
37	4	4
37	5	4
37	6	1
37	8	3
37	9	2
37	10	8
37	11	9
37	12	1
37	14	1
37	15	1
37	16	2
37	17	1
37	18	2
37	19	3
37	20	1
37	23	2
37	24	3
37	25	8
37	26	1
37	27	9
37	28	5
37	29	4
37	30	1
37	31	2
37	33	2
37	34	1
37	35	20
37	36	5
38	1	1
38	2	2
38	3	1
38	4	5
38	5	1
38	6	5
38	7	2
38	8	6
38	9	4
38	10	5
38	11	7
38	12	4
38	13	4
38	15	3
38	16	3
38	17	4
38	18	3
38	19	1
38	20	1
38	21	2
38	22	3
38	23	4
38	24	9
38	25	9
38	26	5
38	27	15
38	28	7
38	29	3
38	30	3
38	31	1
38	32	2
38	33	3
38	34	3
38	35	11
38	36	11
38	37	11
39	0	1
39	3	2
39	4	3
39	5	1
39	6	2
39	7	2
39	8	4
39	9	5
39	10	6
39	11	4
39	12	1
39	13	2
39	14	4
39	15	3
39	17	2
39	18	2
39	19	3
39	20	2
39	21	3
39	22	1
39	23	3
39	24	7
39	25	5
39	26	4
39	27	6
39	28	1
39	29	3
39	30	2
39	31	1
39	32	2
39	33	2
39	34	2
39	35	10
39	36	6
39	37	5
39	38	14
40	1	1
40	3	1
40	4	5
40	5	3
40	6	1
40	8	4
40	9	8
40	10	4
40	11	1
40	12	2
40	13	1
40	14	2
40	15	1
40	16	1
40	17	2
40	19	1
40	20	5
40	21	1
40	22	2
40	23	4
40	24	4
40	25	6
40	26	1
40	27	5
40	28	11
40	29	8
40	30	4
40	31	1
40	32	1
40	33	3
40	34	3
40	35	5
40	36	2
40	37	3
40	38	12
40	39	4
41	1	1
41	2	1
41	4	3
41	5	2
41	6	2
41	7	3
41	8	3
41	9	1
41	10	1
41	12	6
41	13	1
41	14	2
41	15	1
41	16	2
41	17	1
41	18	3
41	19	1
41	21	2
41	22	5
41	24	6
41	25	1
41	26	1
41	27	3
41	28	5
41	29	3
41	30	6
41	31	6
41	32	3
41	33	2
41	34	2
41	35	4
41	36	6
41	37	2
41	38	6
41	39	5
41	40	7
42	1	2
42	4	4
42	5	2
42	6	8
42	7	4
42	8	3
42	9	3
42	12	2
42	15	3
42	16	2
42	20	2
42	21	1
42	24	1
42	25	1
42	28	2
42	29	1
42	30	16
42	31	5
42	32	1
42	33	7
42	34	2
42	35	6
42	36	1
42	37	1
42	38	1
42	40	3
42	41	4
43	1	1
43	2	1
43	4	3
43	5	2
43	6	1
43	9	1
43	11	2
43	12	4
43	13	1
43	14	1
43	15	2
43	16	6
43	17	2
43	18	1
43	24	1
43	25	1
43	27	1
43	28	3
43	29	1
43	30	7
43	31	2
43	32	6
43	33	9
43	34	7
43	35	2
43	37	1
43	38	2
43	39	3
43	40	4
43	41	3
43	42	4
44	1	3
44	4	1
44	5	2
44	9	1
44	10	2
44	12	1
44	13	4
44	15	1
44	22	1
44	23	1
44	24	3
44	27	2
44	28	3
44	29	1
44	30	3
44	31	4
44	32	3
44	33	4
44	34	4
44	35	3
44	36	2
44	38	2
44	40	2
44	41	2
44	42	2
44	43	14
45	1	1
45	7	1
45	8	1
45	10	1
45	12	1
45	13	3
45	16	3
45	25	2
45	27	1
45	28	2
45	30	6
45	32	6
45	33	5
45	34	3
45	35	2
45	39	2
45	40	1
45	42	4
45	43	6
45	44	9
46	2	1
46	4	1
46	5	1
46	8	1
46	9	2
46	10	2
46	11	3
46	12	2
46	18	1
46	20	2
46	22	1
46	23	1
46	25	3
46	27	1
46	28	1
46	29	4
46	30	4
46	31	2
46	32	4
46	33	5
46	34	2
46	35	3
46	36	2
46	38	3
46	39	1
46	40	1
46	41	3
46	42	3
46	43	3
46	44	10
46	45	8
47	0	1
47	2	1
47	4	2
47	5	3
47	6	5
47	7	2
47	8	3
47	10	3
47	11	1
47	12	6
47	13	4
47	14	3
47	15	6
47	16	3
47	17	1
47	18	1
47	19	1
47	20	3
47	21	2
47	22	1
47	23	1
47	24	3
47	27	3
47	28	3
47	29	1
47	30	6
47	31	2
47	32	3
47	33	6
47	35	5
47	36	1
47	37	1
47	38	4
47	39	1
47	40	3
47	41	5
47	42	6
47	43	4
47	44	3
47	45	2
47	46	4
48	2	2
48	3	3
48	5	3
48	6	5
48	7	6
48	8	9
48	9	2
48	10	5
48	11	6
48	12	8
48	13	1
48	14	1
48	15	2
48	16	6
48	17	2
48	18	5
48	19	3
48	20	1
48	21	4
48	22	3
48	23	1
48	24	3
48	25	4
48	26	3
48	27	2
48	28	4
48	29	2
48	30	2
48	31	2
48	32	1
48	33	3
48	34	2
48	35	2
48	36	2
48	37	4
48	38	4
48	39	1
48	40	4
48	41	5
48	42	4
48	43	1
48	44	1
48	45	2
48	46	2
48	47	4
49	3	1
49	4	4
49	5	2
49	6	9
49	7	4
49	8	17
49	9	10
49	10	7
49	11	6
49	12	12
49	13	8
49	14	1
49	15	9
49	16	4
49	17	3
49	18	2
49	19	2
49	21	1
49	22	1
49	23	2
49	24	9
49	25	7
49	26	1
49	27	3
49	28	5
49	29	2
49	30	3
49	31	2
49	32	1
49	33	3
49	34	6
49	35	3
49	37	1
49	38	6
49	39	6
49	40	9
49	41	3
49	42	3
49	43	2
49	44	2
49	45	4
49	47	6
49	48	8
50	2	1
50	3	2
50	4	1
50	5	3
50	6	2
50	7	5
50	8	6
50	9	4
50	10	4
50	11	3
50	12	2
50	13	2
50	14	2
50	15	3
50	16	1
50	17	1
50	18	1
50	19	1
50	20	3
50	21	2
50	22	2
50	23	3
50	24	3
50	25	2
50	28	2
50	30	2
50	31	4
50	33	2
50	34	3
50	35	1
50	36	1
50	37	1
50	38	2
50	39	2
50	40	5
50	41	4
50	42	5
50	43	3
50	45	1
50	46	2
50	47	5
50	48	7
50	49	5
51	3	1
51	4	3
51	5	2
51	6	3
51	7	5
51	8	7
51	9	5
51	10	3
51	11	1
51	12	2
51	13	5
51	14	6
51	15	5
51	16	5
51	17	2
51	18	2
51	19	2
51	20	1
51	21	4
51	22	3
51	23	1
51	24	3
51	25	1
51	27	2
51	28	1
51	29	2
51	30	5
51	31	3
51	32	3
51	33	3
51	35	4
51	36	3
51	38	1
51	39	1
51	40	1
51	41	2
51	42	1
51	43	3
51	44	3
51	46	2
51	47	2
51	48	4
51	49	9
51	50	7
52	3	1
52	4	2
52	5	2
52	6	3
52	7	8
52	8	9
52	9	3
52	10	7
52	11	1
52	12	4
52	13	6
52	14	4
52	15	3
52	16	3
52	17	3
52	18	1
52	19	3
52	20	2
52	21	3
52	22	6
52	23	1
52	24	1
52	25	2
52	27	2
52	28	2
52	29	3
52	30	5
52	31	2
52	33	1
52	34	1
52	35	5
52	36	1
52	37	1
52	38	3
52	39	2
52	41	3
52	42	2
52	43	3
52	45	1
52	46	3
52	47	2
52	48	2
52	49	5
52	50	4
52	51	14
53	3	2
53	4	2
53	5	2
53	6	7
53	7	2
53	8	12
53	9	3
53	10	4
53	11	2
53	12	11
53	13	3
53	14	2
53	15	4
53	16	3
53	17	3
53	18	2
53	19	1
53	20	1
53	21	3
53	22	3
53	23	2
53	24	4
53	25	3
53	26	2
53	27	8
53	28	7
53	29	4
53	30	2
53	31	5
53	32	1
53	34	1
53	35	2
53	36	2
53	37	4
53	38	2
53	39	2
53	40	2
53	41	3
53	42	1
53	43	6
53	44	2
53	47	6
53	48	4
53	49	7
53	50	3
53	51	6
53	52	1
54	3	1
54	4	1
54	5	1
54	6	5
54	7	2
54	8	2
54	9	2
54	10	3
54	12	6
54	13	6
54	14	3
54	15	1
54	16	1
54	18	1
54	19	1
54	20	2
54	21	1
54	22	1
54	24	4
54	25	3
54	27	4
54	28	6
54	30	3
54	31	3
54	32	3
54	33	4
54	34	4
54	37	2
54	38	5
54	39	4
54	40	2
54	41	6
54	42	9
54	43	3
54	44	2
54	45	4
54	46	1
54	47	2
54	48	4
54	49	6
54	50	2
54	51	4
54	52	4
54	53	9
55	0	2
55	1	1
55	2	1
55	3	4
55	4	3
55	5	9
55	6	2
55	7	3
55	8	7
55	9	1
55	10	1
55	11	1
55	12	2
55	13	1
55	14	3
55	15	8
55	16	4
55	17	3
55	18	2
55	19	6
55	20	1
55	21	1
55	22	2
55	24	4
55	25	2
55	26	1
55	27	3
55	28	6
55	29	3
55	30	2
55	31	3
55	32	2
55	33	2
55	34	5
55	35	3
55	36	1
55	37	1
55	38	2
55	39	3
55	40	2
55	41	7
55	42	1
55	43	5
55	44	2
55	45	1
55	46	3
55	47	8
55	48	4
55	49	6
55	50	6
55	51	4
55	52	2
55	53	4
55	54	7
56	0	2
56	1	1
56	2	1
56	3	3
56	4	4
56	5	1
56	6	4
56	7	3
56	8	7
56	9	9
56	10	1
56	11	1
56	12	1
56	13	3
56	14	1
56	15	3
56	16	1
56	17	3
56	18	1
56	20	1
56	21	1
56	23	2
56	24	1
56	25	3
56	26	1
56	27	1
56	28	5
56	29	4
56	30	1
56	31	1
56	32	5
56	33	3
56	34	4
56	35	2
56	36	4
56	37	1
56	38	3
56	39	2
56	40	1
56	41	4
56	42	4
56	43	2
56	44	4
56	45	2
56	47	3
56	48	4
56	49	6
56	50	4
56	51	10
56	52	7
56	53	7
56	54	6
56	55	21
57	3	1
57	4	2
57	5	4
57	6	6
57	7	5
57	8	5
57	9	6
57	10	1
57	12	4
57	13	4
57	15	3
57	16	3
57	17	3
57	18	2
57	19	3
57	20	1
57	21	4
57	22	1
57	23	6
57	24	3
57	25	2
57	27	2
57	28	5
57	29	1
57	30	2
57	31	1
57	32	2
57	33	2
57	34	2
57	35	4
57	36	2
57	37	3
57	38	1
57	40	3
57	41	1
57	42	2
57	43	2
57	44	2
57	45	2
57	46	3
57	47	4
57	48	5
57	49	5
57	50	6
57	52	2
57	53	2
57	54	4
57	55	6
57	56	10
58	3	4
58	4	6
58	5	3
58	6	14
58	7	2
58	8	8
58	9	4
58	10	5
58	11	2
58	12	1
58	13	4
58	14	2
58	15	1
58	16	1
58	18	4
58	19	6
58	20	4
58	21	1
58	22	3
58	23	4
58	24	1
58	25	2
58	27	3
58	30	3
58	31	4
58	32	1
58	33	1
58	34	4
58	35	2
58	36	1
58	37	1
58	38	2
58	39	3
58	40	3
58	41	1
58	42	2
58	43	1
58	44	1
58	46	1
58	47	6
58	48	2
58	49	1
58	50	3
58	51	2
58	52	4
58	53	7
58	54	1
58	55	12
58	56	2
58	57	10
59	2	2
59	3	2
59	4	1
59	5	5
59	6	1
59	7	4
59	8	2
59	10	3
59	12	1
59	14	3
59	15	1
59	16	2
59	19	1
59	24	2
59	26	1
59	27	1
59	29	1
59	30	2
59	33	2
59	34	1
59	36	2
59	38	3
59	40	2
59	43	2
59	44	1
59	45	2
59	46	1
59	47	2
59	49	2
59	50	2
59	51	2
59	52	3
59	53	1
59	54	4
59	55	7
59	56	4
59	58	5
60	0	2
60	1	3
60	2	3
60	4	2
60	5	1
60	7	1
60	8	2
60	9	1
60	10	2
60	12	3
60	13	5
60	15	2
60	16	2
60	17	2
60	20	1
60	21	1
60	22	2
60	25	1
60	27	3
60	28	3
60	30	6
60	31	1
60	33	3
60	34	2
60	35	1
60	38	3
60	39	1
60	40	2
60	41	3
60	42	2
60	43	3
60	45	7
60	46	2
60	47	3
60	48	4
60	49	2
60	52	2
60	53	2
60	54	2
60	55	3
60	58	1
60	59	1
