2	1	3
3	0	2
3	1	3
3	2	2
5	0	1
5	3	1
5	4	2
6	0	1
6	5	1
7	4	2
7	5	1
7	6	1
8	0	1
8	3	2
8	4	4
8	5	1
8	6	2
8	7	4
9	1	1
9	4	2
9	5	2
9	7	1
9	8	1
10	2	1
10	4	5
10	7	1
10	8	1
10	9	2
11	1	1
11	5	2
11	6	1
11	7	2
11	8	1
11	9	1
12	1	1
12	3	1
12	6	1
12	8	1
12	9	2
12	10	1
12	11	4
13	2	1
13	3	1
13	7	1
13	11	2
13	12	2
14	3	1
14	4	1
14	8	1
14	10	1
14	13	2
15	9	1
15	13	1
15	14	2
16	5	1
16	7	1
16	8	1
16	9	1
16	12	1
16	13	3
17	9	1
17	10	1
17	11	1
17	12	1
17	15	1
17	16	3
18	1	2
18	4	1
18	9	1
18	10	1
18	13	2
18	14	1
18	17	1
19	4	2
19	5	2
19	9	2
19	10	1
19	13	1
19	14	3
19	15	1
19	16	1
19	18	5
20	2	1
20	10	1
20	11	1
20	12	1
20	16	2
20	17	2
20	18	2
20	19	3
21	4	4
21	7	1
21	8	2
21	16	1
21	18	1
21	19	1
21	20	3
22	3	2
22	5	1
22	10	2
22	14	1
22	16	1
22	18	1
22	19	3
22	20	7
22	21	2
23	2	1
23	6	1
23	8	1
23	9	1
23	13	1
23	15	1
23	18	1
23	19	1
23	20	4
23	21	3
23	22	1
24	5	1
24	7	1
24	13	1
24	16	1
24	19	1
24	21	3
24	23	3
25	6	1
26	13	1
26	15	1
26	18	1
27	4	1
27	6	1
27	10	1
27	11	1
27	12	1
27	13	1
27	14	1
27	19	1
27	20	1
27	23	1
27	24	2
27	25	1
28	4	1
28	7	1
28	10	1
28	11	1
28	16	1
28	17	3
28	19	1
28	23	1
28	24	1
28	26	1
28	27	1
29	7	1
29	8	1
29	9	1
29	10	1
29	13	1
29	15	2
29	19	1
29	24	1
30	3	2
30	4	2
30	5	2
30	6	1
30	7	1
30	11	1
30	12	1
30	16	1
30	19	1
30	21	1
30	23	1
30	24	1
30	26	1
30	27	2
30	28	2
30	29	3
31	2	1
31	5	1
31	8	1
31	13	1
31	16	2
31	23	3
31	26	1
31	27	2
31	28	1
31	30	6
32	5	1
32	8	2
32	9	1
32	10	1
32	11	1
32	13	2
32	15	1
32	18	4
32	20	1
32	22	2
32	24	1
32	26	1
32	28	2
32	29	2
32	30	1
32	31	1
33	1	1
33	5	1
33	6	2
33	8	1
33	9	1
33	11	1
33	13	1
33	20	1
33	21	2
33	22	1
33	27	1
33	28	3
33	31	2
33	32	2
34	2	1
34	4	1
34	12	1
34	14	1
34	17	2
34	18	2
34	19	2
34	20	1
34	21	2
34	24	1
34	28	3
34	31	2
34	32	1
34	33	4
35	1	1
35	3	1
35	5	1
35	9	2
35	10	1
35	12	1
35	14	2
35	15	1
35	16	1
35	17	2
35	18	4
35	19	5
35	21	1
35	22	2
35	26	1
35	27	1
35	30	2
35	31	1
35	32	2
35	33	1
35	34	1
36	3	1
36	6	1
36	7	1
36	8	1
36	10	1
36	13	1
36	15	1
36	17	1
36	20	2
36	30	2
36	34	1
37	0	1
37	1	1
37	2	2
37	5	1
37	10	2
37	11	3
37	13	1
37	16	3
37	17	1
37	18	1
37	19	2
37	20	1
37	33	1
37	34	1
37	35	6
37	36	1
38	0	1
38	2	1
38	3	1
38	4	1
38	7	1
38	8	1
38	9	3
38	10	1
38	11	2
38	13	2
38	15	4
38	16	2
38	17	2
38	18	1
38	19	1
38	20	1
38	21	1
38	22	1
38	24	1
38	25	1
38	27	1
38	28	1
38	29	1
38	32	1
38	35	1
38	36	3
38	37	1
39	3	1
39	5	1
39	6	1
39	8	1
39	9	1
39	11	1
39	13	2
39	14	2
39	17	1
39	19	2
39	22	1
39	24	1
39	28	2
39	34	1
39	37	3
39	38	3
40	1	1
40	8	1
40	10	2
40	13	1
40	15	1
40	16	2
40	17	1
40	20	1
40	26	1
40	27	1
40	28	3
40	30	2
40	31	2
40	32	1
40	34	2
40	36	1
40	37	1
40	38	1
40	39	2
41	2	1
41	8	1
41	9	1
41	11	1
41	13	2
41	20	1
41	27	2
41	28	1
41	34	1
41	38	4
41	39	1
41	40	1
42	6	2
42	8	2
42	10	1
42	13	1
42	20	1
42	23	1
42	30	2
42	31	1
42	33	2
42	38	1
42	40	1
42	41	2
43	2	1
43	5	1
43	8	1
43	13	1
43	17	1
43	20	1
43	21	1
43	24	1
43	27	1
43	30	1
43	31	1
43	32	1
43	35	1
43	36	2
43	37	1
43	39	1
43	42	2
44	1	2
44	9	1
44	12	1
44	26	1
44	30	2
44	31	1
44	33	1
44	38	2
44	39	2
44	40	1
44	43	3
45	1	1
45	3	1
45	20	1
45	24	1
45	37	3
45	38	2
45	42	1
45	43	2
45	44	4
46	5	1
46	7	1
46	9	2
46	13	1
46	26	1
46	28	1
46	29	1
46	30	1
46	31	1
46	32	1
46	35	1
46	39	1
46	41	1
46	42	1
46	44	1
46	45	3
47	1	1
47	4	2
47	11	1
47	30	2
47	32	1
47	34	1
47	38	1
47	40	1
47	42	2
47	43	3
47	44	2
47	46	2
48	1	1
48	3	1
48	4	1
48	13	1
48	15	1
48	20	1
48	25	2
48	28	1
48	31	1
48	39	1
48	45	1
48	46	2
48	47	1
49	1	1
49	5	1
49	14	2
49	16	1
49	18	1
49	19	1
49	24	1
49	27	2
49	28	1
49	30	1
49	31	2
49	37	1
49	38	1
49	44	1
49	47	5
49	48	2
50	0	1
50	13	1
50	15	1
50	18	1
50	28	1
50	30	1
50	31	1
50	32	2
50	40	2
50	44	1
50	45	1
50	46	1
50	47	2
50	48	1
50	49	2
51	1	2
51	4	1
51	12	2
51	14	1
51	16	2
51	18	1
51	23	1
51	26	1
51	30	1
51	34	1
51	35	1
51	36	2
51	39	1
51	43	1
51	49	1
51	50	1
52	6	1
52	11	1
52	12	1
52	16	1
52	20	1
52	23	1
52	24	1
52	31	3
52	42	1
52	43	2
52	44	1
52	45	2
52	47	1
52	49	1
52	50	3
52	51	2
53	2	1
53	4	1
53	5	1
53	6	1
53	7	1
53	8	1
53	11	1
53	14	1
53	15	1
53	16	2
53	26	2
53	27	1
53	30	1
53	31	1
53	32	2
53	33	1
53	34	1
53	35	1
53	36	1
53	37	2
53	40	1
53	41	2
53	42	1
53	46	2
53	48	1
53	49	2
53	51	2
53	52	1
54	8	1
54	12	1
54	17	2
54	28	1
54	29	2
54	30	1
54	32	1
54	33	1
54	35	1
54	37	1
54	38	1
54	40	4
54	42	1
54	45	4
54	47	3
54	49	1
54	50	1
54	52	1
55	4	4
55	5	1
55	8	1
55	12	1
55	21	1
55	30	1
55	33	1
55	34	1
55	35	1
55	41	2
55	43	2
55	45	1
55	46	1
55	48	1
55	49	1
55	50	3
55	53	2
55	54	3
56	4	2
56	5	1
56	10	1
56	11	1
56	17	1
56	21	1
56	36	1
56	38	1
56	40	2
56	43	2
56	45	1
56	46	1
56	47	4
56	48	1
56	49	3
56	50	2
56	52	1
56	53	1
57	2	1
57	4	1
57	11	1
57	15	1
57	16	2
57	17	1
57	28	2
57	29	2
57	30	1
57	34	1
57	36	1
57	37	1
57	38	1
57	39	2
57	41	1
57	46	2
57	48	3
57	49	1
57	50	1
57	53	1
57	54	1
57	55	1
57	56	4
58	0	1
58	8	1
58	9	1
58	15	1
58	23	1
58	24	1
58	27	1
58	31	2
58	32	1
58	36	1
58	42	1
58	43	1
58	44	1
58	46	2
58	49	2
58	51	2
58	52	1
58	53	1
58	55	1
58	57	3
59	2	1
59	3	1
59	4	1
59	8	1
59	11	1
59	15	1
59	17	1
59	22	1
59	27	1
59	30	1
59	31	2
59	32	1
59	34	1
59	39	1
59	41	1
59	42	1
59	43	1
59	45	2
59	46	1
59	47	2
59	49	1
59	51	1
59	52	3
59	55	1
59	56	2
59	57	2
59	58	2
60	8	1
60	12	2
60	13	1
60	19	2
60	20	1
60	22	1
60	24	1
60	28	2
60	32	1
60	35	2
60	38	2
60	40	1
60	41	2
60	43	2
60	44	1
60	45	1
60	47	1
60	48	1
60	49	4
60	50	4
60	52	1
60	53	4
60	55	2
60	56	1
60	57	4
60	58	2
60	59	2
