1	0	2
2	0	1
2	1	3
3	0	2
3	1	1
4	2	3
5	1	1
5	2	1
5	4	2
6	0	1
6	1	1
6	2	1
6	5	2
7	3	1
7	4	1
7	5	1
7	6	3
8	2	1
8	3	2
8	4	2
8	5	3
8	6	2
8	7	1
9	0	1
9	2	1
9	4	3
9	6	2
9	8	7
10	2	1
10	3	1
10	7	1
10	8	1
10	9	5
11	1	1
11	2	3
11	7	1
11	9	2
11	10	2
12	1	1
12	4	1
12	8	1
12	9	1
12	10	2
12	11	3
13	0	1
13	7	1
13	10	3
13	12	1
14	5	2
14	7	1
14	10	2
14	12	1
14	13	3
15	0	1
15	3	1
15	8	2
15	9	1
15	11	2
15	14	3
16	1	1
16	2	1
16	4	1
16	5	1
16	8	1
16	9	2
16	10	1
16	15	1
17	4	1
17	5	1
17	6	1
17	7	2
17	8	2
17	12	1
17	13	3
17	14	3
17	16	6
18	3	1
18	4	1
18	5	2
18	8	3
18	9	2
18	11	2
18	14	1
18	17	1
19	4	1
19	5	3
19	9	1
19	10	2
19	11	2
19	12	1
19	16	1
19	17	2
19	18	4
20	2	1
20	4	1
20	5	2
20	7	1
20	9	1
20	10	2
20	12	1
20	13	2
20	17	1
20	18	2
20	19	2
21	0	2
21	1	1
21	4	3
21	9	1
21	14	1
21	17	3
21	18	2
21	19	1
21	20	3
22	2	1
22	3	1
22	4	1
22	5	1
22	7	1
22	8	2
22	11	1
22	12	2
22	13	1
22	16	1
22	18	1
22	19	2
23	3	1
23	4	3
23	5	1
23	6	2
23	12	2
23	13	2
23	16	3
23	18	1
23	20	1
23	21	1
23	22	3
24	3	1
24	4	3
24	6	1
24	8	1
24	9	1
24	19	1
24	21	1
24	22	1
24	23	2
25	3	1
25	11	1
25	16	1
26	10	1
26	15	2
26	18	1
27	13	1
27	14	1
27	15	1
27	16	1
27	18	1
27	20	2
28	4	1
28	5	1
28	6	1
28	8	2
28	9	1
28	10	1
28	11	2
28	12	2
28	13	1
28	14	1
28	15	1
28	17	3
28	18	4
28	22	1
28	27	4
29	4	1
29	5	1
29	6	1
29	7	1
29	8	1
29	14	1
29	18	1
29	19	1
29	27	1
29	28	3
30	2	1
30	10	1
30	12	2
30	17	2
30	18	1
30	22	1
30	23	1
30	24	1
30	27	1
30	28	1
30	29	2
31	3	1
31	8	1
31	12	1
31	17	1
31	18	1
31	22	2
31	24	1
31	27	2
31	28	1
31	29	3
32	2	1
32	5	1
32	6	1
32	8	1
32	12	1
32	13	1
32	14	1
32	16	1
32	17	1
32	24	1
32	28	1
33	1	1
33	5	1
33	8	2
33	12	1
33	14	2
33	15	1
33	17	1
33	18	2
33	19	1
33	22	1
33	23	1
33	24	2
33	27	2
33	29	1
33	31	2
33	32	2
34	1	2
34	3	1
34	6	1
34	10	2
34	12	1
34	13	1
34	14	1
34	17	1
34	18	1
34	19	2
34	20	1
34	21	1
34	22	2
34	23	3
34	24	1
34	27	3
34	28	2
34	29	2
34	30	1
34	31	1
34	33	1
35	2	1
35	4	3
35	6	1
35	7	1
35	8	1
35	10	2
35	14	2
35	15	1
35	16	3
35	17	2
35	18	4
35	19	1
35	21	2
35	27	1
35	28	3
35	31	2
35	32	1
35	34	1
36	2	1
36	5	1
36	6	1
36	10	2
36	12	1
36	13	2
36	16	2
36	17	1
36	19	1
36	24	1
36	27	1
36	29	1
36	30	1
36	31	1
36	32	2
37	0	1
37	4	1
37	5	2
37	6	1
37	7	2
37	8	1
37	10	2
37	11	1
37	12	1
37	15	1
37	18	3
37	19	2
37	21	1
37	28	1
37	29	1
37	30	1
37	31	1
37	32	2
37	33	2
37	34	1
37	35	5
37	36	1
38	3	1
38	4	1
38	5	1
38	6	1
38	7	1
38	9	1
38	10	2
38	11	2
38	12	2
38	14	3
38	18	5
38	19	2
38	20	2
38	21	1
38	24	1
38	25	1
38	28	2
38	29	1
38	30	2
38	31	1
38	32	1
38	35	2
38	37	3
39	1	1
39	4	3
39	8	1
39	11	3
39	12	1
39	13	4
39	15	2
39	17	1
39	19	1
39	20	1
39	22	2
39	30	2
39	32	1
39	35	1
39	36	2
39	37	3
39	38	3
40	3	1
40	4	1
40	8	2
40	9	1
40	10	2
40	11	1
40	13	2
40	15	1
40	16	1
40	21	1
40	22	2
40	27	1
40	28	4
40	29	1
40	35	2
40	36	2
40	38	3
40	39	2
41	2	1
41	6	2
41	11	1
41	13	1
41	16	1
41	22	1
41	25	1
41	28	3
41	30	1
41	31	1
41	38	2
41	39	3
41	40	2
42	3	2
42	4	2
42	8	1
42	9	1
42	16	1
42	20	3
42	21	1
42	24	1
42	27	1
42	28	1
42	32	1
42	33	1
42	37	1
42	38	2
42	39	4
42	40	1
43	0	1
43	2	2
43	4	1
43	7	1
43	11	1
43	19	2
43	28	1
43	29	1
43	30	1
43	31	2
43	33	2
43	35	1
43	36	1
43	41	2
43	42	2
44	0	1
44	2	1
44	3	1
44	4	1
44	8	1
44	12	2
44	28	2
44	29	1
44	30	2
44	31	1
44	36	1
44	37	1
44	39	1
44	41	2
44	42	1
44	43	2
45	1	2
45	5	1
45	8	1
45	9	1
45	10	1
45	24	1
45	28	1
45	30	2
45	31	1
45	36	1
45	37	1
45	38	2
45	39	1
45	42	2
46	2	1
46	9	1
46	10	1
46	12	3
46	13	1
46	15	2
46	26	1
46	27	1
46	30	2
46	34	1
46	35	1
46	37	1
46	38	1
46	41	1
46	42	2
46	43	1
46	44	1
46	45	4
47	2	1
47	9	1
47	13	1
47	16	1
47	20	1
47	23	2
47	28	2
47	36	1
47	38	1
47	42	2
47	46	2
48	13	1
48	15	1
48	30	1
48	36	1
48	38	2
48	40	1
48	41	3
48	46	1
49	2	1
49	8	1
49	9	1
49	14	1
49	17	1
49	19	2
49	21	1
49	24	1
49	25	1
49	30	1
49	35	1
49	36	1
49	38	1
49	39	1
49	45	3
49	47	1
49	48	1
50	1	2
50	13	2
50	15	1
50	27	2
50	32	1
50	35	1
50	38	1
50	39	1
50	40	1
50	41	1
50	45	2
50	47	3
50	49	5
51	5	1
51	8	2
51	9	1
51	13	1
51	15	2
51	18	1
51	20	1
51	26	1
51	27	1
51	28	2
51	34	1
51	37	1
51	38	1
51	43	1
51	47	2
51	48	1
51	50	1
52	4	1
52	7	1
52	10	1
52	12	1
52	14	1
52	16	1
52	20	1
52	28	1
52	30	1
52	32	1
52	38	1
52	39	1
52	40	2
52	42	2
52	45	1
52	46	1
52	49	2
52	51	6
53	2	1
53	10	1
53	12	1
53	17	3
53	18	1
53	19	1
53	27	1
53	28	1
53	30	1
53	32	1
53	35	1
53	36	1
53	38	1
53	39	1
53	41	1
53	42	1
53	43	1
53	45	2
53	46	2
53	47	2
53	48	1
53	49	5
53	51	3
53	52	2
54	0	1
54	5	1
54	11	1
54	13	1
54	28	1
54	33	1
54	37	1
54	38	1
54	41	1
54	43	2
54	44	1
54	45	2
54	46	3
54	49	1
54	53	1
55	0	1
55	1	2
55	3	1
55	10	1
55	11	1
55	13	1
55	17	2
55	20	2
55	21	1
55	22	2
55	34	1
55	35	1
55	39	1
55	40	2
55	42	1
55	44	1
55	45	2
55	46	1
55	49	3
55	50	1
55	52	1
55	53	1
55	54	2
56	3	1
56	8	1
56	10	1
56	15	1
56	18	1
56	26	1
56	33	1
56	36	1
56	39	2
56	40	1
56	45	2
56	47	1
56	51	1
56	52	1
56	53	1
57	3	1
57	8	1
57	12	1
57	16	1
57	19	1
57	24	1
57	28	1
57	29	1
57	36	1
57	38	2
57	41	1
57	42	1
57	43	1
57	45	2
57	47	1
57	48	1
57	51	2
57	52	1
57	55	2
57	56	3
58	13	1
58	14	1
58	20	1
58	24	1
58	29	2
58	33	1
58	34	1
58	36	1
58	38	1
58	39	2
58	41	2
58	45	1
58	46	1
58	50	1
58	54	1
58	57	2
59	2	2
59	4	1
59	10	1
59	14	1
59	18	1
59	26	1
59	27	3
59	29	1
59	31	1
59	32	2
59	38	1
59	39	1
59	41	1
59	42	3
59	43	1
59	44	1
59	46	2
59	49	1
59	51	2
59	53	1
59	55	2
59	56	3
59	57	2
59	58	3
60	8	1
60	9	1
60	11	1
60	12	1
60	13	1
60	18	2
60	20	1
60	26	1
60	28	2
60	35	1
60	37	1
60	38	4
60	40	1
60	41	1
60	42	2
60	46	1
60	49	3
60	50	1
60	51	3
60	52	3
60	53	3
60	55	1
