1	0	1
2	0	1
2	1	2
3	0	1
3	2	1
4	1	1
4	3	1
5	0	1
5	1	1
5	3	2
5	4	3
6	1	1
6	4	3
6	5	1
7	5	1
7	6	1
8	3	2
8	4	2
8	6	2
8	7	2
9	0	1
9	1	2
9	4	1
9	5	1
9	6	1
9	8	3
10	1	1
10	2	1
10	3	2
10	8	2
10	9	2
11	2	1
11	4	1
11	9	1
11	10	1
12	1	1
12	3	1
12	4	1
12	5	1
12	8	1
12	10	3
12	11	7
13	4	1
13	8	1
13	10	1
13	11	1
13	12	2
14	2	1
14	5	1
14	9	2
14	10	3
14	12	2
14	13	1
15	2	1
15	5	1
15	6	1
15	7	1
15	10	1
15	11	1
15	13	1
15	14	1
16	1	2
16	3	1
16	4	1
16	5	1
16	6	1
16	7	1
16	8	2
16	13	2
16	14	1
17	4	1
17	6	3
17	7	1
17	10	3
17	13	2
17	14	2
17	15	2
18	8	1
18	13	1
18	14	2
18	16	1
18	17	2
19	0	1
19	7	1
19	9	1
19	10	1
19	11	1
19	12	1
19	13	2
19	14	1
19	15	1
20	6	2
20	8	1
20	10	1
20	11	1
20	12	1
20	15	1
20	17	1
20	18	1
21	0	1
21	1	1
21	3	1
21	7	2
21	8	1
21	9	1
21	10	2
21	13	2
21	14	1
21	20	1
22	1	1
22	5	1
22	7	1
22	8	1
22	9	2
22	15	2
22	17	2
22	18	1
22	20	2
22	21	3
23	2	1
23	5	1
23	14	1
23	16	1
23	17	1
23	19	2
23	20	2
23	22	2
24	5	2
24	8	3
24	9	1
24	17	1
24	18	2
24	19	1
24	20	1
24	22	3
24	23	3
25	12	1
26	13	2
26	15	1
26	16	1
26	18	1
26	19	1
26	22	1
27	3	1
27	8	1
27	10	1
27	14	2
27	20	1
27	21	2
27	24	1
27	26	1
28	2	1
28	3	1
28	5	1
28	10	1
28	12	1
28	13	1
28	16	2
28	18	5
28	19	4
28	21	2
29	3	1
29	8	3
29	10	1
29	15	1
29	16	1
29	17	1
29	27	1
30	2	1
30	3	1
30	5	1
30	6	1
30	9	1
30	10	2
30	11	2
30	13	1
30	20	2
30	22	1
30	28	1
30	29	2
31	8	1
31	21	1
31	22	1
31	26	1
31	29	2
31	30	2
32	0	1
32	2	2
32	6	1
32	9	1
32	12	1
32	13	2
32	14	1
32	15	3
32	16	1
32	24	1
32	26	1
32	28	2
32	29	1
32	31	1
33	6	2
33	10	1
33	16	1
33	18	1
33	20	1
33	22	1
33	24	1
33	28	1
33	32	2
34	20	1
34	21	3
34	27	1
34	28	1
34	30	3
34	31	1
34	32	1
34	33	1
35	1	1
35	3	1
35	5	1
35	6	1
35	7	2
35	9	1
35	10	1
35	11	1
35	12	5
35	13	4
35	14	1
35	15	1
35	17	1
35	18	4
35	19	1
35	20	1
35	22	2
35	23	2
35	26	1
35	28	4
35	30	1
35	31	2
35	32	2
35	34	1
36	1	2
36	2	1
36	4	2
36	5	1
36	6	1
36	8	1
36	12	1
36	13	2
36	14	1
36	15	2
36	18	1
36	19	1
36	26	1
36	28	1
36	35	1
37	0	1
37	1	3
37	4	2
37	7	1
37	9	2
37	10	2
37	12	1
37	14	2
37	15	2
37	17	1
37	18	1
37	21	1
37	22	2
37	26	1
37	27	1
37	28	3
37	29	3
37	30	1
37	32	1
37	34	1
37	35	3
37	36	1
38	12	2
38	13	2
38	15	1
38	17	1
38	18	2
38	19	1
38	21	2
38	26	2
38	28	1
38	29	1
38	31	4
38	32	2
38	33	1
38	35	3
38	37	2
39	4	1
39	6	1
39	7	1
39	9	1
39	10	1
39	12	2
39	13	2
39	14	1
39	15	3
39	18	2
39	27	1
39	28	1
39	29	1
39	32	2
39	33	1
39	35	1
39	37	3
39	38	1
40	2	1
40	8	1
40	9	1
40	10	1
40	11	1
40	13	1
40	16	1
40	18	2
40	19	2
40	20	1
40	21	1
40	27	1
40	28	3
40	29	1
40	30	1
40	31	3
40	32	3
40	34	2
40	35	2
40	36	1
40	37	1
40	38	6
40	39	1
41	2	1
41	7	1
41	8	1
41	10	1
41	13	2
41	14	1
41	15	1
41	20	1
41	28	4
41	29	2
41	32	1
41	34	1
41	35	4
41	36	3
41	38	2
41	39	1
41	40	2
42	10	1
42	12	1
42	18	1
42	19	1
42	23	2
42	29	2
42	30	3
42	31	1
42	32	1
42	33	1
42	34	1
42	36	2
42	37	1
42	39	1
42	40	1
42	41	3
43	2	1
43	6	1
43	15	1
43	16	1
43	18	1
43	19	1
43	26	1
43	28	1
43	29	2
43	31	1
43	32	1
43	33	1
43	34	1
43	36	1
43	38	1
43	39	1
43	41	2
43	42	4
44	0	1
44	2	3
44	4	1
44	12	1
44	13	1
44	20	2
44	27	1
44	33	1
44	37	1
44	38	1
44	43	2
45	2	1
45	8	1
45	10	1
45	13	1
45	27	1
45	29	1
45	30	1
45	35	1
45	36	1
45	43	2
45	44	3
46	2	1
46	8	1
46	9	1
46	10	1
46	12	2
46	14	1
46	19	1
46	21	1
46	27	1
46	29	2
46	30	2
46	32	4
46	35	2
46	36	1
46	40	1
46	43	2
46	45	1
47	4	1
47	5	1
47	8	2
47	9	1
47	10	1
47	12	1
47	16	1
47	19	1
47	23	1
47	28	1
47	29	3
47	32	1
47	34	1
47	35	2
47	39	2
47	42	1
47	44	1
47	45	2
48	4	1
48	11	1
48	12	1
48	27	1
48	28	1
48	39	1
48	42	2
48	45	1
48	46	1
48	47	4
49	1	1
49	4	1
49	7	1
49	8	1
49	10	1
49	13	1
49	16	1
49	18	1
49	20	1
49	21	2
49	28	1
49	29	1
49	30	2
49	31	1
49	33	1
49	35	1
49	38	1
49	40	2
49	41	3
49	42	2
49	44	1
49	47	1
49	48	3
50	3	1
50	18	1
50	22	1
50	30	1
50	31	2
50	35	1
50	39	1
50	40	1
50	46	1
50	49	2
51	5	1
51	13	2
51	15	1
51	16	1
51	18	1
51	32	1
51	34	1
51	35	1
51	36	1
51	40	1
51	41	1
51	44	1
51	45	1
51	48	1
51	49	3
51	50	3
52	7	1
52	11	1
52	15	1
52	30	1
52	33	1
52	34	1
52	37	1
52	39	2
52	40	1
52	43	1
52	45	2
52	49	2
52	50	2
52	51	9
53	1	1
53	12	1
53	13	1
53	14	1
53	20	1
53	30	1
53	38	1
53	42	1
53	45	3
53	46	1
53	49	2
53	50	1
53	51	2
53	52	2
54	2	1
54	10	1
54	19	1
54	29	1
54	38	1
54	39	1
54	41	1
54	43	2
54	46	2
54	47	3
54	48	1
54	49	3
54	52	2
54	53	1
55	1	1
55	2	3
55	3	1
55	4	3
55	5	2
55	8	1
55	9	2
55	10	2
55	13	1
55	16	1
55	19	1
55	20	1
55	21	1
55	27	1
55	29	1
55	31	1
55	33	1
55	38	3
55	39	2
55	40	1
55	43	3
55	44	1
55	45	1
55	46	2
55	48	1
55	49	2
55	51	1
55	54	1
56	3	1
56	8	1
56	11	1
56	13	1
56	29	1
56	32	1
56	34	1
56	35	1
56	36	1
56	39	2
56	41	2
56	42	1
56	43	2
56	44	1
56	45	2
56	46	1
56	47	1
56	48	1
56	49	2
56	50	1
56	51	1
56	53	3
56	54	4
57	2	1
57	4	1
57	6	1
57	8	1
57	16	1
57	18	1
57	19	1
57	23	1
57	30	1
57	37	2
57	38	2
57	39	2
57	40	1
57	41	3
57	43	1
57	47	2
57	49	2
57	50	1
57	52	2
57	54	2
58	18	1
58	19	1
58	23	1
58	30	1
58	31	1
58	35	1
58	36	1
58	41	1
58	42	1
58	45	1
58	48	1
58	49	3
58	52	3
58	54	1
58	56	1
59	1	1
59	10	1
59	19	1
59	24	1
59	26	1
59	27	1
59	28	2
59	29	1
59	31	2
59	34	1
59	36	1
59	38	1
59	42	1
59	44	4
59	45	2
59	46	2
59	48	3
59	51	1
59	52	1
59	54	2
59	55	1
59	56	2
60	4	1
60	8	1
60	11	2
60	13	1
60	15	2
60	17	1
60	18	1
60	19	2
60	24	1
60	26	1
60	28	2
60	29	1
60	32	1
60	34	1
60	35	2
60	36	1
60	38	2
60	39	1
60	40	1
60	41	1
60	42	1
60	43	2
60	46	1
60	47	3
60	50	2
60	51	2
60	52	3
60	53	6
60	54	1
60	55	1
60	57	3
