1	0	2
2	1	3
3	0	1
3	1	1
3	2	1
4	0	2
4	1	1
4	2	2
5	0	1
5	2	1
5	3	1
5	4	1
6	2	2
6	3	1
6	4	1
7	5	1
7	6	2
8	1	1
8	2	2
8	3	3
8	4	4
8	5	3
8	6	2
8	7	5
9	1	1
9	4	4
9	5	2
9	6	1
9	7	1
9	8	3
10	4	2
10	5	1
10	8	2
11	0	1
11	4	1
11	5	1
11	8	3
11	10	3
12	1	1
12	3	1
12	4	1
12	6	2
12	7	1
12	10	2
12	11	3
13	0	1
13	1	2
13	2	1
13	4	1
13	10	2
13	11	3
13	12	2
14	3	1
14	4	1
14	5	2
14	8	1
14	10	1
14	11	1
14	12	3
14	13	1
15	0	1
15	3	1
15	9	1
15	10	2
15	13	1
15	14	1
16	1	1
16	3	1
16	10	1
16	13	1
16	14	1
17	4	2
17	5	1
17	6	1
17	8	1
17	9	1
17	10	2
17	12	1
17	14	2
17	15	1
17	16	2
18	2	1
18	4	2
18	7	1
18	9	1
18	15	1
18	17	2
19	1	1
19	4	1
19	6	1
19	9	2
19	11	1
19	13	1
19	16	2
19	18	3
20	4	1
20	5	1
20	6	1
20	7	4
20	8	2
20	13	1
20	14	2
20	18	3
20	19	1
21	4	1
21	7	2
21	8	2
21	10	1
21	17	1
21	20	1
22	5	2
22	6	1
22	11	1
22	17	1
22	20	3
22	21	1
23	0	1
23	4	1
23	5	1
23	8	1
23	11	1
23	14	1
23	16	2
23	22	1
24	8	2
24	10	1
24	15	1
24	18	1
24	19	3
24	20	1
24	22	1
24	23	4
25	15	1
27	9	1
27	15	1
27	18	1
27	19	1
27	20	2
27	21	1
27	24	1
27	26	1
28	1	1
28	3	1
28	4	1
28	6	1
28	9	1
28	10	1
28	12	1
28	13	1
28	14	1
28	16	1
28	17	1
28	18	4
28	19	1
28	20	1
28	22	1
28	24	1
28	27	4
29	3	1
29	6	1
29	8	1
29	9	1
29	11	1
29	19	1
29	20	1
29	28	1
30	2	2
30	6	1
30	7	1
30	8	1
30	9	1
30	11	1
30	14	2
30	18	1
30	19	2
30	22	2
30	24	1
30	27	1
30	29	1
31	1	1
31	11	1
31	13	1
31	16	1
31	21	1
31	23	1
31	24	1
31	28	3
31	30	5
32	6	1
32	11	1
32	12	1
32	13	1
32	15	2
32	18	1
32	20	1
32	21	2
32	22	1
32	23	1
32	31	3
33	3	1
33	7	1
33	12	1
33	13	1
33	15	1
33	16	1
33	17	1
33	20	1
33	22	2
33	26	1
33	27	1
33	30	1
33	31	2
33	32	1
34	3	1
34	4	1
34	5	1
34	6	1
34	7	1
34	9	2
34	12	1
34	13	2
34	14	1
34	19	1
34	21	2
34	24	1
34	27	2
34	28	2
34	31	1
34	32	2
34	33	2
35	1	1
35	4	2
35	6	1
35	8	2
35	12	1
35	14	1
35	15	2
35	18	3
35	21	1
35	22	2
35	24	1
35	30	1
35	31	2
35	33	1
35	34	1
36	0	1
36	2	1
36	3	1
36	5	1
36	9	2
36	12	1
36	13	1
36	14	1
36	16	1
36	17	1
36	25	1
36	26	1
36	27	1
36	28	2
36	33	1
36	34	2
37	2	1
37	4	1
37	5	1
37	9	2
37	10	1
37	12	2
37	13	1
37	14	1
37	16	2
37	23	1
37	24	1
37	27	1
37	28	1
37	33	1
37	35	2
38	2	1
38	4	2
38	5	1
38	6	1
38	9	1
38	10	1
38	13	2
38	14	1
38	16	1
38	20	1
38	21	3
38	23	1
38	27	1
38	29	2
38	30	1
38	31	1
38	32	1
38	33	1
38	35	3
38	36	2
38	37	1
39	3	1
39	9	2
39	11	2
39	12	1
39	13	4
39	14	1
39	17	1
39	18	1
39	19	1
39	21	1
39	24	1
39	26	1
39	28	2
39	30	1
39	32	1
39	33	2
39	34	2
39	36	1
39	37	2
39	38	5
40	8	1
40	9	1
40	12	1
40	13	3
40	14	3
40	16	2
40	19	1
40	20	2
40	21	2
40	28	3
40	30	1
40	31	1
40	33	1
40	37	3
40	38	4
40	39	2
41	1	1
41	5	1
41	9	1
41	13	1
41	16	1
41	19	1
41	26	1
41	29	1
41	31	2
41	32	2
41	34	1
41	35	1
41	36	1
41	38	5
41	40	2
42	0	2
42	4	1
42	13	1
42	16	1
42	17	1
42	28	2
42	30	2
42	33	1
42	34	2
42	35	3
42	36	1
42	37	1
42	38	2
42	39	1
42	40	1
42	41	2
43	1	1
43	3	1
43	8	2
43	11	1
43	14	1
43	20	1
43	25	1
43	27	1
43	28	2
43	29	1
43	30	1
43	31	1
43	32	4
43	35	1
43	37	1
43	38	3
43	41	2
43	42	2
44	0	1
44	1	2
44	2	1
44	3	1
44	6	1
44	9	2
44	21	1
44	28	1
44	30	1
44	31	1
44	35	1
44	38	2
44	42	1
45	2	1
45	12	1
45	13	1
45	14	1
45	17	1
45	19	1
45	24	1
45	32	1
45	33	1
45	37	2
45	38	2
45	39	1
45	41	1
45	43	1
45	44	2
46	4	1
46	9	1
46	12	1
46	13	1
46	14	1
46	15	1
46	26	1
46	27	1
46	29	1
46	31	2
46	34	1
46	42	1
46	43	1
46	44	1
46	45	2
47	2	3
47	4	1
47	8	2
47	16	1
47	23	1
47	27	1
47	32	1
47	36	1
47	37	1
47	38	1
47	41	1
47	43	1
47	44	1
47	46	2
48	1	1
48	14	1
48	30	3
48	36	1
48	40	1
48	42	1
48	43	1
48	44	1
48	45	2
48	46	2
48	47	10
49	3	1
49	4	1
49	5	1
49	8	2
49	9	1
49	12	1
49	15	1
49	18	1
49	23	1
49	33	2
49	37	1
49	39	1
49	41	1
49	42	2
49	43	1
49	44	2
49	46	1
49	47	3
49	48	1
50	5	1
50	9	1
50	35	1
50	39	2
50	41	1
50	43	1
50	45	1
50	49	4
51	1	1
51	4	1
51	9	1
51	11	1
51	13	1
51	15	1
51	17	1
51	20	1
51	27	1
51	28	1
51	29	1
51	30	2
51	31	1
51	34	1
51	41	1
51	48	2
52	9	1
52	12	3
52	13	1
52	20	1
52	28	1
52	29	1
52	37	1
52	43	3
52	45	1
52	49	3
52	50	1
52	51	4
53	4	1
53	12	2
53	14	1
53	17	1
53	20	1
53	28	1
53	29	3
53	30	1
53	37	2
53	38	3
53	40	2
53	41	2
53	43	1
53	44	1
53	46	3
53	47	1
53	49	2
53	50	1
53	51	1
53	52	4
54	15	1
54	16	1
54	17	1
54	18	2
54	20	2
54	27	1
54	29	2
54	31	1
54	33	1
54	35	1
54	36	2
54	38	3
54	41	2
54	43	1
54	44	1
54	46	2
54	47	2
54	48	2
54	49	2
55	2	2
55	3	2
55	4	1
55	10	1
55	11	1
55	15	1
55	21	1
55	28	1
55	30	1
55	35	1
55	38	1
55	41	1
55	44	2
55	45	3
55	46	5
55	47	3
55	48	1
55	49	6
55	50	3
55	51	2
55	54	3
56	3	1
56	4	1
56	9	1
56	10	2
56	11	2
56	18	1
56	20	1
56	26	1
56	27	1
56	37	1
56	40	1
56	41	1
56	43	1
56	46	1
56	47	3
56	48	2
56	49	4
56	51	2
56	54	1
56	55	1
57	6	1
57	11	1
57	12	1
57	13	1
57	17	1
57	22	1
57	23	1
57	27	1
57	28	1
57	30	1
57	31	2
57	37	1
57	38	1
57	40	2
57	41	1
57	42	3
57	43	1
57	45	1
57	46	1
57	48	1
57	51	1
57	52	1
57	53	1
57	55	1
57	56	2
58	13	1
58	15	1
58	26	2
58	27	1
58	28	1
58	32	1
58	34	1
58	38	1
58	41	2
58	42	1
58	43	2
58	45	1
58	47	1
58	49	1
58	50	1
58	52	1
58	57	1
59	1	1
59	5	1
59	9	1
59	10	1
59	15	1
59	24	3
59	28	2
59	31	3
59	36	2
59	38	2
59	39	2
59	40	1
59	41	2
59	43	3
59	44	2
59	46	3
59	53	2
59	54	1
59	55	1
59	58	1
60	2	1
60	3	1
60	6	1
60	12	1
60	13	1
60	16	3
60	19	1
60	20	1
60	21	1
60	22	1
60	26	1
60	28	2
60	29	1
60	30	2
60	34	1
60	36	1
60	37	1
60	38	1
60	40	1
60	42	1
60	44	2
60	45	2
60	48	1
60	49	1
60	51	1
60	52	3
60	53	4
60	55	2
60	56	3
60	57	1
60	58	1
60	59	1
