1	0	2
2	0	3
3	2	1
4	3	4
5	4	1
6	1	1
6	3	1
6	5	1
7	1	1
7	2	1
7	3	2
7	4	1
7	5	1
7	6	2
8	0	1
8	3	2
8	4	3
8	5	3
8	6	1
8	7	1
9	2	1
9	4	4
9	5	1
9	6	1
9	7	3
9	8	2
10	0	2
10	1	2
10	2	1
10	4	1
10	5	1
10	6	2
10	9	1
11	7	1
11	8	1
11	10	5
12	2	1
12	3	1
12	4	2
12	5	1
12	7	1
12	8	1
12	11	5
13	2	2
13	4	1
13	6	1
13	8	2
13	9	1
13	11	1
13	12	1
14	7	1
14	10	1
14	11	1
14	12	2
14	13	1
15	4	1
15	8	2
15	9	3
15	10	3
15	12	1
15	13	1
16	4	2
16	8	1
16	12	1
16	13	4
16	14	1
16	15	1
17	5	2
17	10	1
17	11	1
17	12	3
17	15	1
17	16	2
18	4	1
18	6	2
18	7	1
18	9	1
18	11	1
18	12	1
18	13	3
18	16	1
19	4	1
19	7	1
19	8	3
19	9	3
19	11	1
19	12	1
19	13	1
19	14	1
19	16	2
19	17	2
19	18	5
20	4	1
20	5	2
20	6	1
20	7	1
20	8	2
20	9	1
20	10	2
20	13	1
20	17	1
20	18	2
20	19	4
21	6	4
21	7	1
21	9	1
21	10	2
21	12	1
21	13	1
21	16	1
21	17	1
21	18	2
21	19	1
21	20	2
22	0	1
22	5	2
22	6	2
22	7	1
22	8	2
22	9	1
22	13	1
22	15	1
22	19	1
22	20	3
22	21	1
23	4	3
23	5	1
23	6	1
23	10	1
23	14	1
23	18	1
23	19	3
23	20	1
23	21	1
23	22	1
24	1	1
24	4	3
24	9	1
24	20	1
24	21	2
24	22	3
24	23	6
25	4	1
26	6	1
26	14	1
26	16	1
26	17	1
27	3	1
27	5	1
27	7	1
27	9	1
27	11	1
27	14	2
27	17	2
27	19	1
28	9	1
28	10	2
28	12	1
28	13	2
28	14	4
28	17	2
28	18	2
28	20	1
28	21	1
28	23	1
28	24	2
28	27	2
29	1	1
29	3	1
29	5	1
29	6	1
29	7	1
29	8	1
29	9	1
29	18	1
29	19	1
29	21	1
29	24	1
29	28	1
30	1	1
30	2	1
30	3	3
30	4	2
30	8	1
30	10	2
30	11	2
30	12	1
30	13	3
30	14	1
30	17	1
30	20	1
30	28	4
30	29	4
31	8	1
31	13	1
31	19	1
31	21	1
31	23	1
31	28	2
31	29	1
31	30	1
32	5	2
32	8	1
32	10	1
32	13	2
32	20	1
32	21	1
32	29	1
32	30	2
33	1	1
33	8	1
33	9	3
33	12	2
33	13	1
33	14	1
33	15	1
33	17	1
33	19	1
33	27	1
33	28	1
33	30	3
33	32	2
34	1	1
34	5	1
34	11	1
34	13	1
34	18	2
34	19	2
34	20	1
34	21	1
34	22	1
34	23	1
34	24	1
34	28	3
34	29	1
34	32	1
35	1	1
35	2	1
35	3	2
35	5	1
35	9	2
35	10	1
35	13	2
35	14	1
35	15	2
35	16	2
35	17	2
35	18	5
35	19	2
35	20	2
35	21	1
35	23	1
35	24	2
35	26	1
35	27	1
35	28	4
35	29	1
35	30	1
35	31	1
35	32	1
35	33	1
36	2	1
36	4	1
36	8	1
36	9	2
36	10	1
36	11	1
36	15	1
36	17	1
36	18	1
36	19	1
36	21	1
36	24	1
36	26	1
36	28	1
36	32	1
36	33	2
36	35	2
37	0	1
37	1	1
37	2	1
37	9	1
37	10	1
37	11	1
37	12	1
37	13	1
37	16	1
37	17	1
37	18	2
37	20	1
37	26	1
37	28	2
37	33	1
37	35	3
38	2	1
38	3	2
38	4	4
38	13	2
38	14	1
38	15	2
38	16	1
38	18	2
38	20	1
38	21	3
38	23	1
38	24	1
38	27	2
38	28	3
38	30	2
38	31	3
38	32	1
38	35	1
38	36	1
38	37	3
39	6	1
39	8	1
39	11	1
39	12	2
39	13	1
39	14	2
39	15	1
39	16	2
39	19	3
39	22	1
39	26	1
39	27	3
39	28	3
39	29	1
39	30	1
39	31	2
39	32	1
39	33	1
39	34	1
39	35	2
39	37	4
39	38	3
40	1	1
40	2	1
40	5	1
40	8	1
40	9	1
40	10	2
40	11	1
40	13	3
40	14	1
40	15	1
40	18	1
40	19	2
40	21	1
40	27	1
40	28	1
40	29	1
40	31	2
40	33	1
40	34	1
40	35	4
40	37	3
40	38	5
40	39	1
41	2	1
41	3	1
41	6	1
41	8	1
41	9	1
41	17	1
41	22	1
41	23	1
41	27	1
41	28	1
41	29	1
41	30	3
41	31	1
41	32	1
41	35	2
41	37	1
41	38	1
41	39	3
41	40	2
42	9	1
42	10	1
42	13	1
42	15	1
42	16	1
42	18	1
42	20	1
42	21	2
42	26	2
42	27	2
42	28	2
42	29	1
42	30	1
42	32	1
42	40	1
42	41	3
43	1	1
43	9	1
43	10	1
43	15	1
43	16	2
43	21	1
43	22	1
43	27	3
43	28	1
43	29	1
43	32	1
43	34	2
43	35	1
43	36	1
43	40	1
43	41	3
43	42	2
44	1	1
44	4	1
44	5	2
44	8	1
44	10	1
44	13	1
44	18	1
44	27	1
44	29	1
44	31	1
44	32	1
44	34	1
44	35	2
44	38	1
44	39	1
44	40	1
44	42	1
44	43	4
45	0	2
45	8	2
45	12	1
45	19	1
45	24	1
45	27	1
45	28	2
45	30	1
45	31	2
45	41	2
45	43	5
46	1	1
46	10	1
46	12	1
46	13	4
46	15	1
46	19	1
46	27	1
46	29	1
46	30	2
46	31	2
46	34	1
46	38	1
46	39	1
46	40	2
46	41	1
46	44	2
46	45	1
47	4	2
47	7	1
47	8	1
47	9	1
47	12	2
47	14	1
47	27	1
47	28	1
47	32	1
47	36	1
47	40	2
47	45	3
48	3	1
48	10	2
48	15	1
48	30	2
48	35	2
48	37	1
48	40	1
48	42	1
48	47	3
49	2	2
49	3	1
49	4	1
49	9	1
49	12	1
49	14	1
49	18	1
49	19	1
49	23	1
49	27	2
49	28	1
49	29	1
49	30	1
49	38	2
49	39	2
49	40	1
49	43	2
49	46	2
49	47	4
49	48	1
50	5	1
50	26	1
50	27	1
50	29	1
50	38	1
50	39	1
50	41	1
50	46	1
50	48	1
50	49	2
51	11	1
51	12	1
51	13	1
51	14	1
51	38	1
51	40	1
51	41	1
51	42	1
51	43	1
51	44	1
51	47	1
51	49	2
51	50	3
52	7	1
52	14	1
52	15	1
52	16	2
52	18	1
52	20	1
52	26	1
52	27	1
52	32	1
52	34	1
52	36	1
52	37	1
52	39	1
52	46	1
52	47	2
52	48	2
52	49	1
52	50	2
52	51	3
53	15	1
53	16	2
53	19	1
53	24	1
53	28	1
53	29	1
53	31	1
53	34	1
53	36	1
53	38	3
53	40	1
53	41	2
53	43	1
53	44	1
53	45	1
53	46	1
53	47	1
53	48	1
53	49	3
53	50	2
53	51	2
53	52	2
54	2	1
54	3	1
54	4	1
54	5	1
54	9	1
54	10	1
54	12	1
54	13	1
54	15	1
54	16	1
54	19	1
54	28	2
54	34	1
54	37	1
54	38	1
54	40	1
54	43	1
54	45	1
54	47	5
54	50	2
54	51	1
54	52	1
54	53	3
55	1	1
55	3	1
55	5	1
55	9	1
55	14	1
55	16	1
55	24	1
55	27	1
55	31	1
55	34	1
55	36	2
55	40	4
55	42	1
55	44	2
55	46	1
55	47	2
55	48	1
55	50	1
55	51	1
55	54	3
56	11	1
56	15	1
56	27	2
56	33	1
56	36	1
56	40	1
56	43	4
56	46	3
56	47	2
56	49	1
56	50	1
56	51	1
56	53	1
57	2	1
57	10	1
57	12	2
57	15	1
57	17	1
57	18	1
57	23	1
57	28	1
57	33	1
57	38	2
57	39	1
57	40	1
57	42	1
57	44	1
57	46	1
57	47	1
57	49	1
57	52	2
57	53	2
57	55	1
57	56	1
58	4	1
58	8	1
58	12	1
58	27	1
58	29	1
58	30	1
58	32	1
58	36	1
58	38	1
58	39	1
58	40	2
58	42	1
58	46	1
58	49	2
58	52	1
58	54	1
58	55	1
59	2	1
59	14	1
59	15	1
59	18	4
59	21	2
59	24	2
59	26	1
59	28	1
59	31	3
59	33	1
59	37	1
59	42	1
59	43	4
59	44	1
59	46	1
59	50	1
59	52	1
59	54	1
59	56	2
59	58	2
60	2	2
60	3	1
60	4	1
60	6	1
60	8	1
60	10	1
60	14	1
60	15	1
60	16	2
60	19	1
60	27	2
60	28	1
60	29	2
60	30	1
60	31	1
60	35	1
60	38	6
60	39	2
60	41	1
60	42	2
60	48	1
60	49	3
60	50	1
60	51	4
60	52	5
60	53	2
60	55	2
60	56	2
60	57	2
60	58	2
