1	0	3
2	0	1
2	1	2
3	1	3
3	2	1
4	2	2
5	0	1
5	4	2
6	1	2
6	3	1
7	3	1
7	4	2
8	0	1
8	2	2
8	3	1
8	4	4
8	5	2
8	6	3
8	7	1
9	1	1
9	4	5
9	7	1
9	8	2
10	1	2
10	4	1
10	6	1
10	9	2
11	2	2
11	3	2
11	7	1
11	8	1
11	9	2
11	10	1
12	2	3
12	3	1
12	5	1
12	7	2
12	8	1
12	10	1
12	11	3
13	1	1
13	3	1
13	4	1
13	5	1
13	6	1
13	9	1
13	10	1
13	11	1
13	12	3
14	1	1
14	4	1
14	5	1
14	8	1
14	13	2
15	7	1
15	8	1
15	9	2
15	12	1
15	13	1
15	14	1
16	4	1
16	7	1
16	8	3
16	9	2
16	10	1
16	11	1
16	13	2
16	14	2
17	4	2
17	5	1
17	6	1
17	7	1
17	8	1
17	11	1
17	13	1
17	14	2
17	16	2
18	0	1
18	4	1
18	5	1
18	9	1
18	10	2
18	13	3
18	14	1
18	16	2
18	17	1
19	4	1
19	5	1
19	7	2
19	8	1
19	9	1
19	10	1
19	13	1
19	14	1
19	16	1
19	17	1
19	18	3
20	1	1
20	2	1
20	4	1
20	5	1
20	6	1
20	8	1
20	10	1
20	13	2
20	14	1
20	15	1
20	17	2
20	18	1
20	19	1
21	4	2
21	8	2
21	11	1
21	12	1
21	14	1
21	15	4
21	16	2
21	18	1
21	19	3
21	20	2
22	4	1
22	5	1
22	15	1
22	20	2
22	21	2
23	0	1
23	4	2
23	7	1
23	8	1
23	9	1
23	14	1
23	19	1
23	20	1
23	21	2
23	22	3
24	1	1
24	2	1
24	4	1
24	5	1
24	6	1
24	12	2
24	13	1
24	15	1
24	17	1
24	19	1
24	21	1
24	23	3
26	1	1
26	17	1
27	4	1
27	5	1
27	6	1
27	10	1
27	13	2
27	15	2
27	16	1
27	17	1
27	18	3
27	21	1
27	22	2
27	24	2
27	26	1
28	5	2
28	6	1
28	9	3
28	12	2
28	16	2
28	17	2
28	18	1
28	19	1
28	21	1
28	22	1
28	26	2
28	27	1
29	4	1
29	6	1
29	8	2
29	10	2
29	11	2
29	12	1
29	21	1
29	22	1
29	23	1
30	11	1
30	13	2
30	14	1
30	17	1
30	21	1
30	29	1
31	1	2
31	8	1
31	13	1
31	21	1
31	22	1
31	23	1
31	26	1
31	27	1
31	28	2
31	29	3
31	30	2
32	0	1
32	2	1
32	5	1
32	9	1
32	13	1
32	14	1
32	16	1
32	17	1
32	19	2
32	20	1
32	27	1
32	31	3
33	2	1
33	4	2
33	16	1
33	17	1
33	18	2
33	20	3
33	21	1
33	22	2
33	23	2
33	27	1
33	30	1
33	32	2
34	1	1
34	5	1
34	6	1
34	8	3
34	11	1
34	16	1
34	17	1
34	18	1
34	20	2
34	23	1
34	27	1
34	30	1
34	33	2
35	4	2
35	5	1
35	6	1
35	13	3
35	14	1
35	15	1
35	16	1
35	17	1
35	18	1
35	20	1
35	22	2
35	28	5
35	29	1
35	30	1
35	31	2
35	34	2
36	2	1
36	3	1
36	7	2
36	8	1
36	9	1
36	11	1
36	12	1
36	13	2
36	14	2
36	15	1
36	17	1
36	18	2
36	28	2
36	29	1
36	30	1
36	35	1
37	1	2
37	9	1
37	12	2
37	13	2
37	18	1
37	20	1
37	26	1
37	27	4
37	28	3
37	31	1
37	35	3
38	0	1
38	1	1
38	3	1
38	5	1
38	8	1
38	9	1
38	11	2
38	13	1
38	17	2
38	18	1
38	23	1
38	31	1
38	33	1
38	34	1
38	37	2
39	2	1
39	4	1
39	5	1
39	11	1
39	13	2
39	15	1
39	21	2
39	28	2
39	29	2
39	30	1
39	35	4
39	36	1
39	37	4
39	38	3
40	5	1
40	6	1
40	8	3
40	10	3
40	13	1
40	14	1
40	17	1
40	18	1
40	20	1
40	24	1
40	26	1
40	28	2
40	29	1
40	30	1
40	31	3
40	34	1
40	35	1
40	36	1
40	37	2
40	38	3
40	39	2
41	1	1
41	4	3
41	11	1
41	12	1
41	13	1
41	15	1
41	21	1
41	24	2
41	31	1
41	35	2
41	36	1
41	38	4
41	39	1
41	40	10
42	12	2
42	14	1
42	15	2
42	16	1
42	18	1
42	22	1
42	28	3
42	30	2
42	31	3
42	32	1
42	33	1
42	36	1
42	38	1
42	39	3
42	40	1
42	41	4
43	2	1
43	5	2
43	9	1
43	16	2
43	20	1
43	27	1
43	30	1
43	31	3
43	36	4
43	37	1
43	38	2
43	40	1
43	41	2
43	42	1
44	0	1
44	4	3
44	7	1
44	8	1
44	11	1
44	12	1
44	19	1
44	21	1
44	30	1
44	32	1
44	42	1
44	43	1
45	0	1
45	1	1
45	4	1
45	6	1
45	11	1
45	28	2
45	29	1
45	30	1
45	31	1
45	33	1
45	34	1
45	35	1
45	38	1
45	39	1
45	42	2
45	44	4
46	1	1
46	8	1
46	10	2
46	19	1
46	27	2
46	28	1
46	30	1
46	32	1
46	34	1
46	35	1
46	39	1
46	41	3
46	42	1
46	43	2
46	44	1
47	2	1
47	7	1
47	12	1
47	20	1
47	28	1
47	30	2
47	35	1
47	40	1
47	42	1
47	45	1
48	7	1
48	8	1
48	11	1
48	15	1
48	20	2
48	23	1
48	27	1
48	35	1
48	36	1
48	38	1
48	40	1
48	43	1
48	45	2
48	47	1
49	3	1
49	6	1
49	9	1
49	10	1
49	11	3
49	12	1
49	13	2
49	14	1
49	16	1
49	27	2
49	28	1
49	33	1
49	36	1
49	37	2
49	41	1
49	43	2
49	47	3
49	48	3
50	15	1
50	18	1
50	22	1
50	28	1
50	31	1
50	37	1
50	45	1
50	46	1
50	48	1
50	49	1
51	5	1
51	10	1
51	12	2
51	13	1
51	15	1
51	16	1
51	17	1
51	25	1
51	27	1
51	28	1
51	30	1
51	31	1
51	32	1
51	33	1
51	38	1
51	39	2
51	40	1
51	41	2
51	44	2
51	45	1
51	49	3
51	50	3
52	4	2
52	9	1
52	11	1
52	18	1
52	27	2
52	35	1
52	41	1
52	44	1
52	46	3
52	48	1
52	50	1
52	51	2
53	2	1
53	3	1
53	8	1
53	9	1
53	10	1
53	18	2
53	31	1
53	35	4
53	36	3
53	38	5
53	41	1
53	43	1
53	44	2
53	47	1
53	49	1
53	50	5
53	52	1
54	8	1
54	9	1
54	16	1
54	17	3
54	18	3
54	20	1
54	27	1
54	32	1
54	35	1
54	38	2
54	40	1
54	41	3
54	43	1
54	45	1
54	46	1
54	47	6
54	48	1
54	49	2
54	50	1
54	51	1
54	53	1
55	0	1
55	3	1
55	8	1
55	9	2
55	12	1
55	13	1
55	14	2
55	16	1
55	18	1
55	19	1
55	21	1
55	29	1
55	31	1
55	33	1
55	34	1
55	39	2
55	40	1
55	41	2
55	42	1
55	44	1
55	45	2
55	50	1
55	51	2
55	54	2
56	3	1
56	5	1
56	10	1
56	11	1
56	12	1
56	13	2
56	15	1
56	18	1
56	20	1
56	32	1
56	35	1
56	36	1
56	42	2
56	44	1
56	45	1
56	47	2
56	48	1
56	49	1
56	52	3
56	54	4
57	10	2
57	13	1
57	28	1
57	29	1
57	33	1
57	35	2
57	36	1
57	38	2
57	39	1
57	40	1
57	42	1
57	47	1
57	48	3
57	49	2
57	51	1
57	52	1
57	53	1
57	56	3
58	18	1
58	19	2
58	24	2
58	30	4
58	31	1
58	32	1
58	33	1
58	38	1
58	41	1
58	42	1
58	46	1
58	47	1
58	48	1
58	51	2
58	52	1
58	53	2
58	54	1
58	55	2
58	56	2
58	57	2
59	1	1
59	2	2
59	4	1
59	10	1
59	16	1
59	17	2
59	18	1
59	29	1
59	31	1
59	32	2
59	38	1
59	40	2
59	43	2
59	44	1
59	46	1
59	49	1
59	52	1
59	54	1
59	56	2
59	57	2
59	58	2
60	9	1
60	10	1
60	13	2
60	18	1
60	21	1
60	26	1
60	28	1
60	30	1
60	31	1
60	32	2
60	33	1
60	35	1
60	36	1
60	38	4
60	39	2
60	40	1
60	41	2
60	45	2
60	46	1
60	47	1
60	48	1
60	49	3
60	50	2
60	51	2
60	52	1
60	53	5
60	54	1
60	55	1
60	59	2
