1	0	1
2	1	2
3	0	1
3	1	2
4	2	1
4	3	1
6	1	1
6	3	1
6	4	1
6	5	1
7	4	2
7	5	1
7	6	1
8	1	2
8	2	1
8	3	3
8	4	5
8	7	1
9	1	1
9	3	2
9	6	1
9	7	1
9	8	3
10	1	1
10	2	1
10	3	1
10	6	1
10	8	1
10	9	5
11	1	1
11	2	1
11	4	2
11	5	1
11	6	1
11	7	1
11	8	1
11	9	2
11	10	1
12	1	2
12	4	1
12	8	1
12	10	4
12	11	5
13	5	2
13	10	1
13	12	1
14	2	1
14	8	1
15	0	2
15	2	1
15	5	1
15	7	2
15	11	1
15	12	2
16	4	1
16	7	1
16	11	2
16	13	2
16	14	1
17	2	1
17	4	1
17	7	1
17	9	1
17	11	2
17	12	2
17	13	1
17	14	2
17	15	1
17	16	3
18	0	1
18	1	1
18	3	1
18	4	2
18	6	1
18	8	1
18	11	2
18	12	3
18	14	3
18	15	3
18	16	2
19	0	1
19	3	1
19	4	1
19	6	2
19	8	1
19	11	1
19	13	1
19	14	2
19	16	1
19	18	4
20	3	1
20	4	2
20	5	4
20	8	2
20	12	1
20	13	1
20	14	1
20	17	1
20	19	1
21	7	2
21	10	1
21	12	1
21	13	3
21	17	1
21	18	1
21	19	4
21	20	5
22	1	1
22	5	1
22	7	1
22	12	1
22	15	1
22	19	4
22	21	3
23	4	1
23	8	1
23	9	1
23	13	2
23	15	1
23	16	1
23	20	2
23	22	1
24	4	1
24	5	2
24	8	2
24	9	1
24	16	1
24	18	1
24	22	1
24	23	2
25	12	1
25	21	1
26	13	1
26	22	1
27	4	1
27	5	2
27	10	1
27	12	1
27	13	1
27	16	3
27	18	1
27	19	1
27	20	1
27	26	1
28	0	1
28	4	2
28	5	2
28	10	2
28	13	1
28	15	1
28	16	1
28	17	1
28	18	2
28	19	1
28	21	3
28	22	1
28	24	1
28	27	3
29	2	2
29	4	2
29	5	1
29	7	1
29	8	2
29	12	1
29	15	2
29	16	1
29	17	2
29	19	1
30	1	1
30	3	2
30	4	1
30	7	2
30	8	1
30	9	1
30	10	1
30	20	1
30	22	1
30	28	1
30	29	2
31	1	1
31	2	2
31	4	2
31	5	1
31	11	1
31	13	1
31	15	1
31	18	1
31	21	1
31	28	3
31	29	1
31	30	1
32	2	1
32	4	1
32	11	1
32	13	1
32	14	1
32	16	1
32	18	1
32	22	1
32	24	1
32	27	2
32	28	1
32	30	3
32	31	1
33	2	1
33	3	1
33	4	2
33	5	1
33	13	1
33	14	1
33	17	1
33	18	1
33	21	1
33	22	1
33	27	1
33	30	2
33	31	1
33	32	2
34	0	1
34	4	2
34	5	2
34	8	1
34	11	2
34	12	1
34	17	2
34	18	2
34	19	1
34	20	1
34	21	1
34	22	1
34	24	3
34	27	1
34	28	1
34	29	2
34	30	1
34	31	1
34	32	3
34	33	3
35	0	1
35	1	1
35	2	2
35	3	2
35	5	1
35	6	1
35	7	1
35	8	1
35	9	4
35	10	1
35	11	1
35	12	1
35	13	1
35	14	1
35	19	2
35	20	1
35	22	1
35	23	1
35	24	2
35	27	1
35	28	1
35	29	3
35	30	1
35	32	3
35	33	2
35	34	2
36	0	2
36	2	1
36	3	3
36	9	1
36	10	2
36	17	1
36	18	1
36	24	1
36	27	2
36	29	2
36	32	1
36	35	1
37	3	1
37	8	3
37	9	3
37	13	1
37	18	1
37	23	1
37	25	2
37	26	1
37	28	2
37	34	1
37	35	2
37	36	1
38	2	2
38	3	1
38	5	1
38	10	2
38	11	3
38	13	2
38	14	1
38	15	1
38	16	1
38	17	1
38	20	1
38	21	2
38	27	1
38	28	2
38	31	1
38	32	2
38	33	2
38	35	2
38	36	1
39	4	1
39	6	1
39	7	1
39	8	1
39	12	1
39	14	1
39	16	2
39	18	3
39	19	2
39	20	1
39	21	1
39	24	1
39	26	1
39	27	2
39	28	1
39	30	2
39	32	2
39	35	4
39	36	1
39	37	1
39	38	8
40	2	1
40	5	2
40	7	3
40	10	1
40	16	1
40	18	1
40	19	1
40	22	1
40	23	1
40	27	1
40	28	2
40	30	2
40	31	2
40	33	1
40	34	1
40	35	2
40	36	1
40	37	1
40	38	5
41	4	1
41	6	1
41	8	2
41	9	1
41	11	1
41	13	1
41	14	1
41	16	2
41	19	1
41	21	1
41	24	1
41	27	1
41	28	4
41	29	3
41	33	3
41	35	1
41	36	1
41	39	1
41	40	3
42	5	2
42	8	1
42	9	2
42	11	1
42	13	1
42	20	2
42	21	1
42	22	1
42	24	1
42	26	1
42	27	2
42	28	2
42	29	2
42	30	3
42	31	1
42	34	1
42	35	1
42	36	1
42	38	2
42	40	1
42	41	1
43	3	2
43	5	1
43	7	1
43	8	1
43	9	1
43	10	1
43	11	1
43	12	1
43	14	1
43	16	2
43	23	1
43	27	2
43	29	1
43	31	1
43	33	2
43	36	1
43	37	2
43	41	2
43	42	2
44	2	1
44	9	1
44	10	1
44	16	1
44	19	1
44	26	1
44	27	1
44	28	1
44	30	2
44	32	1
44	38	1
44	40	2
44	41	1
44	42	3
44	43	3
45	2	1
45	9	2
45	10	1
45	12	1
45	18	1
45	19	1
45	23	1
45	28	1
45	30	1
45	32	1
45	35	1
45	39	1
45	40	1
45	42	2
46	1	1
46	2	1
46	9	1
46	11	1
46	14	2
46	18	2
46	19	1
46	29	1
46	31	1
46	38	1
46	42	1
46	43	2
46	45	1
47	2	2
47	10	1
47	13	1
47	19	1
47	24	1
47	27	1
47	30	1
47	36	1
47	39	1
47	43	1
47	44	1
47	45	2
48	1	1
48	3	2
48	11	1
48	14	1
48	35	2
48	43	1
48	44	2
48	46	3
48	47	1
49	2	1
49	3	1
49	10	1
49	11	1
49	15	1
49	16	2
49	18	1
49	21	1
49	24	1
49	29	1
49	30	1
49	32	1
49	33	2
49	39	2
49	40	1
49	41	1
49	42	3
49	43	1
49	47	1
49	48	1
50	4	1
50	5	1
50	9	1
50	12	1
50	13	2
50	32	2
50	35	1
50	38	1
50	39	1
50	41	1
50	42	2
50	45	3
50	46	1
50	49	4
51	4	1
51	8	1
51	10	1
51	14	1
51	16	1
51	17	1
51	18	1
51	23	1
51	26	1
51	27	1
51	28	2
51	29	1
51	31	2
51	39	1
51	42	1
51	43	1
51	45	1
51	48	2
51	49	2
51	50	1
52	12	1
52	17	1
52	20	2
52	26	1
52	30	1
52	31	1
52	38	1
52	40	1
52	43	1
52	44	1
52	45	2
52	46	1
52	48	1
52	50	4
52	51	1
53	4	2
53	5	1
53	7	1
53	10	1
53	30	1
53	32	1
53	33	1
53	37	3
53	38	2
53	39	1
53	41	1
53	45	1
53	47	1
53	48	1
53	49	3
53	50	2
53	51	2
53	52	4
54	2	1
54	4	2
54	8	1
54	9	1
54	13	2
54	15	1
54	27	3
54	28	2
54	30	1
54	31	1
54	33	1
54	34	1
54	35	1
54	38	1
54	40	2
54	41	2
54	42	1
54	43	1
54	44	1
54	45	2
54	46	2
54	49	2
54	51	2
54	52	1
54	53	2
55	2	1
55	3	1
55	9	1
55	12	1
55	16	1
55	20	1
55	22	1
55	27	1
55	28	1
55	30	2
55	32	1
55	36	1
55	39	1
55	41	2
55	43	2
55	44	1
55	45	1
55	46	1
55	47	2
55	48	1
55	49	1
55	50	1
55	51	2
55	52	1
55	53	1
56	5	1
56	6	1
56	11	1
56	12	2
56	19	1
56	23	1
56	28	2
56	29	1
56	32	1
56	34	1
56	35	1
56	36	1
56	41	2
56	42	1
56	44	1
56	46	3
56	51	1
56	52	1
56	53	1
57	2	1
57	10	1
57	11	1
57	17	1
57	22	1
57	25	1
57	32	1
57	33	3
57	36	1
57	38	2
57	41	2
57	43	3
57	46	1
57	47	3
57	49	2
57	52	1
57	53	5
57	54	1
57	56	3
58	10	1
58	12	1
58	15	1
58	17	1
58	20	1
58	24	1
58	27	1
58	31	1
58	32	1
58	35	1
58	38	1
58	41	1
58	42	2
58	45	1
58	51	1
58	52	2
58	53	1
58	56	2
58	57	1
59	2	2
59	3	1
59	8	1
59	11	2
59	13	1
59	14	1
59	19	1
59	22	1
59	26	2
59	29	1
59	34	1
59	36	1
59	37	3
59	38	1
59	40	2
59	42	1
59	43	3
59	44	2
59	47	1
59	48	1
59	49	2
59	50	1
59	52	1
59	55	1
59	57	3
59	58	2
60	4	1
60	5	1
60	8	2
60	9	1
60	10	1
60	11	1
60	12	1
60	13	1
60	15	1
60	22	1
60	26	1
60	28	3
60	29	1
60	30	1
60	31	1
60	32	2
60	35	1
60	36	2
60	38	1
60	39	2
60	40	2
60	43	2
60	45	1
60	47	2
60	48	1
60	49	3
60	50	1
60	51	3
60	52	6
60	53	4
60	57	1
60	58	2
60	59	1
