1	0	4
2	1	1
3	0	1
3	2	2
4	0	1
5	1	1
5	2	1
5	4	1
6	2	1
6	4	1
6	5	1
7	3	1
7	5	1
7	6	1
8	0	1
8	2	1
8	4	4
8	5	2
8	6	3
8	7	1
9	0	1
9	1	1
9	3	2
9	4	3
9	5	1
9	8	1
10	0	1
10	3	2
10	4	1
10	6	2
10	7	1
10	8	1
11	0	1
11	2	1
11	3	2
11	4	3
11	8	1
11	9	1
11	10	3
12	4	1
12	5	2
12	7	1
12	10	1
12	11	2
13	2	1
13	3	2
13	4	1
13	5	2
13	8	1
13	9	2
13	10	1
13	11	1
13	12	2
14	1	1
14	3	1
14	6	1
14	11	1
14	13	1
15	2	2
15	5	1
15	6	1
15	7	1
15	9	1
15	11	2
15	13	1
15	14	2
16	2	1
16	5	1
16	7	1
16	8	3
16	11	1
16	13	1
16	14	3
16	15	1
17	2	1
17	4	1
17	6	2
17	8	2
17	9	1
17	10	1
17	12	1
17	13	2
17	14	1
17	16	4
18	4	1
18	8	1
18	10	2
18	13	1
18	17	1
19	1	1
19	4	3
19	5	1
19	6	2
19	8	1
19	9	2
19	12	3
19	14	1
19	15	1
19	16	1
19	17	3
20	5	2
20	6	1
20	8	2
20	9	1
20	10	1
20	12	1
20	18	1
20	19	1
21	1	2
21	3	1
21	5	1
21	7	1
21	9	1
21	13	2
21	14	1
21	16	1
21	18	1
21	19	1
21	20	3
22	2	2
22	5	1
22	8	1
22	9	1
22	10	2
22	11	1
22	17	2
22	18	1
22	19	1
22	20	1
22	21	3
23	0	1
23	11	1
23	12	2
23	13	1
23	16	1
23	17	1
23	20	1
23	21	2
23	22	2
24	1	1
24	3	2
24	4	1
24	5	3
24	6	1
24	8	2
24	11	1
24	12	1
24	13	1
24	15	2
24	16	1
24	18	1
24	20	3
24	21	2
24	22	3
24	23	2
25	0	1
25	3	1
26	17	1
27	11	1
27	14	2
27	15	1
27	18	3
27	20	1
27	24	1
28	9	1
28	11	1
28	12	1
28	13	1
28	14	2
28	15	1
28	16	1
28	17	1
28	18	1
28	20	2
28	27	1
29	2	1
29	5	2
29	8	4
29	9	1
29	13	1
29	15	1
29	18	1
29	19	1
29	20	1
29	21	1
29	24	2
29	28	1
30	4	1
30	5	2
30	6	2
30	9	1
30	13	1
30	18	1
30	19	1
30	20	1
30	24	1
30	27	2
31	2	1
31	8	1
31	11	1
31	12	1
31	20	1
31	30	6
32	2	1
32	5	1
32	12	1
32	14	1
32	16	1
32	17	1
32	18	2
32	23	1
32	27	1
32	28	4
32	29	1
32	30	2
32	31	1
33	1	1
33	2	1
33	4	1
33	7	1
33	11	1
33	16	1
33	17	2
33	18	1
33	21	1
33	22	2
33	28	2
33	30	1
33	31	6
33	32	3
34	5	1
34	9	1
34	11	1
34	16	1
34	18	2
34	22	1
34	23	1
34	24	1
34	28	1
34	29	1
34	30	1
34	31	2
34	32	1
34	33	1
35	1	1
35	4	1
35	5	1
35	10	2
35	11	1
35	13	2
35	16	3
35	18	2
35	19	1
35	20	2
35	21	1
35	28	2
35	29	1
35	30	1
35	33	1
36	2	2
36	4	2
36	5	1
36	7	1
36	9	1
36	10	2
36	12	1
36	13	1
36	15	1
36	17	1
36	19	2
36	20	1
36	22	1
36	30	2
36	35	1
37	1	1
37	2	1
37	5	2
37	12	1
37	13	4
37	16	1
37	18	1
37	19	2
37	24	1
37	26	1
37	28	3
37	29	2
37	32	1
37	33	1
37	35	2
37	36	2
38	1	1
38	2	1
38	5	1
38	9	1
38	11	2
38	13	2
38	14	1
38	15	2
38	17	1
38	18	2
38	20	1
38	21	2
38	26	1
38	27	1
38	28	1
38	32	1
38	33	1
38	34	1
38	35	3
38	36	5
38	37	1
39	1	1
39	4	1
39	5	1
39	6	1
39	9	1
39	10	1
39	11	1
39	13	4
39	14	1
39	17	1
39	18	2
39	19	1
39	22	1
39	28	1
39	30	1
39	36	2
39	37	1
39	38	6
40	4	1
40	9	1
40	10	1
40	13	2
40	19	1
40	20	1
40	23	1
40	24	1
40	27	1
40	28	5
40	30	1
40	32	2
40	33	3
40	35	1
40	38	3
40	39	1
41	2	1
41	4	3
41	10	1
41	13	2
41	15	1
41	19	1
41	22	4
41	28	1
41	29	1
41	31	1
41	35	1
41	36	1
41	38	3
41	40	4
42	6	1
42	10	1
42	13	1
42	17	1
42	20	1
42	26	1
42	28	1
42	29	1
42	31	1
42	32	2
42	33	1
42	34	1
42	35	1
42	36	1
42	37	1
42	38	1
42	39	1
42	41	1
43	1	1
43	10	1
43	16	1
43	23	1
43	28	1
43	29	2
43	30	3
43	31	2
43	32	1
43	35	1
43	38	3
43	40	1
43	42	2
44	1	1
44	10	1
44	11	1
44	12	1
44	26	1
44	28	1
44	31	1
44	34	1
44	37	2
44	40	1
44	42	2
45	0	1
45	1	1
45	5	1
45	9	1
45	10	3
45	12	1
45	18	1
45	19	3
45	24	1
45	28	1
45	30	2
45	39	1
45	40	2
45	41	1
45	42	1
45	43	4
45	44	4
46	10	1
46	13	1
46	21	1
46	28	1
46	30	1
46	31	1
46	33	1
46	41	1
46	43	2
46	44	2
46	45	6
47	2	1
47	9	1
47	17	1
47	28	1
47	30	1
47	31	1
47	37	2
47	38	1
47	40	1
47	42	1
47	46	1
48	2	1
48	3	1
48	11	1
48	13	1
48	14	1
48	22	1
48	27	1
48	37	1
48	44	1
48	46	1
48	47	1
49	0	1
49	3	1
49	4	1
49	10	1
49	11	1
49	17	1
49	18	1
49	21	2
49	28	1
49	29	1
49	30	1
49	31	1
49	32	1
49	33	1
49	36	1
49	38	2
49	40	2
49	45	1
49	46	1
49	47	4
49	48	1
50	4	1
50	18	1
50	27	1
50	36	1
50	37	1
50	38	1
50	40	1
50	41	1
50	45	2
50	46	1
50	48	1
50	49	1
51	8	1
51	13	1
51	15	1
51	19	1
51	24	1
51	27	2
51	28	1
51	29	1
51	30	3
51	36	1
51	37	1
51	42	1
51	43	1
51	45	1
51	47	1
51	49	2
51	50	2
52	12	1
52	15	1
52	19	1
52	23	1
52	24	1
52	27	1
52	30	1
52	35	1
52	38	1
52	45	1
52	46	1
52	49	1
52	51	6
53	1	1
53	2	2
53	7	1
53	11	1
53	14	1
53	16	1
53	17	1
53	27	1
53	29	1
53	30	2
53	34	4
53	35	1
53	36	2
53	37	1
53	38	3
53	39	2
53	40	1
53	41	4
53	42	2
53	44	1
53	46	1
53	47	1
53	48	3
53	50	3
53	51	3
53	52	2
54	5	2
54	8	1
54	14	2
54	15	1
54	23	1
54	29	1
54	30	2
54	31	1
54	39	1
54	40	1
54	41	1
54	42	1
54	43	3
54	44	1
54	45	3
54	46	2
54	47	2
54	49	1
54	50	1
54	51	1
54	52	1
54	53	3
55	0	1
55	1	1
55	2	2
55	5	3
55	9	2
55	11	1
55	13	1
55	16	1
55	27	1
55	33	1
55	39	1
55	40	1
55	41	2
55	42	1
55	43	1
55	44	1
55	45	1
55	46	1
55	47	2
55	48	1
55	53	1
55	54	4
56	3	1
56	4	1
56	8	1
56	13	1
56	27	1
56	28	1
56	29	1
56	32	2
56	33	1
56	37	1
56	38	1
56	39	1
56	41	1
56	44	1
56	45	1
56	46	2
56	47	2
56	48	2
56	49	1
56	51	2
56	53	1
56	55	2
57	3	1
57	4	1
57	8	1
57	11	1
57	13	1
57	16	1
57	25	1
57	30	1
57	31	1
57	32	1
57	38	2
57	39	1
57	43	1
57	44	1
57	45	1
57	46	5
57	49	1
57	51	1
57	53	1
57	54	1
57	55	4
57	56	1
58	4	1
58	8	1
58	12	1
58	15	1
58	18	1
58	24	1
58	25	1
58	26	1
58	30	3
58	31	3
58	32	1
58	33	1
58	34	1
58	38	2
58	41	1
58	42	1
58	47	1
58	53	1
58	56	2
58	57	2
59	5	1
59	8	1
59	9	1
59	13	1
59	15	2
59	16	2
59	30	1
59	32	3
59	33	3
59	35	1
59	36	1
59	38	1
59	40	2
59	43	4
59	45	1
59	46	1
59	47	2
59	53	1
59	55	1
59	56	2
59	57	1
59	58	2
60	3	1
60	4	2
60	5	1
60	7	1
60	15	3
60	16	1
60	18	1
60	19	1
60	20	1
60	21	1
60	22	1
60	27	2
60	28	2
60	29	1
60	31	1
60	33	1
60	37	1
60	41	2
60	47	3
60	48	1
60	49	2
60	51	2
60	52	3
60	53	2
60	56	1
60	57	2
60	58	1
60	59	1
