1	0	1
2	1	3
3	1	1
3	2	4
4	1	1
4	2	2
4	3	1
5	3	4
5	4	3
6	1	1
6	4	1
7	3	1
7	4	3
7	5	3
7	6	3
8	0	1
8	1	2
8	3	1
8	4	6
8	5	1
8	6	6
9	1	2
9	4	4
9	6	1
9	8	7
10	2	1
10	3	3
10	4	1
10	5	1
10	6	3
10	8	1
10	9	1
11	1	1
11	4	2
11	10	1
12	1	1
12	2	2
12	3	1
12	5	1
12	7	2
12	9	4
12	10	4
12	11	2
13	1	2
13	3	1
13	5	1
13	6	1
13	7	2
13	9	3
13	10	1
13	11	1
14	2	2
14	6	1
14	7	1
14	12	2
15	3	1
15	11	2
15	13	2
16	2	3
16	4	1
16	9	2
16	10	1
16	12	1
16	13	1
16	14	2
17	3	1
17	4	1
17	6	2
17	7	1
17	8	1
17	10	1
17	11	1
17	13	3
17	14	1
17	15	2
18	4	1
18	8	1
18	9	1
18	10	1
18	11	1
18	12	1
18	17	2
19	7	1
19	9	1
19	10	1
19	11	1
19	13	2
19	14	2
19	16	1
19	18	2
20	2	1
20	5	1
20	9	2
20	10	2
20	11	1
20	15	2
20	18	2
20	19	2
21	0	2
21	2	1
21	3	2
21	5	2
21	6	1
21	7	2
21	8	1
21	9	1
21	16	1
21	17	2
21	19	2
21	20	2
22	4	2
22	13	1
22	19	1
22	20	4
22	21	5
23	8	1
23	9	1
23	13	1
23	18	1
23	19	1
23	22	2
24	5	1
24	8	2
24	12	1
24	14	1
24	18	2
24	19	1
24	20	1
24	21	2
24	23	4
25	21	1
26	8	1
27	6	2
27	10	1
27	14	1
27	15	3
27	16	1
27	18	2
27	19	1
27	22	2
27	23	1
27	24	1
28	1	1
28	9	1
28	11	1
28	13	1
28	14	3
28	15	1
28	17	3
28	18	1
28	19	1
28	20	1
28	21	1
28	23	1
28	27	4
29	2	1
29	3	1
29	9	1
29	10	1
29	16	1
29	19	1
29	21	1
30	1	1
30	3	2
30	4	1
30	7	1
30	13	1
30	14	1
30	15	1
30	16	1
30	18	1
30	24	1
30	26	3
30	28	1
30	29	1
31	2	2
31	4	1
31	9	1
31	13	1
31	14	1
31	18	1
31	27	1
31	29	1
31	30	5
32	2	1
32	5	1
32	6	1
32	8	1
32	12	1
32	13	1
32	15	1
32	26	1
32	28	1
32	30	1
32	31	2
33	1	2
33	4	1
33	5	2
33	7	1
33	19	1
33	20	1
33	24	1
33	26	1
33	28	3
33	29	1
33	30	1
33	32	4
34	4	1
34	6	1
34	8	2
34	13	1
34	15	1
34	17	1
34	19	3
34	20	1
34	21	1
34	24	2
34	27	1
34	30	1
34	31	1
34	32	1
34	33	1
35	1	1
35	3	1
35	4	2
35	5	1
35	8	2
35	13	2
35	16	1
35	18	2
35	19	3
35	20	1
35	21	2
35	22	2
35	23	1
35	26	1
35	28	1
35	29	1
35	30	1
35	32	1
35	33	1
35	34	1
36	1	1
36	5	1
36	6	1
36	8	3
36	9	2
36	11	2
36	13	1
36	15	2
36	18	1
36	19	1
36	29	1
36	32	1
36	35	2
37	1	1
37	4	1
37	8	1
37	11	1
37	12	2
37	13	2
37	16	1
37	18	1
37	19	2
37	20	1
37	28	2
37	29	2
37	30	1
37	31	3
37	34	1
37	35	2
38	2	1
38	3	1
38	5	1
38	11	1
38	13	2
38	14	1
38	15	1
38	16	1
38	22	1
38	27	2
38	28	3
38	30	1
38	31	1
38	33	1
38	35	1
38	36	1
38	37	2
39	6	1
39	12	2
39	13	1
39	21	1
39	23	1
39	28	1
39	29	1
39	30	1
39	34	2
39	36	2
39	37	2
39	38	3
40	4	2
40	5	1
40	7	1
40	12	1
40	18	1
40	19	2
40	21	2
40	23	1
40	27	1
40	28	2
40	31	1
40	32	1
40	34	2
40	37	1
40	38	2
40	39	1
41	4	1
41	6	1
41	8	1
41	13	1
41	16	1
41	18	1
41	19	1
41	27	2
41	28	1
41	29	1
41	36	2
41	38	1
41	39	1
41	40	2
42	8	1
42	9	1
42	12	1
42	14	2
42	16	1
42	20	2
42	21	1
42	27	1
42	29	1
42	32	2
42	33	2
42	34	1
42	37	1
42	38	1
42	40	1
42	41	2
43	0	1
43	1	1
43	7	1
43	10	1
43	14	2
43	15	1
43	17	1
43	27	1
43	32	2
43	38	1
43	39	3
43	40	1
43	41	1
44	1	1
44	3	1
44	5	1
44	10	1
44	12	1
44	13	1
44	16	2
44	18	1
44	21	1
44	28	1
44	30	4
44	31	1
44	32	1
44	33	1
44	34	2
44	38	2
44	41	1
44	43	2
45	2	1
45	4	1
45	9	1
45	12	2
45	18	1
45	20	1
45	26	1
45	30	1
45	33	2
45	34	1
45	36	1
45	40	1
45	44	4
46	3	1
46	13	1
46	21	1
46	27	1
46	30	2
46	33	1
46	37	1
46	39	1
46	40	1
46	41	1
46	43	1
46	44	1
46	45	1
47	2	1
47	3	1
47	8	1
47	11	1
47	16	1
47	17	1
47	28	1
47	32	1
47	39	2
47	42	1
47	43	1
47	46	3
48	14	1
48	22	1
48	28	1
48	38	1
48	41	2
48	45	1
48	47	2
49	0	1
49	5	1
49	14	3
49	16	1
49	18	1
49	20	1
49	21	1
49	25	1
49	27	1
49	28	1
49	29	1
49	30	1
49	32	1
49	34	1
49	35	1
49	37	1
49	38	1
49	39	3
49	42	1
49	43	1
49	45	2
49	47	5
49	48	1
50	4	1
50	5	1
50	22	1
50	27	2
50	28	1
50	30	1
50	35	1
50	46	1
50	47	2
50	48	1
50	49	4
51	1	1
51	10	1
51	14	1
51	15	1
51	16	1
51	19	1
51	23	1
51	26	1
51	30	1
51	33	1
51	34	1
51	35	1
51	39	1
51	42	2
51	43	2
51	44	1
51	45	1
51	46	1
51	49	3
52	9	1
52	15	2
52	16	1
52	18	1
52	21	2
52	26	1
52	27	1
52	28	2
52	29	1
52	31	1
52	33	1
52	37	2
52	38	2
52	40	2
52	41	2
52	46	1
52	47	3
52	48	1
52	51	2
53	4	1
53	8	1
53	11	1
53	12	1
53	13	2
53	14	1
53	17	1
53	18	1
53	20	2
53	29	1
53	32	1
53	33	1
53	40	1
53	41	1
53	44	2
53	45	1
53	46	1
53	47	2
53	48	2
53	49	2
53	50	2
53	51	2
53	52	2
54	0	1
54	2	1
54	3	1
54	4	2
54	9	1
54	12	1
54	13	1
54	17	1
54	18	1
54	30	1
54	31	1
54	32	1
54	33	1
54	34	1
54	35	1
54	36	1
54	37	3
54	38	4
54	39	1
54	43	1
54	47	1
55	5	1
55	10	1
55	11	1
55	12	1
55	14	1
55	15	1
55	16	2
55	31	2
55	38	1
55	39	1
55	40	2
55	42	2
55	46	2
55	47	2
55	48	2
55	49	2
55	51	1
55	52	1
55	53	4
55	54	3
56	11	1
56	12	1
56	18	1
56	22	1
56	26	2
56	28	2
56	35	2
56	36	2
56	38	1
56	41	3
56	43	5
56	44	1
56	45	2
56	46	1
56	47	2
56	49	1
56	50	1
56	51	1
56	52	1
56	53	1
56	54	2
56	55	2
57	4	1
57	9	1
57	10	1
57	13	1
57	15	1
57	28	2
57	30	2
57	31	1
57	35	1
57	39	1
57	40	2
57	42	3
57	43	1
57	44	1
57	45	2
57	46	1
57	49	2
57	50	1
57	51	2
57	52	2
57	53	3
57	54	1
57	56	5
58	1	1
58	17	1
58	28	2
58	29	1
58	32	1
58	33	2
58	38	2
58	42	1
58	45	1
58	46	3
58	51	1
58	52	1
59	3	1
59	14	2
59	15	2
59	26	1
59	28	2
59	29	1
59	30	1
59	31	1
59	35	3
59	36	1
59	38	1
59	42	1
59	43	3
59	44	1
59	46	1
59	49	1
59	50	1
59	51	1
59	53	1
59	54	2
59	56	2
59	57	1
59	58	1
60	4	1
60	5	1
60	7	1
60	10	1
60	12	1
60	15	1
60	17	1
60	19	1
60	20	1
60	21	1
60	22	1
60	27	1
60	28	2
60	29	1
60	30	1
60	34	2
60	36	2
60	37	1
60	39	1
60	40	3
60	41	2
60	43	1
60	45	1
60	47	1
60	48	4
60	49	2
60	50	2
60	51	2
60	52	3
60	53	3
60	54	1
60	57	2
60	59	1
