1	0	2
2	0	2
2	1	1
3	0	1
3	1	1
3	2	1
4	0	1
5	4	2
6	0	1
6	3	2
6	4	4
6	5	2
7	4	1
7	6	1
8	0	1
8	1	2
8	2	1
8	3	2
8	4	2
8	5	3
8	6	1
8	7	3
9	2	2
9	4	3
9	5	2
9	6	1
9	8	2
10	0	1
10	6	2
10	7	1
10	8	3
10	9	1
11	1	1
11	9	3
11	10	3
12	1	1
12	4	2
12	7	2
12	8	1
12	9	1
12	10	4
13	2	1
13	4	1
13	8	1
13	9	2
13	10	1
13	11	1
13	12	2
14	10	1
14	13	3
15	4	1
15	7	1
15	8	2
15	10	2
15	11	1
15	13	3
16	2	2
16	11	1
16	14	2
16	15	2
17	4	1
17	5	1
17	8	1
17	9	2
17	12	1
17	14	1
17	15	1
17	16	2
18	5	1
18	8	1
18	13	2
18	15	2
18	16	3
19	4	1
19	6	3
19	7	3
19	8	2
19	9	1
19	10	2
19	11	1
19	13	2
19	16	1
19	17	1
19	18	4
20	5	2
20	7	1
20	8	1
20	10	1
20	11	1
20	15	1
20	16	1
20	17	1
20	19	2
21	3	1
21	4	1
21	5	2
21	8	1
21	10	2
21	11	2
21	12	1
21	13	1
21	17	1
21	18	1
21	20	3
22	5	2
22	6	1
22	7	2
22	11	1
22	12	1
22	13	1
22	14	1
22	15	1
22	18	1
22	19	1
22	20	3
22	21	3
23	5	1
23	7	1
23	10	1
23	15	2
23	17	1
23	20	1
23	21	1
23	22	3
24	1	1
24	3	1
24	4	1
24	8	2
24	14	1
24	19	1
24	22	3
24	23	2
25	3	1
25	5	1
26	1	1
26	3	1
26	13	1
26	19	2
26	24	1
27	4	1
27	8	1
27	12	1
27	18	1
27	19	1
27	22	1
28	5	2
28	7	1
28	11	1
28	12	3
28	13	1
28	14	3
28	16	1
28	20	1
28	21	2
28	23	1
28	24	1
28	26	2
28	27	1
29	4	1
29	7	1
29	9	1
29	12	1
29	14	1
29	15	2
29	18	1
29	19	1
29	20	1
29	21	1
29	22	1
30	1	1
30	7	1
30	8	1
30	14	1
30	19	1
30	20	1
30	21	1
30	23	1
30	24	1
30	26	1
30	27	2
30	28	1
30	29	3
31	2	1
31	4	1
31	13	1
31	18	2
31	20	1
31	21	1
31	24	2
31	28	2
31	30	4
32	1	1
32	5	1
32	15	2
32	16	1
32	18	2
32	29	1
32	30	1
32	31	1
33	2	1
33	5	2
33	11	1
33	13	2
33	14	1
33	16	1
33	18	2
33	19	1
33	20	1
33	21	2
33	24	2
33	28	2
33	30	1
33	31	1
33	32	1
34	1	2
34	3	3
34	10	1
34	11	1
34	12	1
34	15	1
34	16	2
34	17	1
34	21	1
34	27	1
34	30	1
34	31	1
34	32	1
34	33	1
35	2	1
35	6	1
35	8	1
35	9	1
35	10	2
35	17	1
35	19	4
35	21	1
35	22	1
35	23	1
35	24	2
35	28	3
35	29	1
35	30	2
35	32	2
35	33	1
35	34	3
36	1	1
36	5	1
36	6	1
36	8	2
36	11	3
36	12	1
36	18	1
36	19	2
36	21	2
36	22	1
36	28	2
36	29	1
36	33	1
36	34	1
37	1	2
37	3	1
37	4	2
37	7	1
37	9	1
37	13	4
37	14	1
37	18	2
37	19	1
37	28	2
37	29	2
37	30	2
37	31	2
37	35	1
37	36	1
38	2	1
38	4	1
38	6	2
38	7	2
38	10	2
38	11	2
38	12	1
38	13	3
38	14	1
38	15	1
38	16	1
38	18	1
38	20	1
38	21	1
38	22	3
38	24	1
38	28	2
38	29	1
38	30	2
38	33	1
38	35	3
38	37	1
39	1	1
39	6	1
39	7	1
39	13	3
39	14	1
39	15	1
39	16	1
39	17	1
39	18	2
39	19	1
39	20	1
39	22	1
39	23	1
39	24	1
39	27	2
39	28	6
39	29	2
39	30	2
39	31	1
39	34	2
39	35	2
39	37	3
39	38	2
40	4	1
40	6	1
40	7	1
40	9	5
40	10	2
40	12	1
40	13	1
40	14	1
40	21	1
40	27	1
40	28	3
40	29	3
40	31	3
40	32	1
40	34	2
40	35	3
40	37	1
40	38	2
41	1	1
41	2	2
41	5	1
41	8	2
41	17	1
41	19	1
41	20	1
41	21	1
41	22	1
41	24	1
41	26	1
41	27	2
41	28	1
41	29	2
41	30	1
41	31	3
41	32	1
41	33	1
41	35	2
41	36	1
41	38	1
41	39	1
41	40	7
42	3	1
42	4	1
42	19	1
42	21	1
42	28	2
42	29	2
42	33	1
42	35	1
42	38	1
42	40	2
43	3	1
43	4	1
43	9	1
43	13	3
43	17	1
43	19	1
43	21	1
43	28	1
43	29	1
43	30	1
43	31	1
43	33	1
43	34	1
43	38	1
43	39	1
43	40	1
43	41	2
43	42	2
44	2	1
44	3	1
44	4	2
44	7	1
44	9	1
44	12	1
44	18	1
44	21	1
44	27	1
44	28	1
44	30	1
44	32	3
44	36	1
44	39	1
44	40	3
44	41	2
44	43	4
45	4	1
45	7	1
45	27	1
45	30	1
45	31	1
45	32	1
45	33	1
45	35	1
45	38	1
45	42	2
45	43	1
45	44	1
46	1	1
46	7	2
46	8	1
46	9	1
46	30	1
46	38	1
46	40	1
46	41	1
46	42	2
46	43	2
46	44	5
46	45	2
47	2	3
47	11	1
47	14	2
47	24	1
47	31	3
47	36	1
47	43	1
47	44	2
47	45	1
48	2	1
48	3	1
48	4	1
48	10	1
48	11	1
48	13	1
48	15	1
48	28	1
48	37	1
48	38	1
48	42	1
48	44	3
48	45	1
48	46	3
48	47	1
49	1	1
49	3	1
49	5	1
49	9	1
49	10	2
49	15	1
49	16	1
49	17	1
49	18	3
49	27	1
49	29	2
49	30	1
49	35	1
49	38	2
49	41	1
49	42	1
49	43	2
49	47	5
49	48	1
50	8	1
50	9	1
50	10	1
50	27	1
50	36	1
50	38	1
50	41	1
50	42	1
50	43	1
50	44	1
50	47	1
50	49	3
51	4	1
51	12	1
51	15	1
51	16	1
51	18	1
51	26	1
51	27	1
51	40	1
51	42	1
51	44	1
51	48	1
51	49	1
51	50	3
52	6	2
52	12	1
52	17	1
52	20	2
52	21	1
52	23	1
52	28	1
52	29	1
52	32	1
52	33	1
52	37	1
52	39	1
52	45	2
52	47	1
52	50	1
53	3	1
53	15	1
53	17	1
53	19	1
53	22	1
53	24	1
53	26	1
53	28	1
53	29	1
53	31	1
53	32	1
53	36	1
53	38	3
53	39	2
53	41	3
53	44	1
53	45	1
53	47	1
53	52	4
54	1	1
54	2	1
54	4	1
54	9	1
54	11	1
54	13	1
54	14	2
54	17	1
54	32	1
54	38	2
54	40	2
54	41	1
54	42	1
54	43	1
54	44	1
54	45	1
54	46	3
54	47	4
54	49	2
54	50	1
54	51	1
54	53	1
55	2	1
55	9	3
55	11	1
55	17	1
55	19	1
55	21	1
55	29	1
55	35	1
55	36	1
55	37	1
55	38	1
55	40	2
55	41	1
55	42	1
55	43	1
55	44	2
55	46	1
55	47	3
55	49	1
55	52	2
55	53	1
55	54	3
56	8	1
56	19	1
56	23	1
56	26	1
56	28	2
56	33	1
56	36	3
56	38	1
56	41	1
56	43	1
56	47	1
56	48	1
56	49	2
56	51	1
56	52	2
56	53	1
57	8	2
57	16	1
57	17	2
57	23	1
57	27	1
57	34	1
57	41	1
57	43	1
57	44	2
57	45	1
57	47	1
57	48	1
57	49	3
57	52	1
57	53	1
57	54	2
57	55	1
58	8	1
58	17	1
58	28	2
58	33	1
58	35	1
58	37	1
58	38	1
58	43	1
58	44	1
58	46	1
58	48	1
58	50	2
58	53	1
58	54	2
58	55	2
58	56	1
59	3	1
59	8	1
59	12	2
59	13	1
59	15	1
59	17	1
59	21	2
59	24	1
59	26	3
59	29	1
59	30	1
59	31	1
59	32	1
59	37	1
59	38	2
59	41	1
59	42	1
59	45	2
59	49	1
59	51	1
59	54	1
59	57	1
59	58	1
60	0	1
60	1	1
60	4	1
60	6	1
60	10	1
60	14	1
60	16	1
60	20	1
60	22	1
60	26	1
60	27	3
60	32	1
60	33	1
60	34	1
60	35	1
60	38	2
60	39	1
60	41	1
60	43	1
60	44	1
60	45	1
60	47	3
60	49	3
60	51	5
60	52	5
60	53	5
60	54	1
60	55	2
60	57	1
60	58	2
