1	0	3
2	0	1
2	1	2
3	1	1
4	0	1
4	1	2
4	3	2
5	0	2
5	3	1
5	4	3
6	0	1
6	2	1
7	5	1
7	6	1
8	0	4
8	2	2
8	3	1
8	4	3
8	5	1
8	6	4
8	7	3
9	3	2
9	4	1
9	5	2
9	7	1
9	8	2
10	3	1
10	4	1
10	5	1
10	8	1
11	0	1
11	4	1
11	8	3
11	9	2
11	10	3
12	1	1
12	3	2
12	4	1
12	10	2
13	2	2
13	3	1
13	6	1
13	10	2
13	11	1
14	2	1
14	5	1
14	6	1
14	8	1
14	10	3
14	11	2
15	4	1
15	7	1
15	8	3
15	10	1
15	12	1
15	14	2
16	1	2
16	2	3
16	4	2
16	8	1
16	9	1
16	14	2
16	15	1
17	4	1
17	5	1
17	8	2
17	10	1
17	12	1
17	14	1
17	15	2
17	16	2
18	0	1
18	3	1
18	5	1
18	6	1
18	8	3
18	9	2
18	10	3
18	13	1
18	14	1
18	15	1
18	16	1
19	4	2
19	5	1
19	7	1
19	10	1
19	11	1
19	13	3
19	17	2
20	4	1
20	6	3
20	7	1
20	8	1
20	9	1
20	10	2
20	11	1
20	12	1
20	13	1
20	17	1
20	18	4
20	19	2
21	4	1
21	5	1
21	6	1
21	7	1
21	15	2
21	16	1
21	17	1
21	18	3
21	19	2
21	20	1
22	2	1
22	5	1
22	6	1
22	7	1
22	9	1
22	10	1
22	11	1
22	13	1
22	14	1
22	20	4
23	0	1
23	3	1
23	6	1
23	8	2
23	11	1
23	12	1
23	15	1
23	20	3
23	21	1
23	22	2
24	1	3
24	2	1
24	3	1
24	4	1
24	7	1
24	9	2
24	12	2
24	13	1
24	15	1
24	18	1
24	22	2
24	23	1
25	5	1
26	17	1
27	3	1
27	7	2
27	11	1
27	13	2
27	14	2
27	19	1
28	7	1
28	9	3
28	11	1
28	13	3
28	15	1
28	16	1
28	18	1
28	19	1
28	20	1
28	21	2
28	22	1
28	23	1
28	26	1
28	27	1
29	3	1
29	9	2
29	11	1
29	12	1
29	15	1
29	20	2
29	27	1
29	28	2
30	2	2
30	3	1
30	10	1
30	13	2
30	16	1
30	18	2
30	22	1
30	23	1
30	27	1
30	28	2
30	29	2
31	1	1
31	2	1
31	8	1
31	10	1
31	11	1
31	14	1
31	17	1
31	28	1
31	30	3
32	1	1
32	4	1
32	16	1
32	19	1
32	28	1
32	30	1
33	2	1
33	4	1
33	9	1
33	10	1
33	13	2
33	17	1
33	19	1
33	21	1
33	22	1
33	23	1
33	24	1
33	26	2
33	29	1
33	30	1
33	31	1
33	32	1
34	3	2
34	4	1
34	6	1
34	8	1
34	9	1
34	15	1
34	16	2
34	18	1
34	19	3
34	21	3
34	22	1
34	24	1
34	26	1
34	27	1
34	28	4
34	33	1
35	7	1
35	8	1
35	12	1
35	13	1
35	14	1
35	15	4
35	17	1
35	18	2
35	19	1
35	20	3
35	22	2
35	26	1
35	27	1
35	28	1
35	32	2
35	33	1
36	0	2
36	2	1
36	7	1
36	9	2
36	11	1
36	12	2
36	13	1
36	15	1
36	16	1
36	17	1
36	18	2
36	19	1
36	22	1
36	27	1
36	30	1
36	31	1
36	33	1
36	35	1
37	1	1
37	3	1
37	4	1
37	5	1
37	8	2
37	9	1
37	10	2
37	11	1
37	13	4
37	14	1
37	15	1
37	16	1
37	17	2
37	18	4
37	20	1
37	27	1
37	31	2
37	35	5
38	2	1
38	3	1
38	8	2
38	13	3
38	14	2
38	15	1
38	16	1
38	18	1
38	19	1
38	21	1
38	23	1
38	26	1
38	27	3
38	30	2
38	31	1
38	34	3
39	8	2
39	9	2
39	10	1
39	11	1
39	13	2
39	14	2
39	17	1
39	18	1
39	20	1
39	24	2
39	31	1
39	33	1
39	34	1
39	36	1
39	37	1
39	38	3
40	6	1
40	8	2
40	10	4
40	12	1
40	18	3
40	19	2
40	21	1
40	24	1
40	26	1
40	28	2
40	29	1
40	30	2
40	34	1
40	35	1
40	37	1
40	38	2
40	39	2
41	1	1
41	2	1
41	6	1
41	8	2
41	12	2
41	14	1
41	18	1
41	19	1
41	27	1
41	28	3
41	30	1
41	31	2
41	32	1
41	34	1
41	35	1
41	36	1
41	37	1
41	38	3
41	39	1
41	40	4
42	8	1
42	11	1
42	12	1
42	13	3
42	15	1
42	16	2
42	22	1
42	24	4
42	28	1
42	29	1
42	37	1
42	38	2
43	4	1
43	16	1
43	25	1
43	26	1
43	28	1
43	30	1
43	31	2
43	34	2
43	35	2
43	36	1
43	38	2
43	41	2
43	42	2
44	1	1
44	7	1
44	8	1
44	9	1
44	10	1
44	12	1
44	17	1
44	18	1
44	28	1
44	29	1
44	30	1
44	31	1
44	33	2
44	34	3
44	39	1
44	41	2
44	42	2
44	43	4
45	2	1
45	4	1
45	10	1
45	11	1
45	12	1
45	13	1
45	17	1
45	18	1
45	29	1
45	32	1
45	33	1
45	35	1
45	36	1
45	37	1
45	38	1
45	42	2
45	43	3
45	44	1
46	1	1
46	3	1
46	5	1
46	7	1
46	11	1
46	14	2
46	19	1
46	21	1
46	27	1
46	28	1
46	34	1
46	36	1
46	37	1
46	40	1
46	43	2
46	44	1
46	45	1
47	14	1
47	15	1
47	17	1
47	28	2
47	30	1
47	31	1
47	36	1
47	39	1
47	40	2
47	41	2
47	42	1
47	44	2
47	46	1
48	0	1
48	4	1
48	8	1
48	10	1
48	27	1
48	30	1
48	31	1
48	36	1
48	38	1
48	44	1
48	47	4
49	1	1
49	6	1
49	7	1
49	13	1
49	29	1
49	31	1
49	35	1
49	36	1
49	38	1
49	42	1
49	43	2
49	45	1
49	47	3
49	48	2
50	8	1
50	12	1
50	13	2
50	14	1
50	18	1
50	39	1
50	40	2
50	41	1
50	42	1
50	43	1
50	47	1
50	49	1
51	8	3
51	10	1
51	14	1
51	16	1
51	19	1
51	20	1
51	24	1
51	28	2
51	30	2
51	36	2
51	37	2
51	38	2
51	39	1
51	41	1
51	42	2
51	44	1
51	45	1
51	46	1
51	49	1
51	50	2
52	4	2
52	8	1
52	10	1
52	14	2
52	15	1
52	24	1
52	27	1
52	31	1
52	32	1
52	33	1
52	34	1
52	36	1
52	37	2
52	38	2
52	39	1
52	41	1
52	45	1
52	46	1
52	48	2
52	49	2
52	50	2
52	51	3
53	2	1
53	6	1
53	9	1
53	12	1
53	13	2
53	16	1
53	18	2
53	20	1
53	27	1
53	29	3
53	31	1
53	32	1
53	33	2
53	34	2
53	38	1
53	40	2
53	42	1
53	43	1
53	48	3
53	49	1
53	51	4
53	52	1
54	1	2
54	6	1
54	9	1
54	10	1
54	13	1
54	14	2
54	17	1
54	18	1
54	20	1
54	27	1
54	29	1
54	30	2
54	33	1
54	35	2
54	36	1
54	38	1
54	41	2
54	42	1
54	44	1
54	45	1
54	46	4
54	47	3
54	50	1
54	52	1
55	4	1
55	9	1
55	13	1
55	14	2
55	18	2
55	20	1
55	27	2
55	32	1
55	38	1
55	39	1
55	40	2
55	41	2
55	42	1
55	43	1
55	44	3
55	46	3
55	47	2
55	48	1
55	52	2
55	54	5
56	3	1
56	9	1
56	10	1
56	32	1
56	34	2
56	35	1
56	38	1
56	40	1
56	44	4
56	45	2
56	46	2
56	48	3
56	52	4
56	55	2
57	6	1
57	8	1
57	11	1
57	12	1
57	16	1
57	24	1
57	25	1
57	27	1
57	29	1
57	30	1
57	32	1
57	35	1
57	38	1
57	40	1
57	43	1
57	46	1
57	47	1
57	48	1
57	51	3
57	53	1
57	56	2
58	17	1
58	26	1
58	27	1
58	29	1
58	30	1
58	31	1
58	32	1
58	38	1
58	39	1
58	42	1
58	46	1
58	47	2
58	49	2
58	51	1
58	52	2
58	57	2
59	3	1
59	8	2
59	9	1
59	10	1
59	15	1
59	16	1
59	19	1
59	26	1
59	28	1
59	31	1
59	32	1
59	33	1
59	37	1
59	39	1
59	41	1
59	42	2
59	43	4
59	44	1
59	47	1
59	48	1
59	49	1
59	52	1
59	54	1
59	55	2
59	56	1
59	57	1
59	58	1
60	4	1
60	5	2
60	13	1
60	14	1
60	15	3
60	19	1
60	22	1
60	28	1
60	29	2
60	31	1
60	32	1
60	36	1
60	38	3
60	39	1
60	40	1
60	41	1
60	44	2
60	47	2
60	48	3
60	49	1
60	51	2
60	52	3
60	53	5
60	54	1
60	55	2
60	56	1
