1	0	1
2	1	2
3	1	2
3	2	3
4	0	1
4	1	3
4	3	1
5	0	1
5	2	3
5	4	2
6	0	1
6	4	2
6	5	1
7	5	2
7	6	5
8	1	1
8	4	5
8	5	2
8	6	2
8	7	1
9	1	1
9	2	1
9	4	2
9	5	1
9	6	2
9	7	1
9	8	3
10	2	2
10	3	1
10	4	2
10	5	1
10	6	1
10	7	2
10	8	1
10	9	2
11	2	1
11	8	2
11	10	3
12	2	2
12	4	1
12	5	1
12	9	2
12	10	1
12	11	1
13	0	1
13	6	1
13	8	1
13	9	2
13	10	2
13	11	1
14	2	1
14	7	1
14	11	1
15	2	1
15	3	1
15	4	2
15	9	1
15	11	1
15	12	1
15	13	3
15	14	1
16	5	1
16	8	1
16	10	1
16	12	1
16	13	1
16	15	1
17	5	1
17	6	1
17	10	2
17	12	1
17	13	1
17	15	3
18	4	2
18	6	1
18	7	1
18	8	2
18	9	1
18	10	2
18	13	5
18	14	1
18	16	1
19	0	1
19	1	1
19	4	3
19	5	1
19	6	2
19	7	3
19	8	3
19	9	6
19	12	2
19	14	1
19	16	1
19	17	5
19	18	3
20	2	1
20	3	1
20	4	1
20	5	1
20	6	1
20	9	1
20	10	1
20	13	1
20	19	2
21	2	1
21	3	1
21	4	1
21	5	1
21	6	2
21	7	1
21	10	1
21	11	2
21	14	1
21	18	2
21	19	3
21	20	1
22	3	1
22	4	1
22	5	1
22	8	1
22	9	1
22	16	1
22	17	1
22	19	1
22	20	4
22	21	3
23	1	1
23	3	1
23	4	1
23	8	1
23	10	1
23	12	2
23	20	1
23	21	1
24	5	1
24	7	1
24	8	1
24	9	1
24	10	1
24	11	2
24	12	2
24	14	1
24	15	1
24	19	2
24	20	1
24	22	2
24	23	1
25	11	1
26	2	1
26	6	1
26	15	1
26	18	1
26	20	1
27	4	1
27	7	1
27	8	1
27	10	1
27	12	1
27	13	1
27	14	2
27	15	2
27	17	2
27	21	2
27	22	1
27	23	1
28	0	1
28	2	1
28	8	1
28	9	1
28	10	3
28	11	1
28	13	2
28	14	2
28	16	1
28	18	1
28	19	1
28	21	2
28	22	2
28	26	1
28	27	2
29	5	2
29	6	1
29	9	2
29	15	1
29	17	1
29	18	1
29	19	1
29	20	1
30	1	1
30	5	2
30	9	2
30	15	1
30	18	1
30	19	1
30	20	2
30	21	1
30	22	1
30	26	1
30	28	2
30	29	3
31	2	1
31	3	1
31	11	1
31	20	1
31	27	1
31	28	2
31	30	4
32	4	1
32	9	3
32	10	2
32	16	1
32	17	1
32	19	2
32	21	2
32	23	1
32	24	2
32	27	1
32	30	1
32	31	1
33	1	1
33	3	1
33	4	1
33	6	1
33	7	1
33	8	1
33	10	1
33	14	1
33	15	1
33	18	1
33	19	1
33	20	1
33	21	1
33	22	1
33	23	1
33	26	1
33	27	1
33	28	3
33	30	1
33	32	3
34	2	1
34	3	2
34	5	1
34	6	1
34	12	1
34	17	1
34	22	1
34	24	1
34	31	1
34	32	2
34	33	3
35	2	2
35	3	1
35	4	1
35	5	1
35	6	1
35	7	1
35	8	1
35	10	2
35	12	1
35	14	2
35	15	2
35	16	2
35	17	1
35	18	2
35	21	4
35	23	1
35	27	1
35	28	1
35	29	2
35	31	2
35	32	1
35	33	3
35	34	4
36	1	1
36	3	1
36	4	1
36	10	1
36	13	1
36	16	1
36	19	2
36	26	2
36	29	1
36	30	2
36	34	1
37	4	1
37	10	1
37	11	3
37	13	2
37	18	4
37	22	1
37	23	1
37	25	1
37	27	2
37	29	2
37	33	2
37	35	3
37	36	3
38	4	1
38	7	1
38	10	3
38	13	1
38	14	1
38	16	2
38	17	1
38	19	2
38	20	1
38	26	1
38	28	2
38	30	1
38	31	1
38	33	1
38	34	3
38	35	4
38	37	1
39	2	2
39	4	2
39	5	2
39	7	1
39	8	1
39	10	1
39	11	1
39	12	2
39	13	1
39	16	1
39	17	1
39	18	1
39	20	1
39	21	1
39	23	2
39	27	1
39	28	1
39	30	1
39	33	1
39	34	1
39	35	1
39	36	1
39	37	4
39	38	5
40	4	1
40	6	1
40	10	1
40	14	2
40	18	2
40	19	1
40	21	1
40	22	1
40	27	1
40	28	1
40	29	1
40	31	3
40	34	1
40	35	3
40	36	1
40	37	1
40	38	1
41	1	1
41	2	1
41	3	1
41	5	1
41	9	2
41	10	1
41	13	1
41	15	1
41	23	1
41	24	1
41	27	2
41	28	1
41	29	1
41	30	3
41	31	1
41	32	2
41	35	1
41	37	1
41	38	1
41	39	2
41	40	1
42	4	1
42	8	2
42	16	1
42	23	1
42	24	1
42	26	1
42	28	3
42	29	1
42	31	1
42	32	1
42	33	1
42	37	2
42	38	1
42	40	1
42	41	2
43	4	1
43	5	1
43	8	1
43	10	1
43	16	1
43	18	1
43	22	1
43	23	1
43	28	2
43	29	2
43	30	1
43	31	1
43	34	1
43	37	1
43	40	1
43	41	3
43	42	2
44	0	2
44	2	1
44	5	1
44	11	1
44	14	1
44	17	1
44	18	1
44	19	1
44	20	1
44	21	1
44	30	3
44	31	2
44	33	1
44	34	1
44	35	1
44	38	1
44	41	2
44	42	1
44	43	3
45	1	1
45	3	1
45	6	1
45	9	1
45	10	1
45	11	2
45	13	1
45	27	1
45	29	1
45	31	1
45	33	2
45	35	2
45	36	1
45	38	1
45	39	1
45	40	2
45	43	1
45	44	1
46	2	1
46	4	1
46	7	1
46	9	1
46	11	1
46	12	1
46	14	1
46	18	1
46	27	1
46	28	1
46	29	1
46	32	1
46	33	1
46	34	1
46	39	1
46	41	1
46	42	1
46	43	2
46	44	1
46	45	3
47	1	1
47	5	1
47	8	1
47	9	1
47	10	1
47	11	1
47	12	2
47	15	1
47	28	1
47	32	3
47	34	1
47	36	1
47	37	2
47	39	2
47	41	1
47	42	1
47	43	1
47	46	2
48	4	2
48	8	1
48	10	2
48	12	1
48	14	1
48	15	1
48	20	1
48	35	1
48	39	1
48	41	1
48	43	1
48	47	2
49	1	1
49	12	2
49	13	1
49	14	1
49	18	1
49	21	1
49	24	1
49	28	1
49	29	1
49	34	1
49	35	3
49	40	3
49	41	2
49	43	1
49	45	2
49	47	1
49	48	3
50	8	1
50	13	1
50	18	1
50	31	1
50	32	1
50	38	1
50	40	1
51	5	1
51	8	3
51	11	1
51	12	2
51	15	2
51	18	1
51	24	1
51	27	1
51	28	1
51	30	1
51	31	1
51	33	1
51	35	1
51	38	2
51	39	2
51	40	1
51	41	1
51	44	2
51	45	2
51	47	1
51	48	1
51	49	1
51	50	1
52	9	1
52	10	1
52	11	1
52	16	1
52	19	2
52	23	2
52	34	1
52	35	1
52	37	2
52	39	1
52	40	1
52	43	1
52	46	2
52	48	1
52	49	1
52	51	5
53	2	1
53	5	1
53	8	1
53	10	2
53	11	1
53	12	1
53	13	1
53	14	1
53	15	1
53	24	1
53	31	1
53	32	1
53	34	1
53	35	1
53	40	3
53	41	1
53	42	1
53	47	1
53	51	1
53	52	2
54	1	1
54	11	1
54	12	1
54	13	1
54	15	1
54	17	1
54	18	1
54	19	1
54	27	2
54	32	1
54	36	1
54	38	1
54	40	2
54	41	1
54	44	1
54	45	1
54	46	2
54	47	3
54	48	1
54	49	1
54	50	1
54	52	1
54	53	1
55	1	1
55	3	1
55	4	1
55	8	2
55	13	1
55	15	1
55	16	1
55	19	1
55	24	1
55	33	2
55	36	1
55	37	1
55	40	2
55	42	2
55	44	1
55	45	1
55	46	1
55	48	2
55	50	1
55	54	5
56	8	1
56	9	1
56	28	1
56	30	1
56	31	1
56	35	2
56	38	1
56	43	1
56	46	5
56	48	2
56	49	2
56	50	1
56	51	1
57	0	1
57	22	1
57	23	1
57	30	1
57	32	1
57	36	3
57	38	1
57	42	2
57	44	1
57	46	1
57	47	4
57	48	1
57	51	1
57	52	1
57	53	2
57	54	3
57	56	1
58	10	1
58	12	1
58	15	1
58	18	1
58	28	3
58	29	1
58	33	1
58	35	1
58	38	1
58	39	1
58	45	1
58	48	1
58	49	1
58	50	1
58	51	1
58	52	2
58	54	1
58	57	1
59	5	1
59	7	1
59	9	1
59	12	1
59	15	1
59	16	1
59	18	2
59	21	3
59	27	2
59	31	1
59	35	1
59	37	1
59	39	2
59	41	2
59	42	4
59	44	1
59	46	1
59	47	2
59	54	2
59	56	1
59	57	2
59	58	4
60	0	1
60	3	1
60	7	1
60	8	1
60	12	3
60	27	2
60	31	1
60	32	2
60	33	1
60	37	2
60	38	2
60	39	5
60	40	1
60	43	1
60	46	1
60	49	3
60	51	6
60	52	2
60	53	2
60	54	2
60	56	1
60	57	1
60	58	1
