1	0	2
2	0	1
2	1	4
3	0	1
3	1	2
3	2	1
4	1	1
5	1	1
5	2	2
5	4	2
6	0	1
6	1	1
6	2	1
6	5	2
7	1	1
7	3	1
7	4	2
7	6	2
8	0	1
8	4	2
8	6	5
8	7	2
9	0	1
9	1	2
9	2	2
9	3	1
9	4	2
9	5	1
9	6	1
9	8	1
10	1	2
10	2	1
10	4	3
10	7	1
10	8	3
10	9	4
11	2	1
11	3	1
11	4	2
11	5	1
11	7	1
11	10	2
12	4	1
12	5	1
12	6	1
12	7	1
12	8	2
12	9	3
12	10	3
12	11	3
13	0	1
13	1	1
13	9	1
13	12	2
14	4	1
14	5	1
14	10	2
14	11	1
14	12	1
14	13	2
15	4	1
15	5	1
15	11	1
15	14	3
16	4	1
16	8	1
16	9	1
16	12	1
16	13	2
16	15	1
17	3	1
17	4	3
17	5	2
17	6	1
17	11	1
17	13	1
17	14	3
17	15	3
17	16	3
18	6	1
18	7	1
18	8	1
18	9	1
18	10	2
18	12	2
18	14	1
18	15	1
18	16	1
18	17	1
19	3	2
19	5	1
19	9	5
19	10	1
19	11	1
19	12	3
19	17	1
19	18	4
20	2	2
20	5	3
20	6	1
20	7	1
20	9	1
20	10	1
20	12	2
20	15	1
20	17	1
20	18	2
21	4	2
21	5	3
21	6	1
21	10	1
21	11	1
21	12	1
21	13	1
21	14	2
21	17	1
21	18	2
21	19	3
21	20	3
22	5	2
22	11	1
22	12	1
22	13	1
22	15	1
22	18	1
22	19	1
22	20	1
22	21	4
23	0	1
23	1	1
23	3	1
23	5	2
23	6	1
23	11	1
23	15	1
23	20	3
24	2	2
24	3	1
24	5	1
24	9	1
24	10	1
24	12	1
24	13	2
24	18	2
24	19	2
24	20	1
24	21	1
24	22	2
24	23	1
25	8	1
25	21	1
26	14	1
26	16	1
27	9	2
27	11	1
27	13	2
27	15	2
27	18	3
27	23	1
28	0	2
28	13	2
28	15	2
28	16	1
28	19	2
28	21	1
28	23	1
28	24	1
29	2	1
29	3	2
29	8	1
29	15	1
29	16	1
29	18	2
29	19	1
29	20	1
29	22	1
29	28	1
30	2	1
30	7	1
30	8	2
30	11	1
30	12	1
30	16	3
30	20	3
30	24	2
30	27	1
30	28	1
30	29	1
31	1	1
31	3	1
31	5	1
31	8	2
31	13	1
31	17	1
31	21	1
31	24	1
31	26	1
31	28	3
31	30	3
32	4	1
32	6	2
32	9	3
32	10	1
32	18	2
32	19	1
32	20	1
32	22	1
32	23	1
32	28	3
32	30	1
32	31	1
33	3	1
33	4	1
33	8	1
33	10	1
33	16	1
33	17	1
33	20	1
33	23	4
33	26	1
33	27	2
33	28	1
33	30	2
33	31	1
34	2	1
34	4	1
34	7	1
34	8	1
34	10	1
34	12	1
34	13	1
34	15	1
34	19	2
34	21	2
34	24	1
34	27	1
34	28	3
34	31	2
34	33	5
35	2	1
35	3	1
35	4	1
35	5	1
35	7	1
35	8	1
35	9	1
35	13	2
35	14	3
35	15	1
35	16	1
35	17	1
35	18	1
35	19	1
35	20	2
35	22	1
35	26	2
35	28	3
35	29	1
35	33	2
35	34	2
36	5	1
36	8	1
36	10	1
36	13	1
36	14	2
36	17	2
36	18	1
36	20	1
36	24	1
36	25	1
36	28	1
36	29	1
36	33	1
36	35	1
37	3	1
37	4	1
37	9	1
37	11	2
37	13	2
37	15	1
37	16	1
37	17	2
37	18	2
37	21	1
37	22	1
37	29	1
37	33	1
37	35	2
37	36	1
38	0	1
38	4	3
38	6	1
38	7	1
38	8	2
38	11	1
38	13	1
38	14	1
38	16	1
38	18	2
38	19	2
38	20	1
38	21	1
38	23	1
38	24	2
38	27	1
38	28	2
38	29	2
38	32	3
38	33	1
38	35	4
38	37	2
39	1	1
39	4	1
39	11	1
39	12	1
39	14	3
39	16	3
39	17	1
39	18	1
39	19	1
39	20	1
39	27	1
39	28	1
39	30	1
39	31	1
39	35	1
39	37	3
39	38	2
40	3	1
40	5	1
40	6	1
40	8	1
40	10	1
40	14	1
40	15	1
40	17	1
40	19	1
40	20	1
40	21	1
40	24	1
40	29	1
40	30	1
40	31	1
40	33	1
40	35	2
40	38	2
40	39	2
41	4	2
41	5	1
41	7	1
41	12	1
41	16	1
41	19	2
41	21	1
41	22	1
41	27	1
41	30	3
41	31	1
41	32	1
41	33	1
41	35	2
41	37	2
41	38	3
41	40	2
42	0	1
42	3	1
42	4	1
42	8	1
42	9	1
42	11	1
42	16	1
42	22	1
42	27	1
42	28	1
42	31	1
42	32	1
42	37	1
42	41	2
43	7	1
43	15	1
43	20	1
43	24	2
43	27	1
43	28	1
43	29	2
43	31	2
43	34	1
43	38	1
43	41	1
44	3	1
44	4	1
44	9	1
44	18	1
44	28	1
44	30	1
44	32	1
44	35	1
44	36	2
44	42	1
44	43	3
45	1	1
45	5	1
45	8	1
45	13	1
45	18	1
45	30	1
45	38	1
45	39	1
45	40	1
45	41	1
45	43	4
45	44	5
46	0	1
46	2	1
46	4	1
46	8	1
46	10	1
46	22	1
46	26	1
46	28	2
46	30	1
46	33	1
46	37	1
46	38	2
46	40	2
46	43	1
46	44	3
46	45	1
47	5	1
47	9	1
47	12	1
47	16	1
47	17	1
47	27	1
47	30	1
47	38	1
47	44	3
47	46	4
48	2	1
48	10	1
48	14	1
48	15	2
48	30	1
48	39	1
48	40	2
48	42	1
48	44	1
48	47	3
49	0	1
49	1	1
49	6	1
49	9	1
49	10	1
49	11	1
49	13	1
49	16	1
49	27	2
49	28	1
49	29	1
49	33	1
49	34	1
49	35	2
49	37	1
49	38	1
49	40	1
49	41	1
49	42	2
49	46	1
49	47	5
49	48	2
50	4	1
50	12	1
50	26	1
50	37	1
50	38	1
50	43	1
50	46	1
50	49	1
51	10	1
51	11	1
51	16	1
51	18	1
51	27	4
51	28	1
51	30	1
51	31	1
51	33	2
51	34	1
51	35	2
51	36	2
51	38	1
51	39	2
51	40	2
51	42	1
51	47	1
51	48	1
51	49	1
51	50	1
52	6	1
52	10	1
52	11	1
52	14	1
52	15	1
52	16	1
52	29	1
52	39	1
52	40	1
52	43	1
52	47	2
52	48	1
52	49	1
52	50	3
52	51	4
53	1	1
53	7	1
53	9	1
53	12	2
53	13	2
53	14	2
53	22	1
53	36	2
53	38	3
53	40	3
53	45	3
53	47	1
53	48	1
53	49	3
53	50	2
53	51	3
53	52	3
54	1	1
54	6	1
54	10	2
54	11	1
54	13	1
54	16	1
54	19	1
54	28	1
54	29	1
54	30	1
54	32	1
54	34	1
54	36	1
54	37	1
54	38	1
54	39	1
54	42	1
54	43	3
54	44	1
54	45	2
54	46	2
54	47	2
54	53	2
55	3	3
55	4	1
55	8	1
55	11	1
55	12	1
55	13	1
55	14	1
55	18	1
55	20	1
55	27	1
55	28	1
55	32	1
55	36	1
55	39	1
55	41	2
55	43	2
55	45	2
55	46	1
55	47	2
55	48	1
55	49	1
55	51	2
55	52	1
55	54	1
56	5	1
56	11	1
56	13	1
56	15	1
56	26	1
56	29	1
56	33	2
56	34	1
56	35	2
56	40	2
56	41	1
56	43	1
56	44	1
56	46	2
56	47	3
56	48	1
56	50	1
56	52	1
56	53	2
56	54	1
56	55	2
57	8	1
57	12	1
57	14	1
57	17	1
57	19	1
57	28	1
57	35	1
57	37	1
57	41	1
57	43	1
57	45	1
57	46	1
57	48	3
57	49	2
57	51	1
57	52	1
57	53	3
57	55	1
57	56	2
58	1	1
58	8	2
58	18	1
58	24	1
58	29	1
58	30	1
58	32	2
58	39	1
58	42	1
58	43	4
58	46	1
58	47	1
58	49	1
58	51	1
58	57	1
59	2	1
59	8	1
59	10	1
59	13	1
59	17	1
59	27	1
59	28	2
59	31	2
59	35	3
59	36	1
59	37	1
59	38	1
59	40	1
59	41	1
59	42	3
59	44	2
59	45	3
59	47	2
59	49	2
59	52	2
59	53	3
59	55	1
59	57	1
60	3	1
60	4	1
60	8	1
60	9	1
60	10	1
60	11	1
60	13	2
60	16	1
60	17	1
60	19	2
60	21	1
60	22	1
60	24	2
60	26	1
60	27	2
60	28	2
60	30	1
60	31	1
60	33	1
60	35	1
60	36	1
60	38	2
60	39	1
60	41	2
60	44	1
60	45	2
60	50	1
60	51	2
60	52	7
60	53	1
60	54	3
60	56	1
60	59	1
