1	0	1
2	1	4
3	1	1
3	2	4
4	2	2
5	0	2
5	1	1
5	2	2
5	4	3
6	0	2
7	1	1
7	6	1
8	1	2
8	2	1
8	3	1
8	4	8
8	5	2
8	6	2
9	1	1
9	4	1
9	6	2
9	8	1
10	2	1
10	4	1
10	5	2
10	6	3
10	9	1
11	0	1
11	1	1
11	4	1
11	5	1
11	6	1
11	7	1
11	9	3
11	10	2
12	7	1
12	9	2
12	10	2
12	11	1
13	0	1
13	4	2
13	8	1
13	9	1
13	10	3
13	11	1
13	12	1
14	2	1
14	3	1
14	4	1
14	5	1
14	10	2
14	11	2
14	12	2
15	0	1
15	2	1
15	5	2
15	6	1
15	7	1
15	9	1
15	10	1
15	12	1
15	14	2
16	2	1
16	3	1
16	4	1
16	5	2
16	10	1
16	12	2
16	13	2
16	14	3
17	5	1
17	8	3
17	9	1
17	10	2
17	11	1
17	12	1
17	13	2
17	15	3
18	3	1
18	5	1
18	7	1
18	8	2
18	10	1
18	14	1
18	17	2
19	7	3
19	8	2
19	9	2
19	12	1
19	14	1
19	15	2
19	16	2
19	17	2
19	18	4
20	3	1
20	4	1
20	6	4
20	7	3
20	8	5
20	11	1
20	14	1
20	17	1
20	19	3
21	1	1
21	4	1
21	5	3
21	8	1
21	9	2
21	11	1
21	19	1
21	20	2
22	0	1
22	1	1
22	4	1
22	5	1
22	6	3
22	14	1
22	19	1
22	20	1
22	21	1
23	7	1
23	11	1
23	13	1
23	14	1
23	16	1
23	20	1
23	21	1
23	22	1
24	3	1
24	5	3
24	6	1
24	7	1
24	10	1
24	16	1
24	18	3
24	19	2
24	20	2
24	22	2
24	23	4
25	21	2
26	10	1
26	13	1
26	15	2
26	16	1
26	18	1
26	19	1
26	22	1
27	4	1
27	8	1
27	12	1
27	13	3
27	14	1
27	15	1
27	17	1
27	19	2
27	20	1
27	23	2
28	5	1
28	8	1
28	9	1
28	10	1
28	12	3
28	13	1
28	14	2
28	17	1
28	18	1
28	19	1
28	21	3
28	22	1
28	26	1
28	27	2
29	4	1
29	5	1
29	11	1
29	18	1
29	19	1
29	20	1
29	24	1
30	2	1
30	3	1
30	7	1
30	8	2
30	9	1
30	11	1
30	15	2
30	16	1
30	20	1
30	26	1
30	28	3
30	29	1
31	5	2
31	10	1
31	20	1
31	21	1
31	22	1
31	23	1
31	28	2
31	29	1
31	30	5
32	1	1
32	5	1
32	14	1
32	16	1
32	17	1
32	21	1
32	22	1
32	26	1
32	28	1
32	29	1
32	30	1
32	31	2
33	4	1
33	5	1
33	6	1
33	9	1
33	10	1
33	19	1
33	20	1
33	23	1
33	24	2
33	26	2
33	29	2
33	30	1
33	31	3
33	32	2
34	0	1
34	2	1
34	11	1
34	12	2
34	14	2
34	15	2
34	19	3
34	20	2
34	21	1
34	22	2
34	24	4
34	27	2
34	30	3
34	33	2
35	5	1
35	7	2
35	8	1
35	9	1
35	10	1
35	11	2
35	13	1
35	14	1
35	18	1
35	20	1
35	22	2
35	24	1
35	28	3
35	29	2
35	33	1
36	2	1
36	4	1
36	6	1
36	8	1
36	10	1
36	11	1
36	14	1
36	15	1
36	17	1
36	18	1
36	22	1
36	27	3
36	32	1
36	33	1
36	34	1
37	1	1
37	4	1
37	5	1
37	6	1
37	7	2
37	8	1
37	9	1
37	11	2
37	12	1
37	13	1
37	14	2
37	15	2
37	16	1
37	17	1
37	18	1
37	20	1
37	26	1
37	27	3
37	28	1
37	30	2
37	31	1
37	32	1
37	35	3
38	0	1
38	3	2
38	5	1
38	10	2
38	11	3
38	14	1
38	15	2
38	17	2
38	18	2
38	21	1
38	23	1
38	26	1
38	27	1
38	32	1
38	33	1
38	34	1
38	35	6
38	36	1
38	37	2
39	6	1
39	8	1
39	10	1
39	12	1
39	13	3
39	16	1
39	18	1
39	19	1
39	24	2
39	26	2
39	27	1
39	28	1
39	30	2
39	32	1
39	33	1
39	35	3
39	36	2
39	37	2
40	4	1
40	5	2
40	6	1
40	9	1
40	10	1
40	11	2
40	13	1
40	14	1
40	15	1
40	18	1
40	26	1
40	28	4
40	29	1
40	32	2
40	33	2
40	35	4
40	36	1
40	37	1
40	38	4
40	39	4
41	8	1
41	9	1
41	12	1
41	15	1
41	19	1
41	20	1
41	22	1
41	31	2
41	32	1
41	34	1
41	35	1
41	37	1
41	38	2
41	39	1
41	40	4
42	3	1
42	7	1
42	9	3
42	10	1
42	20	1
42	21	1
42	23	1
42	26	1
42	27	1
42	28	1
42	30	3
42	31	1
42	33	1
42	34	1
42	35	3
42	40	3
42	41	2
43	1	1
43	3	1
43	4	1
43	5	1
43	7	1
43	8	1
43	15	1
43	18	1
43	19	2
43	29	1
43	30	2
43	31	1
43	32	1
43	34	1
43	38	1
43	39	1
43	41	3
44	2	2
44	11	1
44	12	2
44	18	1
44	19	1
44	30	1
44	32	1
44	33	2
44	35	1
44	40	1
44	42	1
44	43	4
45	1	1
45	8	1
45	10	1
45	13	1
45	14	1
45	19	1
45	28	1
45	30	1
45	31	1
45	32	1
45	33	1
45	36	1
45	39	2
45	41	1
45	43	1
45	44	1
46	0	1
46	2	1
46	4	1
46	21	1
46	22	1
46	28	2
46	30	1
46	33	1
46	36	2
46	39	1
46	41	1
46	42	1
46	44	1
46	45	1
47	5	1
47	15	1
47	17	1
47	19	2
47	34	1
47	35	2
47	37	1
47	38	1
47	40	1
47	41	2
47	44	1
47	45	1
47	46	2
48	4	2
48	10	1
48	15	1
48	30	1
48	31	1
48	37	1
48	41	3
48	42	2
48	45	3
48	46	1
48	47	3
49	1	1
49	4	1
49	6	1
49	10	1
49	12	2
49	14	1
49	15	1
49	16	1
49	19	1
49	30	1
49	32	1
49	36	1
49	38	1
49	39	1
49	40	3
49	41	1
49	42	2
49	43	4
49	47	1
49	48	3
50	4	1
50	9	1
50	13	1
50	14	1
50	27	1
50	30	2
50	31	1
50	35	1
50	40	1
50	46	1
50	48	2
50	49	1
51	10	1
51	13	2
51	14	1
51	15	1
51	18	1
51	24	1
51	30	1
51	35	1
51	37	2
51	38	1
51	39	1
51	40	2
51	43	1
51	45	1
51	48	2
51	49	2
51	50	2
52	8	1
52	9	1
52	13	1
52	15	2
52	24	2
52	28	1
52	37	1
52	38	2
52	40	2
52	42	1
52	45	1
52	46	1
52	47	2
52	48	1
52	49	1
52	51	4
53	3	1
53	4	2
53	5	1
53	7	1
53	13	1
53	15	1
53	16	1
53	22	1
53	24	1
53	28	1
53	30	1
53	31	1
53	32	1
53	33	1
53	37	1
53	41	1
53	42	1
53	43	1
53	46	2
53	47	3
53	48	1
53	49	1
53	50	2
53	51	2
53	52	2
54	5	1
54	6	1
54	13	3
54	14	1
54	15	1
54	27	1
54	32	1
54	34	1
54	38	1
54	42	2
54	43	1
54	44	1
54	46	1
54	48	2
54	49	1
54	50	1
54	51	1
54	53	2
55	5	1
55	10	1
55	11	2
55	16	2
55	27	1
55	28	1
55	30	2
55	32	1
55	33	2
55	36	1
55	37	1
55	38	1
55	41	1
55	42	1
55	46	2
55	47	1
55	48	2
55	49	2
55	50	1
55	51	2
55	53	1
55	54	5
56	12	1
56	18	1
56	20	1
56	32	1
56	36	2
56	37	1
56	38	1
56	43	1
56	46	3
56	47	2
56	48	2
56	49	5
56	51	4
56	53	1
56	54	1
56	55	1
57	2	1
57	13	1
57	14	1
57	23	1
57	30	1
57	33	1
57	38	1
57	42	1
57	43	2
57	44	2
57	47	2
57	48	1
57	49	1
57	50	1
57	53	1
57	54	1
57	55	1
57	56	3
58	4	1
58	19	1
58	23	2
58	24	1
58	27	1
58	30	1
58	34	1
58	36	1
58	37	1
58	39	1
58	40	1
58	41	1
58	42	1
58	45	1
58	46	1
58	48	2
58	52	1
58	56	2
58	57	1
59	1	2
59	4	2
59	10	1
59	11	1
59	14	1
59	18	1
59	19	1
59	20	1
59	21	1
59	26	1
59	27	2
59	32	1
59	35	2
59	40	3
59	41	3
59	42	3
59	43	1
59	44	1
59	45	3
59	46	1
59	47	1
59	48	2
59	52	1
59	53	1
59	56	2
59	57	1
59	58	1
60	2	1
60	3	1
60	4	2
60	5	1
60	7	1
60	11	1
60	12	2
60	14	1
60	15	2
60	16	1
60	17	1
60	28	2
60	29	1
60	31	1
60	34	1
60	35	1
60	37	1
60	38	4
60	39	2
60	40	2
60	41	3
60	45	2
60	46	1
60	47	1
60	49	2
60	50	3
60	52	8
60	53	2
60	56	1
60	57	2
