1	0	1
2	1	4
3	0	3
4	2	2
5	0	1
5	4	4
6	1	1
6	4	2
7	3	1
7	4	1
7	6	1
8	1	1
8	2	1
8	3	1
8	4	6
8	5	3
8	6	1
8	7	1
9	0	2
9	4	5
9	6	1
9	8	2
10	0	1
10	2	2
10	3	3
10	4	2
10	6	2
10	7	1
10	8	1
10	9	3
11	1	1
11	3	1
11	6	1
12	1	2
12	3	1
12	4	2
12	6	1
12	9	1
12	10	3
12	11	1
13	1	1
13	6	1
13	8	1
13	10	1
13	11	1
13	12	2
14	3	1
14	4	1
14	5	1
14	6	1
14	7	1
14	9	2
14	10	2
14	13	1
15	3	1
15	6	1
15	9	1
15	10	1
15	11	2
15	14	1
16	1	1
16	4	1
16	5	1
16	7	1
16	11	1
16	14	2
17	4	1
17	6	1
17	8	1
17	10	1
17	11	1
17	12	1
17	13	2
17	15	2
18	1	3
18	4	2
18	5	1
18	6	2
18	7	2
18	10	1
18	12	2
18	13	1
18	15	1
18	17	1
19	1	1
19	2	1
19	4	1
19	8	1
19	9	1
19	11	1
19	14	1
19	16	2
19	17	2
19	18	4
20	1	1
20	4	2
20	5	1
20	8	1
20	10	2
20	11	2
20	13	1
20	16	1
20	17	1
20	18	1
20	19	2
21	0	1
21	1	1
21	2	1
21	4	1
21	5	1
21	7	1
21	9	1
21	10	1
21	16	3
21	17	1
21	18	3
21	19	1
21	20	5
22	1	1
22	2	1
22	5	3
22	8	1
22	11	1
22	12	1
22	14	1
22	15	1
22	16	1
22	19	1
22	20	1
22	21	4
23	0	1
23	1	2
23	7	1
23	8	1
23	13	1
23	14	1
23	17	1
23	20	1
24	3	1
24	4	1
24	5	1
24	7	3
24	8	1
24	9	1
24	10	2
24	12	1
24	14	1
24	19	1
24	21	1
24	22	2
25	6	1
26	8	1
26	14	1
26	17	2
27	8	1
27	9	1
27	10	1
27	11	2
27	13	1
27	14	1
27	16	1
27	17	1
27	18	2
27	19	1
27	22	1
27	24	1
27	25	3
28	3	1
28	9	1
28	10	1
28	12	1
28	13	3
28	14	2
28	16	1
28	19	1
28	20	1
28	21	2
28	23	2
28	27	1
29	6	1
29	7	1
29	8	1
29	10	1
29	12	1
29	15	1
29	21	1
29	22	1
29	24	2
29	27	2
30	1	1
30	3	1
30	6	2
30	9	1
30	10	1
30	11	1
30	12	1
30	13	1
30	14	1
30	17	1
30	20	1
30	21	1
30	23	1
30	24	2
30	28	1
30	29	2
31	1	1
31	4	1
31	5	1
31	10	2
31	13	1
31	14	3
31	15	1
31	26	1
31	28	4
31	30	3
32	8	1
32	9	1
32	17	1
32	18	2
32	20	1
32	22	1
32	24	1
33	2	1
33	4	2
33	6	1
33	7	2
33	12	1
33	13	4
33	14	1
33	17	2
33	19	1
33	20	1
33	21	1
33	24	2
33	26	1
33	27	1
33	28	1
33	30	1
33	31	3
33	32	4
34	4	1
34	5	1
34	6	1
34	8	1
34	9	1
34	11	1
34	13	1
34	16	1
34	17	1
34	19	1
34	20	1
34	21	2
34	22	2
34	23	3
34	24	1
34	28	1
34	29	3
35	2	1
35	3	2
35	4	1
35	5	1
35	8	1
35	10	1
35	11	2
35	12	1
35	13	1
35	14	1
35	15	1
35	17	1
35	18	2
35	19	2
35	20	1
35	21	1
35	22	1
35	23	1
35	24	1
35	27	1
35	29	1
35	31	2
35	32	1
35	34	1
36	5	1
36	9	1
36	13	2
36	16	2
36	19	1
36	24	1
36	28	1
36	29	1
36	31	1
36	34	1
36	35	2
37	2	2
37	4	1
37	6	1
37	10	2
37	11	1
37	13	1
37	16	1
37	17	2
37	18	3
37	21	1
37	28	1
37	30	1
37	34	1
37	35	1
37	36	1
38	0	1
38	2	2
38	3	1
38	10	1
38	12	2
38	13	3
38	14	1
38	15	2
38	16	3
38	17	1
38	18	1
38	20	1
38	23	1
38	28	1
38	29	2
38	30	1
38	31	1
38	32	2
38	33	1
38	35	3
38	37	2
39	4	1
39	5	1
39	8	1
39	12	2
39	13	5
39	16	2
39	18	4
39	19	1
39	20	2
39	22	1
39	28	3
39	36	2
39	37	7
39	38	5
40	1	1
40	8	1
40	11	1
40	13	1
40	14	1
40	16	1
40	17	1
40	19	1
40	23	1
40	29	2
40	30	2
40	31	1
40	32	1
40	34	1
40	35	1
40	36	1
40	38	1
41	5	2
41	8	1
41	9	2
41	12	1
41	17	1
41	18	1
41	22	2
41	24	1
41	28	2
41	30	2
41	31	2
41	32	2
41	33	1
41	35	1
41	36	1
41	37	1
41	38	3
41	39	1
41	40	3
42	3	1
42	7	1
42	10	1
42	11	1
42	15	1
42	16	1
42	24	2
42	27	1
42	30	5
42	31	1
42	37	1
42	39	1
42	40	2
42	41	3
43	10	2
43	11	1
43	12	1
43	13	1
43	18	2
43	20	1
43	21	1
43	24	1
43	26	1
43	27	1
43	28	1
43	31	2
43	33	1
43	35	1
43	39	1
43	40	2
43	41	1
44	0	2
44	1	1
44	4	1
44	5	1
44	11	1
44	13	1
44	16	1
44	19	1
44	26	1
44	27	2
44	28	1
44	36	1
44	38	1
44	40	1
44	42	1
44	43	3
45	7	1
45	8	1
45	12	1
45	27	1
45	35	1
45	36	1
45	37	1
45	40	1
45	41	1
45	42	3
45	43	2
45	44	2
46	0	1
46	2	1
46	4	1
46	5	1
46	10	1
46	11	1
46	15	1
46	29	1
46	32	1
46	35	2
46	36	1
46	37	1
46	40	2
46	41	3
46	42	1
46	44	1
46	45	2
47	13	1
47	14	1
47	15	1
47	17	1
47	18	1
47	28	1
47	29	1
47	31	1
47	37	2
47	39	1
47	40	1
47	41	2
47	43	1
47	44	1
47	45	2
47	46	1
48	15	1
48	36	3
48	38	1
48	40	1
48	47	2
49	2	1
49	3	2
49	4	1
49	8	1
49	10	1
49	13	1
49	14	1
49	17	1
49	18	2
49	25	1
49	27	1
49	28	4
49	41	2
49	44	3
49	45	2
49	46	1
49	47	1
50	1	1
50	4	1
50	12	1
50	13	1
50	14	1
50	15	1
50	22	2
50	29	1
50	31	1
50	35	1
50	39	1
50	41	1
50	46	1
50	47	1
50	49	1
51	14	1
51	16	2
51	26	1
51	29	1
51	30	1
51	36	1
51	38	1
51	40	1
51	42	1
51	43	1
51	47	1
51	49	1
51	50	2
52	8	1
52	9	1
52	11	1
52	14	1
52	18	1
52	19	1
52	30	2
52	33	1
52	35	1
52	39	2
52	42	1
52	43	1
52	45	2
52	46	1
52	49	2
52	51	2
53	1	1
53	8	1
53	11	1
53	15	1
53	16	1
53	20	1
53	28	1
53	30	1
53	35	1
53	36	1
53	37	1
53	38	2
53	39	1
53	40	2
53	45	4
53	48	1
53	49	3
53	50	1
54	1	1
54	2	1
54	3	1
54	5	1
54	8	1
54	9	1
54	13	1
54	14	1
54	15	1
54	19	1
54	23	1
54	26	1
54	27	1
54	30	1
54	31	1
54	32	1
54	36	2
54	38	2
54	39	2
54	42	1
54	43	1
54	44	1
54	45	3
54	46	1
54	47	3
54	49	1
54	52	1
55	8	1
55	12	1
55	18	1
55	25	1
55	28	2
55	30	3
55	31	1
55	32	1
55	34	1
55	36	1
55	41	1
55	42	1
55	44	1
55	45	1
55	46	1
55	48	1
55	49	3
55	50	1
55	51	2
55	53	3
55	54	2
56	3	1
56	4	2
56	9	1
56	10	1
56	18	1
56	20	1
56	21	1
56	29	2
56	30	1
56	32	1
56	34	1
56	38	1
56	40	2
56	46	1
56	47	1
56	49	2
56	51	1
56	53	1
56	55	1
57	2	2
57	3	1
57	4	1
57	6	1
57	9	1
57	13	2
57	24	1
57	28	1
57	29	3
57	35	2
57	38	2
57	39	2
57	45	1
57	46	2
57	47	1
57	49	1
57	50	1
57	51	1
57	53	4
57	54	1
57	56	2
58	10	1
58	13	1
58	17	1
58	23	1
58	29	1
58	30	1
58	34	1
58	38	1
58	43	1
58	45	2
58	46	1
58	47	1
58	49	1
58	50	1
58	54	1
58	56	1
58	57	1
59	1	1
59	7	1
59	8	2
59	10	2
59	14	1
59	16	1
59	19	1
59	20	1
59	21	2
59	28	2
59	29	1
59	32	2
59	34	1
59	35	3
59	36	1
59	37	1
59	38	2
59	42	2
59	43	3
59	44	1
59	46	2
59	48	1
59	50	1
59	52	1
59	53	2
59	56	2
59	57	1
59	58	2
60	1	1
60	3	1
60	4	1
60	6	1
60	9	2
60	10	1
60	11	2
60	13	1
60	14	1
60	17	1
60	19	1
60	20	2
60	22	1
60	27	2
60	28	1
60	29	1
60	30	1
60	31	2
60	34	1
60	35	2
60	37	2
60	38	5
60	39	1
60	40	1
60	41	2
60	42	1
60	47	2
60	48	2
60	49	3
60	50	1
60	51	2
60	52	1
60	53	1
60	54	1
60	55	2
60	56	1
60	57	3
60	58	1
60	59	2
