1	0	4
2	1	4
3	1	2
3	2	2
4	2	3
4	3	2
5	2	1
5	4	3
6	1	1
6	5	4
7	3	1
7	6	3
8	0	1
8	1	1
8	3	1
8	4	6
8	5	3
8	6	2
8	7	2
9	2	1
9	4	1
9	5	2
9	6	3
9	7	3
9	8	2
10	2	2
10	4	1
10	8	1
10	9	3
11	2	2
11	4	1
11	5	1
11	6	1
11	10	1
12	1	1
12	4	2
12	7	1
12	9	1
12	10	1
12	11	5
13	2	1
13	4	1
13	7	1
13	9	1
13	12	2
15	4	1
15	5	1
15	8	1
15	12	3
15	13	1
15	14	4
16	3	1
16	8	1
16	11	1
16	12	2
16	13	4
16	14	2
16	15	2
17	2	1
17	4	1
17	5	1
17	6	1
17	8	1
17	11	1
17	12	1
17	13	4
17	14	4
17	15	1
18	1	1
18	2	1
18	9	1
18	10	1
18	11	1
18	14	1
18	16	1
18	17	3
19	3	1
19	7	3
19	8	1
19	9	2
19	12	3
19	16	1
19	17	2
19	18	2
20	5	2
20	8	3
20	9	2
20	14	1
20	17	1
20	19	3
21	1	2
21	4	2
21	5	2
21	8	2
21	10	1
21	12	1
21	14	1
21	17	1
21	19	2
21	20	2
22	7	1
22	9	1
22	10	1
22	12	1
22	13	3
22	14	1
22	16	1
22	19	2
22	20	2
23	5	1
23	11	1
23	13	1
23	17	1
23	21	2
24	4	1
24	10	1
24	13	1
24	16	1
24	17	1
24	18	1
24	19	2
24	20	1
24	21	1
24	22	4
24	23	5
25	11	1
26	3	1
26	10	2
26	15	1
26	19	2
27	4	2
27	5	1
27	10	1
27	14	1
27	16	1
27	17	1
27	20	2
27	21	1
28	13	1
28	14	1
28	15	1
28	16	1
28	19	1
28	20	2
28	21	1
28	24	1
29	3	1
29	5	1
29	7	1
29	8	1
29	10	1
29	19	1
29	24	1
29	27	2
30	0	1
30	1	1
30	4	1
30	6	1
30	9	1
30	11	1
30	18	1
30	21	2
30	23	1
30	24	1
30	28	1
30	29	2
31	3	1
31	4	1
31	9	1
31	18	1
31	19	1
31	23	1
31	27	1
31	28	3
31	29	2
31	30	3
32	5	1
32	8	1
32	9	1
32	13	1
32	15	1
32	22	3
32	24	1
32	28	2
33	3	2
33	16	1
33	23	2
33	24	2
33	28	2
33	29	3
33	30	3
33	31	1
33	32	2
34	2	1
34	4	1
34	5	1
34	6	1
34	8	3
34	9	1
34	11	2
34	12	1
34	15	1
34	16	1
34	20	2
34	21	1
34	22	1
34	25	1
34	26	1
34	27	2
34	28	2
34	30	4
34	32	1
34	33	1
35	1	3
35	3	1
35	5	2
35	7	1
35	8	1
35	9	3
35	10	1
35	13	2
35	15	1
35	16	2
35	17	2
35	19	1
35	24	1
35	28	2
35	29	1
35	30	2
35	32	1
35	34	1
36	3	1
36	4	1
36	8	1
36	9	2
36	10	2
36	11	1
36	12	1
36	13	1
36	17	1
36	18	1
36	22	1
36	27	1
36	28	1
36	31	1
36	32	2
36	35	3
37	2	1
37	9	3
37	10	2
37	14	1
37	19	1
37	27	2
37	28	3
37	29	1
37	33	2
37	34	1
37	35	3
37	36	3
38	1	1
38	5	3
38	6	1
38	8	1
38	9	3
38	11	1
38	13	1
38	15	1
38	16	2
38	18	1
38	21	1
38	22	3
38	24	1
38	26	1
38	28	2
38	30	3
38	31	1
38	34	1
38	35	1
38	37	1
39	1	1
39	2	1
39	3	2
39	4	1
39	5	1
39	10	2
39	12	1
39	13	5
39	14	2
39	15	2
39	22	1
39	24	1
39	27	2
39	28	2
39	30	1
39	32	1
39	34	1
39	35	1
39	37	1
39	38	3
40	3	1
40	6	1
40	9	1
40	10	1
40	12	1
40	13	2
40	15	1
40	18	2
40	19	1
40	26	1
40	28	2
40	29	3
40	31	3
40	35	2
40	36	1
40	37	4
40	38	4
40	39	2
41	2	1
41	5	1
41	8	1
41	10	1
41	12	1
41	15	1
41	16	1
41	19	1
41	20	1
41	24	1
41	28	3
41	29	2
41	32	2
41	33	1
41	35	2
41	36	1
41	37	1
41	38	5
41	40	5
42	0	1
42	6	1
42	7	1
42	13	1
42	14	1
42	18	1
42	20	1
42	21	1
42	22	2
42	27	1
42	29	1
42	30	2
42	33	2
42	34	2
42	35	1
42	37	1
42	38	1
42	39	1
42	41	2
43	1	2
43	5	1
43	8	1
43	10	1
43	14	1
43	16	1
43	18	1
43	21	1
43	27	1
43	28	3
43	33	1
43	38	2
43	40	1
43	41	2
44	2	1
44	20	1
44	29	2
44	30	1
44	31	1
44	33	1
44	35	1
44	40	1
44	41	3
45	8	2
45	9	1
45	11	1
45	14	3
45	17	1
45	29	1
45	31	1
45	37	1
45	38	1
45	41	1
45	43	4
45	44	1
46	1	1
46	4	2
46	9	1
46	10	2
46	19	1
46	31	1
46	35	1
46	41	2
46	43	1
46	44	1
46	45	4
47	2	1
47	4	1
47	6	1
47	9	1
47	11	1
47	13	1
47	15	1
47	16	1
47	17	3
47	19	1
47	23	2
47	24	2
47	30	1
47	33	2
47	35	1
47	40	1
47	45	1
47	46	1
48	1	1
48	4	2
48	12	1
48	15	1
48	24	1
48	27	1
48	38	1
48	40	1
48	42	1
48	44	3
48	45	1
48	46	2
48	47	4
49	0	1
49	3	1
49	6	1
49	9	2
49	13	1
49	16	1
49	19	1
49	20	1
49	24	1
49	30	1
49	31	1
49	32	1
49	33	1
49	40	1
49	41	1
49	42	1
49	43	1
49	44	1
49	45	1
49	46	2
49	47	1
49	48	3
50	5	1
50	9	2
50	13	1
50	19	1
50	23	1
50	27	1
50	31	1
50	36	1
50	41	1
50	47	2
50	49	2
51	1	1
51	9	2
51	11	1
51	13	2
51	14	1
51	19	1
51	20	1
51	30	1
51	31	1
51	32	1
51	36	2
51	39	1
51	40	1
51	46	1
51	47	1
51	48	1
51	49	1
52	10	1
52	12	1
52	13	1
52	16	2
52	20	1
52	28	1
52	31	1
52	36	1
52	37	3
52	39	2
52	40	1
52	42	1
52	43	1
52	44	2
52	47	1
52	49	2
52	51	3
53	1	1
53	2	2
53	3	1
53	4	1
53	7	1
53	9	1
53	10	1
53	15	1
53	17	1
53	31	1
53	33	1
53	34	2
53	36	1
53	38	3
53	40	2
53	45	1
53	47	1
53	48	2
53	49	3
53	50	1
53	51	1
53	52	3
54	6	1
54	10	1
54	15	3
54	16	1
54	20	1
54	27	1
54	28	1
54	31	1
54	32	1
54	35	1
54	37	2
54	38	1
54	39	1
54	40	1
54	41	1
54	43	1
54	45	2
54	46	2
54	47	1
54	50	1
54	51	1
54	52	1
54	53	1
55	5	1
55	8	1
55	9	1
55	13	1
55	15	2
55	24	1
55	32	2
55	34	2
55	35	1
55	36	1
55	38	1
55	39	1
55	41	1
55	43	4
55	45	2
55	47	2
55	51	1
55	52	1
55	54	2
56	4	1
56	5	2
56	11	1
56	13	1
56	20	1
56	30	1
56	37	1
56	42	2
56	43	1
56	44	1
56	46	1
56	47	2
56	48	3
56	51	2
56	52	1
56	53	1
56	54	2
57	4	1
57	8	2
57	10	1
57	12	1
57	15	1
57	32	1
57	33	1
57	35	1
57	36	1
57	39	1
57	41	1
57	44	1
57	45	2
57	47	2
57	49	5
57	50	1
57	52	2
57	53	1
57	56	4
58	1	1
58	8	1
58	14	1
58	18	1
58	27	1
58	30	1
58	32	1
58	35	2
58	37	1
58	38	1
58	39	2
58	42	2
58	45	1
58	46	1
58	49	2
58	50	1
58	51	1
58	56	2
58	57	1
59	4	1
59	7	1
59	8	1
59	9	1
59	13	1
59	15	1
59	16	1
59	17	1
59	28	1
59	30	2
59	31	3
59	33	1
59	35	2
59	41	2
59	42	4
59	43	1
59	44	1
59	45	1
59	46	3
59	47	1
59	48	1
59	51	1
59	52	1
59	53	2
59	54	1
59	56	2
59	57	2
59	58	6
60	2	1
60	5	2
60	7	1
60	8	1
60	9	1
60	11	1
60	13	1
60	16	1
60	20	1
60	24	1
60	27	1
60	29	2
60	30	1
60	32	1
60	33	2
60	34	1
60	36	1
60	38	3
60	39	2
60	41	2
60	46	2
60	47	1
60	49	3
60	50	1
60	51	2
60	52	2
60	53	2
60	54	1
60	55	2
60	56	1
60	57	2
