1	0	4
2	0	1
2	1	3
3	0	1
3	1	1
3	2	2
4	1	4
4	2	1
5	0	1
5	3	2
5	4	1
6	1	1
6	4	2
6	5	1
7	3	1
7	4	1
7	6	3
8	3	2
8	4	6
8	5	1
8	6	1
8	7	3
9	2	2
9	4	1
9	5	1
9	6	1
9	7	1
9	8	1
10	0	1
10	3	2
10	4	1
10	8	1
10	9	1
11	3	1
11	8	1
11	10	1
12	1	2
12	2	2
12	3	1
12	4	1
12	5	1
12	10	3
12	11	7
13	0	1
13	1	1
13	4	1
13	6	1
13	7	1
13	9	1
13	11	1
13	12	2
14	4	1
14	5	1
14	6	1
14	8	1
14	9	1
14	12	1
14	13	1
15	2	1
15	4	2
15	8	2
15	10	1
15	13	1
15	14	1
16	3	1
16	4	2
16	9	1
16	10	1
16	12	1
16	13	4
16	14	2
17	2	1
17	3	1
17	4	1
17	5	2
17	7	1
17	8	1
17	10	1
17	12	1
17	14	1
17	16	1
18	0	2
18	1	1
18	4	1
18	7	2
18	8	2
18	9	1
18	12	1
18	13	2
18	16	1
18	17	2
19	0	1
19	2	1
19	4	1
19	5	1
19	9	1
19	10	1
19	13	1
19	14	2
19	15	1
19	16	1
19	17	1
19	18	3
20	2	1
20	3	1
20	4	2
20	5	1
20	10	1
20	14	1
20	17	1
20	18	1
20	19	2
21	3	3
21	5	3
21	7	4
21	8	2
21	9	3
21	11	1
21	13	1
21	16	1
21	17	1
21	19	1
21	20	1
22	3	1
22	5	1
22	7	1
22	9	1
22	11	2
22	12	1
22	18	3
22	20	2
22	21	2
23	1	1
23	4	2
23	7	1
23	14	1
23	17	1
23	18	1
23	19	2
23	20	1
23	22	3
24	5	1
24	7	1
24	9	2
24	10	1
24	12	1
24	14	1
24	15	1
24	18	1
24	23	3
26	8	1
26	13	1
26	14	1
26	15	2
26	24	1
27	6	2
27	10	2
27	13	1
27	14	1
27	15	2
27	16	1
27	20	1
27	26	1
28	1	1
28	3	1
28	5	3
28	6	1
28	9	1
28	12	1
28	13	2
28	14	1
28	15	1
28	17	2
28	18	1
28	19	4
28	20	1
28	23	1
28	24	1
29	2	2
29	5	2
29	6	2
29	8	2
29	9	1
29	10	2
29	11	1
29	13	1
29	16	1
29	17	1
29	18	1
29	19	3
29	21	1
29	22	1
29	23	1
29	27	1
30	1	1
30	2	1
30	8	2
30	10	2
30	13	2
30	14	1
30	19	1
30	20	1
30	23	1
30	26	1
30	27	1
30	28	2
31	4	2
31	5	1
31	10	2
31	16	1
31	18	1
31	23	1
31	27	1
31	28	1
31	30	3
32	0	1
32	4	1
32	8	1
32	10	1
32	12	1
32	13	2
32	14	1
32	15	1
32	16	1
32	19	1
32	21	1
32	22	1
32	27	1
32	28	1
32	29	1
32	31	3
33	1	2
33	5	2
33	8	1
33	10	1
33	13	1
33	14	2
33	15	1
33	18	1
33	23	1
33	26	1
33	28	4
33	30	1
33	32	1
34	2	2
34	4	1
34	8	3
34	10	1
34	16	2
34	17	2
34	18	2
34	19	3
34	23	1
34	28	2
34	29	1
34	31	1
35	4	1
35	5	2
35	8	2
35	9	1
35	10	1
35	11	2
35	12	1
35	13	1
35	14	1
35	17	1
35	18	5
35	19	1
35	20	3
35	21	1
35	28	5
35	29	2
35	30	2
35	31	1
35	33	1
35	34	1
36	1	1
36	3	1
36	8	1
36	9	4
36	10	2
36	12	2
36	13	1
36	17	1
36	19	1
36	20	2
36	33	1
36	35	1
37	1	1
37	5	1
37	8	1
37	9	1
37	10	1
37	12	1
37	13	1
37	16	1
37	19	1
37	20	1
37	23	1
37	24	1
37	27	2
37	29	1
37	31	1
37	33	2
37	35	4
37	36	2
38	1	1
38	2	1
38	8	1
38	9	1
38	10	3
38	11	2
38	12	1
38	13	1
38	14	1
38	15	1
38	16	1
38	17	1
38	19	1
38	20	1
38	21	1
38	22	1
38	24	1
38	28	3
38	30	1
38	32	1
38	33	1
38	35	1
38	36	1
38	37	5
39	2	1
39	4	1
39	5	1
39	7	1
39	9	1
39	10	1
39	14	2
39	15	2
39	16	1
39	17	1
39	20	1
39	23	1
39	28	1
39	32	1
39	35	1
39	36	1
39	38	6
40	2	3
40	5	1
40	9	2
40	10	3
40	12	2
40	13	2
40	16	1
40	17	1
40	19	1
40	20	1
40	27	1
40	28	3
40	29	2
40	30	2
40	32	1
40	34	1
40	35	1
40	36	1
40	37	4
40	38	2
41	4	1
41	5	1
41	9	1
41	11	3
41	17	2
41	18	2
41	21	1
41	26	1
41	28	1
41	29	1
41	30	1
41	31	1
41	32	1
41	33	1
41	34	1
41	35	2
41	37	2
41	38	4
41	39	1
41	40	5
42	4	1
42	6	1
42	8	1
42	10	1
42	13	1
42	15	1
42	18	1
42	19	2
42	23	1
42	26	1
42	27	1
42	28	3
42	29	1
42	30	1
42	31	2
42	32	2
42	33	1
42	35	1
42	37	1
42	40	4
42	41	1
43	3	1
43	5	1
43	6	2
43	9	1
43	26	1
43	31	3
43	34	1
43	36	1
43	37	2
43	39	2
43	40	1
43	41	1
43	42	2
44	2	1
44	3	1
44	4	1
44	12	1
44	17	1
44	28	1
44	34	1
44	35	1
44	41	1
44	43	2
45	4	1
45	5	1
45	9	1
45	19	1
45	20	1
45	24	1
45	29	1
45	37	1
45	39	1
45	40	2
45	41	1
45	43	3
45	44	1
46	2	1
46	4	1
46	8	1
46	12	1
46	13	1
46	19	1
46	26	1
46	28	4
46	29	2
46	30	1
46	32	2
46	34	1
46	36	1
46	37	2
46	40	1
46	41	1
46	42	2
46	43	2
46	44	1
46	45	1
47	2	1
47	3	1
47	7	1
47	9	1
47	10	1
47	14	1
47	15	1
47	18	1
47	24	1
47	27	1
47	28	1
47	35	2
47	44	2
47	46	2
48	1	2
48	2	1
48	10	1
48	11	1
48	23	1
48	24	1
48	36	1
48	38	3
48	40	1
48	43	1
48	44	1
48	45	1
48	47	5
49	9	1
49	12	2
49	14	1
49	15	1
49	21	1
49	23	1
49	28	2
49	31	1
49	35	1
49	38	1
49	41	2
49	42	1
49	43	2
49	44	1
49	47	2
49	48	3
50	3	1
50	5	2
50	12	1
50	29	3
50	30	1
50	32	1
50	38	2
50	39	1
50	41	1
50	47	1
50	49	2
51	9	1
51	11	1
51	13	1
51	14	1
51	18	2
51	28	1
51	30	1
51	32	1
51	34	1
51	35	1
51	36	1
51	37	1
51	43	1
51	47	2
51	49	1
51	50	1
52	0	2
52	10	2
52	12	3
52	14	1
52	15	1
52	18	2
52	21	1
52	27	1
52	31	1
52	33	1
52	36	2
52	37	1
52	39	1
52	40	1
52	43	2
52	44	1
52	46	2
52	47	1
52	48	1
52	51	4
53	1	2
53	4	1
53	13	2
53	14	1
53	15	1
53	16	2
53	28	1
53	30	2
53	36	2
53	38	1
53	39	1
53	41	1
53	42	1
53	43	2
53	47	1
53	48	2
53	49	1
53	50	1
53	51	2
53	52	1
54	10	1
54	12	1
54	14	1
54	16	2
54	20	1
54	28	1
54	32	1
54	33	1
54	35	2
54	37	1
54	38	1
54	40	2
54	41	2
54	42	1
54	43	1
54	45	3
54	47	1
54	48	1
54	49	3
54	50	1
54	52	2
54	53	3
55	0	1
55	2	1
55	10	1
55	11	1
55	13	1
55	16	1
55	17	1
55	20	1
55	21	1
55	22	1
55	29	1
55	30	2
55	32	2
55	34	1
55	35	1
55	36	2
55	37	1
55	38	1
55	40	2
55	43	1
55	44	1
55	45	1
55	47	1
55	48	1
55	51	2
55	52	1
55	53	2
56	5	1
56	9	1
56	12	1
56	15	1
56	18	1
56	23	1
56	27	1
56	28	1
56	29	1
56	30	2
56	32	3
56	35	2
56	36	2
56	37	2
56	41	1
56	42	1
56	44	1
56	45	2
56	46	2
56	48	1
56	49	1
56	50	1
56	51	1
56	54	2
56	55	2
57	0	1
57	9	1
57	13	1
57	14	2
57	15	1
57	17	1
57	23	2
57	27	1
57	28	1
57	29	1
57	31	1
57	32	1
57	33	2
57	38	1
57	42	1
57	43	1
57	45	1
57	46	2
57	50	1
57	52	1
57	54	1
57	56	3
58	12	2
58	13	1
58	17	2
58	18	1
58	24	1
58	27	1
58	36	1
58	44	2
58	45	1
58	47	2
58	53	1
58	56	1
59	1	1
59	2	1
59	5	2
59	11	2
59	12	1
59	18	2
59	22	1
59	29	1
59	31	4
59	34	1
59	36	1
59	39	1
59	40	1
59	42	2
59	43	6
59	44	1
59	45	2
59	46	1
59	49	1
59	50	1
59	51	1
59	52	2
59	53	1
59	56	2
59	58	1
60	4	1
60	5	1
60	7	1
60	9	1
60	10	1
60	11	1
60	12	2
60	13	1
60	19	1
60	24	1
60	26	1
60	27	1
60	28	1
60	30	2
60	32	1
60	37	2
60	40	1
60	41	1
60	42	1
60	44	1
60	46	1
60	49	1
60	50	3
60	51	5
60	52	3
60	53	2
60	57	1
60	58	1
