1	0	5
2	1	2
3	0	1
3	2	1
4	3	2
5	0	1
5	3	1
5	4	1
6	0	1
6	1	1
6	3	3
6	4	2
6	5	1
7	3	1
7	4	2
7	6	1
8	2	1
8	4	4
8	5	1
8	6	3
8	7	2
9	3	1
9	4	3
9	7	1
9	8	3
10	4	1
10	6	1
10	8	1
11	2	1
11	3	2
11	4	2
11	5	1
11	8	1
11	10	1
12	1	1
12	8	1
12	9	1
12	10	1
12	11	5
13	2	1
13	4	1
13	8	2
13	9	2
14	3	2
14	8	2
14	9	1
14	10	2
14	13	2
15	2	1
15	3	1
15	4	1
15	8	1
15	9	1
15	10	1
15	13	1
15	14	2
16	3	1
16	4	1
16	6	1
16	7	1
16	11	1
16	12	1
16	14	1
16	15	1
17	1	1
17	6	1
17	9	1
17	14	1
17	15	2
17	16	1
18	0	1
18	1	1
18	3	1
18	9	1
18	12	1
18	13	1
18	14	1
18	15	1
18	16	2
18	17	1
19	2	1
19	7	1
19	8	1
19	10	1
19	11	2
19	14	3
19	17	1
20	3	1
20	5	1
20	7	1
20	8	1
20	9	1
20	11	1
20	13	1
20	14	2
20	16	1
20	17	1
20	18	2
20	19	1
21	1	3
21	3	2
21	4	2
21	5	3
21	6	1
21	7	1
21	10	2
21	11	1
21	12	1
21	14	1
21	18	2
21	19	3
21	20	3
22	5	1
22	7	2
22	12	2
22	18	1
22	19	1
22	20	2
22	21	1
23	3	1
23	4	1
23	5	1
23	16	1
23	17	2
23	18	1
23	19	1
23	20	1
23	22	2
24	2	1
24	5	1
24	10	1
24	11	2
24	13	1
24	16	1
24	20	2
24	21	3
24	22	1
24	23	1
25	0	1
25	17	1
26	15	1
26	17	2
26	19	1
26	20	1
26	24	1
27	9	1
27	12	1
27	13	1
27	14	1
27	15	3
27	17	1
27	19	2
27	20	1
27	21	1
27	23	1
27	24	1
28	2	1
28	4	2
28	6	1
28	11	1
28	12	2
28	14	1
28	17	2
28	18	1
28	24	1
28	26	2
28	27	1
29	1	3
29	3	1
29	4	2
29	8	1
29	13	1
29	15	1
29	16	1
29	17	1
29	22	2
29	27	1
29	28	1
30	0	1
30	5	1
30	6	1
30	12	1
30	13	1
30	16	1
30	19	1
30	21	1
30	22	1
30	26	1
30	28	1
31	4	1
31	5	1
31	9	1
31	10	1
31	13	1
31	15	1
31	20	2
31	23	1
31	24	1
31	26	1
31	28	2
31	30	2
32	3	1
32	4	1
32	6	1
32	13	1
32	15	1
32	16	1
32	17	2
32	20	2
32	28	5
33	1	1
33	4	2
33	9	1
33	10	1
33	16	1
33	17	1
33	19	2
33	28	1
33	30	1
33	31	1
33	32	2
34	4	1
34	6	1
34	7	1
34	8	1
34	14	1
34	18	1
34	23	1
34	24	1
34	27	1
34	30	1
34	33	2
35	1	1
35	2	1
35	4	1
35	5	3
35	6	1
35	9	1
35	10	1
35	11	1
35	12	1
35	13	1
35	14	2
35	16	2
35	17	1
35	18	2
35	19	2
35	20	1
35	21	1
35	22	3
35	28	5
35	29	2
35	30	1
35	31	1
35	33	1
35	34	3
36	2	1
36	3	2
36	4	1
36	5	1
36	7	2
36	9	1
36	10	1
36	11	2
36	13	2
36	17	1
36	20	1
36	22	1
36	28	1
36	32	2
36	33	1
36	34	1
36	35	1
37	6	1
37	7	1
37	10	2
37	11	1
37	12	1
37	18	2
37	19	1
37	20	3
37	23	1
37	28	1
37	30	1
37	34	2
37	35	2
37	36	1
38	2	2
38	3	1
38	4	1
38	6	1
38	7	1
38	8	1
38	9	1
38	11	1
38	12	1
38	13	1
38	14	1
38	15	1
38	17	1
38	18	1
38	19	1
38	28	2
38	29	2
38	30	1
38	31	3
38	33	1
38	34	1
38	35	1
38	36	1
39	1	1
39	6	1
39	7	1
39	8	1
39	11	1
39	12	1
39	13	1
39	15	2
39	20	2
39	22	1
39	23	2
39	29	3
39	31	2
39	33	2
39	34	3
39	35	7
39	36	1
39	37	5
39	38	5
40	5	1
40	8	1
40	11	1
40	12	2
40	20	1
40	24	2
40	26	1
40	28	2
40	29	1
40	30	2
40	31	2
40	32	1
40	34	1
40	35	7
40	37	1
40	38	6
40	39	1
41	2	2
41	13	1
41	17	1
41	18	2
41	19	1
41	27	1
41	28	1
41	31	4
41	35	3
41	38	1
41	39	1
41	40	2
42	6	1
42	9	1
42	13	2
42	15	2
42	17	1
42	19	1
42	23	1
42	24	3
42	27	2
42	28	2
42	31	2
42	33	1
42	37	1
42	40	1
42	41	6
43	1	1
43	4	1
43	5	1
43	10	1
43	13	2
43	17	1
43	20	1
43	22	1
43	26	2
43	27	1
43	31	1
43	33	1
43	37	1
43	38	1
43	39	1
43	40	2
43	41	3
43	42	3
44	1	1
44	6	1
44	8	1
44	13	2
44	16	1
44	26	1
44	28	3
44	29	1
44	32	1
44	35	2
44	37	1
44	38	1
44	43	2
45	0	1
45	13	1
45	30	2
45	31	1
45	34	2
45	36	2
45	38	1
45	42	4
45	44	3
46	0	1
46	2	1
46	5	1
46	8	1
46	9	1
46	18	2
46	19	1
46	26	1
46	27	1
46	29	1
46	33	1
46	39	2
46	42	2
46	43	2
46	45	1
47	1	2
47	12	3
47	13	2
47	17	1
47	18	1
47	24	1
47	29	1
47	32	1
47	34	1
47	35	1
47	38	1
47	39	1
47	40	2
47	43	1
47	46	2
48	1	1
48	2	1
48	8	1
48	10	1
48	12	1
48	13	2
48	22	1
48	28	1
48	36	1
48	38	1
48	39	1
48	40	1
48	42	3
48	44	1
48	46	2
48	47	4
49	0	1
49	6	1
49	7	1
49	13	1
49	15	2
49	16	1
49	20	1
49	27	2
49	28	2
49	35	2
49	39	1
49	40	1
49	41	1
49	42	1
49	43	1
49	44	2
49	45	1
49	47	2
49	48	1
50	8	2
50	14	1
50	22	1
50	27	2
50	28	1
50	32	1
50	42	1
50	49	2
51	4	1
51	8	1
51	13	3
51	16	1
51	17	1
51	18	1
51	19	1
51	23	1
51	27	1
51	29	2
51	30	1
51	32	1
51	38	1
51	41	1
51	47	2
51	48	1
51	50	1
52	4	2
52	8	1
52	9	1
52	10	1
52	13	2
52	14	1
52	15	2
52	19	1
52	27	1
52	32	1
52	37	1
52	40	2
52	41	4
52	43	1
52	45	1
52	46	3
52	49	1
52	50	1
52	51	6
53	5	3
53	8	1
53	13	1
53	15	1
53	17	1
53	30	1
53	31	1
53	34	1
53	36	1
53	38	1
53	39	1
53	40	1
53	42	1
53	43	1
53	44	1
53	46	1
53	47	1
53	48	1
53	49	2
53	51	1
53	52	1
54	5	1
54	6	1
54	9	3
54	11	1
54	12	2
54	13	1
54	14	1
54	15	2
54	18	1
54	23	1
54	28	1
54	30	3
54	31	1
54	32	2
54	36	1
54	38	1
54	39	1
54	42	1
54	43	2
54	46	2
54	47	2
54	48	1
54	51	1
54	52	2
54	53	1
55	5	1
55	8	1
55	10	2
55	14	1
55	15	1
55	17	1
55	20	2
55	27	2
55	30	1
55	31	2
55	32	1
55	34	1
55	35	2
55	36	1
55	38	1
55	44	2
55	46	1
55	47	4
55	49	1
55	51	1
55	52	2
55	53	1
55	54	3
56	3	2
56	17	1
56	21	1
56	26	1
56	27	1
56	30	1
56	38	1
56	40	2
56	42	1
56	43	1
56	46	4
56	47	3
56	48	5
56	49	1
56	50	1
56	53	2
56	55	1
57	8	1
57	11	1
57	12	1
57	14	3
57	16	1
57	24	1
57	27	1
57	30	1
57	32	1
57	35	1
57	36	1
57	38	1
57	41	1
57	43	3
57	47	2
57	48	1
57	49	1
57	52	1
57	54	1
57	56	4
58	3	1
58	12	1
58	13	1
58	24	2
58	27	2
58	30	1
58	31	2
58	34	1
58	35	3
58	43	2
58	45	1
58	47	1
58	49	1
58	52	4
58	53	1
58	56	1
58	57	3
59	3	1
59	10	1
59	12	1
59	17	1
59	24	1
59	27	1
59	30	1
59	37	1
59	38	1
59	39	1
59	40	2
59	43	2
59	44	1
59	45	3
59	46	1
59	47	1
59	49	1
59	50	1
59	54	2
59	57	1
59	58	2
60	5	1
60	7	1
60	8	1
60	10	1
60	12	1
60	13	1
60	14	1
60	15	2
60	20	1
60	27	1
60	28	4
60	29	1
60	32	1
60	37	2
60	38	2
60	41	1
60	42	2
60	44	1
60	46	2
60	48	1
60	49	3
60	50	1
60	51	3
60	52	4
60	53	3
60	54	3
60	57	1
60	58	1
