1	0	2
2	1	3
3	1	1
3	2	1
4	2	1
4	3	2
5	1	1
5	3	1
5	4	3
6	4	4
6	5	1
7	1	2
7	4	1
7	5	1
7	6	3
8	0	1
8	1	1
8	3	1
8	5	1
8	6	3
8	7	1
9	4	6
9	5	2
9	7	1
9	8	1
10	4	1
10	5	1
10	7	1
10	8	2
11	3	1
11	4	1
11	5	1
11	7	1
11	10	1
12	4	4
12	10	2
12	11	1
13	0	1
13	5	2
13	6	1
13	8	1
13	9	1
13	10	1
13	11	1
13	12	2
14	4	1
14	6	1
14	7	2
14	9	1
14	10	1
14	11	1
14	13	1
15	2	1
15	3	1
15	7	1
15	11	2
15	12	1
15	14	2
16	3	1
16	13	1
16	14	4
16	15	2
17	3	1
17	4	1
17	7	1
17	9	1
17	10	2
17	11	3
17	12	1
17	13	2
17	16	3
18	4	1
18	6	1
18	11	2
18	12	1
18	14	1
19	1	1
19	3	1
19	6	1
19	7	2
19	8	3
19	12	1
19	13	1
19	16	2
19	17	2
19	18	2
20	2	1
20	5	2
20	7	1
20	8	2
20	9	2
20	10	2
20	12	1
20	13	1
20	14	1
20	16	3
20	18	1
20	19	2
21	1	1
21	6	1
21	8	1
21	9	1
21	10	1
21	12	1
21	15	1
21	18	1
21	20	3
22	2	1
22	5	1
22	10	1
22	11	1
22	12	1
22	16	1
22	20	4
22	21	1
23	18	3
23	20	1
23	22	5
24	3	2
24	4	1
24	7	1
24	8	2
24	10	1
24	11	1
24	13	1
24	14	1
24	16	2
24	17	1
24	18	2
24	19	2
24	20	2
24	22	1
24	23	2
25	22	1
26	10	1
26	15	1
26	17	1
26	19	2
27	3	1
27	5	1
27	7	1
27	10	1
27	14	3
27	16	1
27	18	1
27	23	1
28	4	2
28	9	1
28	13	1
28	15	1
28	16	1
28	18	2
28	19	1
28	20	1
28	21	1
28	22	1
28	23	1
28	26	1
28	27	3
29	4	1
29	15	1
29	16	2
29	19	1
29	21	3
30	0	2
30	3	4
30	5	1
30	8	1
30	10	1
30	11	1
30	13	1
30	14	1
30	16	1
30	18	1
30	21	2
30	22	1
30	27	1
30	28	2
30	29	2
31	4	1
31	10	2
31	15	1
31	19	1
31	20	1
31	23	1
31	26	1
31	28	1
31	29	2
31	30	2
32	3	1
32	6	1
32	9	1
32	10	2
32	11	1
32	15	2
32	16	1
32	19	2
32	22	1
32	23	1
32	28	1
32	29	2
32	31	2
33	2	1
33	5	2
33	7	1
33	9	1
33	13	1
33	20	1
33	26	1
33	28	2
33	30	3
33	31	2
33	32	3
34	1	1
34	3	1
34	4	2
34	5	1
34	6	1
34	7	1
34	8	1
34	9	1
34	14	1
34	15	2
34	18	3
34	20	1
34	24	1
34	26	1
34	27	1
34	28	2
34	30	1
34	31	1
34	32	1
34	33	1
35	2	1
35	4	3
35	5	1
35	6	1
35	8	3
35	9	1
35	10	1
35	11	1
35	14	1
35	16	1
35	18	4
35	19	2
35	21	1
35	27	1
35	28	3
35	29	1
35	31	1
35	33	1
35	34	2
36	3	2
36	4	1
36	6	1
36	8	1
36	9	2
36	10	2
36	13	1
36	15	1
36	17	2
36	18	1
36	19	1
36	24	1
36	26	1
36	27	1
36	34	1
37	0	1
37	1	1
37	3	1
37	4	1
37	5	1
37	6	1
37	8	1
37	10	2
37	14	1
37	16	3
37	20	1
37	21	2
37	28	1
37	29	2
37	33	2
37	34	3
37	35	6
37	36	1
38	4	1
38	8	1
38	9	1
38	11	1
38	12	1
38	14	1
38	15	1
38	16	1
38	19	1
38	21	2
38	23	2
38	26	1
38	27	1
38	28	1
38	34	1
38	35	1
38	37	2
39	3	1
39	6	2
39	7	1
39	9	3
39	10	1
39	12	1
39	13	1
39	16	2
39	17	1
39	18	1
39	22	1
39	24	1
39	27	1
39	28	2
39	30	2
39	31	1
39	32	1
39	35	1
39	37	2
39	38	3
40	4	2
40	10	1
40	14	1
40	15	2
40	16	4
40	17	1
40	19	1
40	21	1
40	23	1
40	27	1
40	28	3
40	29	2
40	31	3
40	32	2
40	34	2
40	35	4
40	36	1
40	37	4
40	38	6
40	39	1
41	1	1
41	5	1
41	11	1
41	13	1
41	14	1
41	15	1
41	18	1
41	19	2
41	21	1
41	23	1
41	24	1
41	26	1
41	27	1
41	28	2
41	30	1
41	31	2
41	35	1
41	37	1
41	38	2
41	39	2
41	40	1
42	6	1
42	7	1
42	8	1
42	11	1
42	13	1
42	17	1
42	20	1
42	21	1
42	22	1
42	30	1
42	31	2
42	32	2
42	33	2
42	37	1
42	38	1
42	39	1
42	40	1
42	41	3
43	0	1
43	1	1
43	11	1
43	22	2
43	24	1
43	27	2
43	28	1
43	30	3
43	31	2
43	32	3
43	42	1
44	7	1
44	9	1
44	11	1
44	19	1
44	21	1
44	32	1
44	35	1
44	36	1
44	39	1
44	40	1
44	43	4
45	9	1
45	23	1
45	26	1
45	28	2
45	32	2
45	33	1
45	39	1
45	40	1
45	42	1
45	43	2
45	44	1
46	3	1
46	5	1
46	7	1
46	8	1
46	14	1
46	30	1
46	31	1
46	33	2
46	35	2
46	38	1
46	41	2
46	42	1
46	45	1
47	8	1
47	11	1
47	12	1
47	14	2
47	23	1
47	28	2
47	31	1
47	37	1
47	38	2
47	40	1
47	43	1
47	44	1
47	45	3
47	46	3
48	1	1
48	11	1
48	12	1
48	14	1
48	35	1
48	41	2
48	43	1
48	44	1
48	45	2
48	47	4
49	2	1
49	8	3
49	9	2
49	13	1
49	17	1
49	19	2
49	27	1
49	29	1
49	33	1
49	38	2
49	39	1
49	44	2
49	46	1
49	47	2
49	48	3
50	10	1
50	12	1
50	15	1
50	38	2
50	39	3
50	40	1
50	42	1
50	43	1
50	44	1
50	45	1
50	47	1
50	48	1
50	49	3
51	4	1
51	5	1
51	10	1
51	15	2
51	17	1
51	18	2
51	19	1
51	27	1
51	29	1
51	31	1
51	35	1
51	41	1
51	45	1
51	46	1
51	47	1
51	50	1
52	7	1
52	8	1
52	11	1
52	13	1
52	14	1
52	15	2
52	17	2
52	23	1
52	26	1
52	27	1
52	30	1
52	35	1
52	42	1
52	43	1
52	47	1
52	49	1
52	50	1
52	51	1
53	6	1
53	9	1
53	12	1
53	15	3
53	19	1
53	26	1
53	28	1
53	31	1
53	32	2
53	36	1
53	42	1
53	43	1
53	44	1
53	45	1
53	46	2
53	47	1
53	48	1
53	49	5
53	50	2
53	52	4
54	1	1
54	2	1
54	5	1
54	8	1
54	10	2
54	11	3
54	14	1
54	26	1
54	29	2
54	35	1
54	38	1
54	39	3
54	40	2
54	42	2
54	46	1
54	47	1
54	48	2
54	53	1
55	2	1
55	10	1
55	24	1
55	37	1
55	39	1
55	41	2
55	42	1
55	44	1
55	45	1
55	47	2
55	48	2
55	49	1
55	50	1
55	54	3
56	8	1
56	9	1
56	10	1
56	21	1
56	28	1
56	30	1
56	37	1
56	38	1
56	42	2
56	45	2
56	47	5
56	48	1
56	49	2
56	51	1
56	52	1
56	53	1
56	54	1
57	3	1
57	4	1
57	11	1
57	14	1
57	15	3
57	22	2
57	27	1
57	29	2
57	40	1
57	41	2
57	43	1
57	44	1
57	45	1
57	46	1
57	47	1
57	49	1
57	51	2
57	55	1
57	56	2
58	1	1
58	10	1
58	14	1
58	18	2
58	27	1
58	32	1
58	33	1
58	35	1
58	36	1
58	39	1
58	40	1
58	43	1
58	46	1
58	48	1
58	52	1
58	57	1
59	3	3
59	5	1
59	8	2
59	9	1
59	12	1
59	16	1
59	17	1
59	18	1
59	22	1
59	24	1
59	26	1
59	27	1
59	28	2
59	31	1
59	32	1
59	35	1
59	36	1
59	37	1
59	39	1
59	40	1
59	41	2
59	42	1
59	43	3
59	44	1
59	45	1
59	46	2
59	48	1
59	49	1
59	53	2
59	55	1
59	56	3
59	58	3
60	10	1
60	12	2
60	13	1
60	14	1
60	15	2
60	16	1
60	17	2
60	20	1
60	21	1
60	22	2
60	24	1
60	28	1
60	30	1
60	33	1
60	34	1
60	35	1
60	37	1
60	38	2
60	39	1
60	43	1
60	46	1
60	47	1
60	48	1
60	49	3
60	52	4
60	53	1
60	54	1
60	56	3
60	57	2
60	59	1
