1	0	5
3	1	1
3	2	4
4	0	1
4	2	2
4	3	2
5	1	2
5	4	2
6	4	1
6	5	2
7	3	1
7	4	1
7	5	1
7	6	2
8	3	1
8	4	4
8	5	1
8	6	2
8	7	2
9	0	1
9	1	2
9	2	1
9	4	1
9	5	2
9	8	2
10	3	1
10	5	2
10	6	1
10	7	2
10	8	2
10	9	5
11	4	1
11	5	1
11	8	2
11	9	1
11	10	4
12	2	1
12	8	2
12	9	1
12	11	6
13	1	1
13	7	1
13	8	1
13	9	2
13	12	1
14	3	1
14	7	1
14	9	1
14	13	2
15	3	1
15	10	2
15	11	1
15	12	3
15	13	2
15	14	2
16	1	1
16	4	1
16	7	1
16	9	1
16	10	2
16	11	1
16	14	1
16	15	1
17	6	1
17	7	1
17	8	2
17	9	1
17	11	2
17	12	2
17	14	1
17	16	1
18	2	1
18	5	2
18	7	2
18	10	1
18	12	1
18	13	1
18	14	2
18	16	3
18	17	3
19	1	1
19	4	2
19	5	4
19	6	1
19	7	1
19	8	1
19	13	2
19	15	1
19	16	2
19	17	1
19	18	1
20	2	2
20	4	2
20	7	2
20	8	1
20	10	1
20	11	1
20	13	1
20	14	1
20	16	1
20	18	2
20	19	1
21	2	1
21	4	1
21	5	1
21	8	1
21	9	1
21	10	1
21	11	1
21	12	1
21	16	1
21	17	1
21	18	3
21	19	2
21	20	1
22	5	1
22	9	1
22	13	2
22	14	1
22	15	1
22	18	3
22	19	1
22	20	2
22	21	1
23	2	1
23	4	1
23	5	1
23	12	2
23	16	1
23	17	1
23	18	1
23	19	1
23	20	1
23	22	2
24	2	1
24	6	1
24	9	2
24	10	1
24	13	1
24	18	2
24	21	4
24	22	2
24	23	1
25	6	1
25	21	1
25	23	1
26	3	1
26	6	1
26	24	1
27	3	1
27	5	1
27	6	2
27	11	1
27	13	1
27	16	1
27	17	1
27	18	3
27	25	1
28	0	1
28	4	3
28	5	2
28	6	1
28	8	1
28	12	1
28	15	2
28	16	2
28	17	1
28	18	2
28	19	1
28	20	1
28	21	1
28	22	1
28	24	1
28	26	2
28	27	5
29	1	1
29	3	1
29	4	1
29	5	1
29	8	2
29	11	1
29	12	1
29	13	1
29	16	1
29	17	1
29	19	1
29	21	2
29	24	1
30	3	1
30	4	1
30	5	1
30	8	1
30	13	4
30	23	1
31	12	1
31	13	1
31	14	1
31	20	3
31	22	1
31	27	1
31	30	2
32	5	1
32	9	2
32	10	2
32	11	1
32	12	1
32	14	1
32	16	1
32	17	1
32	18	2
32	22	1
32	24	1
32	29	2
32	30	1
32	31	1
33	5	1
33	8	1
33	12	1
33	14	1
33	16	1
33	18	3
33	21	1
33	23	2
33	27	1
33	28	3
33	30	2
33	31	1
33	32	2
34	0	1
34	6	1
34	9	1
34	10	1
34	15	2
34	16	2
34	18	1
34	19	1
34	21	1
34	23	1
34	24	2
34	28	2
34	29	1
34	30	1
34	31	1
34	32	2
34	33	3
35	0	1
35	2	1
35	4	3
35	5	1
35	9	2
35	11	1
35	12	1
35	13	3
35	15	2
35	18	1
35	19	2
35	20	2
35	21	2
35	22	2
35	23	1
35	26	1
35	28	1
35	29	2
35	30	1
35	32	1
35	34	4
36	3	2
36	4	1
36	8	2
36	13	1
36	16	1
36	19	2
36	22	1
36	29	1
36	35	1
37	1	1
37	3	1
37	8	2
37	9	1
37	10	1
37	12	1
37	13	1
37	14	3
37	15	2
37	16	1
37	17	1
37	18	3
37	19	1
37	26	1
37	33	1
37	34	1
37	35	2
38	0	1
38	2	1
38	5	2
38	6	1
38	8	1
38	9	1
38	12	1
38	13	1
38	14	1
38	18	2
38	20	1
38	21	1
38	25	1
38	26	1
38	27	1
38	31	2
38	37	4
39	2	1
39	6	1
39	10	1
39	11	2
39	13	3
39	16	1
39	18	2
39	19	1
39	21	1
39	23	1
39	27	2
39	28	1
39	30	2
39	31	1
39	35	1
39	36	2
39	37	2
39	38	2
40	1	2
40	2	1
40	4	2
40	6	1
40	9	1
40	10	1
40	14	1
40	15	1
40	16	1
40	18	1
40	19	1
40	20	1
40	25	1
40	28	3
40	30	2
40	31	1
40	32	2
40	33	1
40	34	2
40	35	2
40	38	1
41	3	1
41	4	1
41	5	1
41	9	1
41	10	1
41	12	1
41	19	2
41	21	1
41	22	1
41	26	1
41	29	4
41	30	2
41	31	1
41	33	5
41	34	1
41	35	2
41	36	1
41	37	2
41	38	2
41	39	1
41	40	1
42	4	1
42	9	1
42	11	1
42	12	1
42	14	2
42	15	1
42	21	1
42	22	2
42	23	1
42	27	1
42	30	3
42	31	1
42	33	2
42	34	1
42	35	2
42	36	2
42	37	2
42	38	3
42	39	1
43	1	1
43	3	1
43	5	1
43	7	1
43	8	1
43	10	1
43	12	1
43	17	2
43	18	2
43	24	1
43	28	1
43	29	1
43	32	1
43	33	1
43	34	1
43	35	1
43	36	1
43	39	3
43	40	1
43	41	3
44	2	1
44	3	1
44	4	1
44	18	1
44	19	1
44	20	1
44	21	1
44	26	1
44	27	1
44	28	2
44	29	1
44	30	1
44	35	2
44	38	1
44	40	2
44	42	2
44	43	2
45	3	1
45	11	1
45	28	1
45	29	2
45	31	2
45	37	1
45	38	1
45	39	1
45	40	2
45	41	1
45	42	1
45	43	5
45	44	2
46	3	1
46	8	1
46	19	1
46	22	2
46	26	1
46	27	1
46	28	1
46	31	1
46	39	1
46	44	1
46	45	1
47	11	1
47	14	1
47	19	1
47	27	1
47	28	2
47	38	1
47	39	1
47	40	2
47	41	2
47	44	2
47	46	4
48	10	1
48	12	1
48	13	2
48	19	1
48	28	1
48	35	1
48	36	1
48	38	1
48	39	2
48	41	1
48	42	2
48	43	1
48	46	1
48	47	3
49	8	1
49	12	1
49	13	1
49	15	1
49	21	1
49	24	1
49	25	1
49	28	2
49	32	1
49	36	1
49	38	2
49	39	1
49	41	1
49	42	1
49	44	1
49	45	1
49	47	2
49	48	1
50	9	1
50	13	1
50	18	1
50	29	2
50	32	1
50	36	1
50	40	1
50	46	1
50	47	1
50	48	1
50	49	1
51	4	1
51	8	2
51	11	1
51	14	1
51	16	1
51	27	1
51	29	1
51	31	1
51	32	2
51	33	1
51	34	1
51	38	1
51	40	1
51	42	1
51	45	2
51	47	1
51	48	1
51	49	2
51	50	2
52	7	1
52	8	1
52	13	1
52	15	1
52	16	1
52	17	1
52	18	1
52	28	2
52	30	2
52	32	1
52	34	2
52	36	1
52	37	2
52	39	1
52	41	1
52	43	1
52	44	1
52	46	1
52	49	2
52	50	1
52	51	1
53	4	1
53	5	2
53	8	1
53	10	1
53	12	1
53	18	1
53	19	1
53	20	1
53	27	1
53	28	1
53	37	2
53	38	3
53	40	1
53	41	1
53	46	1
53	47	1
53	49	2
53	50	4
53	51	3
53	52	1
54	3	1
54	9	1
54	12	1
54	14	1
54	18	1
54	27	2
54	35	1
54	38	1
54	39	1
54	40	1
54	41	1
54	44	1
54	46	1
54	49	2
54	52	1
55	1	1
55	2	1
55	8	1
55	10	1
55	12	1
55	13	2
55	14	1
55	16	1
55	17	1
55	18	1
55	25	1
55	28	1
55	29	2
55	30	1
55	32	1
55	33	1
55	34	1
55	36	1
55	38	2
55	40	1
55	43	1
55	45	1
55	46	2
55	48	2
55	49	2
55	51	1
55	53	5
55	54	2
56	3	2
56	5	2
56	11	1
56	17	1
56	18	1
56	22	1
56	23	1
56	27	1
56	29	1
56	32	1
56	38	1
56	40	1
56	41	2
56	42	1
56	43	2
56	44	1
56	46	3
56	47	1
56	49	1
57	8	1
57	9	1
57	10	1
57	12	1
57	13	1
57	14	1
57	16	1
57	19	1
57	31	2
57	34	1
57	35	1
57	36	2
57	40	1
57	43	1
57	44	1
57	46	2
57	47	3
57	50	2
57	53	1
57	56	4
58	3	1
58	4	2
58	10	1
58	17	1
58	18	1
58	19	1
58	20	1
58	27	1
58	32	1
58	33	1
58	39	1
58	40	1
58	42	2
58	46	1
58	47	1
58	48	1
58	49	1
58	51	1
58	52	1
58	53	1
59	1	1
59	9	1
59	10	1
59	13	2
59	26	1
59	27	1
59	28	1
59	29	1
59	30	1
59	37	2
59	38	1
59	40	1
59	41	1
59	42	1
59	44	1
59	45	1
59	46	1
59	47	1
59	53	1
59	55	1
59	56	1
59	57	3
60	0	1
60	2	3
60	6	1
60	7	1
60	15	2
60	16	1
60	18	1
60	22	1
60	26	2
60	27	1
60	28	2
60	37	1
60	38	2
60	43	2
60	46	1
60	47	1
60	48	2
60	49	3
60	50	3
60	51	3
60	53	2
60	54	2
60	56	1
60	57	1
60	58	2
60	59	1
