1	0	1
2	0	1
2	1	1
3	1	1
3	2	2
4	0	1
4	2	1
4	3	1
5	0	1
5	2	1
5	3	1
5	4	3
6	1	1
6	2	1
6	5	1
7	2	1
7	3	1
7	6	4
8	1	2
8	3	2
8	4	4
8	5	4
8	6	1
8	7	1
9	0	1
9	1	2
9	2	2
9	4	2
9	5	1
9	6	1
9	7	1
9	8	1
10	2	1
10	3	1
10	4	1
10	6	1
10	9	2
11	5	2
11	6	1
11	10	1
12	1	1
12	2	1
12	4	2
12	5	1
12	9	1
12	10	2
12	11	6
13	5	1
13	9	1
13	10	1
13	11	1
13	12	1
14	3	1
14	9	2
14	11	1
14	12	1
14	13	1
15	2	1
15	3	1
15	4	1
15	6	2
15	9	1
15	10	1
15	11	1
15	12	1
15	14	1
16	10	1
16	13	2
16	14	1
17	4	1
17	6	1
17	7	1
17	8	1
17	10	3
17	11	1
17	12	1
17	14	2
17	16	1
18	4	1
18	5	1
18	7	1
18	8	2
18	9	2
18	10	1
18	13	2
18	14	1
18	15	2
18	16	1
19	2	2
19	6	1
19	7	1
19	9	2
19	10	2
19	12	1
19	14	3
19	15	2
19	17	2
19	18	1
20	3	1
20	4	2
20	5	2
20	6	2
20	9	1
20	10	1
20	11	2
20	14	2
20	17	1
20	18	1
20	19	2
21	0	1
21	5	1
21	8	1
21	9	1
21	12	3
21	13	1
21	15	1
21	16	1
21	18	1
21	19	1
21	20	2
22	5	1
22	6	2
22	7	1
22	10	1
22	11	2
22	14	1
22	17	3
22	18	1
22	21	3
23	2	2
23	5	3
23	6	1
23	10	1
23	12	2
23	13	2
23	15	1
23	19	2
23	20	1
23	21	1
23	22	1
24	4	1
24	7	1
24	17	1
24	21	1
24	22	1
24	23	1
25	11	1
26	2	1
26	6	1
26	13	1
26	19	1
26	22	1
27	5	2
27	8	3
27	10	1
27	14	1
27	15	1
27	17	3
28	0	1
28	3	1
28	8	1
28	9	2
28	10	1
28	12	1
28	15	2
28	16	2
28	24	2
28	26	1
28	27	2
29	3	1
29	4	1
29	5	1
29	7	1
29	11	1
29	12	1
29	13	1
29	14	1
29	15	1
29	19	1
30	1	1
30	5	1
30	13	1
30	17	2
30	18	1
30	19	1
30	21	1
30	24	1
30	27	1
30	28	3
30	29	1
31	1	1
31	3	1
31	11	1
31	13	1
31	16	2
31	17	1
31	19	1
31	24	2
31	26	1
31	29	1
31	30	1
32	0	1
32	3	1
32	12	1
32	16	1
32	24	1
32	27	1
32	29	1
32	30	2
32	31	1
33	3	1
33	5	1
33	7	1
33	9	1
33	12	1
33	14	3
33	17	1
33	19	1
33	21	3
33	28	2
33	30	4
33	31	1
33	32	2
34	1	1
34	4	1
34	10	1
34	13	2
34	15	1
34	16	1
34	18	2
34	20	1
34	22	1
34	27	1
34	28	2
34	31	1
34	32	1
34	33	1
35	3	1
35	4	3
35	5	2
35	9	4
35	10	1
35	13	1
35	14	1
35	15	1
35	17	1
35	18	2
35	19	3
35	20	1
35	21	3
35	23	2
35	28	2
35	29	1
35	33	1
35	34	2
36	3	2
36	4	3
36	10	1
36	12	1
36	14	1
36	17	1
36	21	1
36	28	1
36	31	3
36	32	2
36	33	2
36	35	2
37	2	1
37	3	1
37	4	1
37	6	2
37	13	2
37	16	1
37	18	3
37	19	1
37	21	1
37	23	1
37	24	1
37	27	1
37	28	4
37	29	1
37	33	1
37	35	1
38	3	1
38	7	1
38	13	3
38	14	4
38	15	1
38	17	1
38	18	1
38	19	1
38	20	1
38	23	1
38	25	1
38	26	1
38	27	1
38	29	1
38	30	2
38	31	2
38	32	1
38	33	1
38	34	1
38	35	3
38	36	2
39	1	1
39	2	1
39	5	1
39	6	2
39	7	1
39	9	1
39	10	2
39	11	2
39	13	1
39	15	2
39	16	1
39	18	1
39	23	1
39	27	1
39	28	2
39	29	1
39	30	3
39	33	1
39	35	1
39	36	3
39	37	2
39	38	4
40	3	1
40	4	1
40	5	1
40	7	1
40	8	1
40	13	3
40	16	1
40	18	1
40	23	1
40	28	4
40	29	1
40	30	1
40	31	2
40	38	2
41	7	1
41	8	1
41	14	1
41	22	1
41	23	1
41	26	1
41	28	2
41	29	1
41	30	1
41	31	4
41	32	1
41	33	2
41	34	1
41	37	1
41	38	3
41	39	1
41	40	3
42	0	1
42	6	1
42	12	1
42	14	1
42	21	1
42	27	1
42	28	1
42	29	2
42	30	3
42	31	1
42	32	1
42	33	1
42	36	2
42	38	1
43	1	1
43	3	3
43	4	1
43	11	1
43	12	1
43	16	1
43	18	3
43	24	1
43	26	1
43	27	1
43	30	2
43	31	1
43	32	1
43	33	1
43	35	1
43	37	1
43	38	2
43	39	1
43	40	3
43	42	2
44	3	1
44	12	2
44	16	2
44	20	1
44	27	1
44	31	2
44	32	2
44	33	1
44	36	1
44	38	1
44	40	2
44	41	1
44	42	1
44	43	1
45	3	1
45	13	1
45	27	1
45	39	1
45	42	2
45	43	2
45	44	1
46	2	1
46	8	1
46	11	1
46	15	1
46	18	2
46	21	1
46	26	1
46	27	1
46	28	4
46	31	1
46	33	1
46	38	2
46	39	3
46	40	1
46	41	1
46	42	2
46	43	1
46	45	1
47	5	1
47	8	1
47	20	1
47	24	1
47	27	1
47	31	1
47	35	1
47	36	1
47	38	3
47	40	1
47	41	1
47	42	3
47	43	3
47	45	1
47	46	3
48	12	1
48	13	1
48	37	1
48	45	3
48	46	2
48	47	1
49	8	1
49	18	1
49	20	1
49	32	1
49	34	1
49	35	1
49	38	1
49	39	2
49	43	1
49	46	2
49	47	2
49	48	2
50	10	1
50	14	2
50	15	2
50	35	1
50	44	1
50	45	1
50	46	2
50	48	1
51	5	1
51	11	1
51	14	1
51	15	1
51	18	2
51	36	1
51	41	1
51	42	2
51	50	1
52	6	1
52	15	1
52	29	2
52	30	1
52	32	1
52	33	1
52	35	3
52	39	1
52	40	1
52	42	1
52	46	3
52	47	2
52	49	2
52	50	1
52	51	4
53	3	1
53	4	1
53	7	1
53	9	1
53	10	1
53	11	1
53	12	1
53	13	1
53	15	1
53	16	1
53	17	1
53	18	1
53	22	1
53	30	1
53	32	1
53	33	1
53	37	1
53	38	3
53	40	3
53	44	1
53	46	1
53	47	2
53	48	3
53	49	2
53	51	3
54	1	1
54	4	2
54	11	1
54	12	1
54	13	2
54	14	1
54	15	1
54	30	1
54	32	1
54	34	1
54	37	1
54	38	1
54	40	1
54	41	1
54	43	1
54	44	1
54	45	1
54	46	3
54	49	4
54	50	1
54	52	1
54	53	2
55	1	1
55	3	1
55	4	1
55	9	1
55	12	1
55	25	1
55	27	1
55	28	3
55	37	1
55	38	2
55	40	2
55	42	1
55	44	1
55	45	2
55	46	1
55	47	3
55	48	1
55	50	1
55	51	1
55	53	3
56	4	1
56	8	1
56	10	1
56	18	1
56	20	2
56	30	1
56	34	1
56	35	1
56	36	1
56	42	2
56	43	1
56	45	1
56	46	1
56	47	3
56	48	1
56	49	1
56	52	1
56	54	2
57	10	1
57	12	1
57	13	1
57	16	2
57	18	1
57	24	2
57	27	1
57	28	2
57	35	1
57	38	1
57	39	3
57	40	2
57	41	1
57	43	1
57	45	1
57	46	1
57	47	2
57	48	2
57	49	1
57	50	1
57	51	1
57	52	1
57	53	2
57	55	2
57	56	2
58	0	1
58	17	1
58	27	2
58	28	1
58	29	1
58	31	1
58	34	1
58	36	1
58	38	1
58	39	1
58	41	1
58	43	1
58	44	2
58	45	2
58	46	1
58	47	1
58	49	2
58	51	2
58	52	1
58	54	1
59	1	1
59	2	1
59	3	1
59	8	1
59	9	2
59	19	1
59	26	1
59	27	1
59	28	3
59	29	1
59	31	3
59	32	1
59	33	2
59	35	3
59	36	1
59	38	2
59	39	1
59	40	1
59	41	2
59	43	2
59	44	1
59	47	2
59	49	1
59	54	1
59	55	1
59	56	2
59	58	1
60	4	1
60	7	1
60	12	2
60	13	1
60	14	1
60	15	1
60	16	1
60	19	3
60	22	2
60	24	1
60	27	1
60	28	1
60	30	1
60	31	1
60	35	2
60	36	2
60	43	3
60	44	1
60	47	2
60	49	2
60	51	3
60	52	4
60	53	3
60	56	2
60	57	3
60	58	2
60	59	1
