1	0	2
2	0	1
2	1	3
3	2	3
4	1	1
4	3	1
5	2	1
5	3	2
5	4	2
6	3	1
6	5	1
7	3	2
8	0	1
8	3	1
8	4	2
8	5	3
8	6	2
9	1	1
9	3	1
9	4	2
9	5	1
9	7	1
9	8	4
10	2	1
10	3	1
10	4	3
10	5	2
10	6	1
10	7	2
10	8	2
11	4	3
11	7	1
12	3	2
12	8	2
12	10	2
12	11	1
13	1	1
13	2	1
13	3	1
13	4	1
13	5	1
13	7	1
13	9	2
13	10	2
13	11	2
13	12	1
14	5	1
14	8	1
14	13	1
15	3	1
15	4	1
15	6	1
15	8	1
15	10	1
15	11	3
15	12	1
15	13	2
15	14	2
16	5	1
16	7	1
16	8	2
16	12	2
16	13	2
16	14	2
16	15	1
17	3	2
17	4	1
17	5	1
17	7	1
17	8	3
17	9	1
17	11	1
17	12	1
17	13	5
17	14	1
17	15	1
17	16	4
18	1	1
18	4	3
18	12	1
18	13	2
18	14	1
18	15	1
18	16	2
18	17	3
19	2	1
19	5	2
19	8	3
19	9	1
19	10	1
19	13	3
19	14	2
19	16	2
19	17	2
19	18	3
20	1	1
20	5	2
20	8	2
20	9	2
20	10	1
20	11	1
20	13	1
20	19	5
21	3	1
21	4	2
21	8	1
21	10	1
21	12	1
21	13	2
21	18	2
21	20	4
22	3	2
22	4	2
22	5	1
22	6	3
22	7	1
22	8	2
22	9	1
22	13	1
22	16	1
22	17	3
22	20	3
22	21	4
23	11	1
23	12	2
23	14	1
23	16	1
23	17	1
23	18	2
23	20	1
23	21	2
23	22	2
24	2	2
24	6	1
24	14	1
24	15	1
24	18	2
24	21	1
24	22	1
24	23	2
26	1	1
26	14	1
26	15	1
26	17	1
27	3	1
27	4	2
27	6	1
27	10	1
27	12	1
27	13	1
27	14	2
27	15	4
27	16	1
27	17	1
27	22	1
27	24	1
27	26	1
28	0	1
28	3	1
28	7	1
28	15	1
28	16	3
28	17	2
28	18	2
28	19	1
28	20	2
28	27	2
29	2	1
29	12	1
29	14	1
29	15	1
29	18	1
29	19	1
29	20	1
29	22	1
29	24	1
29	28	1
30	1	1
30	9	2
30	10	2
30	15	1
30	16	1
30	21	1
30	28	1
30	29	2
31	9	1
31	10	2
31	16	1
31	17	1
31	18	2
31	24	1
31	28	1
31	29	2
31	30	3
32	8	1
32	11	1
32	12	1
32	14	2
32	16	1
32	17	1
32	20	2
32	24	3
32	27	1
32	28	2
32	30	1
32	31	3
33	1	2
33	3	1
33	8	1
33	12	2
33	15	1
33	18	1
33	23	1
33	24	1
33	26	2
33	27	1
33	28	1
33	30	2
33	31	1
34	2	1
34	4	2
34	6	1
34	7	1
34	10	1
34	14	1
34	17	1
34	19	2
34	20	1
34	21	1
34	24	1
34	30	3
34	31	1
35	1	1
35	3	2
35	4	1
35	5	1
35	6	1
35	7	1
35	8	2
35	10	2
35	12	1
35	13	1
35	15	1
35	16	1
35	17	1
35	18	3
35	19	1
35	22	1
35	28	3
35	30	1
35	31	1
35	32	1
35	33	2
35	34	1
36	4	2
36	7	2
36	9	2
36	10	1
36	11	1
36	12	1
36	15	1
36	17	2
36	18	2
36	19	1
36	22	1
36	35	3
37	5	1
37	8	1
37	9	1
37	10	1
37	13	1
37	14	1
37	18	1
37	24	1
37	27	2
37	28	4
37	33	1
37	35	2
38	3	1
38	10	1
38	12	2
38	16	1
38	17	1
38	18	1
38	19	2
38	26	1
38	27	1
38	28	3
38	29	3
38	31	1
38	33	1
38	34	2
38	35	3
38	36	1
38	37	2
39	8	2
39	9	2
39	11	3
39	13	1
39	15	1
39	19	1
39	21	1
39	24	1
39	26	2
39	27	1
39	28	1
39	31	2
39	34	2
39	36	1
39	37	2
39	38	3
40	2	2
40	8	1
40	9	2
40	10	2
40	14	1
40	15	1
40	17	2
40	24	1
40	27	1
40	29	1
40	33	1
40	35	1
40	36	2
40	37	1
40	38	9
41	5	1
41	10	1
41	15	1
41	19	1
41	27	1
41	28	2
41	29	1
41	30	1
41	31	1
41	35	2
41	36	1
41	38	5
41	39	1
41	40	4
42	8	1
42	9	1
42	10	1
42	11	1
42	28	2
42	29	1
42	37	1
42	38	3
42	40	1
42	41	2
43	0	1
43	1	1
43	2	2
43	3	1
43	4	1
43	5	1
43	9	1
43	10	2
43	11	1
43	13	1
43	14	1
43	15	2
43	17	1
43	18	1
43	19	1
43	24	1
43	26	1
43	28	2
43	30	1
43	31	2
43	32	1
43	34	1
43	35	2
43	36	1
43	37	1
43	40	1
43	41	1
43	42	1
44	3	1
44	9	1
44	16	3
44	20	1
44	21	1
44	29	2
44	31	2
44	33	2
44	38	1
44	40	1
44	41	1
44	43	3
45	0	1
45	3	1
45	4	1
45	12	1
45	13	1
45	18	1
45	24	1
45	26	1
45	30	1
45	31	1
45	35	1
45	36	2
45	37	1
45	39	1
45	40	2
45	41	2
45	44	2
46	3	1
46	10	1
46	12	1
46	13	2
46	18	1
46	28	2
46	30	2
46	32	1
46	34	2
46	36	2
46	37	1
46	41	2
46	42	3
46	43	2
46	45	2
47	2	2
47	3	1
47	9	1
47	19	1
47	27	1
47	29	1
47	30	1
47	35	1
47	40	2
47	46	1
48	0	1
48	2	1
48	4	1
48	10	2
48	15	1
48	28	2
48	38	1
48	40	1
48	44	1
48	47	2
49	1	1
49	2	1
49	5	1
49	8	1
49	9	1
49	12	2
49	24	1
49	27	1
49	28	2
49	32	1
49	35	1
49	38	1
49	39	1
49	43	2
49	45	1
49	46	1
49	47	2
49	48	5
50	4	1
50	12	1
50	13	1
50	22	1
50	30	2
50	35	2
50	38	1
50	39	2
50	43	1
50	44	1
50	46	1
50	47	1
50	48	2
50	49	1
51	15	2
51	18	1
51	20	1
51	24	1
51	29	1
51	31	1
51	34	1
51	36	1
51	40	1
51	41	2
51	47	1
51	48	1
51	49	2
51	50	1
52	0	1
52	6	1
52	9	1
52	11	3
52	15	2
52	17	1
52	18	1
52	20	1
52	21	2
52	23	1
52	26	1
52	27	1
52	28	1
52	30	1
52	31	1
52	36	2
52	38	1
52	39	2
52	40	1
52	45	1
52	47	1
52	49	1
52	50	1
52	51	5
53	8	1
53	9	1
53	11	1
53	15	1
53	16	2
53	17	1
53	20	1
53	27	1
53	28	1
53	30	1
53	37	1
53	43	2
53	46	1
53	47	1
53	49	3
53	52	4
54	4	1
54	10	1
54	13	1
54	15	1
54	17	1
54	18	2
54	20	2
54	27	1
54	28	1
54	29	2
54	30	2
54	31	1
54	33	1
54	36	1
54	38	1
54	41	1
54	42	1
54	43	1
54	45	3
54	47	2
54	48	1
54	49	2
54	50	1
54	51	1
55	0	1
55	1	1
55	4	1
55	15	1
55	17	1
55	19	1
55	22	1
55	24	1
55	29	1
55	33	1
55	36	3
55	37	1
55	38	2
55	40	2
55	41	2
55	42	2
55	43	3
55	46	2
55	47	3
55	48	2
55	49	1
55	54	4
56	3	1
56	15	2
56	19	1
56	35	1
56	36	2
56	38	1
56	40	1
56	43	2
56	45	1
56	47	1
56	48	2
56	49	1
56	51	2
56	52	1
56	53	2
56	54	1
56	55	1
57	3	1
57	8	3
57	11	1
57	12	1
57	24	1
57	32	1
57	38	2
57	39	2
57	40	1
57	44	2
57	45	1
57	47	2
57	48	1
57	49	1
57	50	1
57	51	4
57	52	1
57	53	3
57	56	4
58	8	2
58	9	2
58	18	1
58	26	1
58	28	1
58	29	1
58	30	1
58	32	2
58	35	1
58	40	2
58	42	1
58	44	1
58	46	2
58	48	1
58	52	1
58	53	2
58	54	1
58	55	1
59	5	1
59	8	1
59	9	1
59	10	2
59	13	1
59	16	1
59	26	3
59	27	1
59	32	2
59	33	2
59	34	1
59	39	3
59	40	2
59	42	4
59	43	2
59	44	1
59	50	1
59	55	2
59	57	3
59	58	1
60	0	1
60	3	1
60	5	1
60	7	1
60	14	1
60	15	1
60	18	2
60	19	1
60	21	3
60	24	2
60	27	1
60	28	2
60	30	1
60	33	1
60	35	2
60	38	5
60	39	3
60	40	1
60	41	3
60	43	3
60	44	1
60	46	2
60	47	2
60	51	4
60	52	3
60	53	5
60	54	3
60	55	1
60	56	1
60	57	1
60	58	2
