1	0	1
2	1	1
3	1	2
3	2	1
4	1	2
4	3	2
5	2	1
5	3	1
5	4	4
6	0	1
6	3	2
6	5	1
7	1	1
7	4	1
7	5	2
7	6	5
8	0	1
8	3	1
8	4	5
8	6	1
9	4	3
9	6	1
9	7	2
10	0	2
10	1	1
10	2	1
10	4	4
10	6	1
10	7	1
10	8	3
11	2	1
12	3	1
12	8	1
12	10	3
12	11	4
13	1	1
13	4	1
13	5	1
13	8	1
13	9	2
13	11	1
14	1	1
14	4	2
14	11	2
14	12	1
15	2	1
15	5	1
15	9	2
15	12	1
15	14	2
16	4	1
16	6	1
16	8	3
16	9	1
16	14	2
16	15	1
17	3	1
17	8	1
17	11	1
17	12	1
17	13	1
17	14	2
17	16	3
18	1	2
18	3	1
18	7	1
18	8	1
18	10	1
18	11	2
18	12	2
18	15	1
18	17	1
19	3	1
19	4	4
19	5	1
19	6	2
19	7	1
19	8	4
19	9	1
19	11	1
19	13	2
19	14	1
19	15	1
19	16	1
19	17	1
19	18	6
20	2	1
20	6	1
20	10	2
20	11	1
20	12	1
20	13	1
20	14	1
20	15	2
20	16	1
20	17	2
20	18	2
20	19	3
21	0	1
21	1	1
21	2	1
21	8	2
21	9	1
21	12	2
21	15	1
21	17	1
21	18	1
21	19	1
21	20	2
22	4	1
22	8	2
22	12	2
22	13	2
22	16	1
22	20	2
22	21	2
23	5	1
23	7	1
23	13	1
23	14	1
23	17	1
23	18	2
23	19	1
23	20	5
23	22	2
24	10	1
24	14	1
24	16	1
24	17	1
24	18	2
24	22	3
24	23	2
25	0	1
25	16	1
26	16	1
26	17	1
26	18	1
26	20	2
27	6	1
27	8	1
27	9	1
27	11	1
27	13	2
27	14	4
27	18	1
27	22	1
27	24	1
27	26	2
28	0	1
28	3	1
28	5	2
28	8	1
28	9	1
28	10	1
28	12	2
28	13	1
28	14	1
28	15	3
28	16	1
28	19	1
28	22	2
28	23	1
28	24	1
28	26	1
29	2	1
29	11	1
29	14	1
29	16	1
29	19	1
29	21	1
29	23	1
29	28	1
30	1	1
30	3	1
30	4	1
30	8	2
30	9	1
30	10	1
30	16	1
30	17	1
30	21	1
30	22	3
30	23	1
30	29	3
31	3	2
31	5	2
31	8	2
31	9	2
31	11	1
31	16	1
31	18	1
31	20	1
31	23	1
31	27	1
31	28	2
31	30	3
32	8	1
32	10	1
32	12	1
32	13	1
32	14	2
32	17	1
32	18	1
32	19	1
32	21	1
32	23	1
32	24	1
32	26	1
32	28	1
32	29	2
32	31	1
33	9	2
33	11	1
33	12	1
33	13	1
33	14	1
33	20	1
33	23	1
33	26	1
33	27	3
33	28	1
33	29	1
33	30	1
33	31	3
33	32	3
34	0	1
34	1	1
34	4	1
34	5	1
34	7	2
34	8	1
34	13	1
34	15	2
34	17	1
34	18	1
34	21	2
34	22	1
34	23	1
34	24	1
34	27	1
34	28	1
34	29	1
34	31	1
34	33	8
35	2	2
35	4	1
35	7	1
35	8	1
35	10	1
35	11	1
35	12	1
35	13	1
35	14	1
35	15	3
35	16	1
35	17	1
35	20	1
35	21	2
35	22	1
35	27	1
35	28	2
35	30	2
35	32	1
35	33	2
35	34	2
36	1	2
36	4	2
36	6	2
36	7	2
36	17	1
36	18	1
36	21	1
36	34	1
36	35	1
37	12	2
37	13	2
37	14	1
37	15	1
37	16	1
37	17	1
37	22	2
37	23	1
37	25	1
37	27	2
37	28	1
37	32	1
37	33	1
37	35	4
37	36	1
38	2	2
38	3	2
38	4	1
38	5	1
38	8	1
38	9	1
38	10	1
38	13	1
38	14	1
38	15	1
38	16	2
38	18	2
38	20	1
38	21	1
38	23	1
38	24	2
38	26	1
38	27	1
38	28	2
38	30	2
38	31	1
38	34	1
38	35	1
38	37	1
39	2	1
39	3	1
39	4	2
39	5	2
39	7	1
39	9	1
39	10	1
39	11	1
39	12	2
39	13	1
39	14	1
39	16	2
39	17	4
39	18	1
39	19	1
39	20	1
39	21	1
39	23	1
39	24	1
39	28	2
39	34	1
39	35	2
39	37	2
39	38	2
40	1	1
40	2	1
40	3	1
40	4	1
40	5	1
40	7	1
40	8	3
40	9	2
40	11	1
40	13	1
40	16	2
40	17	1
40	18	2
40	22	1
40	26	1
40	28	1
40	29	1
40	30	2
40	32	2
40	33	1
40	34	1
40	35	1
40	36	1
40	37	2
40	38	3
40	39	1
41	4	2
41	8	2
41	10	1
41	13	3
41	19	2
41	22	1
41	24	1
41	27	1
41	28	2
41	29	1
41	30	1
41	31	2
41	37	3
41	38	3
41	39	1
41	40	5
42	7	1
42	8	1
42	13	1
42	16	1
42	19	1
42	27	1
42	28	3
42	30	1
42	32	1
42	33	2
42	35	1
42	36	2
42	37	1
42	38	1
42	41	1
43	3	1
43	7	1
43	9	2
43	10	2
43	11	1
43	13	1
43	15	1
43	16	1
43	17	1
43	20	1
43	22	2
43	31	2
43	33	1
43	34	1
43	35	5
43	37	1
43	38	1
43	40	2
43	41	2
43	42	3
44	4	1
44	5	2
44	14	1
44	16	1
44	17	2
44	18	1
44	29	1
44	32	2
44	33	1
44	34	1
44	38	2
44	40	1
44	41	1
45	2	1
45	3	1
45	4	1
45	5	1
45	6	1
45	12	1
45	13	2
45	23	2
45	28	1
45	30	1
45	31	1
45	32	1
45	33	1
45	40	3
45	41	1
45	42	1
45	43	2
46	1	1
46	9	2
46	10	1
46	14	2
46	19	1
46	27	1
46	29	1
46	33	2
46	36	1
46	39	2
46	43	2
47	1	3
47	7	1
47	12	2
47	13	2
47	14	1
47	16	1
47	18	2
47	19	1
47	20	1
47	32	1
47	35	1
47	38	2
47	39	1
47	40	1
47	44	2
47	45	1
47	46	1
48	6	1
48	7	1
48	14	1
48	15	1
48	19	1
48	22	1
48	28	1
48	35	1
48	37	1
48	41	1
48	42	1
48	43	1
48	45	1
48	47	3
49	3	1
49	9	1
49	15	1
49	16	2
49	18	3
49	31	1
49	34	1
49	38	2
49	42	1
49	43	1
49	46	2
49	47	2
49	48	1
50	12	1
50	13	1
50	14	1
50	15	1
50	23	1
50	27	1
50	28	1
50	38	1
50	43	1
50	46	1
50	49	2
51	8	2
51	10	1
51	12	1
51	14	1
51	15	1
51	16	1
51	17	2
51	24	1
51	25	1
51	31	1
51	37	1
51	39	1
51	41	1
51	43	1
51	46	1
51	47	1
51	49	1
51	50	1
52	10	1
52	11	2
52	12	1
52	13	1
52	24	1
52	27	2
52	28	3
52	31	1
52	33	1
52	34	1
52	38	1
52	39	1
52	40	1
52	46	1
52	48	2
52	49	1
52	50	3
52	51	5
53	4	1
53	11	1
53	12	1
53	14	1
53	28	2
53	29	1
53	31	2
53	32	3
53	34	1
53	36	2
53	37	1
53	38	1
53	39	1
53	40	3
53	41	1
53	43	1
53	46	2
53	48	1
53	49	1
53	50	1
53	51	3
53	52	2
54	0	1
54	5	1
54	11	1
54	13	1
54	18	1
54	23	1
54	30	1
54	32	1
54	35	1
54	36	1
54	40	1
54	44	2
54	45	2
54	46	1
54	47	3
54	48	1
54	49	4
54	50	1
54	52	1
55	2	1
55	3	1
55	4	1
55	5	1
55	15	2
55	16	1
55	19	3
55	21	1
55	30	2
55	32	1
55	33	1
55	36	1
55	40	3
55	41	1
55	42	1
55	43	1
55	44	2
55	45	1
55	47	1
55	48	2
55	49	1
55	50	1
55	54	3
56	3	1
56	12	1
56	13	1
56	19	1
56	26	1
56	28	1
56	31	1
56	34	1
56	37	1
56	38	1
56	40	1
56	41	1
56	43	1
56	44	1
56	45	2
56	47	2
56	48	2
56	51	2
56	54	1
56	55	1
57	9	1
57	14	2
57	23	1
57	24	2
57	28	1
57	35	2
57	41	2
57	43	2
57	48	1
57	49	2
57	52	1
57	53	2
57	54	1
57	55	2
57	56	1
58	0	1
58	9	1
58	12	2
58	18	2
58	19	1
58	27	3
58	31	1
58	33	1
58	34	1
58	38	1
58	39	1
58	41	1
58	42	2
58	43	1
58	44	1
58	46	1
58	51	1
58	53	1
58	55	2
58	57	1
59	1	1
59	2	1
59	5	1
59	7	1
59	9	1
59	13	1
59	16	3
59	22	2
59	26	2
59	28	4
59	30	2
59	31	3
59	32	1
59	33	1
59	35	1
59	38	2
59	40	3
59	41	1
59	42	2
59	43	1
59	45	2
59	46	1
59	49	2
59	51	1
59	54	1
59	56	1
59	58	1
60	5	1
60	6	1
60	9	1
60	13	1
60	14	1
60	15	2
60	17	1
60	19	1
60	20	1
60	28	1
60	30	1
60	36	1
60	38	3
60	40	3
60	45	2
60	47	1
60	49	1
60	50	2
60	51	1
60	53	4
60	54	1
60	55	1
60	58	1
