1	0	4
2	1	3
3	0	2
3	2	1
4	1	1
4	3	1
5	1	2
5	2	1
5	3	2
5	4	1
6	1	1
6	2	1
6	5	2
7	3	1
7	4	1
7	6	3
8	1	1
8	3	1
8	4	4
8	6	2
8	7	1
9	1	1
9	4	2
9	5	2
9	8	4
10	1	1
10	4	3
10	5	1
10	6	2
10	7	1
10	9	1
11	4	1
11	8	2
11	10	2
12	5	1
12	6	1
12	10	2
12	11	4
13	1	2
13	2	1
13	4	1
13	6	1
13	7	1
13	8	1
13	9	1
13	12	1
14	7	1
14	12	1
14	13	4
15	8	1
15	11	1
15	12	2
15	14	1
16	3	2
16	4	1
16	9	1
16	12	1
16	14	2
16	15	3
17	3	1
17	5	1
17	9	2
17	11	3
17	13	3
17	14	3
17	16	1
18	1	1
18	3	1
18	4	1
18	6	1
18	7	2
18	9	1
18	10	1
18	11	1
18	13	1
18	14	2
18	16	1
18	17	2
19	2	1
19	5	1
19	7	1
19	9	2
19	10	1
19	11	3
19	12	2
19	16	1
19	17	2
19	18	5
20	4	1
20	6	1
20	7	1
20	8	2
20	9	3
20	13	1
20	14	2
20	15	1
20	16	1
20	17	2
20	19	1
21	3	1
21	8	2
21	10	1
21	11	1
21	13	1
21	14	1
21	16	1
21	18	2
21	19	1
21	20	6
22	5	1
22	6	1
22	11	1
22	13	1
22	15	1
22	17	2
22	20	1
22	21	4
23	7	2
23	12	1
23	13	2
23	15	2
23	17	1
23	18	1
23	19	3
23	20	2
23	22	2
24	2	1
24	4	3
24	6	1
24	7	2
24	10	1
24	17	2
24	18	1
24	19	1
24	20	2
24	23	4
25	9	1
26	6	2
26	8	1
26	14	1
26	16	1
26	18	1
26	22	1
27	5	1
27	10	2
27	14	1
27	17	1
27	20	2
27	21	1
27	22	1
27	24	1
28	0	1
28	3	1
28	4	1
28	5	1
28	7	2
28	8	1
28	10	1
28	11	1
28	13	1
28	16	3
28	18	1
28	20	2
28	21	1
28	23	1
28	27	1
29	1	2
29	2	1
29	5	1
29	8	1
29	11	1
29	12	1
29	13	1
29	18	1
29	21	1
29	24	1
29	28	2
30	1	1
30	2	1
30	5	1
30	16	2
30	18	1
30	19	1
30	20	1
30	21	1
30	22	2
30	23	1
30	28	1
30	29	2
31	1	1
31	2	1
31	12	1
31	18	1
31	19	1
31	21	2
31	24	2
31	30	2
32	0	1
32	2	1
32	4	1
32	11	1
32	16	1
32	17	1
32	22	1
32	24	1
32	27	1
32	28	2
32	30	3
32	31	1
33	1	1
33	5	1
33	6	1
33	7	1
33	9	1
33	13	1
33	18	1
33	19	3
33	20	1
33	23	1
33	27	3
33	28	2
33	29	1
33	31	3
33	32	3
34	1	1
34	3	1
34	4	3
34	13	1
34	15	1
34	16	2
34	18	1
34	20	3
34	21	1
34	27	1
34	29	2
34	30	1
34	32	1
34	33	2
35	2	1
35	3	1
35	4	1
35	5	1
35	11	1
35	13	3
35	15	1
35	16	1
35	19	1
35	21	3
35	26	1
35	28	2
35	30	2
35	31	1
35	33	1
35	34	5
36	2	2
36	5	1
36	8	2
36	9	1
36	10	1
36	13	1
36	16	1
36	17	1
36	19	1
36	27	1
36	28	1
36	30	1
36	32	1
37	1	1
37	3	1
37	4	1
37	5	1
37	11	1
37	13	2
37	14	1
37	15	1
37	19	1
37	20	1
37	21	1
37	22	1
37	27	1
37	29	1
37	35	2
37	36	3
38	0	2
38	1	1
38	2	2
38	3	1
38	4	1
38	6	1
38	8	1
38	9	1
38	11	1
38	12	1
38	15	2
38	16	1
38	21	1
38	23	2
38	28	2
38	30	2
38	31	1
38	32	1
38	35	3
38	36	1
38	37	2
39	4	1
39	9	2
39	10	1
39	12	3
39	13	1
39	14	1
39	15	1
39	16	1
39	30	1
39	35	2
39	37	2
39	38	1
40	1	1
40	4	2
40	5	2
40	6	1
40	13	3
40	14	2
40	18	1
40	21	1
40	29	1
40	30	1
40	37	5
40	38	2
40	39	1
41	4	2
41	6	1
41	15	1
41	16	1
41	19	1
41	21	1
41	25	1
41	27	1
41	28	1
41	29	2
41	30	1
41	31	3
41	35	4
41	37	1
41	38	4
41	39	1
41	40	4
42	5	1
42	9	1
42	13	1
42	14	1
42	17	1
42	23	1
42	24	1
42	26	1
42	28	2
42	29	1
42	31	1
42	32	1
42	35	1
42	36	1
42	37	1
42	38	1
42	39	1
42	41	2
43	3	3
43	9	1
43	12	1
43	13	1
43	16	1
43	17	1
43	18	1
43	20	2
43	22	1
43	26	2
43	28	2
43	29	1
43	32	1
43	34	1
43	38	1
43	39	2
43	40	2
43	41	2
43	42	2
44	6	1
44	31	2
44	33	1
44	34	1
44	35	1
44	40	1
44	41	1
44	42	1
44	43	3
45	0	1
45	4	1
45	5	1
45	8	1
45	13	1
45	17	1
45	19	2
45	20	1
45	30	1
45	35	1
45	37	1
45	39	2
45	41	2
45	42	1
45	43	3
45	44	1
46	1	2
46	10	1
46	11	1
46	12	2
46	15	1
46	18	1
46	21	1
46	27	1
46	32	1
46	35	1
46	41	1
46	43	1
46	44	1
47	3	1
47	8	2
47	12	1
47	15	1
47	19	1
47	27	2
47	34	1
47	35	1
47	36	1
47	38	2
47	41	1
47	42	1
47	43	2
47	45	3
47	46	3
48	3	2
48	4	1
48	8	1
48	14	1
48	36	1
48	37	1
48	40	1
48	42	1
48	45	1
48	46	1
48	47	1
49	2	1
49	9	1
49	11	1
49	13	2
49	18	1
49	19	1
49	21	1
49	27	1
49	28	2
49	30	1
49	35	1
49	38	2
49	39	3
49	41	1
49	43	2
49	45	3
49	46	1
50	1	1
50	15	2
50	40	2
50	41	1
50	42	1
50	44	1
50	48	1
50	49	1
51	5	1
51	12	2
51	15	1
51	18	1
51	19	1
51	20	1
51	25	1
51	26	1
51	29	1
51	31	1
51	36	1
51	38	1
51	41	1
51	42	2
51	43	1
51	48	1
51	49	2
51	50	1
52	6	1
52	9	2
52	14	1
52	16	1
52	18	1
52	19	1
52	30	1
52	35	1
52	39	1
52	41	1
52	44	1
52	46	3
52	49	2
52	50	4
52	51	3
53	1	2
53	4	2
53	6	1
53	7	1
53	8	1
53	9	1
53	10	1
53	11	1
53	12	1
53	14	3
53	15	1
53	16	1
53	19	1
53	22	1
53	27	2
53	28	1
53	32	1
53	34	1
53	35	2
53	40	1
53	41	2
53	43	1
53	45	1
53	46	2
53	47	2
53	49	2
53	50	1
53	51	1
53	52	3
54	3	2
54	4	1
54	8	1
54	12	2
54	16	1
54	18	1
54	28	1
54	29	1
54	30	1
54	36	3
54	41	1
54	46	4
54	47	1
54	48	1
54	49	2
54	52	1
54	53	1
55	2	1
55	5	1
55	9	1
55	10	1
55	12	1
55	13	1
55	19	1
55	22	1
55	29	2
55	30	1
55	34	1
55	35	1
55	38	2
55	39	1
55	40	2
55	42	1
55	43	1
55	44	1
55	46	1
55	51	3
55	52	1
55	53	1
55	54	3
56	3	1
56	8	1
56	15	1
56	17	1
56	18	1
56	28	1
56	29	1
56	32	1
56	38	1
56	41	1
56	43	1
56	45	1
56	47	3
56	48	1
56	49	2
56	50	1
56	54	1
56	55	3
57	2	1
57	8	1
57	17	1
57	19	1
57	25	1
57	29	2
57	30	1
57	31	1
57	32	1
57	33	2
57	34	1
57	35	1
57	39	2
57	41	3
57	42	1
57	43	1
57	45	1
57	46	2
57	50	2
57	52	1
57	53	1
57	54	2
57	55	2
58	1	1
58	4	2
58	13	1
58	14	2
58	15	2
58	17	1
58	19	1
58	26	1
58	29	1
58	31	1
58	32	1
58	33	1
58	38	2
58	39	1
58	40	1
58	41	3
58	43	2
58	45	1
58	46	1
58	47	1
58	48	1
58	49	1
58	51	1
58	52	1
58	54	2
58	55	1
58	56	2
59	2	1
59	9	1
59	18	2
59	19	1
59	26	1
59	27	2
59	30	1
59	32	2
59	38	2
59	39	1
59	40	2
59	41	1
59	43	4
59	44	1
59	45	2
59	46	2
59	47	1
59	50	1
59	52	1
59	55	3
59	57	1
59	58	1
60	5	1
60	8	1
60	13	1
60	16	1
60	17	1
60	19	1
60	22	1
60	24	1
60	26	1
60	27	1
60	28	2
60	31	1
60	33	1
60	35	1
60	36	1
60	37	2
60	38	7
60	39	2
60	40	1
60	41	1
60	42	1
60	43	1
60	44	1
60	46	3
60	48	1
60	50	3
60	51	4
60	52	2
60	53	3
