1	0	3
2	0	1
2	1	1
3	1	3
3	2	4
4	0	1
4	3	1
5	3	1
5	4	1
6	2	4
6	3	1
6	4	4
6	5	2
7	4	1
7	5	1
8	3	1
8	4	5
8	5	5
9	1	3
9	2	2
9	6	1
9	8	1
10	1	1
10	2	2
10	4	1
10	6	1
10	7	1
10	9	2
11	0	1
11	1	1
11	2	1
11	4	1
11	8	1
12	5	1
12	9	1
12	10	4
12	11	3
13	2	1
13	3	1
13	7	1
13	11	1
13	12	1
14	4	2
14	5	1
14	7	2
14	9	1
14	10	2
14	11	2
15	4	1
15	11	1
15	13	1
16	2	1
16	8	1
16	10	1
16	12	1
16	13	3
16	15	1
17	9	1
17	12	1
17	16	1
18	0	1
18	3	1
18	4	1
18	7	1
18	9	1
18	11	1
18	13	3
18	14	2
19	2	1
19	4	1
19	6	2
19	7	1
19	8	2
19	10	1
19	13	2
19	16	3
19	17	1
19	18	2
20	1	1
20	4	2
20	8	2
20	11	1
20	12	2
20	14	1
20	15	2
20	17	1
20	19	1
21	0	1
21	8	1
21	11	1
21	12	1
21	14	2
21	16	1
21	18	5
21	19	1
21	20	2
22	2	2
22	3	1
22	4	1
22	6	2
22	7	1
22	8	1
22	9	1
22	16	5
22	17	2
22	18	1
22	20	6
22	21	1
23	2	2
23	4	1
23	5	1
23	9	2
23	10	1
23	13	1
23	14	1
23	16	1
23	19	1
23	22	3
24	5	1
24	9	2
24	14	1
24	16	2
24	17	2
24	21	2
24	22	1
24	23	3
25	3	1
25	15	1
26	6	1
26	14	1
26	15	1
27	4	1
27	6	1
27	7	2
27	8	1
27	9	1
27	10	1
27	12	1
27	14	1
27	15	1
27	16	1
27	24	1
27	26	2
28	0	1
28	2	1
28	4	1
28	6	1
28	10	2
28	11	1
28	15	2
28	16	2
28	17	2
28	18	1
28	19	2
28	22	1
28	23	2
28	24	1
28	27	1
29	5	2
29	6	1
29	11	1
29	12	1
29	14	2
29	17	1
29	19	1
29	20	1
29	21	1
29	22	1
29	27	1
29	28	1
30	1	1
30	2	1
30	4	1
30	5	1
30	6	2
30	11	1
30	12	1
30	16	1
30	20	1
30	22	1
30	23	1
30	29	1
31	2	1
31	5	1
31	9	1
31	10	1
31	11	1
31	13	2
31	16	3
31	21	1
31	24	1
31	27	2
31	28	2
32	8	1
32	13	1
32	16	1
32	17	1
32	18	1
32	19	1
32	24	1
32	26	1
32	27	1
32	28	1
32	29	1
33	2	1
33	4	1
33	9	1
33	12	1
33	14	1
33	17	1
33	19	1
33	20	1
33	26	1
33	28	1
33	30	1
33	32	1
34	3	1
34	7	1
34	10	1
34	13	2
34	14	1
34	17	1
34	19	1
34	20	1
34	21	2
34	22	2
34	23	1
34	26	1
34	27	1
34	29	1
34	33	2
35	4	1
35	7	1
35	8	2
35	11	1
35	13	1
35	14	1
35	16	1
35	17	2
35	18	2
35	20	2
35	21	3
35	22	1
35	24	1
35	27	1
35	28	1
35	29	1
35	30	1
35	31	1
35	32	1
35	33	2
35	34	1
36	1	1
36	4	1
36	7	1
36	9	3
36	10	1
36	11	1
36	12	1
36	20	3
36	21	1
36	22	2
36	29	1
36	30	1
36	33	1
36	35	1
37	1	1
37	5	1
37	11	1
37	12	1
37	13	2
37	14	1
37	16	3
37	17	1
37	18	2
37	19	1
37	20	2
37	23	1
37	27	2
37	28	2
37	29	1
37	30	1
37	31	1
37	33	1
37	35	3
38	2	1
38	4	5
38	7	3
38	10	2
38	13	3
38	15	2
38	17	1
38	18	4
38	20	1
38	21	1
38	22	4
38	23	1
38	24	1
38	27	2
38	28	2
38	29	1
38	30	1
38	32	3
38	33	2
38	35	1
38	36	1
39	1	1
39	2	1
39	3	1
39	4	2
39	6	1
39	8	2
39	9	2
39	10	1
39	11	1
39	12	3
39	14	1
39	16	1
39	17	2
39	18	1
39	28	2
39	29	1
39	30	3
39	31	1
39	35	1
39	36	1
39	37	1
39	38	2
40	3	2
40	4	1
40	6	2
40	9	1
40	10	1
40	13	1
40	15	2
40	16	2
40	17	1
40	19	3
40	28	2
40	29	1
40	30	1
40	31	2
40	33	1
40	34	1
40	36	2
40	37	2
40	38	2
41	4	4
41	8	1
41	11	2
41	13	2
41	17	1
41	18	2
41	19	1
41	20	1
41	21	1
41	24	2
41	25	2
41	26	1
41	27	3
41	28	5
41	29	2
41	30	1
41	34	2
41	36	2
41	37	2
41	38	2
41	39	2
41	40	1
42	0	1
42	4	1
42	5	1
42	8	1
42	9	1
42	13	1
42	16	1
42	19	1
42	22	1
42	24	1
42	27	1
42	29	1
42	31	3
42	33	2
42	34	1
42	35	2
42	38	2
42	40	1
42	41	1
43	1	2
43	2	2
43	5	1
43	6	2
43	7	1
43	11	1
43	15	1
43	16	2
43	19	2
43	20	1
43	24	1
43	27	1
43	28	2
43	29	1
43	30	2
43	36	1
43	40	1
43	41	3
43	42	2
44	0	1
44	1	1
44	2	1
44	10	1
44	18	1
44	19	1
44	26	2
44	33	1
44	34	1
44	36	1
44	38	1
44	39	1
44	40	3
45	4	1
45	7	1
45	12	1
45	14	1
45	26	1
45	27	1
45	28	2
45	29	1
45	30	1
45	34	2
45	39	2
45	40	2
45	41	1
45	43	2
46	2	1
46	8	1
46	11	1
46	13	1
46	22	1
46	26	1
46	29	1
46	36	1
46	40	1
46	41	1
46	42	2
46	43	1
46	44	1
46	45	1
47	5	1
47	18	1
47	28	2
47	30	1
47	31	1
47	33	1
47	36	1
47	39	1
47	41	1
48	2	1
48	11	1
48	13	1
48	19	1
48	31	1
48	36	1
48	39	1
48	40	1
48	42	1
48	46	3
48	47	1
49	1	2
49	2	1
49	5	1
49	10	2
49	11	2
49	13	1
49	14	1
49	15	1
49	16	1
49	17	1
49	21	1
49	27	3
49	28	1
49	30	1
49	31	1
49	32	1
49	37	1
49	40	1
49	41	2
49	42	1
49	44	1
49	46	2
49	47	1
49	48	2
50	10	1
50	13	1
50	14	1
50	18	1
50	35	1
50	38	1
50	39	1
50	43	1
50	45	1
50	46	1
50	49	4
51	8	1
51	9	1
51	14	1
51	18	1
51	19	2
51	28	1
51	32	1
51	35	1
51	37	2
51	38	1
51	40	3
51	43	1
51	44	2
51	46	1
51	47	2
51	49	1
51	50	1
52	0	1
52	4	1
52	9	2
52	11	1
52	14	1
52	15	1
52	18	1
52	19	1
52	26	1
52	28	2
52	33	1
52	34	1
52	36	1
52	41	1
52	42	1
52	44	1
52	45	1
52	46	1
52	47	1
52	49	2
52	50	3
52	51	4
53	7	1
53	9	1
53	11	1
53	15	1
53	16	1
53	27	2
53	29	1
53	41	1
53	43	1
53	45	1
53	47	2
53	48	1
53	49	2
53	51	4
53	52	1
54	2	1
54	4	1
54	8	1
54	10	1
54	13	1
54	16	3
54	19	1
54	28	2
54	29	1
54	30	1
54	31	1
54	33	1
54	34	1
54	38	1
54	40	1
54	41	1
54	42	1
54	43	1
54	44	2
54	46	2
54	47	2
54	49	3
54	53	1
55	1	1
55	3	1
55	9	1
55	10	1
55	11	1
55	12	2
55	17	1
55	20	1
55	25	1
55	27	1
55	28	1
55	32	2
55	34	1
55	36	1
55	38	1
55	39	1
55	42	1
55	44	1
55	46	2
55	50	2
55	54	5
56	5	1
56	6	1
56	10	2
56	19	1
56	26	1
56	36	1
56	39	2
56	41	1
56	45	1
56	46	2
56	47	1
56	49	1
56	53	1
56	54	1
56	55	1
57	3	1
57	4	1
57	12	1
57	22	1
57	28	1
57	29	1
57	34	1
57	36	3
57	37	1
57	40	2
57	42	1
57	44	1
57	45	2
57	46	1
57	49	1
57	50	1
57	52	2
57	56	3
58	8	1
58	18	1
58	26	1
58	28	1
58	29	1
58	30	1
58	32	1
58	34	1
58	36	1
58	37	1
58	39	1
58	42	2
58	44	2
58	45	2
58	46	1
58	51	1
59	3	1
59	4	1
59	8	1
59	12	1
59	13	1
59	15	1
59	19	1
59	20	1
59	24	1
59	26	1
59	28	2
59	30	1
59	32	2
59	33	2
59	34	3
59	37	1
59	41	1
59	42	3
59	43	1
59	44	1
59	47	2
59	48	1
59	49	1
59	52	1
59	53	1
59	56	1
59	57	1
60	0	1
60	1	2
60	4	1
60	5	1
60	7	1
60	8	1
60	11	2
60	13	1
60	15	1
60	16	1
60	19	1
60	28	1
60	34	1
60	36	1
60	37	1
60	40	2
60	41	1
60	43	3
60	45	1
60	49	1
60	50	2
60	51	2
60	52	3
60	53	4
60	54	2
60	55	2
60	58	3
