1	0	1
2	1	1
3	1	1
3	2	3
4	0	1
4	1	1
4	3	3
5	1	1
5	3	2
5	4	3
6	2	1
6	4	2
6	5	2
7	2	1
7	4	1
7	6	1
8	0	1
8	1	1
8	2	1
8	4	1
8	5	1
8	7	2
9	3	1
9	4	1
9	5	1
9	8	3
10	3	2
10	5	1
10	6	3
10	7	2
10	8	3
10	9	1
11	4	1
11	8	3
11	9	2
12	1	2
12	2	1
12	3	1
12	5	1
12	8	1
12	10	2
12	11	6
13	3	1
13	4	3
13	7	1
13	10	2
13	11	2
14	4	1
14	7	1
14	8	1
14	13	2
15	4	1
15	5	1
15	6	1
15	9	2
15	11	1
15	12	3
15	13	3
15	14	2
16	6	1
16	11	1
16	13	3
16	14	2
17	2	1
17	4	2
17	6	2
17	9	1
17	10	2
17	11	1
17	13	2
17	14	4
17	16	2
18	1	1
18	2	3
18	4	1
18	5	2
18	7	1
18	8	1
18	9	1
18	10	1
18	12	1
18	13	1
18	14	1
18	16	2
18	17	1
19	4	2
19	7	1
19	8	1
19	10	1
19	12	2
19	13	1
19	14	1
19	16	1
19	17	2
19	18	1
20	1	1
20	2	1
20	4	2
20	5	1
20	7	1
20	8	2
20	10	3
20	12	1
20	13	1
20	14	1
20	17	2
20	18	2
20	19	4
21	0	1
21	1	1
21	5	1
21	9	1
21	20	1
22	1	1
22	2	1
22	5	1
22	7	1
22	8	3
22	9	1
22	11	1
22	13	1
22	14	1
22	20	3
22	21	3
23	5	2
23	10	2
23	12	1
23	15	1
23	16	1
23	19	1
23	20	2
23	21	4
23	22	3
24	4	1
24	6	1
24	7	3
24	11	1
24	12	1
24	13	1
24	15	2
24	17	1
24	20	1
24	21	1
24	23	2
25	5	1
26	8	1
26	16	2
26	22	1
27	4	1
27	5	1
27	7	1
27	12	1
27	15	1
27	16	1
27	17	1
27	18	1
27	19	3
27	20	1
27	21	1
27	22	1
27	24	1
28	3	1
28	4	2
28	5	1
28	9	1
28	11	3
28	12	1
28	13	1
28	14	1
28	17	1
28	19	1
28	21	1
28	24	2
28	26	1
28	27	1
29	3	1
29	5	1
29	7	1
29	10	1
29	14	1
29	15	1
29	17	2
29	19	1
29	23	1
29	28	1
30	2	2
30	4	2
30	8	1
30	16	2
30	22	1
30	27	2
30	28	2
30	29	3
31	1	1
31	2	1
31	4	1
31	10	1
31	15	1
31	17	3
31	20	1
31	21	1
31	22	1
31	23	1
31	24	1
31	28	3
31	30	2
32	5	1
32	9	1
32	12	1
32	16	1
32	17	1
32	19	1
32	21	1
32	27	3
32	28	1
32	29	1
32	31	2
33	7	1
33	8	1
33	13	1
33	16	1
33	17	1
33	19	1
33	20	2
33	21	1
33	22	1
33	24	1
33	27	1
33	29	3
33	30	2
33	32	2
34	4	3
34	5	2
34	6	1
34	10	1
34	14	1
34	15	1
34	18	2
34	22	1
34	24	1
34	27	1
34	29	1
34	30	3
34	32	1
35	2	1
35	4	1
35	5	1
35	7	1
35	11	1
35	13	2
35	14	1
35	16	3
35	17	2
35	18	2
35	19	2
35	23	1
35	28	1
35	29	2
35	30	1
35	31	2
35	33	1
35	34	1
36	2	1
36	3	2
36	8	1
36	10	3
36	11	1
36	13	1
36	14	2
36	16	1
36	17	1
36	21	2
36	24	1
36	25	1
36	27	2
36	28	2
36	33	1
36	34	1
36	35	1
37	0	1
37	1	1
37	4	1
37	5	1
37	11	1
37	12	2
37	13	5
37	14	1
37	16	1
37	17	1
37	18	1
37	19	2
37	24	2
37	27	1
37	28	1
37	29	1
37	35	2
37	36	1
38	3	1
38	5	4
38	7	2
38	17	1
38	18	1
38	19	1
38	22	2
38	24	2
38	28	4
38	29	3
38	30	1
38	32	1
38	33	1
38	34	2
38	35	1
38	36	2
38	37	3
39	2	1
39	5	1
39	9	1
39	10	1
39	11	1
39	12	1
39	13	3
39	15	1
39	19	1
39	22	1
39	28	3
39	29	1
39	30	2
39	31	3
39	32	1
39	36	1
39	37	2
39	38	8
40	1	1
40	4	2
40	13	2
40	17	2
40	18	1
40	19	1
40	30	3
40	31	1
40	36	2
40	38	3
40	39	1
41	1	1
41	10	2
41	12	1
41	15	1
41	16	1
41	17	1
41	21	1
41	26	1
41	27	2
41	28	1
41	29	1
41	31	1
41	35	1
41	36	1
41	38	2
41	39	4
41	40	3
42	5	1
42	7	1
42	10	1
42	11	1
42	15	1
42	23	1
42	24	1
42	26	1
42	28	2
42	30	1
42	32	2
42	33	1
42	39	1
42	40	2
42	41	1
43	4	1
43	5	1
43	10	2
43	12	1
43	24	1
43	27	2
43	28	1
43	30	1
43	33	1
43	34	1
43	38	1
43	39	1
43	41	1
43	42	2
44	1	2
44	5	1
44	12	2
44	13	1
44	18	1
44	20	2
44	26	1
44	31	1
44	35	1
44	39	1
44	41	1
44	42	2
45	0	2
45	3	1
45	8	1
45	10	1
45	13	1
45	14	1
45	18	1
45	24	1
45	28	2
45	29	2
45	30	1
45	31	2
45	34	1
45	37	1
45	39	1
45	41	1
45	43	4
45	44	1
46	2	1
46	9	2
46	21	1
46	27	1
46	28	1
46	31	1
46	35	1
46	44	2
46	45	4
47	2	1
47	9	1
47	12	1
47	13	1
47	14	1
47	15	1
47	17	1
47	18	1
47	19	1
47	27	1
47	28	1
47	32	2
47	33	1
47	34	1
47	36	1
47	39	1
47	40	2
47	41	1
47	43	1
47	44	1
47	45	1
47	46	2
48	1	1
48	4	1
48	8	2
48	10	1
48	11	2
48	14	1
48	27	1
48	39	1
48	40	2
48	43	2
48	46	1
48	47	3
49	1	1
49	4	2
49	5	1
49	8	1
49	15	1
49	16	1
49	18	1
49	23	1
49	29	2
49	30	1
49	33	1
49	34	1
49	36	1
49	37	2
49	39	1
49	40	2
49	42	1
49	45	2
49	46	2
49	47	3
49	48	3
50	9	1
50	10	1
50	15	1
50	18	1
50	31	1
50	38	1
50	39	1
50	41	1
50	42	1
50	48	1
50	49	1
51	4	2
51	10	1
51	14	1
51	18	1
51	23	1
51	31	2
51	32	1
51	35	1
51	39	1
51	41	2
51	44	1
51	49	1
51	50	3
52	0	1
52	7	2
52	8	1
52	10	1
52	11	1
52	13	1
52	28	2
52	31	1
52	37	2
52	38	1
52	40	1
52	47	3
52	49	1
52	51	3
53	1	1
53	4	1
53	5	1
53	6	1
53	9	1
53	10	2
53	13	1
53	16	1
53	22	1
53	27	1
53	35	1
53	38	2
53	39	1
53	40	1
53	41	1
53	44	1
53	47	1
53	49	2
53	50	1
53	51	4
53	52	4
54	4	1
54	7	2
54	8	1
54	10	1
54	13	2
54	19	1
54	27	1
54	28	2
54	31	1
54	34	1
54	39	2
54	40	2
54	41	1
54	42	1
54	46	1
54	47	2
54	48	1
54	49	2
54	51	1
55	3	1
55	11	1
55	14	1
55	20	1
55	28	1
55	30	1
55	32	1
55	33	1
55	34	1
55	36	1
55	38	1
55	40	1
55	41	1
55	42	1
55	43	1
55	46	2
55	47	1
55	48	2
55	51	2
55	52	3
55	53	1
55	54	6
56	6	1
56	9	1
56	12	3
56	15	1
56	28	1
56	29	1
56	30	1
56	35	2
56	39	1
56	42	1
56	43	3
56	44	1
56	46	1
56	49	3
56	53	2
56	55	1
57	0	2
57	8	1
57	10	1
57	12	1
57	14	3
57	22	1
57	29	1
57	31	1
57	32	2
57	35	1
57	37	1
57	38	1
57	39	1
57	40	1
57	44	2
57	45	1
57	46	1
57	47	2
57	48	1
57	49	1
57	50	1
57	52	1
57	54	1
57	56	1
58	8	1
58	13	1
58	14	1
58	27	1
58	28	3
58	29	1
58	38	1
58	39	1
58	42	1
58	43	1
58	44	1
58	48	1
58	49	1
58	55	2
58	56	1
58	57	2
59	2	2
59	4	1
59	5	1
59	13	1
59	21	1
59	26	1
59	28	4
59	30	3
59	38	1
59	39	1
59	40	1
59	42	2
59	44	3
59	47	2
59	49	1
59	50	2
59	51	1
59	52	2
59	53	1
59	54	1
59	56	1
59	57	2
59	58	1
60	1	2
60	5	1
60	8	1
60	9	2
60	10	1
60	11	1
60	12	1
60	13	2
60	14	1
60	15	2
60	16	2
60	24	1
60	26	1
60	27	1
60	28	1
60	33	2
60	35	2
60	36	1
60	37	1
60	39	1
60	40	3
60	41	3
60	43	1
60	44	2
60	45	1
60	46	1
60	47	2
60	49	2
60	50	3
60	51	1
60	52	6
60	53	4
60	54	2
60	56	1
60	57	1
60	58	2
60	59	3
