1	0	3
2	0	1
2	1	1
3	1	2
3	2	2
4	1	1
4	2	1
4	3	2
5	1	1
5	3	1
5	4	5
6	3	1
6	4	1
6	5	1
7	1	1
7	2	1
7	4	1
7	5	2
7	6	1
8	3	1
8	4	1
8	5	4
8	6	1
9	1	1
9	2	2
9	4	3
9	5	1
9	6	1
9	7	2
9	8	1
10	0	1
10	3	3
10	4	1
10	5	2
10	6	1
10	8	2
10	9	2
11	4	2
11	9	1
11	10	2
12	4	1
12	5	1
12	10	3
12	11	3
13	1	1
13	2	1
13	3	1
13	7	1
13	8	1
13	9	2
13	10	1
13	11	3
13	12	1
14	1	1
14	2	1
14	3	1
14	4	1
14	7	2
14	13	1
15	3	2
15	7	1
15	9	1
15	10	2
15	12	1
15	14	3
16	8	1
16	9	2
16	11	1
16	13	2
16	14	4
17	8	1
17	10	2
17	12	1
17	13	4
17	14	1
17	15	2
17	16	6
18	3	1
18	4	2
18	5	1
18	7	1
18	9	2
18	10	1
18	11	1
18	13	1
18	16	2
19	0	1
19	3	2
19	4	1
19	6	1
19	7	2
19	11	1
19	12	1
19	14	1
19	15	1
19	16	2
19	17	3
20	3	1
20	5	1
20	6	1
20	7	1
20	8	1
20	9	1
20	10	1
20	16	1
20	17	2
20	18	1
20	19	1
21	1	1
21	2	2
21	4	1
21	5	1
21	7	1
21	8	1
21	19	2
21	20	2
22	2	2
22	4	1
22	6	1
22	8	2
22	12	1
22	14	1
22	16	2
22	17	1
22	18	3
22	19	1
22	20	1
22	21	2
23	3	1
23	4	1
23	6	1
23	13	1
23	16	1
23	18	2
23	21	2
23	22	1
24	5	2
24	6	2
24	7	1
24	11	1
24	13	1
24	15	1
24	16	2
24	18	1
24	19	1
24	20	1
24	22	2
24	23	4
26	13	1
26	18	1
27	6	1
27	8	1
27	12	1
27	14	1
27	15	1
27	22	1
27	24	1
27	25	1
28	4	1
28	9	1
28	10	1
28	11	1
28	13	2
28	14	3
28	16	4
28	17	1
28	18	1
28	20	1
28	22	1
28	23	2
28	24	1
28	27	2
29	1	1
29	3	1
29	5	1
29	8	1
29	9	1
29	10	1
29	27	1
30	4	2
30	5	2
30	9	2
30	12	1
30	15	1
30	16	1
30	18	1
30	28	2
30	29	3
31	3	1
31	5	2
31	8	1
31	9	2
31	10	1
31	11	1
31	13	1
31	14	1
31	16	1
31	23	1
31	24	1
31	27	3
31	30	5
32	1	1
32	3	2
32	4	1
32	8	1
32	11	1
32	15	1
32	17	1
32	19	3
32	24	2
32	27	2
32	28	2
32	29	1
32	30	1
33	1	1
33	2	1
33	4	1
33	10	1
33	11	1
33	13	1
33	24	1
33	28	4
33	29	1
33	30	4
33	31	1
33	32	1
34	0	1
34	2	1
34	4	1
34	5	1
34	8	1
34	9	2
34	13	1
34	14	1
34	17	1
34	20	1
34	24	2
34	27	1
34	28	2
34	31	1
34	32	1
34	33	3
35	1	1
35	2	2
35	8	1
35	10	2
35	11	1
35	12	1
35	16	3
35	18	1
35	19	1
35	22	2
35	28	1
35	29	1
35	30	1
35	31	4
35	32	1
35	34	1
36	2	1
36	4	1
36	6	1
36	8	1
36	11	1
36	13	4
36	14	1
36	15	1
36	16	1
36	17	1
36	18	1
36	24	1
36	30	1
36	32	2
36	35	1
37	5	1
37	8	2
37	11	1
37	12	1
37	13	3
37	17	1
37	18	2
37	19	1
37	20	3
37	21	1
37	22	1
37	24	3
37	26	1
37	27	2
37	28	5
37	29	1
37	32	1
37	33	1
37	34	2
37	35	2
37	36	2
38	0	1
38	2	1
38	5	1
38	8	2
38	12	1
38	13	1
38	14	1
38	16	4
38	19	1
38	24	1
38	26	2
38	27	1
38	30	2
38	31	1
38	33	1
38	35	1
38	36	1
38	37	3
39	3	2
39	9	1
39	11	1
39	12	1
39	14	1
39	15	1
39	19	2
39	20	1
39	21	1
39	28	2
39	30	1
39	31	1
39	35	2
39	36	1
39	37	1
39	38	7
40	1	1
40	2	1
40	3	1
40	8	1
40	16	3
40	17	1
40	22	1
40	26	1
40	27	1
40	28	3
40	29	1
40	30	2
40	31	1
40	32	1
40	33	1
40	35	4
40	36	2
40	37	2
40	38	6
41	3	1
41	4	1
41	5	1
41	7	1
41	8	2
41	9	1
41	10	1
41	31	1
41	33	1
41	35	1
41	36	1
41	37	4
41	38	3
41	39	2
41	40	6
42	4	2
42	12	1
42	13	1
42	15	1
42	16	1
42	19	1
42	21	1
42	28	2
42	29	1
42	31	2
42	32	1
42	33	1
42	34	1
42	35	4
42	39	1
42	40	3
42	41	2
43	2	1
43	7	1
43	9	1
43	10	2
43	13	2
43	15	1
43	20	1
43	21	1
43	28	1
43	30	2
43	31	2
43	32	1
43	36	1
43	38	2
43	39	2
43	41	1
43	42	3
44	6	1
44	9	2
44	18	1
44	20	1
44	27	2
44	29	1
44	30	2
44	32	1
44	34	1
44	35	1
44	38	1
44	40	2
44	42	2
44	43	4
45	3	1
45	12	1
45	19	2
45	27	1
45	29	2
45	30	1
45	31	2
45	35	1
45	38	2
45	39	1
45	40	1
45	41	1
45	42	1
45	43	3
46	4	1
46	5	1
46	8	1
46	12	2
46	13	1
46	18	1
46	22	1
46	26	1
46	28	1
46	29	2
46	30	1
46	32	1
46	33	1
46	38	3
46	43	4
46	44	2
46	45	1
47	5	1
47	11	1
47	13	2
47	16	1
47	18	1
47	23	1
47	27	1
47	28	2
47	30	1
47	37	1
47	38	2
47	40	1
47	43	1
48	13	1
48	15	1
48	36	1
48	39	1
48	40	1
48	41	1
48	43	1
48	44	1
48	47	3
49	4	1
49	8	1
49	11	1
49	14	1
49	15	1
49	19	1
49	24	1
49	27	1
49	28	1
49	29	1
49	32	1
49	34	1
49	38	1
49	39	1
49	40	2
49	41	1
49	42	3
49	43	1
49	46	1
49	48	1
50	4	1
50	8	1
50	9	1
50	10	1
50	14	2
50	30	1
50	31	1
50	37	1
50	44	1
50	45	1
50	48	2
50	49	2
51	5	1
51	8	1
51	13	2
51	14	1
51	17	1
51	19	1
51	36	1
51	38	2
51	41	3
51	43	1
51	46	1
51	47	1
51	48	2
51	49	1
52	6	1
52	8	1
52	11	2
52	15	1
52	18	3
52	23	1
52	26	1
52	27	1
52	28	1
52	35	1
52	37	1
52	38	1
52	39	2
52	40	2
52	41	1
52	44	1
52	46	2
52	49	1
52	51	5
53	3	1
53	11	1
53	13	2
53	16	1
53	18	1
53	22	1
53	27	1
53	28	1
53	30	1
53	33	1
53	35	1
53	38	1
53	40	1
53	42	2
53	45	1
53	47	1
53	48	1
53	49	3
53	50	1
53	51	3
53	52	3
54	0	1
54	1	3
54	2	1
54	4	1
54	8	1
54	13	1
54	17	1
54	19	1
54	30	2
54	32	2
54	36	2
54	37	1
54	41	1
54	43	4
54	45	2
54	46	1
54	47	5
54	49	1
54	50	1
54	52	1
54	53	4
55	0	1
55	4	1
55	5	2
55	8	1
55	11	1
55	13	1
55	14	1
55	17	1
55	21	2
55	30	2
55	36	1
55	37	3
55	38	1
55	41	1
55	42	1
55	43	1
55	44	2
55	45	4
55	48	1
55	49	1
55	53	2
55	54	2
56	8	1
56	10	1
56	13	1
56	26	1
56	28	1
56	30	2
56	35	1
56	36	1
56	39	2
56	40	1
56	41	2
56	43	2
56	44	3
56	46	3
56	47	1
56	50	1
56	54	2
56	55	1
57	0	1
57	11	1
57	12	1
57	16	1
57	17	1
57	23	1
57	27	1
57	29	1
57	30	1
57	34	1
57	37	1
57	41	1
57	42	1
57	45	2
57	49	3
57	50	1
57	52	2
57	53	1
57	54	1
57	56	5
58	13	1
58	14	1
58	15	2
58	26	1
58	27	1
58	30	1
58	31	1
58	35	1
58	37	1
58	42	2
58	43	1
58	44	1
58	46	1
58	49	1
58	50	1
58	54	3
58	56	1
59	8	1
59	9	2
59	12	1
59	17	1
59	27	1
59	28	1
59	30	2
59	31	1
59	34	1
59	35	1
59	36	1
59	37	1
59	38	1
59	39	1
59	42	2
59	44	4
59	45	2
59	46	2
59	51	2
59	54	1
59	56	2
59	57	1
60	1	1
60	4	1
60	11	1
60	12	1
60	14	1
60	15	1
60	20	1
60	22	1
60	27	1
60	28	2
60	34	1
60	35	2
60	37	3
60	38	1
60	40	1
60	41	2
60	43	1
60	44	2
60	45	1
60	46	1
60	47	1
60	49	2
60	51	2
60	52	7
60	53	1
60	55	1
60	56	2
60	57	1
