1	0	2
2	1	2
4	1	2
4	3	2
5	0	1
5	3	1
5	4	2
6	0	1
6	1	1
6	4	2
6	5	4
7	4	1
7	6	1
8	0	1
8	1	1
8	2	1
8	4	2
8	5	1
8	6	1
8	7	1
9	1	1
9	2	2
9	4	3
9	5	1
9	6	1
9	7	1
9	8	2
10	0	1
10	2	1
10	7	1
10	8	2
10	9	5
11	1	2
11	2	1
11	4	1
11	5	1
11	6	1
11	10	2
12	1	1
12	4	3
12	6	2
12	9	1
12	10	2
12	11	3
13	5	1
13	10	2
13	11	1
13	12	4
14	3	1
14	5	1
14	13	2
15	4	2
15	7	1
15	10	1
15	11	1
15	12	1
15	14	6
16	2	2
16	9	1
16	10	4
16	11	1
16	12	1
16	14	2
16	15	1
17	4	1
17	9	1
17	10	2
17	13	3
17	14	1
17	15	2
17	16	1
18	5	1
18	6	2
18	7	2
18	8	1
18	13	1
18	17	1
19	1	1
19	3	1
19	4	2
19	6	1
19	8	1
19	10	3
19	12	2
19	13	1
19	18	4
20	1	1
20	3	1
20	4	1
20	6	2
20	9	2
20	13	1
20	16	1
20	18	2
20	19	3
21	7	1
21	8	1
21	9	3
21	10	1
21	11	2
21	12	1
21	17	1
21	19	3
21	20	3
22	1	1
22	4	1
22	5	4
22	8	1
22	12	1
22	13	2
22	15	1
22	17	2
22	18	2
22	19	1
22	20	4
22	21	2
23	0	1
23	2	1
23	6	1
23	8	2
23	14	1
23	18	1
23	19	1
23	21	2
23	22	1
24	3	1
24	4	1
24	7	1
24	9	1
24	20	1
24	21	2
24	22	1
24	23	2
25	17	1
26	1	1
26	3	1
26	6	1
26	10	1
26	14	1
26	17	1
26	19	2
27	4	1
27	8	1
27	9	1
27	10	1
27	14	1
27	15	1
27	16	1
27	19	1
27	21	1
27	26	2
28	3	1
28	4	1
28	10	1
28	12	1
28	13	1
28	14	1
28	16	1
28	17	1
28	18	2
28	19	2
28	20	1
28	21	2
28	27	1
29	1	1
29	3	1
29	9	2
29	13	1
29	14	1
29	17	1
29	19	1
29	20	1
29	22	1
29	24	1
29	27	1
29	28	1
30	0	1
30	13	3
30	14	1
30	16	1
30	17	2
30	18	1
30	19	1
30	21	1
30	28	1
31	3	1
31	5	2
31	8	2
31	10	1
31	13	2
31	14	1
31	16	1
31	19	1
31	21	1
31	22	2
31	24	1
31	27	1
31	30	4
32	4	1
32	9	1
32	13	1
32	15	1
32	16	1
32	17	1
32	18	1
32	20	2
32	23	2
32	24	2
32	26	1
32	28	2
32	30	1
32	31	3
33	3	1
33	5	1
33	7	1
33	8	1
33	13	3
33	15	1
33	16	1
33	18	1
33	19	1
33	20	3
33	24	2
33	29	3
33	32	1
34	2	1
34	5	2
34	8	1
34	11	1
34	14	1
34	16	1
34	17	2
34	18	1
34	22	1
34	24	1
34	27	1
34	30	1
34	33	3
35	6	1
35	8	1
35	10	1
35	12	2
35	13	2
35	15	1
35	16	1
35	18	2
35	19	1
35	20	1
35	27	1
35	28	4
35	29	2
35	34	1
36	1	2
36	2	1
36	4	2
36	6	1
36	8	2
36	9	1
36	10	2
36	11	1
36	12	1
36	13	3
36	21	2
36	28	1
36	29	1
36	34	1
37	2	1
37	3	1
37	4	1
37	6	1
37	9	3
37	10	1
37	11	1
37	12	1
37	14	1
37	18	1
37	19	1
37	20	1
37	21	1
37	26	1
37	28	2
37	30	1
37	32	1
37	34	1
37	35	2
37	36	1
38	0	1
38	5	1
38	8	1
38	10	2
38	11	1
38	14	2
38	16	1
38	17	1
38	18	1
38	19	1
38	20	1
38	27	2
38	28	4
38	33	1
38	34	1
38	35	2
38	36	3
38	37	2
39	4	1
39	11	1
39	12	1
39	13	2
39	14	1
39	15	1
39	16	2
39	18	1
39	20	1
39	23	2
39	27	1
39	28	3
39	31	3
39	35	1
39	38	5
40	1	1
40	3	1
40	4	2
40	5	1
40	7	1
40	8	1
40	9	2
40	10	2
40	14	1
40	15	1
40	17	2
40	18	2
40	21	1
40	22	2
40	23	1
40	24	1
40	26	1
40	28	1
40	29	1
40	30	1
40	31	1
40	35	2
40	36	1
40	37	1
40	38	2
40	39	2
41	3	1
41	7	1
41	8	1
41	9	1
41	10	1
41	11	2
41	12	2
41	14	1
41	16	1
41	19	1
41	20	2
41	29	2
41	30	1
41	31	1
41	33	1
41	35	3
41	36	1
41	37	2
41	40	3
42	4	2
42	5	1
42	7	1
42	9	2
42	12	2
42	13	1
42	16	1
42	17	1
42	19	1
42	21	1
42	23	1
42	26	1
42	27	1
42	28	2
42	29	2
42	30	1
42	31	2
42	32	1
42	35	1
42	37	1
42	38	1
42	39	3
42	41	1
43	4	1
43	9	1
43	12	1
43	15	2
43	17	1
43	22	1
43	26	1
43	29	1
43	31	2
43	32	1
43	33	1
43	34	1
43	36	1
43	38	1
43	39	1
43	40	1
43	41	1
43	42	4
44	1	1
44	2	2
44	8	1
44	10	2
44	29	1
44	32	1
44	36	1
44	39	1
44	43	1
45	0	2
45	1	1
45	4	3
45	10	1
45	13	1
45	20	1
45	27	1
45	28	2
45	29	1
45	34	1
45	35	1
45	39	1
45	40	1
45	42	2
45	43	4
45	44	2
46	1	2
46	4	1
46	8	1
46	10	1
46	12	2
46	13	1
46	15	1
46	26	1
46	28	1
46	29	1
46	34	1
46	36	1
46	37	1
46	38	3
46	40	1
46	41	2
46	43	5
46	44	1
46	45	1
47	3	1
47	12	1
47	17	1
47	20	1
47	27	1
47	37	1
47	38	1
47	39	1
47	41	1
47	42	2
47	45	3
47	46	1
48	8	1
48	13	1
48	15	1
48	20	1
48	27	2
48	35	2
48	36	1
48	39	1
48	40	1
48	41	1
48	44	1
48	47	3
49	0	1
49	1	1
49	2	2
49	5	1
49	10	1
49	13	2
49	15	1
49	17	1
49	18	4
49	23	2
49	24	1
49	28	1
49	30	2
49	32	1
49	36	1
49	38	2
49	41	2
49	42	2
49	45	1
49	46	2
49	47	1
49	48	3
50	22	1
50	28	2
50	35	2
50	38	1
50	39	1
50	40	1
50	41	2
50	46	1
50	49	1
51	7	1
51	10	1
51	20	1
51	27	1
51	31	4
51	33	1
51	38	1
51	39	1
51	41	1
51	43	2
51	45	1
51	47	2
51	48	1
51	49	2
51	50	1
52	8	2
52	9	1
52	12	1
52	13	1
52	15	1
52	17	1
52	18	1
52	19	1
52	23	1
52	31	1
52	32	1
52	33	1
52	35	2
52	38	2
52	39	2
52	41	2
52	43	1
52	44	1
52	46	1
52	47	1
52	49	1
52	50	2
52	51	4
53	4	3
53	9	1
53	10	1
53	13	1
53	14	1
53	16	1
53	20	1
53	22	1
53	27	1
53	35	3
53	37	1
53	38	2
53	41	1
53	42	2
53	43	1
53	44	1
53	49	6
53	50	3
53	51	1
54	3	1
54	9	1
54	11	1
54	13	1
54	14	1
54	15	1
54	16	1
54	18	1
54	28	1
54	33	1
54	35	2
54	36	1
54	39	1
54	40	2
54	41	1
54	43	1
54	45	2
54	46	3
54	47	1
54	48	1
54	50	1
54	52	2
54	53	1
55	0	1
55	3	1
55	4	1
55	5	1
55	10	3
55	11	1
55	13	1
55	18	1
55	22	1
55	28	1
55	32	1
55	34	1
55	38	1
55	39	1
55	41	2
55	42	2
55	44	2
55	45	2
55	46	1
55	47	1
55	48	3
55	49	1
55	52	1
55	53	1
55	54	4
56	5	1
56	9	1
56	12	1
56	13	1
56	15	1
56	18	1
56	30	1
56	34	2
56	36	1
56	37	1
56	41	1
56	44	2
56	45	1
56	46	1
56	47	1
56	48	3
56	49	2
56	52	2
56	53	2
56	54	1
57	2	3
57	4	1
57	6	1
57	8	1
57	10	1
57	13	1
57	14	1
57	17	1
57	22	1
57	28	1
57	30	2
57	36	1
57	44	3
57	45	1
57	46	1
57	47	1
57	49	4
57	50	1
57	51	1
57	52	2
57	53	1
57	54	1
57	55	1
58	0	2
58	4	2
58	10	1
58	15	1
58	17	1
58	18	2
58	28	1
58	36	1
58	37	1
58	40	1
58	42	1
58	43	1
58	45	1
58	46	1
58	49	1
58	51	1
58	53	2
58	56	1
58	57	1
59	3	1
59	4	1
59	7	1
59	8	1
59	13	1
59	14	2
59	20	1
59	30	1
59	31	1
59	34	1
59	35	2
59	38	1
59	39	1
59	40	1
59	41	1
59	43	2
59	44	2
59	45	2
59	47	1
59	49	1
59	50	1
59	51	1
59	52	2
59	54	2
59	55	2
59	58	1
60	1	2
60	5	2
60	7	1
60	10	1
60	12	1
60	15	2
60	18	1
60	27	2
60	29	1
60	31	1
60	34	1
60	38	1
60	39	5
60	40	1
60	42	1
60	45	1
60	46	1
60	47	1
60	51	1
60	52	5
60	53	5
60	55	1
60	57	1
60	58	3
60	59	1
