1	0	2
2	1	2
4	2	1
4	3	2
5	2	1
5	4	3
6	4	1
6	5	1
7	4	1
7	6	3
8	0	1
8	2	2
8	4	3
8	5	3
8	6	5
9	2	1
9	3	1
9	4	3
9	6	1
9	7	2
9	8	1
10	2	1
10	3	1
10	4	5
10	6	1
10	8	1
10	9	2
11	1	1
11	2	1
11	4	1
11	5	1
11	6	1
11	10	4
12	3	1
12	4	1
12	7	1
12	9	1
12	10	2
12	11	1
13	1	1
13	2	1
13	3	1
13	6	1
13	7	1
13	10	2
14	1	2
14	3	1
14	7	1
14	9	1
14	12	2
14	13	1
15	5	1
15	7	1
15	8	1
15	9	1
15	10	1
15	12	1
15	13	1
15	14	3
16	3	1
16	4	1
16	6	1
16	8	1
16	10	1
16	11	1
16	12	2
16	13	2
17	3	1
17	5	1
17	8	2
17	10	1
17	14	2
17	15	3
17	16	1
18	4	1
18	5	1
18	8	1
18	9	1
18	10	1
18	11	1
18	13	1
18	15	1
19	5	1
19	6	1
19	8	3
19	10	1
19	12	2
19	13	3
19	14	1
19	16	2
19	17	1
19	18	2
20	4	2
20	5	1
20	6	2
20	7	1
20	8	1
20	9	1
20	14	1
20	18	2
20	19	2
21	5	1
21	7	2
21	9	1
21	12	1
21	13	1
21	18	1
21	19	2
21	20	3
22	5	2
22	7	1
22	8	2
22	9	1
22	10	1
22	12	2
22	13	1
22	15	1
22	18	1
22	19	3
22	20	1
22	21	2
23	4	1
23	9	1
23	13	1
23	18	1
23	21	3
23	22	1
24	2	1
24	5	1
24	6	1
24	8	1
24	9	1
24	11	1
24	13	1
24	19	1
24	20	3
24	22	4
24	23	5
26	3	1
26	13	1
26	14	1
26	19	1
26	20	1
27	7	1
27	13	1
27	14	2
27	18	1
27	19	2
27	24	2
28	1	2
28	3	1
28	4	1
28	8	1
28	9	1
28	13	1
28	14	1
28	15	1
28	16	2
28	17	1
28	18	1
28	21	1
28	24	2
28	26	1
28	27	1
29	2	1
29	5	1
29	12	1
29	13	1
29	14	1
29	24	1
29	28	1
30	5	1
30	12	1
30	13	1
30	19	2
30	20	1
30	21	1
30	22	1
30	29	3
31	13	1
31	21	1
31	24	2
31	27	1
31	28	2
31	30	2
32	5	1
32	6	1
32	8	1
32	14	2
32	17	1
32	26	1
32	28	4
32	30	2
32	31	2
33	3	1
33	4	1
33	5	2
33	6	1
33	10	1
33	11	1
33	13	1
33	15	1
33	16	1
33	19	1
33	30	2
33	31	1
33	32	1
34	1	1
34	5	1
34	11	1
34	13	1
34	18	1
34	20	1
34	21	1
34	27	1
34	31	1
34	32	1
34	33	3
35	1	1
35	5	1
35	6	1
35	8	2
35	9	2
35	10	1
35	13	1
35	16	1
35	19	4
35	20	2
35	21	1
35	24	1
35	27	1
35	28	1
35	29	1
35	30	1
35	32	1
35	33	2
35	34	1
36	1	1
36	4	2
36	8	3
36	9	2
36	10	1
36	11	1
36	12	2
36	13	1
36	16	3
36	17	1
36	19	2
36	21	1
36	22	1
36	25	1
36	30	1
36	31	1
36	33	1
36	35	3
37	3	2
37	4	1
37	8	1
37	9	1
37	12	2
37	13	1
37	14	1
37	16	2
37	17	1
37	18	1
37	19	1
37	22	1
37	29	1
37	30	1
37	31	1
37	35	1
37	36	2
38	2	1
38	4	1
38	7	2
38	10	1
38	15	1
38	16	2
38	18	1
38	19	1
38	22	1
38	23	1
38	24	1
38	28	1
38	29	1
38	31	2
38	36	1
38	37	4
39	1	1
39	2	1
39	3	1
39	6	1
39	7	2
39	10	2
39	13	1
39	16	1
39	17	1
39	18	2
39	19	1
39	20	1
39	23	1
39	24	1
39	27	1
39	29	1
39	31	1
39	32	1
39	34	2
39	35	2
39	36	1
39	37	6
39	38	6
40	1	1
40	2	1
40	3	1
40	4	1
40	9	1
40	10	3
40	13	1
40	16	1
40	18	2
40	21	1
40	23	1
40	28	3
40	29	1
40	30	2
40	31	1
40	33	1
40	34	1
40	36	1
40	37	2
40	38	6
40	39	4
41	1	1
41	3	2
41	5	1
41	6	1
41	9	1
41	12	1
41	15	2
41	21	1
41	22	1
41	24	1
41	26	1
41	27	2
41	28	3
41	30	1
41	31	2
41	33	2
41	36	1
41	37	1
41	38	2
41	40	2
42	3	1
42	6	1
42	8	1
42	10	2
42	14	1
42	18	1
42	21	1
42	22	1
42	26	1
42	27	1
42	28	3
42	30	1
42	32	1
42	33	1
42	35	1
42	38	1
42	40	1
42	41	1
43	1	1
43	3	1
43	4	1
43	9	1
43	12	1
43	13	1
43	14	1
43	16	2
43	24	2
43	32	1
43	33	2
43	34	1
43	35	1
43	36	3
43	38	1
43	40	3
43	41	3
43	42	4
44	4	1
44	5	1
44	7	2
44	9	1
44	17	2
44	18	2
44	20	1
44	28	1
44	31	2
44	36	1
44	38	1
44	39	1
44	40	1
44	43	1
45	4	1
45	9	2
45	11	1
45	13	2
45	18	1
45	19	1
45	24	1
45	27	1
45	28	1
45	31	1
45	39	1
45	40	2
45	43	5
45	44	5
46	1	1
46	5	1
46	13	1
46	15	1
46	28	2
46	30	1
46	31	1
46	33	2
46	35	2
46	41	2
46	43	1
46	44	2
46	45	1
47	3	1
47	4	2
47	9	1
47	14	1
47	19	2
47	23	2
47	29	1
47	37	1
47	44	1
47	45	3
47	46	1
48	2	1
48	13	2
48	28	1
48	35	1
48	36	2
48	37	2
48	38	1
48	40	1
48	41	1
48	42	3
48	44	1
48	45	1
48	46	1
48	47	1
49	1	1
49	6	2
49	8	1
49	10	1
49	16	1
49	23	1
49	28	2
49	29	2
49	31	2
49	33	1
49	34	1
49	37	1
49	38	1
49	40	1
49	43	1
49	45	1
49	46	1
49	48	1
50	1	2
50	4	1
50	9	1
50	13	1
50	14	1
50	15	2
50	19	1
50	27	1
50	31	1
50	38	2
50	46	1
50	47	3
50	48	1
51	4	1
51	8	1
51	10	1
51	18	1
51	32	1
51	35	1
51	37	2
51	38	2
51	39	1
51	40	1
51	41	2
51	45	1
51	46	1
51	48	1
51	49	2
51	50	1
52	4	1
52	6	1
52	12	1
52	13	2
52	16	1
52	17	1
52	18	1
52	21	1
52	26	2
52	27	1
52	28	2
52	32	1
52	36	1
52	38	1
52	42	1
52	44	2
52	46	1
52	48	2
52	49	1
52	50	2
52	51	4
53	2	1
53	3	1
53	9	1
53	10	1
53	12	1
53	17	1
53	20	1
53	28	3
53	31	1
53	36	1
53	39	1
53	40	1
53	42	1
53	44	1
53	46	2
53	48	1
53	49	1
53	50	1
53	52	1
54	1	1
54	10	1
54	11	1
54	12	1
54	13	3
54	27	1
54	28	2
54	30	1
54	32	1
54	33	1
54	36	2
54	37	1
54	38	3
54	41	1
54	42	1
54	45	3
54	46	4
54	47	1
54	48	1
54	49	2
54	51	1
54	53	1
55	8	1
55	9	1
55	16	1
55	17	1
55	20	3
55	22	1
55	28	1
55	29	2
55	32	1
55	34	1
55	35	1
55	36	1
55	38	1
55	39	1
55	40	2
55	41	2
55	43	1
55	47	2
55	49	1
55	50	1
55	51	1
55	52	1
55	53	1
55	54	2
56	3	1
56	8	1
56	10	1
56	15	1
56	18	1
56	21	1
56	27	1
56	28	1
56	29	1
56	34	1
56	35	1
56	36	1
56	37	1
56	38	1
56	42	1
56	43	1
56	45	2
56	47	3
56	50	1
56	52	1
57	0	1
57	2	1
57	11	1
57	12	1
57	17	1
57	28	1
57	30	1
57	37	1
57	38	2
57	42	1
57	44	1
57	47	1
57	48	2
57	49	1
57	51	1
57	54	1
58	1	2
58	4	1
58	9	2
58	10	2
58	13	1
58	14	1
58	15	1
58	19	1
58	24	1
58	28	1
58	31	1
58	32	1
58	35	1
58	37	1
58	38	2
58	41	1
58	43	1
58	46	2
58	47	2
58	50	2
58	53	1
58	56	2
59	2	1
59	3	1
59	10	1
59	13	1
59	14	1
59	16	1
59	17	1
59	31	1
59	32	1
59	33	1
59	34	1
59	35	1
59	37	1
59	38	4
59	39	1
59	40	2
59	41	1
59	43	2
59	44	1
59	45	1
59	46	1
59	47	2
59	49	1
59	51	1
59	52	2
59	54	2
59	55	1
59	56	3
59	58	3
60	1	1
60	2	1
60	3	1
60	8	1
60	10	2
60	14	2
60	15	1
60	16	1
60	18	3
60	19	1
60	20	1
60	26	1
60	30	1
60	34	1
60	35	2
60	37	1
60	38	2
60	39	1
60	40	1
60	45	2
60	49	3
60	51	2
60	52	3
60	53	1
60	55	1
60	56	1
60	58	1
