1	0	5
2	0	3
2	1	9
3	0	3
3	1	5
3	2	7
4	0	2
4	1	3
4	2	1
4	3	4
5	0	1
5	3	3
5	4	8
6	0	2
6	1	1
6	2	2
6	4	7
6	5	8
7	3	3
7	4	6
7	5	2
7	6	6
8	0	5
8	1	3
8	2	3
8	3	8
8	4	12
8	5	7
8	6	9
8	7	8
9	0	1
9	1	7
9	2	1
9	3	2
9	4	6
9	5	6
9	6	3
9	7	4
9	8	6
10	0	3
10	1	2
10	2	4
10	3	4
10	4	6
10	5	2
10	6	2
10	7	3
10	8	5
10	9	10
11	1	1
11	2	2
11	3	2
11	4	3
11	5	4
11	7	2
11	8	1
11	9	4
11	10	7
12	1	4
12	3	3
12	4	1
12	5	2
12	6	3
12	7	2
12	8	4
12	9	3
12	10	6
12	11	4
13	0	1
13	2	1
13	3	1
13	4	2
13	5	2
13	6	4
13	7	1
13	8	6
13	9	6
13	11	7
13	12	7
14	1	1
14	2	1
14	3	2
14	4	1
14	5	1
14	6	2
14	7	3
14	8	3
14	9	2
14	10	2
14	11	2
14	12	2
14	13	11
15	2	2
15	7	5
15	9	2
15	10	3
15	11	2
15	12	2
15	13	4
15	14	14
16	1	1
16	3	1
16	4	5
16	5	5
16	6	1
16	7	3
16	8	6
16	9	1
16	10	3
16	11	1
16	12	2
16	13	9
16	14	3
16	15	3
17	1	3
17	2	1
17	3	2
17	4	2
17	5	2
17	7	1
17	8	6
17	9	2
17	10	7
17	11	4
17	12	2
17	13	2
17	14	9
17	15	5
17	16	9
18	1	4
18	2	2
18	3	4
18	4	3
18	5	1
18	6	2
18	7	3
18	8	3
18	9	5
18	10	4
18	11	2
18	12	1
18	13	5
18	14	3
18	15	1
18	16	3
18	17	3
19	0	1
19	1	2
19	2	1
19	3	1
19	4	4
19	5	5
19	6	4
19	7	1
19	8	7
19	9	9
19	10	4
19	11	2
19	12	3
19	13	4
19	14	4
19	15	3
19	16	7
19	17	6
19	18	14
20	1	1
20	2	1
20	3	3
20	4	3
20	5	5
20	6	5
20	7	3
20	8	3
20	9	1
20	10	4
20	11	3
20	12	3
20	13	5
20	14	3
20	16	2
20	17	7
20	18	7
20	19	13
21	0	1
21	2	2
21	3	2
21	4	5
21	5	4
21	6	2
21	7	4
21	8	4
21	9	3
21	10	3
21	11	1
21	12	2
21	13	2
21	14	3
21	15	2
21	17	4
21	18	9
21	19	11
21	20	4
22	1	3
22	2	1
22	3	2
22	4	5
22	5	4
22	6	6
22	7	2
22	8	3
22	9	3
22	10	6
22	11	3
22	13	3
22	14	3
22	15	1
22	16	1
22	17	3
22	18	6
22	19	3
22	20	9
22	21	10
23	0	3
23	1	2
23	3	1
23	4	2
23	5	1
23	6	1
23	7	2
23	8	7
23	9	2
23	10	2
23	11	2
23	12	2
23	13	1
23	14	1
23	15	1
23	16	3
23	19	4
23	20	4
23	21	6
23	22	8
24	1	1
24	2	1
24	3	1
24	4	2
24	5	3
24	7	4
24	9	4
24	13	2
24	14	1
24	15	2
24	16	3
24	17	1
24	18	1
24	19	3
24	20	1
24	21	7
24	22	8
24	23	11
25	6	1
25	8	1
25	9	1
25	12	1
25	15	1
25	19	2
25	21	1
26	1	3
26	2	1
26	8	1
26	15	1
26	16	1
26	17	1
26	18	1
26	19	1
26	24	2
27	3	3
27	4	2
27	5	5
27	6	1
27	7	1
27	10	1
27	11	5
27	12	3
27	13	2
27	14	2
27	15	2
27	16	1
27	18	1
27	19	5
27	20	3
27	21	5
27	22	4
27	23	3
27	24	6
27	26	1
28	0	1
28	1	1
28	2	3
28	3	1
28	4	1
28	5	1
28	6	3
28	7	4
28	8	1
28	9	3
28	10	2
28	11	8
28	12	1
28	13	5
28	14	1
28	15	4
28	16	5
28	17	3
28	18	3
28	19	5
28	20	4
28	21	4
28	23	6
28	24	4
28	26	1
28	27	4
29	1	1
29	3	2
29	4	3
29	5	2
29	6	2
29	7	4
29	8	1
29	9	1
29	10	3
29	11	2
29	12	3
29	13	1
29	14	3
29	15	1
29	16	3
29	18	7
29	19	4
29	20	2
29	21	4
29	22	2
29	23	2
29	24	4
29	27	3
30	1	4
30	2	2
30	3	1
30	4	2
30	5	4
30	6	1
30	8	4
30	9	2
30	10	2
30	11	1
30	12	1
30	13	3
30	14	2
30	15	2
30	16	2
30	18	3
30	19	3
30	20	5
30	21	3
30	22	3
30	23	2
30	24	1
30	26	1
30	27	2
30	28	4
30	29	9
31	2	2
31	3	3
31	4	8
31	8	1
31	11	1
31	12	1
31	13	2
31	14	1
31	15	2
31	16	3
31	18	1
31	19	1
31	20	1
31	21	2
31	22	1
31	23	3
31	26	1
31	27	2
31	28	10
31	29	1
31	30	14
32	1	1
32	2	1
32	3	1
32	5	1
32	6	1
32	8	3
32	9	2
32	10	2
32	12	1
32	13	4
32	16	3
32	17	3
32	18	6
32	19	1
32	20	1
32	21	4
32	22	8
32	23	4
32	24	2
32	26	2
32	27	1
32	28	10
32	29	4
32	30	6
32	31	6
33	1	3
33	2	1
33	4	2
33	6	5
33	7	2
33	8	6
33	9	5
33	10	1
33	11	1
33	12	1
33	13	6
33	14	1
33	15	2
33	16	3
33	17	2
33	18	3
33	19	2
33	20	3
33	21	3
33	22	2
33	24	2
33	26	1
33	27	1
33	28	7
33	29	1
33	30	6
33	31	2
33	32	9
34	0	3
34	1	1
34	2	1
34	3	1
34	4	7
34	5	1
34	6	1
34	7	3
34	8	4
34	9	1
34	10	3
34	12	2
34	13	2
34	14	3
34	15	1
34	16	2
34	17	4
34	18	4
34	20	3
34	21	5
34	22	7
34	23	1
34	24	4
34	25	2
34	27	2
34	28	7
34	29	3
34	30	5
34	31	2
34	32	4
34	33	13
35	1	1
35	2	5
35	3	2
35	4	4
35	6	1
35	8	6
35	9	4
35	10	7
35	11	3
35	12	1
35	13	6
35	14	6
35	15	1
35	16	7
35	17	2
35	18	9
35	19	6
35	20	7
35	21	7
35	22	6
35	23	3
35	26	1
35	27	6
35	28	9
35	29	4
35	30	1
35	31	2
35	32	5
35	33	4
35	34	5
36	1	1
36	2	1
36	3	1
36	4	2
36	5	1
36	7	2
36	8	1
36	9	4
36	10	2
36	11	1
36	12	4
36	13	6
36	14	3
36	15	2
36	16	2
36	17	2
36	18	4
36	19	1
36	20	1
36	24	1
36	26	1
36	28	3
36	29	3
36	30	5
36	31	1
36	32	1
36	33	3
36	34	2
36	35	6
37	0	1
37	1	1
37	2	5
37	4	4
37	6	3
37	8	5
37	9	1
37	10	4
37	11	2
37	12	4
37	13	7
37	14	1
37	15	2
37	16	6
37	17	4
37	18	5
37	19	5
37	20	2
37	21	5
37	22	4
37	23	3
37	24	2
37	25	1
37	26	1
37	27	3
37	28	9
37	29	2
37	30	4
37	31	5
37	32	5
37	33	3
37	34	5
37	35	12
37	36	3
38	0	2
38	1	1
38	2	1
38	3	1
38	4	3
38	5	3
38	7	1
38	8	3
38	9	4
38	10	2
38	11	5
38	12	5
38	13	5
38	14	2
38	15	7
38	16	2
38	17	6
38	18	3
38	19	5
38	20	1
38	21	1
38	22	6
38	23	2
38	25	1
38	26	5
38	27	3
38	28	14
38	29	4
38	30	4
38	31	2
38	32	5
38	33	4
38	34	3
38	35	7
38	36	5
38	37	14
39	1	2
39	3	4
39	4	3
39	5	4
39	7	1
39	8	3
39	9	1
39	10	4
39	11	1
39	12	3
39	13	7
39	14	5
39	15	2
39	16	6
39	18	6
39	19	4
39	20	3
39	21	4
39	22	2
39	23	1
39	24	3
39	26	2
39	27	5
39	28	7
39	29	2
39	30	6
39	31	4
39	32	2
39	33	4
39	34	2
39	35	3
39	37	14
39	38	19
40	1	1
40	3	4
40	4	3
40	5	2
40	6	3
40	7	2
40	8	5
40	9	2
40	10	2
40	11	1
40	12	4
40	13	3
40	14	4
40	16	4
40	17	5
40	18	4
40	19	6
40	20	2
40	21	1
40	22	3
40	23	2
40	24	1
40	25	1
40	27	4
40	28	6
40	29	2
40	30	5
40	31	4
40	32	4
40	33	5
40	34	2
40	35	6
40	36	4
40	37	8
40	38	16
40	39	6
41	1	2
41	2	3
41	3	2
41	4	2
41	8	2
41	9	3
41	10	1
41	11	5
41	12	1
41	13	5
41	14	1
41	17	2
41	18	2
41	19	4
41	20	3
41	21	1
41	22	1
41	24	2
41	25	1
41	26	1
41	27	6
41	28	6
41	29	2
41	30	4
41	31	6
41	32	2
41	33	4
41	34	3
41	35	1
41	36	4
41	37	2
41	38	9
41	39	4
41	40	13
42	0	2
42	4	1
42	6	4
42	7	1
42	8	4
42	9	1
42	10	3
42	11	2
42	13	1
42	14	1
42	15	4
42	16	2
42	17	3
42	18	2
42	19	2
42	20	1
42	21	1
42	22	1
42	23	1
42	24	1
42	28	7
42	29	3
42	30	3
42	31	6
42	32	5
42	33	7
42	34	2
42	35	1
42	36	2
42	37	2
42	38	6
42	39	2
42	40	5
42	41	9
43	1	2
43	3	3
43	4	2
43	5	1
43	6	1
43	8	1
43	9	2
43	10	2
43	12	3
43	13	2
43	14	3
43	15	1
43	16	4
43	17	2
43	18	5
43	19	2
43	20	2
43	21	3
43	23	1
43	24	1
43	25	1
43	26	2
43	27	1
43	28	3
43	29	2
43	30	1
43	31	4
43	32	1
43	33	1
43	34	3
43	35	5
43	36	1
43	38	1
43	39	3
43	40	1
43	41	8
43	42	8
44	0	2
44	1	3
44	4	3
44	5	1
44	7	1
44	8	2
44	11	2
44	12	1
44	13	3
44	14	1
44	16	2
44	17	1
44	18	2
44	19	3
44	20	1
44	21	1
44	26	2
44	27	1
44	28	3
44	29	2
44	30	3
44	31	5
44	32	3
44	33	2
44	35	1
44	36	2
44	37	1
44	38	4
44	39	2
44	40	3
44	41	5
44	42	3
44	43	13
45	2	1
45	3	3
45	4	2
45	5	1
45	8	2
45	9	2
45	10	2
45	13	3
45	14	3
45	17	4
45	24	2
45	27	2
45	28	6
45	29	2
45	30	3
45	31	5
45	32	1
45	35	2
45	36	4
45	37	3
45	38	4
45	39	1
45	40	1
45	41	3
45	42	3
45	43	10
45	44	10
46	1	3
46	3	2
46	5	2
46	7	1
46	8	2
46	9	1
46	10	2
46	12	1
46	13	2
46	15	5
46	18	4
46	19	1
46	21	2
46	22	1
46	27	4
46	28	2
46	30	2
46	31	4
46	33	2
46	34	4
46	35	3
46	36	3
46	37	1
46	38	2
46	40	1
46	41	4
46	42	2
46	43	2
46	44	5
46	45	8
47	1	2
47	3	1
47	4	3
47	5	4
47	7	1
47	8	3
47	10	1
47	11	4
47	12	1
47	13	2
47	14	2
47	15	2
47	16	1
47	17	1
47	18	1
47	19	1
47	20	2
47	23	1
47	24	2
47	27	1
47	28	3
47	29	1
47	30	1
47	31	1
47	32	3
47	33	2
47	34	1
47	35	2
47	37	2
47	39	2
47	40	1
47	41	2
47	42	7
47	43	6
47	44	7
47	45	1
47	46	11
48	0	1
48	1	1
48	3	2
48	8	1
48	10	1
48	11	1
48	12	1
48	13	4
48	15	2
48	23	2
48	25	1
48	27	1
48	28	2
48	31	3
48	35	2
48	36	1
48	37	3
48	38	2
48	40	1
48	41	2
48	43	2
48	44	2
48	46	7
48	47	13
49	0	1
49	1	2
49	2	2
49	3	5
49	4	1
49	5	3
49	6	1
49	9	3
49	10	1
49	11	1
49	12	1
49	14	2
49	15	2
49	16	2
49	17	2
49	18	3
49	19	3
49	20	1
49	21	2
49	23	1
49	24	2
49	27	2
49	28	4
49	29	2
49	30	1
49	31	3
49	32	1
49	33	3
49	34	3
49	35	4
49	36	5
49	37	1
49	38	3
49	39	4
49	40	1
49	41	2
49	42	2
49	43	5
49	44	3
49	45	2
49	46	3
49	47	10
49	48	12
50	0	2
50	1	4
50	3	2
50	4	2
50	8	3
50	10	2
50	12	2
50	13	1
50	14	1
50	15	6
50	18	1
50	22	2
50	25	1
50	27	3
50	28	2
50	30	1
50	31	2
50	32	3
50	35	1
50	36	5
50	37	2
50	38	3
50	39	1
50	40	3
50	41	2
50	42	2
50	43	2
50	44	3
50	46	2
50	47	3
50	48	1
50	49	17
51	1	2
51	5	1
51	8	1
51	9	1
51	10	2
51	11	1
51	12	3
51	13	2
51	14	1
51	15	4
51	16	1
51	18	3
51	19	3
51	24	1
51	26	3
51	27	1
51	28	3
51	30	3
51	31	2
51	32	1
51	33	1
51	34	5
51	35	5
51	36	1
51	37	1
51	38	1
51	39	3
51	40	1
51	41	1
51	42	3
51	43	2
51	44	2
51	45	2
51	46	1
51	47	2
51	49	2
51	50	9
52	4	1
52	6	1
52	8	1
52	9	1
52	10	3
52	11	3
52	12	3
52	13	3
52	14	3
52	15	2
52	16	2
52	17	2
52	18	1
52	21	3
52	23	1
52	24	1
52	26	1
52	27	2
52	28	1
52	29	2
52	30	1
52	31	2
52	32	1
52	33	1
52	34	2
52	35	3
52	36	3
52	37	2
52	38	4
52	39	4
52	40	1
52	41	1
52	42	2
52	43	1
52	44	4
52	45	2
52	46	1
52	47	4
52	49	11
52	50	12
52	51	21
53	1	1
53	2	1
53	4	4
53	5	1
53	8	3
53	9	2
53	10	2
53	11	1
53	13	1
53	14	2
53	15	1
53	16	3
53	17	2
53	18	3
53	19	1
53	24	2
53	26	2
53	27	1
53	28	6
53	29	2
53	30	3
53	32	2
53	33	3
53	34	4
53	35	1
53	36	4
53	37	3
53	38	5
53	39	6
53	40	3
53	41	5
53	42	2
53	43	3
53	44	1
53	45	5
53	46	2
53	47	3
53	48	12
53	49	11
53	50	4
53	51	6
53	52	7
54	1	4
54	2	1
54	3	2
54	5	1
54	6	1
54	8	3
54	9	2
54	11	1
54	12	3
54	13	3
54	14	1
54	15	2
54	16	1
54	17	2
54	18	1
54	19	3
54	26	2
54	27	2
54	28	2
54	29	1
54	30	2
54	31	1
54	32	3
54	33	4
54	34	4
54	36	2
54	37	3
54	38	5
54	39	3
54	40	2
54	41	2
54	42	1
54	43	4
54	44	2
54	45	10
54	46	10
54	47	3
54	48	2
54	49	8
54	50	4
54	51	2
54	52	2
54	53	2
55	0	1
55	1	3
55	2	2
55	3	1
55	4	4
55	5	1
55	8	1
55	9	3
55	10	2
55	11	1
55	12	3
55	13	4
55	14	1
55	15	1
55	17	2
55	18	2
55	19	5
55	20	2
55	21	2
55	25	1
55	27	3
55	28	2
55	29	1
55	30	2
55	31	2
55	32	2
55	33	4
55	34	1
55	35	3
55	36	3
55	37	1
55	38	5
55	39	4
55	40	2
55	41	7
55	42	1
55	43	1
55	44	4
55	45	1
55	46	5
55	47	6
55	48	3
55	49	6
55	50	5
55	51	2
55	52	1
55	53	4
55	54	17
56	3	2
56	4	1
56	5	2
56	6	1
56	8	1
56	9	3
56	10	2
56	11	3
56	12	1
56	13	1
56	15	3
56	18	2
56	19	2
56	22	1
56	27	2
56	28	3
56	29	2
56	30	1
56	31	1
56	32	3
56	34	2
56	35	1
56	36	3
56	37	1
56	38	7
56	39	5
56	40	2
56	41	4
56	42	3
56	43	6
56	44	5
56	45	6
56	46	13
56	47	4
56	48	6
56	49	6
56	50	2
56	51	5
56	52	3
56	53	4
56	54	3
56	55	2
57	0	2
57	2	2
57	3	2
57	4	3
57	8	3
57	9	1
57	10	1
57	11	1
57	12	1
57	14	1
57	16	4
57	17	3
57	18	2
57	19	1
57	22	1
57	23	2
57	24	1
57	27	1
57	28	3
57	29	1
57	30	2
57	31	2
57	32	2
57	33	1
57	34	2
57	35	1
57	36	1
57	37	2
57	38	2
57	39	4
57	40	4
57	41	2
57	42	1
57	43	1
57	44	4
57	45	3
57	46	5
57	47	5
57	48	7
57	49	2
57	50	2
57	51	4
57	52	6
57	53	10
57	54	3
57	55	5
57	56	8
58	3	1
58	4	3
58	9	2
58	10	2
58	12	1
58	13	2
58	14	1
58	15	2
58	19	3
58	20	1
58	23	1
58	24	1
58	25	1
58	27	5
58	28	5
58	29	1
58	30	3
58	31	1
58	32	2
58	33	1
58	35	2
58	36	2
58	37	1
58	38	2
58	39	1
58	40	3
58	41	2
58	42	2
58	43	3
58	44	2
58	45	2
58	46	9
58	47	2
58	48	2
58	49	9
58	50	1
58	51	4
58	52	2
58	53	4
58	54	1
58	55	3
58	56	3
58	57	2
59	1	2
59	2	1
59	3	2
59	4	2
59	5	1
59	7	1
59	8	4
59	9	2
59	10	5
59	11	2
59	12	2
59	13	2
59	15	4
59	16	2
59	17	2
59	19	3
59	20	1
59	21	3
59	22	2
59	24	2
59	26	3
59	27	2
59	28	6
59	30	5
59	31	4
59	32	1
59	33	2
59	35	3
59	36	1
59	37	4
59	38	5
59	39	3
59	40	4
59	41	6
59	42	7
59	43	6
59	44	2
59	45	4
59	46	5
59	47	2
59	48	3
59	49	3
59	50	3
59	51	2
59	52	3
59	53	2
59	54	2
59	55	5
59	56	3
59	57	5
59	58	9
60	1	2
60	2	5
60	3	3
60	4	1
60	5	3
60	7	6
60	8	5
60	9	2
60	11	4
60	12	3
60	13	2
60	14	2
60	15	1
60	16	2
60	17	2
60	18	2
60	19	1
60	20	1
60	21	3
60	22	3
60	24	1
60	26	3
60	27	1
60	28	2
60	29	2
60	30	1
60	31	2
60	32	3
60	33	1
60	34	2
60	35	5
60	36	4
60	37	2
60	38	3
60	39	9
60	40	4
60	41	4
60	42	4
60	43	5
60	44	3
60	45	3
60	46	1
60	47	1
60	48	5
60	49	6
60	50	3
60	51	11
60	52	14
60	53	15
60	54	3
60	55	4
60	56	4
60	57	6
60	58	6
60	59	5
