1	0	7
2	0	1
2	1	9
3	0	3
3	1	4
3	2	5
4	1	4
4	2	4
4	3	9
5	0	2
5	1	2
5	2	3
5	3	2
5	4	9
6	0	3
6	1	3
6	2	1
6	3	2
6	4	1
6	5	9
7	1	1
7	2	2
7	3	1
7	4	7
7	5	1
7	6	13
8	1	3
8	2	3
8	3	1
8	4	16
8	5	5
8	6	7
8	7	6
9	1	3
9	2	2
9	3	2
9	4	9
9	5	3
9	6	5
9	7	1
9	8	9
10	0	3
10	1	1
10	2	3
10	3	2
10	4	3
10	5	4
10	6	3
10	7	2
10	8	7
10	9	7
11	1	1
11	3	1
11	4	5
11	5	2
11	6	2
11	7	1
11	8	4
11	9	4
11	10	7
12	1	3
12	2	2
12	3	2
12	4	5
12	5	5
12	6	3
12	7	3
12	8	2
12	9	3
12	10	9
12	11	15
13	0	3
13	1	1
13	2	2
13	3	2
13	4	1
13	5	2
13	8	3
13	9	7
13	10	2
13	11	3
13	12	3
14	1	3
14	2	1
14	3	2
14	4	1
14	5	2
14	8	1
14	9	2
14	10	8
14	11	3
14	12	3
14	13	7
15	2	3
15	4	1
15	5	3
15	6	4
15	7	2
15	8	2
15	10	4
15	11	2
15	12	4
15	13	4
15	14	9
16	2	1
16	4	2
16	5	1
16	6	1
16	7	3
16	8	2
16	9	2
16	10	4
16	11	5
16	12	2
16	13	13
16	14	7
16	15	3
17	2	1
17	3	1
17	4	2
17	5	4
17	7	4
17	8	2
17	9	2
17	10	7
17	11	2
17	12	3
17	13	3
17	14	3
17	15	5
17	16	11
18	0	2
18	1	3
18	2	3
18	3	6
18	4	1
18	5	3
18	6	3
18	7	4
18	8	2
18	9	1
18	10	6
18	11	1
18	12	3
18	13	4
18	14	4
18	15	3
18	16	6
18	17	5
19	1	1
19	2	3
19	3	2
19	4	4
19	5	7
19	6	1
19	7	7
19	8	10
19	9	4
19	10	2
19	11	3
19	12	2
19	13	8
19	14	7
19	15	1
19	16	4
19	17	2
19	18	12
20	1	1
20	2	2
20	3	2
20	4	4
20	5	4
20	6	5
20	7	6
20	8	3
20	9	5
20	10	3
20	11	2
20	12	1
20	13	4
20	14	3
20	16	2
20	17	2
20	18	6
20	19	6
21	0	1
21	1	2
21	2	2
21	3	1
21	4	3
21	5	4
21	7	3
21	8	5
21	9	2
21	10	3
21	11	7
21	12	1
21	13	2
21	14	5
21	15	1
21	16	2
21	17	3
21	18	3
21	19	4
21	20	8
22	1	4
22	2	2
22	4	3
22	5	5
22	6	6
22	7	2
22	8	3
22	9	2
22	10	3
22	11	1
22	12	1
22	13	2
22	14	3
22	15	2
22	16	1
22	17	2
22	18	2
22	19	6
22	20	8
22	21	11
23	0	1
23	2	3
23	3	1
23	4	1
23	5	6
23	6	4
23	7	5
23	8	2
23	9	1
23	10	1
23	11	1
23	12	1
23	13	4
23	14	2
23	15	5
23	16	1
23	18	2
23	19	4
23	20	5
23	21	5
23	22	4
24	4	2
24	5	1
24	6	4
24	8	2
24	9	2
24	10	1
24	11	1
24	12	1
24	13	2
24	14	3
24	15	2
24	16	1
24	17	2
24	18	4
24	19	4
24	20	3
24	21	5
24	22	3
24	23	10
25	4	1
25	6	1
25	8	2
25	17	1
25	21	1
26	1	1
26	2	1
26	3	3
26	6	3
26	8	1
26	10	1
26	14	2
26	15	4
26	16	3
26	17	1
26	18	2
26	19	2
26	20	1
26	24	4
27	3	2
27	4	4
27	5	2
27	6	1
27	7	3
27	8	2
27	9	4
27	10	3
27	11	2
27	12	2
27	13	2
27	15	2
27	16	1
27	17	3
27	18	3
27	19	3
27	20	4
27	21	4
27	22	2
27	23	3
27	24	2
27	25	1
27	26	2
28	0	2
28	1	2
28	2	1
28	3	2
28	4	2
28	5	1
28	6	2
28	7	1
28	8	1
28	9	1
28	10	3
28	11	4
28	12	4
28	13	7
28	14	9
28	16	1
28	18	3
28	19	3
28	20	2
28	22	1
28	23	3
28	24	3
28	27	4
29	1	1
29	2	3
29	3	3
29	4	6
29	5	4
29	6	1
29	7	3
29	8	2
29	9	1
29	10	3
29	12	2
29	13	2
29	14	2
29	16	1
29	17	3
29	18	2
29	20	2
29	21	3
29	22	2
29	23	3
29	24	1
29	27	4
29	28	3
30	0	3
30	1	1
30	2	4
30	3	4
30	4	2
30	5	5
30	7	2
30	8	5
30	9	3
30	10	2
30	12	2
30	14	1
30	15	2
30	17	3
30	18	4
30	20	2
30	21	3
30	22	4
30	23	1
30	24	2
30	26	1
30	27	3
30	28	4
30	29	4
31	1	2
31	2	4
31	3	1
31	5	2
31	8	2
31	9	6
31	10	3
31	12	1
31	13	1
31	15	1
31	16	2
31	17	4
31	18	2
31	20	2
31	21	1
31	22	2
31	23	1
31	24	2
31	26	5
31	27	3
31	28	5
31	29	6
31	30	12
32	1	2
32	4	1
32	5	3
32	8	4
32	10	3
32	11	2
32	12	3
32	13	2
32	14	4
32	15	1
32	16	3
32	17	3
32	19	1
32	20	2
32	21	1
32	23	2
32	26	2
32	27	4
32	28	7
32	29	4
32	30	3
33	1	3
33	2	2
33	3	3
33	4	2
33	5	2
33	6	2
33	7	1
33	8	1
33	9	1
33	10	2
33	11	1
33	12	3
33	13	4
33	14	2
33	15	3
33	16	3
33	17	3
33	18	4
33	19	2
33	20	6
33	21	4
33	22	2
33	23	2
33	24	9
33	26	1
33	27	4
33	28	10
33	29	3
33	30	4
33	31	6
33	32	4
34	1	2
34	2	3
34	3	2
34	4	5
34	5	5
34	6	3
34	7	2
34	8	5
34	9	4
34	11	3
34	12	1
34	14	2
34	15	2
34	16	6
34	17	2
34	18	5
34	19	5
34	20	6
34	21	2
34	22	3
34	23	2
34	24	6
34	27	2
34	28	4
34	29	4
34	30	2
34	31	2
34	32	2
34	33	8
35	2	2
35	3	3
35	4	6
35	5	3
35	6	2
35	7	1
35	8	9
35	9	6
35	11	2
35	12	2
35	13	5
35	14	3
35	15	3
35	16	4
35	17	2
35	18	10
35	19	5
35	20	5
35	21	6
35	22	7
35	23	5
35	24	4
35	26	2
35	27	7
35	28	15
35	29	4
35	31	2
35	32	1
35	33	1
35	34	5
36	0	2
36	1	1
36	2	2
36	3	2
36	4	6
36	5	4
36	6	1
36	8	1
36	9	6
36	10	7
36	11	3
36	12	3
36	13	5
36	15	2
36	16	2
36	17	1
36	18	1
36	19	5
36	21	1
36	22	3
36	24	1
36	25	1
36	26	1
36	29	2
36	30	1
36	31	1
36	32	1
36	33	3
36	35	5
37	0	1
37	1	1
37	2	3
37	4	4
37	5	1
37	6	1
37	8	5
37	9	4
37	10	5
37	11	2
37	12	4
37	13	7
37	14	3
37	15	1
37	16	5
37	17	5
37	18	12
37	19	6
37	20	1
37	21	2
37	23	3
37	26	2
37	27	2
37	28	6
37	29	2
37	30	5
37	31	5
37	33	2
37	35	13
37	36	5
38	0	1
38	1	2
38	2	1
38	3	2
38	4	4
38	5	3
38	6	1
38	7	1
38	8	1
38	9	3
38	10	1
38	11	3
38	12	3
38	13	3
38	14	5
38	15	1
38	16	5
38	17	4
38	18	2
38	19	1
38	20	4
38	21	7
38	22	5
38	26	1
38	27	5
38	28	20
38	29	3
38	30	4
38	31	4
38	32	3
38	33	2
38	34	1
38	35	8
38	36	1
38	37	12
39	1	3
39	3	1
39	4	5
39	5	2
39	6	2
39	7	2
39	8	3
39	9	5
39	10	3
39	11	1
39	12	6
39	13	4
39	14	1
39	16	3
39	17	1
39	18	5
39	19	3
39	20	4
39	21	1
39	22	2
39	23	3
39	27	4
39	28	5
39	29	1
39	30	3
39	31	5
39	32	2
39	33	4
39	34	1
39	35	7
39	36	6
39	37	8
39	38	14
40	2	2
40	3	2
40	5	2
40	6	1
40	7	1
40	8	4
40	9	2
40	11	2
40	12	3
40	13	3
40	14	1
40	15	3
40	16	4
40	18	2
40	19	3
40	20	4
40	21	1
40	22	1
40	23	3
40	24	2
40	27	2
40	28	15
40	29	5
40	30	3
40	31	3
40	32	6
40	33	5
40	34	4
40	35	7
40	36	9
40	37	3
40	38	14
40	39	6
41	1	2
41	2	2
41	3	3
41	6	1
41	7	1
41	8	1
41	9	1
41	10	3
41	11	2
41	12	2
41	13	3
41	15	3
41	16	3
41	17	2
41	18	2
41	19	3
41	20	4
41	21	4
41	22	1
41	23	4
41	24	2
41	27	2
41	28	4
41	29	1
41	30	7
41	31	7
41	32	2
41	33	1
41	34	3
41	36	4
41	37	3
41	38	11
41	39	6
41	40	12
42	4	2
42	5	1
42	6	3
42	8	1
42	10	2
42	11	1
42	12	1
42	13	1
42	14	3
42	15	1
42	16	1
42	17	2
42	18	1
42	19	3
42	20	1
42	22	3
42	26	2
42	27	3
42	28	7
42	29	1
42	30	5
42	31	6
42	32	4
42	33	2
42	34	2
42	35	4
42	36	3
42	37	1
42	38	4
42	39	3
42	40	6
42	41	8
43	1	4
43	2	1
43	4	1
43	5	1
43	7	1
43	9	3
43	10	4
43	11	1
43	12	3
43	13	2
43	14	1
43	15	2
43	17	2
43	18	2
43	19	2
43	21	3
43	22	1
43	23	4
43	24	3
43	25	1
43	26	1
43	27	2
43	28	4
43	29	1
43	30	1
43	31	4
43	32	3
43	33	2
43	34	2
43	35	1
43	36	2
43	37	1
43	38	5
43	39	4
43	40	6
43	41	6
43	42	5
44	0	1
44	1	1
44	2	1
44	3	1
44	4	1
44	5	1
44	6	2
44	7	1
44	10	2
44	11	1
44	13	1
44	18	1
44	20	1
44	26	1
44	27	2
44	28	6
44	29	3
44	30	3
44	31	3
44	32	6
44	33	4
44	34	1
44	35	6
44	36	3
44	38	1
44	39	1
44	40	4
44	41	4
44	42	7
44	43	9
45	1	1
45	2	1
45	3	1
45	5	1
45	7	1
45	8	3
45	9	1
45	10	2
45	12	2
45	13	2
45	14	2
45	17	2
45	18	1
45	19	1
45	20	1
45	23	3
45	27	1
45	28	4
45	29	3
45	30	8
45	31	7
45	32	8
45	33	2
45	34	3
45	35	3
45	36	2
45	37	2
45	38	2
45	39	1
45	40	2
45	41	4
45	42	2
45	43	8
45	44	10
46	0	3
46	1	2
46	2	1
46	4	2
46	5	2
46	7	3
46	8	2
46	9	3
46	10	2
46	12	1
46	13	4
46	14	2
46	18	2
46	19	1
46	21	1
46	26	2
46	28	4
46	29	4
46	30	4
46	31	4
46	32	1
46	33	1
46	34	1
46	35	1
46	36	1
46	37	2
46	38	1
46	39	2
46	40	5
46	41	3
46	42	6
46	43	3
46	44	3
46	45	7
47	1	1
47	2	3
47	3	2
47	4	3
47	5	1
47	8	3
47	9	2
47	10	2
47	12	1
47	13	1
47	14	1
47	15	1
47	16	1
47	17	1
47	18	3
47	23	2
47	24	1
47	27	2
47	28	2
47	29	3
47	30	1
47	32	3
47	33	3
47	34	2
47	35	2
47	36	4
47	38	3
47	39	3
47	40	3
47	41	4
47	42	4
47	43	3
47	44	1
47	45	6
47	46	10
48	2	1
48	3	3
48	4	3
48	6	1
48	8	2
48	10	4
48	11	1
48	12	3
48	13	1
48	14	1
48	28	3
48	30	4
48	35	1
48	36	1
48	38	1
48	39	1
48	40	4
48	41	4
48	42	3
48	43	3
48	45	5
48	46	3
48	47	7
49	0	1
49	1	2
49	2	3
49	3	4
49	4	4
49	5	3
49	6	3
49	7	1
49	10	1
49	11	2
49	12	1
49	13	2
49	14	1
49	15	6
49	16	1
49	17	4
49	18	1
49	19	2
49	20	1
49	21	2
49	23	2
49	24	3
49	27	1
49	28	2
49	29	3
49	30	4
49	31	2
49	32	4
49	33	2
49	35	3
49	36	3
49	37	7
49	38	9
49	39	5
49	40	8
49	41	1
49	42	3
49	43	4
49	44	5
49	45	1
49	46	6
49	47	5
49	48	6
50	1	3
50	3	1
50	4	2
50	5	1
50	8	4
50	9	2
50	10	1
50	12	2
50	13	3
50	14	2
50	15	2
50	18	1
50	23	1
50	26	1
50	27	1
50	28	1
50	29	2
50	30	2
50	31	3
50	32	1
50	35	3
50	37	2
50	38	1
50	39	1
50	40	1
50	41	1
50	42	4
50	43	1
50	44	4
50	45	1
50	46	3
50	47	5
50	48	3
50	49	7
51	1	3
51	10	3
51	11	1
51	12	3
51	13	3
51	14	3
51	15	2
51	16	1
51	18	1
51	19	1
51	23	2
51	24	1
51	26	2
51	27	2
51	28	2
51	32	4
51	33	1
51	34	1
51	35	5
51	36	4
51	37	2
51	38	3
51	39	4
51	40	4
51	41	1
51	42	1
51	43	1
51	44	2
51	45	3
51	46	1
51	47	5
51	48	2
51	49	6
51	50	5
52	0	2
52	4	2
52	6	4
52	7	1
52	8	2
52	9	1
52	10	1
52	11	2
52	12	2
52	13	2
52	14	1
52	15	1
52	16	1
52	17	4
52	19	2
52	20	1
52	21	1
52	26	3
52	27	2
52	28	5
52	29	2
52	30	2
52	31	1
52	32	3
52	33	1
52	34	1
52	35	3
52	36	3
52	37	2
52	38	2
52	39	3
52	40	5
52	41	1
52	42	1
52	43	1
52	45	4
52	46	4
52	47	6
52	48	4
52	49	10
52	50	4
52	51	20
53	1	2
53	2	1
53	3	1
53	5	2
53	7	1
53	8	1
53	9	3
53	10	5
53	11	2
53	12	4
53	13	1
53	14	1
53	15	2
53	16	1
53	17	2
53	18	4
53	19	3
53	20	2
53	22	1
53	24	1
53	26	2
53	27	3
53	28	2
53	29	1
53	30	3
53	31	4
53	32	1
53	33	1
53	35	3
53	36	2
53	37	1
53	38	5
53	39	6
53	40	4
53	41	3
53	42	1
53	43	2
53	44	3
53	45	4
53	46	3
53	47	5
53	48	3
53	49	9
53	50	5
53	51	13
53	52	14
54	0	1
54	1	1
54	2	2
54	3	3
54	4	4
54	5	1
54	8	3
54	9	1
54	10	3
54	11	2
54	12	2
54	13	1
54	14	2
54	15	3
54	16	2
54	17	1
54	19	2
54	20	1
54	28	3
54	29	4
54	30	3
54	31	3
54	33	3
54	34	2
54	35	1
54	36	4
54	37	3
54	38	6
54	39	4
54	40	5
54	41	2
54	42	2
54	43	1
54	44	6
54	45	6
54	46	8
54	47	12
54	48	10
54	49	12
54	50	6
54	51	1
54	52	2
54	53	7
55	0	1
55	1	3
55	2	4
55	3	3
55	4	4
55	5	2
55	8	2
55	10	2
55	11	1
55	12	3
55	13	5
55	15	1
55	16	4
55	17	1
55	18	1
55	22	3
55	24	1
55	25	1
55	27	1
55	28	2
55	29	1
55	30	2
55	31	2
55	32	1
55	33	1
55	34	2
55	35	5
55	36	2
55	37	1
55	39	2
55	40	5
55	41	2
55	42	5
55	43	1
55	44	1
55	45	5
55	46	9
55	47	8
55	48	3
55	49	3
55	50	4
55	51	3
55	52	2
55	53	3
55	54	14
56	3	2
56	4	4
56	8	3
56	9	2
56	13	3
56	18	1
56	19	1
56	20	3
56	26	2
56	27	2
56	28	4
56	29	3
56	30	3
56	31	3
56	33	4
56	35	4
56	38	4
56	39	2
56	40	3
56	41	2
56	42	1
56	43	2
56	44	3
56	45	1
56	46	6
56	47	7
56	48	5
56	49	7
56	50	9
56	51	1
56	53	12
56	54	3
56	55	1
57	2	4
57	4	1
57	8	3
57	9	1
57	10	3
57	11	1
57	12	1
57	13	2
57	14	4
57	15	3
57	16	2
57	17	1
57	18	2
57	19	3
57	22	7
57	23	1
57	27	6
57	28	3
57	29	2
57	30	2
57	31	3
57	32	2
57	33	1
57	34	3
57	35	4
57	37	3
57	38	5
57	39	3
57	40	5
57	41	4
57	42	2
57	43	2
57	44	5
57	45	6
57	46	5
57	47	9
57	48	6
57	49	10
57	50	5
57	51	4
57	52	3
57	53	3
57	54	5
57	55	7
57	56	7
58	1	1
58	4	3
58	10	2
58	12	1
58	14	1
58	15	2
58	17	1
58	18	1
58	19	1
58	23	1
58	24	1
58	27	1
58	28	3
58	29	1
58	30	5
58	32	1
58	33	1
58	34	2
58	35	3
58	36	4
58	37	4
58	38	1
58	39	2
58	40	5
58	41	4
58	42	3
58	43	8
58	44	2
58	45	1
58	46	2
58	47	2
58	48	2
58	49	5
58	50	2
58	51	1
58	52	2
58	53	5
58	54	3
58	55	2
58	56	4
58	57	9
59	2	1
59	3	1
59	4	4
59	5	2
59	7	1
59	8	2
59	9	2
59	10	1
59	11	1
59	12	1
59	13	3
59	14	2
59	15	2
59	16	4
59	17	2
59	18	2
59	19	1
59	21	3
59	22	2
59	24	1
59	26	1
59	28	5
59	29	3
59	30	1
59	31	4
59	32	2
59	33	3
59	34	2
59	35	2
59	36	1
59	37	3
59	38	3
59	39	1
59	40	3
59	41	8
59	42	9
59	43	6
59	44	3
59	45	8
59	46	4
59	47	4
59	48	2
59	49	4
59	52	2
59	53	2
59	54	2
59	55	4
59	56	1
59	57	4
59	58	10
60	0	2
60	1	2
60	2	3
60	3	2
60	4	1
60	5	3
60	7	3
60	8	2
60	10	1
60	11	3
60	12	3
60	13	2
60	14	3
60	15	2
60	16	3
60	17	3
60	19	4
60	20	5
60	21	2
60	24	2
60	27	3
60	28	3
60	29	4
60	30	2
60	31	2
60	32	2
60	33	1
60	34	3
60	35	3
60	36	4
60	37	4
60	38	5
60	39	11
60	40	7
60	41	2
60	42	1
60	43	4
60	44	3
60	45	4
60	46	6
60	47	9
60	48	3
60	49	6
60	50	8
60	51	22
60	52	11
60	53	10
60	54	7
60	55	5
60	56	2
60	57	5
60	58	2
60	59	4
