1	0	12
2	0	7
2	1	11
3	0	3
3	1	3
3	2	8
4	0	5
4	1	3
4	3	6
5	0	3
5	1	2
5	2	2
5	3	4
5	4	17
6	0	2
6	1	1
6	2	3
6	3	6
6	4	8
6	5	7
7	1	2
7	2	2
7	3	4
7	4	5
7	5	1
7	6	6
8	0	3
8	1	1
8	2	2
8	3	4
8	4	18
8	5	7
8	6	10
8	7	14
9	0	2
9	1	3
9	2	2
9	3	4
9	4	11
9	5	4
9	6	5
9	7	5
9	8	6
10	0	2
10	1	4
10	2	3
10	3	4
10	4	7
10	5	6
10	6	1
10	7	2
10	8	7
10	9	5
11	1	4
11	2	2
11	3	5
11	4	2
11	5	3
11	6	1
11	7	1
11	8	4
11	9	3
11	10	10
12	1	1
12	2	2
12	3	4
12	4	5
12	5	5
12	6	3
12	7	4
12	8	5
12	9	1
12	10	10
12	11	11
13	1	3
13	2	1
13	3	1
13	4	2
13	5	3
13	6	1
13	7	4
13	8	3
13	9	1
13	10	5
13	11	2
13	12	5
14	1	2
14	2	1
14	3	2
14	4	2
14	5	2
14	6	2
14	7	1
14	8	6
14	9	3
14	10	3
14	11	2
14	12	1
14	13	6
15	0	1
15	2	2
15	3	2
15	4	2
15	5	4
15	6	2
15	7	2
15	8	1
15	9	4
15	10	2
15	11	3
15	12	4
15	13	3
15	14	9
16	1	2
16	3	2
16	4	2
16	5	1
16	6	2
16	7	2
16	8	3
16	9	4
16	10	3
16	11	4
16	12	5
16	13	7
16	14	7
16	15	2
17	3	4
17	4	2
17	5	1
17	6	2
17	7	1
17	8	4
17	9	3
17	10	1
17	11	4
17	12	3
17	13	3
17	14	6
17	15	2
17	16	8
18	1	1
18	2	1
18	3	3
18	4	3
18	5	5
18	7	2
18	8	3
18	9	5
18	10	1
18	11	2
18	12	2
18	13	3
18	14	3
18	15	1
18	16	4
18	17	5
19	0	1
19	1	2
19	2	2
19	3	1
19	4	8
19	5	3
19	6	2
19	7	4
19	8	10
19	9	4
19	10	10
19	11	4
19	12	4
19	13	3
19	15	2
19	16	5
19	17	8
19	18	16
20	1	1
20	3	1
20	4	2
20	5	5
20	6	6
20	7	3
20	8	8
20	9	1
20	11	1
20	13	3
20	14	1
20	15	2
20	16	2
20	17	4
20	18	8
20	19	11
21	0	1
21	1	1
21	2	2
21	3	3
21	4	2
21	5	4
21	6	4
21	7	5
21	8	4
21	9	1
21	10	1
21	11	2
21	12	2
21	13	3
21	14	4
21	15	2
21	16	3
21	17	5
21	18	7
21	19	4
21	20	8
22	2	1
22	3	1
22	4	4
22	5	5
22	6	3
22	7	1
22	8	3
22	9	2
22	10	3
22	11	2
22	12	4
22	13	5
22	15	1
22	16	1
22	17	3
22	18	6
22	19	7
22	20	11
22	21	14
23	0	2
23	1	1
23	2	2
23	5	1
23	6	2
23	7	2
23	8	2
23	9	2
23	11	1
23	12	2
23	13	4
23	14	4
23	15	2
23	16	2
23	17	2
23	18	4
23	19	2
23	20	3
23	21	4
23	22	4
24	1	4
24	2	1
24	3	2
24	4	2
24	5	4
24	6	2
24	7	5
24	8	1
24	9	1
24	10	2
24	11	2
24	12	2
24	13	4
24	14	3
24	15	3
24	16	1
24	17	3
24	18	1
24	19	3
24	20	2
24	21	6
24	22	5
24	23	11
25	5	1
25	11	1
26	1	1
26	2	3
26	3	1
26	8	1
26	13	3
26	15	1
26	16	2
26	17	3
26	18	2
26	20	2
26	24	3
27	3	1
27	5	2
27	6	5
27	7	1
27	8	1
27	9	1
27	10	4
27	11	1
27	12	3
27	13	4
27	14	3
27	15	7
27	16	4
27	17	3
27	18	1
27	19	4
27	20	3
27	21	2
27	22	2
27	23	1
27	24	1
27	25	4
27	26	6
28	1	2
28	2	3
28	3	3
28	4	5
28	5	1
28	6	1
28	7	2
28	8	2
28	9	6
28	10	2
28	11	1
28	12	2
28	13	5
28	14	6
28	15	5
28	16	3
28	17	4
28	18	5
28	19	2
28	20	4
28	21	2
28	22	4
28	24	1
28	26	2
28	27	5
29	1	2
29	2	3
29	3	3
29	4	1
29	5	1
29	6	4
29	7	1
29	8	1
29	9	1
29	11	1
29	13	4
29	14	2
29	15	1
29	16	3
29	17	1
29	18	3
29	19	1
29	20	1
29	21	4
29	22	3
29	24	2
29	27	2
29	28	5
30	0	4
30	1	1
30	2	1
30	3	2
30	4	2
30	5	2
30	6	1
30	7	2
30	8	1
30	9	4
30	10	2
30	11	2
30	12	1
30	13	2
30	14	3
30	15	1
30	16	3
30	17	1
30	18	5
30	19	2
30	20	4
30	21	3
30	22	3
30	23	1
30	24	3
30	25	1
30	26	3
30	27	3
30	28	5
30	29	7
31	1	1
31	3	3
31	4	2
31	8	2
31	9	3
31	10	2
31	11	2
31	12	3
31	13	2
31	15	2
31	17	2
31	18	4
31	19	3
31	20	3
31	22	2
31	23	3
31	24	3
31	26	2
31	27	2
31	28	5
31	29	8
31	30	11
32	0	1
32	1	1
32	2	1
32	4	1
32	5	2
32	6	2
32	8	1
32	9	3
32	10	2
32	11	1
32	12	2
32	13	2
32	14	1
32	15	3
32	17	1
32	18	5
32	19	2
32	21	1
32	22	5
32	23	2
32	24	2
32	26	3
32	27	10
32	28	4
32	29	4
32	30	5
32	31	3
33	1	4
33	2	3
33	4	2
33	5	5
33	6	2
33	7	2
33	8	3
33	9	1
33	10	1
33	11	3
33	13	2
33	14	1
33	15	6
33	16	3
33	17	2
33	18	3
33	19	1
33	20	2
33	21	4
33	22	2
33	23	1
33	24	1
33	26	1
33	27	2
33	28	8
33	29	2
33	30	7
33	31	7
33	32	6
34	0	1
34	1	1
34	2	2
34	3	1
34	4	3
34	5	1
34	6	2
34	7	1
34	8	6
34	9	2
34	10	2
34	11	1
34	12	3
34	13	3
34	14	1
34	15	1
34	16	3
34	17	2
34	18	3
34	19	3
34	20	5
34	21	4
34	22	5
34	23	1
34	24	4
34	26	3
34	27	2
34	28	5
34	29	6
34	30	4
34	31	2
34	32	5
34	33	4
35	1	2
35	2	4
35	3	2
35	4	4
35	5	1
35	6	1
35	8	5
35	9	4
35	10	3
35	11	2
35	12	2
35	13	4
35	14	3
35	15	4
35	16	2
35	17	6
35	18	14
35	19	8
35	20	6
35	21	7
35	22	4
35	23	4
35	24	5
35	26	3
35	27	6
35	28	5
35	29	7
35	30	4
35	31	3
35	32	6
35	33	3
35	34	3
36	0	1
36	1	3
36	2	2
36	3	3
36	4	5
36	5	2
36	6	1
36	7	5
36	8	3
36	9	7
36	10	1
36	11	1
36	12	3
36	13	3
36	14	3
36	15	2
36	16	3
36	17	3
36	19	1
36	20	2
36	21	3
36	24	3
36	26	3
36	27	3
36	28	7
36	30	2
36	31	1
36	33	1
36	34	2
36	35	3
37	0	1
37	1	2
37	2	3
37	3	3
37	4	4
37	6	3
37	7	1
37	8	6
37	9	2
37	10	8
37	11	1
37	12	2
37	13	4
37	14	1
37	15	4
37	16	7
37	17	3
37	18	10
37	19	4
37	20	2
37	21	1
37	22	1
37	23	3
37	24	3
37	26	3
37	27	2
37	28	10
37	29	2
37	30	5
37	31	1
37	32	4
37	33	5
37	34	3
37	35	11
37	36	3
38	1	3
38	2	4
38	3	4
38	4	4
38	5	5
38	6	1
38	7	1
38	8	2
38	9	2
38	10	4
38	11	3
38	13	3
38	14	9
38	15	5
38	16	3
38	17	4
38	18	5
38	19	4
38	20	2
38	21	2
38	22	5
38	23	6
38	24	2
38	26	3
38	27	10
38	28	10
38	29	1
38	30	6
38	31	6
38	32	6
38	33	5
38	34	3
38	35	8
38	36	7
38	37	6
39	1	6
39	3	4
39	4	5
39	5	1
39	6	1
39	7	5
39	8	4
39	10	9
39	11	1
39	12	3
39	13	9
39	14	5
39	15	5
39	16	1
39	17	2
39	18	1
39	19	3
39	20	3
39	21	1
39	22	2
39	23	1
39	24	1
39	26	4
39	27	3
39	28	4
39	29	1
39	30	2
39	31	1
39	32	1
39	33	2
39	34	1
39	35	7
39	36	6
39	37	13
39	38	16
40	2	1
40	3	4
40	4	3
40	5	3
40	6	2
40	7	2
40	8	3
40	9	5
40	10	3
40	11	2
40	12	5
40	13	4
40	14	2
40	16	1
40	17	1
40	18	2
40	19	3
40	20	5
40	21	3
40	22	2
40	23	2
40	24	5
40	25	1
40	26	1
40	27	3
40	28	5
40	29	5
40	30	3
40	31	6
40	32	3
40	33	8
40	34	3
40	35	5
40	36	4
40	37	4
40	38	14
40	39	2
41	2	1
41	3	1
41	4	3
41	5	3
41	6	3
41	7	2
41	8	1
41	9	1
41	10	3
41	11	1
41	12	4
41	13	3
41	14	3
41	16	1
41	17	2
41	18	4
41	19	4
41	20	2
41	22	3
41	23	1
41	24	1
41	26	3
41	27	3
41	28	7
41	29	2
41	30	4
41	31	5
41	32	3
41	33	6
41	34	3
41	35	1
41	36	3
41	37	2
41	38	11
41	39	8
41	40	20
42	0	2
42	3	1
42	4	3
42	5	4
42	6	3
42	7	1
42	8	3
42	9	1
42	10	1
42	12	1
42	14	2
42	15	2
42	16	2
42	17	2
42	18	1
42	19	1
42	20	3
42	21	2
42	22	1
42	23	1
42	24	1
42	27	4
42	28	6
42	29	1
42	30	8
42	31	6
42	32	1
42	33	3
42	35	1
42	36	3
42	37	1
42	38	7
42	39	3
42	40	5
42	41	5
43	1	1
43	2	2
43	3	3
43	4	4
43	5	3
43	7	2
43	8	2
43	9	1
43	10	1
43	11	1
43	12	1
43	13	2
43	14	1
43	15	3
43	17	4
43	18	1
43	19	1
43	20	3
43	21	2
43	22	3
43	27	3
43	28	8
43	29	4
43	30	4
43	31	4
43	32	3
43	33	1
43	35	3
43	37	2
43	38	5
43	39	2
43	40	4
43	41	6
43	42	3
44	0	2
44	1	4
44	2	2
44	3	1
44	4	3
44	5	2
44	7	2
44	8	2
44	9	1
44	10	3
44	13	1
44	14	1
44	16	2
44	18	1
44	19	2
44	20	2
44	21	3
44	27	3
44	28	2
44	29	1
44	30	6
44	31	3
44	32	2
44	33	1
44	34	2
44	37	3
44	38	2
44	39	1
44	40	2
44	41	8
44	42	1
44	43	10
45	0	1
45	1	1
45	2	3
45	3	3
45	4	2
45	5	4
45	8	1
45	9	1
45	11	1
45	13	1
45	17	3
45	19	1
45	27	4
45	28	4
45	29	3
45	30	3
45	31	4
45	33	2
45	34	6
45	35	3
45	36	1
45	37	2
45	38	2
45	40	2
45	41	4
45	42	2
45	43	7
45	44	11
46	2	2
46	4	4
46	8	1
46	9	4
46	10	1
46	11	2
46	12	2
46	13	1
46	14	1
46	15	2
46	18	1
46	19	2
46	21	2
46	26	1
46	27	1
46	28	3
46	29	6
46	30	2
46	31	2
46	32	2
46	33	1
46	34	1
46	36	4
46	37	2
46	38	3
46	39	3
46	40	3
46	41	2
46	42	4
46	43	8
46	44	6
46	45	6
47	1	3
47	2	2
47	3	1
47	4	3
47	5	2
47	7	2
47	8	4
47	9	1
47	10	2
47	11	2
47	12	3
47	13	1
47	16	2
47	17	2
47	18	3
47	19	1
47	20	1
47	23	2
47	24	1
47	27	1
47	29	2
47	30	2
47	31	2
47	32	1
47	33	3
47	34	2
47	35	3
47	36	1
47	37	2
47	38	5
47	39	4
47	40	2
47	41	1
47	43	4
47	44	2
47	45	7
47	46	7
48	0	1
48	1	1
48	4	1
48	6	2
48	7	1
48	10	3
48	11	1
48	12	2
48	13	2
48	15	4
48	27	2
48	28	2
48	30	1
48	31	3
48	35	3
48	36	1
48	37	2
48	38	2
48	40	1
48	41	3
48	43	1
48	44	1
48	45	5
48	46	3
48	47	5
49	0	1
49	2	1
49	3	1
49	4	4
49	6	1
49	7	1
49	8	1
49	9	1
49	10	2
49	11	3
49	12	2
49	13	1
49	14	2
49	15	3
49	16	1
49	17	4
49	18	3
49	19	3
49	20	2
49	23	1
49	24	3
49	27	2
49	28	1
49	29	2
49	30	2
49	31	2
49	32	1
49	35	2
49	36	2
49	37	4
49	38	3
49	39	1
49	40	6
49	41	5
49	42	5
49	43	2
49	44	4
49	45	4
49	46	7
49	47	11
49	48	11
50	0	1
50	1	1
50	3	1
50	4	2
50	8	2
50	10	2
50	12	1
50	13	2
50	14	2
50	15	1
50	18	1
50	22	1
50	23	2
50	29	1
50	30	2
50	31	2
50	32	1
50	35	2
50	36	3
50	38	3
50	39	2
50	40	4
50	41	3
50	42	2
50	43	2
50	44	1
50	45	3
50	46	4
50	47	4
50	48	2
50	49	8
51	1	2
51	4	1
51	5	2
51	8	1
51	9	2
51	10	3
51	11	2
51	12	1
51	13	6
51	14	2
51	15	2
51	16	4
51	18	1
51	23	1
51	24	3
51	28	3
51	30	3
51	31	1
51	32	3
51	33	2
51	34	1
51	35	3
51	36	3
51	37	3
51	38	4
51	39	3
51	40	5
51	41	2
51	42	2
51	44	1
51	46	2
51	47	2
51	48	5
51	49	6
51	50	1
52	0	2
52	4	2
52	6	2
52	7	1
52	8	2
52	10	2
52	11	1
52	13	1
52	14	1
52	15	2
52	17	2
52	19	3
52	26	4
52	27	2
52	30	3
52	32	4
52	33	3
52	34	2
52	37	3
52	38	3
52	39	4
52	40	2
52	41	4
52	42	3
52	43	1
52	44	1
52	45	2
52	46	1
52	47	2
52	48	4
52	49	4
52	50	5
52	51	11
53	1	1
53	2	3
53	4	1
53	5	2
53	7	2
53	8	4
53	9	4
53	11	2
53	13	5
53	14	2
53	15	4
53	16	1
53	17	5
53	18	3
53	19	2
53	20	1
53	22	1
53	24	1
53	26	2
53	27	1
53	28	6
53	29	1
53	30	2
53	31	3
53	32	2
53	33	4
53	35	2
53	36	4
53	37	3
53	38	4
53	39	3
53	40	5
53	41	5
53	42	2
53	43	6
53	44	2
53	45	2
53	46	4
53	47	3
53	48	8
53	49	13
53	50	9
53	51	7
53	52	5
54	0	2
54	1	1
54	3	2
54	4	2
54	6	1
54	8	1
54	11	2
54	12	3
54	13	3
54	14	3
54	15	4
54	16	3
54	17	1
54	18	3
54	19	1
54	20	3
54	27	2
54	28	2
54	29	1
54	30	1
54	31	3
54	33	1
54	34	1
54	35	3
54	36	4
54	37	3
54	38	3
54	39	1
54	40	3
54	41	4
54	42	1
54	43	5
54	44	3
54	45	1
54	46	7
54	47	11
54	48	6
54	49	4
54	50	2
54	51	3
54	52	4
54	53	3
55	0	3
55	1	2
55	2	1
55	3	1
55	4	2
55	5	2
55	8	1
55	9	1
55	10	2
55	11	3
55	13	2
55	14	1
55	17	2
55	18	3
55	20	2
55	21	1
55	24	1
55	27	1
55	28	4
55	29	3
55	30	3
55	31	1
55	32	4
55	33	1
55	34	3
55	35	1
55	36	5
55	38	5
55	39	2
55	40	7
55	41	3
55	42	3
55	43	3
55	44	3
55	45	5
55	46	4
55	47	5
55	48	4
55	49	3
55	50	5
55	51	1
55	52	2
55	53	1
55	54	15
56	3	1
56	4	3
56	5	2
56	8	1
56	9	4
56	12	1
56	13	3
56	18	1
56	22	2
56	26	1
56	27	5
56	28	3
56	29	2
56	30	1
56	31	2
56	32	1
56	35	1
56	36	1
56	37	1
56	38	7
56	39	4
56	40	2
56	41	5
56	42	3
56	43	4
56	44	4
56	45	4
56	46	3
56	47	4
56	48	5
56	49	5
56	50	1
56	51	3
56	52	3
56	53	4
56	54	6
56	55	4
57	2	2
57	3	2
57	8	1
57	9	1
57	10	1
57	11	1
57	12	2
57	14	1
57	15	1
57	17	3
57	18	1
57	22	3
57	23	1
57	24	1
57	27	2
57	28	2
57	29	2
57	30	1
57	31	2
57	32	4
57	33	6
57	34	1
57	35	2
57	37	2
57	38	1
57	39	4
57	40	4
57	41	3
57	42	4
57	43	10
57	44	1
57	45	2
57	46	4
57	47	2
57	48	5
57	49	6
57	50	2
57	51	3
57	52	5
57	53	5
57	54	2
57	55	7
57	56	10
58	1	1
58	3	2
58	4	1
58	8	1
58	9	1
58	10	1
58	12	1
58	13	1
58	14	3
58	15	2
58	17	3
58	18	1
58	19	4
58	20	1
58	23	2
58	26	2
58	27	3
58	28	1
58	29	3
58	30	2
58	32	1
58	33	2
58	35	2
58	36	1
58	38	1
58	39	2
58	41	3
58	42	1
58	43	4
58	44	6
58	45	2
58	46	1
58	47	3
58	48	1
58	49	4
58	50	3
58	51	3
58	52	4
58	53	4
58	54	5
58	55	4
58	56	5
58	57	5
59	1	3
59	2	2
59	4	3
59	5	2
59	7	1
59	8	1
59	9	1
59	10	2
59	11	1
59	12	1
59	13	2
59	14	1
59	16	1
59	18	2
59	19	1
59	20	2
59	21	3
59	22	1
59	24	4
59	27	4
59	28	7
59	29	5
59	30	4
59	31	5
59	32	3
59	33	7
59	34	4
59	35	2
59	37	1
59	38	3
59	39	1
59	40	3
59	41	5
59	42	4
59	43	8
59	44	8
59	45	6
59	46	3
59	47	5
59	48	5
59	49	2
59	50	1
59	51	4
59	53	3
59	54	2
59	55	3
59	56	5
59	57	5
59	58	6
60	0	1
60	1	1
60	2	3
60	3	3
60	4	3
60	7	1
60	8	4
60	9	1
60	10	4
60	11	3
60	13	2
60	14	2
60	15	8
60	16	1
60	17	3
60	18	1
60	19	2
60	20	2
60	21	5
60	22	4
60	24	2
60	26	1
60	27	3
60	28	6
60	29	1
60	30	1
60	31	2
60	32	3
60	33	1
60	35	2
60	36	4
60	37	10
60	38	7
60	39	9
60	40	5
60	41	3
60	42	3
60	43	3
60	44	2
60	45	3
60	46	2
60	47	5
60	48	1
60	49	7
60	50	5
60	51	11
60	52	13
60	53	9
60	54	4
60	55	4
60	56	4
60	57	1
60	58	3
60	59	6
