1	0	7
2	0	3
2	1	9
3	0	2
3	1	4
3	2	7
4	0	2
4	1	1
4	2	5
4	3	2
5	0	1
5	1	4
5	2	4
5	3	7
5	4	8
6	0	1
6	1	1
6	2	2
6	3	4
6	4	4
6	5	2
7	1	1
7	2	3
7	3	2
7	4	5
7	5	3
7	6	6
8	0	3
8	1	2
8	2	1
8	3	8
8	4	9
8	5	9
8	6	5
8	7	6
9	0	3
9	1	3
9	2	1
9	4	15
9	5	6
9	6	3
9	7	1
9	8	9
10	1	4
10	2	2
10	3	7
10	4	1
10	5	5
10	6	1
10	7	2
10	8	6
10	9	9
11	0	3
11	1	3
11	3	1
11	4	1
11	5	1
11	6	1
11	7	2
11	8	3
11	9	2
11	10	10
12	1	2
12	2	6
12	3	4
12	4	4
12	5	5
12	6	5
12	7	3
12	8	3
12	9	8
12	10	22
12	11	10
13	0	2
13	1	3
13	2	1
13	3	1
13	4	3
13	5	3
13	7	3
13	8	3
13	9	6
13	10	6
13	11	4
13	12	4
14	1	2
14	3	1
14	5	2
14	7	2
14	8	1
14	10	5
14	11	2
14	13	5
15	2	3
15	3	2
15	4	2
15	5	3
15	6	2
15	7	2
15	8	4
15	9	1
15	10	5
15	11	5
15	12	3
15	13	9
15	14	11
16	1	2
16	2	1
16	3	1
16	4	2
16	5	1
16	6	3
16	7	1
16	8	3
16	9	3
16	10	7
16	12	2
16	13	11
16	14	8
16	15	3
17	3	3
17	4	5
17	5	3
17	6	2
17	7	1
17	8	2
17	9	1
17	10	5
17	11	4
17	12	4
17	13	9
17	14	4
17	15	8
17	16	10
18	0	2
18	1	1
18	2	5
18	3	1
18	4	3
18	5	4
18	6	1
18	7	1
18	8	3
18	9	4
18	10	3
18	11	3
18	12	1
18	13	8
18	14	3
18	15	6
18	16	3
18	17	4
19	1	3
19	3	2
19	4	8
19	5	1
19	6	3
19	7	4
19	8	4
19	9	7
19	10	6
19	11	5
19	12	3
19	13	4
19	14	3
19	15	2
19	16	4
19	17	10
19	18	9
20	1	4
20	2	2
20	3	2
20	4	7
20	5	2
20	6	1
20	7	4
20	8	4
20	9	3
20	10	4
20	11	3
20	12	3
20	13	5
20	14	2
20	15	4
20	16	1
20	17	2
20	18	4
20	19	10
21	1	2
21	2	2
21	3	2
21	4	6
21	5	3
21	6	2
21	7	2
21	8	1
21	9	3
21	10	1
21	12	3
21	13	4
21	14	3
21	15	1
21	16	2
21	17	3
21	18	10
21	19	7
21	20	6
22	0	1
22	1	3
22	2	1
22	3	1
22	5	2
22	6	1
22	7	3
22	8	3
22	9	3
22	10	1
22	11	2
22	12	1
22	13	4
22	14	1
22	15	1
22	16	4
22	17	3
22	18	4
22	19	3
22	20	7
22	21	14
23	0	1
23	2	1
23	3	1
23	4	2
23	5	3
23	7	2
23	9	1
23	10	3
23	11	1
23	12	1
23	13	1
23	14	1
23	16	1
23	17	1
23	18	4
23	19	1
23	20	5
23	21	5
23	22	5
24	1	2
24	2	1
24	3	1
24	4	2
24	5	1
24	8	2
24	9	2
24	10	4
24	11	2
24	12	1
24	13	2
24	15	2
24	16	3
24	17	2
24	18	2
24	19	6
24	20	4
24	21	2
24	22	2
24	23	10
25	6	1
26	6	2
26	8	1
26	10	2
26	14	2
26	15	3
26	16	3
26	17	1
26	18	1
26	20	1
26	24	2
27	3	4
27	4	3
27	6	3
27	7	1
27	8	3
27	10	2
27	11	2
27	12	3
27	13	4
27	14	5
27	15	5
27	16	1
27	17	3
27	18	3
27	19	2
27	20	2
27	21	1
27	22	3
27	23	3
27	24	2
27	26	4
28	1	1
28	2	1
28	3	2
28	5	4
28	7	1
28	8	6
28	9	1
28	10	3
28	11	3
28	12	2
28	13	5
28	14	2
28	15	4
28	16	5
28	17	8
28	18	4
28	19	2
28	20	5
28	21	2
28	22	1
28	24	1
28	26	1
28	27	3
29	1	2
29	2	3
29	4	3
29	5	5
29	6	2
29	7	4
29	8	3
29	9	3
29	10	4
29	12	1
29	13	1
29	14	2
29	15	2
29	18	2
29	19	1
29	20	1
29	21	1
29	23	3
29	24	3
29	27	2
29	28	7
30	0	2
30	1	2
30	2	2
30	3	1
30	4	2
30	5	4
30	6	2
30	7	2
30	8	2
30	9	1
30	10	1
30	11	1
30	12	2
30	13	3
30	14	1
30	15	2
30	16	4
30	17	3
30	18	2
30	19	1
30	20	1
30	21	1
30	23	1
30	24	1
30	26	2
30	28	7
30	29	4
31	2	2
31	3	4
31	4	2
31	5	1
31	8	3
31	9	1
31	11	3
31	12	1
31	13	1
31	14	3
31	16	2
31	17	1
31	19	1
31	20	2
31	21	1
31	22	5
31	24	3
31	27	5
31	28	7
31	29	4
31	30	7
32	0	1
32	1	1
32	2	2
32	3	1
32	4	3
32	5	1
32	6	2
32	8	1
32	10	1
32	11	1
32	12	2
32	13	1
32	14	1
32	15	3
32	18	1
32	19	1
32	20	3
32	21	1
32	23	3
32	24	2
32	26	1
32	27	2
32	28	9
32	29	4
32	30	6
32	31	4
33	1	2
33	2	1
33	3	4
33	4	3
33	5	5
33	6	2
33	7	1
33	8	2
33	9	4
33	10	1
33	11	1
33	12	1
33	13	3
33	14	2
33	15	2
33	16	1
33	18	4
33	19	1
33	20	2
33	21	4
33	22	1
33	23	4
33	24	2
33	26	2
33	27	7
33	28	3
33	29	2
33	30	4
33	31	3
33	32	8
34	0	5
34	1	1
34	2	2
34	3	1
34	4	3
34	5	2
34	6	1
34	7	1
34	8	3
34	9	3
34	10	1
34	11	6
34	12	2
34	13	3
34	15	1
34	16	1
34	17	3
34	18	4
34	19	2
34	20	4
34	21	3
34	22	3
34	23	3
34	24	9
34	25	1
34	26	2
34	27	1
34	28	5
34	29	6
34	30	6
34	31	6
34	32	3
34	33	8
35	1	3
35	2	1
35	3	4
35	4	3
35	5	3
35	7	4
35	8	1
35	9	2
35	10	1
35	12	3
35	13	8
35	14	3
35	15	4
35	16	3
35	17	2
35	18	9
35	19	3
35	20	4
35	21	6
35	22	3
35	24	7
35	26	1
35	27	6
35	28	10
35	29	4
35	30	9
35	31	4
35	32	2
35	33	4
35	34	4
36	1	1
36	3	3
36	4	3
36	5	3
36	6	1
36	8	4
36	9	4
36	10	4
36	11	3
36	12	4
36	13	6
36	14	2
36	15	3
36	16	4
36	17	3
36	18	6
36	19	2
36	20	3
36	21	4
36	22	1
36	24	1
36	26	1
36	27	1
36	28	5
36	29	4
36	30	3
36	31	2
36	32	3
36	33	1
36	34	3
36	35	6
37	0	2
37	3	1
37	4	8
37	5	4
37	6	2
37	8	5
37	9	1
37	10	1
37	11	1
37	12	3
37	13	8
37	14	3
37	15	6
37	17	4
37	18	11
37	19	5
37	20	5
37	21	1
37	22	3
37	24	3
37	27	4
37	28	4
37	30	3
37	31	3
37	32	1
37	33	2
37	34	4
37	35	14
37	36	5
38	0	2
38	1	2
38	2	4
38	3	3
38	4	3
38	5	3
38	8	6
38	9	4
38	10	4
38	11	5
38	12	3
38	13	3
38	14	6
38	15	3
38	16	2
38	17	4
38	18	4
38	19	1
38	20	3
38	21	3
38	22	3
38	23	1
38	24	3
38	25	1
38	26	1
38	27	3
38	28	12
38	29	3
38	30	3
38	31	8
38	32	8
38	33	6
38	34	3
38	35	11
38	36	5
38	37	10
39	1	2
39	2	3
39	3	3
39	4	6
39	6	1
39	7	2
39	8	7
39	9	2
39	10	7
39	11	1
39	12	1
39	13	10
39	14	6
39	15	4
39	16	6
39	18	3
39	19	3
39	20	1
39	21	2
39	22	1
39	23	2
39	24	2
39	26	1
39	27	7
39	28	6
39	29	1
39	30	7
39	31	2
39	32	1
39	33	2
39	34	1
39	35	5
39	36	4
39	37	14
39	38	16
40	1	2
40	2	3
40	3	2
40	4	2
40	5	2
40	6	1
40	7	2
40	8	3
40	9	2
40	10	2
40	11	2
40	13	5
40	15	1
40	16	2
40	17	1
40	18	8
40	19	4
40	20	4
40	21	1
40	22	1
40	24	2
40	26	1
40	27	5
40	28	8
40	29	6
40	30	3
40	31	3
40	32	6
40	33	3
40	34	2
40	35	6
40	36	3
40	37	7
40	38	19
40	39	11
41	1	4
41	2	2
41	5	2
41	6	3
41	7	3
41	8	1
41	9	5
41	10	2
41	11	1
41	12	1
41	13	2
41	14	1
41	15	1
41	16	4
41	17	2
41	18	1
41	19	5
41	20	1
41	22	1
41	23	1
41	24	3
41	27	4
41	28	6
41	29	3
41	30	8
41	31	2
41	32	3
41	33	4
41	34	3
41	35	13
41	36	3
41	37	8
41	38	9
41	39	7
41	40	13
42	0	2
42	3	2
42	4	2
42	5	2
42	7	2
42	8	2
42	9	2
42	11	2
42	12	2
42	13	1
42	14	1
42	15	1
42	16	2
42	17	1
42	20	3
42	21	5
42	22	2
42	26	2
42	27	3
42	28	4
42	29	1
42	30	2
42	31	4
42	32	1
42	33	1
42	34	2
42	35	4
42	36	1
42	37	3
42	38	8
42	39	5
42	40	4
42	41	12
43	1	1
43	2	2
43	3	2
43	4	1
43	5	2
43	6	1
43	7	1
43	9	3
43	13	3
43	14	2
43	15	2
43	16	4
43	17	2
43	18	1
43	19	1
43	20	4
43	23	1
43	24	3
43	26	2
43	27	3
43	28	8
43	29	4
43	30	2
43	31	3
43	32	2
43	33	2
43	34	2
43	35	2
43	36	1
43	37	2
43	38	7
43	39	1
43	40	3
43	41	10
43	42	5
44	0	3
44	2	1
44	3	1
44	4	2
44	5	3
44	8	4
44	9	1
44	10	3
44	11	3
44	13	1
44	14	2
44	17	2
44	19	3
44	20	1
44	26	3
44	27	5
44	29	2
44	30	1
44	31	3
44	32	2
44	33	5
44	34	2
44	35	2
44	36	1
44	37	3
44	38	4
44	39	4
44	40	2
44	41	4
44	42	6
44	43	6
45	0	2
45	1	1
45	2	1
45	3	2
45	5	1
45	7	1
45	8	1
45	9	2
45	10	3
45	11	1
45	12	1
45	13	3
45	14	2
45	17	1
45	18	1
45	19	1
45	20	3
45	23	1
45	26	1
45	27	4
45	28	2
45	29	4
45	30	8
45	31	2
45	32	2
45	33	1
45	34	1
45	35	1
45	36	1
45	37	4
45	38	5
45	39	2
45	40	2
45	41	4
45	42	6
45	43	5
45	44	7
46	0	1
46	2	2
46	4	2
46	5	1
46	8	3
46	9	2
46	10	2
46	15	2
46	18	3
46	19	1
46	22	2
46	26	1
46	27	2
46	28	1
46	29	2
46	30	6
46	31	3
46	32	3
46	33	4
46	35	3
46	36	2
46	37	1
46	38	1
46	39	1
46	40	3
46	41	7
46	42	5
46	43	3
46	44	5
46	45	6
47	1	1
47	2	4
47	3	1
47	6	1
47	7	1
47	8	1
47	10	2
47	11	2
47	13	1
47	14	3
47	15	1
47	16	2
47	18	1
47	19	1
47	20	3
47	23	1
47	27	1
47	28	2
47	29	1
47	30	3
47	31	3
47	33	1
47	35	1
47	37	2
47	38	2
47	39	1
47	40	2
47	41	7
47	42	3
47	43	5
47	44	3
47	46	5
48	2	2
48	3	4
48	4	2
48	8	2
48	10	2
48	11	2
48	13	4
48	14	2
48	15	2
48	22	2
48	24	3
48	27	1
48	28	1
48	30	1
48	31	2
48	35	1
48	36	2
48	37	2
48	38	2
48	41	2
48	42	1
48	43	1
48	44	3
48	45	3
48	46	3
48	47	12
49	0	1
49	1	2
49	2	2
49	4	3
49	6	3
49	9	1
49	10	3
49	11	1
49	12	1
49	13	3
49	14	1
49	16	4
49	17	2
49	18	1
49	19	2
49	20	3
49	23	2
49	27	1
49	28	2
49	29	4
49	30	2
49	31	2
49	32	4
49	33	1
49	34	1
49	35	1
49	36	3
49	37	2
49	38	3
49	39	4
49	40	1
49	41	5
49	42	1
49	43	4
49	44	2
49	45	1
49	46	2
49	47	15
49	48	7
50	1	1
50	4	1
50	8	1
50	9	1
50	10	1
50	12	1
50	13	5
50	14	1
50	15	1
50	18	2
50	22	1
50	23	1
50	28	2
50	29	2
50	31	1
50	32	2
50	35	2
50	36	3
50	37	1
50	38	3
50	39	2
50	40	4
50	42	3
50	44	1
50	45	3
50	46	3
50	47	4
50	48	4
50	49	6
51	4	2
51	5	1
51	8	1
51	9	2
51	10	2
51	11	2
51	12	5
51	13	2
51	15	2
51	16	2
51	17	3
51	18	1
51	19	2
51	20	1
51	23	1
51	24	2
51	26	1
51	27	2
51	28	3
51	29	1
51	30	2
51	31	1
51	32	1
51	33	1
51	34	2
51	35	1
51	36	2
51	37	2
51	38	6
51	39	1
51	40	3
51	41	3
51	42	1
51	43	1
51	44	2
51	45	2
51	46	3
51	47	4
51	48	4
51	49	6
51	50	3
52	0	1
52	4	5
52	6	1
52	7	2
52	8	1
52	9	2
52	10	4
52	11	3
52	12	2
52	13	1
52	14	2
52	15	4
52	16	3
52	17	2
52	18	5
52	19	3
52	21	2
52	24	2
52	27	6
52	28	1
52	29	2
52	30	5
52	31	3
52	32	2
52	34	1
52	35	1
52	36	3
52	37	2
52	38	4
52	39	2
52	40	1
52	41	2
52	42	3
52	43	3
52	44	3
52	45	2
52	46	2
52	47	6
52	48	3
52	49	6
52	50	4
52	51	9
53	1	1
53	3	2
53	4	2
53	5	1
53	6	3
53	10	2
53	11	3
53	13	1
53	14	3
53	15	4
53	16	3
53	17	1
53	18	2
53	19	6
53	20	1
53	24	1
53	26	1
53	27	4
53	28	1
53	30	3
53	31	1
53	32	1
53	33	2
53	34	3
53	35	1
53	36	1
53	37	1
53	38	6
53	39	4
53	40	2
53	41	3
53	43	3
53	44	2
53	45	1
53	46	4
53	47	5
53	48	2
53	49	11
53	50	4
53	51	9
53	52	6
54	2	3
54	3	2
54	4	4
54	5	2
54	6	4
54	9	4
54	11	3
54	12	1
54	13	3
54	14	2
54	15	1
54	17	1
54	18	1
54	19	1
54	20	2
54	28	1
54	29	2
54	30	6
54	31	1
54	32	6
54	33	2
54	34	2
54	36	2
54	37	2
54	38	4
54	39	4
54	40	7
54	41	5
54	42	2
54	43	3
54	45	4
54	46	11
54	47	8
54	48	11
54	49	4
54	50	3
54	51	3
54	52	5
54	53	5
55	1	2
55	2	1
55	3	1
55	4	2
55	5	2
55	8	2
55	9	2
55	10	4
55	11	2
55	12	2
55	13	2
55	14	2
55	15	2
55	16	4
55	17	1
55	18	3
55	19	2
55	20	1
55	21	3
55	22	1
55	24	3
55	27	4
55	28	3
55	29	2
55	30	3
55	31	3
55	32	1
55	33	2
55	34	1
55	35	5
55	36	2
55	37	2
55	38	6
55	39	3
55	40	2
55	41	3
55	42	4
55	43	8
55	44	5
55	45	10
55	46	6
55	47	10
55	48	3
55	49	3
55	50	1
55	51	3
55	52	5
55	53	3
55	54	18
56	3	1
56	4	2
56	8	1
56	9	1
56	10	3
56	11	1
56	12	5
56	15	1
56	18	1
56	21	2
56	22	2
56	23	1
56	26	1
56	27	2
56	28	3
56	29	1
56	30	2
56	32	1
56	33	1
56	35	1
56	37	2
56	38	4
56	39	1
56	40	3
56	41	10
56	42	1
56	43	5
56	44	6
56	45	3
56	46	3
56	47	4
56	48	5
56	49	7
56	50	3
56	51	3
56	53	4
56	54	2
56	55	3
57	2	3
57	3	2
57	4	1
57	6	1
57	8	2
57	9	1
57	10	2
57	11	2
57	12	3
57	13	3
57	14	3
57	15	3
57	17	2
57	18	2
57	19	2
57	22	1
57	23	2
57	24	1
57	27	4
57	28	2
57	29	3
57	30	1
57	31	3
57	32	1
57	33	6
57	34	1
57	35	3
57	36	2
57	38	5
57	39	3
57	40	3
57	41	4
57	42	1
57	43	8
57	44	2
57	45	3
57	46	5
57	47	7
57	48	3
57	49	10
57	50	4
57	51	1
57	52	1
57	53	5
57	54	3
57	55	2
57	56	10
58	0	1
58	1	2
58	4	1
58	8	2
58	9	1
58	14	8
58	19	2
58	26	3
58	27	3
58	30	2
58	31	1
58	32	2
58	33	8
58	34	3
58	35	1
58	36	1
58	37	4
58	38	5
58	39	4
58	40	3
58	41	5
58	42	3
58	43	3
58	44	3
58	45	2
58	46	3
58	47	2
58	49	4
58	51	3
58	52	7
58	53	2
58	54	2
58	55	1
58	56	4
58	57	8
59	2	1
59	5	1
59	7	3
59	8	3
59	9	2
59	10	3
59	11	2
59	12	2
59	13	3
59	16	1
59	17	2
59	18	1
59	19	2
59	21	2
59	22	2
59	24	2
59	26	1
59	27	4
59	28	5
59	30	6
59	31	8
59	32	3
59	33	4
59	34	1
59	35	4
59	36	3
59	37	1
59	38	2
59	39	1
59	40	1
59	41	6
59	42	7
59	43	7
59	44	2
59	45	9
59	46	4
59	47	2
59	48	2
59	49	4
59	50	2
59	51	4
59	53	3
59	54	1
59	55	1
59	56	4
59	57	2
59	58	11
60	0	3
60	1	1
60	4	2
60	6	1
60	7	1
60	8	1
60	9	2
60	10	3
60	11	2
60	12	1
60	13	4
60	14	7
60	15	4
60	16	4
60	18	1
60	19	5
60	20	1
60	21	3
60	22	3
60	24	1
60	26	2
60	27	3
60	28	11
60	29	2
60	30	5
60	31	4
60	32	2
60	33	2
60	34	2
60	35	2
60	36	3
60	37	4
60	38	9
60	39	5
60	40	4
60	41	9
60	42	6
60	43	2
60	44	1
60	45	7
60	46	3
60	47	6
60	48	4
60	49	9
60	50	8
60	51	13
60	52	11
60	53	10
60	54	7
60	55	1
60	56	4
60	57	7
60	58	2
60	59	1
