1	0	7
2	0	3
2	1	5
3	0	4
3	1	9
3	2	6
4	0	1
4	1	4
4	2	2
4	3	6
5	0	2
5	1	3
5	2	2
5	3	5
5	4	4
6	1	4
6	3	3
6	4	5
6	5	14
7	2	2
7	3	1
7	4	6
7	5	3
7	6	8
8	0	4
8	1	3
8	3	3
8	4	12
8	5	13
8	6	9
8	7	7
9	0	2
9	1	1
9	2	3
9	3	3
9	4	11
9	5	2
9	6	7
9	7	3
9	8	13
10	0	1
10	1	3
10	2	2
10	3	4
10	4	6
10	5	4
10	6	4
10	7	4
10	8	6
10	9	12
11	0	2
11	2	1
11	3	1
11	4	4
11	5	1
11	6	2
11	7	2
11	8	3
11	9	3
11	10	9
12	1	1
12	2	1
12	3	3
12	4	3
12	5	1
12	6	1
12	7	2
12	8	2
12	9	4
12	10	13
12	11	10
13	0	1
13	1	2
13	2	1
13	4	6
13	6	4
13	7	2
13	8	2
13	9	4
13	10	6
13	11	2
13	12	7
14	3	2
14	4	4
14	5	1
14	6	3
14	7	1
14	8	2
14	9	3
14	10	6
14	12	2
14	13	10
15	0	2
15	3	3
15	4	3
15	5	3
15	6	2
15	7	5
15	10	7
15	11	2
15	12	4
15	13	4
15	14	10
16	2	1
16	3	3
16	4	5
16	5	1
16	7	1
16	8	2
16	9	4
16	10	1
16	11	4
16	12	4
16	13	18
16	14	8
16	15	2
17	3	5
17	4	4
17	5	2
17	6	2
17	7	1
17	9	2
17	10	6
17	11	4
17	12	2
17	13	4
17	14	10
17	15	4
17	16	6
18	0	1
18	1	1
18	2	2
18	4	4
18	5	2
18	6	5
18	8	1
18	9	6
18	10	6
18	12	4
18	13	6
18	14	2
18	15	3
18	16	2
18	17	5
19	0	1
19	2	1
19	3	2
19	4	3
19	5	3
19	6	3
19	7	1
19	8	5
19	9	1
19	10	5
19	11	1
19	12	1
19	13	9
19	14	2
19	15	4
19	16	5
19	17	4
19	18	13
20	1	1
20	3	2
20	4	4
20	5	5
20	6	1
20	7	2
20	8	4
20	9	3
20	10	2
20	11	2
20	12	2
20	13	3
20	14	2
20	15	5
20	16	6
20	17	3
20	18	5
20	19	4
21	1	3
21	2	1
21	3	1
21	4	5
21	5	4
21	7	6
21	8	5
21	9	3
21	10	2
21	12	2
21	13	2
21	15	3
21	16	5
21	17	2
21	18	1
21	19	9
21	20	7
22	1	3
22	2	2
22	4	5
22	5	6
22	6	3
22	7	4
22	8	2
22	9	2
22	10	3
22	11	2
22	12	2
22	13	4
22	14	2
22	15	2
22	16	1
22	17	2
22	18	3
22	19	5
22	20	5
22	21	5
23	1	1
23	3	2
23	4	2
23	5	3
23	6	1
23	8	1
23	9	1
23	10	1
23	11	1
23	12	2
23	13	1
23	14	2
23	15	3
23	16	1
23	17	1
23	18	2
23	19	3
23	20	2
23	21	6
23	22	10
24	2	3
24	4	2
24	5	1
24	6	6
24	7	3
24	9	2
24	10	6
24	11	2
24	13	5
24	14	1
24	15	6
24	16	1
24	17	1
24	18	4
24	19	2
24	20	6
24	21	6
24	22	8
24	23	7
25	0	1
25	4	2
25	8	1
25	19	1
25	21	1
25	23	1
26	6	1
26	8	3
26	10	1
26	13	1
26	14	3
26	17	2
26	18	2
26	19	2
26	22	3
26	24	1
27	3	1
27	4	1
27	5	2
27	7	1
27	8	1
27	9	5
27	10	5
27	11	2
27	12	4
27	13	3
27	14	2
27	15	1
27	16	5
27	17	4
27	18	6
27	19	7
27	20	1
27	21	2
27	22	2
27	23	2
27	24	1
27	26	2
28	0	1
28	1	1
28	2	1
28	3	2
28	4	2
28	5	2
28	6	2
28	8	6
28	9	2
28	10	2
28	11	1
28	12	3
28	13	7
28	14	2
28	15	2
28	16	3
28	17	2
28	18	5
28	19	6
28	20	3
28	21	2
28	22	2
28	23	1
28	24	1
28	26	2
28	27	10
29	2	2
29	3	2
29	4	3
29	5	2
29	6	2
29	8	4
29	9	1
29	10	2
29	11	1
29	12	2
29	13	3
29	14	3
29	15	4
29	16	1
29	17	4
29	18	1
29	20	2
29	21	3
29	22	3
29	23	2
29	24	3
29	27	1
29	28	9
30	0	4
30	1	4
30	2	2
30	3	3
30	4	3
30	5	3
30	6	3
30	7	2
30	9	2
30	10	6
30	11	1
30	12	3
30	13	2
30	14	2
30	15	3
30	16	1
30	17	2
30	18	1
30	19	1
30	20	1
30	21	2
30	22	2
30	23	2
30	26	3
30	27	5
30	28	6
30	29	4
31	3	2
31	4	3
31	8	4
31	11	1
31	13	1
31	15	2
31	16	2
31	19	1
31	20	3
31	21	1
31	23	3
31	24	2
31	26	1
31	27	2
31	28	8
31	29	6
31	30	10
32	0	1
32	1	1
32	2	1
32	4	4
32	5	3
32	8	2
32	9	1
32	10	3
32	11	1
32	13	2
32	14	1
32	15	2
32	16	3
32	17	4
32	18	2
32	19	2
32	20	7
32	21	4
32	22	2
32	23	2
32	27	5
32	28	10
32	29	3
32	30	3
32	31	2
33	2	3
33	3	1
33	4	1
33	5	1
33	6	1
33	7	2
33	9	2
33	10	1
33	12	1
33	13	1
33	14	1
33	15	2
33	16	5
33	17	1
33	19	5
33	20	2
33	21	5
33	22	3
33	23	2
33	26	2
33	27	6
33	28	7
33	29	2
33	30	5
33	31	4
33	32	9
34	0	2
34	4	2
34	5	3
34	7	2
34	8	3
34	9	2
34	10	5
34	11	2
34	12	1
34	13	4
34	14	1
34	15	1
34	16	2
34	17	3
34	18	8
34	19	2
34	20	2
34	21	7
34	22	5
34	23	4
34	24	5
34	26	3
34	27	2
34	28	7
34	29	4
34	30	4
34	31	3
34	32	1
34	33	7
35	0	1
35	1	3
35	2	4
35	3	3
35	4	4
35	5	3
35	6	3
35	7	2
35	8	3
35	9	2
35	10	6
35	11	1
35	12	2
35	13	8
35	14	4
35	15	2
35	16	2
35	17	6
35	18	13
35	19	7
35	20	3
35	21	7
35	22	4
35	23	1
35	24	2
35	26	4
35	27	4
35	28	14
35	29	7
35	30	5
35	31	2
35	32	3
35	33	3
35	34	7
36	0	2
36	1	1
36	2	2
36	3	4
36	4	3
36	5	4
36	6	1
36	7	3
36	8	3
36	9	3
36	10	10
36	11	3
36	12	1
36	13	3
36	14	1
36	15	5
36	16	5
36	17	2
36	18	3
36	19	2
36	20	3
36	22	1
36	24	4
36	26	1
36	27	3
36	28	4
36	29	5
36	30	1
36	31	4
36	32	1
36	33	4
36	34	4
36	35	5
37	2	2
37	3	2
37	4	2
37	5	2
37	6	8
37	7	2
37	8	5
37	9	8
37	10	3
37	11	3
37	12	5
37	13	7
37	14	3
37	15	5
37	16	4
37	17	3
37	18	4
37	19	3
37	20	3
37	21	1
37	22	1
37	23	3
37	24	1
37	25	1
37	26	1
37	27	5
37	28	5
37	29	2
37	30	3
37	31	1
37	32	4
37	33	5
37	34	2
37	35	9
37	36	4
38	0	2
38	1	2
38	2	2
38	3	3
38	4	5
38	5	1
38	6	3
38	7	1
38	8	2
38	9	4
38	10	5
38	11	2
38	12	4
38	13	11
38	14	4
38	15	1
38	16	6
38	17	3
38	18	5
38	19	2
38	20	10
38	21	3
38	22	1
38	23	2
38	24	2
38	26	1
38	27	1
38	28	11
38	29	1
38	30	3
38	31	5
38	32	1
38	33	5
38	34	2
38	35	11
38	36	6
38	37	10
39	1	3
39	2	1
39	4	2
39	5	3
39	6	1
39	7	2
39	8	4
39	9	2
39	10	5
39	11	3
39	12	1
39	13	6
39	14	5
39	15	1
39	16	2
39	17	4
39	18	3
39	19	3
39	20	3
39	21	2
39	23	1
39	26	3
39	27	2
39	28	7
39	29	5
39	30	2
39	32	7
39	33	3
39	34	5
39	35	9
39	36	7
39	37	10
39	38	18
40	3	2
40	4	3
40	5	2
40	7	1
40	8	4
40	9	2
40	10	6
40	11	2
40	12	3
40	13	1
40	14	3
40	15	2
40	16	4
40	18	2
40	19	6
40	20	6
40	21	3
40	22	3
40	23	1
40	24	3
40	25	1
40	26	6
40	27	2
40	28	9
40	29	6
40	30	6
40	31	5
40	32	2
40	33	3
40	34	2
40	35	7
40	36	3
40	37	7
40	38	19
40	39	9
41	1	2
41	3	2
41	4	2
41	5	5
41	7	2
41	8	1
41	10	2
41	11	3
41	12	2
41	13	8
41	14	5
41	15	5
41	16	1
41	18	3
41	19	3
41	20	2
41	21	1
41	22	2
41	23	4
41	24	4
41	26	2
41	27	2
41	28	4
41	29	3
41	30	6
41	31	5
41	32	2
41	33	2
41	34	3
41	35	3
41	36	2
41	37	5
41	38	9
41	39	4
41	40	12
42	4	1
42	5	1
42	6	2
42	7	2
42	8	2
42	9	2
42	10	2
42	12	1
42	13	1
42	14	3
42	15	2
42	16	3
42	17	1
42	18	3
42	19	1
42	22	3
42	23	2
42	24	1
42	26	1
42	27	3
42	28	11
42	29	3
42	30	4
42	31	5
42	32	4
42	33	5
42	34	2
42	35	2
42	36	1
42	37	1
42	38	10
42	39	4
42	40	5
42	41	10
43	1	2
43	3	3
43	4	1
43	5	1
43	6	1
43	7	1
43	8	3
43	9	6
43	10	2
43	11	2
43	12	3
43	13	2
43	14	1
43	16	2
43	18	1
43	19	2
43	20	2
43	21	1
43	22	4
43	24	1
43	25	1
43	26	2
43	27	3
43	28	5
43	29	2
43	30	3
43	31	4
43	32	3
43	33	1
43	34	1
43	35	2
43	37	4
43	38	7
43	39	4
43	40	8
43	41	2
43	42	3
44	0	2
44	1	2
44	2	3
44	4	1
44	5	2
44	7	1
44	8	1
44	9	1
44	10	3
44	11	2
44	12	1
44	14	1
44	16	2
44	17	1
44	18	1
44	21	7
44	26	1
44	28	2
44	29	4
44	30	1
44	31	3
44	32	5
44	33	7
44	34	2
44	35	2
44	36	2
44	37	4
44	38	2
44	39	2
44	40	2
44	41	1
44	42	3
44	43	13
45	0	2
45	1	2
45	2	1
45	3	2
45	4	4
45	7	1
45	10	1
45	11	3
45	12	1
45	13	2
45	14	2
45	17	1
45	18	3
45	20	1
45	24	1
45	27	3
45	28	2
45	29	3
45	30	5
45	31	3
45	32	1
45	34	2
45	35	1
45	37	3
45	38	3
45	39	2
45	40	2
45	41	4
45	42	5
45	43	15
45	44	12
46	0	1
46	1	3
46	3	4
46	4	3
46	7	2
46	8	1
46	9	1
46	11	2
46	12	1
46	14	1
46	15	2
46	18	3
46	19	5
46	22	1
46	26	1
46	27	1
46	28	3
46	30	3
46	31	3
46	32	2
46	33	1
46	34	1
46	35	1
46	36	1
46	37	2
46	38	1
46	39	4
46	40	3
46	41	2
46	42	3
46	43	6
46	44	7
46	45	10
47	1	1
47	2	2
47	3	1
47	4	5
47	7	1
47	9	2
47	10	1
47	13	1
47	14	1
47	15	3
47	17	2
47	18	4
47	20	1
47	27	2
47	28	4
47	29	1
47	30	3
47	32	4
47	33	1
47	34	3
47	35	3
47	36	3
47	37	1
47	38	9
47	39	4
47	41	4
47	42	4
47	43	6
47	44	4
47	45	7
47	46	8
48	1	3
48	2	5
48	4	2
48	8	1
48	10	3
48	12	1
48	13	4
48	15	3
48	20	1
48	22	1
48	24	1
48	27	2
48	28	1
48	30	2
48	35	1
48	36	1
48	38	2
48	41	3
48	42	2
48	44	1
48	46	3
48	47	17
49	0	1
49	3	1
49	4	1
49	5	5
49	6	2
49	7	2
49	8	2
49	9	1
49	10	2
49	11	1
49	12	2
49	13	3
49	14	2
49	15	2
49	16	5
49	18	2
49	21	3
49	23	2
49	24	3
49	25	2
49	27	3
49	28	4
49	29	2
49	31	4
49	32	1
49	33	3
49	34	2
49	35	5
49	36	2
49	37	2
49	38	2
49	39	5
49	40	2
49	41	3
49	42	5
49	43	5
49	44	3
49	45	1
49	46	7
49	47	12
49	48	8
50	4	2
50	8	1
50	9	5
50	12	3
50	13	2
50	14	3
50	18	3
50	28	1
50	29	3
50	32	2
50	35	2
50	36	1
50	38	2
50	39	2
50	40	2
50	41	5
50	42	3
50	43	1
50	44	4
50	46	3
50	47	5
50	48	4
50	49	6
51	1	1
51	4	3
51	5	1
51	8	3
51	9	2
51	10	1
51	11	1
51	12	3
51	13	5
51	14	2
51	15	1
51	16	1
51	17	1
51	18	3
51	19	3
51	24	1
51	26	2
51	27	2
51	32	3
51	33	1
51	34	2
51	35	4
51	36	2
51	37	4
51	38	14
51	39	6
51	41	4
51	42	3
51	43	1
51	44	4
51	45	1
51	46	4
51	47	4
51	48	3
51	49	3
51	50	4
52	4	1
52	7	1
52	8	1
52	9	2
52	10	1
52	11	3
52	12	4
52	14	2
52	15	1
52	16	1
52	17	3
52	18	2
52	19	2
52	20	1
52	21	1
52	23	1
52	24	1
52	26	4
52	27	3
52	28	2
52	29	3
52	30	6
52	31	2
52	33	3
52	35	4
52	36	1
52	37	5
52	38	7
52	39	6
52	40	7
52	41	1
52	42	2
52	43	2
52	44	1
52	45	5
52	46	2
52	47	3
52	48	1
52	49	8
52	50	6
52	51	17
53	1	2
53	2	2
53	4	1
53	5	2
53	6	1
53	7	1
53	8	1
53	9	1
53	11	3
53	12	2
53	13	6
53	14	1
53	15	2
53	16	3
53	18	1
53	19	2
53	20	2
53	22	2
53	28	2
53	29	1
53	33	1
53	34	2
53	35	1
53	36	5
53	37	5
53	38	10
53	39	3
53	40	3
53	41	5
53	42	4
53	43	2
53	44	2
53	45	1
53	47	6
53	48	4
53	49	7
53	50	6
53	51	5
53	52	13
54	1	1
54	2	3
54	3	1
54	5	1
54	8	3
54	9	2
54	10	2
54	11	2
54	12	1
54	13	5
54	14	1
54	15	1
54	16	2
54	17	1
54	18	1
54	19	2
54	20	4
54	23	2
54	26	2
54	27	1
54	28	4
54	31	5
54	34	1
54	35	3
54	36	3
54	37	6
54	38	6
54	39	3
54	40	8
54	41	3
54	42	3
54	43	1
54	44	2
54	45	4
54	46	4
54	47	6
54	48	2
54	49	6
54	50	2
54	51	3
54	52	2
54	53	7
55	1	4
55	2	2
55	4	1
55	5	5
55	8	3
55	9	1
55	10	3
55	11	1
55	12	2
55	13	3
55	14	1
55	15	3
55	16	4
55	18	2
55	20	1
55	21	3
55	22	2
55	24	1
55	27	5
55	28	6
55	29	3
55	30	3
55	31	2
55	32	2
55	34	1
55	35	2
55	36	2
55	38	4
55	39	3
55	40	3
55	41	3
55	42	1
55	43	3
55	44	4
55	45	3
55	46	4
55	47	7
55	48	4
55	49	3
55	50	3
55	51	5
55	52	1
55	53	3
55	54	13
56	3	1
56	4	2
56	5	1
56	6	3
56	8	1
56	9	2
56	10	1
56	11	1
56	12	2
56	13	1
56	15	1
56	18	2
56	19	1
56	21	1
56	26	2
56	27	2
56	28	4
56	29	2
56	30	5
56	31	2
56	32	2
56	33	2
56	35	1
56	36	1
56	37	1
56	38	3
56	39	4
56	40	2
56	41	4
56	42	1
56	43	2
56	44	1
56	45	7
56	46	7
56	47	4
56	48	5
56	49	7
56	51	1
56	52	1
56	53	6
56	54	2
56	55	5
57	2	2
57	3	1
57	4	2
57	9	2
57	10	1
57	13	4
57	14	1
57	15	2
57	16	1
57	18	1
57	22	2
57	23	2
57	24	2
57	25	2
57	27	2
57	30	5
57	32	1
57	33	4
57	34	1
57	36	2
57	37	2
57	38	2
57	39	3
57	40	3
57	41	4
57	42	2
57	43	4
57	44	2
57	45	3
57	46	4
57	47	9
57	48	10
57	49	10
57	50	4
57	52	5
57	53	3
57	54	2
57	55	3
57	56	13
58	0	3
58	1	1
58	4	1
58	8	3
58	9	1
58	10	2
58	12	2
58	13	4
58	14	2
58	15	4
58	17	2
58	18	2
58	19	1
58	20	2
58	23	1
58	26	4
58	28	2
58	30	2
58	31	2
58	32	1
58	33	1
58	35	1
58	36	1
58	39	7
58	40	2
58	41	6
58	42	4
58	43	7
58	44	1
58	45	5
58	46	3
58	47	1
58	48	3
58	49	4
58	50	4
58	51	6
58	52	4
58	53	1
58	55	4
58	56	4
58	57	5
59	1	3
59	2	4
59	3	2
59	4	2
59	5	1
59	7	2
59	8	1
59	9	2
59	10	3
59	11	3
59	12	1
59	13	2
59	15	3
59	16	3
59	17	2
59	19	3
59	20	1
59	21	1
59	22	1
59	24	1
59	26	5
59	27	4
59	28	6
59	29	3
59	30	3
59	31	4
59	32	2
59	33	9
59	34	3
59	35	3
59	36	4
59	37	2
59	38	5
59	39	5
59	40	4
59	41	5
59	42	3
59	43	6
59	44	2
59	45	7
59	46	2
59	47	2
59	48	4
59	49	2
59	51	8
59	52	4
59	54	2
59	55	6
59	56	4
59	57	8
59	58	7
60	1	1
60	2	2
60	3	2
60	4	3
60	6	3
60	7	2
60	8	1
60	9	2
60	10	2
60	11	2
60	12	2
60	13	2
60	14	1
60	15	2
60	16	2
60	17	1
60	18	4
60	19	2
60	20	2
60	21	2
60	22	1
60	24	3
60	26	3
60	27	2
60	28	6
60	29	2
60	30	2
60	31	1
60	32	3
60	33	1
60	34	2
60	35	5
60	36	2
60	37	3
60	38	6
60	39	8
60	40	5
60	41	8
60	42	3
60	43	1
60	44	2
60	46	2
60	47	5
60	48	2
60	49	8
60	50	8
60	51	13
60	52	19
60	53	13
60	54	5
60	55	5
60	56	5
60	57	8
60	58	2
60	59	8
