1	0	9
2	0	3
2	1	8
3	0	4
3	1	7
3	2	10
4	0	2
4	1	2
4	2	3
4	3	6
5	0	2
5	1	2
5	2	1
5	4	6
6	0	3
6	2	2
6	3	2
6	4	7
6	5	5
7	1	2
7	2	1
7	3	1
7	4	3
7	5	1
7	6	10
8	0	2
8	1	2
8	2	4
8	3	5
8	4	13
8	5	5
8	6	6
8	7	7
9	0	1
9	1	2
9	2	2
9	3	5
9	4	9
9	5	5
9	6	1
9	7	7
9	8	12
10	0	1
10	1	3
10	3	3
10	4	6
10	5	9
10	6	2
10	7	3
10	8	14
10	9	12
11	1	2
11	2	1
11	3	4
11	4	1
11	5	1
11	6	2
11	7	1
11	8	3
11	9	4
11	10	12
12	1	1
12	2	1
12	3	2
12	4	4
12	5	1
12	7	1
12	8	3
12	9	3
12	10	10
12	11	15
13	0	2
13	1	1
13	2	1
13	3	2
13	4	3
13	5	1
13	6	2
13	7	2
13	8	5
13	9	4
13	10	1
13	11	2
13	12	3
14	3	1
14	4	2
14	5	4
14	6	1
14	7	2
14	8	3
14	9	3
14	10	2
14	11	4
14	12	2
14	13	2
15	0	1
15	2	1
15	3	1
15	4	3
15	5	2
15	6	4
15	8	3
15	10	3
15	11	2
15	12	1
15	13	4
15	14	6
16	1	3
16	2	7
16	3	1
16	4	5
16	5	2
16	6	1
16	7	1
16	9	1
16	10	5
16	11	2
16	12	1
16	13	4
16	14	8
16	15	9
17	1	1
17	3	2
17	4	4
17	5	2
17	6	3
17	7	1
17	8	4
17	9	3
17	10	3
17	11	1
17	12	1
17	13	1
17	14	6
17	15	4
17	16	11
18	0	1
18	3	2
18	4	2
18	5	4
18	6	1
18	7	1
18	8	3
18	9	5
18	10	1
18	11	2
18	12	1
18	13	6
18	14	1
18	15	2
18	16	4
18	17	8
19	2	2
19	3	3
19	4	6
19	5	3
19	6	5
19	7	3
19	8	6
19	9	1
19	10	4
19	11	3
19	12	5
19	13	12
19	14	5
19	15	3
19	16	3
19	17	5
19	18	13
20	1	1
20	2	2
20	3	3
20	4	4
20	6	2
20	7	4
20	8	7
20	9	3
20	10	5
20	11	4
20	12	1
20	13	2
20	14	1
20	15	3
20	16	3
20	17	6
20	18	4
20	19	9
21	1	2
21	4	4
21	5	5
21	6	3
21	7	3
21	8	4
21	9	3
21	10	1
21	11	2
21	12	1
21	14	1
21	15	3
21	16	2
21	17	2
21	18	10
21	19	5
21	20	9
22	2	2
22	3	2
22	4	7
22	5	1
22	6	3
22	7	4
22	8	1
22	10	2
22	11	3
22	12	2
22	13	3
22	14	4
22	15	2
22	16	2
22	17	3
22	18	4
22	19	6
22	20	8
22	21	4
23	0	2
23	1	1
23	3	1
23	4	2
23	5	2
23	6	5
23	7	1
23	8	4
23	9	1
23	10	2
23	11	1
23	13	5
23	14	1
23	15	3
23	16	1
23	17	2
23	18	4
23	19	4
23	20	5
23	21	6
23	22	5
24	1	1
24	2	2
24	3	1
24	4	3
24	5	1
24	6	2
24	7	4
24	8	3
24	10	3
24	11	2
24	12	2
24	13	4
24	15	3
24	16	2
24	17	2
24	18	1
24	19	3
24	20	4
24	21	3
24	22	5
24	23	8
25	0	1
25	3	1
25	5	2
25	6	2
25	11	1
25	15	1
25	16	1
25	19	1
26	3	1
26	6	1
26	8	1
26	13	1
26	14	1
26	17	1
26	19	3
26	20	1
26	24	3
27	3	3
27	4	4
27	5	2
27	6	1
27	7	4
27	9	1
27	10	1
27	11	1
27	12	2
27	13	4
27	14	2
27	15	3
27	16	1
27	17	2
27	18	2
27	19	3
27	20	1
27	21	3
27	24	2
27	26	1
28	0	3
28	1	1
28	3	4
28	4	2
28	5	3
28	6	3
28	7	3
28	8	3
28	9	5
28	10	1
28	11	3
28	12	3
28	13	5
28	14	3
28	15	6
28	16	3
28	17	5
28	18	7
28	19	7
28	20	2
28	21	1
28	22	2
28	23	3
28	24	1
28	27	7
29	1	1
29	2	1
29	3	1
29	4	1
29	5	3
29	6	2
29	7	1
29	8	5
29	9	2
29	10	4
29	11	2
29	12	1
29	13	4
29	14	1
29	15	4
29	17	2
29	18	2
29	19	4
29	20	2
29	21	1
29	22	2
29	24	2
29	27	3
29	28	4
30	0	1
30	1	6
30	2	2
30	3	3
30	4	2
30	5	1
30	6	1
30	7	3
30	8	1
30	9	3
30	10	5
30	11	2
30	12	1
30	13	3
30	14	1
30	15	1
30	16	2
30	17	5
30	18	4
30	19	1
30	20	3
30	21	2
30	22	1
30	24	1
30	27	1
30	28	1
30	29	5
31	1	2
31	2	1
31	3	4
31	4	2
31	5	3
31	9	3
31	10	1
31	11	1
31	12	1
31	13	2
31	15	3
31	16	2
31	17	1
31	18	1
31	19	3
31	20	2
31	21	2
31	22	3
31	23	1
31	24	1
31	26	1
31	27	1
31	28	3
31	29	6
31	30	12
32	0	2
32	1	3
32	2	2
32	4	2
32	5	1
32	8	4
32	9	1
32	11	2
32	12	1
32	13	4
32	14	1
32	15	2
32	16	1
32	17	3
32	18	1
32	19	2
32	20	4
32	21	3
32	23	1
32	26	2
32	27	5
32	28	6
32	29	1
32	30	1
32	31	4
33	1	2
33	2	2
33	3	2
33	4	4
33	5	2
33	7	1
33	9	3
33	10	1
33	11	1
33	12	2
33	14	4
33	15	1
33	16	1
33	17	4
33	18	5
33	19	2
33	20	3
33	21	4
33	22	6
33	23	1
33	24	1
33	26	1
33	27	5
33	28	5
33	29	3
33	30	8
33	31	8
33	32	2
34	0	1
34	1	2
34	2	1
34	3	1
34	4	4
34	5	1
34	6	3
34	7	1
34	8	5
34	9	1
34	10	4
34	11	2
34	12	1
34	13	3
34	15	1
34	16	1
34	17	2
34	18	1
34	19	5
34	20	4
34	21	10
34	22	2
34	23	2
34	24	1
34	25	1
34	26	2
34	27	2
34	28	2
34	29	1
34	30	5
34	31	5
34	32	3
34	33	4
35	1	2
35	3	1
35	4	3
35	5	5
35	6	4
35	7	1
35	8	4
35	9	3
35	10	4
35	11	3
35	12	2
35	13	7
35	14	8
35	15	2
35	16	4
35	17	4
35	18	13
35	19	2
35	20	6
35	21	3
35	22	9
35	24	3
35	27	5
35	28	8
35	29	4
35	30	4
35	31	5
35	32	4
35	33	4
35	34	5
36	0	1
36	1	2
36	2	4
36	3	4
36	4	4
36	5	2
36	6	4
36	7	2
36	8	2
36	9	3
36	10	3
36	11	4
36	12	4
36	14	3
36	15	4
36	16	2
36	17	6
36	18	4
36	19	3
36	20	1
36	22	1
36	24	2
36	25	2
36	26	6
36	27	4
36	29	2
36	31	3
36	32	2
36	34	2
36	35	7
37	0	1
37	1	4
37	3	1
37	4	1
37	5	4
37	7	2
37	8	4
37	9	2
37	10	3
37	11	4
37	13	5
37	14	5
37	15	9
37	16	3
37	17	4
37	18	6
37	19	5
37	20	4
37	21	2
37	22	3
37	23	2
37	24	2
37	26	2
37	27	4
37	28	4
37	29	3
37	31	5
37	33	3
37	34	2
37	35	12
37	36	5
38	1	4
38	2	2
38	3	3
38	4	3
38	6	4
38	7	1
38	8	5
38	9	2
38	10	3
38	11	2
38	12	3
38	13	7
38	14	4
38	15	2
38	16	7
38	18	6
38	19	4
38	20	2
38	21	5
38	22	3
38	23	1
38	24	1
38	25	1
38	26	2
38	27	3
38	28	7
38	29	2
38	30	3
38	31	3
38	32	2
38	33	2
38	34	3
38	35	9
38	36	1
38	37	12
39	1	1
39	2	3
39	3	1
39	4	5
39	5	3
39	6	1
39	7	3
39	8	2
39	9	4
39	10	5
39	11	3
39	12	5
39	13	6
39	14	4
39	15	3
39	16	2
39	17	6
39	18	1
39	19	4
39	20	4
39	21	1
39	22	2
39	23	2
39	24	3
39	26	1
39	27	2
39	28	6
39	29	1
39	30	2
39	31	2
39	32	2
39	33	3
39	34	1
39	35	6
39	36	3
39	37	6
39	38	21
40	1	1
40	2	1
40	3	2
40	5	5
40	6	2
40	7	1
40	8	3
40	9	2
40	10	7
40	12	5
40	13	4
40	14	2
40	15	1
40	16	3
40	17	1
40	18	2
40	19	3
40	20	4
40	22	2
40	23	1
40	24	3
40	26	1
40	27	2
40	28	10
40	29	7
40	30	5
40	31	2
40	32	3
40	33	3
40	34	6
40	35	10
40	36	4
40	37	3
40	38	18
40	39	11
41	1	3
41	3	4
41	4	2
41	6	2
41	7	1
41	8	2
41	9	2
41	10	2
41	11	3
41	12	4
41	13	5
41	14	3
41	15	6
41	16	2
41	17	3
41	18	7
41	19	2
41	20	1
41	21	1
41	22	6
41	23	2
41	24	2
41	27	3
41	28	8
41	29	4
41	30	5
41	31	7
41	32	3
41	33	3
41	34	4
41	35	7
41	36	4
41	37	5
41	38	6
41	39	4
41	40	15
42	0	1
42	5	2
42	6	1
42	7	1
42	8	2
42	9	3
42	10	3
42	11	1
42	12	4
42	13	2
42	14	2
42	15	2
42	16	2
42	18	2
42	19	1
42	20	1
42	22	2
42	23	2
42	24	2
42	27	3
42	28	4
42	29	2
42	30	1
42	31	3
42	32	3
42	33	2
42	34	3
42	35	3
42	36	1
42	37	5
42	38	5
42	39	2
42	40	3
42	41	8
43	1	1
43	2	1
43	3	5
43	4	2
43	5	1
43	6	1
43	7	3
43	8	2
43	9	2
43	10	1
43	11	1
43	12	2
43	13	1
43	14	1
43	16	5
43	17	5
43	19	3
43	20	3
43	21	2
43	22	1
43	23	1
43	24	1
43	26	1
43	28	3
43	29	3
43	30	5
43	31	5
43	32	4
43	33	1
43	34	2
43	35	5
43	36	2
43	37	3
43	38	6
43	39	5
43	40	3
43	41	7
43	42	6
44	0	3
44	1	5
44	2	1
44	3	1
44	4	4
44	5	1
44	7	2
44	8	2
44	10	3
44	11	2
44	12	3
44	16	1
44	17	1
44	18	3
44	19	1
44	21	2
44	26	1
44	27	3
44	28	4
44	29	3
44	30	4
44	31	5
44	32	2
44	33	2
44	34	1
44	35	2
44	36	3
44	37	2
44	38	6
44	39	5
44	40	6
44	41	4
44	42	1
44	43	9
45	0	2
45	2	1
45	3	1
45	5	3
45	6	2
45	7	1
45	8	2
45	9	2
45	10	2
45	11	3
45	12	2
45	13	4
45	17	2
45	18	3
45	19	1
45	20	1
45	23	1
45	26	1
45	27	3
45	29	6
45	30	2
45	31	1
45	32	5
45	33	3
45	34	3
45	35	2
45	36	1
45	37	2
45	38	4
45	39	2
45	40	2
45	41	3
45	42	13
45	43	11
45	44	5
46	1	1
46	2	1
46	3	2
46	4	1
46	5	3
46	7	1
46	8	4
46	9	2
46	10	3
46	11	2
46	12	3
46	13	1
46	14	2
46	15	3
46	18	4
46	21	3
46	26	1
46	27	1
46	28	2
46	30	4
46	31	2
46	32	2
46	33	1
46	34	1
46	35	2
46	36	1
46	37	1
46	38	6
46	39	1
46	40	3
46	41	4
46	42	3
46	43	4
46	44	5
46	45	6
47	1	3
47	2	2
47	3	1
47	4	2
47	5	2
47	8	3
47	9	2
47	10	4
47	11	2
47	12	1
47	14	2
47	15	2
47	16	1
47	18	2
47	19	1
47	20	1
47	23	2
47	27	1
47	28	4
47	30	2
47	32	3
47	34	2
47	35	2
47	36	1
47	37	3
47	38	2
47	39	4
47	40	2
47	41	6
47	43	2
47	44	3
47	45	3
47	46	5
48	2	1
48	3	1
48	7	1
48	8	1
48	10	1
48	11	1
48	13	2
48	15	2
48	20	1
48	22	1
48	27	1
48	28	1
48	30	2
48	31	2
48	35	4
48	36	1
48	37	2
48	38	2
48	40	2
48	41	4
48	42	2
48	43	6
48	44	3
48	45	3
48	46	2
48	47	16
49	1	1
49	2	1
49	3	1
49	4	2
49	5	1
49	6	3
49	7	3
49	8	4
49	9	1
49	10	1
49	11	2
49	12	1
49	13	3
49	14	1
49	15	1
49	16	5
49	18	3
49	19	2
49	20	1
49	21	1
49	24	1
49	25	1
49	27	5
49	28	6
49	29	2
49	31	3
49	32	2
49	33	2
49	34	1
49	35	1
49	37	1
49	38	4
49	39	7
49	40	2
49	41	5
49	42	4
49	43	2
49	44	4
49	45	4
49	46	3
49	47	6
49	48	6
50	1	2
50	3	2
50	5	2
50	8	4
50	9	1
50	10	1
50	12	3
50	13	1
50	14	1
50	15	2
50	18	1
50	22	3
50	27	1
50	28	1
50	29	1
50	35	1
50	36	2
50	37	1
50	38	5
50	39	3
50	40	4
50	41	3
50	42	2
50	43	4
50	44	3
50	46	2
50	47	5
50	48	2
50	49	8
51	5	1
51	8	3
51	9	1
51	11	1
51	12	2
51	13	3
51	14	2
51	15	4
51	16	3
51	17	2
51	20	6
51	23	1
51	27	4
51	28	2
51	29	1
51	30	4
51	32	1
51	33	2
51	34	4
51	36	3
51	37	6
51	38	7
51	39	6
51	40	4
51	41	2
51	42	4
51	43	1
51	45	3
51	46	3
51	47	2
51	48	3
51	49	9
51	50	1
52	0	1
52	4	3
52	6	3
52	7	2
52	8	1
52	9	2
52	10	5
52	11	3
52	12	1
52	13	2
52	14	2
52	16	1
52	17	2
52	18	1
52	19	2
52	20	1
52	25	1
52	26	2
52	27	4
52	28	2
52	29	2
52	30	1
52	31	3
52	32	4
52	33	3
52	34	1
52	35	3
52	36	1
52	37	3
52	38	5
52	39	2
52	40	2
52	41	4
52	43	2
52	44	1
52	45	1
52	46	6
52	47	2
52	48	2
52	49	7
52	50	4
52	51	21
53	2	1
53	3	1
53	4	1
53	5	3
53	6	2
53	8	1
53	9	1
53	10	1
53	11	5
53	12	2
53	13	4
53	14	4
53	15	3
53	18	3
53	19	3
53	20	2
53	22	2
53	24	2
53	26	1
53	27	2
53	28	3
53	29	2
53	30	3
53	31	2
53	32	1
53	33	3
53	34	3
53	35	4
53	36	1
53	37	2
53	38	5
53	39	3
53	40	6
53	41	3
53	42	2
53	43	3
53	44	3
53	45	3
53	46	5
53	47	7
53	48	2
53	49	15
53	50	3
53	51	11
53	52	5
54	0	3
54	1	3
54	2	2
54	4	4
54	6	1
54	8	2
54	9	4
54	10	2
54	11	3
54	12	3
54	13	2
54	14	3
54	15	1
54	16	3
54	17	2
54	18	1
54	19	2
54	20	1
54	26	1
54	27	3
54	28	1
54	29	2
54	30	1
54	31	2
54	32	4
54	33	6
54	35	3
54	37	2
54	38	4
54	39	4
54	40	4
54	41	6
54	42	4
54	43	7
54	44	1
54	45	4
54	46	11
54	47	13
54	48	10
54	49	7
54	50	5
54	52	2
54	53	7
55	0	1
55	1	1
55	2	6
55	3	1
55	4	2
55	5	3
55	8	3
55	9	2
55	10	5
55	11	3
55	12	2
55	13	6
55	14	1
55	16	2
55	17	4
55	18	3
55	19	3
55	20	2
55	21	2
55	22	2
55	24	1
55	25	1
55	27	2
55	28	3
55	29	2
55	30	3
55	31	1
55	33	3
55	34	2
55	35	1
55	37	4
55	38	3
55	39	3
55	40	3
55	41	1
55	42	5
55	43	5
55	44	4
55	45	3
55	46	8
55	47	4
55	48	2
55	49	2
55	50	4
55	51	2
55	52	3
55	53	3
55	54	10
56	3	1
56	4	2
56	5	1
56	6	2
56	10	2
56	11	1
56	12	2
56	13	2
56	17	2
56	18	1
56	19	5
56	21	1
56	23	1
56	26	1
56	27	1
56	28	1
56	29	4
56	30	3
56	31	1
56	33	1
56	34	3
56	35	1
56	37	1
56	38	6
56	39	2
56	40	6
56	41	5
56	42	1
56	43	6
56	44	2
56	45	2
56	46	7
56	47	11
56	48	7
56	49	4
56	50	4
56	51	1
56	52	2
56	53	4
56	54	6
56	55	4
57	0	2
57	2	1
57	3	2
57	4	1
57	6	2
57	9	2
57	13	3
57	14	2
57	16	2
57	17	2
57	18	4
57	19	1
57	22	1
57	23	1
57	24	2
57	25	1
57	27	4
57	28	2
57	29	1
57	30	5
57	31	2
57	32	4
57	34	1
57	35	1
57	37	1
57	38	4
57	39	1
57	40	2
57	41	3
57	42	5
57	44	1
57	45	1
57	46	5
57	47	3
57	48	4
57	49	9
57	50	1
57	51	3
57	52	4
57	53	6
57	54	4
57	55	4
57	56	9
58	0	1
58	1	2
58	4	3
58	9	2
58	10	2
58	12	1
58	13	4
58	15	1
58	17	3
58	19	1
58	23	1
58	26	2
58	27	1
58	28	2
58	29	2
58	30	2
58	31	5
58	32	1
58	33	3
58	35	1
58	36	2
58	37	1
58	38	2
58	39	2
58	40	2
58	41	3
58	42	1
58	43	4
58	44	3
58	45	1
58	46	5
58	47	4
58	48	3
58	49	6
58	50	1
58	51	3
58	52	4
58	53	3
58	54	1
58	55	3
58	56	2
58	57	7
59	1	1
59	2	2
59	3	3
59	4	2
59	5	4
59	8	5
59	10	2
59	12	1
59	14	2
59	15	1
59	16	2
59	17	3
59	18	3
59	19	1
59	20	2
59	21	1
59	24	2
59	26	1
59	28	5
59	29	2
59	30	4
59	31	7
59	32	5
59	33	9
59	34	3
59	35	2
59	37	1
59	38	4
59	39	3
59	40	3
59	41	5
59	42	9
59	43	9
59	44	8
59	45	2
59	46	6
59	47	2
59	48	5
59	49	4
59	50	1
59	51	3
59	52	1
59	53	1
59	54	5
59	55	4
59	56	3
59	57	7
59	58	9
60	0	2
60	1	1
60	2	1
60	4	1
60	5	3
60	6	1
60	8	4
60	9	5
60	10	3
60	11	5
60	12	3
60	13	4
60	15	2
60	16	9
60	17	3
60	18	3
60	19	3
60	20	2
60	21	5
60	22	1
60	26	3
60	27	4
60	28	5
60	29	4
60	30	2
60	31	2
60	32	2
60	34	3
60	35	2
60	36	1
60	37	2
60	38	6
60	39	5
60	41	5
60	42	2
60	43	4
60	45	5
60	46	6
60	47	5
60	48	3
60	49	10
60	50	6
60	51	14
60	52	18
60	53	12
60	54	6
60	55	4
60	56	4
60	57	4
60	58	2
