1	0	16
2	0	3
2	1	12
3	0	4
3	1	9
3	2	4
4	0	2
4	1	5
4	2	2
4	3	6
5	0	3
5	2	4
5	3	3
5	4	13
6	1	1
6	2	2
6	3	5
6	4	1
6	5	2
7	1	3
7	3	3
7	4	4
7	5	3
7	6	9
8	0	2
8	1	4
8	2	1
8	3	2
8	4	15
8	5	4
8	6	4
8	7	8
9	1	2
9	2	3
9	3	6
9	4	13
9	5	3
9	6	3
9	7	4
9	8	9
10	0	3
10	1	1
10	2	1
10	3	7
10	4	4
10	5	12
10	6	7
10	7	2
10	8	4
10	9	7
11	0	2
11	1	2
11	3	2
11	4	3
11	5	1
11	6	8
11	7	3
11	8	1
11	9	6
11	10	6
12	1	2
12	2	2
12	3	1
12	4	5
12	5	1
12	7	2
12	8	3
12	9	5
12	10	13
12	11	12
13	0	4
13	1	3
13	2	6
13	3	3
13	4	4
13	5	2
13	6	3
13	7	2
13	8	4
13	9	3
13	10	3
13	11	1
13	12	4
14	1	1
14	2	2
14	3	2
14	4	1
14	5	1
14	6	1
14	7	3
14	9	1
14	10	1
14	11	3
14	12	3
14	13	2
15	2	1
15	3	5
15	4	2
15	5	2
15	6	4
15	7	1
15	8	1
15	9	3
15	10	4
15	11	1
15	13	3
15	14	7
16	1	2
16	2	5
16	4	3
16	5	6
16	6	2
16	7	1
16	8	5
16	9	5
16	10	2
16	11	4
16	12	5
16	13	10
16	14	5
16	15	5
17	1	2
17	2	4
17	3	1
17	4	4
17	6	5
17	7	3
17	8	4
17	9	5
17	10	1
17	11	4
17	12	3
17	13	1
17	14	8
17	15	5
17	16	10
18	1	1
18	2	1
18	3	1
18	4	4
18	5	1
18	6	1
18	7	1
18	8	4
18	9	3
18	10	2
18	11	2
18	12	3
18	13	3
18	14	3
18	15	1
18	16	4
18	17	6
19	1	1
19	2	2
19	3	2
19	4	6
19	5	5
19	6	1
19	7	3
19	8	3
19	9	3
19	10	6
19	11	1
19	12	1
19	13	9
19	14	1
19	15	4
19	16	4
19	17	3
19	18	9
20	1	1
20	3	2
20	4	3
20	5	6
20	6	4
20	7	2
20	8	3
20	9	3
20	10	4
20	11	3
20	12	2
20	13	4
20	14	2
20	15	4
20	16	4
20	17	2
20	18	6
20	19	16
21	0	1
21	1	2
21	2	5
21	3	1
21	4	6
21	5	3
21	6	1
21	7	2
21	8	5
21	9	3
21	10	1
21	11	3
21	12	3
21	13	4
21	15	2
21	16	2
21	17	3
21	18	4
21	19	8
21	20	6
22	1	1
22	3	1
22	4	1
22	5	3
22	6	3
22	7	2
22	8	5
22	10	3
22	12	6
22	13	3
22	14	1
22	15	4
22	16	3
22	17	1
22	18	6
22	19	3
22	20	2
22	21	7
23	1	1
23	3	4
23	4	5
23	5	3
23	7	1
23	9	4
23	10	3
23	11	3
23	13	2
23	14	6
23	15	3
23	16	1
23	18	2
23	19	1
23	20	10
23	21	4
23	22	12
24	1	3
24	3	1
24	4	3
24	6	2
24	7	2
24	8	2
24	9	2
24	10	1
24	11	4
24	12	1
24	13	2
24	14	3
24	16	5
24	17	1
24	18	3
24	19	4
24	20	4
24	22	3
24	23	7
25	3	1
25	16	1
25	17	1
25	21	2
26	1	1
26	3	2
26	8	2
26	13	1
26	14	6
26	15	1
26	16	2
26	17	1
26	18	1
26	19	1
26	24	1
27	4	4
27	5	1
27	6	1
27	8	1
27	9	2
27	11	1
27	12	1
27	13	2
27	14	2
27	15	6
27	16	2
27	17	3
27	18	7
27	19	2
27	20	1
27	21	1
27	22	6
27	23	5
27	24	2
28	0	1
28	1	3
28	2	1
28	3	1
28	4	3
28	5	4
28	6	2
28	7	1
28	8	2
28	9	6
28	10	3
28	11	4
28	12	2
28	13	5
28	14	6
28	15	1
28	16	1
28	17	4
28	18	4
28	19	2
28	20	3
28	21	3
28	22	2
28	23	2
28	24	1
28	26	2
28	27	7
29	1	2
29	2	3
29	3	4
29	5	1
29	6	2
29	8	2
29	9	1
29	10	3
29	12	1
29	13	1
29	14	5
29	15	2
29	16	2
29	17	4
29	18	3
29	19	1
29	20	3
29	21	2
29	22	1
29	24	3
29	27	2
29	28	1
30	1	2
30	2	5
30	3	1
30	4	7
30	5	1
30	6	1
30	7	2
30	8	2
30	9	5
30	11	2
30	12	3
30	13	3
30	14	2
30	15	1
30	16	1
30	17	2
30	18	1
30	19	4
30	20	6
30	21	1
30	22	2
30	23	4
30	24	2
30	27	2
30	28	3
30	29	5
31	1	1
31	2	3
31	3	5
31	5	2
31	8	2
31	9	1
31	11	2
31	12	2
31	13	3
31	14	1
31	15	2
31	16	2
31	17	3
31	18	3
31	19	1
31	20	1
31	21	2
31	22	3
31	23	1
31	24	3
31	26	2
31	27	3
31	28	10
31	29	5
31	30	7
32	0	1
32	1	1
32	2	3
32	3	1
32	4	1
32	5	2
32	6	2
32	8	1
32	9	1
32	10	1
32	11	3
32	12	3
32	13	2
32	14	3
32	16	1
32	17	1
32	18	2
32	19	2
32	20	6
32	21	3
32	22	1
32	23	2
32	24	1
32	27	3
32	28	7
32	29	1
32	30	7
32	31	5
33	1	1
33	2	2
33	3	5
33	4	2
33	5	4
33	6	3
33	7	1
33	8	7
33	10	2
33	11	1
33	12	2
33	14	2
33	15	1
33	16	2
33	18	2
33	19	1
33	21	1
33	22	1
33	23	3
33	24	3
33	26	3
33	27	5
33	28	5
33	29	5
33	30	7
33	31	8
33	32	10
34	1	6
34	2	1
34	3	5
34	4	1
34	5	5
34	6	2
34	7	1
34	8	4
34	9	2
34	10	3
34	11	1
34	12	1
34	13	1
34	15	2
34	16	1
34	17	1
34	18	3
34	19	5
34	20	1
34	21	11
34	22	8
34	23	3
34	24	3
34	27	3
34	28	2
34	29	2
34	30	4
34	31	5
34	32	5
34	33	10
35	0	2
35	1	4
35	2	1
35	3	2
35	4	3
35	5	2
35	6	4
35	7	4
35	8	1
35	9	6
35	10	6
35	11	3
35	12	3
35	13	7
35	14	6
35	15	2
35	16	1
35	17	2
35	18	10
35	19	7
35	20	4
35	21	5
35	22	4
35	23	3
35	24	2
35	26	1
35	27	7
35	28	9
35	29	5
35	30	5
35	31	8
35	32	3
35	33	10
35	34	7
36	1	2
36	2	1
36	3	2
36	4	1
36	5	3
36	6	2
36	7	1
36	8	3
36	9	3
36	10	2
36	11	3
36	12	5
36	13	4
36	14	1
36	15	1
36	16	3
36	17	2
36	18	3
36	19	5
36	20	1
36	21	2
36	22	1
36	24	2
36	26	2
36	27	1
36	28	3
36	29	4
36	31	1
36	33	2
36	34	3
36	35	5
37	1	1
37	2	2
37	3	5
37	4	5
37	5	1
37	6	2
37	7	2
37	9	6
37	10	2
37	11	2
37	12	3
37	13	5
37	14	1
37	15	4
37	16	2
37	17	3
37	18	8
37	19	6
37	21	4
37	22	1
37	23	2
37	26	2
37	28	4
37	29	3
37	30	2
37	31	2
37	32	2
37	33	2
37	34	3
37	35	14
37	36	3
38	0	2
38	2	1
38	3	4
38	4	3
38	5	4
38	6	2
38	7	3
38	8	1
38	9	3
38	10	4
38	11	3
38	12	3
38	13	9
38	14	4
38	15	5
38	16	13
38	17	7
38	18	8
38	19	5
38	20	2
38	21	4
38	22	1
38	24	1
38	25	2
38	26	2
38	27	5
38	28	11
38	29	6
38	30	2
38	31	5
38	32	3
38	33	5
38	34	5
38	35	9
38	36	8
38	37	9
39	2	5
39	3	6
39	4	1
39	5	1
39	6	3
39	7	2
39	8	5
39	9	6
39	10	7
39	11	2
39	12	6
39	13	6
39	14	4
39	15	2
39	16	4
39	17	3
39	18	1
39	19	2
39	20	3
39	21	2
39	22	2
39	24	3
39	26	1
39	27	4
39	28	9
39	29	4
39	30	6
39	32	3
39	33	2
39	34	2
39	35	6
39	36	5
39	37	8
39	38	19
40	1	1
40	2	3
40	3	3
40	4	1
40	5	1
40	6	2
40	8	3
40	9	3
40	10	1
40	11	4
40	12	2
40	13	4
40	14	4
40	15	4
40	16	1
40	17	4
40	18	3
40	19	4
40	20	2
40	21	3
40	22	2
40	23	2
40	24	2
40	26	2
40	27	1
40	28	6
40	29	1
40	30	6
40	31	3
40	32	2
40	33	5
40	34	2
40	35	5
40	36	4
40	37	4
40	38	15
40	39	6
41	1	2
41	2	1
41	3	3
41	4	3
41	5	4
41	6	3
41	7	1
41	9	2
41	10	6
41	11	1
41	12	3
41	13	3
41	14	2
41	15	1
41	16	3
41	17	2
41	19	4
41	20	2
41	21	1
41	22	1
41	24	2
41	27	2
41	28	2
41	30	2
41	31	3
41	32	2
41	33	2
41	34	4
41	35	1
41	36	3
41	37	10
41	38	15
41	39	3
41	40	20
42	0	4
42	3	3
42	4	2
42	5	1
42	7	1
42	8	2
42	9	2
42	10	1
42	12	2
42	13	3
42	14	3
42	15	1
42	16	2
42	17	8
42	18	1
42	19	2
42	20	2
42	21	6
42	22	4
42	23	1
42	26	2
42	27	1
42	28	5
42	29	4
42	30	3
42	31	4
42	32	1
42	33	5
42	35	2
42	36	2
42	37	1
42	38	6
42	39	5
42	40	3
42	41	12
43	2	3
43	4	3
43	5	4
43	6	2
43	8	5
43	9	1
43	11	2
43	13	1
43	14	2
43	16	1
43	17	2
43	18	1
43	19	2
43	20	1
43	21	3
43	22	1
43	23	1
43	24	1
43	25	1
43	26	1
43	27	1
43	29	5
43	30	6
43	31	7
43	32	3
43	33	3
43	34	4
43	35	3
43	36	2
43	37	2
43	38	1
43	39	2
43	40	7
43	41	3
43	42	9
44	0	2
44	1	1
44	2	3
44	3	2
44	4	2
44	5	3
44	6	1
44	7	2
44	8	4
44	9	2
44	10	1
44	11	2
44	12	1
44	14	2
44	16	1
44	17	3
44	18	1
44	19	1
44	21	2
44	26	1
44	27	2
44	29	2
44	30	4
44	31	6
44	32	5
44	33	1
44	35	4
44	36	3
44	37	1
44	38	8
44	39	5
44	40	2
44	41	8
44	42	1
44	43	11
45	0	1
45	1	2
45	2	3
45	3	2
45	4	2
45	5	2
45	7	1
45	8	5
45	12	2
45	13	2
45	17	1
45	18	3
45	19	1
45	20	1
45	24	2
45	26	1
45	27	1
45	28	4
45	29	1
45	30	4
45	31	1
45	33	1
45	34	1
45	35	1
45	36	1
45	37	1
45	38	4
45	39	2
45	40	3
45	41	3
45	42	4
45	43	9
45	44	6
46	3	1
46	4	2
46	5	4
46	8	3
46	12	1
46	13	2
46	14	2
46	15	1
46	18	1
46	19	4
46	21	1
46	22	2
46	26	2
46	27	2
46	28	4
46	29	1
46	30	3
46	31	7
46	32	4
46	34	1
46	35	2
46	36	4
46	37	1
46	38	6
46	39	1
46	40	3
46	41	6
46	42	4
46	43	7
46	44	5
46	45	11
47	1	2
47	2	5
47	3	1
47	5	1
47	6	2
47	8	1
47	10	5
47	11	2
47	13	3
47	14	2
47	15	4
47	17	3
47	18	2
47	19	3
47	23	1
47	24	2
47	27	2
47	28	2
47	29	4
47	30	3
47	31	1
47	32	1
47	34	2
47	35	2
47	36	5
47	37	5
47	38	4
47	39	1
47	40	5
47	41	2
47	42	3
47	43	5
47	44	4
47	45	3
47	46	10
48	1	4
48	6	1
48	7	2
48	8	1
48	10	1
48	11	1
48	12	1
48	13	2
48	15	2
48	20	2
48	28	2
48	31	1
48	35	2
48	36	1
48	37	2
48	38	5
48	39	4
48	40	3
48	41	1
48	42	2
48	43	5
48	45	4
48	46	3
48	47	13
49	0	1
49	1	3
49	3	3
49	5	2
49	6	3
49	7	1
49	8	3
49	9	3
49	10	3
49	11	3
49	12	2
49	13	4
49	14	1
49	15	3
49	16	4
49	17	2
49	20	2
49	21	1
49	23	2
49	24	2
49	27	2
49	28	2
49	29	1
49	30	1
49	31	3
49	32	3
49	33	2
49	34	2
49	35	3
49	36	2
49	38	3
49	39	3
49	40	5
49	41	4
49	42	2
49	43	4
49	44	4
49	45	7
49	46	5
49	47	6
49	48	8
50	1	1
50	4	3
50	8	2
50	9	1
50	10	1
50	12	2
50	14	1
50	15	1
50	18	1
50	22	3
50	23	1
50	27	2
50	28	2
50	32	2
50	35	2
50	37	1
50	38	2
50	39	2
50	40	2
50	41	2
50	42	2
50	43	2
50	45	1
50	46	1
50	47	4
50	48	4
50	49	10
51	1	3
51	5	1
51	7	2
51	8	1
51	9	3
51	10	1
51	11	3
51	13	5
51	14	3
51	15	2
51	16	5
51	17	3
51	18	1
51	19	5
51	24	1
51	27	2
51	28	5
51	29	1
51	30	2
51	31	2
51	32	1
51	33	3
51	34	3
51	35	1
51	36	1
51	37	2
51	38	4
51	39	6
51	40	3
51	41	4
51	42	4
51	43	2
51	44	1
51	45	2
51	46	2
51	47	5
51	48	3
51	49	8
51	50	5
52	0	2
52	6	1
52	7	1
52	8	1
52	10	2
52	11	1
52	12	1
52	13	2
52	14	2
52	15	2
52	16	4
52	17	2
52	18	1
52	19	1
52	21	1
52	24	1
52	26	4
52	27	1
52	28	4
52	29	3
52	30	1
52	31	1
52	32	5
52	33	2
52	34	3
52	35	2
52	36	5
52	37	3
52	38	6
52	39	4
52	40	1
52	41	3
52	42	3
52	43	6
52	44	2
52	45	3
52	46	1
52	47	2
52	49	4
52	50	11
52	51	17
53	1	2
53	2	1
53	4	5
53	6	1
53	8	5
53	9	3
53	10	2
53	11	3
53	12	2
53	13	2
53	14	1
53	15	4
53	16	2
53	17	1
53	19	2
53	20	2
53	22	3
53	27	1
53	28	2
53	31	1
53	32	3
53	33	1
53	35	4
53	36	3
53	37	2
53	38	11
53	39	2
53	40	1
53	41	3
53	42	3
53	43	4
53	44	1
53	45	2
53	46	3
53	47	4
53	48	1
53	49	15
53	50	8
53	51	5
53	52	10
54	0	1
54	1	1
54	2	1
54	3	4
54	4	4
54	5	1
54	6	3
54	8	3
54	9	3
54	11	2
54	12	3
54	13	3
54	17	3
54	19	1
54	26	3
54	27	3
54	28	3
54	29	1
54	30	5
54	31	4
54	32	2
54	33	1
54	34	2
54	36	3
54	38	3
54	40	4
54	41	4
54	42	3
54	43	4
54	44	1
54	46	1
54	47	8
54	48	4
54	49	8
54	50	3
54	51	3
54	52	1
54	53	4
55	0	2
55	1	2
55	2	2
55	3	2
55	4	2
55	8	3
55	9	1
55	10	3
55	11	1
55	12	1
55	13	1
55	15	1
55	17	1
55	18	2
55	21	1
55	22	2
55	24	1
55	27	3
55	28	4
55	29	1
55	30	3
55	31	1
55	32	4
55	33	3
55	35	4
55	36	3
55	38	5
55	39	1
55	40	5
55	41	4
55	42	2
55	43	2
55	44	1
55	45	6
55	46	5
55	47	8
55	49	6
55	50	4
55	51	3
55	52	3
55	53	6
55	54	19
56	3	3
56	5	2
56	8	1
56	9	1
56	10	2
56	11	1
56	12	1
56	13	1
56	15	2
56	17	1
56	19	2
56	21	2
56	22	2
56	23	1
56	26	2
56	27	2
56	28	2
56	29	2
56	30	2
56	31	4
56	32	2
56	33	1
56	35	2
56	36	1
56	37	1
56	38	3
56	40	2
56	41	4
56	42	2
56	43	8
56	44	2
56	45	6
56	46	4
56	47	4
56	48	8
56	49	2
56	50	1
56	51	3
56	52	1
56	53	6
56	54	2
56	55	3
57	0	2
57	4	2
57	6	1
57	8	1
57	9	1
57	10	1
57	11	3
57	12	4
57	13	1
57	14	2
57	15	1
57	16	4
57	18	3
57	19	1
57	23	2
57	24	1
57	27	1
57	28	1
57	29	1
57	31	5
57	32	4
57	33	3
57	34	2
57	35	3
57	36	2
57	37	1
57	38	3
57	39	5
57	40	1
57	41	5
57	42	4
57	43	6
57	44	2
57	45	4
57	46	5
57	47	6
57	48	5
57	49	9
57	50	1
57	51	3
57	52	4
57	53	6
57	54	3
57	55	7
57	56	12
58	0	1
58	4	2
58	8	2
58	9	2
58	12	1
58	13	5
58	14	2
58	15	1
58	18	3
58	19	1
58	20	2
58	23	1
58	26	3
58	27	1
58	28	4
58	29	3
58	30	2
58	31	2
58	32	3
58	33	2
58	34	2
58	37	2
58	38	1
58	39	2
58	40	4
58	41	4
58	42	2
58	43	9
58	44	3
58	45	3
58	46	2
58	47	1
58	48	3
58	49	1
58	50	3
58	51	3
58	52	4
58	53	2
58	54	4
58	55	1
58	56	9
58	57	3
59	1	1
59	2	2
59	3	4
59	5	2
59	7	2
59	8	3
59	9	3
59	10	1
59	11	1
59	12	1
59	13	4
59	14	5
59	16	2
59	18	1
59	19	1
59	22	4
59	24	1
59	26	3
59	27	5
59	28	5
59	29	5
59	30	3
59	31	6
59	32	5
59	33	1
59	34	1
59	35	3
59	36	3
59	37	1
59	38	2
59	39	2
59	40	5
59	41	4
59	42	7
59	43	11
59	44	8
59	45	3
59	46	2
59	47	2
59	48	2
59	49	3
59	50	1
59	51	5
59	52	1
59	53	1
59	55	6
59	56	10
59	58	5
60	0	1
60	1	1
60	3	3
60	4	4
60	6	1
60	7	1
60	8	2
60	9	1
60	10	4
60	11	1
60	12	5
60	13	6
60	14	3
60	15	5
60	16	1
60	17	4
60	19	2
60	20	4
60	22	3
60	24	2
60	26	3
60	27	3
60	28	2
60	29	1
60	30	3
60	32	1
60	33	2
60	34	2
60	35	5
60	37	5
60	38	8
60	39	8
60	40	3
60	41	6
60	42	5
60	43	6
60	45	2
60	46	3
60	47	3
60	48	5
60	49	7
60	50	3
60	51	11
60	52	18
60	53	14
60	54	3
60	55	4
60	56	4
60	57	4
60	58	2
