1	0	13
2	0	3
2	1	13
3	0	3
3	1	6
3	2	5
4	0	1
4	1	3
4	2	4
4	3	3
5	0	1
5	1	4
5	2	3
5	3	5
5	4	8
6	0	1
6	1	1
6	3	1
6	4	6
6	5	5
7	1	1
7	2	1
7	3	3
7	4	3
7	5	4
7	6	7
8	0	2
8	1	4
8	2	4
8	3	5
8	4	11
8	5	10
8	6	11
8	7	6
9	0	2
9	1	3
9	2	1
9	3	4
9	4	10
9	5	4
9	6	1
9	7	4
9	8	8
10	0	2
10	1	5
10	2	2
10	3	3
10	4	3
10	5	2
10	6	2
10	7	5
10	8	6
10	9	4
11	0	2
11	1	1
11	3	3
11	4	4
11	5	2
11	6	3
11	7	3
11	8	3
11	9	2
11	10	11
12	1	1
12	2	1
12	3	3
12	4	5
12	6	1
12	7	1
12	8	7
12	9	2
12	10	15
12	11	11
13	0	1
13	1	2
13	2	1
13	3	5
13	4	6
13	5	2
13	7	3
13	8	3
13	9	2
13	10	7
13	11	4
13	12	2
14	2	2
14	3	1
14	4	4
14	5	2
14	6	1
14	7	2
14	8	1
14	9	1
14	10	4
14	11	4
14	12	4
14	13	7
15	0	1
15	2	2
15	3	1
15	4	2
15	5	1
15	6	2
15	7	1
15	8	2
15	9	2
15	10	5
15	11	3
15	12	1
15	13	9
15	14	10
16	1	1
16	2	2
16	3	2
16	4	3
16	5	3
16	8	1
16	9	3
16	10	2
16	11	2
16	12	5
16	13	7
16	14	12
16	15	3
17	1	1
17	2	2
17	3	2
17	4	3
17	5	1
17	6	3
17	7	2
17	8	2
17	9	2
17	10	3
17	11	3
17	12	3
17	13	8
17	14	4
17	15	5
17	16	9
18	0	1
18	1	1
18	2	1
18	3	1
18	4	5
18	5	2
18	6	2
18	7	4
18	8	2
18	9	2
18	10	2
18	11	3
18	12	2
18	13	7
18	14	2
18	15	5
18	16	5
18	17	3
19	1	2
19	2	1
19	3	3
19	4	7
19	5	2
19	7	4
19	8	3
19	9	1
19	10	4
19	11	3
19	12	1
19	13	3
19	15	5
19	16	8
19	17	6
19	18	7
20	2	2
20	3	4
20	4	7
20	5	6
20	6	6
20	7	4
20	8	8
20	9	5
20	11	1
20	12	4
20	13	3
20	14	4
20	15	4
20	17	8
20	18	9
20	19	9
21	0	1
21	1	2
21	2	2
21	3	2
21	4	1
21	5	5
21	6	3
21	8	2
21	9	2
21	10	4
21	11	3
21	12	3
21	13	2
21	14	3
21	16	2
21	17	2
21	18	6
21	19	6
21	20	6
22	1	1
22	3	2
22	4	7
22	5	2
22	6	3
22	7	2
22	8	5
22	9	1
22	10	5
22	12	4
22	13	3
22	15	1
22	16	1
22	17	7
22	18	4
22	19	6
22	20	12
22	21	7
23	1	1
23	3	1
23	4	6
23	5	2
23	6	2
23	7	8
23	8	2
23	9	1
23	10	1
23	11	3
23	12	3
23	13	2
23	14	2
23	15	1
23	16	1
23	17	2
23	18	4
23	19	1
23	20	5
23	21	2
23	22	6
24	1	1
24	2	2
24	3	2
24	4	4
24	6	3
24	7	1
24	8	6
24	9	3
24	10	3
24	11	1
24	12	3
24	14	3
24	15	2
24	16	2
24	17	5
24	18	5
24	19	3
24	20	7
24	21	1
24	22	6
24	23	9
25	0	1
25	4	1
25	11	1
25	15	1
25	16	1
25	21	1
26	1	2
26	18	1
26	19	1
26	20	4
26	22	1
26	24	3
27	4	1
27	5	1
27	6	1
27	7	2
27	8	2
27	9	2
27	11	1
27	12	3
27	13	1
27	14	5
27	15	4
27	16	5
27	17	5
27	18	6
27	19	3
27	20	2
27	21	1
27	22	4
27	23	3
27	24	3
28	1	2
28	3	2
28	4	2
28	5	5
28	6	2
28	7	2
28	9	2
28	10	3
28	11	3
28	12	2
28	13	2
28	14	4
28	15	4
28	16	3
28	17	3
28	18	3
28	19	2
28	20	6
28	21	5
28	23	2
28	24	3
28	26	2
28	27	9
29	1	1
29	2	2
29	3	3
29	5	2
29	7	1
29	9	3
29	10	2
29	12	1
29	13	1
29	15	2
29	16	3
29	17	2
29	18	1
29	19	3
29	20	3
29	21	3
29	22	2
29	24	1
29	27	1
29	28	3
30	0	2
30	1	1
30	2	2
30	3	4
30	4	4
30	5	2
30	6	3
30	7	1
30	8	2
30	9	5
30	10	4
30	11	2
30	12	3
30	13	3
30	15	1
30	16	4
30	17	1
30	18	4
30	19	1
30	20	2
30	21	1
30	22	1
30	23	2
30	26	2
30	27	4
30	28	1
30	29	6
31	2	2
31	3	2
31	4	2
31	10	2
31	13	3
31	16	1
31	18	3
31	19	1
31	20	2
31	21	1
31	24	1
31	26	1
31	27	1
31	28	3
31	29	3
31	30	6
32	1	1
32	4	1
32	5	1
32	6	1
32	8	3
32	10	1
32	11	3
32	12	1
32	13	4
32	14	2
32	16	1
32	17	1
32	18	2
32	19	1
32	20	3
32	21	2
32	22	2
32	24	3
32	26	1
32	27	4
32	28	4
32	29	1
32	30	5
32	31	4
33	1	1
33	3	3
33	4	2
33	5	4
33	6	1
33	7	1
33	8	2
33	9	5
33	11	3
33	12	3
33	13	3
33	14	2
33	15	3
33	16	1
33	18	3
33	19	1
33	20	3
33	21	1
33	23	2
33	24	4
33	26	3
33	27	2
33	28	7
33	29	1
33	30	10
33	31	3
33	32	8
34	1	2
34	3	5
34	4	2
34	5	3
34	6	2
34	7	1
34	8	3
34	9	6
34	11	1
34	12	3
34	13	1
34	14	4
34	15	3
34	16	3
34	17	2
34	18	8
34	19	5
34	20	2
34	21	7
34	22	6
34	23	5
34	24	5
34	26	1
34	27	4
34	28	4
34	29	1
34	30	5
34	31	2
34	32	6
34	33	6
35	1	1
35	2	2
35	3	1
35	4	3
35	5	5
35	6	2
35	7	1
35	8	2
35	9	4
35	10	8
35	11	4
35	12	4
35	13	8
35	14	3
35	15	2
35	16	8
35	17	3
35	18	14
35	19	5
35	20	2
35	21	4
35	22	2
35	23	3
35	24	2
35	26	3
35	27	2
35	28	11
35	29	4
35	30	2
35	31	2
35	32	7
35	33	3
35	34	5
36	0	1
36	1	3
36	3	4
36	4	2
36	5	2
36	6	1
36	7	1
36	8	4
36	9	2
36	10	6
36	11	3
36	12	2
36	13	3
36	14	1
36	15	3
36	16	3
36	17	1
36	19	2
36	20	1
36	21	3
36	22	1
36	24	2
36	27	3
36	28	6
36	29	3
36	30	2
36	31	2
36	32	2
36	33	3
36	34	2
36	35	3
37	1	3
37	2	5
37	3	1
37	4	5
37	5	2
37	7	2
37	8	6
37	9	5
37	10	5
37	11	1
37	12	6
37	13	7
37	14	2
37	15	4
37	16	7
37	17	7
37	18	2
37	19	3
37	20	3
37	21	5
37	22	5
37	23	4
37	24	2
37	25	4
37	27	3
37	28	9
37	29	2
37	30	1
37	31	1
37	33	5
37	34	3
37	35	9
37	36	5
38	0	3
38	2	5
38	3	3
38	4	3
38	5	2
38	6	1
38	7	1
38	8	5
38	9	3
38	10	2
38	11	1
38	12	1
38	13	7
38	14	4
38	15	7
38	16	8
38	17	2
38	18	6
38	19	1
38	20	5
38	21	3
38	22	3
38	23	4
38	24	3
38	26	2
38	27	3
38	28	11
38	29	5
38	30	1
38	32	2
38	33	3
38	34	2
38	35	4
38	36	7
38	37	8
39	1	2
39	4	1
39	5	2
39	6	2
39	7	2
39	8	3
39	9	2
39	10	2
39	11	3
39	12	3
39	13	16
39	14	5
39	15	3
39	16	4
39	17	2
39	18	6
39	19	4
39	20	3
39	21	3
39	22	4
39	23	2
39	24	2
39	26	2
39	27	5
39	28	8
39	29	5
39	30	3
39	31	1
39	32	3
39	33	2
39	35	15
39	36	6
39	37	2
39	38	18
40	1	4
40	2	3
40	3	2
40	4	1
40	6	1
40	7	3
40	8	3
40	9	5
40	10	1
40	11	2
40	12	3
40	13	4
40	15	6
40	16	3
40	17	2
40	18	4
40	19	4
40	20	4
40	21	2
40	22	2
40	23	1
40	24	2
40	25	1
40	26	3
40	27	3
40	28	10
40	29	5
40	30	3
40	31	4
40	32	5
40	33	1
40	34	4
40	35	8
40	36	9
40	37	10
40	38	14
40	39	8
41	1	3
41	2	1
41	3	1
41	4	1
41	5	3
41	7	1
41	8	2
41	9	3
41	10	6
41	11	2
41	12	3
41	13	7
41	14	3
41	16	2
41	17	4
41	18	4
41	19	1
41	20	3
41	21	4
41	22	2
41	24	2
41	25	1
41	26	3
41	28	8
41	29	2
41	30	2
41	31	7
41	32	2
41	33	8
41	34	3
41	35	6
41	36	1
41	37	3
41	38	11
41	39	6
41	40	14
42	3	1
42	4	1
42	5	3
42	6	1
42	9	4
42	13	2
42	14	4
42	15	2
42	16	3
42	18	1
42	19	4
42	20	1
42	21	2
42	22	2
42	23	3
42	27	2
42	28	8
42	29	2
42	30	3
42	31	5
42	32	1
42	33	5
42	34	1
42	35	2
42	37	4
42	38	6
42	39	3
42	40	9
42	41	9
43	1	2
43	4	5
43	6	1
43	7	3
43	8	1
43	9	2
43	10	1
43	11	1
43	12	4
43	13	4
43	14	4
43	15	2
43	16	1
43	18	5
43	20	1
43	21	2
43	22	2
43	23	1
43	24	1
43	26	3
43	27	3
43	28	2
43	29	4
43	30	7
43	31	6
43	32	2
43	33	8
43	34	1
43	35	3
43	37	1
43	38	5
43	39	2
43	40	5
43	41	5
43	42	5
44	0	1
44	1	2
44	2	1
44	3	2
44	4	2
44	5	3
44	6	2
44	8	1
44	9	3
44	10	4
44	13	2
44	14	1
44	16	2
44	17	2
44	18	1
44	19	1
44	21	1
44	26	1
44	27	1
44	28	6
44	29	5
44	30	3
44	31	5
44	32	3
44	35	1
44	36	1
44	38	4
44	40	5
44	41	3
44	42	6
44	43	10
45	0	1
45	1	1
45	2	1
45	3	1
45	4	4
45	5	1
45	6	1
45	7	1
45	8	1
45	9	2
45	10	1
45	11	2
45	13	3
45	17	2
45	18	3
45	20	2
45	24	3
45	27	2
45	28	3
45	29	2
45	30	4
45	31	4
45	33	1
45	35	3
45	36	2
45	37	1
45	38	4
45	39	3
45	40	2
45	41	5
45	42	3
45	43	13
45	44	14
46	1	3
46	2	1
46	3	1
46	4	2
46	5	1
46	7	1
46	9	3
46	11	1
46	13	2
46	18	2
46	19	2
46	21	4
46	22	1
46	26	2
46	27	1
46	28	4
46	29	2
46	30	2
46	31	3
46	32	1
46	33	2
46	34	1
46	35	2
46	37	1
46	38	5
46	39	3
46	40	1
46	41	4
46	42	5
46	43	2
46	44	5
46	45	6
47	1	2
47	2	3
47	3	1
47	4	3
47	5	1
47	8	3
47	9	1
47	10	2
47	11	1
47	12	3
47	13	3
47	14	2
47	15	2
47	16	2
47	17	2
47	20	5
47	28	3
47	29	1
47	30	1
47	31	3
47	32	4
47	33	1
47	34	3
47	35	2
47	36	3
47	37	2
47	38	8
47	39	3
47	40	4
47	41	4
47	43	2
47	44	4
47	45	3
47	46	9
48	1	1
48	2	1
48	3	1
48	4	3
48	8	3
48	10	4
48	11	1
48	12	1
48	13	1
48	25	1
48	27	1
48	30	1
48	31	4
48	35	1
48	36	3
48	37	2
48	38	1
48	39	3
48	40	1
48	42	3
48	43	3
48	44	4
48	45	4
48	46	6
48	47	9
49	0	1
49	1	3
49	2	2
49	3	1
49	4	3
49	5	2
49	7	1
49	8	2
49	9	3
49	10	1
49	11	3
49	12	2
49	13	1
49	14	3
49	15	2
49	16	1
49	17	1
49	18	2
49	19	4
49	20	4
49	21	1
49	24	3
49	25	1
49	27	1
49	28	3
49	29	1
49	30	2
49	32	1
49	33	2
49	34	1
49	35	2
49	36	3
49	37	1
49	38	3
49	39	3
49	40	9
49	41	1
49	42	5
49	43	3
49	44	8
49	45	3
49	46	6
49	47	9
49	48	10
50	1	1
50	3	1
50	5	2
50	8	2
50	10	5
50	13	1
50	15	1
50	26	2
50	27	1
50	28	3
50	29	1
50	30	3
50	31	1
50	32	1
50	35	1
50	36	1
50	38	3
50	39	1
50	40	2
50	41	4
50	43	4
50	44	2
50	45	2
50	46	1
50	47	4
50	48	4
50	49	4
51	1	2
51	4	3
51	8	1
51	9	1
51	10	2
51	11	3
51	12	1
51	13	7
51	14	2
51	15	3
51	16	3
51	17	3
51	19	1
51	20	1
51	23	2
51	24	1
51	26	1
51	27	1
51	28	1
51	30	3
51	31	2
51	32	1
51	33	3
51	34	1
51	35	4
51	36	2
51	38	4
51	39	1
51	40	5
51	41	2
51	42	3
51	43	1
51	44	2
51	45	2
51	46	6
51	47	3
51	48	5
51	49	5
51	50	4
52	6	2
52	7	1
52	8	1
52	9	1
52	10	1
52	12	2
52	13	3
52	14	2
52	15	1
52	16	2
52	17	1
52	18	2
52	21	1
52	24	2
52	27	1
52	28	6
52	29	5
52	32	2
52	34	1
52	36	2
52	37	4
52	38	1
52	39	1
52	40	3
52	41	1
52	42	2
52	44	3
52	45	3
52	46	5
52	47	5
52	48	3
52	49	4
52	50	6
52	51	15
53	2	1
53	4	1
53	6	3
53	7	1
53	8	1
53	9	1
53	10	1
53	11	1
53	12	2
53	14	3
53	15	1
53	16	2
53	17	1
53	19	2
53	20	2
53	26	2
53	27	2
53	28	3
53	30	2
53	31	1
53	32	2
53	33	6
53	34	3
53	35	1
53	37	2
53	38	5
53	39	7
53	40	3
53	41	3
53	42	3
53	44	3
53	45	4
53	46	4
53	47	7
53	48	7
53	49	13
53	50	5
53	51	9
53	52	12
54	0	2
54	1	2
54	2	2
54	3	3
54	4	2
54	5	3
54	6	1
54	8	4
54	9	1
54	10	4
54	11	3
54	13	1
54	14	1
54	15	3
54	16	2
54	17	3
54	18	2
54	19	1
54	23	1
54	27	1
54	28	4
54	29	5
54	30	4
54	31	2
54	32	3
54	33	3
54	34	2
54	35	3
54	36	2
54	37	4
54	38	5
54	39	3
54	40	4
54	41	5
54	42	3
54	43	1
54	44	2
54	45	4
54	46	9
54	47	11
54	48	7
54	49	9
54	50	3
54	51	3
54	52	4
54	53	4
55	1	1
55	2	1
55	3	2
55	4	3
55	5	2
55	8	1
55	11	2
55	12	2
55	14	2
55	15	2
55	16	3
55	17	2
55	19	2
55	22	1
55	27	4
55	28	1
55	29	1
55	30	3
55	31	2
55	32	1
55	33	3
55	34	2
55	35	2
55	36	4
55	37	5
55	38	3
55	39	3
55	40	5
55	41	4
55	42	1
55	43	3
55	44	3
55	45	3
55	46	4
55	47	7
55	48	5
55	49	4
55	50	8
55	51	3
55	52	3
55	53	5
55	54	15
56	3	1
56	4	5
56	5	1
56	6	1
56	9	1
56	10	1
56	11	1
56	12	1
56	13	3
56	15	1
56	17	1
56	18	2
56	20	3
56	21	2
56	23	2
56	26	1
56	27	3
56	28	1
56	29	2
56	30	2
56	31	1
56	32	1
56	33	2
56	34	1
56	36	1
56	37	4
56	38	3
56	39	1
56	40	1
56	42	3
56	43	1
56	44	2
56	45	1
56	46	9
56	47	5
56	48	1
56	49	5
56	50	2
56	51	2
56	52	5
56	53	8
56	54	5
56	55	5
57	0	2
57	4	3
57	6	1
57	8	1
57	10	1
57	12	1
57	13	1
57	14	1
57	15	2
57	17	1
57	18	3
57	19	1
57	22	1
57	24	2
57	27	2
57	28	3
57	29	2
57	30	4
57	31	1
57	32	2
57	33	1
57	34	2
57	35	3
57	36	1
57	37	2
57	38	5
57	39	2
57	40	3
57	41	2
57	42	6
57	43	2
57	44	2
57	45	5
57	46	3
57	47	3
57	48	4
57	49	8
57	50	4
57	51	2
57	52	3
57	53	3
57	54	7
57	55	3
57	56	11
58	0	1
58	1	2
58	4	2
58	8	2
58	9	1
58	10	4
58	12	5
58	13	3
58	14	1
58	15	3
58	17	1
58	18	1
58	24	1
58	25	1
58	27	1
58	28	1
58	29	2
58	30	1
58	31	4
58	32	1
58	33	2
58	34	2
58	35	3
58	36	4
58	37	1
58	38	6
58	39	1
58	40	2
58	41	2
58	42	3
58	43	3
58	44	4
58	45	4
58	46	1
58	47	1
58	49	4
58	51	2
58	52	1
58	53	7
58	54	2
58	55	5
58	56	5
58	57	4
59	1	1
59	3	1
59	4	3
59	5	2
59	8	5
59	9	2
59	10	3
59	11	2
59	12	2
59	13	3
59	14	2
59	15	2
59	16	1
59	17	2
59	18	2
59	19	2
59	20	3
59	21	3
59	24	3
59	27	2
59	28	2
59	29	2
59	30	2
59	31	5
59	32	4
59	33	4
59	34	2
59	35	2
59	36	2
59	37	3
59	38	8
59	39	1
59	40	1
59	41	5
59	42	6
59	43	6
59	44	4
59	45	6
59	46	3
59	47	2
59	48	3
59	49	4
59	50	5
59	51	5
59	52	3
59	53	3
59	54	5
59	55	4
59	56	7
59	57	4
59	58	5
60	0	1
60	2	3
60	3	1
60	4	2
60	5	1
60	6	1
60	8	1
60	10	3
60	11	3
60	13	4
60	14	4
60	15	5
60	16	3
60	18	2
60	20	2
60	21	1
60	22	4
60	24	5
60	27	9
60	28	3
60	29	1
60	31	2
60	32	3
60	33	8
60	34	2
60	35	1
60	36	4
60	37	3
60	38	6
60	39	5
60	40	4
60	41	1
60	42	7
60	43	3
60	44	4
60	45	3
60	46	3
60	47	7
60	48	3
60	49	7
60	50	9
60	51	12
60	52	17
60	53	13
60	54	6
60	55	5
60	56	3
60	57	7
60	58	2
60	59	4
