1	0	10
2	0	4
2	1	9
3	0	3
3	1	6
3	2	9
4	0	3
4	1	2
4	2	1
4	3	8
5	0	1
5	1	2
5	2	1
5	3	4
5	4	8
6	0	3
6	1	1
6	2	2
6	3	1
6	4	3
6	5	8
7	1	2
7	2	1
7	3	2
7	4	5
7	5	2
7	6	7
8	0	1
8	1	3
8	3	6
8	4	16
8	5	5
8	6	10
8	7	6
9	0	1
9	1	4
9	2	1
9	3	4
9	4	11
9	5	6
9	6	2
9	7	1
9	8	15
10	1	3
10	2	1
10	3	6
10	4	4
10	5	1
10	7	5
10	8	5
10	9	6
11	0	3
11	2	2
11	3	2
11	4	4
11	5	1
11	6	2
11	7	4
11	8	1
11	9	4
11	10	9
12	1	2
12	2	4
12	4	4
12	5	1
12	6	4
12	7	3
12	8	6
12	9	3
12	10	11
12	11	14
13	0	3
13	1	2
13	2	1
13	3	1
13	4	3
13	5	1
13	6	3
13	7	3
13	8	1
13	9	3
13	10	6
13	11	1
13	12	3
14	1	1
14	2	1
14	3	1
14	4	3
14	7	1
14	8	1
14	9	4
14	10	2
14	11	6
14	12	1
14	13	5
15	0	2
15	2	2
15	4	2
15	5	1
15	6	1
15	7	1
15	8	2
15	9	1
15	10	2
15	11	4
15	12	4
15	13	6
15	14	9
16	1	1
16	2	2
16	4	1
16	5	1
16	6	5
16	7	2
16	9	5
16	10	2
16	11	2
16	12	3
16	13	8
16	14	6
16	15	1
17	2	1
17	3	3
17	4	2
17	5	2
17	7	4
17	8	5
17	9	1
17	10	4
17	11	3
17	12	3
17	13	8
17	14	8
17	15	1
17	16	7
18	0	3
18	2	1
18	3	1
18	4	2
18	5	3
18	6	1
18	7	3
18	8	4
18	9	4
18	10	5
18	11	3
18	12	3
18	13	6
18	14	3
18	15	3
18	16	5
18	17	6
19	0	2
19	1	3
19	2	1
19	3	1
19	4	2
19	5	4
19	6	4
19	7	6
19	8	4
19	9	2
19	10	7
19	11	5
19	13	7
19	14	1
19	15	6
19	16	5
19	17	6
19	18	9
20	1	5
20	2	6
20	3	3
20	4	6
20	5	6
20	6	7
20	7	4
20	8	5
20	9	3
20	10	1
20	11	4
20	12	2
20	13	3
20	14	5
20	15	3
20	16	7
20	17	3
20	18	5
20	19	13
21	1	2
21	2	1
21	3	4
21	4	5
21	5	2
21	6	1
21	7	5
21	8	1
21	9	1
21	10	1
21	11	2
21	12	2
21	13	3
21	14	5
21	15	2
21	16	2
21	17	8
21	18	2
21	19	6
21	20	8
22	1	2
22	3	3
22	4	2
22	5	4
22	6	4
22	7	3
22	8	4
22	9	2
22	10	2
22	11	2
22	12	1
22	13	1
22	14	1
22	15	4
22	16	1
22	17	1
22	18	3
22	19	2
22	20	5
22	21	5
23	0	3
23	1	2
23	3	1
23	4	4
23	5	3
23	6	2
23	7	3
23	8	4
23	9	4
23	10	2
23	13	1
23	14	1
23	15	2
23	16	2
23	17	1
23	18	3
23	19	2
23	20	5
23	21	2
23	22	4
24	1	2
24	2	1
24	3	2
24	4	3
24	5	3
24	6	4
24	7	2
24	8	5
24	10	1
24	11	3
24	12	1
24	13	2
24	14	1
24	15	1
24	16	1
24	17	1
24	18	3
24	19	8
24	20	5
24	21	6
24	22	6
24	23	10
25	4	2
25	6	1
25	11	1
25	17	1
25	19	1
25	21	2
26	3	1
26	6	1
26	8	2
26	10	1
26	13	1
26	14	2
26	17	1
26	18	1
26	19	1
26	20	1
26	22	1
26	24	1
27	3	2
27	4	1
27	6	2
27	7	3
27	8	1
27	10	4
27	12	2
27	13	6
27	14	3
27	15	5
27	16	4
27	17	3
27	18	2
27	19	5
27	20	1
27	21	3
27	22	2
27	24	1
27	25	2
27	26	3
28	0	2
28	1	1
28	2	2
28	3	3
28	4	6
28	5	4
28	6	2
28	7	3
28	8	4
28	9	1
28	10	3
28	11	2
28	12	3
28	13	2
28	14	2
28	15	4
28	16	3
28	17	5
28	18	2
28	19	6
28	20	3
28	21	5
28	22	2
28	23	2
28	24	3
28	26	3
28	27	4
29	1	4
29	2	2
29	3	3
29	4	5
29	5	1
29	6	2
29	8	1
29	9	5
29	10	1
29	11	2
29	12	2
29	13	5
29	16	3
29	18	2
29	19	1
29	20	3
29	21	5
29	22	1
29	23	3
29	27	2
29	28	5
30	1	2
30	2	1
30	3	1
30	4	1
30	5	4
30	6	3
30	7	3
30	8	3
30	9	1
30	10	2
30	11	3
30	12	2
30	13	1
30	14	4
30	15	2
30	17	3
30	18	1
30	19	1
30	20	2
30	21	2
30	24	3
30	26	5
30	27	3
30	28	3
30	29	5
31	2	4
31	3	1
31	4	3
31	5	3
31	8	3
31	10	2
31	11	1
31	12	2
31	13	2
31	14	3
31	15	1
31	16	2
31	17	1
31	18	1
31	20	4
31	21	4
31	23	5
31	24	1
31	26	4
31	27	2
31	28	1
31	29	3
31	30	10
32	0	1
32	1	1
32	2	4
32	4	3
32	5	1
32	6	2
32	8	1
32	9	1
32	10	4
32	11	1
32	12	1
32	15	1
32	17	2
32	18	5
32	19	2
32	20	2
32	21	5
32	22	2
32	23	2
32	24	3
32	26	2
32	27	3
32	28	6
32	29	2
32	30	7
32	31	3
33	1	2
33	2	2
33	3	3
33	4	3
33	5	2
33	6	1
33	7	3
33	8	5
33	9	1
33	11	1
33	12	1
33	13	3
33	14	6
33	15	2
33	16	3
33	17	2
33	18	4
33	19	5
33	20	3
33	21	1
33	22	1
33	23	1
33	24	2
33	26	3
33	27	3
33	28	5
33	29	5
33	30	7
33	31	4
33	32	7
34	0	1
34	1	4
34	2	3
34	3	4
34	4	4
34	5	1
34	6	1
34	8	3
34	9	1
34	10	2
34	11	1
34	12	1
34	13	5
34	14	5
34	15	3
34	16	1
34	17	3
34	18	6
34	19	7
34	20	2
34	21	7
34	22	2
34	23	3
34	24	2
34	25	1
34	26	1
34	27	2
34	28	5
34	29	1
34	30	7
34	31	4
34	32	5
34	33	7
35	1	3
35	3	6
35	4	3
35	5	4
35	6	1
35	7	2
35	8	1
35	9	5
35	10	2
35	11	2
35	12	5
35	13	10
35	14	8
35	15	2
35	16	4
35	17	5
35	18	13
35	19	8
35	20	4
35	21	5
35	22	4
35	23	4
35	24	3
35	26	3
35	27	6
35	28	12
35	29	4
35	30	5
35	31	2
35	32	5
35	33	3
35	34	4
36	1	5
36	2	2
36	3	1
36	4	1
36	5	2
36	6	1
36	9	6
36	10	4
36	11	1
36	12	2
36	13	5
36	14	2
36	15	3
36	16	3
36	17	4
36	18	3
36	19	5
36	20	1
36	21	1
36	22	2
36	24	2
36	25	1
36	26	2
36	27	1
36	28	6
36	29	1
36	30	4
36	31	2
36	33	1
36	34	3
36	35	8
37	1	4
37	3	1
37	4	2
37	5	2
37	6	1
37	8	5
37	9	4
37	10	3
37	11	1
37	12	3
37	13	5
37	14	2
37	15	3
37	16	1
37	17	4
37	18	7
37	19	7
37	20	6
37	21	1
37	22	1
37	23	1
37	24	4
37	26	5
37	27	4
37	28	7
37	29	1
37	30	3
37	31	5
37	32	3
37	33	3
37	34	2
37	35	7
37	36	4
38	0	1
38	2	2
38	3	1
38	4	2
38	5	4
38	7	1
38	8	2
38	9	2
38	10	2
38	11	3
38	12	2
38	13	8
38	14	2
38	15	6
38	16	8
38	17	5
38	18	2
38	19	5
38	20	3
38	21	3
38	22	1
38	23	1
38	24	3
38	26	4
38	27	2
38	28	11
38	29	5
38	30	2
38	31	5
38	32	5
38	33	3
38	34	8
38	35	4
38	36	6
38	37	8
39	2	5
39	3	2
39	4	1
39	5	1
39	6	2
39	8	2
39	9	4
39	10	1
39	11	5
39	12	5
39	13	10
39	14	7
39	15	3
39	16	3
39	17	5
39	18	3
39	19	1
39	21	1
39	22	4
39	23	1
39	24	3
39	26	2
39	27	6
39	28	9
39	29	3
39	30	5
39	31	2
39	32	2
39	33	5
39	34	1
39	35	7
39	36	1
39	37	9
39	38	23
40	2	3
40	3	2
40	4	6
40	5	3
40	8	1
40	9	1
40	10	1
40	11	3
40	12	1
40	13	7
40	14	2
40	15	2
40	16	6
40	17	3
40	18	6
40	19	6
40	20	4
40	21	2
40	22	2
40	23	1
40	24	2
40	26	1
40	27	2
40	28	8
40	29	7
40	30	4
40	31	5
40	32	2
40	33	2
40	34	6
40	35	9
40	36	4
40	37	4
40	38	23
40	39	4
41	1	2
41	2	2
41	4	3
41	5	1
41	8	1
41	9	2
41	10	2
41	11	2
41	12	2
41	13	2
41	14	2
41	15	2
41	16	1
41	17	1
41	19	2
41	20	1
41	21	3
41	22	1
41	23	2
41	24	1
41	26	3
41	27	3
41	28	9
41	29	1
41	30	3
41	31	7
41	32	5
41	33	3
41	34	5
41	35	7
41	36	5
41	37	2
41	38	8
41	39	6
41	40	13
42	4	2
42	5	1
42	6	2
42	7	1
42	10	3
42	11	1
42	12	1
42	13	1
42	14	4
42	15	1
42	16	2
42	17	1
42	18	1
42	19	1
42	20	3
42	21	4
42	22	1
42	23	4
42	24	1
42	27	8
42	28	7
42	30	7
42	31	2
42	32	5
42	33	1
42	34	2
42	35	3
42	36	1
42	37	2
42	38	2
42	39	5
42	40	6
42	41	9
43	0	1
43	1	1
43	2	1
43	3	1
43	4	3
43	6	5
43	7	1
43	8	2
43	9	1
43	10	1
43	11	3
43	12	1
43	13	2
43	14	1
43	15	1
43	16	2
43	17	1
43	18	2
43	20	2
43	21	2
43	22	1
43	23	2
43	24	1
43	27	2
43	28	5
43	29	1
43	30	4
43	31	5
43	32	3
43	33	2
43	34	2
43	35	4
43	36	4
43	38	2
43	39	3
43	40	6
43	41	3
43	42	9
44	0	2
44	2	1
44	3	2
44	4	2
44	5	3
44	6	3
44	8	2
44	9	2
44	10	2
44	12	1
44	16	1
44	17	1
44	21	1
44	26	2
44	27	2
44	28	2
44	29	5
44	30	4
44	31	3
44	32	1
44	33	2
44	34	2
44	35	1
44	37	2
44	38	3
44	39	1
44	40	6
44	41	5
44	42	5
44	43	11
45	2	1
45	3	1
45	4	4
45	5	1
45	6	2
45	7	2
45	8	1
45	12	2
45	14	1
45	17	2
45	18	2
45	20	1
45	24	1
45	26	2
45	27	2
45	28	3
45	29	3
45	30	3
45	31	1
45	32	3
45	33	1
45	34	3
45	35	3
45	36	2
45	37	3
45	38	5
45	39	1
45	40	2
45	41	2
45	42	4
45	43	9
45	44	17
46	1	1
46	2	2
46	4	1
46	5	2
46	7	1
46	8	1
46	9	1
46	10	1
46	11	1
46	13	3
46	14	2
46	15	5
46	19	1
46	21	1
46	22	1
46	26	1
46	27	4
46	28	3
46	29	1
46	30	4
46	31	1
46	32	2
46	33	3
46	34	2
46	36	1
46	37	2
46	38	1
46	39	2
46	40	2
46	41	7
46	42	3
46	43	7
46	44	2
46	45	12
47	3	1
47	4	2
47	5	2
47	7	1
47	8	2
47	9	3
47	10	1
47	11	1
47	12	1
47	13	1
47	14	1
47	15	6
47	20	1
47	24	1
47	27	1
47	29	2
47	30	2
47	33	2
47	34	1
47	35	4
47	36	1
47	37	2
47	38	3
47	39	1
47	40	1
47	41	3
47	43	6
47	44	3
47	45	3
47	46	7
48	2	1
48	4	3
48	11	1
48	12	3
48	13	2
48	15	1
48	20	1
48	22	2
48	25	1
48	27	5
48	28	1
48	30	1
48	35	4
48	36	1
48	37	3
48	38	4
48	39	4
48	40	1
48	41	1
48	43	1
48	44	4
48	45	2
48	46	1
48	47	8
49	1	4
49	2	2
49	4	2
49	5	4
49	6	1
49	7	1
49	8	4
49	9	2
49	10	1
49	11	1
49	12	2
49	13	1
49	14	3
49	15	3
49	16	1
49	17	2
49	18	3
49	19	2
49	23	3
49	24	4
49	28	6
49	29	1
49	30	3
49	31	1
49	32	3
49	33	1
49	34	5
49	35	3
49	36	2
49	37	2
49	38	2
49	39	5
49	40	6
49	41	4
49	42	1
49	43	5
49	44	5
49	46	9
49	47	10
49	48	6
50	1	3
50	3	2
50	4	1
50	10	1
50	13	2
50	14	1
50	15	1
50	18	1
50	22	1
50	23	1
50	25	1
50	26	2
50	31	4
50	36	1
50	37	1
50	38	5
50	39	1
50	40	6
50	41	5
50	42	4
50	43	2
50	44	1
50	45	2
50	46	2
50	47	5
50	48	4
50	49	5
51	1	1
51	4	2
51	5	3
51	7	2
51	8	2
51	9	3
51	10	1
51	11	1
51	12	2
51	13	2
51	14	1
51	15	5
51	17	3
51	18	4
51	19	2
51	23	3
51	24	1
51	25	1
51	26	1
51	27	3
51	28	4
51	29	2
51	31	4
51	33	2
51	34	3
51	35	3
51	37	1
51	38	6
51	39	2
51	40	2
51	41	2
51	42	1
51	43	2
51	45	4
51	46	2
51	47	2
51	48	6
51	49	4
51	50	6
52	0	3
52	4	1
52	6	2
52	8	2
52	9	3
52	10	1
52	11	1
52	12	5
52	13	3
52	14	1
52	15	2
52	16	2
52	17	3
52	19	2
52	20	1
52	21	1
52	24	1
52	27	3
52	28	4
52	30	1
52	32	3
52	33	1
52	34	2
52	35	4
52	36	1
52	37	2
52	39	6
52	40	4
52	41	4
52	42	2
52	44	1
52	45	1
52	46	4
52	47	1
52	48	2
52	49	9
52	50	7
52	51	21
53	1	2
53	3	1
53	4	1
53	7	3
53	8	1
53	10	1
53	12	2
53	13	3
53	14	2
53	15	7
53	16	1
53	17	2
53	18	1
53	19	2
53	20	2
53	22	3
53	27	1
53	28	2
53	29	3
53	30	6
53	32	3
53	34	1
53	35	4
53	36	3
53	37	2
53	38	7
53	39	4
53	40	8
53	41	3
53	42	2
53	43	1
53	44	1
53	45	2
53	46	3
53	47	5
53	48	1
53	49	6
53	50	6
53	51	7
53	52	5
54	2	1
54	3	4
54	4	3
54	6	5
54	8	3
54	11	1
54	12	1
54	13	6
54	15	1
54	16	1
54	18	3
54	19	2
54	26	2
54	27	1
54	28	2
54	29	4
54	31	2
54	32	2
54	33	1
54	34	1
54	35	1
54	36	1
54	37	3
54	38	6
54	40	5
54	41	5
54	42	3
54	43	5
54	44	4
54	45	7
54	46	9
54	47	10
54	48	2
54	49	7
54	50	6
54	51	3
54	52	1
54	53	2
55	0	2
55	1	1
55	2	5
55	3	3
55	4	3
55	5	2
55	8	4
55	9	2
55	10	4
55	11	2
55	12	2
55	13	5
55	16	1
55	17	2
55	18	3
55	20	1
55	21	1
55	22	1
55	27	4
55	28	3
55	29	1
55	30	3
55	31	6
55	33	1
55	34	2
55	35	3
55	36	4
55	37	1
55	38	5
55	39	2
55	40	3
55	41	4
55	42	4
55	43	3
55	44	2
55	45	5
55	46	4
55	47	6
55	48	6
55	49	5
55	51	3
55	53	4
55	54	15
56	4	2
56	5	2
56	8	3
56	10	2
56	11	1
56	12	1
56	15	5
56	17	2
56	18	2
56	19	2
56	21	1
56	23	2
56	26	1
56	27	3
56	28	1
56	29	2
56	30	2
56	31	2
56	32	4
56	33	2
56	34	1
56	35	3
56	36	2
56	38	6
56	39	4
56	40	2
56	41	2
56	42	5
56	43	2
56	44	1
56	45	3
56	46	7
56	47	6
56	48	2
56	49	12
56	50	4
56	51	3
56	52	1
56	53	6
56	54	4
56	55	6
57	0	1
57	2	2
57	3	3
57	4	2
57	6	1
57	8	1
57	9	4
57	10	1
57	11	2
57	12	2
57	14	3
57	15	2
57	18	1
57	19	4
57	22	1
57	23	1
57	24	1
57	27	5
57	29	1
57	30	1
57	31	3
57	32	1
57	33	1
57	35	1
57	36	2
57	38	4
57	39	7
57	40	4
57	41	2
57	42	6
57	43	7
57	44	4
57	45	2
57	46	5
57	47	4
57	48	6
57	49	9
57	50	2
57	51	5
57	52	5
57	53	6
57	54	3
57	55	4
57	56	12
58	0	3
58	1	1
58	4	1
58	8	3
58	9	1
58	10	2
58	12	1
58	14	1
58	18	4
58	19	1
58	23	2
58	24	1
58	25	1
58	26	2
58	27	7
58	28	4
58	29	1
58	30	3
58	31	5
58	32	1
58	33	3
58	35	2
58	36	1
58	37	1
58	39	2
58	41	6
58	43	1
58	44	2
58	45	2
58	46	3
58	47	6
58	48	2
58	49	5
58	50	3
58	51	3
58	52	7
58	53	1
58	55	2
58	56	2
58	57	11
59	1	4
59	2	5
59	3	3
59	4	2
59	5	3
59	7	1
59	8	3
59	9	1
59	10	2
59	11	2
59	12	2
59	13	3
59	14	2
59	15	3
59	17	1
59	18	2
59	19	2
59	21	1
59	22	1
59	24	1
59	26	2
59	27	5
59	28	3
59	30	5
59	31	8
59	32	1
59	33	2
59	34	1
59	36	4
59	37	4
59	38	2
59	40	4
59	41	4
59	42	7
59	43	7
59	44	4
59	45	2
59	46	7
59	47	2
59	48	3
59	49	8
59	50	3
59	51	2
59	52	3
59	53	1
59	54	4
59	55	4
59	56	2
59	57	7
59	58	8
60	0	1
60	1	2
60	2	2
60	3	2
60	4	5
60	6	1
60	7	4
60	8	2
60	9	3
60	10	2
60	11	1
60	12	1
60	13	9
60	14	1
60	15	6
60	16	2
60	17	2
60	18	4
60	19	4
60	20	2
60	21	3
60	22	1
60	24	1
60	26	1
60	27	3
60	28	4
60	29	2
60	30	1
60	31	2
60	32	2
60	33	4
60	34	4
60	35	1
60	36	3
60	37	2
60	38	8
60	39	6
60	40	2
60	41	3
60	42	2
60	43	2
60	44	3
60	45	3
60	46	3
60	47	4
60	48	4
60	49	10
60	50	7
60	51	9
60	52	17
60	53	14
60	54	5
60	55	2
60	56	4
60	57	5
60	58	2
60	59	5
