1	0	10
2	0	3
2	1	6
3	0	4
3	1	3
3	2	6
4	1	4
4	2	6
4	3	11
5	0	4
5	1	4
5	2	6
5	3	3
5	4	12
6	1	6
6	2	2
6	3	1
6	4	5
6	5	4
7	1	1
7	2	1
7	3	2
7	4	3
7	5	2
7	6	10
8	0	1
8	1	2
8	2	3
8	3	2
8	4	13
8	5	8
8	6	6
8	7	12
9	0	1
9	1	2
9	2	2
9	3	3
9	4	8
9	5	7
9	6	2
9	7	5
9	8	6
10	0	1
10	1	1
10	3	5
10	4	5
10	6	3
10	7	4
10	8	4
10	9	8
11	1	1
11	2	1
11	3	1
11	4	1
11	5	2
11	8	2
11	9	5
11	10	13
12	1	2
12	2	1
12	3	1
12	4	7
12	5	2
12	6	3
12	7	2
12	8	6
12	9	4
12	10	9
12	11	18
13	0	1
13	1	1
13	2	2
13	3	1
13	4	2
13	5	1
13	6	3
13	7	3
13	8	6
13	9	2
13	10	4
13	11	3
13	12	6
14	2	1
14	3	1
14	4	1
14	5	2
14	6	1
14	7	6
14	8	4
14	9	2
14	10	3
14	12	2
14	13	7
15	2	3
15	3	1
15	4	3
15	5	5
15	7	1
15	8	1
15	9	4
15	10	5
15	11	1
15	12	6
15	13	4
15	14	10
16	1	2
16	3	1
16	4	2
16	5	1
16	6	1
16	7	2
16	8	3
16	9	5
16	10	7
16	11	3
16	13	7
16	14	10
16	15	6
17	1	2
17	3	2
17	4	2
17	5	3
17	6	2
17	7	3
17	8	5
17	9	3
17	10	5
17	11	2
17	12	4
17	13	2
17	14	5
17	15	5
17	16	12
18	1	3
18	2	1
18	3	4
18	4	3
18	5	7
18	6	4
18	7	4
18	8	5
18	9	4
18	10	3
18	11	1
18	12	3
18	13	11
18	14	3
18	16	3
18	17	6
19	0	1
19	2	1
19	3	1
19	4	5
19	5	7
19	6	3
19	7	5
19	8	5
19	9	3
19	10	6
19	11	3
19	12	2
19	13	3
19	14	5
19	15	2
19	16	5
19	17	13
19	18	15
20	1	3
20	2	3
20	3	5
20	4	6
20	5	5
20	6	4
20	7	5
20	8	9
20	9	5
20	10	9
20	11	1
20	12	1
20	13	1
20	14	1
20	15	3
20	17	3
20	18	9
20	19	12
21	1	1
21	2	1
21	3	1
21	4	3
21	6	5
21	7	4
21	8	6
21	9	2
21	10	2
21	11	1
21	12	1
21	13	2
21	14	5
21	15	1
21	16	3
21	17	3
21	18	4
21	19	7
21	20	6
22	0	1
22	3	1
22	4	2
22	5	2
22	6	1
22	7	2
22	8	2
22	9	4
22	11	4
22	12	2
22	13	3
22	14	2
22	15	2
22	16	1
22	17	3
22	18	6
22	19	3
22	20	2
22	21	6
23	0	1
23	1	3
23	3	2
23	4	4
23	5	5
23	6	2
23	8	1
23	10	3
23	11	1
23	13	2
23	14	1
23	15	1
23	17	1
23	18	3
23	19	1
23	20	1
23	21	1
23	22	7
24	1	3
24	2	3
24	3	3
24	4	5
24	5	3
24	6	3
24	7	1
24	8	1
24	10	3
24	11	2
24	12	1
24	13	2
24	14	3
24	15	2
24	16	1
24	17	1
24	18	4
24	19	3
24	21	5
24	22	4
24	23	10
25	0	1
25	4	2
25	6	2
25	8	1
25	9	1
25	12	1
25	16	1
25	19	1
26	1	2
26	3	2
26	6	3
26	8	1
26	10	3
26	14	1
26	16	2
26	17	2
26	18	1
26	20	1
26	22	1
27	3	4
27	4	1
27	5	2
27	6	1
27	8	3
27	9	4
27	10	1
27	11	1
27	12	1
27	13	2
27	14	3
27	15	2
27	16	5
27	17	5
27	18	3
27	19	4
27	21	1
27	22	3
27	23	1
27	24	3
27	26	3
28	0	2
28	1	3
28	2	1
28	3	3
28	4	5
28	5	1
28	6	2
28	7	2
28	8	5
28	9	2
28	10	2
28	11	1
28	12	4
28	13	6
28	14	4
28	15	3
28	16	5
28	17	5
28	18	11
28	19	8
28	20	4
28	21	1
28	22	7
28	23	1
28	24	1
28	26	2
28	27	2
29	1	2
29	2	2
29	3	6
29	4	4
29	5	5
29	6	1
29	8	3
29	9	2
29	10	3
29	11	1
29	14	2
29	16	1
29	17	2
29	18	1
29	19	4
29	20	2
29	21	2
29	22	2
29	23	1
29	24	4
29	27	6
29	28	6
30	1	3
30	2	3
30	3	5
30	4	4
30	6	2
30	7	1
30	8	4
30	9	2
30	10	2
30	11	5
30	13	5
30	14	3
30	15	2
30	16	1
30	17	2
30	18	5
30	19	4
30	20	5
30	21	5
30	23	2
30	24	1
30	26	3
30	27	1
30	28	6
30	29	2
31	1	1
31	2	1
31	3	2
31	4	2
31	8	2
31	9	3
31	10	2
31	12	2
31	13	3
31	14	3
31	15	2
31	16	2
31	17	2
31	18	1
31	19	2
31	20	2
31	21	3
31	22	1
31	23	2
31	26	1
31	28	4
31	29	3
31	30	3
32	2	2
32	4	1
32	5	3
32	6	1
32	8	4
32	9	2
32	10	4
32	11	5
32	12	1
32	13	4
32	14	2
32	15	2
32	16	1
32	17	4
32	18	2
32	19	3
32	20	2
32	21	1
32	22	2
32	23	3
32	24	3
32	27	4
32	28	12
32	29	4
32	30	2
32	31	5
33	2	1
33	3	3
33	4	4
33	5	1
33	7	1
33	8	3
33	9	1
33	10	1
33	11	2
33	12	1
33	13	4
33	14	2
33	15	2
33	16	2
33	17	2
33	18	2
33	19	5
33	20	4
33	21	2
33	22	2
33	23	6
33	24	1
33	26	1
33	27	5
33	28	7
33	29	2
33	30	10
33	31	2
33	32	7
34	0	2
34	2	1
34	4	3
34	5	1
34	6	3
34	8	3
34	9	1
34	10	1
34	11	2
34	12	4
34	13	1
34	14	1
34	15	1
34	16	2
34	17	7
34	18	7
34	19	4
34	20	3
34	21	2
34	22	3
34	23	6
34	24	4
34	26	1
34	27	4
34	28	6
34	29	1
34	30	4
34	31	2
34	32	3
34	33	5
35	0	2
35	1	1
35	2	6
35	3	1
35	4	3
35	5	4
35	6	2
35	7	3
35	8	8
35	9	5
35	10	7
35	11	2
35	12	3
35	13	7
35	14	2
35	15	1
35	16	3
35	17	7
35	18	8
35	19	7
35	20	6
35	21	6
35	22	1
35	23	4
35	24	5
35	26	2
35	27	6
35	28	9
35	29	2
35	30	4
35	31	3
35	32	4
35	33	3
35	34	2
36	0	1
36	1	3
36	2	4
36	3	4
36	4	5
36	5	4
36	6	3
36	8	4
36	9	7
36	10	6
36	11	1
36	12	1
36	13	1
36	14	1
36	15	1
36	16	2
36	17	4
36	18	2
36	19	5
36	20	1
36	21	3
36	22	3
36	24	1
36	26	2
36	27	4
36	28	1
36	29	3
36	30	2
36	31	3
36	32	2
36	33	1
36	34	5
36	35	5
37	1	2
37	3	3
37	4	1
37	6	3
37	8	4
37	9	3
37	10	6
37	11	2
37	12	4
37	13	3
37	14	3
37	15	3
37	16	6
37	17	6
37	18	8
37	19	4
37	20	2
37	21	1
37	22	4
37	23	2
37	24	5
37	26	3
37	27	2
37	28	5
37	29	2
37	30	1
37	31	3
37	33	2
37	34	2
37	35	7
37	36	4
38	0	2
38	1	1
38	2	5
38	3	1
38	4	2
38	5	2
38	6	2
38	7	2
38	8	1
38	9	3
38	10	2
38	11	1
38	12	2
38	13	2
38	14	5
38	15	4
38	16	5
38	17	1
38	18	7
38	19	3
38	20	4
38	21	4
38	22	2
38	23	3
38	24	3
38	26	3
38	27	7
38	28	10
38	29	3
38	30	4
38	31	4
38	32	2
38	33	1
38	34	5
38	35	9
38	36	7
38	37	13
39	1	1
39	2	1
39	3	4
39	4	3
39	5	4
39	6	2
39	7	2
39	8	1
39	9	2
39	10	7
39	11	4
39	12	8
39	13	8
39	14	6
39	15	8
39	17	4
39	18	3
39	19	6
39	20	5
39	21	4
39	22	2
39	23	2
39	24	2
39	26	1
39	27	4
39	28	4
39	29	3
39	30	5
39	31	2
39	32	6
39	33	1
39	34	2
39	35	6
39	36	4
39	37	6
39	38	13
40	1	4
40	2	1
40	4	3
40	6	2
40	7	2
40	8	5
40	9	3
40	10	5
40	12	5
40	13	1
40	14	3
40	15	2
40	16	4
40	18	6
40	19	4
40	20	4
40	21	3
40	23	1
40	24	2
40	26	1
40	27	5
40	28	4
40	29	7
40	30	6
40	31	5
40	32	3
40	33	3
40	34	3
40	35	8
40	36	4
40	37	2
40	38	19
40	39	6
41	1	1
41	2	3
41	3	2
41	4	2
41	5	2
41	6	3
41	7	3
41	8	1
41	9	2
41	13	2
41	14	2
41	15	2
41	16	3
41	17	2
41	19	2
41	20	1
41	21	2
41	22	2
41	23	2
41	26	2
41	27	2
41	28	7
41	29	2
41	30	3
41	31	6
41	32	4
41	33	2
41	35	4
41	36	4
41	37	2
41	38	11
41	39	6
41	40	14
42	3	1
42	4	1
42	5	2
42	8	2
42	10	2
42	11	2
42	12	3
42	13	3
42	14	1
42	15	2
42	16	2
42	17	1
42	19	3
42	20	2
42	21	4
42	22	2
42	23	2
42	24	2
42	26	1
42	27	3
42	28	6
42	30	2
42	31	4
42	32	1
42	33	4
42	34	1
42	35	4
42	37	4
42	38	5
42	39	2
42	40	4
42	41	7
43	1	1
43	2	2
43	3	2
43	4	3
43	5	2
43	7	1
43	8	5
43	9	1
43	10	2
43	12	4
43	13	2
43	15	6
43	17	4
43	18	3
43	20	2
43	21	2
43	22	3
43	24	3
43	27	5
43	28	1
43	29	3
43	30	5
43	31	5
43	32	2
43	33	4
43	34	2
43	35	1
43	36	3
43	37	3
43	38	4
43	39	2
43	40	2
43	41	11
43	42	8
44	1	2
44	3	3
44	4	1
44	5	1
44	6	2
44	9	4
44	10	3
44	11	3
44	12	3
44	13	2
44	16	3
44	17	1
44	18	2
44	19	2
44	20	1
44	21	1
44	27	3
44	28	2
44	29	4
44	30	2
44	32	4
44	33	2
44	34	3
44	35	2
44	37	1
44	38	8
44	39	2
44	40	4
44	41	3
44	42	9
44	43	9
45	0	1
45	1	2
45	3	2
45	4	3
45	7	1
45	8	1
45	9	1
45	10	1
45	11	2
45	12	2
45	13	2
45	14	2
45	17	1
45	19	1
45	20	1
45	23	1
45	24	1
45	25	1
45	26	1
45	28	2
45	29	1
45	30	4
45	31	11
45	32	1
45	33	2
45	34	1
45	35	1
45	36	1
45	37	1
45	38	2
45	39	2
45	40	4
45	41	6
45	42	3
45	43	17
45	44	3
46	1	1
46	2	1
46	3	1
46	4	1
46	5	3
46	8	1
46	9	2
46	10	2
46	11	2
46	12	1
46	13	2
46	14	3
46	15	1
46	18	1
46	19	1
46	21	1
46	22	1
46	26	2
46	27	9
46	28	2
46	29	1
46	30	1
46	31	2
46	32	2
46	33	1
46	34	2
46	35	4
46	36	1
46	37	3
46	38	4
46	39	4
46	40	3
46	41	2
46	42	1
46	43	5
46	44	3
46	45	5
47	1	2
47	2	2
47	4	3
47	5	1
47	7	4
47	8	1
47	9	4
47	10	4
47	12	1
47	13	1
47	14	1
47	15	3
47	16	4
47	17	3
47	18	1
47	19	3
47	20	1
47	24	2
47	27	2
47	28	6
47	29	2
47	30	1
47	31	1
47	32	4
47	33	3
47	35	1
47	36	4
47	37	2
47	38	5
47	39	1
47	40	1
47	41	1
47	42	4
47	43	4
47	44	2
47	45	7
47	46	7
48	0	1
48	1	1
48	2	1
48	4	1
48	10	1
48	11	2
48	12	1
48	13	2
48	14	1
48	15	2
48	20	3
48	28	2
48	30	1
48	31	1
48	35	3
48	36	1
48	37	4
48	38	4
48	40	3
48	42	3
48	43	2
48	44	4
48	45	2
48	46	5
48	47	6
49	1	1
49	2	2
49	3	2
49	4	3
49	5	2
49	6	2
49	8	2
49	9	2
49	10	2
49	11	1
49	12	2
49	13	1
49	14	1
49	15	4
49	16	1
49	17	2
49	18	2
49	19	2
49	20	1
49	21	1
49	27	3
49	28	3
49	29	2
49	30	2
49	31	1
49	34	3
49	35	2
49	36	2
49	37	2
49	38	3
49	39	2
49	40	4
49	41	5
49	43	7
49	44	3
49	45	3
49	46	3
49	47	7
49	48	12
50	1	1
50	3	2
50	5	3
50	10	5
50	13	1
50	14	2
50	15	1
50	18	1
50	22	1
50	23	1
50	26	1
50	27	2
50	28	2
50	29	2
50	30	1
50	32	2
50	35	2
50	36	2
50	38	2
50	39	1
50	41	3
50	42	2
50	43	2
50	44	2
50	45	1
50	46	2
50	47	7
50	48	3
50	49	7
51	1	3
51	7	2
51	8	3
51	9	1
51	10	2
51	11	1
51	12	1
51	13	4
51	14	2
51	16	1
51	17	1
51	18	2
51	19	3
51	20	1
51	23	1
51	24	1
51	26	1
51	27	2
51	28	2
51	30	1
51	31	1
51	32	3
51	33	1
51	34	2
51	35	1
51	36	1
51	37	4
51	38	5
51	39	4
51	40	2
51	41	5
51	42	5
51	43	1
51	44	2
51	45	3
51	46	2
51	47	3
51	48	3
51	49	8
51	50	5
52	0	2
52	6	2
52	7	1
52	8	1
52	9	2
52	10	3
52	11	2
52	13	10
52	14	4
52	15	3
52	16	3
52	17	2
52	18	6
52	19	1
52	20	2
52	21	3
52	26	4
52	27	2
52	28	1
52	29	4
52	32	3
52	33	3
52	34	1
52	35	3
52	36	3
52	38	1
52	39	1
52	40	1
52	41	4
52	42	2
52	43	2
52	44	1
52	45	2
52	46	2
52	47	2
52	48	4
52	49	5
52	50	3
52	51	15
53	1	1
53	2	1
53	3	2
53	4	1
53	5	2
53	7	2
53	8	3
53	10	1
53	11	1
53	13	2
53	14	1
53	15	6
53	16	1
53	17	3
53	18	2
53	19	1
53	20	3
53	22	3
53	24	1
53	26	1
53	27	1
53	28	4
53	29	1
53	30	1
53	31	4
53	32	5
53	33	2
53	34	1
53	35	1
53	36	3
53	37	2
53	38	4
53	39	4
53	40	7
53	41	5
53	42	1
53	43	2
53	44	1
53	45	4
53	46	1
53	47	5
53	48	5
53	49	12
53	50	6
53	51	7
53	52	7
54	0	3
54	1	4
54	2	3
54	3	1
54	4	3
54	5	4
54	6	1
54	8	1
54	9	1
54	10	4
54	12	2
54	13	3
54	14	2
54	15	1
54	16	1
54	17	2
54	18	1
54	19	1
54	20	1
54	23	3
54	26	2
54	27	2
54	28	1
54	29	3
54	30	6
54	31	2
54	32	2
54	33	2
54	35	1
54	36	2
54	37	4
54	38	4
54	39	1
54	40	5
54	41	4
54	42	1
54	43	5
54	44	2
54	45	4
54	46	6
54	47	12
54	48	4
54	49	3
54	50	1
54	51	2
54	52	3
54	53	5
55	2	1
55	3	3
55	4	6
55	5	3
55	8	3
55	9	5
55	10	3
55	11	4
55	12	2
55	13	1
55	14	1
55	15	2
55	16	4
55	17	2
55	18	2
55	19	3
55	20	3
55	22	1
55	24	1
55	27	2
55	28	3
55	29	2
55	30	4
55	31	2
55	32	2
55	35	2
55	36	3
55	37	2
55	38	4
55	39	6
55	40	6
55	41	1
55	42	5
55	43	4
55	44	2
55	45	4
55	46	8
55	47	3
55	48	7
55	49	3
55	50	3
55	51	2
55	52	5
55	53	4
55	54	15
56	3	2
56	4	1
56	5	1
56	6	2
56	8	1
56	9	1
56	10	2
56	11	1
56	12	1
56	13	2
56	15	1
56	17	1
56	18	2
56	19	2
56	21	2
56	28	1
56	29	1
56	30	1
56	31	2
56	32	1
56	33	4
56	35	1
56	36	3
56	37	3
56	38	4
56	39	3
56	40	3
56	42	5
56	43	4
56	44	4
56	45	1
56	46	8
56	47	5
56	48	5
56	49	1
56	50	3
56	51	3
56	52	4
56	53	3
56	54	5
56	55	2
57	2	3
57	3	1
57	4	2
57	6	1
57	8	2
57	9	4
57	10	1
57	14	4
57	15	1
57	16	3
57	17	4
57	18	1
57	19	3
57	22	1
57	23	3
57	24	1
57	25	2
57	27	3
57	28	3
57	30	1
57	31	2
57	33	4
57	34	1
57	35	1
57	36	2
57	38	5
57	39	4
57	40	3
57	41	1
57	42	6
57	43	3
57	44	6
57	45	2
57	46	3
57	47	8
57	48	2
57	49	5
57	50	1
57	51	3
57	52	1
57	53	8
57	54	1
57	55	6
57	56	12
58	0	3
58	1	1
58	4	2
58	8	3
58	9	1
58	13	2
58	14	2
58	15	2
58	17	1
58	19	2
58	20	1
58	24	1
58	25	1
58	26	1
58	27	2
58	28	5
58	30	2
58	31	5
58	32	4
58	33	1
58	35	2
58	36	2
58	37	1
58	38	4
58	39	6
58	40	8
58	41	5
58	42	3
58	43	6
58	44	2
58	45	1
58	46	2
58	47	2
58	49	4
58	50	1
58	51	1
58	52	3
58	53	3
58	54	2
58	55	2
58	56	1
58	57	6
59	2	2
59	3	6
59	4	4
59	5	3
59	7	1
59	8	1
59	9	2
59	11	1
59	12	1
59	13	2
59	14	1
59	15	2
59	16	1
59	18	5
59	19	1
59	21	2
59	22	2
59	24	2
59	26	3
59	27	1
59	28	1
59	30	3
59	31	6
59	33	3
59	34	3
59	35	1
59	37	2
59	38	4
59	39	1
59	40	3
59	41	2
59	42	3
59	43	16
59	44	3
59	45	7
59	46	8
59	47	6
59	48	1
59	49	4
59	51	4
59	52	3
59	53	5
59	54	1
59	55	2
59	56	5
59	57	8
59	58	7
60	0	2
60	1	2
60	2	3
60	3	1
60	4	4
60	5	3
60	6	2
60	7	1
60	8	3
60	9	2
60	10	2
60	11	4
60	12	1
60	13	2
60	14	5
60	15	4
60	16	2
60	17	1
60	19	2
60	20	6
60	22	6
60	24	1
60	26	1
60	27	2
60	28	6
60	29	4
60	30	3
60	31	5
60	32	2
60	33	4
60	34	2
60	35	6
60	36	2
60	38	11
60	39	7
60	40	3
60	41	2
60	42	6
60	43	4
60	44	2
60	45	2
60	46	1
60	47	3
60	48	6
60	49	6
60	50	3
60	51	13
60	52	9
60	53	14
60	54	6
60	55	2
60	56	5
60	57	5
60	58	4
60	59	2
