1	0	8
2	0	7
2	1	16
3	0	3
3	2	11
4	0	1
4	1	2
4	2	2
4	3	5
5	0	4
5	2	2
5	3	4
5	4	9
6	0	8
6	1	3
6	2	1
6	3	2
6	4	6
6	5	3
7	2	2
7	3	1
7	4	8
7	5	2
7	6	4
8	1	2
8	2	5
8	3	5
8	4	9
8	5	11
8	6	8
8	7	7
9	0	2
9	2	1
9	3	2
9	4	16
9	5	4
9	6	8
9	7	7
9	8	9
10	0	2
10	1	3
10	2	5
10	3	3
10	4	4
10	5	2
10	6	1
10	7	4
10	8	6
10	9	9
11	0	2
11	1	2
11	2	2
11	4	2
11	5	1
11	6	4
11	7	2
11	8	2
11	9	5
11	10	13
12	1	1
12	2	4
12	3	2
12	4	1
12	5	1
12	6	3
12	7	5
12	8	5
12	9	2
12	10	9
12	11	14
13	0	1
13	1	1
13	2	3
13	3	3
13	4	6
13	5	3
13	7	2
13	8	4
13	9	1
13	10	6
13	11	5
13	12	6
14	1	2
14	2	1
14	3	1
14	5	1
14	6	1
14	8	1
14	9	1
14	10	1
14	11	3
14	13	7
15	2	1
15	3	2
15	4	1
15	5	2
15	6	1
15	7	1
15	8	1
15	9	2
15	10	4
15	11	3
15	12	3
15	13	4
15	14	10
16	2	1
16	4	2
16	5	2
16	6	1
16	8	1
16	9	4
16	10	3
16	11	2
16	12	2
16	13	9
16	14	11
16	15	5
17	1	3
17	4	3
17	5	4
17	6	1
17	7	1
17	8	5
17	9	6
17	10	4
17	11	2
17	12	5
17	13	3
17	14	7
17	15	6
17	16	8
18	1	3
18	3	5
18	4	1
18	5	4
18	6	3
18	8	2
18	9	1
18	10	4
18	12	6
18	13	8
18	14	5
18	15	2
18	16	3
18	17	2
19	0	2
19	1	3
19	2	2
19	3	3
19	4	5
19	5	5
19	6	2
19	7	6
19	8	3
19	9	3
19	10	6
19	11	2
19	12	3
19	13	3
19	14	2
19	15	2
19	16	3
19	17	10
19	18	6
20	1	2
20	2	1
20	4	7
20	5	5
20	6	3
20	7	2
20	8	3
20	9	5
20	10	3
20	11	3
20	12	2
20	14	3
20	16	2
20	17	2
20	18	5
20	19	11
21	1	2
21	2	1
21	3	2
21	4	5
21	5	3
21	6	2
21	7	2
21	8	4
21	9	2
21	10	4
21	11	5
21	12	3
21	13	1
21	14	2
21	16	3
21	17	2
21	18	3
21	19	6
21	20	12
22	1	1
22	4	6
22	5	5
22	6	3
22	7	9
22	8	1
22	9	2
22	11	2
22	12	2
22	13	1
22	14	1
22	15	1
22	16	3
22	17	1
22	19	3
22	20	9
22	21	8
23	3	1
23	4	5
23	5	5
23	6	4
23	7	2
23	8	2
23	9	2
23	10	3
23	11	2
23	12	2
23	13	1
23	14	4
23	15	1
23	16	1
23	17	3
23	18	2
23	19	1
23	20	3
23	21	7
23	22	8
24	1	2
24	2	1
24	4	1
24	5	2
24	6	4
24	7	1
24	8	2
24	9	3
24	10	1
24	11	3
24	13	3
24	14	2
24	15	3
24	16	3
24	17	1
24	18	3
24	19	1
24	20	3
24	21	1
24	22	8
24	23	6
25	0	1
25	8	1
25	9	1
25	17	1
25	21	1
26	1	1
26	2	2
26	3	1
26	6	1
26	15	2
26	16	1
26	17	1
26	18	1
26	19	2
26	20	3
26	22	1
26	24	3
27	3	2
27	4	3
27	5	2
27	7	1
27	9	1
27	10	3
27	11	1
27	12	1
27	13	3
27	14	3
27	15	4
27	17	2
27	18	3
27	19	4
27	20	4
27	21	1
27	23	4
27	24	2
27	25	1
27	26	2
28	0	3
28	1	3
28	2	4
28	4	1
28	5	3
28	6	4
28	8	5
28	9	2
28	10	3
28	11	2
28	12	3
28	13	5
28	14	4
28	15	5
28	16	4
28	17	3
28	18	4
28	19	5
28	20	3
28	21	5
28	22	3
28	23	5
28	24	1
28	26	3
28	27	4
29	1	4
29	2	1
29	3	2
29	4	5
29	5	3
29	6	1
29	7	4
29	8	3
29	10	3
29	11	1
29	12	3
29	14	1
29	15	2
29	17	2
29	18	5
29	19	2
29	20	1
29	22	4
29	23	2
29	24	3
29	27	2
29	28	1
30	0	1
30	1	3
30	2	2
30	3	3
30	4	1
30	5	1
30	6	1
30	7	2
30	8	4
30	9	2
30	11	1
30	12	2
30	13	1
30	16	1
30	17	1
30	18	3
30	19	4
30	20	2
30	21	5
30	22	2
30	24	4
30	26	1
30	27	4
30	28	8
30	29	9
31	1	3
31	3	3
31	4	3
31	8	3
31	13	3
31	14	4
31	15	1
31	16	2
31	17	2
31	18	2
31	19	2
31	20	1
31	21	3
31	22	3
31	23	1
31	24	2
31	26	2
31	28	2
31	29	3
31	30	14
32	1	2
32	3	1
32	4	2
32	5	3
32	6	1
32	8	1
32	9	1
32	11	1
32	12	3
32	13	3
32	14	1
32	15	2
32	16	2
32	17	3
32	18	3
32	19	1
32	20	3
32	21	1
32	22	2
32	23	2
32	24	1
32	26	1
32	27	1
32	28	8
32	29	2
32	30	4
32	31	3
33	1	2
33	2	2
33	3	2
33	4	2
33	5	2
33	6	1
33	7	1
33	8	3
33	9	5
33	10	2
33	11	2
33	13	4
33	14	1
33	16	4
33	17	2
33	18	2
33	19	3
33	20	6
33	21	5
33	22	4
33	23	2
33	24	4
33	26	2
33	27	1
33	28	7
33	29	2
33	30	1
33	31	6
33	32	3
34	1	4
34	3	1
34	4	5
34	5	3
34	6	1
34	7	1
34	8	1
34	9	1
34	10	4
34	11	1
34	12	1
34	13	4
34	15	3
34	16	3
34	17	3
34	18	2
34	19	4
34	20	5
34	21	5
34	22	1
34	23	3
34	24	5
34	27	2
34	28	6
34	29	4
34	30	3
34	31	4
34	32	3
34	33	10
35	0	1
35	1	3
35	2	1
35	4	3
35	5	3
35	6	1
35	7	2
35	8	3
35	9	3
35	10	4
35	11	2
35	12	4
35	13	2
35	14	4
35	16	4
35	17	3
35	18	8
35	19	14
35	20	6
35	21	4
35	22	2
35	23	2
35	24	6
35	26	1
35	27	7
35	28	9
35	29	3
35	30	5
35	31	2
35	32	6
35	33	7
35	34	7
36	1	3
36	3	6
36	4	3
36	5	6
36	6	1
36	7	2
36	8	8
36	9	4
36	10	4
36	11	2
36	12	4
36	13	2
36	14	6
36	15	2
36	16	4
36	17	1
36	18	4
36	19	2
36	20	1
36	22	5
36	24	2
36	26	1
36	28	4
36	29	3
36	31	2
36	32	2
36	33	4
36	34	2
36	35	6
37	0	1
37	1	2
37	3	1
37	4	1
37	6	2
37	7	1
37	8	4
37	9	3
37	10	4
37	11	5
37	12	4
37	13	9
37	14	5
37	15	4
37	16	4
37	17	2
37	18	5
37	19	7
37	20	1
37	21	2
37	22	5
37	23	4
37	24	3
37	26	2
37	27	4
37	28	10
37	30	4
37	31	5
37	32	3
37	34	3
37	35	9
37	36	2
38	1	2
38	2	2
38	3	1
38	4	2
38	5	4
38	6	1
38	7	2
38	8	1
38	9	1
38	10	4
38	11	8
38	12	3
38	13	8
38	14	2
38	15	7
38	16	4
38	17	3
38	18	2
38	19	5
38	20	5
38	22	4
38	23	1
38	24	4
38	25	1
38	26	1
38	27	6
38	28	11
38	29	4
38	30	4
38	32	5
38	33	1
38	34	3
38	35	9
38	36	2
38	37	8
39	1	1
39	2	2
39	3	4
39	4	2
39	5	1
39	6	4
39	7	3
39	8	3
39	9	3
39	10	2
39	11	4
39	12	4
39	13	5
39	14	5
39	15	3
39	16	6
39	17	2
39	18	5
39	19	1
39	21	1
39	22	1
39	23	1
39	24	2
39	26	1
39	27	10
39	28	6
39	29	3
39	30	5
39	31	4
39	32	7
39	33	3
39	34	7
39	35	5
39	36	6
39	37	10
39	38	17
40	2	3
40	3	3
40	4	4
40	5	4
40	6	2
40	7	2
40	8	1
40	9	4
40	10	3
40	11	3
40	12	3
40	13	2
40	14	1
40	15	2
40	17	5
40	18	3
40	19	1
40	20	1
40	21	3
40	22	2
40	23	2
40	24	1
40	26	2
40	27	3
40	28	10
40	29	3
40	30	3
40	31	5
40	32	2
40	33	3
40	34	6
40	35	6
40	36	9
40	37	3
40	38	19
40	39	3
41	1	4
41	2	2
41	3	5
41	4	5
41	5	1
41	8	2
41	9	4
41	10	3
41	11	3
41	12	2
41	13	4
41	14	3
41	15	3
41	16	4
41	17	3
41	18	3
41	19	3
41	20	2
41	22	3
41	24	1
41	26	2
41	27	1
41	28	5
41	29	5
41	30	4
41	31	7
41	32	6
41	33	1
41	34	3
41	35	6
41	36	6
41	37	4
41	38	6
41	39	2
41	40	8
42	3	4
42	4	2
42	5	4
42	6	1
42	7	2
42	8	4
42	9	3
42	11	2
42	12	1
42	13	1
42	14	2
42	15	4
42	17	1
42	18	1
42	21	2
42	22	1
42	24	3
42	27	1
42	28	6
42	29	2
42	31	2
42	32	1
42	33	2
42	35	4
42	37	5
42	38	9
42	39	1
42	40	4
42	41	14
43	2	1
43	3	1
43	4	5
43	5	2
43	6	1
43	7	1
43	9	2
43	10	2
43	11	1
43	12	1
43	13	7
43	14	2
43	15	1
43	17	3
43	18	3
43	19	1
43	20	1
43	21	3
43	23	1
43	24	3
43	26	1
43	28	5
43	29	2
43	30	4
43	31	4
43	32	6
43	33	6
43	35	4
43	36	3
43	37	2
43	38	4
43	39	4
43	40	3
43	41	8
43	42	10
44	0	1
44	1	1
44	3	2
44	4	2
44	5	1
44	6	1
44	8	3
44	10	1
44	11	1
44	12	1
44	13	2
44	16	1
44	17	3
44	18	2
44	19	1
44	20	2
44	21	5
44	26	2
44	27	3
44	28	2
44	29	2
44	30	1
44	31	3
44	32	5
44	33	4
44	34	2
44	35	3
44	36	3
44	37	4
44	38	1
44	39	3
44	40	1
44	41	9
44	42	3
44	43	11
45	1	2
45	3	2
45	4	2
45	6	2
45	8	2
45	9	1
45	10	2
45	12	2
45	13	1
45	14	3
45	17	2
45	18	1
45	24	2
45	26	1
45	27	3
45	28	3
45	30	4
45	31	3
45	32	2
45	33	2
45	34	2
45	35	2
45	37	1
45	38	2
45	39	3
45	40	1
45	41	1
45	42	2
45	43	7
45	44	14
46	0	1
46	1	2
46	2	3
46	3	1
46	4	2
46	5	1
46	8	3
46	10	2
46	13	1
46	15	1
46	18	2
46	19	3
46	21	4
46	26	1
46	27	3
46	28	4
46	29	3
46	30	1
46	31	6
46	32	4
46	33	3
46	36	2
46	37	1
46	38	3
46	39	3
46	40	2
46	41	2
46	42	3
46	43	5
46	44	7
46	45	4
47	1	2
47	2	3
47	4	6
47	5	2
47	7	2
47	11	2
47	12	1
47	14	3
47	16	4
47	18	2
47	19	3
47	20	2
47	23	1
47	24	1
47	27	2
47	28	3
47	29	1
47	30	3
47	31	2
47	32	2
47	33	2
47	34	2
47	35	4
47	36	1
47	37	1
47	38	5
47	39	6
47	40	3
47	41	1
47	42	1
47	43	3
47	44	3
47	45	4
47	46	11
48	2	1
48	3	2
48	8	2
48	11	3
48	13	4
48	15	1
48	19	1
48	20	1
48	22	2
48	25	1
48	27	1
48	28	3
48	30	3
48	35	3
48	36	2
48	37	1
48	38	3
48	39	1
48	40	3
48	41	1
48	42	4
48	43	2
48	44	2
48	45	2
48	46	6
48	47	16
49	0	1
49	1	3
49	2	3
49	3	1
49	4	2
49	5	1
49	6	2
49	7	1
49	8	1
49	9	3
49	10	2
49	11	1
49	13	4
49	14	4
49	15	1
49	16	2
49	17	4
49	18	2
49	21	1
49	24	1
49	25	1
49	27	1
49	28	5
49	29	3
49	30	5
49	31	1
49	32	2
49	33	1
49	34	1
49	35	3
49	37	1
49	38	3
49	39	8
49	40	2
49	41	5
49	42	1
49	43	3
49	45	1
49	46	5
49	47	8
49	48	7
50	1	1
50	4	1
50	5	1
50	8	2
50	9	3
50	13	3
50	18	1
50	22	2
50	23	2
50	25	1
50	27	3
50	30	3
50	31	1
50	32	1
50	35	1
50	36	2
50	37	2
50	38	5
50	39	2
50	40	3
50	41	2
50	42	3
50	43	2
50	44	1
50	46	3
50	47	4
50	48	3
50	49	10
51	1	1
51	4	3
51	7	1
51	9	3
51	10	2
51	11	1
51	12	1
51	13	3
51	14	2
51	15	1
51	16	3
51	17	2
51	18	3
51	19	1
51	20	1
51	23	2
51	24	2
51	25	1
51	26	1
51	27	2
51	28	3
51	30	4
51	32	3
51	33	2
51	34	2
51	35	3
51	36	2
51	37	4
51	38	4
51	39	6
51	40	3
51	41	3
51	42	2
51	43	2
51	44	3
51	45	2
51	46	5
51	47	4
51	48	3
51	49	5
51	50	10
52	4	1
52	6	2
52	7	3
52	8	2
52	10	1
52	11	2
52	12	2
52	13	2
52	14	1
52	19	2
52	20	3
52	21	2
52	25	1
52	27	2
52	28	3
52	29	1
52	30	1
52	31	4
52	32	2
52	33	1
52	34	2
52	35	1
52	36	1
52	37	1
52	38	2
52	39	3
52	40	3
52	41	3
52	42	4
52	44	2
52	47	5
52	48	6
52	49	10
52	50	15
52	51	15
53	2	2
53	3	2
53	4	3
53	5	2
53	6	1
53	7	1
53	8	3
53	9	1
53	11	1
53	12	1
53	13	2
53	14	2
53	15	3
53	16	1
53	17	2
53	18	2
53	19	3
53	22	1
53	24	2
53	26	3
53	27	2
53	28	2
53	29	2
53	30	4
53	32	2
53	33	5
53	34	1
53	36	1
53	37	1
53	38	3
53	39	3
53	40	4
53	41	7
53	42	5
53	43	1
53	44	2
53	45	4
53	46	3
53	47	2
53	48	4
53	49	10
53	50	6
53	51	7
53	52	6
54	0	1
54	1	3
54	2	2
54	3	2
54	4	2
54	6	2
54	8	1
54	9	4
54	10	2
54	11	3
54	12	1
54	13	2
54	14	2
54	16	3
54	17	3
54	18	1
54	20	2
54	26	2
54	27	2
54	28	2
54	29	1
54	30	1
54	32	1
54	33	2
54	34	2
54	35	5
54	36	2
54	37	2
54	38	6
54	39	4
54	40	4
54	41	6
54	42	3
54	43	3
54	44	3
54	45	3
54	46	3
54	47	9
54	48	5
54	49	8
54	50	7
54	51	1
54	52	4
54	53	7
55	0	3
55	1	1
55	2	2
55	3	2
55	4	1
55	5	3
55	8	3
55	9	2
55	10	4
55	11	1
55	12	1
55	13	3
55	14	3
55	16	1
55	17	1
55	18	1
55	19	5
55	20	1
55	25	1
55	27	2
55	28	3
55	29	2
55	30	1
55	31	3
55	34	2
55	35	5
55	36	5
55	37	3
55	38	3
55	39	2
55	40	6
55	41	2
55	42	4
55	43	3
55	44	5
55	45	3
55	46	6
55	47	4
55	48	3
55	49	5
55	50	4
55	52	6
55	53	4
55	54	14
56	3	2
56	4	1
56	5	1
56	9	2
56	10	1
56	11	1
56	12	1
56	15	2
56	17	1
56	18	1
56	19	1
56	20	1
56	28	3
56	29	1
56	30	3
56	32	1
56	33	6
56	35	3
56	37	2
56	38	3
56	39	1
56	40	3
56	41	4
56	42	4
56	43	2
56	44	4
56	45	4
56	46	7
56	47	6
56	48	9
56	49	9
56	50	3
56	51	2
56	52	3
56	54	3
56	55	1
57	0	1
57	4	1
57	8	1
57	9	1
57	10	1
57	12	1
57	13	2
57	14	1
57	15	2
57	16	4
57	17	3
57	22	1
57	25	1
57	27	1
57	28	4
57	29	2
57	30	1
57	31	2
57	32	2
57	34	2
57	35	1
57	36	2
57	37	2
57	38	7
57	39	2
57	40	2
57	41	4
57	42	2
57	43	3
57	44	3
57	45	2
57	46	4
57	47	8
57	48	6
57	49	7
57	50	1
57	51	2
57	52	1
57	53	4
57	54	4
57	55	2
57	56	9
58	0	1
58	1	1
58	4	3
58	13	2
58	14	1
58	15	1
58	18	3
58	19	1
58	20	1
58	24	1
58	26	2
58	27	1
58	28	4
58	29	1
58	30	2
58	31	2
58	32	1
58	33	3
58	34	2
58	35	1
58	36	2
58	37	6
58	38	2
58	39	3
58	40	2
58	41	4
58	42	5
58	43	3
58	44	3
58	46	3
58	47	5
58	48	3
58	49	6
58	50	2
58	51	2
58	52	4
58	53	3
58	54	2
58	55	6
58	56	5
58	57	8
59	1	5
59	2	2
59	3	4
59	4	3
59	7	2
59	8	2
59	10	2
59	11	1
59	12	1
59	13	5
59	14	2
59	15	1
59	16	1
59	17	2
59	18	2
59	19	1
59	20	1
59	21	8
59	22	1
59	24	6
59	26	5
59	27	2
59	28	2
59	30	7
59	31	3
59	32	5
59	35	4
59	36	1
59	37	3
59	38	4
59	39	3
59	40	2
59	41	5
59	42	5
59	43	6
59	44	5
59	45	7
59	46	5
59	47	2
59	48	1
59	49	2
59	50	1
59	51	4
59	52	2
59	53	3
59	54	7
59	55	6
59	56	7
59	57	7
59	58	10
60	0	3
60	1	2
60	2	1
60	3	3
60	4	2
60	6	1
60	8	1
60	9	3
60	10	4
60	11	1
60	12	3
60	13	4
60	14	3
60	16	2
60	17	4
60	19	3
60	20	2
60	22	1
60	24	1
60	26	2
60	27	5
60	28	6
60	30	4
60	31	3
60	32	3
60	33	5
60	34	3
60	35	1
60	37	1
60	38	8
60	39	11
60	40	10
60	41	1
60	42	1
60	43	6
60	44	1
60	45	1
60	46	6
60	47	7
60	48	6
60	49	3
60	50	2
60	51	10
60	52	10
60	53	12
60	54	6
60	55	6
60	56	4
60	57	3
60	58	2
60	59	3
