1	0	9
2	0	7
2	1	12
3	0	2
3	1	12
3	2	6
4	1	3
4	2	2
4	3	7
5	0	2
5	1	3
5	2	2
5	3	6
5	4	10
6	0	3
6	1	2
6	2	2
6	3	2
6	4	4
6	5	4
7	1	2
7	2	3
7	3	3
7	4	1
7	5	7
7	6	10
8	1	2
8	2	2
8	3	5
8	4	8
8	5	9
8	6	8
8	7	4
9	0	1
9	1	1
9	2	4
9	3	1
9	4	8
9	5	1
9	6	3
9	7	3
9	8	8
10	0	4
10	1	1
10	3	5
10	4	6
10	5	2
10	6	2
10	7	3
10	8	11
10	9	6
11	0	1
11	1	1
11	2	1
11	3	1
11	4	1
11	5	2
11	6	4
11	7	2
11	8	2
11	9	3
11	10	7
12	1	2
12	2	2
12	3	3
12	4	3
12	7	5
12	8	2
12	9	2
12	10	15
12	11	10
13	0	4
13	1	1
13	2	4
13	3	2
13	4	4
13	5	3
13	6	1
13	7	2
13	8	1
13	9	5
13	10	5
13	11	4
13	12	8
14	1	5
14	2	1
14	4	1
14	5	2
14	6	2
14	7	3
14	8	1
14	9	2
14	10	4
14	11	3
14	12	3
14	13	8
15	0	4
15	2	2
15	3	1
15	4	2
15	5	2
15	8	2
15	10	2
15	11	4
15	12	1
15	13	3
15	14	4
16	1	1
16	2	1
16	3	1
16	4	4
16	6	5
16	7	1
16	8	5
16	9	3
16	10	1
16	12	4
16	13	6
16	14	7
16	15	8
17	2	2
17	4	3
17	5	2
17	6	1
17	7	2
17	8	5
17	9	3
17	10	6
17	11	2
17	12	7
17	13	7
17	14	8
17	15	9
17	16	11
18	0	1
18	3	3
18	4	5
18	5	7
18	6	4
18	7	1
18	8	6
18	9	2
18	10	6
18	11	2
18	12	3
18	13	3
18	14	3
18	15	2
18	16	5
18	17	5
19	1	3
19	3	2
19	4	2
19	5	7
19	6	2
19	7	4
19	8	7
19	9	7
19	10	4
19	11	4
19	12	1
19	13	4
19	14	4
19	15	3
19	17	10
19	18	6
20	1	2
20	3	1
20	4	3
20	5	3
20	6	2
20	7	4
20	8	4
20	9	3
20	10	3
20	11	1
20	12	4
20	13	3
20	14	2
20	15	2
20	16	3
20	17	5
20	18	6
20	19	6
21	0	2
21	2	2
21	3	2
21	4	5
21	5	9
21	6	5
21	7	4
21	8	6
21	9	3
21	11	2
21	13	4
21	14	2
21	15	2
21	16	7
21	17	3
21	18	10
21	19	9
21	20	10
22	0	1
22	1	2
22	2	1
22	3	3
22	4	4
22	5	3
22	6	2
22	7	4
22	8	4
22	9	3
22	10	1
22	11	5
22	12	3
22	13	1
22	14	3
22	15	3
22	16	1
22	18	6
22	19	4
22	20	16
22	21	8
23	0	1
23	1	1
23	2	1
23	3	2
23	4	3
23	5	5
23	6	3
23	7	2
23	8	5
23	9	1
23	10	1
23	11	2
23	12	2
23	14	1
23	15	2
23	16	3
23	17	2
23	18	2
23	19	4
23	20	5
23	21	3
23	22	11
24	4	3
24	5	1
24	6	1
24	7	2
24	8	3
24	9	1
24	10	1
24	13	3
24	14	1
24	15	1
24	16	3
24	17	3
24	19	4
24	20	4
24	21	4
24	22	4
24	23	10
25	6	1
25	8	1
25	9	1
25	12	2
25	17	3
25	19	1
25	21	1
25	23	2
26	1	2
26	2	1
26	10	2
26	14	1
26	17	1
26	22	1
26	24	3
27	4	1
27	5	1
27	7	2
27	8	5
27	9	2
27	10	4
27	11	1
27	12	3
27	13	3
27	14	2
27	15	3
27	16	3
27	17	3
27	18	4
27	19	2
27	21	7
27	22	3
27	23	1
27	24	6
27	26	2
28	0	2
28	1	4
28	3	2
28	4	5
28	5	5
28	6	3
28	7	5
28	8	5
28	9	2
28	10	3
28	11	4
28	12	1
28	13	6
28	14	3
28	15	1
28	16	4
28	17	2
28	18	6
28	19	6
28	20	1
28	21	2
28	22	4
28	23	3
28	24	3
28	26	1
28	27	9
29	1	1
29	2	1
29	3	1
29	4	1
29	5	2
29	6	1
29	7	4
29	8	5
29	9	2
29	10	1
29	11	2
29	12	2
29	13	2
29	15	4
29	17	2
29	18	2
29	19	3
29	20	1
29	21	2
29	22	2
29	23	7
29	24	2
29	27	1
29	28	4
30	0	2
30	1	2
30	2	2
30	3	2
30	4	5
30	6	2
30	7	1
30	8	5
30	9	2
30	10	3
30	11	3
30	12	1
30	13	1
30	14	4
30	15	2
30	16	1
30	17	1
30	18	1
30	19	3
30	20	3
30	21	2
30	22	3
30	24	1
30	27	3
30	28	5
30	29	8
31	2	1
31	5	1
31	8	2
31	9	1
31	11	2
31	12	2
31	13	1
31	15	3
31	16	1
31	17	1
31	18	3
31	19	2
31	21	1
31	22	1
31	26	1
31	27	4
31	28	8
31	29	2
31	30	11
32	0	1
32	1	2
32	2	1
32	3	2
32	5	2
32	6	1
32	8	3
32	9	3
32	10	2
32	11	2
32	12	2
32	13	2
32	14	2
32	15	3
32	16	2
32	17	2
32	18	2
32	19	4
32	20	10
32	21	2
32	22	1
32	23	2
32	24	1
32	26	1
32	27	4
32	28	11
32	29	3
32	30	3
32	31	4
33	1	3
33	2	1
33	4	1
33	5	4
33	6	1
33	7	4
33	8	3
33	9	2
33	10	1
33	11	3
33	12	1
33	13	3
33	14	2
33	15	2
33	16	2
33	17	2
33	18	4
33	19	2
33	20	2
33	21	4
33	22	2
33	23	2
33	24	3
33	26	1
33	27	6
33	28	8
33	29	2
33	30	2
33	31	3
33	32	9
34	1	2
34	2	1
34	3	2
34	4	5
34	5	1
34	6	3
34	7	3
34	8	7
34	9	3
34	10	7
34	11	1
34	12	1
34	13	4
34	14	5
34	15	2
34	16	1
34	17	3
34	18	6
34	19	2
34	20	7
34	21	10
34	22	1
34	23	4
34	24	3
34	27	1
34	28	6
34	29	2
34	30	3
34	31	2
34	32	5
34	33	9
35	0	1
35	1	2
35	2	3
35	3	2
35	4	8
35	5	1
35	6	5
35	7	2
35	8	5
35	9	7
35	10	4
35	11	1
35	12	4
35	13	2
35	14	2
35	15	3
35	16	4
35	17	4
35	18	6
35	19	3
35	20	3
35	21	5
35	22	1
35	23	1
35	24	2
35	26	6
35	27	4
35	28	6
35	29	3
35	30	2
35	31	6
35	32	4
35	33	5
35	34	2
36	0	1
36	1	2
36	2	3
36	4	3
36	5	2
36	6	2
36	7	2
36	8	1
36	9	3
36	10	5
36	11	2
36	12	1
36	13	4
36	14	2
36	15	2
36	17	1
36	18	2
36	19	6
36	20	3
36	21	2
36	22	3
36	24	1
36	25	1
36	26	2
36	28	1
36	29	4
36	30	4
36	31	2
36	32	2
36	33	1
36	34	3
36	35	3
37	0	1
37	3	3
37	4	3
37	5	3
37	7	1
37	8	2
37	9	4
37	10	4
37	11	2
37	12	1
37	13	9
37	14	2
37	15	1
37	16	4
37	17	4
37	18	5
37	19	4
37	20	3
37	21	2
37	22	1
37	23	1
37	27	3
37	28	8
37	29	2
37	30	3
37	31	3
37	32	2
37	33	4
37	34	4
37	35	8
37	36	6
38	0	1
38	2	2
38	3	1
38	4	3
38	5	2
38	7	2
38	9	5
38	10	2
38	11	2
38	12	5
38	13	6
38	14	6
38	15	5
38	16	8
38	17	2
38	18	5
38	19	6
38	20	4
38	21	2
38	22	3
38	24	1
38	26	3
38	27	2
38	28	14
38	29	3
38	30	5
38	31	1
38	32	1
38	33	3
38	34	7
38	35	7
38	36	3
38	37	5
39	2	1
39	3	2
39	5	6
39	6	4
39	7	1
39	8	4
39	9	5
39	10	1
39	11	3
39	12	7
39	13	6
39	14	5
39	15	5
39	16	3
39	17	1
39	18	2
39	19	5
39	20	4
39	21	6
39	22	3
39	24	1
39	26	5
39	27	4
39	28	7
39	29	4
39	30	6
39	32	1
39	34	4
39	35	3
39	36	2
39	37	7
39	38	16
40	1	1
40	3	1
40	4	2
40	5	3
40	6	1
40	7	3
40	8	4
40	9	3
40	10	3
40	11	1
40	12	3
40	13	13
40	14	2
40	15	1
40	16	3
40	17	3
40	18	1
40	19	2
40	20	2
40	22	1
40	23	1
40	24	1
40	26	2
40	27	3
40	28	10
40	29	6
40	30	6
40	31	6
40	32	3
40	33	4
40	34	3
40	35	11
40	36	6
40	37	9
40	38	14
40	39	3
41	2	2
41	3	2
41	4	3
41	5	4
41	6	1
41	7	2
41	8	2
41	9	1
41	10	3
41	11	1
41	12	4
41	13	2
41	14	2
41	15	3
41	16	1
41	17	4
41	19	2
41	20	5
41	21	2
41	22	2
41	24	1
41	26	2
41	27	3
41	28	10
41	29	2
41	30	6
41	31	6
41	32	4
41	33	3
41	34	4
41	35	3
41	36	2
41	37	4
41	38	10
41	39	7
41	40	15
42	6	3
42	9	2
42	11	1
42	12	1
42	13	1
42	14	2
42	15	3
42	17	1
42	18	2
42	19	1
42	20	1
42	21	3
42	22	1
42	23	2
42	24	2
42	26	1
42	27	4
42	28	4
42	29	3
42	30	2
42	31	7
42	32	3
42	33	3
42	34	1
42	35	3
42	36	3
42	37	2
42	38	4
42	39	7
42	40	9
42	41	9
43	1	2
43	2	1
43	4	2
43	6	3
43	7	1
43	8	3
43	9	1
43	13	3
43	14	2
43	15	1
43	16	2
43	17	2
43	18	6
43	19	3
43	20	2
43	21	5
43	22	1
43	24	1
43	26	1
43	27	2
43	28	1
43	29	1
43	30	3
43	31	7
43	32	2
43	33	2
43	34	3
43	35	4
43	36	1
43	37	1
43	38	4
43	39	5
43	40	3
43	41	8
43	42	7
44	0	4
44	1	1
44	2	2
44	3	1
44	4	2
44	5	1
44	7	1
44	8	4
44	10	2
44	11	2
44	12	1
44	18	1
44	20	1
44	21	2
44	26	1
44	27	1
44	28	4
44	29	2
44	30	7
44	31	4
44	32	1
44	33	1
44	34	1
44	35	3
44	36	1
44	37	3
44	38	1
44	39	3
44	40	2
44	41	3
44	42	4
44	43	12
45	0	3
45	1	3
45	2	2
45	4	3
45	6	1
45	7	2
45	8	2
45	10	3
45	17	1
45	18	1
45	19	1
45	25	1
45	26	1
45	27	3
45	28	4
45	29	1
45	30	2
45	32	2
45	33	1
45	34	1
45	35	1
45	36	3
45	38	2
45	39	2
45	40	4
45	41	3
45	42	4
45	43	7
45	44	12
46	1	1
46	3	2
46	4	2
46	9	1
46	10	3
46	11	3
46	13	1
46	14	1
46	18	4
46	19	1
46	21	1
46	22	3
46	26	2
46	27	5
46	28	3
46	29	1
46	30	4
46	31	2
46	32	1
46	33	1
46	35	4
46	37	2
46	38	6
46	39	4
46	40	3
46	41	2
46	42	4
46	43	3
46	44	4
46	45	13
47	1	2
47	2	2
47	3	1
47	4	6
47	5	2
47	6	1
47	7	1
47	8	2
47	9	4
47	10	4
47	12	5
47	13	1
47	14	1
47	15	2
47	16	1
47	17	3
47	18	1
47	19	4
47	20	2
47	23	1
47	24	1
47	27	2
47	28	3
47	29	2
47	30	1
47	31	2
47	32	1
47	33	2
47	34	1
47	35	2
47	36	1
47	37	2
47	38	3
47	40	2
47	41	4
47	42	2
47	43	4
47	44	4
47	46	6
48	4	4
48	10	2
48	11	1
48	12	2
48	13	2
48	22	2
48	25	1
48	27	1
48	28	2
48	30	5
48	31	1
48	35	4
48	36	1
48	37	2
48	40	2
48	41	3
48	42	1
48	43	2
48	44	1
48	45	2
48	46	5
48	47	9
49	2	4
49	3	2
49	4	1
49	5	3
49	7	2
49	9	3
49	10	4
49	11	2
49	12	2
49	13	3
49	14	2
49	15	2
49	16	5
49	17	1
49	18	2
49	19	1
49	20	3
49	24	2
49	27	3
49	28	2
49	30	1
49	31	1
49	32	2
49	33	1
49	34	1
49	35	2
49	36	4
49	37	2
49	38	4
49	39	3
49	40	7
49	41	4
49	42	1
49	43	6
49	44	3
49	45	3
49	46	2
49	47	9
49	48	6
50	3	1
50	4	3
50	5	5
50	8	2
50	9	1
50	10	2
50	13	1
50	14	3
50	15	2
50	18	1
50	19	1
50	23	2
50	26	1
50	28	1
50	29	2
50	30	2
50	31	2
50	32	1
50	35	1
50	36	4
50	38	2
50	39	3
50	40	4
50	41	2
50	42	1
50	43	2
50	44	3
50	46	1
50	47	5
50	48	7
50	49	7
51	4	2
51	7	1
51	8	2
51	9	4
51	10	1
51	11	1
51	12	3
51	13	3
51	15	3
51	16	1
51	17	2
51	19	2
51	20	1
51	23	1
51	24	2
51	27	3
51	28	2
51	29	3
51	31	5
51	32	1
51	33	1
51	34	2
51	35	1
51	37	2
51	38	2
51	39	2
51	41	2
51	42	4
51	44	2
51	45	4
51	46	1
51	47	1
51	48	1
51	49	6
51	50	3
52	0	1
52	4	1
52	6	1
52	7	1
52	8	2
52	9	1
52	11	2
52	12	3
52	13	1
52	14	3
52	16	1
52	17	3
52	18	4
52	19	1
52	20	2
52	21	2
52	23	2
52	24	1
52	26	1
52	27	3
52	28	2
52	30	2
52	31	2
52	32	1
52	33	3
52	34	4
52	35	4
52	36	2
52	37	2
52	38	3
52	39	4
52	40	1
52	41	2
52	42	2
52	43	3
52	45	5
52	46	2
52	47	7
52	48	3
52	49	6
52	50	11
52	51	18
53	1	3
53	4	1
53	5	3
53	6	2
53	7	1
53	8	2
53	9	2
53	10	1
53	11	1
53	12	2
53	13	3
53	14	1
53	15	1
53	16	1
53	17	2
53	19	5
53	20	1
53	22	1
53	24	1
53	26	2
53	27	3
53	28	4
53	29	3
53	31	1
53	32	1
53	33	1
53	34	3
53	35	2
53	36	2
53	38	4
53	39	2
53	40	4
53	41	4
53	42	2
53	43	1
53	44	2
53	45	3
53	46	4
53	47	7
53	48	4
53	49	12
53	50	10
53	51	8
53	52	8
54	0	1
54	1	4
54	2	2
54	3	1
54	4	1
54	5	1
54	6	1
54	8	1
54	9	1
54	11	2
54	12	4
54	13	1
54	14	2
54	15	1
54	16	2
54	17	1
54	18	3
54	19	1
54	20	2
54	27	3
54	28	1
54	29	1
54	31	3
54	32	5
54	35	5
54	36	1
54	38	1
54	39	4
54	40	5
54	41	10
54	42	5
54	43	6
54	44	6
54	45	3
54	46	6
54	47	9
54	48	2
54	49	6
54	50	3
54	51	2
54	52	5
54	53	2
55	0	2
55	1	4
55	3	3
55	4	2
55	8	3
55	9	2
55	10	2
55	11	1
55	12	1
55	13	2
55	14	2
55	15	1
55	17	1
55	18	5
55	19	2
55	20	1
55	21	1
55	22	1
55	24	1
55	25	1
55	28	5
55	29	4
55	30	2
55	31	4
55	32	1
55	33	3
55	34	2
55	35	3
55	36	4
55	37	4
55	38	6
55	39	3
55	40	3
55	41	5
55	42	3
55	43	3
55	44	3
55	45	4
55	46	2
55	47	12
55	48	3
55	49	1
55	50	4
55	51	5
55	52	3
55	53	6
55	54	11
56	3	3
56	4	3
56	5	1
56	8	1
56	10	3
56	11	1
56	12	1
56	13	1
56	17	1
56	20	1
56	21	2
56	22	2
56	23	1
56	27	2
56	29	3
56	30	2
56	32	2
56	33	1
56	35	2
56	37	1
56	38	3
56	39	2
56	40	2
56	41	2
56	42	1
56	43	4
56	45	3
56	46	11
56	47	3
56	48	6
56	49	4
56	50	4
56	51	5
56	52	3
56	53	3
56	54	3
56	55	3
57	0	1
57	2	3
57	3	3
57	4	1
57	8	1
57	9	2
57	11	1
57	13	1
57	14	2
57	15	1
57	16	3
57	17	4
57	18	1
57	19	4
57	22	2
57	24	1
57	27	1
57	28	1
57	29	2
57	30	2
57	31	4
57	32	5
57	33	2
57	35	4
57	36	1
57	37	4
57	38	4
57	39	4
57	40	5
57	41	6
57	43	3
57	44	3
57	45	3
57	46	8
57	47	4
57	48	5
57	49	6
57	50	3
57	51	8
57	52	4
57	53	2
57	54	6
57	55	4
57	56	8
58	0	1
58	1	1
58	8	3
58	9	1
58	10	1
58	12	1
58	13	1
58	14	2
58	15	4
58	17	1
58	18	1
58	19	1
58	23	2
58	24	2
58	26	3
58	27	1
58	28	2
58	29	2
58	30	2
58	31	1
58	32	1
58	33	1
58	34	1
58	36	3
58	38	1
58	39	1
58	40	5
58	41	4
58	42	2
58	43	2
58	45	4
58	46	3
58	47	5
58	48	4
58	49	2
58	50	3
58	51	2
58	52	3
58	53	3
58	54	3
58	55	1
58	56	1
58	57	5
59	1	2
59	2	1
59	3	3
59	4	2
59	5	5
59	8	1
59	9	1
59	11	4
59	13	2
59	14	3
59	19	2
59	20	3
59	21	2
59	22	1
59	24	1
59	27	3
59	28	2
59	29	6
59	30	3
59	31	6
59	32	3
59	33	3
59	34	1
59	35	4
59	36	1
59	37	3
59	38	7
59	39	1
59	40	2
59	41	4
59	42	3
59	43	8
59	44	7
59	45	7
59	46	2
59	47	2
59	48	2
59	49	5
59	50	4
59	52	3
59	53	1
59	54	7
59	55	4
59	56	2
59	57	4
59	58	7
60	0	3
60	1	3
60	2	1
60	3	2
60	4	2
60	5	2
60	6	3
60	7	3
60	9	2
60	10	3
60	11	1
60	12	4
60	13	7
60	14	2
60	15	3
60	16	3
60	17	1
60	18	2
60	20	4
60	21	4
60	22	1
60	24	1
60	27	3
60	28	5
60	29	1
60	30	3
60	31	2
60	32	2
60	33	3
60	34	1
60	35	1
60	36	5
60	37	3
60	38	11
60	39	4
60	40	3
60	41	4
60	42	4
60	43	2
60	44	3
60	45	4
60	46	5
60	47	8
60	48	7
60	49	5
60	50	13
60	51	15
60	52	16
60	53	13
60	54	7
60	55	2
60	56	3
60	57	6
60	58	4
60	59	3
