1	0	8
2	0	3
2	1	12
3	0	3
3	1	11
3	2	8
4	0	2
4	1	4
4	2	7
4	3	5
5	0	1
5	1	1
5	3	5
5	4	7
6	2	3
6	3	1
6	4	8
6	5	7
7	1	1
7	2	2
7	3	2
7	4	5
7	5	6
7	6	8
8	0	1
8	1	4
8	3	7
8	4	19
8	5	6
8	6	17
8	7	8
9	0	3
9	1	3
9	2	5
9	3	4
9	4	12
9	5	9
9	6	6
9	7	2
9	8	8
10	0	3
10	1	5
10	2	2
10	3	4
10	4	6
10	5	3
10	6	3
10	7	4
10	8	6
10	9	7
11	1	2
11	2	5
11	3	1
11	4	3
11	6	1
11	8	3
11	9	3
11	10	5
12	1	3
12	2	1
12	3	5
12	4	7
12	5	1
12	6	3
12	7	1
12	8	3
12	9	4
12	10	7
12	11	8
13	2	4
13	3	1
13	4	2
13	5	3
13	6	1
13	7	2
13	8	4
13	9	4
13	10	3
13	11	5
13	12	6
14	1	2
14	4	2
14	5	2
14	6	2
14	7	2
14	8	1
14	9	1
14	10	3
14	11	1
14	12	3
14	13	8
15	0	2
15	3	4
15	4	6
15	5	1
15	7	2
15	8	2
15	9	3
15	11	3
15	12	2
15	13	5
15	14	3
16	1	2
16	2	1
16	3	4
16	4	2
16	5	1
16	6	4
16	8	2
16	9	3
16	10	3
16	11	2
16	12	2
16	13	8
16	14	5
16	15	2
17	3	1
17	4	6
17	6	2
17	7	3
17	8	6
17	9	5
17	10	4
17	11	1
17	12	3
17	13	5
17	14	8
17	15	2
17	16	7
18	1	1
18	3	1
18	4	2
18	5	7
18	6	1
18	7	5
18	8	2
18	9	3
18	10	7
18	11	4
18	12	3
18	13	5
18	14	2
18	15	3
18	16	8
18	17	5
19	1	2
19	2	1
19	3	2
19	4	3
19	5	3
19	6	2
19	7	3
19	8	4
19	9	7
19	10	3
19	11	3
19	12	2
19	13	10
19	14	3
19	15	1
19	16	6
19	17	8
19	18	6
20	1	1
20	3	1
20	4	5
20	5	8
20	6	7
20	7	2
20	8	1
20	9	3
20	10	3
20	11	3
20	12	2
20	13	3
20	14	3
20	15	2
20	16	4
20	17	3
20	18	7
20	19	8
21	0	2
21	1	1
21	2	1
21	3	5
21	4	3
21	5	5
21	6	3
21	7	1
21	8	6
21	9	4
21	10	2
21	11	2
21	14	1
21	15	1
21	16	3
21	17	2
21	18	7
21	19	3
21	20	8
22	2	3
22	3	1
22	4	3
22	5	1
22	6	2
22	7	3
22	8	3
22	9	2
22	10	3
22	12	2
22	13	2
22	14	1
22	15	2
22	16	2
22	17	3
22	18	1
22	19	1
22	20	7
22	21	9
23	0	2
23	1	2
23	3	1
23	4	2
23	6	3
23	7	1
23	8	1
23	10	2
23	11	1
23	12	2
23	13	2
23	14	1
23	17	2
23	18	3
23	19	3
23	20	1
23	21	4
23	22	6
24	2	2
24	3	1
24	4	3
24	5	3
24	6	3
24	7	2
24	8	2
24	9	1
24	10	3
24	11	2
24	12	1
24	13	1
24	14	1
24	15	3
24	16	1
24	17	1
24	18	2
24	19	4
24	20	6
24	21	6
24	22	8
24	23	13
25	0	1
25	3	1
25	4	2
26	1	1
26	2	1
26	6	4
26	10	1
26	13	1
26	14	1
26	15	2
26	16	2
26	17	3
26	18	3
26	19	1
26	20	1
26	22	1
26	24	2
27	3	1
27	4	5
27	6	5
27	7	4
27	8	1
27	9	1
27	10	4
27	12	1
27	14	4
27	15	2
27	16	4
27	18	1
27	19	3
27	20	3
27	21	2
27	22	2
27	23	3
27	24	2
27	25	1
27	26	2
28	0	1
28	1	2
28	3	4
28	4	4
28	5	3
28	6	1
28	7	1
28	8	7
28	9	5
28	10	2
28	11	3
28	13	5
28	14	5
28	15	5
28	16	2
28	17	1
28	18	7
28	19	2
28	20	1
28	21	1
28	22	3
28	23	2
28	24	5
28	26	5
28	27	8
29	1	2
29	2	1
29	4	2
29	5	2
29	6	2
29	7	2
29	8	1
29	9	2
29	10	1
29	11	3
29	13	2
29	14	1
29	15	2
29	16	2
29	17	1
29	19	1
29	21	3
29	22	3
29	23	2
29	24	1
29	27	4
29	28	3
30	0	2
30	1	2
30	2	1
30	3	3
30	4	1
30	5	1
30	6	1
30	8	3
30	9	3
30	10	4
30	12	4
30	13	3
30	14	1
30	15	2
30	16	1
30	17	2
30	18	3
30	19	4
30	20	3
30	21	2
30	22	2
30	23	3
30	24	3
30	26	2
30	27	1
30	28	7
30	29	9
31	1	1
31	2	1
31	3	1
31	4	1
31	5	1
31	8	3
31	9	2
31	10	4
31	11	3
31	12	2
31	13	3
31	14	1
31	15	1
31	16	2
31	17	2
31	18	3
31	19	3
31	20	1
31	22	1
31	23	2
31	24	3
31	26	2
31	27	4
31	28	4
31	29	7
31	30	10
32	2	3
32	5	3
32	9	1
32	10	2
32	11	1
32	12	1
32	14	3
32	15	4
32	16	3
32	17	1
32	18	4
32	19	4
32	20	5
32	21	4
32	22	5
32	23	3
32	24	2
32	26	4
32	27	3
32	28	8
32	29	5
32	30	4
32	31	3
33	1	1
33	2	3
33	4	1
33	5	3
33	6	2
33	7	1
33	8	6
33	9	2
33	11	1
33	12	2
33	13	4
33	14	1
33	15	3
33	16	2
33	18	4
33	19	2
33	20	1
33	21	3
33	22	2
33	24	1
33	26	2
33	27	2
33	28	1
33	29	2
33	30	3
33	31	3
33	32	13
34	0	2
34	1	1
34	2	2
34	3	3
34	4	1
34	5	6
34	6	3
34	8	2
34	9	1
34	10	4
34	12	9
34	13	6
34	14	2
34	16	2
34	17	1
34	18	5
34	19	2
34	20	4
34	21	8
34	22	2
34	23	3
34	24	4
34	26	6
34	27	1
34	28	7
34	29	2
34	30	1
34	31	3
34	32	2
34	33	10
35	1	1
35	2	2
35	3	1
35	4	3
35	5	2
35	6	4
35	7	2
35	8	6
35	9	5
35	10	8
35	11	2
35	13	4
35	14	1
35	15	3
35	16	6
35	17	3
35	18	4
35	19	5
35	20	1
35	21	2
35	22	1
35	23	2
35	24	5
35	26	1
35	27	3
35	28	10
35	29	4
35	30	5
35	31	2
35	32	3
35	33	3
35	34	5
36	0	3
36	2	1
36	3	2
36	4	3
36	5	3
36	7	2
36	8	1
36	9	4
36	10	2
36	11	2
36	12	2
36	13	4
36	14	2
36	15	1
36	16	2
36	17	1
36	18	2
36	19	8
36	20	3
36	21	1
36	22	4
36	24	2
36	27	1
36	28	8
36	29	4
36	30	2
36	31	5
36	32	1
36	33	2
36	34	3
36	35	2
37	0	3
37	1	1
37	2	1
37	3	3
37	4	1
37	5	1
37	6	1
37	7	3
37	8	5
37	9	1
37	10	2
37	11	4
37	12	6
37	13	5
37	15	1
37	16	7
37	17	3
37	18	3
37	19	8
37	20	3
37	21	4
37	22	1
37	24	2
37	26	4
37	27	2
37	28	10
37	29	1
37	30	2
37	31	4
37	32	2
37	34	5
37	35	9
37	36	1
38	0	2
38	1	1
38	2	1
38	3	5
38	4	2
38	5	1
38	6	1
38	7	2
38	8	2
38	9	4
38	10	4
38	11	3
38	12	5
38	13	8
38	14	4
38	15	2
38	16	4
38	17	1
38	18	1
38	19	6
38	20	4
38	22	2
38	23	3
38	24	3
38	25	2
38	26	1
38	27	5
38	28	13
38	29	3
38	30	2
38	31	3
38	32	4
38	33	4
38	34	1
38	35	12
38	36	5
38	37	7
39	1	3
39	2	1
39	3	3
39	4	1
39	5	2
39	6	1
39	7	1
39	8	1
39	9	3
39	10	2
39	11	5
39	12	4
39	13	11
39	14	7
39	15	2
39	16	8
39	17	3
39	18	2
39	19	6
39	20	3
39	21	1
39	22	3
39	23	1
39	24	3
39	26	1
39	27	2
39	28	7
39	29	3
39	30	4
39	31	1
39	32	4
39	34	1
39	35	5
39	36	4
39	37	11
39	38	20
40	1	2
40	2	1
40	3	4
40	4	3
40	6	4
40	7	2
40	8	3
40	9	2
40	12	7
40	13	4
40	14	3
40	15	4
40	16	1
40	17	4
40	18	3
40	19	4
40	20	2
40	21	1
40	22	2
40	23	1
40	24	1
40	25	1
40	26	2
40	27	4
40	28	9
40	29	4
40	30	1
40	31	4
40	32	3
40	33	3
40	34	4
40	35	13
40	36	5
40	37	8
40	38	19
40	39	7
41	1	3
41	2	2
41	3	2
41	4	2
41	6	1
41	7	2
41	8	2
41	9	1
41	11	3
41	12	2
41	13	7
41	14	1
41	15	3
41	16	1
41	17	1
41	18	1
41	19	5
41	20	3
41	21	1
41	22	2
41	24	1
41	26	1
41	27	4
41	28	4
41	29	5
41	30	3
41	31	7
41	32	5
41	33	3
41	34	2
41	35	7
41	36	2
41	37	3
41	38	8
41	39	9
41	40	18
42	0	2
42	4	1
42	5	1
42	6	3
42	7	1
42	8	3
42	9	2
42	10	2
42	11	2
42	12	1
42	13	2
42	14	3
42	16	3
42	18	2
42	19	2
42	20	1
42	21	1
42	22	2
42	23	3
42	24	1
42	26	3
42	27	3
42	28	10
42	29	1
42	30	4
42	31	5
42	32	3
42	33	6
42	34	2
42	35	2
42	37	1
42	38	10
42	39	4
42	40	10
42	41	5
43	1	2
43	2	1
43	4	2
43	8	4
43	9	2
43	10	1
43	11	3
43	12	1
43	13	2
43	14	1
43	15	3
43	16	2
43	17	1
43	18	2
43	20	1
43	21	1
43	22	2
43	23	2
43	26	1
43	27	5
43	28	2
43	29	6
43	30	6
43	31	5
43	32	3
43	33	4
43	34	3
43	35	4
43	36	4
43	37	2
43	38	2
43	39	8
43	40	4
43	41	6
43	42	11
44	0	4
44	1	3
44	2	3
44	3	1
44	4	1
44	5	4
44	7	3
44	8	2
44	9	3
44	10	2
44	11	2
44	12	1
44	18	2
44	19	3
44	21	1
44	27	3
44	28	2
44	29	2
44	30	5
44	31	3
44	32	1
44	33	3
44	35	1
44	36	2
44	38	3
44	39	2
44	40	2
44	41	2
44	42	3
44	43	5
45	0	1
45	1	1
45	2	2
45	3	1
45	4	1
45	6	1
45	7	1
45	8	1
45	9	1
45	11	1
45	12	2
45	13	3
45	18	1
45	19	1
45	20	1
45	24	2
45	27	1
45	28	3
45	30	2
45	31	3
45	32	2
45	33	3
45	35	6
45	36	2
45	37	1
45	38	4
45	39	2
45	40	3
45	42	2
45	43	12
45	44	13
46	0	1
46	1	3
46	2	2
46	4	1
46	5	1
46	7	2
46	9	1
46	11	2
46	12	1
46	13	1
46	14	2
46	15	4
46	18	1
46	19	3
46	21	1
46	26	3
46	27	2
46	28	4
46	30	3
46	31	1
46	32	5
46	33	2
46	35	1
46	37	1
46	39	3
46	40	1
46	41	2
46	42	1
46	43	4
46	44	2
46	45	10
47	1	2
47	2	3
47	3	4
47	4	1
47	6	3
47	7	1
47	8	1
47	9	1
47	10	1
47	11	1
47	12	2
47	13	6
47	15	2
47	17	3
47	18	4
47	20	2
47	27	2
47	28	1
47	32	1
47	34	1
47	36	2
47	37	5
47	38	2
47	39	6
47	40	8
47	41	2
47	42	3
47	43	3
47	44	3
47	45	1
47	46	3
48	0	1
48	1	3
48	2	1
48	3	3
48	6	1
48	8	3
48	10	2
48	11	1
48	12	4
48	13	1
48	14	2
48	15	1
48	20	3
48	28	3
48	30	1
48	31	4
48	35	2
48	36	2
48	37	2
48	38	2
48	39	2
48	40	2
48	41	4
48	42	2
48	43	4
48	45	3
48	46	6
48	47	9
49	0	1
49	1	1
49	3	3
49	5	1
49	6	2
49	7	1
49	8	2
49	9	6
49	10	1
49	11	2
49	12	1
49	13	1
49	14	1
49	15	1
49	16	3
49	17	1
49	18	2
49	19	3
49	20	1
49	21	1
49	27	1
49	28	3
49	30	3
49	31	2
49	32	3
49	33	1
49	34	2
49	35	1
49	36	3
49	37	2
49	38	1
49	39	2
49	40	4
49	41	4
49	42	2
49	43	2
49	44	3
49	45	2
49	46	3
49	47	8
49	48	8
50	1	1
50	5	1
50	8	2
50	9	1
50	10	3
50	12	2
50	13	3
50	14	3
50	15	1
50	18	3
50	19	1
50	22	2
50	23	1
50	25	1
50	27	1
50	28	3
50	29	1
50	30	3
50	32	1
50	35	1
50	36	1
50	38	2
50	39	1
50	40	2
50	42	4
50	43	4
50	46	1
50	47	5
50	48	4
50	49	8
51	1	1
51	4	2
51	5	1
51	8	2
51	9	1
51	10	4
51	11	2
51	12	3
51	13	3
51	14	2
51	15	2
51	16	4
51	18	3
51	19	1
51	23	2
51	27	5
51	28	3
51	29	2
51	32	1
51	33	1
51	34	2
51	35	6
51	36	1
51	37	2
51	38	7
51	39	3
51	40	6
51	41	2
51	42	2
51	43	1
51	44	2
51	45	2
51	46	1
51	47	3
51	48	4
51	49	4
51	50	4
52	4	2
52	6	1
52	7	1
52	8	2
52	9	2
52	10	1
52	11	3
52	12	4
52	13	3
52	14	2
52	15	1
52	16	4
52	17	2
52	18	1
52	19	1
52	20	2
52	21	1
52	23	1
52	24	3
52	26	1
52	27	1
52	28	5
52	30	3
52	32	1
52	33	2
52	34	1
52	35	2
52	38	6
52	39	6
52	40	1
52	41	3
52	42	4
52	43	2
52	45	3
52	46	4
52	47	2
52	48	3
52	49	9
52	50	7
52	51	19
53	1	1
53	2	1
53	3	2
53	4	4
53	5	1
53	7	1
53	8	1
53	9	2
53	10	1
53	12	3
53	13	1
53	14	1
53	15	1
53	16	1
53	19	4
53	20	3
53	22	2
53	24	1
53	26	2
53	27	2
53	28	4
53	29	1
53	30	1
53	33	3
53	35	4
53	36	1
53	38	3
53	39	2
53	40	3
53	41	4
53	42	3
53	43	2
53	44	1
53	45	4
53	46	5
53	47	2
53	48	3
53	49	14
53	50	4
53	51	5
53	52	7
54	0	1
54	1	1
54	2	1
54	3	2
54	4	1
54	5	2
54	6	1
54	8	3
54	9	1
54	10	4
54	11	1
54	13	2
54	14	1
54	15	4
54	16	3
54	17	2
54	18	1
54	19	3
54	26	1
54	27	1
54	28	5
54	29	3
54	30	4
54	31	4
54	33	1
54	34	3
54	35	1
54	36	3
54	37	1
54	38	5
54	39	6
54	40	5
54	41	4
54	42	6
54	43	6
54	44	2
54	45	6
54	46	5
54	47	8
54	48	5
54	49	11
54	50	5
54	51	7
54	52	3
54	53	2
55	0	1
55	1	2
55	2	2
55	3	2
55	4	4
55	5	2
55	8	5
55	9	1
55	10	2
55	11	2
55	12	3
55	14	2
55	15	2
55	17	1
55	18	1
55	19	2
55	21	3
55	22	1
55	24	1
55	27	4
55	28	2
55	29	2
55	30	1
55	31	2
55	32	1
55	33	1
55	34	1
55	35	5
55	36	4
55	37	1
55	38	3
55	39	5
55	40	5
55	41	4
55	42	4
55	43	5
55	44	4
55	45	3
55	46	6
55	47	14
55	48	6
55	49	7
55	50	2
55	51	2
55	52	2
55	53	2
55	54	13
56	3	3
56	4	3
56	5	1
56	9	2
56	10	1
56	11	2
56	12	1
56	13	3
56	15	2
56	18	2
56	21	1
56	23	1
56	26	3
56	27	3
56	28	3
56	29	1
56	30	1
56	31	3
56	32	3
56	33	1
56	34	2
56	35	1
56	36	1
56	37	1
56	38	1
56	39	3
56	40	2
56	41	5
56	42	6
56	43	5
56	44	4
56	45	4
56	46	8
56	47	4
56	48	7
56	49	2
56	50	1
56	51	1
56	52	5
56	53	5
56	54	5
56	55	1
57	0	1
57	2	2
57	3	1
57	4	1
57	8	2
57	9	5
57	10	2
57	11	2
57	12	3
57	13	2
57	14	2
57	15	1
57	16	2
57	17	2
57	18	2
57	19	2
57	22	2
57	23	1
57	24	1
57	27	1
57	28	7
57	30	3
57	31	1
57	33	4
57	34	2
57	35	2
57	36	2
57	38	1
57	39	5
57	40	1
57	41	1
57	42	5
57	43	7
57	44	1
57	45	3
57	46	2
57	47	2
57	48	3
57	49	9
57	50	2
57	51	4
57	52	2
57	53	9
57	54	4
57	55	6
57	56	10
58	1	2
58	10	1
58	12	1
58	13	3
58	14	1
58	15	2
58	17	1
58	18	1
58	19	1
58	23	2
58	26	2
58	27	1
58	28	1
58	29	1
58	30	3
58	31	3
58	32	3
58	33	3
58	35	3
58	36	1
58	38	2
58	39	2
58	40	1
58	41	3
58	42	1
58	43	3
58	44	3
58	45	2
58	46	4
58	47	5
58	48	2
58	49	3
58	51	3
58	52	4
58	53	5
58	54	2
58	55	2
58	56	5
58	57	7
59	1	1
59	2	1
59	3	3
59	4	2
59	5	2
59	7	2
59	8	1
59	9	1
59	11	1
59	12	3
59	13	1
59	14	2
59	16	2
59	18	6
59	19	3
59	20	3
59	21	1
59	22	7
59	24	1
59	27	3
59	28	5
59	29	1
59	30	2
59	31	3
59	32	5
59	33	4
59	34	1
59	35	2
59	36	3
59	37	2
59	38	4
59	39	6
59	40	1
59	41	8
59	42	5
59	43	3
59	44	7
59	45	7
59	46	5
59	47	3
59	48	6
59	49	7
59	50	3
59	51	2
59	52	4
59	53	3
59	54	2
59	55	3
59	56	5
59	57	3
59	58	8
60	0	1
60	1	1
60	2	6
60	3	2
60	4	3
60	5	4
60	8	1
60	9	1
60	10	3
60	11	5
60	12	5
60	13	6
60	14	7
60	15	1
60	16	2
60	17	2
60	19	2
60	20	2
60	21	2
60	24	5
60	26	1
60	27	2
60	28	3
60	29	2
60	30	4
60	31	3
60	32	4
60	33	1
60	34	2
60	35	3
60	36	6
60	37	3
60	38	7
60	39	5
60	40	4
60	41	6
60	42	7
60	43	3
60	45	5
60	46	3
60	47	3
60	48	1
60	49	5
60	50	5
60	51	12
60	52	13
60	53	8
60	54	2
60	55	4
60	56	2
60	57	4
60	58	2
60	59	1
