1	0	10
2	0	1
2	1	8
3	0	1
3	1	6
3	2	8
4	0	2
4	1	1
4	2	3
4	3	7
5	0	1
5	1	3
5	2	3
5	3	6
5	4	8
6	0	1
6	1	1
6	2	4
6	3	2
6	4	7
6	5	8
7	1	1
7	2	2
7	3	2
7	4	3
7	5	2
7	6	10
8	0	2
8	1	1
8	3	5
8	4	12
8	5	7
8	6	13
8	7	13
9	0	3
9	1	4
9	2	7
9	3	3
9	4	5
9	5	6
9	6	3
9	7	1
9	8	6
10	0	1
10	1	1
10	2	2
10	3	5
10	4	3
10	5	2
10	6	2
10	7	4
10	8	8
10	9	12
11	1	2
11	2	5
11	4	6
11	5	3
11	6	4
11	8	3
11	9	8
11	10	10
12	1	1
12	2	6
12	3	1
12	4	2
12	5	4
12	6	3
12	7	1
12	8	5
12	9	4
12	10	14
12	11	16
13	0	1
13	1	3
13	2	1
13	3	1
13	4	1
13	5	1
13	6	3
13	7	1
13	8	2
13	9	5
13	10	7
13	11	2
13	12	8
14	2	1
14	3	2
14	4	1
14	5	1
14	6	1
14	8	1
14	9	1
14	11	4
14	12	3
14	13	7
15	2	1
15	3	4
15	4	2
15	5	1
15	7	1
15	8	2
15	9	2
15	10	2
15	12	1
15	13	6
15	14	10
16	1	1
16	2	1
16	3	1
16	5	5
16	6	4
16	7	2
16	8	3
16	9	3
16	10	3
16	11	2
16	13	8
16	14	7
16	15	5
17	2	2
17	3	1
17	4	1
17	5	2
17	6	2
17	7	4
17	8	2
17	9	3
17	10	3
17	11	1
17	12	5
17	13	5
17	14	7
17	15	1
17	16	7
18	1	1
18	3	2
18	4	7
18	5	1
18	6	2
18	7	1
18	9	4
18	10	3
18	12	3
18	13	2
18	14	5
18	15	1
18	16	7
18	17	4
19	1	4
19	2	1
19	4	8
19	5	4
19	6	3
19	7	1
19	8	1
19	9	4
19	10	5
19	11	5
19	12	4
19	13	4
19	14	1
19	15	3
19	16	2
19	17	6
19	18	8
20	1	2
20	3	5
20	4	2
20	5	1
20	6	2
20	7	3
20	8	6
20	9	2
20	10	3
20	11	5
20	12	2
20	13	3
20	14	5
20	15	2
20	16	5
20	17	5
20	18	6
20	19	9
21	0	2
21	1	2
21	3	1
21	4	4
21	5	6
21	6	2
21	7	4
21	9	3
21	10	4
21	11	2
21	12	2
21	13	5
21	14	2
21	16	3
21	17	2
21	18	3
21	19	6
21	20	10
22	1	1
22	2	1
22	3	3
22	5	3
22	6	2
22	7	2
22	8	5
22	9	2
22	11	1
22	12	2
22	13	4
22	14	2
22	15	2
22	16	1
22	17	3
22	18	7
22	19	8
22	20	3
22	21	16
23	0	1
23	2	3
23	3	1
23	4	1
23	5	4
23	6	3
23	7	2
23	8	3
23	9	1
23	10	2
23	11	2
23	12	2
23	13	1
23	14	1
23	15	1
23	16	4
23	17	2
23	18	1
23	19	3
23	20	3
23	21	4
23	22	3
24	1	1
24	2	2
24	3	2
24	4	4
24	5	4
24	6	4
24	7	5
24	8	3
24	9	1
24	10	2
24	12	1
24	13	2
24	14	1
24	15	5
24	16	2
24	17	1
24	18	1
24	19	4
24	20	3
24	21	2
24	22	6
24	23	9
25	4	1
25	6	1
25	12	1
25	22	1
26	1	1
26	3	1
26	6	1
26	8	2
26	14	1
26	15	1
26	16	1
26	20	3
26	22	3
26	24	1
27	3	2
27	4	1
27	5	1
27	7	1
27	8	6
27	9	3
27	10	1
27	11	3
27	12	3
27	13	2
27	14	4
27	15	5
27	16	3
27	17	2
27	18	4
27	19	2
27	20	2
27	21	1
27	22	2
27	24	1
27	26	1
28	0	2
28	1	1
28	3	3
28	4	3
28	5	2
28	6	2
28	7	1
28	8	1
28	9	2
28	10	2
28	11	2
28	12	2
28	13	4
28	14	3
28	15	3
28	16	2
28	17	4
28	18	13
28	20	5
28	21	4
28	22	2
28	23	1
28	24	1
28	26	1
28	27	8
29	1	1
29	2	1
29	4	5
29	6	2
29	7	2
29	8	1
29	9	4
29	10	5
29	14	2
29	15	1
29	16	6
29	18	2
29	19	2
29	20	3
29	21	2
29	22	2
29	23	1
29	24	1
29	27	1
29	28	2
30	1	2
30	2	1
30	3	1
30	4	5
30	5	3
30	6	2
30	8	3
30	9	2
30	10	3
30	13	2
30	14	2
30	15	3
30	16	3
30	17	3
30	18	4
30	19	3
30	20	2
30	21	3
30	22	3
30	23	3
30	24	4
30	26	1
30	27	3
30	28	4
30	29	4
31	1	4
31	3	2
31	4	1
31	5	4
31	8	2
31	9	1
31	10	1
31	11	1
31	12	1
31	13	1
31	14	4
31	16	2
31	17	1
31	18	1
31	20	2
31	21	2
31	22	3
31	23	1
31	26	1
31	27	5
31	28	5
31	29	5
31	30	12
32	0	1
32	1	1
32	3	1
32	4	4
32	5	2
32	8	5
32	10	2
32	13	3
32	14	2
32	15	1
32	16	1
32	18	1
32	19	1
32	21	2
32	22	2
32	23	2
32	24	3
32	26	2
32	27	4
32	28	11
32	29	3
32	30	4
32	31	2
33	1	1
33	2	1
33	3	1
33	4	1
33	5	2
33	6	3
33	7	3
33	8	2
33	9	2
33	10	3
33	11	4
33	12	1
33	13	1
33	15	3
33	16	5
33	18	5
33	19	1
33	20	3
33	21	4
33	22	1
33	23	2
33	24	1
33	27	6
33	28	7
33	30	9
33	31	5
33	32	9
34	2	1
34	3	3
34	4	2
34	5	1
34	6	4
34	7	1
34	8	2
34	9	1
34	10	4
34	11	2
34	12	1
34	13	3
34	14	3
34	15	4
34	16	4
34	17	1
34	18	7
34	19	4
34	20	6
34	21	9
34	22	6
34	26	1
34	27	7
34	28	2
34	29	3
34	30	5
34	31	1
34	32	1
34	33	7
35	1	3
35	3	4
35	4	1
35	5	3
35	7	3
35	8	4
35	9	4
35	10	5
35	11	5
35	12	2
35	13	4
35	14	4
35	15	4
35	18	14
35	19	4
35	20	6
35	21	8
35	22	2
35	23	3
35	24	2
35	26	1
35	27	3
35	28	9
35	30	4
35	31	4
35	32	2
35	33	4
35	34	4
36	1	2
36	2	1
36	4	6
36	5	2
36	6	1
36	7	2
36	9	2
36	10	4
36	11	2
36	12	2
36	13	4
36	14	4
36	15	3
36	16	4
36	17	3
36	18	4
36	19	6
36	20	1
36	21	4
36	22	1
36	24	3
36	26	1
36	27	2
36	28	6
36	29	4
36	30	2
36	31	2
36	32	3
36	33	2
36	34	4
36	35	2
37	0	3
37	1	4
37	2	2
37	3	1
37	4	2
37	5	1
37	6	3
37	7	1
37	8	3
37	10	4
37	11	1
37	12	2
37	13	5
37	14	5
37	15	8
37	16	8
37	17	2
37	18	10
37	19	3
37	20	5
37	21	6
37	22	3
37	23	2
37	24	2
37	27	1
37	28	6
37	29	3
37	31	2
37	32	3
37	33	1
37	34	6
37	35	12
37	36	5
38	0	1
38	1	3
38	2	2
38	4	2
38	5	2
38	6	1
38	7	5
38	8	3
38	9	4
38	10	7
38	11	2
38	12	4
38	13	12
38	14	4
38	15	2
38	16	5
38	17	6
38	18	3
38	19	4
38	20	5
38	21	5
38	22	2
38	23	3
38	24	2
38	25	1
38	26	3
38	27	3
38	28	16
38	29	3
38	30	3
38	31	3
38	32	3
38	33	4
38	34	4
38	35	8
38	36	4
38	37	12
39	1	3
39	2	2
39	4	7
39	5	1
39	6	2
39	7	3
39	9	5
39	10	3
39	11	2
39	12	3
39	13	10
39	14	4
39	15	3
39	16	3
39	17	3
39	18	1
39	19	10
39	20	2
39	21	3
39	22	1
39	23	2
39	24	2
39	27	1
39	28	5
39	29	2
39	30	8
39	31	1
39	32	1
39	33	4
39	34	2
39	35	5
39	36	4
39	37	6
39	38	22
40	3	1
40	5	2
40	6	1
40	7	1
40	8	3
40	9	3
40	10	4
40	11	1
40	12	4
40	13	6
40	16	6
40	17	1
40	18	3
40	19	2
40	20	5
40	21	7
40	22	3
40	23	1
40	24	1
40	26	2
40	27	2
40	28	5
40	29	5
40	30	2
40	31	3
40	32	2
40	33	2
40	34	2
40	35	4
40	36	5
40	37	6
40	38	14
40	39	12
41	2	3
41	3	2
41	4	2
41	5	2
41	6	1
41	7	1
41	9	6
41	10	5
41	11	2
41	12	4
41	13	5
41	14	1
41	15	1
41	17	1
41	18	4
41	19	4
41	20	2
41	21	4
41	22	2
41	23	2
41	26	1
41	27	6
41	28	6
41	29	6
41	30	5
41	31	12
41	32	3
41	33	3
41	35	4
41	36	3
41	37	3
41	38	10
41	39	4
41	40	23
42	0	4
42	4	1
42	5	2
42	6	1
42	7	2
42	9	1
42	10	1
42	11	4
42	12	1
42	13	3
42	14	1
42	15	2
42	17	2
42	18	1
42	19	1
42	20	2
42	22	1
42	23	4
42	24	1
42	26	2
42	27	5
42	28	9
42	29	1
42	30	5
42	31	3
42	32	4
42	33	1
42	34	3
42	35	3
42	37	2
42	39	8
42	40	11
42	41	9
43	0	1
43	1	1
43	2	1
43	3	2
43	4	4
43	5	1
43	8	4
43	9	2
43	10	1
43	12	1
43	13	2
43	14	3
43	15	1
43	16	2
43	17	2
43	18	2
43	19	2
43	20	1
43	21	1
43	22	3
43	23	2
43	24	1
43	26	1
43	27	2
43	28	5
43	29	5
43	30	7
43	31	3
43	32	4
43	33	1
43	34	1
43	35	4
43	37	2
43	38	3
43	39	2
43	40	5
43	41	9
43	42	6
44	1	1
44	2	1
44	3	6
44	4	2
44	5	2
44	8	2
44	9	1
44	10	1
44	12	2
44	13	2
44	14	2
44	18	3
44	19	5
44	21	3
44	26	1
44	27	1
44	28	2
44	29	2
44	30	5
44	31	3
44	32	3
44	33	3
44	34	2
44	36	1
44	38	1
44	39	4
44	40	8
44	42	2
44	43	11
45	0	1
45	1	2
45	2	1
45	3	1
45	4	6
45	8	1
45	10	2
45	11	1
45	13	2
45	18	3
45	20	2
45	24	2
45	26	2
45	27	5
45	28	3
45	29	1
45	30	2
45	31	1
45	33	1
45	34	4
45	35	1
45	36	2
45	37	3
45	38	4
45	40	3
45	41	3
45	42	5
45	43	11
45	44	13
46	1	1
46	3	1
46	4	2
46	7	1
46	8	1
46	9	1
46	10	2
46	11	1
46	12	1
46	13	2
46	15	1
46	18	1
46	19	1
46	21	2
46	22	4
46	26	1
46	28	7
46	29	1
46	30	1
46	32	4
46	34	1
46	35	3
46	36	3
46	37	1
46	38	5
46	39	1
46	40	4
46	41	4
46	42	1
46	43	6
46	44	5
46	45	3
47	1	1
47	2	2
47	3	1
47	4	3
47	8	1
47	9	2
47	11	2
47	12	2
47	13	4
47	14	2
47	15	3
47	16	5
47	17	2
47	18	1
47	19	1
47	20	1
47	24	2
47	27	1
47	28	3
47	29	2
47	31	3
47	32	2
47	33	3
47	34	1
47	35	1
47	36	1
47	37	1
47	38	5
47	39	4
47	40	3
47	41	2
47	42	6
47	43	5
47	44	3
47	45	6
47	46	7
48	1	2
48	2	2
48	3	2
48	4	1
48	7	1
48	10	2
48	11	1
48	12	1
48	13	1
48	15	2
48	20	2
48	22	2
48	23	2
48	27	2
48	28	2
48	30	3
48	31	2
48	35	1
48	36	3
48	37	2
48	38	4
48	39	1
48	40	6
48	41	3
48	42	1
48	44	2
48	45	1
48	46	3
48	47	12
49	1	1
49	3	4
49	4	1
49	6	3
49	8	4
49	9	1
49	10	6
49	12	3
49	16	2
49	17	2
49	18	1
49	21	6
49	24	3
49	25	1
49	27	3
49	28	1
49	29	4
49	30	1
49	31	1
49	33	4
49	34	1
49	35	2
49	36	2
49	37	2
49	38	5
49	39	4
49	40	2
49	41	2
49	42	5
49	43	5
49	44	1
49	45	3
49	46	4
49	47	11
49	48	6
50	3	1
50	4	1
50	5	1
50	8	1
50	9	4
50	10	2
50	12	2
50	13	1
50	14	2
50	15	1
50	18	3
50	22	1
50	27	1
50	28	2
50	29	2
50	30	1
50	31	3
50	32	1
50	35	1
50	36	1
50	37	1
50	38	5
50	39	2
50	40	2
50	41	1
50	42	3
50	43	3
50	46	3
50	47	7
50	48	1
50	49	6
51	4	2
51	5	2
51	8	1
51	9	1
51	11	2
51	12	5
51	13	1
51	14	1
51	15	1
51	16	1
51	18	1
51	19	1
51	20	1
51	24	2
51	27	3
51	28	6
51	29	2
51	30	1
51	31	1
51	32	2
51	33	1
51	34	1
51	36	3
51	37	2
51	38	5
51	39	7
51	40	2
51	41	1
51	42	1
51	43	1
51	44	2
51	45	1
51	46	3
51	47	3
51	48	2
51	49	5
51	50	6
52	0	1
52	4	1
52	8	2
52	9	3
52	10	7
52	11	2
52	12	3
52	13	1
52	14	1
52	15	2
52	16	1
52	17	2
52	18	1
52	19	3
52	24	1
52	26	2
52	27	5
52	28	3
52	29	1
52	30	1
52	31	1
52	33	3
52	35	2
52	36	3
52	37	2
52	38	8
52	39	1
52	40	7
52	41	5
52	42	1
52	43	2
52	44	1
52	45	2
52	46	3
52	47	6
52	48	4
52	49	5
52	50	3
52	51	16
53	1	3
53	2	2
53	3	3
53	4	3
53	5	1
53	6	2
53	7	5
53	8	2
53	9	1
53	10	1
53	11	3
53	13	5
53	14	2
53	15	7
53	16	1
53	18	2
53	19	1
53	20	2
53	22	3
53	26	1
53	27	2
53	28	1
53	29	2
53	31	1
53	33	3
53	34	2
53	37	1
53	38	7
53	39	5
53	40	3
53	41	3
53	42	1
53	44	2
53	45	3
53	46	5
53	47	3
53	48	7
53	49	10
53	50	4
53	51	9
53	52	12
54	1	5
54	2	1
54	3	4
54	4	3
54	5	2
54	6	1
54	7	1
54	8	1
54	9	5
54	10	1
54	11	1
54	12	2
54	13	1
54	15	2
54	16	3
54	17	2
54	19	4
54	20	1
54	23	1
54	26	2
54	27	1
54	28	3
54	30	3
54	31	2
54	32	2
54	33	1
54	36	2
54	37	3
54	38	2
54	39	3
54	40	1
54	41	4
54	42	3
54	43	2
54	44	2
54	45	9
54	46	5
54	47	12
54	48	4
54	49	7
54	50	3
54	51	2
54	52	3
54	53	5
55	0	2
55	1	2
55	2	5
55	3	2
55	4	3
55	5	3
55	8	2
55	9	4
55	10	3
55	11	2
55	12	2
55	13	2
55	14	1
55	15	2
55	16	3
55	18	4
55	19	3
55	20	2
55	21	1
55	22	2
55	25	1
55	27	1
55	28	2
55	30	3
55	31	4
55	32	2
55	33	1
55	34	1
55	35	1
55	36	3
55	37	7
55	38	4
55	39	3
55	40	4
55	41	8
55	42	2
55	43	4
55	44	1
55	45	3
55	46	9
55	47	7
55	48	4
55	49	8
55	50	3
55	51	4
55	52	3
55	53	4
55	54	14
56	3	2
56	5	1
56	9	1
56	10	2
56	11	1
56	12	1
56	13	1
56	15	4
56	17	2
56	18	2
56	19	3
56	20	2
56	21	2
56	22	2
56	23	2
56	26	1
56	29	2
56	30	2
56	31	4
56	34	1
56	35	1
56	37	1
56	38	1
56	39	2
56	40	3
56	41	2
56	42	3
56	43	7
56	44	1
56	45	7
56	46	9
56	47	5
56	48	3
56	49	4
56	50	3
56	51	4
56	53	7
56	54	3
56	55	8
57	0	1
57	2	3
57	3	1
57	4	2
57	6	1
57	8	2
57	9	1
57	10	2
57	12	1
57	13	1
57	14	4
57	15	2
57	16	1
57	17	3
57	18	2
57	19	2
57	23	2
57	24	4
57	27	1
57	28	1
57	30	2
57	33	3
57	35	3
57	36	4
57	37	2
57	38	4
57	39	1
57	40	3
57	41	1
57	42	4
57	43	3
57	44	2
57	45	1
57	46	7
57	47	3
57	48	2
57	49	7
57	50	3
57	51	5
57	52	3
57	53	6
57	54	3
57	55	2
57	56	11
58	3	3
58	9	1
58	10	1
58	12	4
58	13	1
58	14	1
58	17	1
58	18	2
58	20	2
58	23	1
58	26	2
58	27	1
58	29	1
58	30	4
58	31	3
58	32	1
58	33	3
58	34	1
58	35	2
58	36	4
58	38	3
58	39	2
58	40	2
58	41	4
58	42	8
58	43	5
58	44	4
58	46	4
58	47	1
58	48	2
58	49	4
58	50	1
58	51	5
58	52	1
58	53	4
58	54	1
58	55	3
58	56	10
58	57	1
59	1	2
59	2	3
59	3	1
59	4	2
59	5	1
59	7	1
59	8	3
59	9	1
59	11	1
59	13	4
59	14	2
59	15	3
59	16	1
59	17	2
59	18	2
59	19	1
59	21	3
59	22	4
59	24	4
59	26	1
59	27	2
59	28	3
59	29	4
59	30	7
59	31	3
59	32	3
59	33	5
59	34	2
59	35	6
59	36	3
59	37	2
59	38	3
59	39	1
59	40	5
59	41	2
59	42	3
59	43	4
59	44	3
59	45	7
59	46	6
59	47	4
59	48	1
59	49	3
59	50	5
59	51	5
59	52	3
59	53	2
59	54	1
59	55	1
59	56	6
59	57	8
59	58	6
60	0	1
60	1	2
60	2	3
60	5	2
60	6	3
60	8	3
60	10	3
60	11	4
60	12	2
60	13	7
60	14	4
60	15	7
60	16	1
60	17	2
60	19	1
60	20	1
60	21	4
60	22	1
60	24	3
60	27	1
60	28	3
60	29	1
60	30	1
60	31	2
60	33	3
60	34	2
60	35	1
60	37	1
60	38	10
60	39	7
60	40	8
60	41	4
60	42	2
60	43	5
60	44	3
60	45	4
60	46	2
60	47	4
60	48	2
60	49	6
60	50	4
60	51	14
60	52	14
60	53	11
60	54	5
60	55	3
60	56	7
60	57	3
60	58	4
60	59	4
