1	0	11
2	0	4
2	1	10
3	0	2
3	1	7
3	2	4
4	0	4
4	1	4
4	2	1
4	3	5
5	0	3
5	1	2
5	3	4
5	4	9
6	0	2
6	1	2
6	2	1
6	3	1
6	4	5
6	5	2
7	1	2
7	2	2
7	3	4
7	4	3
7	5	2
7	6	5
8	0	2
8	1	2
8	2	3
8	3	4
8	4	14
8	5	13
8	6	14
8	7	10
9	0	2
9	1	3
9	2	4
9	3	1
9	4	9
9	5	7
9	6	3
9	7	1
9	8	12
10	0	2
10	1	2
10	2	2
10	3	3
10	4	10
10	5	3
10	6	7
10	7	4
10	8	5
10	9	7
11	0	1
11	1	4
11	2	1
11	4	2
11	5	3
11	6	2
11	7	1
11	8	2
11	9	7
11	10	15
12	1	4
12	2	1
12	3	2
12	4	5
12	5	2
12	6	3
12	7	1
12	8	4
12	9	1
12	10	10
12	11	15
13	0	1
13	2	1
13	4	3
13	5	1
13	6	1
13	7	1
13	8	4
13	9	4
13	10	2
13	11	4
13	12	5
14	2	2
14	3	1
14	4	1
14	5	1
14	6	3
14	7	3
14	8	3
14	9	1
14	11	3
14	12	1
14	13	3
15	2	3
15	3	3
15	4	2
15	5	3
15	6	4
15	7	1
15	8	1
15	9	3
15	10	7
15	11	2
15	12	4
15	13	7
15	14	12
16	1	2
16	3	2
16	4	2
16	6	1
16	7	1
16	8	2
16	9	1
16	10	4
16	11	6
16	12	2
16	13	5
16	14	8
16	15	3
17	1	2
17	4	6
17	5	1
17	6	3
17	7	2
17	8	6
17	9	4
17	10	2
17	11	2
17	12	1
17	13	7
17	14	3
17	15	4
17	16	7
18	0	4
18	1	1
18	2	1
18	3	3
18	4	4
18	5	3
18	6	2
18	7	3
18	8	3
18	9	5
18	10	6
18	11	2
18	12	2
18	13	2
18	14	3
18	15	4
18	16	1
18	17	2
19	0	1
19	1	2
19	2	1
19	4	5
19	5	1
19	6	5
19	7	9
19	8	6
19	9	4
19	10	5
19	11	5
19	12	3
19	13	5
19	14	3
19	16	9
19	17	5
19	18	6
20	1	1
20	3	3
20	4	3
20	5	3
20	6	4
20	7	8
20	8	4
20	9	1
20	10	1
20	11	4
20	13	3
20	14	2
20	16	4
20	17	4
20	18	2
20	19	14
21	0	1
21	2	1
21	3	1
21	4	1
21	5	6
21	6	1
21	7	3
21	8	4
21	9	1
21	10	3
21	12	1
21	13	6
21	14	3
21	16	6
21	18	11
21	19	11
21	20	16
22	1	3
22	2	2
22	3	3
22	4	4
22	5	5
22	6	4
22	7	2
22	8	3
22	9	2
22	10	4
22	11	3
22	12	2
22	13	2
22	14	5
22	15	1
22	16	1
22	17	1
22	18	3
22	19	2
22	20	8
22	21	14
23	0	1
23	1	1
23	3	2
23	4	1
23	5	2
23	6	3
23	7	4
23	8	6
23	9	2
23	10	1
23	11	3
23	12	2
23	13	1
23	14	3
23	15	1
23	16	1
23	17	3
23	18	1
23	19	4
23	20	2
23	21	6
23	22	6
24	1	1
24	2	1
24	3	4
24	4	3
24	5	6
24	6	4
24	7	3
24	8	3
24	9	1
24	10	2
24	11	3
24	14	1
24	15	2
24	16	2
24	17	1
24	18	5
24	19	3
24	20	4
24	21	5
24	22	8
24	23	9
25	3	2
25	4	1
25	11	1
25	12	1
26	2	1
26	3	1
26	6	1
26	8	2
26	10	3
26	14	2
26	15	1
26	16	2
26	17	3
26	18	3
26	19	1
26	20	1
26	22	3
26	24	1
27	3	1
27	6	1
27	7	2
27	8	1
27	9	2
27	10	1
27	11	3
27	12	2
27	13	3
27	14	1
27	15	4
27	16	2
27	17	4
27	18	3
27	19	4
27	20	3
27	21	2
27	22	2
27	23	1
27	24	2
27	25	2
27	26	2
28	0	1
28	2	2
28	4	2
28	5	5
28	6	1
28	7	1
28	8	1
28	9	1
28	10	5
28	11	1
28	12	4
28	13	4
28	14	4
28	15	4
28	16	2
28	17	4
28	18	8
28	19	3
28	20	1
28	21	2
28	22	2
28	23	5
28	24	1
28	26	1
28	27	6
29	1	2
29	2	3
29	3	2
29	6	4
29	7	4
29	8	5
29	9	1
29	10	4
29	12	5
29	13	1
29	14	2
29	16	3
29	17	2
29	18	2
29	19	1
29	20	5
29	21	2
29	22	2
29	23	3
29	24	5
29	27	2
29	28	2
30	0	1
30	1	2
30	2	2
30	3	3
30	5	3
30	6	2
30	8	1
30	9	4
30	10	3
30	11	1
30	12	2
30	13	2
30	15	1
30	16	1
30	17	1
30	19	1
30	20	6
30	21	1
30	22	2
30	23	2
30	24	3
30	27	2
30	28	2
30	29	7
31	1	2
31	3	3
31	4	6
31	5	1
31	8	1
31	9	2
31	10	2
31	11	2
31	12	3
31	14	2
31	15	1
31	16	2
31	17	2
31	18	1
31	19	3
31	20	2
31	21	3
31	22	1
31	23	1
31	24	1
31	26	1
31	27	1
31	28	7
31	29	2
31	30	15
32	4	2
32	5	3
32	6	1
32	8	1
32	9	1
32	10	1
32	11	2
32	12	3
32	13	2
32	14	2
32	15	2
32	17	3
32	18	4
32	20	1
32	21	5
32	22	2
32	23	1
32	24	1
32	26	2
32	27	5
32	28	8
32	29	2
32	30	3
32	31	4
33	2	2
33	4	2
33	5	1
33	6	1
33	7	2
33	8	4
33	9	4
33	10	1
33	12	2
33	13	4
33	14	3
33	15	3
33	16	2
33	17	2
33	18	2
33	19	3
33	20	4
33	21	3
33	22	4
33	23	2
33	24	1
33	26	2
33	27	3
33	28	5
33	29	3
33	30	5
33	31	6
33	32	13
34	1	1
34	3	1
34	4	4
34	5	4
34	6	2
34	7	2
34	8	2
34	9	3
34	11	1
34	12	4
34	13	2
34	14	4
34	15	2
34	16	4
34	17	4
34	18	7
34	19	5
34	20	2
34	21	9
34	22	1
34	23	3
34	24	6
34	27	3
34	28	5
34	29	6
34	30	5
34	31	1
34	32	1
34	33	9
35	2	1
35	3	2
35	4	4
35	5	4
35	6	3
35	7	4
35	8	4
35	9	5
35	10	2
35	11	7
35	12	4
35	13	7
35	14	3
35	15	4
35	16	2
35	17	2
35	18	10
35	19	4
35	20	3
35	21	5
35	22	5
35	23	3
35	24	5
35	26	1
35	27	7
35	28	7
35	29	2
35	30	3
35	31	6
35	32	1
35	33	3
35	34	9
36	1	1
36	2	3
36	3	2
36	4	2
36	5	1
36	6	1
36	8	2
36	9	4
36	10	4
36	11	2
36	12	3
36	13	5
36	14	1
36	15	4
36	16	2
36	17	4
36	18	3
36	19	2
36	20	3
36	22	2
36	24	1
36	26	1
36	27	2
36	28	2
36	29	2
36	30	2
36	31	1
36	32	2
36	34	4
36	35	6
37	0	1
37	3	1
37	4	7
37	6	5
37	7	2
37	8	5
37	9	1
37	10	12
37	11	2
37	12	3
37	13	14
37	14	1
37	15	3
37	16	7
37	18	10
37	19	5
37	20	2
37	21	2
37	22	2
37	23	2
37	24	2
37	27	6
37	28	6
37	29	3
37	30	5
37	32	2
37	33	1
37	34	5
37	35	5
37	36	3
38	0	2
38	1	1
38	2	3
38	3	2
38	4	3
38	5	3
38	6	1
38	7	1
38	8	2
38	9	4
38	10	3
38	11	2
38	12	6
38	13	10
38	14	4
38	15	5
38	16	8
38	17	4
38	18	4
38	19	3
38	20	4
38	21	3
38	22	2
38	23	1
38	24	3
38	26	2
38	27	5
38	28	10
38	29	6
38	30	6
38	31	3
38	32	7
38	33	3
38	34	4
38	35	7
38	36	6
38	37	13
39	1	3
39	2	3
39	3	2
39	4	6
39	6	1
39	8	5
39	9	1
39	10	3
39	11	4
39	12	7
39	13	11
39	14	5
39	15	2
39	16	7
39	17	1
39	18	6
39	19	5
39	20	2
39	21	1
39	23	1
39	24	3
39	26	1
39	27	1
39	28	4
39	29	3
39	30	2
39	31	5
39	32	2
39	33	1
39	34	2
39	35	10
39	36	7
39	37	13
39	38	22
40	1	4
40	2	2
40	3	2
40	4	5
40	5	1
40	7	3
40	8	1
40	9	3
40	11	1
40	12	2
40	13	6
40	14	4
40	15	3
40	17	4
40	18	5
40	19	2
40	20	7
40	21	3
40	22	2
40	23	5
40	24	1
40	26	2
40	27	5
40	28	6
40	29	3
40	30	6
40	31	6
40	32	4
40	33	6
40	34	6
40	35	5
40	36	4
40	37	5
40	38	21
40	39	5
41	1	1
41	2	2
41	3	1
41	4	3
41	5	4
41	6	2
41	7	4
41	8	2
41	9	3
41	10	1
41	11	2
41	12	3
41	13	3
41	15	1
41	17	3
41	18	8
41	20	2
41	21	3
41	22	4
41	23	3
41	24	1
41	26	1
41	27	2
41	28	2
41	29	4
41	30	2
41	31	5
41	32	9
41	33	2
41	34	3
41	35	6
41	36	1
41	37	3
41	38	10
41	39	7
41	40	15
42	0	1
42	3	1
42	4	3
42	5	3
42	6	1
42	8	3
42	9	2
42	10	2
42	11	2
42	12	1
42	13	1
42	16	1
42	17	1
42	18	1
42	20	2
42	21	2
42	22	1
42	26	1
42	27	5
42	28	3
42	29	2
42	30	9
42	31	2
42	32	2
42	33	5
42	35	2
42	36	3
42	37	2
42	38	2
42	39	3
42	40	3
42	41	7
43	3	1
43	6	2
43	7	1
43	8	4
43	10	3
43	11	3
43	12	2
43	13	1
43	14	1
43	15	3
43	16	2
43	17	4
43	18	3
43	20	2
43	21	1
43	22	1
43	23	2
43	24	3
43	25	2
43	26	2
43	27	3
43	28	2
43	29	3
43	30	7
43	31	2
43	32	1
43	33	1
43	34	1
43	35	2
43	36	1
43	37	2
43	38	3
43	39	1
43	40	5
43	41	8
43	42	5
44	0	1
44	1	2
44	2	2
44	3	2
44	4	4
44	5	1
44	7	1
44	8	2
44	9	2
44	10	3
44	12	1
44	18	1
44	19	3
44	20	3
44	21	3
44	26	3
44	27	1
44	28	2
44	29	3
44	30	1
44	31	4
44	33	2
44	36	1
44	37	2
44	38	2
44	39	1
44	40	3
44	41	4
44	42	2
44	43	6
45	1	1
45	2	2
45	3	4
45	4	4
45	5	1
45	7	1
45	8	1
45	9	2
45	10	1
45	12	1
45	13	1
45	14	1
45	17	2
45	18	1
45	19	1
45	20	1
45	24	1
45	26	2
45	27	2
45	28	1
45	29	3
45	30	2
45	31	1
45	33	3
45	34	1
45	35	2
45	36	2
45	37	3
45	38	2
45	39	1
45	40	5
45	41	3
45	42	7
45	43	10
45	44	8
46	0	2
46	1	1
46	2	2
46	4	1
46	5	1
46	7	1
46	8	2
46	9	1
46	10	4
46	11	3
46	12	2
46	13	1
46	14	1
46	15	1
46	18	3
46	19	1
46	21	1
46	22	1
46	27	1
46	28	2
46	29	2
46	30	2
46	31	5
46	34	1
46	35	3
46	37	3
46	38	4
46	39	1
46	40	3
46	41	1
46	43	1
46	44	4
46	45	10
47	1	1
47	3	4
47	4	1
47	5	1
47	6	2
47	7	1
47	9	1
47	11	1
47	12	2
47	13	6
47	14	3
47	16	2
47	17	2
47	18	1
47	20	1
47	23	2
47	24	2
47	27	2
47	28	4
47	29	2
47	30	1
47	31	1
47	32	2
47	33	2
47	34	1
47	35	4
47	37	3
47	38	2
47	39	3
47	40	6
47	41	6
47	42	6
47	43	6
47	45	1
47	46	8
48	1	2
48	2	2
48	3	3
48	4	3
48	8	1
48	10	1
48	11	2
48	13	1
48	15	2
48	19	1
48	24	1
48	28	2
48	31	2
48	35	1
48	36	2
48	37	1
48	38	2
48	39	1
48	40	2
48	41	2
48	42	2
48	43	1
48	45	3
48	46	9
48	47	11
49	1	2
49	2	4
49	3	1
49	4	1
49	7	2
49	8	3
49	9	2
49	12	2
49	13	4
49	14	2
49	15	4
49	16	4
49	17	1
49	18	2
49	20	2
49	24	2
49	27	4
49	28	6
49	29	3
49	30	3
49	31	2
49	33	2
49	34	2
49	35	5
49	36	5
49	37	1
49	38	5
49	39	4
49	40	7
49	41	5
49	42	3
49	43	3
49	44	2
49	45	3
49	46	3
49	47	10
49	48	13
50	1	2
50	3	2
50	4	2
50	5	1
50	8	2
50	10	3
50	12	1
50	13	3
50	15	1
50	18	1
50	22	3
50	23	1
50	26	2
50	27	2
50	28	2
50	29	1
50	31	1
50	35	1
50	36	2
50	37	1
50	38	3
50	39	1
50	40	1
50	41	5
50	42	2
50	43	2
50	44	1
50	46	6
50	47	1
50	48	3
50	49	9
51	1	1
51	7	1
51	8	1
51	9	4
51	10	1
51	11	3
51	13	1
51	14	2
51	15	2
51	16	6
51	17	1
51	18	1
51	19	1
51	26	1
51	27	2
51	28	4
51	30	2
51	31	3
51	32	1
51	34	2
51	37	1
51	38	4
51	39	3
51	40	3
51	41	4
51	42	4
51	43	5
51	44	3
51	45	3
51	46	3
51	47	1
51	48	1
51	49	6
51	50	8
52	4	2
52	6	4
52	8	4
52	9	2
52	11	2
52	12	1
52	13	3
52	14	3
52	15	2
52	16	2
52	17	5
52	18	2
52	19	2
52	20	1
52	21	1
52	23	1
52	25	1
52	28	3
52	29	3
52	30	4
52	31	1
52	32	1
52	33	3
52	34	5
52	35	4
52	36	3
52	37	1
52	38	8
52	39	2
52	40	2
52	41	5
52	42	1
52	43	5
52	45	3
52	46	5
52	47	3
52	48	3
52	49	10
52	50	8
52	51	19
53	1	3
53	2	1
53	3	1
53	4	1
53	5	3
53	6	1
53	8	4
53	9	1
53	10	1
53	11	1
53	12	4
53	13	3
53	14	2
53	15	6
53	16	1
53	17	1
53	18	1
53	19	2
53	20	1
53	22	1
53	24	1
53	27	3
53	28	2
53	30	1
53	32	4
53	33	2
53	34	1
53	35	4
53	36	7
53	37	4
53	38	7
53	39	6
53	40	1
53	41	4
53	43	4
53	44	5
53	45	3
53	46	4
53	47	4
53	48	9
53	49	10
53	50	2
53	51	10
53	52	4
54	0	1
54	1	2
54	2	1
54	3	2
54	4	3
54	5	2
54	7	2
54	8	2
54	11	1
54	12	1
54	13	6
54	14	1
54	15	2
54	16	1
54	17	2
54	18	1
54	19	2
54	20	1
54	26	2
54	27	5
54	28	4
54	29	2
54	30	5
54	31	1
54	32	1
54	34	1
54	35	2
54	36	3
54	37	1
54	38	4
54	39	4
54	40	5
54	41	5
54	42	1
54	43	2
54	44	4
54	45	5
54	46	10
54	47	13
54	48	3
54	49	8
54	50	2
54	51	3
54	52	7
54	53	4
55	1	2
55	2	6
55	3	1
55	4	3
55	5	1
55	8	2
55	9	3
55	10	6
55	11	2
55	12	6
55	13	3
55	14	1
55	15	1
55	17	1
55	18	2
55	19	1
55	21	1
55	22	1
55	24	1
55	27	1
55	28	9
55	29	4
55	30	4
55	31	1
55	32	2
55	33	3
55	34	2
55	35	2
55	36	8
55	37	3
55	38	3
55	39	2
55	40	2
55	41	3
55	42	3
55	43	3
55	44	5
55	45	1
55	46	3
55	47	5
55	48	5
55	49	6
55	50	3
55	51	3
55	52	1
55	53	7
55	54	13
56	4	3
56	5	1
56	8	1
56	10	3
56	11	1
56	12	2
56	13	1
56	15	1
56	17	3
56	19	1
56	20	2
56	23	1
56	26	1
56	27	3
56	28	2
56	29	1
56	30	4
56	31	2
56	35	1
56	36	2
56	38	1
56	39	2
56	40	2
56	41	3
56	42	1
56	43	4
56	44	2
56	45	2
56	46	9
56	47	5
56	48	8
56	49	5
56	50	1
56	51	6
56	52	2
56	53	6
56	54	4
56	55	3
57	0	1
57	2	3
57	3	2
57	4	3
57	8	1
57	10	2
57	13	2
57	15	1
57	16	1
57	17	1
57	18	1
57	19	2
57	22	2
57	23	1
57	24	2
57	25	1
57	27	2
57	28	5
57	29	1
57	30	4
57	31	3
57	33	1
57	34	5
57	35	1
57	37	1
57	38	5
57	39	1
57	41	3
57	42	4
57	43	1
57	44	1
57	45	2
57	46	5
57	47	7
57	48	5
57	49	7
57	50	3
57	52	2
57	53	4
57	54	3
57	55	5
57	56	7
58	0	1
58	1	2
58	3	2
58	4	2
58	8	4
58	10	1
58	12	2
58	13	3
58	14	4
58	15	1
58	17	1
58	19	1
58	20	1
58	23	1
58	24	1
58	25	1
58	26	1
58	27	2
58	28	3
58	29	3
58	30	1
58	31	5
58	32	1
58	33	2
58	34	2
58	37	1
58	38	3
58	39	4
58	40	3
58	41	3
58	42	3
58	43	2
58	44	2
58	45	6
58	47	5
58	48	3
58	49	2
58	50	1
58	51	3
58	52	2
58	53	1
58	54	3
58	55	1
58	56	8
58	57	2
59	1	3
59	2	2
59	3	1
59	4	2
59	5	1
59	7	2
59	8	2
59	9	1
59	10	7
59	11	2
59	12	2
59	13	2
59	14	1
59	15	4
59	16	2
59	17	1
59	18	3
59	19	2
59	20	3
59	21	3
59	24	1
59	26	1
59	27	4
59	28	6
59	29	1
59	30	3
59	31	6
59	32	3
59	33	3
59	34	1
59	35	4
59	36	2
59	37	4
59	38	5
59	39	2
59	40	6
59	41	2
59	42	7
59	43	8
59	44	5
59	45	3
59	46	6
59	47	7
59	48	2
59	49	2
59	50	1
59	51	1
59	52	4
59	53	5
59	54	2
59	55	4
59	56	3
59	57	6
59	58	6
60	2	2
60	3	4
60	4	1
60	5	2
60	6	1
60	7	3
60	8	1
60	9	3
60	10	4
60	11	2
60	12	1
60	13	3
60	14	4
60	15	3
60	16	4
60	17	3
60	18	1
60	19	3
60	20	1
60	21	2
60	22	3
60	24	2
60	26	1
60	27	2
60	28	5
60	29	2
60	30	4
60	31	5
60	32	4
60	33	3
60	34	4
60	35	5
60	36	2
60	37	3
60	38	8
60	39	4
60	40	6
60	41	6
60	42	3
60	43	3
60	44	3
60	45	2
60	46	2
60	47	5
60	48	3
60	49	9
60	50	1
60	51	7
60	52	12
60	53	13
60	54	7
60	55	4
60	56	4
60	57	9
60	58	3
60	59	1
