1	0	9
2	0	2
2	1	7
3	0	3
3	1	11
3	2	5
4	0	3
4	1	1
4	2	2
4	3	6
5	0	1
5	1	2
5	2	2
5	3	3
5	4	9
6	0	1
6	3	2
6	4	3
6	5	2
7	1	1
7	2	2
7	3	3
7	4	3
7	5	2
7	6	5
8	0	3
8	1	4
8	2	4
8	3	1
8	4	15
8	5	8
8	6	7
8	7	6
9	0	1
9	1	4
9	2	1
9	3	3
9	4	12
9	5	5
9	6	1
9	7	7
9	8	7
10	0	1
10	1	2
10	2	2
10	3	4
10	4	10
10	5	4
10	6	3
10	7	3
10	8	5
10	9	12
11	0	1
11	1	2
11	2	2
11	3	1
11	4	3
11	5	1
11	7	1
11	8	1
11	9	6
11	10	12
12	1	4
12	2	2
12	3	2
12	4	3
12	5	3
12	6	2
12	7	1
12	8	6
12	9	8
12	10	9
12	11	6
13	1	1
13	2	1
13	3	4
13	4	2
13	5	1
13	6	1
13	7	1
13	8	2
13	9	4
13	10	4
13	11	4
13	12	11
14	1	1
14	2	1
14	3	1
14	4	3
14	5	3
14	6	2
14	7	1
14	8	3
14	9	1
14	10	3
14	11	1
14	12	5
14	13	2
15	2	2
15	3	3
15	4	6
15	5	1
15	8	1
15	9	4
15	10	2
15	11	2
15	12	5
15	13	8
15	14	7
16	2	2
16	4	2
16	5	2
16	6	6
16	8	1
16	9	3
16	10	2
16	11	3
16	12	4
16	13	10
16	14	6
16	15	3
17	3	3
17	4	3
17	5	3
17	6	1
17	7	5
17	8	3
17	9	2
17	10	4
17	11	5
17	12	3
17	13	5
17	14	4
17	15	7
17	16	12
18	0	1
18	1	1
18	3	2
18	4	5
18	5	6
18	7	2
18	8	3
18	9	2
18	10	4
18	11	1
18	12	3
18	13	4
18	14	2
18	15	2
18	16	8
19	0	3
19	1	2
19	2	1
19	3	4
19	4	2
19	5	2
19	6	6
19	7	5
19	8	6
19	9	5
19	10	2
19	11	3
19	12	1
19	13	9
19	14	4
19	15	4
19	16	6
19	17	6
19	18	10
20	1	2
20	2	1
20	3	2
20	4	7
20	5	1
20	6	4
20	7	3
20	8	1
20	9	1
20	10	4
20	13	4
20	14	2
20	15	2
20	16	4
20	17	7
20	18	5
20	19	14
21	0	2
21	1	1
21	2	2
21	3	2
21	4	4
21	5	3
21	6	2
21	8	4
21	9	3
21	10	4
21	11	2
21	12	2
21	13	3
21	14	2
21	16	5
21	17	8
21	18	5
21	19	10
21	20	7
22	1	3
22	2	3
22	3	3
22	5	2
22	6	3
22	8	2
22	9	4
22	11	4
22	12	1
22	13	2
22	14	2
22	15	3
22	17	4
22	18	3
22	19	4
22	20	10
22	21	7
23	1	1
23	3	3
23	4	2
23	5	2
23	6	4
23	8	2
23	10	3
23	11	1
23	12	1
23	13	3
23	16	2
23	17	3
23	18	2
23	19	4
23	20	1
23	21	5
23	22	8
24	1	2
24	3	1
24	4	3
24	5	1
24	6	1
24	7	1
24	8	2
24	9	4
24	10	1
24	11	1
24	12	3
24	13	1
24	15	1
24	16	4
24	17	5
24	18	4
24	19	1
24	20	4
24	21	4
24	22	3
24	23	11
25	5	2
25	8	1
25	11	1
25	12	1
25	15	2
25	17	1
25	21	1
26	1	1
26	3	1
26	6	1
26	8	3
26	10	2
26	14	2
26	16	2
26	17	3
26	18	1
26	19	3
26	20	3
26	22	3
26	24	1
27	3	5
27	4	2
27	5	4
27	6	2
27	7	2
27	8	3
27	9	1
27	10	3
27	11	5
27	12	2
27	13	2
27	14	2
27	15	3
27	16	5
27	17	1
27	18	8
27	19	3
27	20	3
27	21	2
27	22	3
27	23	2
27	24	2
27	25	1
27	26	2
28	0	2
28	1	5
28	4	2
28	5	6
28	6	4
28	7	4
28	8	3
28	9	6
28	10	4
28	11	4
28	12	3
28	13	7
28	14	2
28	15	3
28	16	3
28	17	2
28	18	4
28	20	4
28	21	4
28	22	3
28	23	3
28	24	4
28	26	2
28	27	2
29	2	1
29	3	3
29	4	2
29	5	2
29	6	3
29	7	4
29	8	3
29	9	2
29	10	4
29	12	2
29	13	4
29	14	1
29	17	3
29	18	2
29	19	3
29	20	2
29	21	4
29	22	1
29	23	2
29	24	3
29	27	1
29	28	1
30	1	1
30	2	1
30	3	2
30	4	5
30	5	1
30	6	3
30	7	2
30	8	5
30	9	1
30	10	5
30	11	2
30	13	2
30	14	2
30	16	2
30	17	4
30	18	5
30	19	4
30	20	1
30	21	2
30	22	2
30	23	1
30	24	4
30	27	3
30	28	5
30	29	8
31	1	2
31	2	3
31	3	1
31	5	1
31	8	2
31	9	3
31	10	1
31	11	2
31	12	1
31	13	2
31	15	2
31	16	3
31	17	4
31	19	2
31	20	1
31	21	2
31	22	3
31	23	1
31	24	3
31	26	1
31	27	3
31	28	3
31	29	4
31	30	10
32	0	1
32	1	1
32	2	1
32	3	3
32	4	3
32	5	2
32	9	3
32	13	2
32	14	2
32	20	3
32	21	3
32	22	4
32	24	2
32	27	5
32	28	8
32	29	4
32	30	4
32	31	4
33	2	2
33	3	4
33	4	1
33	5	1
33	6	2
33	8	5
33	9	3
33	10	1
33	11	2
33	12	6
33	13	5
33	15	5
33	16	1
33	17	2
33	18	1
33	19	3
33	20	1
33	21	4
33	22	5
33	23	4
33	24	3
33	26	2
33	27	2
33	28	7
33	29	5
33	30	4
33	31	2
33	32	10
34	1	2
34	2	1
34	3	2
34	4	6
34	5	4
34	6	4
34	7	2
34	8	1
34	9	1
34	10	2
34	12	3
34	13	6
34	14	2
34	15	3
34	16	2
34	17	1
34	18	6
34	19	1
34	20	1
34	21	2
34	22	5
34	23	2
34	24	1
34	26	2
34	27	3
34	28	4
34	29	3
34	30	2
34	32	5
34	33	8
35	1	4
35	2	3
35	3	5
35	4	5
35	5	3
35	6	3
35	7	2
35	8	1
35	9	3
35	10	3
35	11	1
35	12	6
35	13	5
35	14	3
35	15	6
35	16	6
35	17	7
35	18	8
35	19	6
35	20	3
35	21	6
35	22	2
35	24	3
35	26	2
35	27	2
35	28	13
35	29	4
35	30	3
35	31	1
35	32	2
35	33	5
35	34	4
36	0	3
36	1	4
36	2	1
36	3	1
36	4	5
36	5	2
36	6	4
36	7	3
36	8	2
36	9	3
36	10	1
36	11	3
36	12	4
36	13	1
36	14	5
36	15	2
36	16	3
36	17	2
36	18	3
36	19	5
36	20	2
36	21	1
36	22	1
36	25	1
36	26	3
36	28	3
36	29	2
36	30	1
36	32	3
36	33	1
36	34	2
36	35	4
37	0	2
37	1	1
37	2	4
37	3	2
37	4	2
37	5	5
37	7	1
37	8	4
37	9	2
37	10	6
37	11	2
37	12	7
37	13	9
37	14	6
37	15	3
37	16	6
37	17	1
37	18	5
37	19	3
37	20	3
37	21	1
37	22	3
37	23	4
37	24	2
37	27	2
37	28	8
37	30	3
37	31	5
37	32	4
37	33	2
37	34	4
37	35	5
37	36	2
38	0	6
38	1	6
38	2	1
38	3	4
38	4	4
38	5	4
38	6	3
38	7	4
38	8	2
38	9	2
38	10	3
38	11	1
38	12	4
38	13	5
38	14	2
38	15	4
38	16	7
38	17	3
38	18	4
38	19	5
38	20	2
38	21	4
38	22	1
38	23	2
38	24	4
38	25	1
38	26	1
38	27	5
38	28	14
38	29	1
38	30	3
38	31	5
38	32	6
38	33	2
38	34	2
38	35	7
38	36	5
38	37	5
39	2	1
39	3	3
39	4	1
39	5	3
39	6	2
39	7	1
39	8	4
39	9	3
39	10	6
39	11	2
39	12	2
39	13	5
39	14	5
39	15	4
39	16	1
39	17	2
39	18	4
39	19	4
39	20	2
39	21	3
39	23	1
39	26	1
39	27	3
39	28	6
39	29	4
39	30	2
39	31	2
39	32	2
39	33	6
39	34	3
39	35	6
39	36	6
39	37	9
39	38	10
40	1	5
40	2	3
40	4	3
40	5	1
40	6	1
40	7	2
40	8	4
40	9	2
40	10	2
40	11	3
40	12	3
40	13	2
40	14	1
40	15	1
40	17	2
40	18	1
40	20	3
40	21	3
40	22	2
40	23	2
40	24	1
40	26	1
40	27	2
40	28	3
40	29	4
40	30	7
40	31	5
40	32	4
40	33	2
40	34	4
40	35	10
40	36	3
40	37	4
40	38	13
40	39	8
41	1	3
41	2	2
41	4	5
41	5	2
41	6	1
41	7	1
41	8	3
41	9	3
41	10	4
41	12	1
41	13	2
41	14	2
41	15	3
41	16	4
41	17	2
41	18	4
41	19	4
41	20	4
41	21	4
41	22	1
41	23	2
41	24	1
41	26	1
41	27	6
41	28	9
41	29	3
41	30	5
41	31	3
41	32	3
41	33	5
41	34	1
41	35	4
41	36	5
41	37	1
41	38	14
41	39	7
41	40	15
42	0	2
42	3	2
42	4	2
42	5	3
42	8	2
42	10	2
42	11	1
42	12	1
42	13	7
42	14	2
42	15	2
42	16	2
42	17	2
42	18	1
42	20	1
42	21	3
42	22	2
42	27	1
42	28	7
42	29	4
42	30	1
42	31	4
42	32	5
42	33	1
42	34	3
42	35	3
42	37	3
42	38	2
42	39	1
42	40	8
42	41	10
43	0	6
43	1	2
43	2	3
43	3	2
43	4	4
43	5	5
43	6	2
43	8	3
43	9	1
43	10	3
43	11	2
43	12	4
43	13	2
43	14	2
43	16	4
43	17	3
43	18	4
43	20	3
43	21	1
43	22	1
43	23	1
43	24	1
43	27	4
43	28	5
43	29	3
43	30	1
43	31	9
43	32	7
43	33	3
43	34	4
43	35	3
43	36	6
43	37	5
43	38	2
43	39	6
43	40	7
43	41	7
43	42	10
44	0	4
44	1	1
44	2	2
44	3	3
44	4	5
44	5	2
44	8	2
44	9	4
44	10	1
44	12	1
44	13	2
44	14	2
44	16	2
44	17	1
44	18	3
44	19	1
44	20	1
44	21	2
44	26	1
44	27	2
44	28	2
44	29	2
44	30	2
44	31	2
44	32	2
44	33	5
44	35	2
44	36	1
44	37	1
44	38	9
44	39	1
44	40	7
44	41	8
44	42	4
44	43	8
45	1	1
45	2	3
45	3	2
45	4	1
45	5	1
45	6	1
45	7	1
45	8	1
45	9	2
45	10	3
45	11	2
45	12	2
45	13	2
45	14	4
45	18	3
45	19	5
45	20	2
45	24	1
45	26	1
45	27	3
45	28	6
45	29	3
45	30	5
45	31	2
45	32	4
45	33	2
45	34	1
45	35	2
45	36	2
45	37	5
45	38	5
45	39	1
45	40	3
45	41	1
45	42	3
45	43	7
45	44	14
46	1	1
46	3	1
46	4	2
46	5	1
46	8	2
46	10	4
46	12	2
46	13	1
46	14	1
46	15	1
46	18	1
46	19	1
46	22	2
46	26	2
46	27	1
46	28	5
46	29	1
46	30	1
46	31	3
46	32	3
46	33	2
46	34	1
46	35	1
46	36	4
46	38	3
46	39	2
46	40	3
46	41	4
46	42	4
46	43	6
46	44	5
46	45	10
47	1	1
47	3	2
47	7	1
47	8	1
47	9	1
47	10	2
47	11	3
47	12	3
47	13	2
47	16	2
47	17	1
47	18	1
47	20	2
47	27	3
47	28	2
47	29	2
47	30	4
47	31	3
47	32	1
47	35	3
47	36	2
47	38	3
47	40	5
47	41	2
47	42	3
47	43	4
47	44	6
47	45	9
47	46	9
48	0	1
48	1	1
48	2	1
48	3	2
48	4	3
48	8	1
48	12	1
48	14	2
48	15	1
48	20	1
48	22	1
48	23	1
48	27	1
48	28	2
48	30	2
48	31	2
48	35	1
48	36	2
48	37	1
48	38	1
48	39	1
48	40	4
48	41	1
48	42	1
48	43	2
48	44	3
48	46	2
48	47	6
49	0	1
49	1	1
49	3	2
49	4	1
49	5	4
49	6	2
49	7	1
49	8	2
49	9	4
49	10	1
49	13	4
49	14	2
49	16	2
49	18	1
49	19	1
49	20	1
49	24	1
49	27	3
49	28	3
49	29	2
49	30	3
49	31	1
49	32	1
49	33	3
49	34	1
49	35	4
49	36	1
49	37	1
49	38	2
49	39	4
49	40	2
49	42	1
49	43	3
49	44	2
49	46	5
49	47	12
49	48	7
50	3	1
50	4	2
50	8	2
50	9	1
50	10	1
50	12	3
50	13	1
50	14	1
50	15	2
50	23	1
50	25	1
50	27	1
50	28	2
50	30	3
50	31	2
50	35	1
50	36	1
50	37	1
50	38	1
50	39	3
50	40	1
50	42	2
50	43	7
50	44	2
50	45	1
50	47	2
50	48	2
50	49	11
51	1	5
51	4	1
51	8	1
51	9	1
51	10	1
51	11	1
51	12	6
51	13	5
51	14	1
51	15	1
51	16	4
51	19	1
51	20	1
51	23	1
51	24	1
51	25	2
51	26	1
51	28	2
51	29	2
51	30	2
51	31	2
51	33	1
51	34	1
51	35	2
51	36	4
51	37	2
51	38	5
51	39	8
51	40	3
51	42	1
51	44	3
51	45	1
51	46	3
51	48	3
51	49	8
51	50	7
52	4	2
52	8	1
52	9	2
52	10	3
52	11	6
52	12	3
52	13	4
52	15	7
52	16	2
52	18	1
52	19	3
52	20	1
52	21	1
52	23	1
52	26	1
52	27	3
52	28	3
52	31	3
52	33	2
52	35	4
52	36	1
52	37	2
52	38	9
52	39	3
52	40	2
52	41	2
52	42	2
52	44	3
52	45	2
52	46	2
52	47	9
52	48	2
52	49	5
52	50	7
52	51	13
53	2	3
53	3	2
53	7	2
53	8	1
53	9	1
53	10	2
53	14	5
53	15	6
53	16	2
53	17	2
53	18	2
53	19	1
53	22	1
53	24	1
53	26	2
53	27	3
53	28	2
53	29	3
53	30	1
53	31	2
53	32	2
53	34	2
53	35	4
53	36	1
53	37	2
53	38	3
53	39	4
53	40	7
53	41	6
53	42	3
53	43	6
53	44	3
53	45	2
53	46	2
53	47	4
53	48	4
53	49	7
53	50	8
53	51	14
53	52	12
54	0	2
54	1	2
54	2	1
54	4	2
54	5	2
54	7	2
54	8	4
54	9	5
54	11	3
54	12	1
54	13	3
54	14	2
54	17	1
54	18	1
54	19	3
54	20	2
54	26	1
54	27	3
54	28	1
54	30	1
54	31	3
54	32	2
54	34	2
54	35	1
54	36	4
54	38	4
54	39	1
54	40	5
54	41	6
54	42	5
54	43	7
54	44	4
54	45	5
54	46	3
54	47	6
54	48	5
54	49	5
54	50	1
54	51	2
54	52	4
54	53	2
55	0	1
55	1	2
55	2	2
55	3	1
55	5	1
55	8	2
55	9	6
55	10	6
55	11	2
55	12	1
55	13	3
55	14	1
55	15	1
55	16	1
55	17	2
55	18	3
55	19	2
55	20	1
55	24	2
55	28	1
55	29	3
55	30	1
55	31	2
55	32	1
55	33	2
55	34	3
55	35	2
55	36	4
55	37	1
55	38	6
55	39	3
55	40	6
55	41	5
55	42	5
55	43	6
55	44	4
55	45	6
55	46	2
55	47	7
55	48	4
55	49	2
55	50	5
55	51	5
55	52	2
55	53	8
55	54	22
56	3	1
56	4	1
56	5	1
56	6	2
56	8	1
56	10	1
56	11	1
56	12	3
56	13	2
56	15	3
56	17	1
56	18	1
56	21	3
56	28	6
56	29	2
56	30	2
56	33	3
56	35	3
56	36	1
56	37	4
56	39	1
56	40	2
56	41	3
56	42	4
56	43	6
56	44	1
56	45	3
56	46	8
56	47	7
56	48	9
56	49	4
56	51	5
56	52	3
56	53	7
56	54	4
56	55	3
57	4	1
57	8	1
57	9	5
57	10	1
57	11	2
57	12	1
57	13	4
57	14	2
57	15	2
57	16	3
57	17	3
57	18	2
57	22	1
57	24	2
57	27	1
57	28	4
57	29	4
57	30	4
57	31	2
57	32	1
57	33	1
57	34	1
57	35	2
57	36	1
57	37	1
57	38	2
57	39	1
57	40	4
57	41	4
57	42	2
57	43	7
57	44	3
57	45	4
57	46	3
57	47	7
57	48	5
57	49	7
57	50	3
57	51	5
57	52	2
57	53	7
57	54	3
57	55	5
57	56	9
58	4	3
58	8	2
58	9	5
58	10	3
58	12	2
58	13	2
58	17	3
58	18	3
58	19	3
58	24	1
58	27	4
58	28	4
58	29	1
58	30	3
58	31	2
58	32	3
58	34	2
58	35	1
58	36	2
58	37	2
58	38	5
58	39	2
58	40	3
58	41	3
58	42	2
58	43	4
58	44	2
58	45	4
58	46	6
58	47	1
58	48	3
58	49	5
58	50	3
58	51	2
58	52	2
58	53	3
58	54	2
58	55	2
58	56	1
58	57	8
59	2	2
59	3	2
59	4	4
59	5	2
59	7	3
59	8	1
59	10	1
59	12	1
59	13	5
59	14	3
59	16	3
59	17	2
59	18	2
59	19	4
59	20	1
59	21	1
59	22	2
59	26	1
59	27	4
59	28	3
59	29	6
59	30	6
59	31	6
59	32	3
59	33	1
59	34	1
59	35	5
59	37	4
59	38	3
59	39	3
59	40	4
59	41	3
59	42	8
59	43	6
59	44	5
59	45	6
59	46	4
59	47	3
59	48	1
59	49	3
59	50	1
59	51	5
59	52	4
59	53	3
59	54	5
59	55	2
59	56	3
59	57	3
59	58	3
60	0	2
60	1	1
60	2	1
60	3	1
60	4	3
60	5	1
60	6	2
60	7	1
60	8	4
60	9	5
60	11	1
60	12	2
60	13	3
60	14	5
60	15	1
60	16	6
60	18	5
60	19	3
60	21	2
60	24	2
60	26	3
60	27	3
60	28	2
60	29	1
60	30	6
60	31	4
60	32	2
60	35	3
60	36	1
60	37	3
60	38	4
60	39	6
60	40	4
60	41	6
60	43	4
60	45	4
60	46	2
60	47	5
60	48	2
60	49	6
60	50	6
60	51	10
60	52	15
60	53	9
60	54	4
60	55	7
60	57	3
60	58	4
60	59	1
