1	0	11
2	0	5
2	1	9
3	0	4
3	1	5
3	2	10
4	0	2
4	1	5
4	2	3
4	3	6
5	0	3
5	1	2
5	3	5
5	4	3
6	0	1
6	3	4
6	4	5
6	5	6
7	2	2
7	3	3
7	4	5
7	5	3
7	6	8
8	0	2
8	1	5
8	2	4
8	3	5
8	4	9
8	5	8
8	6	5
8	7	12
9	0	3
9	1	2
9	2	3
9	3	4
9	4	15
9	5	5
9	6	4
9	7	4
9	8	9
10	0	4
10	1	1
10	2	2
10	3	3
10	4	7
10	5	3
10	7	2
10	8	4
10	9	6
11	1	1
11	2	1
11	3	8
11	4	5
11	6	2
11	7	7
11	8	7
11	9	4
11	10	11
12	1	4
12	2	3
12	3	1
12	4	6
12	6	4
12	7	3
12	8	5
12	9	2
12	10	12
12	11	12
13	1	1
13	2	1
13	3	1
13	4	3
13	5	2
13	7	2
13	8	1
13	9	5
13	10	4
13	11	4
13	12	5
14	1	1
14	2	2
14	3	1
14	4	5
14	5	2
14	6	2
14	7	2
14	10	2
14	11	3
14	12	3
14	13	3
15	0	2
15	2	1
15	3	1
15	4	3
15	7	2
15	8	2
15	9	2
15	10	1
15	11	4
15	12	7
15	13	3
15	14	6
16	1	1
16	2	1
16	3	1
16	4	2
16	6	1
16	7	1
16	8	5
16	9	2
16	10	2
16	11	2
16	13	4
16	14	8
16	15	4
17	2	2
17	3	4
17	4	3
17	6	2
17	7	2
17	8	1
17	9	3
17	10	3
17	13	6
17	14	3
17	15	2
17	16	6
18	0	2
18	1	3
18	2	2
18	3	3
18	4	5
18	5	1
18	6	2
18	7	1
18	8	3
18	9	2
18	10	3
18	11	2
18	12	5
18	13	2
18	14	2
18	16	5
18	17	10
19	0	2
19	1	3
19	2	1
19	3	3
19	4	3
19	5	4
19	6	2
19	7	5
19	8	6
19	9	6
19	10	1
19	11	6
19	12	2
19	13	12
19	14	5
19	15	2
19	16	5
19	17	7
19	18	11
20	2	4
20	3	1
20	4	3
20	5	1
20	6	4
20	8	5
20	9	4
20	10	6
20	11	5
20	12	3
20	13	1
20	14	2
20	15	3
20	16	3
20	17	3
20	18	5
20	19	6
21	0	2
21	2	2
21	3	3
21	4	4
21	5	3
21	6	1
21	7	2
21	8	3
21	9	3
21	10	1
21	11	3
21	12	1
21	13	6
21	15	2
21	16	3
21	17	4
21	18	5
21	19	3
21	20	12
22	1	1
22	2	1
22	3	1
22	4	7
22	5	5
22	7	2
22	8	2
22	9	2
22	11	2
22	13	2
22	14	1
22	16	1
22	17	4
22	18	6
22	19	7
22	20	11
22	21	8
23	1	1
23	5	3
23	6	3
23	7	4
23	8	2
23	9	2
23	10	2
23	12	2
23	14	2
23	15	4
23	16	3
23	17	2
23	18	2
23	19	3
23	20	3
23	21	1
23	22	7
24	1	2
24	2	2
24	3	1
24	4	2
24	5	6
24	6	2
24	7	1
24	8	4
24	9	3
24	10	1
24	11	2
24	12	2
24	13	2
24	14	2
24	15	3
24	16	3
24	17	4
24	18	6
24	19	5
24	20	4
24	21	5
24	22	8
24	23	9
25	0	1
25	3	1
25	4	1
25	5	1
25	6	1
25	8	1
25	16	1
25	19	1
26	8	1
26	10	2
26	13	1
26	14	1
26	15	1
26	17	1
26	19	1
26	20	3
26	24	1
27	3	1
27	4	4
27	5	3
27	6	4
27	7	2
27	8	3
27	9	2
27	10	1
27	11	1
27	13	2
27	14	6
27	15	5
27	16	2
27	17	5
27	18	3
27	19	4
27	20	4
27	21	1
27	22	2
27	23	1
27	26	3
28	0	2
28	1	4
28	2	2
28	3	6
28	4	1
28	5	5
28	6	2
28	7	1
28	8	4
28	9	4
28	10	3
28	11	2
28	12	6
28	13	2
28	14	1
28	15	2
28	16	4
28	17	2
28	18	7
28	19	4
28	20	3
28	21	2
28	22	2
28	23	1
28	24	2
28	26	3
28	27	11
29	1	1
29	2	3
29	4	3
29	5	2
29	6	3
29	7	1
29	8	3
29	9	1
29	10	2
29	11	1
29	12	3
29	14	3
29	15	1
29	16	2
29	17	5
29	18	5
29	19	1
29	20	3
29	21	2
29	22	1
29	23	1
29	24	1
29	27	3
29	28	8
30	0	2
30	1	2
30	2	1
30	3	3
30	4	1
30	5	3
30	7	2
30	8	3
30	9	3
30	10	1
30	11	3
30	12	4
30	13	5
30	14	1
30	15	1
30	16	3
30	17	3
30	18	1
30	19	2
30	20	2
30	21	3
30	22	2
30	23	3
30	24	2
30	26	2
30	27	3
30	28	7
30	29	6
31	1	2
31	3	3
31	4	5
31	5	3
31	8	2
31	10	2
31	11	1
31	12	3
31	13	2
31	14	1
31	15	1
31	16	1
31	17	1
31	18	2
31	19	3
31	20	3
31	21	2
31	22	1
31	26	4
31	27	4
31	28	4
31	29	2
31	30	12
32	1	2
32	2	2
32	3	1
32	4	3
32	5	1
32	6	1
32	8	2
32	9	2
32	10	2
32	11	1
32	13	3
32	14	1
32	15	2
32	17	2
32	18	3
32	19	1
32	20	3
32	21	2
32	23	1
32	24	4
32	26	1
32	27	5
32	28	10
32	29	1
32	30	5
32	31	1
33	1	1
33	3	1
33	4	2
33	5	1
33	6	3
33	7	1
33	8	2
33	9	2
33	10	2
33	11	1
33	12	2
33	13	4
33	15	4
33	16	1
33	17	1
33	18	3
33	19	2
33	20	3
33	21	3
33	22	3
33	23	4
33	24	2
33	26	3
33	27	4
33	28	7
33	29	4
33	30	5
33	31	7
33	32	8
34	0	1
34	1	3
34	2	4
34	3	1
34	4	2
34	5	1
34	7	3
34	8	4
34	9	4
34	10	5
34	11	2
34	14	3
34	15	3
34	16	3
34	17	1
34	18	5
34	19	5
34	20	3
34	21	5
34	22	1
34	23	3
34	24	5
34	27	2
34	28	8
34	29	4
34	30	7
34	31	1
34	32	10
34	33	7
35	0	3
35	1	1
35	3	2
35	4	7
35	5	1
35	6	1
35	7	2
35	8	3
35	9	3
35	10	5
35	11	5
35	12	2
35	13	5
35	14	6
35	16	5
35	17	5
35	18	10
35	19	5
35	20	9
35	21	3
35	22	1
35	23	2
35	24	2
35	26	1
35	27	1
35	28	12
35	29	4
35	30	7
35	31	3
35	32	5
35	33	5
35	34	5
36	1	3
36	2	3
36	3	1
36	4	3
36	5	3
36	6	3
36	7	5
36	8	4
36	9	3
36	10	4
36	11	2
36	12	2
36	13	1
36	14	3
36	15	2
36	16	1
36	17	6
36	18	4
36	19	2
36	20	2
36	21	4
36	22	2
36	26	1
36	27	5
36	28	5
36	29	3
36	30	3
36	31	1
36	32	1
36	33	1
36	34	1
36	35	10
37	0	2
37	1	2
37	2	2
37	3	5
37	4	4
37	5	2
37	8	3
37	10	2
37	11	2
37	12	1
37	13	14
37	14	1
37	15	3
37	16	2
37	17	5
37	18	6
37	19	3
37	20	4
37	21	1
37	22	4
37	23	1
37	24	2
37	25	1
37	26	2
37	27	4
37	28	15
37	30	2
37	31	4
37	32	5
37	33	3
37	34	2
37	35	9
37	36	6
38	0	2
38	1	5
38	2	2
38	3	1
38	4	4
38	5	3
38	6	3
38	7	5
38	8	2
38	9	3
38	10	5
38	11	2
38	12	5
38	13	8
38	15	3
38	16	7
38	17	2
38	18	5
38	19	5
38	20	6
38	21	2
38	22	3
38	24	3
38	26	3
38	27	6
38	28	9
38	29	5
38	30	4
38	31	5
38	32	7
38	33	3
38	34	2
38	35	4
38	36	4
38	37	8
39	1	1
39	2	4
39	3	2
39	4	3
39	5	4
39	6	1
39	7	1
39	8	3
39	9	2
39	10	2
39	11	1
39	12	3
39	13	9
39	14	2
39	15	5
39	16	2
39	17	3
39	18	7
39	19	3
39	20	1
39	23	1
39	27	2
39	28	9
39	29	2
39	30	4
39	31	1
39	32	1
39	33	2
39	34	4
39	35	10
39	36	3
39	37	10
39	38	17
40	1	1
40	2	2
40	4	4
40	5	3
40	6	1
40	7	2
40	8	2
40	9	4
40	10	1
40	11	2
40	12	5
40	13	5
40	15	4
40	16	3
40	17	2
40	18	5
40	19	1
40	20	2
40	21	2
40	22	1
40	24	2
40	25	2
40	27	2
40	28	9
40	29	4
40	30	9
40	31	5
40	32	6
40	33	4
40	34	3
40	35	5
40	36	6
40	37	8
40	38	13
40	39	14
41	3	2
41	4	1
41	5	1
41	6	1
41	7	1
41	8	4
41	9	3
41	10	1
41	12	2
41	13	7
41	14	2
41	15	5
41	16	3
41	17	1
41	18	4
41	19	2
41	20	2
41	21	2
41	22	2
41	24	1
41	25	1
41	27	4
41	28	5
41	29	3
41	30	7
41	31	8
41	32	2
41	33	6
41	34	3
41	35	1
41	36	1
41	37	4
41	38	11
41	39	5
41	40	15
42	0	1
42	4	4
42	5	3
42	6	1
42	7	1
42	8	3
42	9	2
42	10	2
42	12	1
42	13	3
42	14	1
42	15	1
42	16	3
42	17	2
42	18	2
42	20	3
42	21	2
42	22	2
42	24	1
42	27	2
42	28	6
42	29	4
42	30	3
42	31	2
42	32	4
42	33	2
42	34	4
42	35	4
42	36	1
42	37	2
42	38	6
42	39	2
42	40	5
42	41	10
43	0	1
43	1	2
43	2	3
43	3	3
43	4	1
43	5	1
43	6	1
43	9	4
43	10	1
43	11	3
43	12	1
43	13	4
43	15	1
43	16	1
43	17	3
43	18	2
43	19	2
43	20	2
43	21	3
43	23	1
43	24	2
43	26	1
43	27	2
43	28	4
43	30	1
43	31	5
43	32	3
43	33	1
43	34	1
43	35	3
43	36	2
43	37	6
43	38	7
43	39	1
43	40	7
43	41	4
43	42	4
44	1	2
44	3	1
44	4	1
44	5	2
44	7	4
44	8	2
44	9	1
44	10	3
44	11	1
44	12	2
44	13	1
44	14	2
44	17	5
44	20	1
44	21	1
44	27	1
44	28	1
44	29	1
44	30	1
44	31	2
44	33	2
44	34	3
44	38	2
44	39	2
44	40	2
44	41	3
44	42	3
44	43	7
45	0	3
45	1	1
45	2	2
45	4	1
45	5	1
45	6	2
45	7	2
45	8	1
45	9	3
45	10	1
45	11	2
45	12	1
45	14	1
45	17	4
45	18	3
45	19	3
45	20	2
45	24	1
45	27	1
45	28	4
45	29	3
45	30	5
45	31	4
45	33	1
45	35	2
45	36	1
45	38	3
45	39	3
45	40	2
45	41	3
45	42	3
45	43	13
45	44	6
46	1	2
46	2	2
46	3	1
46	4	1
46	5	2
46	7	1
46	8	3
46	10	1
46	11	2
46	12	1
46	13	2
46	14	2
46	15	2
46	21	1
46	22	1
46	26	2
46	27	4
46	28	4
46	29	1
46	30	4
46	31	1
46	32	2
46	33	2
46	34	1
46	35	1
46	36	2
46	37	1
46	38	3
46	39	3
46	40	2
46	41	5
46	42	1
46	43	3
46	44	5
46	45	8
47	1	2
47	2	1
47	3	2
47	4	2
47	5	1
47	6	2
47	8	1
47	10	5
47	11	2
47	12	3
47	13	5
47	14	1
47	15	1
47	16	1
47	17	1
47	18	1
47	19	2
47	20	4
47	23	1
47	24	1
47	28	3
47	30	4
47	31	4
47	32	3
47	34	2
47	35	2
47	36	3
47	37	2
47	38	1
47	39	3
47	40	3
47	41	4
47	42	5
47	43	2
47	44	1
47	45	3
47	46	1
48	1	3
48	2	3
48	3	1
48	4	4
48	11	2
48	13	1
48	15	1
48	20	1
48	23	2
48	27	1
48	28	2
48	30	1
48	31	1
48	35	2
48	36	1
48	38	4
48	39	2
48	40	2
48	41	4
48	43	2
48	44	1
48	45	4
48	46	5
48	47	9
49	0	1
49	1	2
49	5	1
49	6	2
49	7	5
49	8	1
49	9	1
49	10	2
49	11	1
49	12	1
49	13	1
49	14	2
49	15	4
49	16	4
49	17	2
49	19	2
49	20	4
49	21	4
49	24	1
49	27	3
49	28	2
49	29	2
49	30	2
49	31	4
49	32	2
49	33	6
49	34	1
49	35	4
49	37	4
49	38	9
49	39	3
49	40	2
49	41	4
49	42	4
49	43	2
49	44	4
49	45	4
49	46	6
49	47	11
49	48	10
50	0	1
50	1	2
50	3	2
50	4	1
50	8	1
50	10	3
50	12	4
50	13	1
50	14	3
50	15	3
50	18	1
50	22	1
50	28	3
50	29	1
50	31	2
50	32	1
50	35	1
50	37	1
50	38	1
50	39	4
50	40	5
50	41	2
50	43	3
50	44	1
50	45	1
50	46	2
50	47	7
50	48	2
50	49	3
51	5	3
51	8	2
51	9	1
51	10	2
51	11	1
51	12	3
51	13	4
51	15	2
51	16	2
51	17	2
51	18	5
51	19	1
51	20	2
51	23	1
51	24	1
51	26	1
51	27	2
51	28	1
51	29	2
51	30	2
51	31	3
51	32	2
51	33	1
51	34	1
51	35	3
51	36	1
51	37	4
51	38	7
51	39	1
51	40	1
51	41	3
51	42	4
51	43	1
51	44	1
51	47	4
51	48	3
51	49	3
51	50	2
52	0	1
52	4	3
52	6	1
52	8	1
52	11	2
52	12	1
52	13	2
52	15	3
52	17	5
52	18	3
52	19	3
52	20	3
52	21	1
52	23	4
52	24	1
52	27	1
52	28	2
52	30	1
52	31	3
52	32	1
52	33	3
52	34	1
52	35	3
52	36	1
52	37	1
52	38	9
52	39	5
52	40	5
52	41	1
52	42	2
52	43	1
52	44	4
52	45	2
52	46	5
52	47	4
52	48	3
52	49	6
52	50	13
52	51	26
53	1	2
53	2	1
53	3	2
53	4	3
53	5	1
53	7	1
53	9	1
53	10	3
53	11	2
53	12	3
53	13	5
53	15	1
53	16	2
53	17	4
53	18	1
53	19	3
53	20	2
53	22	1
53	24	4
53	26	3
53	27	2
53	28	4
53	29	1
53	30	5
53	31	2
53	32	5
53	34	2
53	35	1
53	36	3
53	37	1
53	38	8
53	39	1
53	40	2
53	41	6
53	42	4
53	43	2
53	45	4
53	46	6
53	47	4
53	48	7
53	49	13
53	50	5
53	51	4
53	52	6
54	0	1
54	1	3
54	2	1
54	3	1
54	4	2
54	5	2
54	6	1
54	8	1
54	9	1
54	10	2
54	11	2
54	12	2
54	13	2
54	14	2
54	15	3
54	16	2
54	17	1
54	19	1
54	20	1
54	26	1
54	28	2
54	29	3
54	30	2
54	31	3
54	32	1
54	33	2
54	34	2
54	35	1
54	36	1
54	37	5
54	38	4
54	39	5
54	40	3
54	41	1
54	42	2
54	43	6
54	44	4
54	45	6
54	46	10
54	47	11
54	48	1
54	49	5
54	50	2
54	51	3
54	52	2
54	53	4
55	1	2
55	2	3
55	3	5
55	5	4
55	8	3
55	9	2
55	10	2
55	12	4
55	13	3
55	15	4
55	16	2
55	17	4
55	18	2
55	19	3
55	20	2
55	21	1
55	22	1
55	24	1
55	27	2
55	28	2
55	29	5
55	30	7
55	31	2
55	32	2
55	33	2
55	34	1
55	35	1
55	36	6
55	37	1
55	38	3
55	39	1
55	40	7
55	42	2
55	43	6
55	44	4
55	45	5
55	46	8
55	48	7
55	49	2
55	50	5
55	51	6
55	52	3
55	53	4
55	54	17
56	5	2
56	6	1
56	8	1
56	9	1
56	11	1
56	13	2
56	15	3
56	19	3
56	20	1
56	21	3
56	27	2
56	29	1
56	31	4
56	32	2
56	33	3
56	37	4
56	38	3
56	40	3
56	41	5
56	42	1
56	43	3
56	44	3
56	45	2
56	46	8
56	47	5
56	48	2
56	49	5
56	50	5
56	51	4
56	52	1
56	53	2
56	54	6
56	55	4
57	2	1
57	3	1
57	4	2
57	8	1
57	12	3
57	13	2
57	14	2
57	15	2
57	16	1
57	18	1
57	19	3
57	27	1
57	28	3
57	29	1
57	30	4
57	31	2
57	34	3
57	35	2
57	37	2
57	38	3
57	39	3
57	40	2
57	41	2
57	42	5
57	43	4
57	44	4
57	45	2
57	46	7
57	47	3
57	48	2
57	49	8
57	51	6
57	52	2
57	53	4
57	54	6
57	55	7
57	56	10
58	0	1
58	1	2
58	4	4
58	9	2
58	10	3
58	12	2
58	13	1
58	14	2
58	17	2
58	19	4
58	23	2
58	24	3
58	26	5
58	27	2
58	28	1
58	29	2
58	30	1
58	31	3
58	32	3
58	33	3
58	34	1
58	35	1
58	36	1
58	37	4
58	38	2
58	39	1
58	40	3
58	41	5
58	42	4
58	43	3
58	44	3
58	45	3
58	46	3
58	47	5
58	48	1
58	49	5
58	51	6
58	52	2
58	53	4
58	54	1
58	55	1
58	56	2
58	57	6
59	1	1
59	3	2
59	4	2
59	5	1
59	7	2
59	8	3
59	9	2
59	10	2
59	11	1
59	12	2
59	13	1
59	14	3
59	17	2
59	18	3
59	19	4
59	20	1
59	21	2
59	22	2
59	27	1
59	28	4
59	29	1
59	30	4
59	31	1
59	32	4
59	33	3
59	34	2
59	35	5
59	36	2
59	37	3
59	38	8
59	39	2
59	40	6
59	41	5
59	42	14
59	43	8
59	44	9
59	45	6
59	46	5
59	47	1
59	48	1
59	49	1
59	50	3
59	51	4
59	52	3
59	53	5
59	54	1
59	55	2
59	56	5
59	57	3
59	58	10
60	0	1
60	1	1
60	2	3
60	3	2
60	4	1
60	5	2
60	6	1
60	8	2
60	9	1
60	10	1
60	12	4
60	13	6
60	14	3
60	15	2
60	16	1
60	17	3
60	19	1
60	20	1
60	21	3
60	22	4
60	24	1
60	26	3
60	27	2
60	28	6
60	29	3
60	30	1
60	31	3
60	32	2
60	33	2
60	34	4
60	35	1
60	37	4
60	38	6
60	39	8
60	40	5
60	41	3
60	42	2
60	43	2
60	44	2
60	46	4
60	47	6
60	48	2
60	49	7
60	50	8
60	51	14
60	52	9
60	53	17
60	54	3
60	55	3
60	56	6
60	57	7
60	58	1
60	59	6
