1	0	5
2	0	4
2	1	9
3	0	1
3	1	5
3	2	7
4	0	5
4	1	3
4	2	8
4	3	3
5	0	2
5	1	1
5	2	3
5	3	5
5	4	9
6	0	2
6	1	5
6	3	2
6	4	9
6	5	2
7	1	2
7	2	3
7	3	1
7	4	1
7	5	3
7	6	4
8	0	2
8	1	4
8	2	2
8	3	4
8	4	9
8	5	4
8	6	6
8	7	8
9	0	3
9	1	4
9	2	2
9	3	6
9	4	8
9	5	2
9	6	5
9	7	4
9	8	8
10	0	1
10	1	2
10	2	1
10	3	3
10	4	7
10	5	2
10	6	2
10	7	4
10	8	9
10	9	11
11	0	1
11	2	2
11	5	4
11	7	1
11	8	2
11	9	6
11	10	11
12	1	4
12	2	1
12	3	1
12	4	6
12	5	5
12	6	4
12	7	1
12	8	3
12	9	2
12	10	10
12	11	16
13	1	2
13	2	1
13	4	1
13	5	1
13	6	2
13	7	2
13	8	4
13	9	7
13	10	7
13	11	5
13	12	5
14	1	1
14	2	3
14	3	1
14	4	1
14	5	3
14	7	1
14	8	4
14	9	2
14	10	3
14	11	6
14	12	4
14	13	10
15	0	2
15	2	2
15	3	1
15	4	4
15	5	1
15	6	2
15	7	1
15	8	2
15	10	2
15	11	1
15	12	3
15	13	3
15	14	12
16	1	3
16	4	1
16	5	3
16	7	4
16	8	4
16	9	2
16	10	2
16	11	2
16	12	5
16	13	8
16	14	10
16	15	1
17	1	1
17	2	1
17	3	2
17	5	1
17	8	5
17	9	5
17	10	6
17	11	4
17	12	5
17	13	5
17	14	5
17	15	5
17	16	7
18	0	4
18	1	1
18	2	2
18	3	1
18	4	3
18	6	1
18	7	1
18	8	2
18	9	3
18	10	6
18	11	2
18	12	3
18	13	4
18	14	2
18	15	2
18	16	5
18	17	4
19	1	2
19	2	5
19	3	2
19	4	4
19	5	5
19	6	3
19	7	3
19	8	2
19	9	5
19	10	5
19	11	1
19	12	4
19	13	9
19	14	5
19	15	5
19	16	7
19	17	6
19	18	7
20	3	1
20	4	3
20	5	10
20	6	4
20	7	5
20	8	8
20	9	2
20	10	1
20	11	4
20	12	2
20	13	6
20	14	3
20	15	2
20	16	2
20	17	5
20	18	3
20	19	5
21	2	1
21	4	5
21	5	2
21	6	2
21	7	1
21	8	3
21	9	2
21	10	4
21	11	2
21	12	3
21	13	5
21	14	2
21	15	3
21	16	5
21	17	2
21	18	4
21	19	5
21	20	10
22	1	1
22	3	5
22	4	8
22	5	4
22	6	2
22	7	4
22	8	3
22	9	3
22	10	1
22	11	2
22	12	2
22	13	3
22	14	1
22	15	3
22	16	2
22	17	5
22	18	5
22	19	4
22	20	7
22	21	7
23	0	1
23	1	1
23	4	1
23	5	4
23	6	1
23	8	1
23	9	1
23	10	3
23	11	3
23	12	2
23	13	1
23	15	1
23	16	1
23	17	5
23	18	3
23	19	4
23	20	4
23	21	4
23	22	5
24	1	1
24	4	5
24	5	4
24	7	5
24	8	2
24	9	3
24	10	2
24	11	3
24	12	1
24	13	3
24	14	2
24	15	3
24	16	2
24	17	3
24	19	3
24	20	5
24	21	5
24	22	9
24	23	6
25	4	1
25	6	1
25	11	1
25	15	1
25	22	1
26	1	4
26	2	2
26	6	1
26	8	1
26	10	2
26	13	2
26	14	4
26	15	2
26	17	1
26	19	2
26	20	4
26	22	1
27	3	1
27	4	2
27	5	3
27	7	1
27	8	4
27	9	2
27	10	2
27	11	4
27	12	1
27	13	3
27	14	4
27	15	1
27	16	5
27	17	4
27	18	1
27	19	2
27	20	4
27	21	3
27	22	4
27	24	4
27	26	4
28	1	2
28	2	2
28	3	2
28	4	6
28	5	4
28	7	1
28	8	4
28	9	6
28	10	4
28	11	1
28	12	1
28	13	2
28	14	3
28	15	3
28	16	7
28	17	4
28	18	9
28	19	9
28	20	4
28	23	4
28	24	1
28	26	1
28	27	9
29	2	2
29	3	3
29	4	1
29	5	5
29	6	1
29	7	1
29	8	2
29	9	2
29	10	1
29	11	1
29	12	2
29	13	2
29	14	2
29	16	2
29	19	2
29	21	3
29	22	1
29	23	4
29	24	2
29	27	1
29	28	2
30	0	1
30	1	1
30	2	1
30	3	3
30	4	3
30	5	2
30	6	1
30	7	2
30	9	1
30	11	1
30	12	3
30	13	2
30	14	1
30	15	1
30	17	3
30	18	3
30	19	3
30	20	2
30	21	5
30	22	4
30	23	3
30	24	4
30	25	1
30	26	2
30	27	3
30	28	3
30	29	7
31	1	1
31	2	1
31	3	1
31	5	2
31	8	1
31	9	1
31	10	2
31	12	3
31	14	1
31	15	2
31	16	3
31	17	1
31	18	1
31	19	3
31	20	1
31	21	2
31	22	2
31	24	5
31	27	4
31	28	2
31	29	3
31	30	8
32	0	3
32	1	2
32	4	3
32	5	2
32	6	2
32	11	2
32	12	2
32	13	2
32	14	5
32	15	1
32	16	2
32	17	1
32	18	4
32	19	1
32	20	2
32	21	1
32	23	5
32	26	3
32	27	3
32	28	9
32	29	1
32	30	3
32	31	7
33	1	4
33	2	5
33	4	3
33	5	2
33	7	1
33	8	3
33	10	5
33	12	3
33	13	2
33	14	3
33	15	4
33	17	1
33	18	1
33	19	1
33	20	3
33	21	2
33	22	1
33	23	3
33	24	4
33	26	3
33	27	3
33	28	5
33	29	1
33	30	11
33	31	6
33	32	7
34	0	1
34	1	1
34	2	1
34	3	3
34	4	5
34	5	3
34	7	3
34	8	3
34	9	4
34	10	1
34	11	1
34	13	3
34	17	3
34	18	6
34	19	4
34	20	6
34	21	3
34	22	5
34	24	3
34	26	1
34	28	4
34	29	4
34	30	3
34	31	2
34	32	4
34	33	9
35	0	2
35	1	3
35	2	3
35	3	2
35	4	4
35	5	3
35	6	1
35	7	3
35	8	4
35	9	2
35	10	7
35	11	3
35	12	3
35	13	6
35	14	5
35	15	3
35	16	7
35	17	2
35	18	8
35	19	6
35	20	5
35	21	3
35	22	2
35	23	1
35	24	3
35	26	4
35	27	3
35	28	8
35	29	6
35	30	4
35	31	1
35	32	8
35	33	4
35	34	6
36	0	1
36	2	1
36	3	3
36	4	1
36	5	1
36	6	3
36	7	2
36	8	3
36	9	2
36	10	7
36	11	3
36	12	3
36	13	2
36	14	1
36	15	1
36	16	5
36	17	3
36	18	3
36	19	3
36	20	3
36	21	2
36	22	1
36	24	2
36	25	2
36	26	1
36	27	3
36	28	2
36	29	1
36	30	3
36	31	2
36	32	3
36	33	4
36	34	4
36	35	3
37	1	4
37	2	3
37	3	2
37	4	5
37	5	2
37	6	1
37	8	2
37	9	4
37	10	1
37	12	5
37	13	5
37	14	3
37	15	2
37	16	3
37	17	3
37	18	9
37	19	5
37	20	1
37	21	3
37	22	1
37	23	5
37	24	2
37	25	1
37	26	3
37	27	3
37	28	4
37	29	3
37	30	4
37	31	2
37	32	2
37	33	4
37	34	3
37	35	9
37	36	4
38	0	4
38	1	3
38	2	3
38	4	1
38	5	2
38	6	1
38	7	2
38	8	3
38	9	3
38	11	3
38	12	4
38	13	3
38	14	2
38	15	3
38	16	4
38	17	1
38	18	5
38	19	2
38	20	6
38	21	5
38	22	2
38	23	1
38	24	5
38	26	1
38	27	4
38	28	16
38	29	4
38	30	3
38	31	5
38	32	4
38	33	4
38	34	2
38	35	9
38	36	3
38	37	10
39	4	2
39	5	3
39	6	2
39	7	5
39	10	4
39	11	4
39	12	4
39	13	8
39	14	3
39	15	7
39	16	3
39	17	4
39	18	4
39	19	3
39	20	5
39	21	2
39	22	1
39	23	2
39	24	3
39	27	3
39	28	10
39	29	4
39	30	7
39	31	3
39	32	5
39	33	7
39	34	4
39	35	8
39	36	6
39	37	5
39	38	12
40	1	2
40	4	3
40	5	3
40	6	2
40	7	2
40	8	1
40	9	1
40	10	3
40	11	2
40	12	2
40	13	5
40	14	6
40	15	1
40	16	7
40	17	2
40	18	2
40	19	2
40	20	2
40	21	3
40	22	5
40	23	1
40	24	4
40	25	1
40	26	1
40	27	4
40	28	7
40	29	1
40	30	2
40	31	1
40	32	3
40	33	5
40	35	6
40	36	4
40	37	6
40	38	14
40	39	6
41	1	3
41	2	1
41	4	2
41	5	2
41	6	1
41	8	2
41	9	1
41	10	2
41	11	1
41	12	2
41	13	1
41	14	2
41	15	2
41	16	3
41	17	2
41	18	4
41	19	3
41	21	1
41	22	3
41	23	2
41	24	1
41	25	1
41	26	3
41	27	1
41	28	5
41	29	4
41	30	3
41	31	6
41	32	4
41	33	7
41	34	4
41	35	4
41	36	3
41	37	3
41	38	7
41	39	9
41	40	16
42	0	1
42	4	1
42	7	1
42	8	1
42	9	2
42	10	2
42	11	2
42	12	1
42	13	4
42	15	2
42	17	4
42	18	1
42	20	2
42	24	2
42	26	3
42	27	2
42	28	6
42	29	1
42	30	4
42	31	6
42	32	3
42	33	2
42	34	4
42	35	5
42	36	3
42	38	2
42	39	2
42	40	7
42	41	6
43	1	2
43	3	2
43	4	1
43	7	1
43	8	2
43	9	3
43	10	2
43	11	1
43	12	2
43	13	3
43	14	3
43	15	3
43	16	5
43	17	1
43	18	2
43	20	1
43	21	1
43	22	4
43	26	4
43	27	1
43	28	4
43	29	3
43	30	5
43	31	7
43	32	1
43	33	1
43	34	4
43	35	1
43	36	3
43	38	6
43	39	5
43	40	9
43	41	3
43	42	7
44	0	2
44	1	1
44	2	1
44	3	3
44	4	2
44	5	2
44	7	2
44	9	2
44	10	2
44	11	2
44	13	1
44	16	2
44	17	1
44	18	4
44	19	2
44	21	1
44	26	1
44	27	3
44	28	3
44	29	3
44	30	4
44	31	1
44	32	1
44	33	2
44	34	3
44	36	1
44	38	1
44	39	2
44	40	2
44	41	3
44	42	2
44	43	9
45	2	1
45	3	2
45	4	3
45	6	2
45	7	3
45	8	1
45	9	2
45	10	4
45	11	1
45	12	2
45	14	1
45	17	3
45	18	1
45	19	1
45	20	3
45	24	1
45	27	2
45	28	5
45	29	3
45	30	3
45	31	6
45	32	3
45	33	1
45	34	3
45	35	1
45	36	3
45	37	2
45	38	5
45	39	5
45	40	5
45	41	5
45	42	8
45	43	5
45	44	11
46	0	3
46	1	1
46	2	1
46	3	1
46	4	2
46	5	2
46	7	3
46	8	2
46	9	2
46	10	1
46	11	2
46	12	2
46	13	4
46	14	2
46	19	4
46	22	1
46	26	1
46	27	2
46	28	5
46	30	1
46	32	1
46	33	5
46	34	2
46	35	3
46	36	2
46	37	3
46	38	3
46	39	2
46	40	2
46	41	2
46	42	6
46	43	7
46	44	4
46	45	8
47	2	2
47	5	1
47	7	2
47	8	3
47	9	1
47	10	1
47	11	1
47	12	3
47	13	1
47	14	2
47	17	1
47	18	1
47	19	1
47	23	2
47	27	3
47	28	3
47	29	2
47	30	4
47	32	2
47	33	3
47	34	1
47	35	1
47	37	1
47	38	2
47	39	5
47	40	2
47	41	3
47	42	1
47	43	6
47	44	1
47	45	2
47	46	8
48	1	1
48	2	3
48	3	1
48	4	3
48	6	1
48	8	3
48	10	4
48	11	1
48	12	2
48	13	1
48	15	1
48	20	1
48	24	1
48	27	3
48	28	1
48	30	1
48	31	2
48	35	2
48	36	3
48	37	3
48	38	2
48	39	1
48	40	3
48	41	3
48	42	3
48	43	1
48	44	3
48	45	2
48	46	4
48	47	17
49	1	3
49	2	2
49	3	5
49	4	4
49	5	3
49	6	1
49	7	1
49	8	3
49	10	5
49	11	2
49	12	1
49	13	4
49	16	1
49	17	4
49	18	2
49	19	1
49	20	2
49	21	5
49	23	2
49	24	1
49	25	1
49	27	3
49	28	2
49	30	3
49	31	2
49	32	1
49	33	6
49	34	3
49	35	2
49	36	1
49	37	2
49	38	8
49	39	2
49	40	2
49	41	3
49	42	2
49	43	4
49	44	4
49	45	5
49	46	4
49	47	5
49	48	4
50	1	1
50	5	2
50	8	2
50	9	2
50	10	1
50	13	2
50	14	1
50	15	3
50	18	1
50	19	1
50	22	3
50	23	1
50	27	1
50	29	1
50	30	1
50	31	1
50	32	2
50	35	4
50	36	2
50	37	2
50	38	1
50	39	4
50	40	1
50	41	3
50	42	2
50	43	1
50	44	2
50	45	2
50	46	2
50	47	6
50	48	1
50	49	7
51	1	1
51	4	3
51	5	2
51	8	1
51	9	2
51	10	2
51	11	1
51	12	1
51	13	2
51	14	2
51	15	1
51	16	1
51	17	1
51	18	1
51	19	1
51	20	1
51	23	1
51	26	4
51	27	4
51	28	2
51	29	1
51	30	1
51	31	2
51	33	1
51	34	2
51	35	1
51	36	1
51	37	4
51	38	7
51	39	3
51	40	4
51	41	7
51	42	2
51	43	4
51	44	3
51	46	2
51	47	5
51	48	1
51	49	4
51	50	10
52	0	1
52	4	2
52	7	1
52	8	2
52	10	5
52	11	4
52	12	3
52	13	3
52	14	1
52	15	3
52	16	4
52	17	3
52	18	1
52	19	2
52	20	2
52	21	2
52	25	1
52	26	3
52	27	3
52	28	5
52	29	1
52	30	2
52	32	3
52	33	1
52	37	6
52	38	6
52	39	4
52	40	7
52	41	3
52	42	3
52	43	4
52	45	1
52	46	1
52	47	4
52	48	6
52	49	9
52	50	6
52	51	15
53	2	1
53	3	1
53	5	1
53	6	2
53	8	1
53	9	2
53	10	1
53	11	2
53	13	4
53	14	1
53	17	2
53	18	1
53	19	1
53	20	1
53	22	5
53	24	1
53	26	1
53	28	5
53	29	1
53	30	3
53	31	2
53	33	1
53	34	2
53	35	1
53	36	1
53	37	2
53	38	5
53	39	2
53	40	6
53	41	1
53	42	3
53	43	4
53	44	1
53	45	4
53	47	4
53	48	4
53	49	14
53	50	6
53	51	5
53	52	13
54	0	1
54	1	3
54	2	2
54	3	4
54	4	1
54	5	1
54	6	2
54	7	2
54	8	1
54	9	1
54	10	5
54	12	2
54	13	5
54	14	2
54	16	1
54	17	2
54	18	3
54	19	1
54	20	1
54	23	2
54	26	1
54	28	2
54	29	2
54	30	2
54	32	2
54	33	1
54	35	5
54	36	1
54	37	1
54	38	5
54	39	1
54	40	7
54	41	5
54	42	2
54	43	6
54	45	5
54	46	7
54	47	7
54	48	1
54	49	12
54	50	5
54	51	5
54	52	1
54	53	2
55	0	1
55	1	1
55	2	2
55	3	1
55	4	3
55	5	3
55	8	3
55	9	2
55	10	3
55	11	2
55	12	2
55	13	3
55	14	1
55	16	1
55	17	2
55	18	1
55	19	1
55	20	3
55	21	2
55	27	2
55	28	2
55	29	2
55	30	3
55	31	3
55	32	5
55	33	2
55	34	2
55	35	4
55	36	2
55	37	2
55	38	3
55	39	5
55	40	4
55	41	2
55	42	3
55	43	6
55	44	2
55	45	4
55	46	6
55	47	5
55	48	8
55	49	3
55	50	5
55	51	2
55	52	2
55	53	7
55	54	14
56	4	1
56	5	1
56	8	1
56	11	1
56	12	1
56	13	2
56	15	1
56	17	2
56	18	3
56	20	2
56	21	1
56	23	1
56	26	1
56	27	4
56	28	2
56	29	2
56	31	1
56	32	3
56	33	1
56	35	1
56	36	1
56	37	2
56	38	1
56	39	1
56	41	6
56	42	2
56	43	3
56	44	3
56	45	5
56	46	6
56	47	3
56	48	9
56	49	9
56	50	1
56	51	2
56	52	5
56	53	1
56	54	4
56	55	3
57	0	1
57	2	2
57	3	1
57	4	3
57	6	3
57	8	3
57	10	1
57	11	1
57	14	1
57	15	1
57	18	1
57	22	1
57	24	2
57	27	3
57	28	6
57	29	3
57	30	1
57	31	4
57	32	2
57	33	1
57	34	4
57	35	1
57	36	2
57	37	3
57	38	3
57	39	2
57	40	4
57	41	5
57	42	4
57	43	2
57	44	2
57	45	4
57	46	3
57	47	1
57	48	3
57	49	4
57	50	2
57	51	3
57	52	3
57	53	6
57	55	3
57	56	12
58	8	4
58	10	2
58	14	2
58	15	2
58	17	1
58	18	5
58	23	1
58	26	1
58	27	2
58	28	7
58	29	2
58	30	5
58	31	2
58	32	3
58	33	2
58	35	1
58	36	4
58	37	1
58	38	3
58	39	2
58	40	3
58	41	3
58	42	6
58	43	2
58	45	6
58	46	4
58	47	3
58	48	4
58	49	3
58	51	2
58	53	5
58	54	5
58	55	1
58	56	5
58	57	4
59	2	1
59	3	1
59	4	1
59	8	1
59	9	2
59	10	2
59	11	2
59	12	2
59	13	3
59	14	2
59	16	2
59	17	4
59	21	3
59	22	1
59	24	3
59	26	2
59	27	1
59	28	6
59	29	2
59	30	3
59	31	2
59	32	4
59	33	5
59	34	4
59	35	1
59	37	6
59	38	3
59	40	6
59	41	6
59	42	4
59	43	11
59	44	4
59	45	7
59	46	4
59	47	4
59	48	2
59	49	8
59	50	2
59	51	4
59	52	3
59	53	2
59	54	1
59	55	3
59	56	4
59	57	5
59	58	7
60	0	1
60	1	2
60	2	1
60	4	1
60	5	1
60	8	5
60	9	2
60	10	6
60	11	2
60	12	1
60	13	2
60	14	5
60	15	5
60	16	5
60	17	9
60	18	4
60	19	4
60	20	1
60	21	2
60	24	2
60	26	3
60	27	1
60	28	3
60	29	2
60	30	2
60	31	2
60	32	3
60	33	5
60	34	1
60	35	5
60	36	2
60	37	3
60	38	7
60	39	7
60	40	4
60	41	4
60	42	3
60	43	5
60	44	4
60	45	5
60	46	3
60	47	7
60	48	1
60	49	4
60	50	5
60	51	9
60	52	17
60	53	3
60	54	4
60	55	1
60	56	2
60	57	4
60	58	6
60	59	5
