1	0	13
2	0	6
2	1	11
3	0	1
3	1	7
3	2	2
4	0	1
4	2	1
4	3	2
5	0	3
5	1	1
5	2	2
5	3	8
5	4	5
6	1	1
6	2	1
6	3	5
6	4	5
6	5	7
7	1	1
7	3	1
7	4	2
7	5	5
7	6	6
8	0	1
8	1	2
8	2	2
8	3	3
8	4	16
8	5	10
8	6	7
8	7	12
9	0	2
9	1	4
9	2	5
9	3	3
9	4	10
9	5	3
9	6	3
9	8	12
10	0	2
10	1	4
10	2	4
10	3	3
10	4	2
10	5	3
10	6	5
10	7	4
10	8	7
10	9	5
11	1	1
11	2	2
11	3	5
11	4	3
11	5	2
11	6	1
11	7	3
11	8	3
11	9	2
11	10	15
12	1	1
12	2	3
12	3	1
12	4	4
12	5	2
12	6	3
12	7	2
12	8	2
12	9	7
12	10	14
12	11	17
13	0	1
13	1	3
13	2	2
13	3	2
13	4	2
13	5	5
13	6	1
13	7	3
13	8	4
13	9	1
13	10	2
13	11	4
13	12	4
14	1	3
14	2	2
14	3	4
14	4	3
14	5	2
14	7	4
14	8	3
14	9	3
14	10	3
14	11	3
14	12	2
14	13	4
15	0	1
15	2	4
15	3	2
15	4	1
15	5	4
15	7	2
15	9	3
15	10	3
15	11	3
15	12	1
15	13	4
15	14	8
16	1	3
16	2	1
16	3	4
16	5	1
16	6	2
16	7	2
16	8	2
16	9	2
16	10	1
16	11	3
16	12	6
16	13	10
16	14	9
16	15	4
17	4	3
17	5	1
17	6	4
17	7	4
17	8	3
17	9	3
17	10	4
17	11	1
17	12	1
17	13	10
17	14	10
17	15	1
17	16	10
18	0	2
18	1	1
18	2	1
18	4	3
18	5	1
18	6	1
18	7	1
18	8	2
18	9	1
18	10	5
18	12	6
18	13	4
18	14	1
18	15	3
18	16	4
18	17	8
19	0	1
19	1	1
19	2	2
19	3	1
19	4	5
19	5	5
19	6	3
19	7	6
19	8	7
19	9	5
19	10	4
19	11	1
19	12	2
19	13	2
19	14	7
19	15	2
19	16	3
19	17	9
19	18	12
20	1	2
20	2	3
20	4	3
20	5	8
20	6	5
20	7	5
20	8	5
20	9	2
20	10	2
20	11	3
20	12	4
20	13	2
20	16	2
20	17	6
20	18	8
20	19	17
21	0	1
21	1	3
21	2	1
21	3	1
21	4	5
21	5	6
21	6	6
21	7	4
21	8	2
21	9	1
21	10	2
21	11	1
21	12	1
21	13	1
21	14	4
21	15	3
21	16	3
21	17	1
21	18	7
21	19	5
21	20	10
22	0	2
22	1	1
22	2	4
22	4	3
22	5	3
22	6	4
22	7	3
22	8	3
22	10	3
22	11	2
22	12	1
22	13	2
22	14	2
22	15	3
22	16	2
22	17	2
22	18	7
22	19	4
22	20	5
22	21	6
23	0	1
23	3	4
23	4	1
23	6	1
23	7	2
23	8	4
23	9	1
23	10	3
23	11	1
23	12	1
23	13	3
23	14	2
23	16	2
23	17	2
23	20	2
23	21	4
23	22	1
24	1	2
24	2	1
24	3	3
24	4	1
24	5	1
24	6	2
24	7	3
24	8	2
24	9	3
24	11	1
24	12	1
24	13	3
24	15	4
24	17	2
24	18	3
24	20	4
24	21	6
24	22	6
24	23	9
25	8	1
25	12	1
25	22	1
26	2	1
26	3	2
26	6	1
26	8	3
26	10	2
26	13	1
26	14	3
26	15	1
26	16	2
26	19	3
26	22	1
26	24	1
27	3	1
27	4	3
27	5	1
27	6	2
27	7	4
27	8	2
27	9	1
27	10	4
27	11	2
27	12	2
27	13	3
27	14	5
27	15	5
27	16	3
27	17	2
27	19	1
27	20	3
27	21	1
27	22	1
27	23	1
27	24	5
27	25	1
27	26	4
28	0	1
28	2	1
28	3	4
28	4	4
28	5	5
28	8	4
28	9	2
28	10	6
28	11	3
28	12	4
28	13	2
28	14	4
28	15	1
28	16	4
28	17	3
28	18	4
28	19	2
28	20	4
28	21	4
28	22	3
28	23	2
28	24	5
28	26	3
28	27	4
29	1	2
29	3	4
29	4	6
29	5	3
29	6	1
29	7	3
29	8	5
29	9	5
29	12	3
29	13	2
29	14	1
29	15	1
29	16	2
29	17	1
29	18	3
29	19	1
29	20	2
29	21	2
29	22	2
29	23	2
29	24	3
29	27	3
29	28	2
30	1	2
30	2	1
30	3	2
30	4	1
30	5	3
30	8	4
30	9	2
30	11	1
30	12	3
30	13	3
30	15	1
30	16	3
30	17	1
30	18	2
30	19	1
30	20	2
30	21	4
30	22	3
30	24	3
30	26	1
30	27	3
30	28	9
30	29	8
31	1	1
31	2	1
31	3	1
31	4	3
31	5	4
31	8	1
31	9	1
31	10	5
31	11	1
31	13	1
31	15	1
31	16	3
31	17	1
31	18	3
31	19	3
31	20	1
31	21	4
31	22	1
31	24	1
31	26	1
31	27	1
31	28	11
31	29	5
31	30	14
32	0	2
32	2	2
32	3	3
32	4	2
32	6	2
32	8	3
32	11	1
32	12	1
32	13	3
32	14	3
32	15	4
32	16	1
32	17	1
32	18	4
32	20	2
32	21	4
32	22	2
32	23	1
32	26	1
32	27	1
32	28	9
32	29	2
32	30	5
32	31	7
33	1	2
33	2	2
33	3	2
33	5	3
33	7	1
33	8	3
33	9	1
33	10	3
33	11	4
33	12	2
33	13	6
33	14	1
33	15	1
33	16	2
33	17	2
33	18	1
33	19	2
33	20	4
33	21	3
33	22	6
33	23	1
33	24	2
33	26	4
33	27	3
33	28	5
33	29	3
33	30	4
33	31	7
33	32	12
34	0	2
34	3	1
34	4	2
34	5	8
34	6	1
34	7	1
34	8	3
34	9	1
34	10	4
34	11	1
34	12	2
34	13	1
34	14	3
34	15	1
34	16	3
34	18	5
34	19	3
34	20	5
34	21	6
34	22	3
34	23	4
34	24	3
34	25	1
34	26	1
34	27	4
34	28	3
34	29	1
34	30	5
34	31	3
34	32	1
34	33	9
35	1	4
35	2	3
35	3	1
35	4	4
35	5	2
35	6	4
35	7	2
35	8	1
35	9	3
35	10	5
35	11	2
35	12	3
35	13	8
35	14	2
35	15	2
35	16	3
35	17	3
35	18	7
35	19	4
35	20	7
35	21	4
35	22	4
35	23	5
35	24	2
35	27	5
35	28	11
35	29	8
35	30	10
35	31	4
35	32	6
35	33	7
35	34	1
36	2	3
36	3	5
36	4	2
36	5	7
36	6	3
36	7	1
36	8	5
36	9	3
36	10	4
36	11	2
36	12	4
36	13	5
36	14	5
36	16	3
36	17	1
36	18	1
36	19	3
36	20	1
36	21	2
36	22	6
36	24	2
36	27	1
36	28	4
36	29	4
36	30	1
36	31	4
36	32	3
36	33	2
36	34	2
36	35	4
37	0	1
37	1	3
37	2	7
37	3	2
37	4	2
37	5	3
37	6	2
37	7	1
37	8	5
37	9	2
37	10	4
37	11	3
37	12	4
37	13	8
37	14	3
37	15	2
37	16	3
37	17	3
37	18	7
37	19	3
37	20	1
37	21	2
37	22	2
37	23	1
37	24	1
37	26	1
37	27	1
37	28	9
37	29	4
37	30	2
37	31	5
37	32	4
37	33	6
37	34	3
37	35	12
37	36	7
38	1	2
38	2	6
38	3	1
38	4	7
38	5	3
38	6	2
38	8	6
38	9	2
38	10	1
38	11	3
38	12	5
38	13	10
38	14	7
38	15	3
38	16	2
38	17	2
38	18	4
38	19	1
38	20	3
38	21	2
38	22	2
38	23	1
38	24	4
38	26	1
38	27	2
38	28	9
38	29	2
38	30	1
38	31	1
38	33	3
38	34	7
38	35	7
38	36	3
38	37	9
39	1	1
39	2	2
39	3	2
39	4	3
39	5	1
39	6	1
39	7	5
39	8	1
39	9	2
39	10	3
39	12	3
39	13	12
39	14	5
39	15	3
39	16	3
39	17	2
39	18	2
39	19	1
39	20	2
39	21	1
39	22	2
39	23	3
39	24	4
39	26	3
39	27	3
39	28	8
39	29	4
39	30	5
39	31	2
39	32	1
39	33	2
39	34	2
39	35	10
39	36	3
39	37	11
39	38	16
40	1	1
40	2	2
40	3	1
40	4	6
40	5	6
40	6	3
40	7	1
40	8	1
40	9	2
40	10	3
40	11	2
40	12	2
40	14	4
40	15	4
40	16	5
40	17	4
40	18	1
40	19	2
40	20	3
40	21	2
40	23	1
40	24	2
40	27	1
40	28	15
40	29	4
40	30	2
40	31	5
40	32	2
40	33	5
40	34	2
40	35	12
40	36	3
40	37	9
40	38	19
40	39	6
41	2	2
41	3	1
41	4	1
41	8	2
41	9	3
41	10	2
41	11	2
41	12	1
41	13	3
41	14	2
41	15	1
41	16	5
41	17	3
41	18	3
41	19	1
41	20	2
41	21	1
41	22	3
41	24	2
41	25	1
41	26	1
41	27	3
41	28	7
41	29	1
41	30	4
41	31	4
41	32	3
41	33	2
41	34	5
41	35	2
41	36	3
41	37	4
41	38	9
41	39	5
41	40	10
42	0	1
42	4	6
42	5	2
42	7	2
42	9	2
42	10	4
42	11	1
42	12	1
42	13	1
42	14	1
42	15	1
42	16	1
42	17	5
42	18	3
42	19	4
42	20	7
42	21	3
42	22	1
42	23	2
42	24	2
42	26	2
42	27	1
42	28	6
42	29	1
42	30	3
42	31	6
42	32	3
42	33	1
42	34	2
42	35	2
42	36	2
42	37	2
42	38	4
42	39	4
42	40	9
42	41	9
43	0	1
43	1	1
43	2	2
43	4	3
43	6	1
43	7	1
43	8	2
43	9	2
43	10	3
43	11	1
43	12	3
43	13	2
43	14	3
43	15	4
43	16	1
43	17	2
43	18	4
43	19	2
43	20	2
43	22	2
43	24	3
43	26	1
43	27	4
43	28	5
43	29	1
43	30	3
43	31	4
43	32	5
43	34	3
43	35	2
43	36	3
43	37	1
43	38	4
43	39	2
43	40	7
43	41	7
43	42	10
44	0	4
44	1	2
44	4	4
44	5	1
44	7	1
44	8	4
44	9	1
44	11	3
44	12	2
44	16	1
44	17	1
44	18	3
44	20	3
44	21	1
44	27	2
44	28	6
44	29	4
44	30	4
44	31	6
44	32	3
44	33	7
44	35	4
44	36	1
44	37	2
44	38	2
44	39	3
44	40	1
44	41	4
44	42	3
44	43	9
45	0	2
45	2	3
45	5	1
45	8	2
45	9	1
45	10	1
45	11	1
45	13	3
45	14	1
45	17	2
45	19	4
45	20	1
45	23	1
45	24	3
45	26	3
45	27	1
45	28	3
45	29	2
45	30	3
45	32	3
45	33	2
45	35	2
45	37	4
45	38	4
45	39	6
45	40	1
45	41	3
45	42	2
45	43	8
45	44	9
46	3	1
46	4	2
46	8	3
46	9	1
46	10	2
46	12	1
46	13	4
46	14	3
46	15	3
46	18	2
46	21	4
46	26	2
46	27	2
46	28	6
46	29	2
46	30	2
46	31	3
46	32	2
46	33	2
46	37	2
46	38	2
46	39	2
46	40	5
46	41	3
46	42	6
46	43	4
46	44	7
46	45	3
47	1	2
47	2	4
47	3	3
47	4	1
47	9	1
47	10	1
47	11	2
47	15	2
47	17	3
47	18	2
47	19	2
47	23	1
47	24	2
47	27	2
47	28	1
47	29	1
47	31	1
47	32	1
47	33	1
47	34	2
47	35	4
47	36	3
47	37	2
47	38	3
47	39	1
47	40	1
47	41	3
47	42	2
47	43	3
47	44	4
47	45	3
47	46	6
48	2	2
48	3	2
48	4	1
48	7	1
48	8	1
48	10	1
48	13	2
48	14	2
48	20	3
48	22	3
48	25	1
48	28	1
48	30	1
48	31	2
48	35	1
48	36	1
48	37	2
48	38	4
48	39	1
48	40	2
48	41	1
48	42	3
48	43	5
48	44	1
48	45	3
48	46	5
48	47	8
49	0	1
49	1	2
49	2	4
49	3	4
49	4	4
49	5	1
49	6	2
49	7	2
49	8	2
49	9	3
49	10	3
49	11	1
49	12	3
49	13	4
49	14	3
49	15	3
49	18	2
49	19	1
49	20	2
49	21	2
49	23	1
49	24	1
49	25	1
49	27	2
49	28	4
49	29	3
49	30	3
49	32	2
49	33	2
49	34	2
49	35	6
49	36	1
49	37	2
49	38	5
49	39	7
49	40	1
49	41	4
49	42	4
49	43	5
49	44	5
49	45	7
49	46	6
49	47	11
49	48	17
50	0	1
50	1	3
50	4	2
50	5	2
50	9	1
50	12	3
50	13	2
50	14	1
50	15	2
50	22	1
50	23	1
50	25	1
50	26	1
50	27	1
50	29	1
50	30	5
50	31	1
50	32	2
50	35	3
50	36	3
50	37	2
50	38	3
50	39	4
50	40	3
50	41	5
50	42	2
50	43	3
50	45	1
50	46	2
50	47	2
50	49	10
51	1	1
51	4	2
51	5	1
51	9	1
51	10	1
51	11	2
51	12	2
51	13	4
51	14	1
51	15	4
51	16	2
51	17	2
51	18	2
51	19	1
51	20	1
51	24	1
51	26	1
51	27	2
51	31	1
51	32	1
51	33	3
51	34	2
51	35	3
51	36	1
51	37	2
51	38	4
51	39	3
51	40	3
51	41	2
51	42	2
51	43	6
51	44	3
51	45	3
51	46	3
51	47	2
51	48	2
51	49	5
51	50	8
52	0	1
52	4	2
52	6	3
52	7	3
52	8	2
52	9	6
52	10	1
52	11	5
52	12	3
52	14	1
52	15	4
52	18	4
52	19	1
52	21	1
52	23	1
52	24	1
52	26	3
52	27	1
52	28	4
52	29	1
52	30	3
52	31	2
52	32	1
52	33	1
52	34	1
52	35	1
52	36	1
52	37	6
52	38	2
52	39	2
52	40	5
52	41	3
52	42	2
52	43	6
52	44	4
52	45	4
52	46	5
52	47	1
52	48	3
52	49	3
52	50	7
52	51	17
53	1	1
53	2	1
53	3	1
53	4	1
53	6	1
53	7	1
53	10	4
53	11	1
53	12	1
53	13	2
53	14	2
53	15	2
53	16	1
53	17	2
53	18	3
53	19	4
53	20	1
53	22	1
53	24	1
53	26	1
53	27	1
53	28	3
53	29	1
53	30	2
53	31	1
53	35	3
53	36	1
53	37	2
53	38	4
53	39	4
53	40	1
53	41	2
53	43	4
53	45	5
53	46	1
53	47	2
53	48	3
53	49	10
53	50	7
53	51	6
53	52	10
54	0	2
54	1	2
54	3	3
54	4	4
54	5	1
54	6	1
54	7	4
54	8	1
54	9	4
54	10	2
54	11	1
54	12	6
54	13	5
54	14	1
54	15	1
54	18	1
54	20	1
54	26	3
54	28	5
54	29	2
54	30	1
54	31	3
54	32	1
54	33	1
54	35	5
54	36	2
54	37	2
54	38	3
54	39	4
54	40	6
54	41	6
54	42	3
54	43	2
54	44	5
54	45	4
54	46	4
54	47	10
54	48	3
54	49	8
54	50	5
54	51	3
54	52	2
54	53	5
55	0	2
55	1	2
55	2	1
55	3	1
55	8	4
55	9	5
55	10	1
55	11	1
55	13	4
55	14	3
55	16	5
55	18	1
55	19	3
55	20	7
55	21	2
55	22	2
55	24	1
55	27	3
55	28	3
55	29	1
55	30	4
55	31	3
55	32	2
55	33	1
55	34	1
55	36	7
55	37	5
55	38	4
55	39	3
55	40	9
55	41	2
55	43	4
55	44	3
55	45	8
55	46	3
55	47	8
55	48	9
55	49	3
55	50	3
55	51	5
55	52	4
55	53	4
55	54	15
56	4	3
56	5	1
56	8	2
56	9	2
56	10	2
56	11	2
56	12	3
56	13	1
56	20	3
56	23	1
56	27	4
56	28	2
56	30	2
56	31	3
56	32	2
56	33	2
56	35	3
56	39	2
56	40	4
56	42	1
56	43	4
56	44	4
56	45	2
56	46	10
56	47	6
56	48	6
56	49	4
56	50	1
56	51	3
56	52	1
56	53	4
56	54	6
56	55	3
57	2	1
57	3	2
57	4	1
57	6	1
57	8	1
57	9	2
57	10	5
57	11	2
57	12	2
57	13	1
57	14	4
57	15	2
57	17	1
57	18	1
57	19	1
57	24	3
57	28	3
57	30	1
57	31	4
57	32	1
57	33	1
57	34	1
57	35	1
57	37	1
57	38	3
57	39	3
57	41	2
57	42	3
57	43	3
57	44	2
57	45	2
57	46	4
57	47	4
57	48	5
57	49	7
57	50	2
57	51	1
57	52	4
57	53	3
57	55	1
57	56	16
58	0	1
58	4	4
58	8	1
58	9	3
58	12	1
58	13	2
58	15	1
58	17	2
58	18	1
58	19	2
58	26	2
58	27	4
58	28	2
58	29	2
58	30	4
58	31	2
58	32	1
58	33	4
58	34	1
58	35	1
58	36	1
58	37	1
58	38	6
58	39	4
58	40	1
58	41	2
58	42	3
58	43	5
58	44	1
58	45	3
58	46	3
58	47	1
58	48	2
58	49	3
58	51	1
58	52	4
58	53	3
58	54	4
58	55	3
58	56	4
58	57	8
59	4	6
59	5	4
59	7	1
59	8	4
59	9	2
59	10	7
59	11	1
59	12	1
59	13	1
59	14	1
59	15	2
59	16	2
59	17	1
59	18	3
59	20	3
59	21	2
59	26	2
59	27	4
59	28	5
59	29	1
59	30	2
59	31	3
59	32	4
59	33	4
59	34	1
59	35	1
59	36	8
59	37	2
59	38	9
59	39	4
59	41	3
59	42	6
59	43	8
59	44	6
59	45	2
59	46	5
59	47	2
59	48	1
59	49	7
59	50	4
59	51	3
59	52	1
59	53	2
59	55	2
59	56	6
59	57	3
59	58	11
60	0	1
60	1	1
60	2	1
60	3	2
60	4	1
60	5	4
60	6	2
60	7	3
60	8	3
60	9	1
60	10	4
60	12	3
60	13	2
60	14	5
60	15	5
60	16	4
60	18	2
60	19	3
60	20	3
60	21	2
60	24	3
60	26	1
60	27	3
60	28	4
60	29	2
60	30	2
60	31	5
60	32	4
60	33	2
60	34	3
60	35	4
60	36	4
60	37	3
60	38	11
60	39	6
60	40	6
60	41	4
60	42	2
60	43	6
60	44	5
60	45	6
60	46	3
60	47	6
60	48	1
60	49	6
60	50	5
60	51	9
60	52	13
60	53	8
60	54	3
60	55	3
60	56	2
60	57	9
60	58	1
60	59	1
