1	0	13
2	0	4
2	1	9
3	0	5
3	1	5
3	2	7
4	0	1
4	1	3
4	2	3
4	3	8
5	0	4
5	1	2
5	2	2
5	3	1
5	4	8
6	0	1
6	1	4
6	2	3
6	3	1
6	4	3
6	5	5
7	1	3
7	3	2
7	4	10
7	5	2
7	6	6
8	0	1
8	1	3
8	2	3
8	3	6
8	4	10
8	5	4
8	6	9
8	7	12
9	0	2
9	2	6
9	3	3
9	4	14
9	5	3
9	6	4
9	7	5
9	8	9
10	0	1
10	1	1
10	2	1
10	3	5
10	4	6
10	5	4
10	6	1
10	7	2
10	8	5
10	9	11
11	0	1
11	1	2
11	3	2
11	4	4
11	5	2
11	7	6
11	8	3
11	10	2
12	1	4
12	3	1
12	4	2
12	5	1
12	6	1
12	7	2
12	9	7
12	10	10
12	11	9
13	0	2
13	2	1
13	4	3
13	5	2
13	6	4
13	7	3
13	8	3
13	9	2
13	10	5
13	11	5
13	12	7
14	2	1
14	3	3
14	4	1
14	5	1
14	7	2
14	8	3
14	9	6
14	10	3
14	11	3
14	12	1
14	13	3
15	3	1
15	4	1
15	5	2
15	6	1
15	7	2
15	8	1
15	10	4
15	12	2
15	13	8
15	14	8
16	2	1
16	3	1
16	4	3
16	5	3
16	6	3
16	7	1
16	8	3
16	9	4
16	10	6
16	11	4
16	12	6
16	13	6
16	14	7
16	15	6
17	1	4
17	4	4
17	5	3
17	6	1
17	8	4
17	9	2
17	10	6
17	11	2
17	12	3
17	13	9
17	14	9
17	15	8
17	16	5
18	2	3
18	3	1
18	4	1
18	5	2
18	6	1
18	8	2
18	9	4
18	10	2
18	11	1
18	12	4
18	13	1
18	14	4
18	15	3
18	16	3
18	17	3
19	1	4
19	2	1
19	4	1
19	5	4
19	6	3
19	7	2
19	8	6
19	9	4
19	10	4
19	11	1
19	12	3
19	13	2
19	14	6
19	15	3
19	16	1
19	17	7
19	18	12
20	2	4
20	3	2
20	4	3
20	5	2
20	6	2
20	7	4
20	8	10
20	9	2
20	10	3
20	11	4
20	13	5
20	14	5
20	15	2
20	16	2
20	17	4
20	18	6
20	19	4
21	0	1
21	1	2
21	2	1
21	3	2
21	4	5
21	5	4
21	6	5
21	7	3
21	8	2
21	9	2
21	10	1
21	11	1
21	12	1
21	13	1
21	14	1
21	16	5
21	18	9
21	19	7
21	20	11
22	1	1
22	4	3
22	5	2
22	6	5
22	7	7
22	8	2
22	9	1
22	10	5
22	11	2
22	12	1
22	13	2
22	14	2
22	15	2
22	16	2
22	17	1
22	18	5
22	19	5
22	20	5
22	21	8
23	2	1
23	3	3
23	5	8
23	6	1
23	7	5
23	8	2
23	9	2
23	10	1
23	11	2
23	12	1
23	13	1
23	14	2
23	15	2
23	16	2
23	17	3
23	18	3
23	19	1
23	20	3
23	21	7
23	22	11
24	4	3
24	5	1
24	6	3
24	7	3
24	8	4
24	9	2
24	10	1
24	11	1
24	13	3
24	15	5
24	16	1
24	17	1
24	18	6
24	19	3
24	20	4
24	21	4
24	22	7
24	23	9
25	0	1
25	5	2
25	8	1
25	12	1
25	17	2
25	19	1
25	22	1
26	2	1
26	6	1
26	10	1
26	13	2
26	14	1
26	15	5
26	16	1
26	17	2
26	18	2
26	19	3
26	20	2
26	24	3
27	3	1
27	4	3
27	5	1
27	6	1
27	7	1
27	8	1
27	9	5
27	10	2
27	11	1
27	12	1
27	13	2
27	14	6
27	15	5
27	16	5
27	17	4
27	18	1
27	19	6
27	20	3
27	22	3
27	24	2
27	26	4
28	2	3
28	4	2
28	5	3
28	7	2
28	9	3
28	10	3
28	11	2
28	12	4
28	13	6
28	14	5
28	15	4
28	16	5
28	17	5
28	18	6
28	19	5
28	20	4
28	21	4
28	22	1
28	23	1
28	24	5
28	26	5
28	27	6
29	1	2
29	2	1
29	3	4
29	4	2
29	5	2
29	6	2
29	7	2
29	8	3
29	9	1
29	10	1
29	11	1
29	12	1
29	13	1
29	15	1
29	16	2
29	17	2
29	19	2
29	21	1
29	22	2
29	23	1
29	24	1
29	27	2
29	28	5
30	0	2
30	1	4
30	2	2
30	3	1
30	4	1
30	5	2
30	6	1
30	7	1
30	8	1
30	10	2
30	11	1
30	12	2
30	13	2
30	14	2
30	15	1
30	16	4
30	19	5
30	20	1
30	21	2
30	22	1
30	24	3
30	26	2
30	27	2
30	28	6
30	29	5
31	1	2
31	2	2
31	3	1
31	4	5
31	5	2
31	8	3
31	9	2
31	10	2
31	12	1
31	13	3
31	14	2
31	15	2
31	16	1
31	17	2
31	18	2
31	19	1
31	20	2
31	21	3
31	22	2
31	23	1
31	24	3
31	26	1
31	28	6
31	29	5
31	30	7
32	0	1
32	2	1
32	3	1
32	5	2
32	6	1
32	8	1
32	9	2
32	10	1
32	11	1
32	12	1
32	13	4
32	14	1
32	15	4
32	16	5
32	17	1
32	18	1
32	19	1
32	20	6
32	22	2
32	24	2
32	26	4
32	27	4
32	28	8
32	29	6
32	30	5
32	31	5
33	1	3
33	2	1
33	5	2
33	6	1
33	7	1
33	9	1
33	10	3
33	11	1
33	12	1
33	13	2
33	15	1
33	16	2
33	17	2
33	18	1
33	19	3
33	20	3
33	21	2
33	22	2
33	23	3
33	26	1
33	27	1
33	28	5
33	29	1
33	30	7
33	31	5
33	32	10
34	1	2
34	3	6
34	4	1
34	5	2
34	6	1
34	7	3
34	8	2
34	9	2
34	10	2
34	12	3
34	13	1
34	14	3
34	15	3
34	16	3
34	17	2
34	18	3
34	19	2
34	20	3
34	21	6
34	22	3
34	23	3
34	24	4
34	26	1
34	27	4
34	28	10
34	29	3
34	30	4
34	31	3
34	32	3
34	33	6
35	0	2
35	1	6
35	2	3
35	3	3
35	4	5
35	5	6
35	6	2
35	7	2
35	8	1
35	9	8
35	10	2
35	11	2
35	12	1
35	13	4
35	14	2
35	15	1
35	16	5
35	17	2
35	18	8
35	19	8
35	20	4
35	21	3
35	22	5
35	23	2
35	24	7
35	26	3
35	27	2
35	28	9
35	29	5
35	30	5
35	31	3
35	32	1
35	33	6
35	34	6
36	1	3
36	2	3
36	3	2
36	4	2
36	5	2
36	6	2
36	7	1
36	8	2
36	9	7
36	10	2
36	11	6
36	12	1
36	13	4
36	15	1
36	16	4
36	17	6
36	18	3
36	19	2
36	20	1
36	21	4
36	22	1
36	24	3
36	26	2
36	28	1
36	29	3
36	30	3
36	31	2
36	32	5
36	33	3
36	34	2
36	35	3
37	0	1
37	2	3
37	3	3
37	4	1
37	5	2
37	6	4
37	7	2
37	8	4
37	9	2
37	10	8
37	11	5
37	12	8
37	13	8
37	14	2
37	15	2
37	16	4
37	18	6
37	19	4
37	20	1
37	21	3
37	22	4
37	23	2
37	26	1
37	27	3
37	28	4
37	29	3
37	30	1
37	31	1
37	32	4
37	33	3
37	34	6
37	35	9
37	36	4
38	0	1
38	1	1
38	2	3
38	3	2
38	4	4
38	5	5
38	6	2
38	7	2
38	8	3
38	9	4
38	10	2
38	11	5
38	12	1
38	13	6
38	14	3
38	15	3
38	16	4
38	17	3
38	18	8
38	19	1
38	20	3
38	21	6
38	22	2
38	23	4
38	24	3
38	26	2
38	27	4
38	28	15
38	29	8
38	30	5
38	31	3
38	32	8
38	33	1
38	34	4
38	35	11
38	36	2
38	37	6
39	1	5
39	2	2
39	3	2
39	4	4
39	6	1
39	7	2
39	8	3
39	9	3
39	10	2
39	12	2
39	13	5
39	14	1
39	15	4
39	16	5
39	17	3
39	18	3
39	19	2
39	20	5
39	22	5
39	23	2
39	24	2
39	27	1
39	28	8
39	29	4
39	30	4
39	31	2
39	32	1
39	33	2
39	34	6
39	35	12
39	36	5
39	37	10
39	38	17
40	1	3
40	3	3
40	5	2
40	6	2
40	7	4
40	8	4
40	9	2
40	10	1
40	12	3
40	13	7
40	14	3
40	15	1
40	16	2
40	17	2
40	18	2
40	19	2
40	20	3
40	21	3
40	22	3
40	23	2
40	24	2
40	25	1
40	26	3
40	27	1
40	28	5
40	29	4
40	30	2
40	31	7
40	32	5
40	33	1
40	34	2
40	35	11
40	36	5
40	37	8
40	38	21
40	39	8
41	2	5
41	3	2
41	4	1
41	5	1
41	6	2
41	7	1
41	9	4
41	10	4
41	11	4
41	12	1
41	13	3
41	14	4
41	15	5
41	16	2
41	17	2
41	18	3
41	19	3
41	20	2
41	21	2
41	22	2
41	24	2
41	26	4
41	27	4
41	28	9
41	29	5
41	30	6
41	31	6
41	32	4
41	33	1
41	34	1
41	35	2
41	36	1
41	37	4
41	38	8
41	39	7
41	40	19
42	4	1
42	5	1
42	6	2
42	7	1
42	8	2
42	9	2
42	10	4
42	11	1
42	12	3
42	13	2
42	14	4
42	16	1
42	17	3
42	18	1
42	19	4
42	20	1
42	22	1
42	23	4
42	24	3
42	26	1
42	27	4
42	28	7
42	29	2
42	30	3
42	31	7
42	32	2
42	33	1
42	34	1
42	35	3
42	36	2
42	37	1
42	38	6
42	39	4
42	40	6
42	41	9
43	2	1
43	3	1
43	4	1
43	5	3
43	6	1
43	7	1
43	8	2
43	9	1
43	11	1
43	13	7
43	14	1
43	15	3
43	16	1
43	17	2
43	18	3
43	19	1
43	20	1
43	21	1
43	22	3
43	26	1
43	27	3
43	28	6
43	29	1
43	30	4
43	31	4
43	32	1
43	33	2
43	35	3
43	36	2
43	37	3
43	38	4
43	39	3
43	40	3
43	41	7
43	42	9
44	0	2
44	2	2
44	3	2
44	4	3
44	5	2
44	6	2
44	7	1
44	8	1
44	9	1
44	12	1
44	13	2
44	14	1
44	16	2
44	18	1
44	21	1
44	26	1
44	27	3
44	28	6
44	30	5
44	31	3
44	32	4
44	33	3
44	34	2
44	35	2
44	36	4
44	37	3
44	38	5
44	39	1
44	41	1
44	42	6
44	43	10
45	0	2
45	1	2
45	2	1
45	3	2
45	4	2
45	5	1
45	8	1
45	9	1
45	10	1
45	11	1
45	13	3
45	19	1
45	23	1
45	24	1
45	27	1
45	28	2
45	29	2
45	30	4
45	31	2
45	32	1
45	33	2
45	34	3
45	35	3
45	36	3
45	37	2
45	38	1
45	39	3
45	40	1
45	41	2
45	42	6
45	43	9
45	44	9
46	0	2
46	1	3
46	4	2
46	7	3
46	8	4
46	9	1
46	10	3
46	11	1
46	12	1
46	13	3
46	15	2
46	18	5
46	19	1
46	21	1
46	22	1
46	26	1
46	27	4
46	28	2
46	29	3
46	30	5
46	31	4
46	32	4
46	33	2
46	34	2
46	35	1
46	36	1
46	37	1
46	38	2
46	39	1
46	40	5
46	41	1
46	42	2
46	43	4
46	44	6
46	45	8
47	1	1
47	2	3
47	3	2
47	4	2
47	5	2
47	7	2
47	8	1
47	9	1
47	10	5
47	11	1
47	12	5
47	13	4
47	15	3
47	19	1
47	20	2
47	23	1
47	27	1
47	28	2
47	30	1
47	31	3
47	32	4
47	34	2
47	35	2
47	36	3
47	37	1
47	38	4
47	39	3
47	40	2
47	41	4
47	42	5
47	43	3
47	44	4
47	45	2
47	46	5
48	1	4
48	2	1
48	4	3
48	6	2
48	8	1
48	10	4
48	11	1
48	12	1
48	13	1
48	15	2
48	22	1
48	23	1
48	28	3
48	30	2
48	35	4
48	36	1
48	37	2
48	38	1
48	40	4
48	41	3
48	42	5
48	43	6
48	44	4
48	45	1
48	46	5
48	47	15
49	0	1
49	1	1
49	2	1
49	5	3
49	6	2
49	9	2
49	10	1
49	11	1
49	12	3
49	13	2
49	15	1
49	16	4
49	17	1
49	18	2
49	19	2
49	20	3
49	21	1
49	23	2
49	25	1
49	27	2
49	28	5
49	29	1
49	30	3
49	31	4
49	32	4
49	33	1
49	34	1
49	35	4
49	36	1
49	37	2
49	38	7
49	39	1
49	40	5
49	41	4
49	42	6
49	43	4
49	44	4
49	45	7
49	46	4
49	47	4
49	48	12
50	1	1
50	3	1
50	8	1
50	9	2
50	13	1
50	14	3
50	15	1
50	18	1
50	19	1
50	22	1
50	25	1
50	28	4
50	29	1
50	30	1
50	31	1
50	32	1
50	35	1
50	36	1
50	37	2
50	38	1
50	39	3
50	40	3
50	41	2
50	42	1
50	43	1
50	44	1
50	46	1
50	47	2
50	48	3
50	49	9
51	1	1
51	4	3
51	5	2
51	8	3
51	9	1
51	10	2
51	11	2
51	12	4
51	13	3
51	14	1
51	15	2
51	16	4
51	17	3
51	18	4
51	19	1
51	23	1
51	26	5
51	27	3
51	28	5
51	29	4
51	30	2
51	32	2
51	33	1
51	34	2
51	35	1
51	36	1
51	37	6
51	38	3
51	39	3
51	40	3
51	41	2
51	42	3
51	43	1
51	44	6
51	45	2
51	46	3
51	47	6
51	48	2
51	49	6
51	50	6
52	4	2
52	7	2
52	8	2
52	9	3
52	10	1
52	11	1
52	12	1
52	13	5
52	14	2
52	15	2
52	16	1
52	17	4
52	18	1
52	19	1
52	20	2
52	24	2
52	26	1
52	27	2
52	28	1
52	29	2
52	30	3
52	31	3
52	32	4
52	33	1
52	34	3
52	35	4
52	36	1
52	37	3
52	38	2
52	39	1
52	40	3
52	41	3
52	42	1
52	43	5
52	44	2
52	45	2
52	46	2
52	47	3
52	48	3
52	49	5
52	50	9
52	51	18
53	1	2
53	5	5
53	7	1
53	9	1
53	10	5
53	11	1
53	12	2
53	13	4
53	14	2
53	15	2
53	17	2
53	18	1
53	20	1
53	27	4
53	28	5
53	29	6
53	31	8
53	32	1
53	33	2
53	34	1
53	35	5
53	36	2
53	38	3
53	39	2
53	40	2
53	42	2
53	43	3
53	44	1
53	45	2
53	46	5
53	47	6
53	48	5
53	49	10
53	50	6
53	51	12
53	52	13
54	0	1
54	1	1
54	2	2
54	4	2
54	5	2
54	9	1
54	10	2
54	11	2
54	12	3
54	13	1
54	15	2
54	17	1
54	18	2
54	19	2
54	20	2
54	28	2
54	29	3
54	30	6
54	31	2
54	32	1
54	33	2
54	34	2
54	36	4
54	37	3
54	38	5
54	39	3
54	40	2
54	41	3
54	42	4
54	43	5
54	44	2
54	45	3
54	46	7
54	47	10
54	48	4
54	49	8
54	50	4
54	51	2
54	52	5
54	53	4
55	0	2
55	1	3
55	2	2
55	3	7
55	4	1
55	5	3
55	8	1
55	9	3
55	10	2
55	11	1
55	12	3
55	13	3
55	14	2
55	15	2
55	16	2
55	17	1
55	18	1
55	20	4
55	21	1
55	24	3
55	28	1
55	29	1
55	30	3
55	31	1
55	32	1
55	33	1
55	34	3
55	35	3
55	36	3
55	37	2
55	38	6
55	40	3
55	41	1
55	43	2
55	44	5
55	46	5
55	47	6
55	48	3
55	49	8
55	50	2
55	51	1
55	53	2
55	54	12
56	3	1
56	4	3
56	5	1
56	6	1
56	8	1
56	9	1
56	10	2
56	11	1
56	12	1
56	13	2
56	17	1
56	18	3
56	19	2
56	21	2
56	22	3
56	23	2
56	26	4
56	27	2
56	28	1
56	29	1
56	30	2
56	31	3
56	33	2
56	35	1
56	36	3
56	37	1
56	38	1
56	39	1
56	40	1
56	43	4
56	45	3
56	46	3
56	47	14
56	48	3
56	49	6
56	50	1
56	51	1
56	52	2
56	53	5
56	54	1
56	55	4
57	2	2
57	4	1
57	8	4
57	9	1
57	11	1
57	12	2
57	13	5
57	14	2
57	15	4
57	16	1
57	17	3
57	18	1
57	22	1
57	23	1
57	27	1
57	28	5
57	29	1
57	30	2
57	31	2
57	32	2
57	33	1
57	34	3
57	35	1
57	36	4
57	37	2
57	38	4
57	39	1
57	40	5
57	41	3
57	42	6
57	43	8
57	44	4
57	45	3
57	47	8
57	49	10
57	50	2
57	51	4
57	52	5
57	53	6
57	54	5
57	55	2
57	56	6
58	1	1
58	3	3
58	4	2
58	8	1
58	9	1
58	10	2
58	12	1
58	13	5
58	14	1
58	15	1
58	17	1
58	18	2
58	19	4
58	20	2
58	23	3
58	24	3
58	26	2
58	27	1
58	28	1
58	30	1
58	31	3
58	33	1
58	34	1
58	35	8
58	36	1
58	38	4
58	39	2
58	40	4
58	41	3
58	42	4
58	43	4
58	44	2
58	45	2
58	46	3
58	47	5
58	48	2
58	49	2
58	50	1
58	51	4
58	52	2
58	53	2
58	54	1
58	55	1
58	56	5
58	57	6
59	3	1
59	4	3
59	5	3
59	7	1
59	8	2
59	9	3
59	11	1
59	12	4
59	13	5
59	14	3
59	15	1
59	16	3
59	17	2
59	18	3
59	20	4
59	24	1
59	26	2
59	27	1
59	28	8
59	29	2
59	30	5
59	31	4
59	32	2
59	34	2
59	35	3
59	36	5
59	37	7
59	38	8
59	39	4
59	40	6
59	41	2
59	42	3
59	43	10
59	44	4
59	45	7
59	46	2
59	47	1
59	49	3
59	50	2
59	51	6
59	52	3
59	53	4
59	54	2
59	55	3
59	56	3
59	57	8
59	58	7
60	1	3
60	3	2
60	4	1
60	5	2
60	6	3
60	7	2
60	8	3
60	9	4
60	10	4
60	11	2
60	12	3
60	13	5
60	14	3
60	15	2
60	16	5
60	17	1
60	18	1
60	19	4
60	20	4
60	21	2
60	22	3
60	24	1
60	26	3
60	27	6
60	28	4
60	29	3
60	31	2
60	32	2
60	33	2
60	34	2
60	35	2
60	36	4
60	37	3
60	38	7
60	39	7
60	40	1
60	41	4
60	42	5
60	43	2
60	44	5
60	45	4
60	46	5
60	47	5
60	48	5
60	49	7
60	50	3
60	51	15
60	52	15
60	53	11
60	54	6
60	55	7
60	56	5
60	57	2
60	58	4
60	59	3
