1	0	10
2	0	8
2	1	8
3	0	2
3	1	4
3	2	9
4	0	1
4	1	5
4	2	4
4	3	6
5	0	4
5	1	4
5	2	1
5	3	2
5	4	9
6	0	2
6	1	1
6	3	1
6	4	4
6	5	1
7	1	4
7	2	2
7	3	1
7	4	5
7	5	3
7	6	7
8	0	1
8	2	6
8	3	1
8	4	8
8	5	3
8	6	10
8	7	11
9	0	2
9	1	3
9	2	1
9	3	1
9	4	3
9	5	3
9	7	3
9	8	15
10	0	3
10	1	1
10	2	3
10	3	2
10	4	4
10	6	3
10	7	6
10	8	9
10	9	8
11	0	1
11	2	1
11	3	1
11	4	1
11	6	1
11	7	2
11	8	3
11	9	2
11	10	12
12	1	1
12	2	3
12	3	4
12	4	2
12	5	3
12	6	2
12	7	2
12	8	5
12	9	4
12	10	8
12	11	15
13	0	1
13	1	3
13	2	2
13	3	3
13	4	3
13	7	1
13	8	8
13	9	5
13	10	5
13	11	5
13	12	6
14	1	3
14	2	1
14	3	1
14	4	4
14	5	1
14	6	4
14	7	2
14	8	1
14	9	1
14	10	5
14	11	1
14	12	2
14	13	8
15	0	2
15	2	3
15	3	1
15	4	1
15	5	3
15	7	3
15	8	2
15	9	3
15	10	7
15	11	1
15	12	4
15	13	8
15	14	6
16	2	1
16	3	1
16	4	2
16	5	1
16	6	4
16	7	2
16	8	3
16	10	3
16	11	3
16	12	3
16	13	8
16	14	6
16	15	2
17	3	1
17	4	4
17	6	2
17	7	4
17	8	7
17	9	1
17	10	9
17	11	3
17	12	5
17	13	5
17	14	9
17	15	4
17	16	6
18	0	1
18	1	1
18	2	1
18	5	3
18	8	4
18	9	4
18	10	3
18	11	3
18	12	3
18	13	5
18	14	3
18	15	4
18	16	1
18	17	5
19	1	2
19	2	4
19	4	2
19	5	5
19	6	5
19	7	8
19	8	9
19	9	4
19	10	2
19	11	2
19	12	4
19	13	2
19	14	6
19	15	2
19	16	9
19	17	8
19	18	7
20	1	4
20	2	1
20	3	2
20	4	7
20	5	3
20	6	6
20	7	3
20	8	3
20	9	3
20	10	4
20	11	1
20	12	3
20	13	3
20	14	3
20	15	2
20	16	1
20	17	2
20	18	7
20	19	16
21	0	1
21	2	2
21	3	3
21	4	3
21	5	5
21	6	4
21	7	5
21	8	3
21	9	3
21	10	1
21	11	1
21	12	3
21	13	2
21	14	4
21	15	2
21	16	2
21	17	7
21	18	2
21	19	8
21	20	17
22	1	1
22	2	1
22	4	3
22	5	2
22	6	3
22	7	5
22	8	3
22	9	1
22	10	2
22	11	2
22	13	4
22	14	2
22	15	4
22	16	3
22	17	2
22	18	1
22	19	1
22	20	7
22	21	11
23	1	1
23	2	1
23	3	1
23	4	1
23	5	4
23	6	2
23	7	3
23	8	2
23	9	2
23	11	1
23	12	1
23	13	1
23	14	2
23	15	1
23	17	4
23	18	4
23	19	1
23	20	8
23	21	6
23	22	11
24	1	2
24	3	3
24	5	4
24	6	3
24	7	2
24	8	5
24	9	2
24	11	3
24	13	1
24	14	2
24	15	2
24	17	4
24	18	2
24	19	9
24	20	4
24	21	3
24	22	2
24	23	7
25	4	1
25	5	2
25	6	2
25	8	1
25	11	3
25	17	1
25	19	1
25	21	2
25	22	1
25	23	1
26	1	1
26	3	2
26	8	2
26	10	2
26	13	1
26	14	1
26	17	1
26	18	1
26	19	1
26	22	1
26	24	1
27	3	1
27	5	3
27	6	1
27	8	1
27	9	1
27	10	1
27	11	2
27	12	1
27	13	5
27	14	5
27	15	7
27	16	4
27	17	4
27	18	1
27	19	5
27	20	1
27	21	1
27	22	6
27	23	2
27	24	5
27	25	1
27	26	1
28	1	3
28	2	5
28	3	2
28	4	2
28	5	2
28	6	4
28	7	3
28	8	4
28	9	7
28	10	2
28	11	4
28	12	2
28	13	2
28	14	1
28	15	2
28	16	5
28	17	4
28	18	3
28	19	5
28	20	5
28	21	4
28	22	2
28	23	2
28	24	5
28	26	1
28	27	4
29	2	1
29	3	1
29	4	4
29	5	2
29	8	1
29	10	1
29	11	2
29	12	1
29	13	4
29	16	2
29	17	2
29	18	2
29	19	2
29	20	6
29	21	1
29	22	2
29	23	5
29	24	1
29	27	1
29	28	8
30	0	1
30	2	1
30	3	4
30	4	4
30	5	2
30	6	2
30	7	2
30	8	3
30	9	6
30	10	2
30	11	1
30	12	3
30	13	3
30	14	2
30	15	2
30	18	4
30	19	4
30	20	4
30	21	4
30	22	1
30	23	2
30	24	2
30	26	2
30	27	1
30	28	3
30	29	6
31	1	2
31	2	2
31	3	1
31	4	2
31	5	2
31	8	1
31	9	3
31	10	2
31	13	3
31	14	2
31	15	2
31	16	2
31	18	3
31	19	2
31	20	1
31	21	3
31	22	2
31	23	1
31	24	3
31	26	2
31	27	3
31	28	8
31	29	5
31	30	12
32	1	2
32	2	2
32	6	1
32	8	1
32	9	1
32	10	3
32	12	3
32	13	4
32	16	2
32	18	1
32	19	4
32	20	1
32	21	2
32	22	2
32	23	2
32	24	2
32	26	2
32	27	4
32	28	7
32	29	2
32	30	4
32	31	4
33	3	1
33	4	1
33	5	2
33	6	1
33	7	1
33	8	1
33	9	1
33	10	1
33	11	1
33	12	1
33	13	4
33	14	4
33	15	1
33	16	3
33	17	1
33	18	2
33	19	6
33	20	1
33	21	2
33	22	3
33	23	3
33	24	2
33	26	1
33	28	6
33	29	5
33	30	4
33	31	4
33	32	11
34	0	4
34	1	1
34	2	2
34	3	3
34	4	4
34	5	4
34	8	4
34	9	3
34	10	3
34	11	4
34	12	2
34	13	2
34	14	3
34	15	1
34	16	2
34	17	2
34	18	5
34	19	2
34	20	2
34	21	4
34	22	5
34	23	4
34	24	5
34	25	2
34	26	2
34	27	3
34	28	5
34	29	1
34	30	3
34	31	3
34	32	5
34	33	8
35	0	2
35	1	2
35	2	3
35	3	2
35	4	6
35	5	2
35	6	2
35	7	4
35	8	3
35	9	5
35	10	3
35	11	3
35	12	3
35	13	3
35	14	3
35	15	6
35	16	1
35	17	4
35	18	7
35	19	8
35	20	5
35	21	5
35	23	2
35	24	3
35	26	3
35	27	6
35	28	10
35	29	6
35	30	3
35	31	3
35	32	6
35	34	9
36	0	2
36	1	2
36	2	1
36	3	2
36	4	1
36	5	1
36	6	2
36	7	3
36	9	4
36	10	3
36	11	7
36	12	2
36	13	2
36	14	2
36	15	1
36	16	3
36	17	1
36	18	2
36	19	6
36	20	3
36	21	4
36	22	3
36	24	2
36	27	2
36	28	3
36	29	3
36	30	3
36	31	2
36	33	2
36	34	2
36	35	4
37	0	1
37	1	1
37	2	1
37	3	2
37	4	1
37	6	1
37	7	2
37	8	2
37	9	1
37	10	2
37	11	7
37	12	2
37	13	6
37	14	2
37	15	3
37	16	5
37	17	4
37	18	1
37	19	4
37	20	4
37	21	4
37	22	2
37	24	3
37	26	1
37	27	2
37	28	14
37	29	6
37	30	4
37	31	1
37	32	1
37	33	1
37	34	1
37	35	15
37	36	3
38	0	1
38	1	2
38	2	2
38	3	3
38	4	3
38	5	1
38	7	1
38	8	4
38	9	1
38	10	5
38	11	1
38	12	2
38	13	6
38	14	10
38	15	4
38	16	5
38	17	2
38	18	6
38	19	5
38	20	5
38	21	1
38	22	1
38	23	2
38	24	2
38	26	3
38	27	3
38	28	12
38	29	4
38	30	6
38	31	4
38	32	8
38	33	5
38	34	7
38	35	7
38	36	9
38	37	13
39	1	3
39	2	5
39	3	2
39	4	4
39	5	2
39	6	2
39	7	1
39	8	4
39	9	4
39	10	5
39	11	5
39	12	2
39	13	5
39	14	4
39	15	4
39	16	1
39	17	6
39	18	3
39	19	2
39	20	2
39	21	1
39	22	3
39	23	2
39	24	3
39	26	5
39	27	5
39	28	6
39	29	3
39	30	2
39	31	2
39	32	1
39	33	4
39	34	1
39	35	7
39	36	4
39	37	8
39	38	23
40	1	2
40	2	3
40	3	2
40	4	11
40	5	1
40	6	3
40	8	2
40	9	4
40	10	3
40	11	3
40	12	6
40	13	1
40	14	2
40	15	4
40	16	4
40	17	2
40	18	5
40	19	1
40	20	4
40	21	2
40	22	5
40	23	1
40	24	5
40	25	1
40	26	2
40	27	3
40	28	11
40	29	2
40	30	4
40	31	10
40	32	8
40	33	4
40	34	4
40	35	6
40	36	5
40	37	5
40	38	14
40	39	10
41	1	2
41	2	1
41	3	5
41	4	3
41	5	3
41	6	1
41	8	3
41	9	1
41	10	3
41	11	4
41	12	5
41	13	6
41	14	2
41	16	3
41	17	2
41	18	2
41	19	7
41	20	1
41	21	2
41	22	1
41	23	2
41	24	1
41	25	1
41	26	2
41	27	2
41	28	9
41	30	3
41	31	8
41	32	3
41	33	4
41	34	4
41	35	3
41	36	4
41	37	8
41	38	5
41	39	7
41	40	14
42	0	1
42	4	2
42	5	4
42	6	1
42	7	3
42	9	3
42	10	4
42	12	1
42	14	1
42	15	2
42	17	3
42	18	3
42	20	4
42	21	2
42	22	3
42	23	1
42	24	1
42	26	1
42	27	2
42	28	6
42	29	3
42	30	2
42	31	4
42	32	2
42	33	1
42	34	2
42	35	5
42	37	2
42	38	4
42	39	2
42	40	5
42	41	3
43	0	2
43	2	2
43	3	3
43	4	2
43	5	3
43	6	1
43	7	1
43	8	2
43	9	2
43	10	2
43	11	2
43	12	1
43	13	1
43	15	4
43	16	2
43	17	1
43	18	4
43	19	1
43	20	3
43	21	3
43	23	3
43	25	1
43	26	3
43	27	2
43	28	6
43	29	2
43	30	4
43	31	4
43	32	4
43	33	2
43	34	1
43	35	2
43	36	2
43	37	3
43	38	6
43	39	4
43	40	5
43	41	4
43	42	4
44	0	2
44	1	1
44	2	5
44	3	1
44	4	1
44	5	3
44	7	1
44	8	1
44	10	1
44	11	1
44	12	3
44	13	6
44	18	1
44	19	2
44	21	3
44	26	1
44	27	2
44	28	2
44	29	1
44	30	2
44	31	5
44	32	1
44	33	3
44	34	2
44	35	3
44	36	2
44	37	3
44	39	3
44	40	6
44	41	4
44	42	9
44	43	12
45	0	1
45	1	1
45	2	4
45	4	2
45	6	1
45	7	1
45	9	1
45	10	3
45	13	3
45	14	3
45	17	2
45	18	2
45	19	1
45	24	1
45	27	3
45	28	1
45	29	2
45	30	4
45	31	1
45	32	1
45	34	3
45	35	2
45	36	4
45	37	1
45	38	2
45	39	1
45	40	6
45	42	2
45	43	11
45	44	11
46	1	1
46	2	2
46	3	1
46	8	2
46	9	1
46	10	3
46	11	1
46	12	1
46	13	3
46	14	1
46	18	2
46	19	1
46	26	2
46	27	2
46	28	3
46	29	1
46	30	2
46	31	4
46	33	2
46	34	1
46	36	4
46	37	3
46	38	2
46	39	1
46	40	1
46	41	4
46	42	5
46	43	3
46	44	6
46	45	7
47	2	1
47	3	2
47	5	1
47	7	2
47	8	1
47	9	2
47	10	1
47	11	4
47	12	1
47	13	4
47	14	1
47	15	3
47	17	1
47	18	3
47	19	1
47	20	2
47	24	1
47	27	2
47	28	3
47	29	2
47	30	3
47	32	2
47	33	1
47	34	1
47	35	4
47	36	1
47	37	2
47	38	3
47	39	1
47	40	3
47	41	7
47	42	1
47	43	1
47	44	5
47	45	3
47	46	6
48	1	2
48	4	2
48	7	1
48	8	1
48	10	1
48	12	1
48	13	1
48	14	2
48	15	3
48	20	1
48	28	2
48	30	1
48	31	2
48	35	1
48	37	1
48	38	3
48	39	4
48	40	4
48	41	3
48	43	4
48	44	3
48	45	3
48	46	4
48	47	6
49	0	2
49	2	2
49	3	2
49	4	2
49	5	3
49	6	3
49	9	2
49	10	3
49	11	1
49	12	4
49	13	2
49	14	3
49	16	3
49	17	2
49	18	2
49	19	2
49	20	1
49	21	1
49	23	1
49	24	3
49	25	1
49	27	2
49	28	5
49	30	1
49	31	1
49	32	7
49	33	1
49	34	4
49	35	1
49	36	3
49	37	3
49	38	5
49	39	1
49	40	2
49	41	2
49	43	3
49	44	7
49	45	3
49	46	3
49	47	10
49	48	11
50	0	4
50	1	1
50	3	3
50	4	1
50	5	1
50	8	1
50	9	3
50	10	3
50	12	4
50	13	1
50	14	1
50	15	2
50	18	3
50	27	1
50	28	2
50	29	1
50	30	5
50	31	2
50	32	2
50	36	1
50	38	8
50	39	3
50	40	2
50	41	1
50	42	1
50	43	1
50	44	1
50	45	2
50	46	1
50	47	4
50	48	3
50	49	12
51	1	2
51	4	1
51	5	1
51	9	1
51	10	2
51	11	2
51	13	1
51	14	2
51	15	3
51	16	1
51	17	1
51	19	1
51	20	1
51	23	1
51	24	4
51	26	2
51	27	1
51	28	2
51	29	1
51	32	2
51	33	3
51	35	2
51	36	3
51	38	3
51	39	3
51	40	5
51	41	3
51	44	4
51	46	5
51	47	1
51	49	7
51	50	7
52	4	2
52	6	3
52	7	2
52	8	2
52	9	3
52	10	2
52	11	1
52	12	4
52	13	1
52	14	2
52	15	2
52	16	3
52	17	1
52	18	1
52	19	2
52	20	2
52	21	1
52	23	1
52	24	1
52	26	1
52	27	1
52	28	3
52	29	3
52	30	2
52	31	1
52	32	2
52	33	1
52	35	3
52	36	3
52	37	4
52	38	5
52	39	4
52	43	4
52	44	1
52	45	2
52	46	3
52	47	1
52	49	5
52	50	6
52	51	14
53	1	1
53	2	1
53	3	1
53	4	1
53	6	1
53	7	2
53	8	1
53	11	1
53	12	1
53	13	3
53	14	2
53	15	4
53	18	2
53	19	1
53	20	2
53	22	1
53	24	1
53	26	1
53	27	2
53	28	2
53	29	1
53	30	1
53	34	2
53	36	3
53	38	6
53	39	3
53	40	4
53	41	5
53	42	3
53	43	6
53	44	2
53	45	2
53	47	6
53	48	1
53	49	13
53	50	2
53	51	11
53	52	10
54	0	2
54	1	2
54	2	2
54	3	1
54	4	1
54	5	4
54	6	2
54	7	1
54	8	2
54	9	1
54	10	2
54	12	1
54	13	4
54	14	1
54	15	1
54	16	3
54	18	1
54	19	2
54	20	1
54	23	1
54	26	2
54	27	1
54	28	3
54	29	2
54	30	1
54	31	1
54	32	1
54	34	1
54	35	2
54	36	2
54	37	3
54	38	4
54	39	3
54	40	4
54	41	4
54	42	1
54	43	3
54	44	3
54	45	2
54	46	4
54	47	9
54	48	11
54	49	4
54	50	2
54	51	4
54	52	4
54	53	4
55	0	2
55	1	1
55	2	3
55	3	2
55	4	2
55	5	1
55	8	1
55	9	5
55	10	4
55	11	1
55	12	2
55	13	9
55	14	4
55	15	8
55	16	1
55	17	1
55	18	1
55	20	2
55	22	1
55	24	1
55	25	1
55	27	4
55	28	2
55	29	4
55	30	4
55	31	3
55	32	4
55	33	1
55	35	2
55	36	2
55	38	4
55	39	3
55	40	3
55	41	4
55	42	1
55	43	4
55	44	7
55	45	6
55	46	9
55	47	9
55	48	5
55	49	5
55	50	2
55	51	4
55	52	3
55	53	6
55	54	8
56	3	2
56	4	1
56	5	1
56	8	1
56	9	2
56	10	2
56	11	2
56	12	1
56	13	2
56	15	3
56	18	1
56	19	1
56	20	1
56	21	2
56	23	2
56	27	3
56	28	7
56	30	2
56	31	1
56	32	2
56	34	1
56	35	4
56	37	1
56	38	1
56	39	2
56	40	5
56	41	1
56	42	5
56	43	6
56	44	2
56	45	5
56	46	7
56	47	7
56	48	2
56	49	6
56	50	4
56	51	1
56	52	2
56	53	4
56	54	3
56	55	3
57	0	3
57	2	2
57	3	1
57	4	4
57	6	1
57	8	4
57	9	1
57	12	1
57	13	3
57	15	1
57	17	3
57	18	4
57	19	1
57	24	2
57	25	1
57	27	3
57	29	1
57	30	1
57	31	1
57	32	3
57	33	3
57	34	2
57	35	2
57	36	1
57	37	2
57	38	1
57	40	4
57	41	1
57	42	5
57	43	2
57	44	7
57	45	6
57	46	1
57	47	3
57	48	5
57	49	12
57	50	5
57	51	3
57	52	1
57	53	7
57	54	6
57	55	4
57	56	8
58	0	1
58	1	1
58	9	2
58	10	1
58	12	4
58	14	1
58	15	2
58	17	1
58	18	4
58	19	2
58	20	2
58	23	2
58	24	2
58	26	2
58	27	5
58	28	1
58	29	1
58	30	3
58	31	4
58	32	6
58	33	3
58	34	3
58	35	5
58	36	1
58	38	4
58	39	2
58	40	4
58	41	2
58	42	3
58	43	2
58	44	3
58	45	2
58	46	5
58	47	5
58	48	2
58	49	4
58	50	2
58	51	5
58	53	3
58	54	5
58	55	2
58	56	2
58	57	4
59	1	2
59	2	3
59	3	4
59	4	5
59	8	2
59	11	2
59	12	2
59	13	1
59	14	4
59	15	3
59	16	2
59	17	2
59	18	1
59	19	1
59	20	2
59	21	1
59	24	2
59	26	1
59	27	4
59	28	5
59	29	4
59	30	5
59	31	3
59	32	3
59	33	2
59	34	1
59	35	4
59	36	1
59	37	4
59	38	4
59	39	3
59	40	3
59	41	3
59	42	11
59	43	8
59	44	2
59	45	1
59	46	4
59	47	4
59	48	3
59	49	3
59	51	1
59	52	2
59	53	1
59	54	4
59	55	7
59	56	2
59	57	2
59	58	7
60	0	1
60	1	1
60	2	1
60	3	2
60	4	1
60	5	3
60	6	3
60	7	2
60	8	6
60	9	4
60	10	3
60	11	2
60	12	1
60	13	3
60	14	1
60	15	3
60	16	2
60	17	2
60	18	3
60	19	4
60	20	3
60	21	1
60	22	3
60	24	4
60	26	2
60	27	3
60	28	5
60	29	1
60	30	1
60	31	3
60	32	2
60	33	1
60	34	3
60	35	4
60	36	2
60	37	3
60	38	6
60	39	6
60	40	4
60	41	7
60	42	2
60	43	6
60	44	2
60	45	1
60	46	9
60	47	2
60	48	4
60	49	12
60	50	4
60	51	13
60	52	13
60	53	16
60	54	3
60	55	7
60	56	2
60	57	2
60	58	2
60	59	6
