1	0	6
2	0	5
2	1	11
3	0	3
3	1	4
3	2	9
4	0	4
4	1	1
4	2	3
4	3	2
5	0	1
5	1	1
5	2	1
5	3	1
5	4	7
6	0	2
6	1	2
6	2	1
6	3	5
6	4	5
6	5	5
7	1	2
7	2	1
7	3	2
7	4	7
7	5	4
7	6	12
8	0	1
8	1	5
8	2	2
8	3	8
8	4	20
8	5	6
8	6	5
8	7	6
9	0	3
9	1	2
9	2	3
9	3	9
9	4	11
9	5	3
9	6	3
9	7	3
9	8	10
10	0	1
10	1	1
10	2	2
10	3	5
10	4	2
10	5	6
10	6	3
10	7	2
10	8	4
10	9	7
11	0	5
11	1	3
11	2	1
11	3	2
11	4	1
11	5	3
11	6	1
11	7	1
11	8	6
11	9	3
11	10	3
12	1	2
12	3	3
12	4	2
12	5	2
12	6	1
12	7	2
12	8	5
12	9	7
12	10	11
12	11	19
13	0	1
13	1	1
13	2	2
13	3	2
13	4	2
13	5	3
13	6	3
13	8	2
13	9	4
13	10	5
13	11	4
13	12	6
14	1	4
14	2	3
14	3	1
14	4	4
14	5	3
14	6	1
14	7	2
14	8	1
14	9	3
14	10	4
14	11	3
14	12	1
14	13	7
15	2	2
15	3	1
15	4	4
15	5	3
15	8	4
15	11	1
15	12	1
15	13	4
15	14	4
16	2	1
16	4	1
16	5	1
16	6	3
16	7	5
16	8	7
16	9	1
16	10	7
16	11	4
16	12	5
16	13	8
16	14	7
16	15	3
17	3	2
17	4	2
17	5	1
17	6	4
17	7	5
17	8	5
17	9	2
17	10	5
17	12	4
17	13	4
17	14	5
17	15	8
17	16	10
18	1	1
18	2	1
18	4	4
18	5	5
18	6	7
18	7	1
18	8	4
18	9	5
18	10	7
18	12	7
18	13	6
18	14	3
18	15	1
18	16	2
18	17	8
19	0	2
19	1	7
19	3	1
19	4	4
19	5	5
19	6	3
19	7	3
19	8	5
19	9	2
19	12	1
19	13	5
19	14	4
19	15	4
19	16	3
19	17	8
19	18	16
20	1	1
20	2	1
20	3	2
20	4	3
20	5	5
20	6	2
20	7	2
20	8	6
20	9	4
20	10	7
20	11	3
20	12	1
20	13	5
20	14	3
20	15	1
20	16	3
20	17	4
20	18	7
20	19	7
21	0	1
21	1	2
21	3	1
21	4	3
21	5	1
21	7	2
21	8	7
21	9	2
21	10	1
21	11	1
21	12	3
21	14	4
21	15	1
21	17	2
21	18	7
21	19	8
21	20	10
22	1	1
22	2	1
22	3	2
22	4	4
22	5	2
22	6	2
22	7	2
22	8	6
22	9	3
22	10	3
22	12	3
22	13	1
22	14	4
22	16	1
22	17	4
22	18	4
22	19	3
22	20	10
22	21	6
23	0	1
23	1	2
23	4	1
23	5	4
23	6	2
23	8	2
23	9	3
23	12	1
23	13	2
23	14	1
23	15	2
23	16	2
23	17	4
23	18	2
23	19	3
23	20	5
23	21	3
23	22	3
24	1	2
24	3	4
24	4	4
24	5	5
24	6	1
24	7	1
24	8	4
24	9	4
24	11	5
24	12	1
24	15	6
24	16	1
24	17	3
24	18	6
24	19	1
24	20	4
24	21	4
24	22	2
24	23	10
25	4	1
25	5	1
25	6	2
25	9	1
25	15	1
25	19	1
26	1	1
26	3	1
26	8	1
26	10	4
26	13	1
26	15	1
26	17	1
26	18	2
26	19	3
26	20	1
26	24	2
27	3	2
27	5	3
27	7	1
27	8	1
27	9	4
27	10	2
27	11	4
27	12	1
27	13	2
27	14	5
27	15	3
27	16	4
27	17	1
27	18	4
27	19	6
27	20	5
27	21	4
27	22	3
27	23	1
27	26	3
28	0	1
28	1	3
28	2	3
28	4	3
28	5	4
28	6	1
28	7	6
28	8	1
28	9	1
28	10	2
28	11	4
28	12	2
28	13	4
28	14	5
28	16	5
28	17	2
28	18	5
28	19	6
28	20	3
28	21	8
28	22	5
28	23	4
28	24	2
28	26	3
28	27	3
29	2	5
29	3	2
29	4	4
29	5	2
29	6	1
29	8	3
29	9	1
29	10	3
29	11	1
29	12	3
29	13	4
29	14	2
29	15	3
29	16	1
29	17	2
29	19	5
29	20	4
29	21	4
29	22	3
29	23	2
29	24	1
29	27	2
29	28	6
30	0	1
30	1	1
30	2	1
30	3	2
30	4	1
30	5	1
30	8	2
30	9	2
30	10	4
30	12	3
30	13	5
30	14	3
30	15	2
30	16	4
30	17	3
30	18	4
30	19	1
30	20	4
30	21	3
30	22	4
30	23	4
30	24	1
30	25	1
30	26	1
30	27	4
30	28	9
30	29	8
31	2	1
31	3	1
31	4	2
31	5	1
31	8	3
31	9	2
31	10	1
31	11	1
31	12	2
31	13	2
31	14	1
31	15	2
31	16	2
31	17	1
31	18	1
31	20	2
31	21	3
31	22	4
31	24	3
31	27	2
31	28	4
31	29	4
31	30	15
32	0	1
32	1	1
32	2	1
32	3	2
32	4	2
32	5	4
32	8	2
32	9	1
32	10	4
32	13	2
32	14	2
32	15	2
32	16	3
32	17	4
32	18	2
32	19	2
32	20	1
32	21	2
32	22	1
32	23	3
32	24	2
32	26	3
32	27	3
32	28	5
32	29	1
32	30	3
32	31	2
33	2	1
33	3	4
33	4	4
33	5	2
33	6	1
33	7	1
33	8	2
33	9	5
33	10	1
33	11	2
33	12	1
33	13	1
33	15	1
33	16	1
33	17	6
33	18	1
33	19	4
33	20	4
33	21	4
33	22	1
33	23	2
33	24	4
33	26	1
33	27	4
33	28	4
33	29	4
33	30	4
33	31	6
33	32	7
34	1	2
34	2	2
34	3	2
34	4	3
34	5	2
34	6	1
34	8	3
34	9	1
34	10	1
34	11	3
34	12	1
34	13	5
34	14	2
34	15	1
34	16	3
34	17	2
34	18	3
34	19	2
34	20	3
34	21	5
34	22	2
34	23	4
34	24	3
34	26	1
34	27	3
34	28	4
34	29	4
34	30	7
34	31	3
34	32	4
34	33	8
35	1	3
35	2	3
35	3	2
35	4	3
35	5	6
35	7	3
35	8	1
35	9	5
35	10	5
35	11	3
35	12	1
35	13	5
35	14	3
35	15	3
35	16	2
35	17	8
35	18	7
35	19	7
35	20	6
35	21	6
35	22	1
35	23	3
35	24	2
35	26	1
35	27	5
35	28	7
35	29	1
35	30	5
35	31	6
35	32	4
35	33	4
35	34	9
36	0	2
36	1	2
36	2	4
36	3	3
36	4	7
36	5	2
36	7	1
36	8	3
36	9	4
36	10	6
36	11	4
36	12	4
36	13	3
36	14	3
36	15	3
36	16	1
36	17	1
36	18	3
36	19	3
36	20	4
36	21	1
36	22	2
36	25	1
36	26	1
36	28	6
36	30	2
36	31	4
36	32	3
36	33	2
36	34	4
36	35	2
37	0	2
37	1	4
37	2	1
37	3	2
37	4	3
37	6	1
37	8	2
37	9	2
37	11	4
37	12	1
37	13	7
37	14	4
37	15	2
37	16	5
37	17	2
37	18	9
37	19	4
37	20	2
37	21	1
37	22	4
37	23	2
37	24	2
37	26	1
37	27	3
37	28	8
37	29	5
37	30	2
37	31	2
37	32	1
37	33	4
37	34	3
37	35	10
37	36	8
38	0	1
38	1	1
38	2	2
38	4	1
38	5	2
38	7	1
38	8	1
38	9	4
38	10	5
38	11	2
38	12	1
38	13	4
38	14	3
38	15	6
38	16	4
38	17	2
38	18	4
38	19	2
38	20	2
38	21	3
38	22	3
38	23	1
38	24	5
38	25	1
38	27	6
38	28	12
38	29	2
38	30	6
38	31	2
38	32	5
38	33	2
38	34	5
38	35	5
38	36	9
38	37	13
39	1	1
39	2	2
39	3	2
39	4	3
39	5	3
39	6	3
39	7	2
39	8	4
39	9	5
39	10	5
39	11	4
39	12	1
39	13	11
39	14	6
39	15	2
39	16	6
39	17	4
39	18	2
39	19	4
39	20	2
39	21	1
39	22	2
39	23	2
39	24	3
39	27	5
39	28	6
39	29	2
39	30	3
39	31	2
39	32	4
39	33	1
39	34	7
39	35	12
39	36	1
39	37	12
39	38	17
40	1	4
40	2	3
40	3	2
40	4	2
40	5	2
40	6	1
40	7	1
40	9	3
40	10	5
40	12	4
40	13	6
40	14	4
40	15	1
40	16	3
40	18	3
40	19	8
40	20	3
40	21	3
40	22	1
40	23	2
40	24	3
40	26	1
40	27	2
40	28	11
40	29	3
40	30	5
40	31	4
40	32	7
40	33	2
40	35	11
40	36	2
40	37	11
40	38	7
40	39	3
41	1	1
41	3	1
41	4	6
41	5	1
41	6	1
41	7	2
41	9	2
41	10	3
41	11	3
41	12	1
41	13	3
41	14	4
41	15	1
41	16	3
41	17	3
41	18	2
41	19	1
41	21	1
41	22	1
41	24	1
41	27	1
41	28	8
41	29	2
41	30	5
41	31	2
41	32	2
41	33	5
41	34	5
41	35	4
41	36	1
41	37	2
41	38	12
41	39	4
41	40	14
42	4	2
42	5	4
42	7	1
42	8	2
42	9	3
42	10	1
42	11	1
42	12	3
42	13	4
42	14	3
42	15	2
42	18	3
42	19	3
42	21	2
42	22	5
42	24	1
42	26	1
42	27	1
42	28	3
42	29	3
42	30	3
42	31	4
42	32	3
42	33	5
42	34	3
42	35	2
42	36	2
42	37	2
42	38	6
42	39	3
42	40	7
42	41	5
43	1	1
43	2	1
43	3	4
43	4	2
43	6	1
43	7	2
43	9	5
43	10	1
43	12	3
43	13	4
43	14	2
43	15	2
43	16	1
43	17	2
43	18	2
43	19	3
43	20	1
43	22	2
43	23	1
43	24	1
43	25	1
43	27	2
43	28	3
43	29	4
43	30	1
43	31	5
43	32	3
43	33	1
43	35	1
43	36	4
43	37	1
43	38	1
43	39	2
43	40	4
43	41	7
43	42	9
44	1	2
44	2	2
44	4	2
44	5	2
44	8	2
44	9	3
44	10	1
44	12	3
44	13	2
44	16	1
44	17	1
44	18	2
44	19	2
44	20	1
44	21	2
44	27	3
44	28	6
44	29	4
44	30	3
44	31	6
44	32	4
44	33	2
44	34	3
44	35	4
44	36	1
44	37	6
44	38	3
44	39	1
44	40	4
44	41	2
44	42	3
44	43	10
45	1	1
45	2	1
45	3	1
45	4	2
45	5	2
45	7	2
45	8	2
45	9	2
45	10	2
45	12	1
45	13	1
45	17	3
45	18	3
45	19	3
45	20	1
45	24	1
45	26	4
45	27	1
45	28	3
45	30	2
45	31	4
45	32	4
45	33	1
45	34	1
45	35	2
45	36	2
45	37	2
45	38	5
45	39	4
45	40	3
45	41	3
45	42	5
45	43	3
45	44	8
46	1	1
46	2	1
46	3	2
46	4	3
46	5	3
46	7	2
46	8	4
46	9	2
46	10	3
46	11	1
46	13	1
46	14	3
46	15	1
46	18	1
46	19	3
46	22	1
46	26	1
46	27	1
46	28	1
46	29	2
46	30	4
46	31	2
46	32	4
46	33	2
46	35	4
46	36	1
46	37	1
46	38	4
46	39	4
46	40	4
46	41	4
46	42	6
46	43	2
46	44	3
46	45	9
47	2	2
47	3	1
47	4	2
47	5	1
47	6	2
47	8	1
47	9	2
47	10	2
47	11	2
47	12	2
47	13	4
47	14	1
47	15	1
47	16	1
47	17	1
47	20	1
47	24	1
47	27	2
47	28	2
47	29	3
47	30	3
47	31	3
47	33	1
47	35	5
47	36	2
47	37	2
47	38	2
47	39	3
47	40	5
47	41	7
47	42	2
47	43	4
47	44	3
47	45	3
47	46	4
48	2	3
48	3	4
48	4	2
48	8	1
48	10	2
48	11	1
48	12	1
48	13	3
48	14	2
48	15	1
48	19	2
48	22	3
48	27	1
48	28	1
48	30	4
48	31	1
48	37	6
48	38	1
48	39	2
48	40	1
48	41	3
48	42	2
48	43	1
48	44	3
48	45	4
48	46	1
48	47	9
49	0	2
49	1	1
49	2	3
49	3	2
49	4	2
49	5	1
49	8	1
49	9	2
49	10	1
49	11	2
49	12	1
49	13	1
49	14	3
49	16	1
49	17	4
49	18	3
49	19	1
49	20	5
49	21	1
49	24	1
49	25	2
49	27	5
49	28	2
49	29	1
49	30	1
49	32	2
49	33	1
49	34	3
49	35	2
49	36	1
49	37	1
49	38	3
49	39	3
49	40	4
49	41	7
49	42	3
49	43	4
49	44	2
49	45	4
49	46	3
49	47	9
49	48	2
50	0	1
50	1	3
50	3	1
50	4	2
50	5	2
50	8	3
50	9	1
50	10	1
50	12	3
50	14	2
50	18	1
50	19	2
50	22	1
50	25	1
50	27	1
50	28	3
50	29	2
50	30	1
50	35	4
50	36	2
50	38	1
50	39	1
50	40	2
50	41	2
50	42	1
50	43	1
50	44	2
50	45	2
50	46	2
50	47	2
50	48	2
50	49	11
51	1	2
51	4	3
51	5	1
51	8	2
51	9	1
51	10	2
51	11	2
51	12	2
51	13	3
51	14	2
51	15	3
51	16	3
51	17	1
51	18	2
51	20	5
51	23	2
51	24	1
51	26	1
51	27	3
51	28	2
51	29	1
51	30	3
51	31	6
51	32	5
51	33	2
51	34	1
51	35	1
51	36	2
51	37	2
51	38	2
51	39	3
51	40	4
51	41	6
51	42	3
51	43	1
51	45	3
51	46	1
51	47	9
51	48	2
51	49	10
51	50	5
52	4	1
52	6	1
52	7	2
52	8	1
52	9	1
52	10	1
52	11	2
52	12	1
52	13	3
52	14	3
52	15	2
52	16	1
52	17	1
52	18	3
52	20	2
52	21	1
52	23	1
52	26	1
52	28	2
52	29	2
52	30	5
52	31	2
52	33	1
52	34	2
52	35	4
52	36	2
52	37	1
52	38	7
52	39	4
52	40	2
52	41	4
52	42	1
52	43	1
52	44	1
52	45	7
52	46	4
52	47	5
52	48	2
52	49	2
52	50	5
52	51	17
53	3	4
53	4	2
53	5	2
53	6	1
53	7	2
53	8	3
53	9	2
53	10	3
53	11	2
53	12	3
53	13	6
53	14	1
53	15	3
53	16	2
53	17	3
53	18	5
53	19	2
53	20	1
53	22	1
53	24	3
53	26	1
53	27	2
53	28	3
53	29	1
53	30	2
53	31	1
53	32	5
53	33	1
53	35	6
53	37	2
53	38	4
53	39	4
53	40	5
53	41	3
53	42	4
53	43	2
53	44	2
53	46	3
53	47	4
53	48	2
53	49	19
53	50	2
53	51	10
53	52	9
54	0	2
54	1	1
54	2	1
54	3	2
54	4	2
54	5	1
54	6	3
54	7	3
54	8	1
54	9	1
54	10	5
54	11	1
54	12	3
54	13	3
54	14	1
54	15	1
54	16	2
54	17	1
54	18	1
54	19	1
54	20	2
54	27	2
54	28	3
54	29	2
54	30	2
54	31	4
54	32	4
54	33	1
54	35	2
54	36	5
54	37	2
54	38	5
54	39	2
54	40	5
54	41	1
54	42	6
54	43	4
54	44	4
54	45	4
54	46	10
54	47	9
54	48	5
54	49	9
54	50	5
54	51	6
54	52	4
54	53	3
55	0	2
55	1	2
55	2	5
55	3	2
55	4	2
55	8	2
55	9	4
55	10	3
55	11	1
55	12	2
55	13	3
55	14	1
55	15	3
55	16	1
55	17	1
55	18	3
55	19	1
55	20	1
55	21	1
55	24	2
55	27	1
55	28	3
55	29	3
55	30	2
55	31	1
55	32	1
55	35	4
55	36	4
55	37	2
55	38	1
55	39	6
55	40	1
55	41	5
55	43	3
55	44	2
55	45	4
55	46	9
55	47	4
55	48	2
55	49	8
55	50	5
55	51	2
55	52	1
55	53	1
55	54	16
56	4	2
56	5	3
56	8	2
56	9	3
56	10	1
56	11	1
56	13	3
56	17	3
56	18	2
56	19	2
56	20	3
56	21	3
56	23	3
56	26	3
56	27	1
56	28	3
56	30	1
56	31	2
56	35	1
56	38	8
56	39	3
56	40	2
56	41	2
56	42	4
56	43	6
56	44	1
56	45	8
56	46	10
56	47	7
56	48	5
56	49	3
56	50	2
56	51	4
56	52	1
56	53	6
56	54	4
56	55	5
57	0	1
57	2	3
57	3	1
57	6	1
57	8	2
57	9	1
57	10	2
57	11	1
57	12	1
57	13	2
57	14	2
57	15	2
57	16	2
57	18	1
57	22	2
57	23	1
57	24	2
57	25	1
57	27	5
57	28	3
57	29	2
57	30	1
57	31	4
57	32	3
57	33	2
57	34	1
57	35	1
57	36	3
57	37	3
57	38	3
57	39	3
57	40	3
57	41	2
57	42	4
57	43	5
57	44	3
57	45	7
57	46	2
57	47	6
57	48	3
57	49	6
57	50	3
57	51	1
57	52	4
57	53	6
57	55	5
57	56	15
58	0	1
58	1	1
58	3	2
58	4	2
58	8	3
58	9	3
58	10	3
58	12	1
58	14	2
58	15	1
58	17	1
58	18	1
58	20	3
58	24	2
58	25	3
58	26	1
58	27	2
58	28	3
58	30	2
58	31	1
58	32	3
58	33	1
58	34	2
58	35	4
58	37	2
58	38	6
58	39	2
58	40	3
58	41	7
58	42	2
58	43	1
58	44	4
58	45	2
58	46	4
58	47	3
58	48	4
58	49	3
58	51	2
58	52	6
58	53	2
58	54	3
58	55	5
58	56	4
58	57	6
59	1	3
59	2	1
59	3	3
59	4	2
59	5	2
59	8	1
59	9	2
59	10	2
59	11	1
59	12	1
59	13	1
59	14	2
59	15	1
59	16	1
59	18	2
59	20	3
59	21	2
59	22	2
59	26	2
59	27	2
59	28	4
59	29	2
59	30	3
59	31	3
59	32	3
59	33	6
59	34	1
59	35	2
59	36	1
59	37	2
59	38	3
59	39	7
59	40	2
59	41	3
59	42	4
59	43	7
59	44	4
59	45	9
59	46	8
59	47	3
59	48	3
59	49	5
59	50	3
59	51	2
59	52	2
59	53	2
59	54	2
59	55	1
59	56	5
59	57	7
59	58	9
60	1	1
60	2	1
60	3	3
60	4	3
60	5	1
60	7	1
60	9	4
60	10	3
60	11	1
60	12	1
60	13	6
60	14	1
60	15	4
60	17	5
60	18	1
60	19	4
60	21	4
60	22	2
60	26	1
60	27	7
60	28	2
60	29	1
60	30	6
60	31	4
60	32	1
60	33	5
60	34	2
60	35	2
60	37	6
60	38	9
60	39	5
60	40	5
60	41	2
60	42	3
60	43	5
60	44	1
60	45	2
60	46	3
60	47	4
60	48	1
60	49	13
60	50	8
60	51	7
60	52	12
60	53	11
60	54	8
60	55	3
60	56	3
60	57	5
60	58	4
60	59	1
