1	0	5
2	0	6
2	1	8
3	0	2
3	1	7
3	2	4
4	1	5
4	2	3
4	3	5
5	1	4
5	2	3
5	3	2
5	4	8
6	1	2
6	2	3
6	3	5
6	4	3
6	5	8
7	1	1
7	2	2
7	4	6
7	5	4
7	6	3
8	0	2
8	1	1
8	3	2
8	4	14
8	5	5
8	6	10
8	7	10
9	1	1
9	2	2
9	3	5
9	4	8
9	5	6
9	6	6
9	7	5
9	8	6
10	0	4
10	1	3
10	2	2
10	3	2
10	4	5
10	5	7
10	6	6
10	7	2
10	8	4
10	9	16
11	0	3
11	1	1
11	2	1
11	3	3
11	4	3
11	5	2
11	6	3
11	7	3
11	8	2
11	9	5
11	10	11
12	1	4
12	2	2
12	3	2
12	4	4
12	5	4
12	7	1
12	8	5
12	9	6
12	10	10
12	11	10
13	2	2
13	3	4
13	4	4
13	5	4
13	6	1
13	7	3
13	8	2
13	9	1
13	10	5
13	11	2
13	12	3
14	2	1
14	3	2
14	4	3
14	7	3
14	8	1
14	9	2
14	10	2
14	11	3
14	12	4
14	13	5
15	0	4
15	3	2
15	4	3
15	5	1
15	6	1
15	7	1
15	8	2
15	9	1
15	10	2
15	11	3
15	12	3
15	13	2
15	14	7
16	1	1
16	4	4
16	5	2
16	7	2
16	8	3
16	9	3
16	10	4
16	11	4
16	12	3
16	13	5
16	14	9
16	15	4
17	2	1
17	3	1
17	4	5
17	5	2
17	6	1
17	7	3
17	8	2
17	9	6
17	10	1
17	11	3
17	12	2
17	13	1
17	14	8
17	15	3
17	16	7
18	0	2
18	1	2
18	2	2
18	3	2
18	4	3
18	5	3
18	6	3
18	7	1
18	8	3
18	9	1
18	10	4
18	11	1
18	12	6
18	13	3
18	14	5
18	15	2
18	16	4
18	17	5
19	0	1
19	1	2
19	3	2
19	4	6
19	5	3
19	6	4
19	7	3
19	8	7
19	9	4
19	10	4
19	11	3
19	12	1
19	13	6
19	14	2
19	15	1
19	16	3
19	17	4
19	18	9
20	3	5
20	4	8
20	5	7
20	6	2
20	7	3
20	8	5
20	10	2
20	11	3
20	12	1
20	13	4
20	15	1
20	16	3
20	17	6
20	18	10
20	19	10
21	0	1
21	1	1
21	2	1
21	3	2
21	4	1
21	5	4
21	6	2
21	7	4
21	8	2
21	9	2
21	10	1
21	12	2
21	13	3
21	17	1
21	18	7
21	19	8
21	20	12
22	0	2
22	1	1
22	2	1
22	3	4
22	4	2
22	5	3
22	6	3
22	7	5
22	8	7
22	9	2
22	10	5
22	11	1
22	12	4
22	13	2
22	14	5
22	15	2
22	16	3
22	17	2
22	18	5
22	20	10
22	21	5
23	1	2
23	5	1
23	6	2
23	7	3
23	8	1
23	9	1
23	10	2
23	11	2
23	14	4
23	15	1
23	16	1
23	17	1
23	18	1
23	19	8
23	20	6
23	21	2
23	22	5
24	2	1
24	4	2
24	5	4
24	6	2
24	7	2
24	8	2
24	9	2
24	10	1
24	11	3
24	14	2
24	16	2
24	17	2
24	18	1
24	19	3
24	20	4
24	21	7
24	22	8
24	23	11
25	4	1
25	5	1
25	6	2
25	12	1
25	21	1
26	1	1
26	2	2
26	6	2
26	8	1
26	10	1
26	13	5
26	15	2
26	16	1
26	17	1
26	18	2
26	19	3
26	20	1
26	22	1
26	24	3
27	3	1
27	4	1
27	5	3
27	7	3
27	8	1
27	10	1
27	11	1
27	12	3
27	13	5
27	14	1
27	15	6
27	16	5
27	17	3
27	18	2
27	19	2
27	20	2
27	21	2
27	22	5
27	23	3
27	24	2
27	26	5
28	0	1
28	1	4
28	2	1
28	3	1
28	4	5
28	6	2
28	7	1
28	8	3
28	10	4
28	11	2
28	13	2
28	14	3
28	15	5
28	16	6
28	17	2
28	18	3
28	19	4
28	20	6
28	21	5
28	22	3
28	23	7
28	24	7
28	26	4
28	27	8
29	1	2
29	2	4
29	3	1
29	4	2
29	5	5
29	6	1
29	7	3
29	8	4
29	9	3
29	10	2
29	11	3
29	12	1
29	13	1
29	14	2
29	15	1
29	16	2
29	17	4
29	18	1
29	20	1
29	21	2
29	22	2
29	23	1
29	24	1
29	27	1
29	28	4
30	1	2
30	2	1
30	3	3
30	4	2
30	5	2
30	6	2
30	7	1
30	8	4
30	10	2
30	11	2
30	13	1
30	14	1
30	15	3
30	17	2
30	18	3
30	19	3
30	20	4
30	21	2
30	22	4
30	23	2
30	24	2
30	26	1
30	27	1
30	28	5
30	29	6
31	1	1
31	3	2
31	4	1
31	5	2
31	8	1
31	9	2
31	11	5
31	13	2
31	14	1
31	15	2
31	16	1
31	17	1
31	18	3
31	19	1
31	20	1
31	21	1
31	22	3
31	23	2
31	24	3
31	28	5
31	29	4
31	30	12
32	0	1
32	1	1
32	4	5
32	5	1
32	6	2
32	8	2
32	9	2
32	12	5
32	13	3
32	14	2
32	15	1
32	16	1
32	17	1
32	18	2
32	19	1
32	20	3
32	21	3
32	22	3
32	24	4
32	26	5
32	27	4
32	28	8
32	29	1
32	30	2
32	31	7
33	1	1
33	2	2
33	3	3
33	4	1
33	5	1
33	6	2
33	7	1
33	8	3
33	9	1
33	10	7
33	11	4
33	12	1
33	14	2
33	16	1
33	17	3
33	18	8
33	19	3
33	20	2
33	21	4
33	22	5
33	23	2
33	24	1
33	26	3
33	27	3
33	28	6
33	29	6
33	30	5
33	31	2
33	32	5
34	0	1
34	1	1
34	3	5
34	4	3
34	5	4
34	6	3
34	7	3
34	8	6
34	9	2
34	10	2
34	12	5
34	13	1
34	15	1
34	17	4
34	18	4
34	19	3
34	20	2
34	21	4
34	22	6
34	23	5
34	24	6
34	26	2
34	27	3
34	28	4
34	29	8
34	30	7
34	31	3
34	32	6
34	33	3
35	1	4
35	2	2
35	3	4
35	4	3
35	5	3
35	6	4
35	7	4
35	8	4
35	9	9
35	10	8
35	11	6
35	12	3
35	13	8
35	14	1
35	15	5
35	16	2
35	17	2
35	18	9
35	19	2
35	20	7
35	21	6
35	22	1
35	23	2
35	24	4
35	26	2
35	27	4
35	28	12
35	29	2
35	30	3
35	31	2
35	32	7
35	33	6
35	34	8
36	0	1
36	2	1
36	3	2
36	4	2
36	5	3
36	6	2
36	8	4
36	9	7
36	10	7
36	11	2
36	12	5
36	14	2
36	15	2
36	16	1
36	17	1
36	18	3
36	19	3
36	20	2
36	21	1
36	22	2
36	26	3
36	27	6
36	28	4
36	29	6
36	30	1
36	31	2
36	32	2
36	33	2
36	34	1
36	35	8
37	0	1
37	3	2
37	4	2
37	5	1
37	6	1
37	7	2
37	8	2
37	9	4
37	10	2
37	12	1
37	13	2
37	14	3
37	15	4
37	16	2
37	17	4
37	18	8
37	19	5
37	20	3
37	21	5
37	22	1
37	23	2
37	24	4
37	25	3
37	26	1
37	27	4
37	28	3
37	29	2
37	31	1
37	32	4
37	33	4
37	34	7
37	35	11
37	36	4
38	0	2
38	1	3
38	2	4
38	3	4
38	4	1
38	5	4
38	6	1
38	7	3
38	8	5
38	9	3
38	10	4
38	12	4
38	13	6
38	14	2
38	15	4
38	16	9
38	17	2
38	18	3
38	19	3
38	20	4
38	21	2
38	23	1
38	24	3
38	26	5
38	27	5
38	28	6
38	29	2
38	30	7
38	31	1
38	32	2
38	33	3
38	34	5
38	35	6
38	36	3
38	37	6
39	1	2
39	4	4
39	5	2
39	7	1
39	8	4
39	9	3
39	10	6
39	11	1
39	12	7
39	13	7
39	14	3
39	15	4
39	16	7
39	17	2
39	18	4
39	20	1
39	21	1
39	22	3
39	23	1
39	24	3
39	26	3
39	27	4
39	28	6
39	29	1
39	30	3
39	31	2
39	32	1
39	33	6
39	34	3
39	35	4
39	36	6
39	37	11
39	38	20
40	1	2
40	2	1
40	3	1
40	4	3
40	5	3
40	6	2
40	7	1
40	8	2
40	9	1
40	10	2
40	11	2
40	12	6
40	13	5
40	14	6
40	15	4
40	16	3
40	17	4
40	18	5
40	19	1
40	20	3
40	21	1
40	22	1
40	23	4
40	24	1
40	25	2
40	26	4
40	27	4
40	28	9
40	29	6
40	30	4
40	31	7
40	32	4
40	33	3
40	34	2
40	35	9
40	36	7
40	37	4
40	38	12
40	39	5
41	1	1
41	2	2
41	4	3
41	5	1
41	7	1
41	8	5
41	9	3
41	10	2
41	11	1
41	12	3
41	13	4
41	14	2
41	15	2
41	16	5
41	17	5
41	18	2
41	19	1
41	20	1
41	21	5
41	22	2
41	23	3
41	24	2
41	26	1
41	27	4
41	28	8
41	29	3
41	30	5
41	31	1
41	32	2
41	33	4
41	34	3
41	35	3
41	36	5
41	37	3
41	38	9
41	39	7
41	40	18
42	0	2
42	3	1
42	4	3
42	5	2
42	7	1
42	8	1
42	9	1
42	10	4
42	11	1
42	12	2
42	13	5
42	14	1
42	16	5
42	17	2
42	20	2
42	21	1
42	23	1
42	24	1
42	26	4
42	27	3
42	28	6
42	29	4
42	30	5
42	31	8
42	33	3
42	34	1
42	35	5
42	36	4
42	37	2
42	38	3
42	39	2
42	40	5
42	41	10
43	1	4
43	3	2
43	5	2
43	6	2
43	7	1
43	8	3
43	9	1
43	11	1
43	12	2
43	14	3
43	15	4
43	16	2
43	17	1
43	18	2
43	19	1
43	20	1
43	21	4
43	23	1
43	24	1
43	26	1
43	28	2
43	29	4
43	30	6
43	31	5
43	32	2
43	34	1
43	35	1
43	36	1
43	37	3
43	38	3
43	39	5
43	40	8
43	41	4
43	42	7
44	0	1
44	1	3
44	2	2
44	4	1
44	5	1
44	6	1
44	8	2
44	9	3
44	10	3
44	14	5
44	16	2
44	17	3
44	18	2
44	20	1
44	26	1
44	27	5
44	28	4
44	29	2
44	30	1
44	31	4
44	33	2
44	34	1
44	35	1
44	36	1
44	37	1
44	38	2
44	39	2
44	40	6
44	41	3
44	42	4
44	43	8
45	0	2
45	1	1
45	2	3
45	3	1
45	4	1
45	5	2
45	9	1
45	10	2
45	11	1
45	12	3
45	13	3
45	14	2
45	18	2
45	19	3
45	23	1
45	27	2
45	28	4
45	29	2
45	30	5
45	33	3
45	34	1
45	35	3
45	36	2
45	37	3
45	38	4
45	39	2
45	40	5
45	41	2
45	42	5
45	43	11
45	44	12
46	2	2
46	4	1
46	5	1
46	7	3
46	10	1
46	11	2
46	12	2
46	13	1
46	14	1
46	15	3
46	18	2
46	19	4
46	21	2
46	22	1
46	26	2
46	27	4
46	28	2
46	29	1
46	30	3
46	31	3
46	32	5
46	35	1
46	36	3
46	37	4
46	38	1
46	40	3
46	41	4
46	43	6
46	44	4
46	45	10
47	1	1
47	2	2
47	3	2
47	4	2
47	7	2
47	10	4
47	11	2
47	12	1
47	13	1
47	15	2
47	16	1
47	18	1
47	19	2
47	23	2
47	24	3
47	27	2
47	29	1
47	30	1
47	32	1
47	33	1
47	34	2
47	35	3
47	36	3
47	37	2
47	38	4
47	39	2
47	40	4
47	41	2
47	42	2
47	43	2
47	44	2
47	45	3
47	46	9
48	0	1
48	1	3
48	2	1
48	3	3
48	4	1
48	7	2
48	8	3
48	10	2
48	12	2
48	13	3
48	14	2
48	15	5
48	25	1
48	27	1
48	30	2
48	31	1
48	35	2
48	36	1
48	38	2
48	39	3
48	40	1
48	41	3
48	42	2
48	43	1
48	44	5
48	45	1
48	46	7
48	47	12
49	0	1
49	1	1
49	2	1
49	3	3
49	4	4
49	6	1
49	7	2
49	8	6
49	9	1
49	10	1
49	11	2
49	12	1
49	13	2
49	15	2
49	16	3
49	17	1
49	18	2
49	20	3
49	21	1
49	24	3
49	25	1
49	27	3
49	28	3
49	29	2
49	30	2
49	31	1
49	32	3
49	33	3
49	35	3
49	36	1
49	38	6
49	39	4
49	40	3
49	41	3
49	42	8
49	43	6
49	44	1
49	45	2
49	46	5
49	47	8
49	48	7
50	0	1
50	1	2
50	3	1
50	4	1
50	9	1
50	10	1
50	12	2
50	13	2
50	14	1
50	15	2
50	18	1
50	22	1
50	25	1
50	27	1
50	28	2
50	29	1
50	31	2
50	32	1
50	35	2
50	36	1
50	37	3
50	38	2
50	39	3
50	40	2
50	41	2
50	42	2
50	43	2
50	44	2
50	45	2
50	46	1
50	47	6
50	48	3
50	49	9
51	1	1
51	4	2
51	10	1
51	11	1
51	12	4
51	13	1
51	14	2
51	16	1
51	18	2
51	19	1
51	20	2
51	24	1
51	26	3
51	27	3
51	28	6
51	29	1
51	30	1
51	31	1
51	32	1
51	33	2
51	34	2
51	36	3
51	37	2
51	38	5
51	39	1
51	40	2
51	41	2
51	42	1
51	43	5
51	44	4
51	45	1
51	46	4
51	47	2
51	48	4
51	49	7
51	50	9
52	4	4
52	10	3
52	11	2
52	12	3
52	13	4
52	14	2
52	15	1
52	17	3
52	18	1
52	19	2
52	24	1
52	27	4
52	28	2
52	29	1
52	30	4
52	31	3
52	33	1
52	35	1
52	36	2
52	37	4
52	38	4
52	39	3
52	40	3
52	41	2
52	42	3
52	43	1
52	44	2
52	45	3
52	46	4
52	47	5
52	48	4
52	49	9
52	50	5
52	51	16
53	1	2
53	4	2
53	5	5
53	6	1
53	7	1
53	8	1
53	11	1
53	13	3
53	14	1
53	15	3
53	16	1
53	17	1
53	18	1
53	19	2
53	26	1
53	27	6
53	28	4
53	29	3
53	30	3
53	32	3
53	33	1
53	34	7
53	35	1
53	36	2
53	37	2
53	38	8
53	39	7
53	40	5
53	41	3
53	42	4
53	44	2
53	45	1
53	47	4
53	48	3
53	49	10
53	50	12
53	51	9
53	52	11
54	0	1
54	1	1
54	2	4
54	3	4
54	5	1
54	8	5
54	9	2
54	10	2
54	11	3
54	12	1
54	13	3
54	14	1
54	15	1
54	16	3
54	17	1
54	18	2
54	19	3
54	20	3
54	26	2
54	27	3
54	28	5
54	29	1
54	30	3
54	32	4
54	34	2
54	35	1
54	36	4
54	37	2
54	38	8
54	39	2
54	40	1
54	41	5
54	42	7
54	43	1
54	44	3
54	45	4
54	46	11
54	47	9
54	48	3
54	49	4
54	50	2
54	51	3
54	52	4
54	53	3
55	0	1
55	2	3
55	3	1
55	4	2
55	8	2
55	9	1
55	10	1
55	11	1
55	12	3
55	13	2
55	14	3
55	16	3
55	17	1
55	19	2
55	20	2
55	24	1
55	25	1
55	27	1
55	28	2
55	29	4
55	30	5
55	31	2
55	32	3
55	33	3
55	35	3
55	36	2
55	37	3
55	38	1
55	40	3
55	41	3
55	43	5
55	46	2
55	47	9
55	48	2
55	49	6
55	50	3
55	51	5
55	52	2
55	53	8
55	54	9
56	3	2
56	5	2
56	6	2
56	8	2
56	10	1
56	11	1
56	12	2
56	13	4
56	17	1
56	18	1
56	19	1
56	21	3
56	28	3
56	29	2
56	30	2
56	31	2
56	32	2
56	33	2
56	34	2
56	35	1
56	36	3
56	37	1
56	38	3
56	39	1
56	40	1
56	41	2
56	42	2
56	43	7
56	44	4
56	45	4
56	46	6
56	47	4
56	48	5
56	49	5
56	50	1
56	51	9
56	52	2
56	53	5
56	54	4
56	55	5
57	2	2
57	4	1
57	8	1
57	9	2
57	10	5
57	11	2
57	12	3
57	13	2
57	14	1
57	15	2
57	16	1
57	17	3
57	18	1
57	19	1
57	23	1
57	24	5
57	25	1
57	28	1
57	29	2
57	30	2
57	31	2
57	32	2
57	33	3
57	34	2
57	35	3
57	36	3
57	38	2
57	39	5
57	40	3
57	41	4
57	42	4
57	43	4
57	44	3
57	45	5
57	46	6
57	47	6
57	48	2
57	49	6
57	50	3
57	51	4
57	52	5
57	53	4
57	54	2
57	55	3
57	56	19
58	0	2
58	1	2
58	3	1
58	4	2
58	8	3
58	9	2
58	10	1
58	12	2
58	18	1
58	20	1
58	23	2
58	24	4
58	26	2
58	27	1
58	28	5
58	29	1
58	30	7
58	31	2
58	32	3
58	33	5
58	35	1
58	36	1
58	37	2
58	38	4
58	39	3
58	41	2
58	42	6
58	43	5
58	44	5
58	45	1
58	46	4
58	47	2
58	48	2
58	49	1
58	50	1
58	51	2
58	52	2
58	53	1
58	54	2
58	55	1
58	56	9
58	57	7
59	1	1
59	2	2
59	3	1
59	5	1
59	7	1
59	8	2
59	9	2
59	10	2
59	11	3
59	12	3
59	13	6
59	14	1
59	15	3
59	16	1
59	17	2
59	18	3
59	19	2
59	21	1
59	24	1
59	26	4
59	27	4
59	28	2
59	29	6
59	30	2
59	31	8
59	32	5
59	33	1
59	34	3
59	36	1
59	37	1
59	38	4
59	39	4
59	40	10
59	41	7
59	42	1
59	43	9
59	44	5
59	45	5
59	46	4
59	47	5
59	48	4
59	49	3
59	50	5
59	51	1
59	53	4
59	54	5
59	55	3
59	56	4
59	57	3
59	58	4
60	0	1
60	2	3
60	3	4
60	4	2
60	5	2
60	6	2
60	7	2
60	8	3
60	9	2
60	10	5
60	11	5
60	12	1
60	13	3
60	14	4
60	15	2
60	16	2
60	17	2
60	18	2
60	19	2
60	21	1
60	22	2
60	24	1
60	27	2
60	28	4
60	29	2
60	30	7
60	31	2
60	34	3
60	35	2
60	36	3
60	37	3
60	38	6
60	39	13
60	40	3
60	41	5
60	42	2
60	43	3
60	44	3
60	45	4
60	46	2
60	47	3
60	48	3
60	49	7
60	50	6
60	51	14
60	52	20
60	53	16
60	54	3
60	55	5
60	56	4
60	57	4
60	58	2
60	59	9
