1	0	8
2	0	4
2	1	8
3	0	1
3	1	6
3	2	3
4	0	1
4	1	4
4	2	2
4	3	7
5	0	2
5	1	3
5	2	1
5	3	3
5	4	12
6	0	2
6	2	3
6	4	8
6	5	5
7	1	2
7	3	1
7	4	4
7	5	4
7	6	12
8	0	2
8	3	2
8	4	14
8	5	10
8	6	10
8	7	3
9	0	1
9	1	3
9	2	1
9	3	6
9	4	10
9	5	2
9	6	1
9	7	1
9	8	3
10	0	2
10	2	1
10	3	3
10	4	7
10	5	4
10	6	3
10	7	4
10	8	2
10	9	9
11	0	1
11	1	2
11	2	1
11	3	1
11	4	4
11	5	2
11	6	1
11	7	1
11	8	2
11	9	6
11	10	9
12	2	1
12	3	2
12	4	4
12	5	2
12	6	2
12	7	3
12	8	4
12	9	4
12	10	10
12	11	8
13	2	3
13	3	1
13	4	2
13	5	2
13	7	3
13	8	3
13	9	2
13	10	6
13	11	1
13	12	9
14	3	5
14	4	1
14	6	3
14	7	6
14	8	2
14	9	1
14	10	6
14	11	5
14	12	4
14	13	6
15	0	3
15	2	2
15	3	2
15	4	2
15	5	3
15	6	2
15	8	2
15	9	3
15	11	2
15	12	2
15	13	7
15	14	8
16	1	2
16	3	1
16	4	2
16	5	4
16	6	2
16	7	4
16	8	4
16	9	1
16	10	1
16	11	5
16	12	2
16	13	8
16	14	3
16	15	8
17	2	1
17	3	1
17	4	3
17	5	2
17	8	1
17	9	3
17	10	1
17	11	2
17	12	2
17	13	4
17	14	4
17	15	3
17	16	5
18	1	1
18	2	1
18	3	2
18	4	2
18	5	1
18	6	2
18	7	2
18	8	1
18	9	5
18	10	3
18	11	3
18	12	2
18	13	3
18	14	2
18	15	3
18	16	2
18	17	8
19	1	1
19	2	3
19	4	3
19	5	3
19	6	2
19	7	6
19	8	4
19	9	6
19	10	9
19	11	5
19	12	1
19	13	3
19	14	3
19	15	4
19	16	8
19	17	7
19	18	15
20	1	2
20	2	1
20	3	2
20	4	7
20	5	4
20	6	7
20	7	2
20	8	3
20	9	2
20	10	3
20	11	2
20	12	3
20	13	3
20	14	3
20	15	3
20	16	3
20	17	4
20	18	5
20	19	11
21	1	1
21	2	3
21	3	1
21	4	3
21	5	3
21	6	4
21	7	4
21	8	8
21	9	3
21	10	2
21	11	1
21	12	3
21	13	1
21	14	2
21	15	3
21	16	4
21	17	1
21	18	7
21	19	7
21	20	13
22	1	1
22	2	1
22	3	1
22	4	5
22	5	3
22	6	2
22	7	2
22	8	2
22	9	3
22	11	1
22	13	1
22	14	3
22	15	1
22	16	2
22	17	7
22	18	7
22	19	5
22	20	7
22	21	7
23	3	2
23	4	2
23	5	4
23	6	2
23	7	3
23	8	4
23	9	4
23	10	1
23	11	1
23	12	2
23	13	1
23	14	2
23	16	1
23	17	2
23	18	3
23	19	3
23	20	3
23	21	6
23	22	10
24	1	3
24	2	1
24	3	3
24	4	3
24	5	5
24	6	3
24	7	4
24	8	5
24	9	3
24	10	2
24	12	2
24	13	3
24	14	4
24	15	2
24	16	2
24	17	3
24	18	2
24	19	6
24	20	4
24	21	5
24	22	5
24	23	9
25	5	1
25	11	2
25	16	1
25	21	1
26	1	2
26	2	1
26	3	3
26	6	1
26	8	1
26	10	2
26	13	1
26	14	4
26	15	2
26	16	2
26	17	2
26	19	1
26	22	2
26	24	3
27	3	1
27	4	1
27	5	2
27	7	2
27	8	1
27	9	3
27	10	3
27	12	3
27	13	4
27	14	2
27	15	1
27	16	5
27	17	4
27	19	4
27	21	2
27	22	3
27	23	2
27	24	5
27	26	3
28	1	8
28	2	3
28	3	1
28	4	3
28	5	5
28	6	3
28	8	5
28	9	3
28	10	4
28	11	1
28	12	3
28	13	4
28	14	3
28	15	4
28	16	2
28	17	1
28	18	3
28	19	7
28	20	3
28	21	3
28	22	2
28	23	2
28	24	2
28	26	3
28	27	8
29	1	2
29	2	1
29	3	2
29	4	3
29	5	4
29	6	4
29	7	6
29	8	8
29	9	3
29	10	6
29	12	2
29	13	1
29	14	4
29	16	1
29	17	2
29	18	2
29	19	1
29	20	5
29	21	2
29	22	2
29	23	3
29	27	3
29	28	5
30	0	1
30	1	5
30	2	2
30	3	1
30	4	1
30	5	5
30	6	2
30	7	1
30	8	3
30	9	1
30	10	2
30	11	5
30	12	2
30	13	2
30	14	3
30	15	1
30	16	2
30	17	1
30	18	3
30	19	2
30	21	1
30	22	2
30	24	2
30	27	3
30	28	6
30	29	2
31	1	1
31	2	1
31	3	1
31	8	2
31	9	2
31	10	3
31	12	2
31	13	4
31	14	2
31	15	2
31	16	2
31	17	3
31	18	4
31	20	6
31	21	4
31	23	1
31	24	2
31	26	2
31	27	3
31	28	4
31	29	2
31	30	9
32	1	1
32	4	1
32	5	1
32	8	3
32	9	1
32	10	2
32	11	1
32	13	1
32	14	1
32	16	4
32	17	2
32	18	1
32	19	4
32	20	2
32	21	3
32	22	2
32	23	2
32	24	5
32	26	2
32	27	6
32	28	3
32	29	2
32	30	4
32	31	4
33	2	1
33	3	3
33	4	2
33	5	4
33	6	1
33	7	3
33	8	1
33	9	1
33	10	2
33	11	3
33	12	4
33	14	2
33	15	2
33	16	1
33	17	2
33	18	3
33	19	2
33	20	2
33	21	2
33	22	2
33	24	3
33	26	1
33	27	5
33	28	7
33	29	1
33	30	3
33	31	1
33	32	5
34	0	1
34	2	2
34	3	2
34	4	1
34	6	2
34	7	3
34	8	1
34	9	3
34	10	4
34	11	2
34	12	2
34	13	2
34	14	1
34	15	1
34	16	1
34	18	3
34	19	4
34	20	3
34	21	5
34	22	7
34	23	2
34	24	3
34	25	1
34	27	4
34	28	3
34	29	3
34	30	5
34	31	2
34	32	4
34	33	5
35	1	2
35	3	3
35	4	4
35	5	2
35	6	1
35	8	4
35	9	5
35	10	2
35	11	1
35	12	2
35	13	8
35	14	3
35	15	7
35	16	5
35	17	5
35	18	12
35	19	8
35	20	3
35	21	8
35	22	3
35	23	1
35	24	4
35	26	1
35	27	2
35	28	8
35	29	2
35	30	2
35	31	6
35	32	9
35	33	7
35	34	4
36	0	2
36	1	4
36	2	2
36	3	1
36	4	2
36	5	2
36	8	2
36	9	6
36	10	4
36	11	2
36	12	10
36	13	5
36	14	6
36	15	3
36	16	3
36	17	1
36	18	4
36	19	2
36	20	4
36	21	3
36	22	2
36	24	2
36	25	1
36	26	1
36	27	6
36	28	1
36	29	1
36	30	2
36	32	2
36	33	1
36	34	1
36	35	2
37	1	2
37	2	1
37	3	2
37	4	3
37	5	1
37	6	4
37	7	1
37	8	3
37	9	4
37	10	2
37	12	3
37	13	8
37	14	4
37	15	4
37	16	7
37	17	2
37	18	8
37	19	3
37	20	4
37	21	3
37	22	3
37	23	3
37	24	1
37	26	2
37	27	3
37	28	10
37	29	1
37	30	4
37	31	3
37	32	3
37	33	4
37	34	4
37	35	11
37	36	5
38	0	4
38	1	3
38	2	5
38	3	3
38	4	7
38	5	3
38	6	5
38	7	2
38	8	5
38	9	2
38	10	3
38	11	4
38	12	3
38	13	9
38	14	3
38	15	6
38	16	3
38	17	1
38	18	3
38	19	3
38	20	1
38	21	8
38	22	3
38	23	4
38	24	2
38	26	1
38	27	2
38	28	10
38	29	3
38	30	7
38	31	2
38	32	3
38	33	3
38	34	2
38	35	3
38	36	4
38	37	10
39	1	3
39	2	4
39	3	1
39	4	3
39	5	3
39	6	1
39	7	1
39	8	4
39	9	4
39	10	4
39	11	6
39	12	3
39	13	6
39	14	4
39	15	2
39	16	4
39	17	4
39	18	3
39	20	3
39	21	5
39	23	1
39	24	2
39	26	1
39	27	2
39	28	8
39	29	2
39	30	4
39	31	8
39	32	4
39	33	6
39	34	3
39	35	9
39	36	1
39	37	16
39	38	20
40	1	1
40	2	2
40	4	3
40	5	3
40	6	1
40	7	1
40	8	3
40	9	2
40	10	3
40	11	2
40	12	2
40	13	4
40	14	3
40	15	3
40	16	8
40	17	4
40	18	3
40	19	5
40	20	1
40	21	1
40	22	3
40	23	1
40	24	2
40	26	2
40	27	4
40	28	10
40	29	4
40	30	5
40	31	3
40	33	2
40	34	3
40	35	8
40	36	5
40	37	5
40	38	12
40	39	10
41	2	2
41	3	4
41	4	4
41	5	4
41	6	1
41	7	1
41	8	2
41	10	1
41	11	2
41	12	1
41	13	1
41	14	1
41	15	2
41	16	3
41	17	3
41	18	3
41	19	5
41	20	2
41	21	5
41	22	2
41	23	2
41	24	5
41	25	2
41	26	1
41	27	3
41	28	8
41	29	2
41	30	9
41	31	4
41	32	4
41	33	6
41	34	4
41	35	4
41	36	2
41	37	3
41	38	11
41	39	5
41	40	11
42	4	2
42	7	2
42	8	2
42	9	1
42	11	2
42	12	1
42	13	3
42	14	3
42	16	3
42	17	1
42	18	5
42	19	2
42	20	1
42	21	1
42	22	4
42	23	2
42	24	3
42	26	2
42	27	2
42	28	7
42	29	5
42	30	5
42	31	8
42	32	1
42	33	1
42	34	4
42	35	2
42	36	5
42	37	6
42	38	7
42	39	4
42	40	3
42	41	8
43	1	2
43	2	1
43	3	2
43	5	3
43	6	2
43	7	2
43	9	3
43	10	1
43	11	1
43	12	4
43	15	2
43	16	1
43	18	2
43	19	3
43	20	3
43	22	1
43	23	2
43	24	2
43	26	2
43	27	4
43	28	5
43	29	4
43	30	2
43	31	6
43	32	4
43	33	4
43	35	1
43	36	3
43	37	1
43	38	4
43	39	1
43	40	4
43	41	7
43	42	10
44	0	2
44	1	3
44	4	1
44	5	1
44	7	2
44	8	3
44	9	2
44	10	4
44	11	1
44	12	1
44	18	2
44	19	2
44	20	3
44	26	3
44	28	3
44	29	2
44	30	4
44	31	3
44	32	4
44	33	1
44	35	1
44	36	1
44	38	2
44	39	3
44	40	3
44	41	2
44	42	6
44	43	9
45	1	1
45	2	4
45	3	1
45	4	1
45	7	2
45	8	1
45	9	2
45	10	3
45	11	2
45	12	1
45	13	1
45	14	1
45	19	1
45	20	2
45	24	2
45	25	1
45	26	1
45	27	2
45	28	4
45	29	2
45	30	3
45	31	1
45	32	1
45	33	1
45	34	4
45	35	2
45	38	1
45	39	2
45	40	2
45	41	6
45	42	5
45	43	14
45	44	9
46	1	2
46	2	2
46	4	1
46	7	2
46	9	4
46	10	2
46	11	2
46	13	4
46	14	1
46	15	2
46	19	2
46	21	3
46	22	2
46	26	1
46	27	2
46	28	1
46	29	3
46	30	5
46	33	1
46	34	1
46	35	1
46	36	3
46	37	1
46	38	5
46	39	1
46	40	7
46	41	1
46	42	3
46	43	4
46	44	3
46	45	9
47	2	4
47	3	1
47	4	2
47	7	1
47	8	2
47	9	1
47	10	2
47	11	4
47	12	2
47	14	1
47	16	5
47	17	1
47	18	5
47	19	3
47	20	1
47	23	2
47	24	2
47	27	1
47	28	5
47	29	4
47	30	2
47	32	2
47	33	2
47	34	1
47	35	2
47	36	4
47	37	3
47	38	4
47	39	6
47	41	2
47	42	2
47	43	2
47	44	7
47	45	4
47	46	7
48	1	1
48	2	2
48	8	2
48	11	2
48	12	1
48	13	2
48	14	1
48	15	2
48	22	1
48	23	2
48	25	1
48	27	1
48	28	2
48	30	3
48	31	2
48	35	3
48	36	1
48	37	1
48	38	3
48	39	1
48	40	4
48	41	3
48	42	2
48	43	3
48	45	1
48	46	7
48	47	8
49	0	1
49	1	2
49	2	1
49	4	3
49	5	2
49	6	1
49	7	2
49	8	2
49	9	2
49	10	3
49	11	2
49	12	1
49	13	7
49	14	4
49	15	4
49	16	3
49	17	2
49	18	2
49	19	2
49	20	1
49	24	1
49	27	7
49	28	3
49	30	3
49	31	5
49	32	1
49	33	2
49	34	3
49	35	2
49	36	5
49	37	1
49	38	3
49	39	4
49	40	5
49	41	1
49	42	4
49	43	1
49	44	2
49	45	5
49	46	6
49	47	15
49	48	10
50	0	2
50	3	1
50	4	2
50	5	2
50	8	3
50	9	2
50	10	4
50	12	3
50	13	2
50	14	3
50	15	1
50	18	1
50	23	1
50	27	2
50	28	4
50	30	1
50	31	2
50	35	3
50	36	1
50	37	2
50	38	2
50	39	6
50	40	2
50	41	1
50	43	2
50	44	1
50	45	1
50	47	4
50	48	3
50	49	4
51	1	3
51	4	1
51	8	1
51	9	1
51	10	2
51	11	2
51	12	5
51	13	5
51	14	1
51	15	1
51	16	1
51	17	1
51	18	2
51	19	3
51	20	1
51	24	2
51	26	2
51	27	1
51	28	1
51	29	1
51	30	4
51	31	4
51	32	1
51	33	1
51	35	4
51	36	1
51	37	1
51	38	4
51	39	3
51	40	4
51	41	2
51	42	2
51	43	3
51	44	4
51	45	2
51	46	2
51	47	4
51	48	3
51	49	3
51	50	6
52	0	1
52	4	1
52	6	2
52	7	3
52	8	1
52	10	2
52	11	2
52	12	1
52	13	1
52	15	2
52	16	1
52	17	3
52	18	1
52	19	1
52	20	3
52	21	1
52	24	1
52	25	1
52	26	3
52	27	2
52	28	3
52	29	1
52	30	1
52	31	1
52	32	1
52	33	1
52	34	2
52	35	2
52	36	2
52	38	7
52	39	3
52	40	2
52	41	4
52	42	1
52	44	6
52	45	4
52	46	4
52	48	1
52	49	7
52	50	7
52	51	18
53	1	2
53	2	1
53	5	2
53	6	2
53	7	5
53	8	3
53	9	1
53	10	1
53	11	5
53	12	3
53	13	1
53	14	1
53	15	3
53	16	2
53	17	3
53	18	2
53	19	1
53	20	1
53	22	1
53	24	2
53	26	2
53	27	2
53	28	4
53	29	1
53	30	1
53	31	1
53	32	2
53	33	2
53	34	2
53	35	2
53	36	2
53	37	3
53	38	5
53	39	3
53	40	3
53	41	6
53	42	3
53	43	6
53	45	6
53	46	2
53	47	7
53	48	3
53	49	10
53	50	6
53	51	6
53	52	6
54	1	2
54	3	4
54	4	4
54	8	1
54	9	4
54	11	4
54	12	1
54	14	2
54	15	2
54	16	2
54	17	1
54	18	4
54	19	3
54	20	2
54	27	2
54	28	4
54	29	2
54	30	2
54	31	1
54	32	3
54	33	2
54	34	3
54	36	1
54	37	3
54	38	2
54	39	4
54	40	2
54	41	4
54	42	4
54	44	2
54	45	4
54	46	3
54	47	12
54	48	3
54	49	7
54	50	3
54	51	3
54	52	4
54	53	4
55	1	5
55	2	2
55	3	7
55	4	1
55	5	2
55	10	1
55	12	3
55	13	3
55	14	2
55	15	2
55	16	1
55	17	2
55	18	2
55	19	3
55	22	2
55	24	2
55	25	1
55	27	3
55	28	2
55	29	1
55	30	5
55	31	3
55	32	2
55	33	4
55	34	2
55	38	4
55	39	6
55	40	5
55	41	6
55	42	3
55	43	5
55	44	3
55	45	8
55	46	8
55	47	9
55	48	1
55	49	6
55	50	7
55	51	4
55	53	4
55	54	12
56	3	1
56	4	1
56	5	2
56	6	1
56	8	1
56	9	2
56	10	5
56	11	1
56	12	1
56	13	3
56	15	2
56	18	2
56	19	3
56	20	1
56	23	2
56	26	1
56	27	4
56	28	1
56	30	2
56	31	3
56	32	3
56	33	2
56	34	1
56	35	2
56	36	1
56	38	4
56	39	4
56	40	1
56	41	6
56	42	5
56	43	6
56	44	2
56	45	6
56	46	8
56	47	5
56	48	1
56	49	5
56	50	3
56	51	6
56	53	3
56	54	2
56	55	5
57	0	1
57	2	2
57	3	1
57	4	5
57	10	1
57	11	1
57	12	1
57	13	2
57	14	1
57	15	3
57	16	2
57	17	2
57	18	2
57	19	1
57	22	1
57	23	1
57	27	3
57	28	4
57	29	3
57	30	3
57	31	3
57	32	3
57	34	1
57	35	1
57	36	2
57	37	4
57	38	2
57	39	5
57	40	3
57	41	2
57	42	4
57	43	2
57	44	1
57	45	1
57	46	5
57	47	3
57	48	8
57	49	1
57	50	3
57	51	8
57	52	1
57	53	5
57	54	4
57	55	2
57	56	8
58	3	1
58	4	1
58	8	1
58	12	1
58	13	3
58	14	1
58	15	1
58	17	2
58	18	2
58	23	2
58	24	2
58	26	2
58	27	2
58	28	4
58	29	2
58	31	1
58	32	1
58	33	2
58	35	3
58	36	2
58	37	5
58	38	2
58	39	2
58	40	4
58	41	3
58	42	4
58	43	2
58	44	5
58	45	2
58	46	1
58	47	5
58	48	1
58	49	3
58	50	2
58	51	2
58	52	3
58	54	2
58	55	5
58	56	2
58	57	3
59	2	1
59	3	1
59	4	2
59	5	3
59	7	2
59	8	1
59	9	1
59	10	2
59	11	3
59	12	4
59	13	3
59	14	1
59	15	3
59	16	3
59	19	4
59	21	4
59	22	2
59	24	3
59	26	1
59	27	4
59	28	5
59	29	4
59	31	2
59	32	3
59	33	2
59	34	3
59	35	1
59	36	4
59	37	2
59	38	6
59	39	3
59	40	5
59	41	3
59	42	6
59	43	5
59	44	10
59	45	6
59	46	8
59	48	5
59	49	2
59	50	1
59	51	2
59	52	6
59	53	8
59	54	2
59	55	5
59	56	6
59	57	7
59	58	8
60	1	2
60	2	2
60	3	3
60	4	4
60	6	4
60	7	1
60	8	1
60	10	5
60	11	3
60	12	2
60	13	4
60	14	2
60	15	7
60	16	5
60	17	5
60	18	4
60	19	3
60	20	2
60	21	2
60	24	4
60	26	3
60	27	2
60	28	4
60	29	1
60	30	2
60	31	2
60	32	2
60	34	2
60	35	4
60	36	3
60	37	5
60	38	9
60	39	5
60	40	5
60	41	4
60	42	1
60	43	2
60	44	7
60	46	3
60	47	5
60	48	3
60	49	8
60	50	6
60	51	12
60	52	14
60	53	6
60	54	6
60	55	6
60	56	2
60	57	1
60	58	4
60	59	2
