1	0	9
2	0	5
2	1	8
3	0	4
3	1	5
3	2	10
4	0	4
4	1	3
4	2	4
4	3	6
5	0	2
5	1	4
5	2	3
5	3	2
5	4	10
6	1	2
6	2	3
6	3	5
6	4	7
6	5	9
7	1	1
7	3	1
7	4	2
7	5	4
7	6	11
8	0	2
8	1	2
8	2	3
8	3	5
8	4	11
8	5	9
8	6	8
8	7	8
9	0	5
9	1	3
9	2	2
9	3	3
9	4	8
9	5	8
9	6	5
9	7	4
9	8	15
10	0	2
10	1	3
10	2	4
10	3	5
10	4	6
10	5	3
10	6	2
10	7	6
10	8	1
10	9	11
11	0	1
11	2	1
11	3	1
11	4	1
11	5	3
11	6	1
11	7	1
11	8	4
11	9	2
11	10	11
12	1	3
12	2	1
12	3	1
12	4	1
12	6	3
12	8	5
12	9	7
12	10	6
12	11	10
13	0	1
13	1	4
13	3	1
13	4	5
13	5	2
13	6	2
13	7	5
13	8	3
13	9	6
13	10	8
13	11	3
13	12	6
14	2	2
14	3	3
14	4	1
14	5	2
14	6	1
14	7	3
14	8	2
14	9	5
14	10	6
14	12	4
14	13	7
15	3	1
15	4	2
15	5	1
15	6	2
15	7	1
15	8	4
15	9	1
15	10	3
15	11	2
15	12	4
15	13	10
15	14	7
16	2	1
16	3	1
16	4	1
16	5	1
16	6	3
16	7	2
16	8	3
16	9	1
16	10	5
16	11	5
16	12	6
16	13	6
16	14	7
16	15	5
17	2	2
17	4	6
17	5	4
17	6	1
17	7	3
17	8	8
17	9	1
17	10	5
17	11	5
17	12	5
17	13	4
17	14	9
17	15	3
17	16	9
18	2	3
18	3	1
18	5	4
18	6	1
18	7	3
18	8	3
18	9	1
18	10	2
18	11	2
18	12	2
18	13	6
18	14	6
18	15	2
18	16	7
18	17	5
19	1	2
19	2	5
19	3	2
19	4	4
19	5	4
19	6	3
19	7	2
19	8	5
19	9	4
19	10	4
19	11	1
19	12	3
19	13	6
19	15	3
19	16	9
19	17	5
19	18	12
20	2	3
20	3	1
20	4	5
20	5	4
20	6	1
20	7	3
20	8	7
20	9	3
20	10	5
20	11	2
20	13	3
20	14	2
20	16	4
20	17	5
20	18	8
20	19	13
21	3	1
21	4	4
21	5	2
21	6	4
21	7	2
21	8	5
21	9	5
21	10	3
21	11	2
21	12	5
21	13	4
21	14	1
21	15	2
21	16	2
21	17	3
21	18	10
21	19	2
21	20	11
22	3	2
22	4	2
22	5	4
22	6	3
22	7	1
22	8	1
22	9	3
22	10	1
22	11	1
22	12	1
22	13	1
22	14	2
22	15	1
22	16	2
22	17	3
22	18	5
22	19	3
22	20	13
22	21	10
23	0	1
23	1	1
23	2	3
23	3	1
23	5	2
23	6	1
23	7	1
23	8	4
23	10	1
23	11	2
23	13	1
23	14	2
23	15	3
23	16	2
23	17	2
23	18	4
23	19	2
23	20	2
23	21	3
23	22	8
24	1	4
24	2	2
24	3	1
24	4	5
24	5	3
24	6	4
24	7	1
24	8	3
24	9	5
24	10	2
24	11	2
24	12	4
24	13	3
24	14	2
24	15	2
24	16	2
24	17	3
24	18	7
24	20	2
24	21	5
24	22	7
24	23	11
25	4	1
25	6	1
25	8	1
25	15	1
25	19	1
25	21	1
25	23	1
26	3	2
26	6	1
26	8	2
26	10	1
26	14	3
26	15	2
26	16	3
26	17	1
26	18	2
26	19	1
26	20	1
26	22	1
26	24	1
27	3	7
27	4	3
27	5	4
27	6	2
27	8	3
27	9	3
27	10	2
27	11	3
27	13	2
27	14	4
27	15	2
27	16	3
27	17	2
27	18	6
27	19	3
27	20	1
27	21	4
27	22	1
27	23	1
27	24	2
28	0	2
28	1	1
28	2	3
28	3	2
28	4	4
28	5	4
28	6	4
28	7	1
28	8	1
28	9	2
28	10	2
28	11	2
28	12	3
28	13	6
28	14	5
28	15	4
28	16	5
28	17	3
28	18	5
28	19	3
28	20	3
28	21	6
28	22	1
28	26	3
28	27	12
29	1	1
29	2	3
29	3	1
29	4	3
29	5	3
29	6	1
29	7	3
29	8	6
29	9	2
29	10	1
29	11	1
29	12	2
29	13	3
29	14	3
29	15	1
29	16	5
29	17	1
29	18	2
29	19	3
29	20	3
29	21	3
29	22	4
29	23	1
29	27	1
29	28	1
30	0	3
30	1	1
30	4	5
30	5	2
30	7	1
30	8	3
30	9	1
30	11	1
30	12	1
30	13	3
30	15	2
30	17	4
30	18	2
30	19	1
30	20	3
30	21	6
30	22	3
30	23	1
30	25	1
30	27	4
30	28	5
30	29	2
31	1	3
31	2	2
31	3	2
31	5	3
31	10	1
31	11	3
31	12	3
31	13	3
31	14	1
31	15	2
31	16	4
31	17	2
31	18	1
31	19	3
31	20	4
31	21	6
31	22	3
31	24	3
31	26	1
31	27	1
31	28	5
31	30	9
32	1	1
32	2	4
32	4	4
32	5	1
32	6	1
32	8	3
32	9	4
32	10	1
32	11	5
32	12	3
32	13	3
32	14	3
32	16	3
32	17	2
32	18	6
32	20	2
32	21	2
32	22	2
32	23	2
32	24	3
32	26	3
32	27	2
32	28	8
32	29	1
32	30	2
32	31	4
33	2	2
33	3	1
33	4	4
33	5	4
33	8	2
33	11	1
33	12	3
33	13	1
33	14	1
33	15	2
33	16	1
33	17	3
33	18	7
33	19	1
33	21	6
33	22	2
33	23	3
33	24	5
33	26	2
33	27	4
33	28	6
33	29	5
33	30	7
33	31	4
33	32	6
34	0	3
34	2	1
34	3	1
34	4	2
34	5	2
34	6	2
34	8	2
34	9	1
34	10	1
34	11	2
34	12	1
34	13	1
34	15	1
34	16	1
34	17	1
34	18	4
34	19	5
34	20	2
34	21	7
34	22	2
34	23	3
34	24	6
34	25	1
34	26	4
34	27	2
34	28	4
34	29	7
34	30	5
34	31	4
34	32	1
34	33	8
35	0	2
35	1	3
35	2	2
35	3	3
35	4	1
35	5	2
35	6	4
35	8	4
35	9	6
35	10	1
35	11	2
35	12	2
35	13	4
35	14	3
35	15	5
35	16	4
35	17	4
35	18	14
35	19	5
35	20	8
35	21	4
35	22	2
35	23	4
35	24	2
35	26	1
35	27	3
35	28	9
35	29	3
35	30	2
35	31	1
35	32	2
35	33	5
35	34	9
36	0	1
36	1	3
36	3	5
36	4	7
36	5	2
36	8	3
36	9	6
36	10	4
36	11	1
36	12	2
36	13	2
36	14	5
36	15	2
36	16	3
36	17	1
36	18	5
36	19	7
36	20	1
36	21	2
36	25	1
36	26	2
36	27	1
36	28	1
36	29	3
36	30	3
36	31	1
36	32	6
36	33	1
36	34	1
36	35	7
37	0	2
37	1	5
37	3	3
37	4	2
37	5	4
37	6	1
37	8	2
37	9	4
37	10	3
37	11	1
37	12	5
37	13	6
37	14	2
37	15	2
37	16	6
37	17	2
37	18	4
37	19	5
37	20	1
37	21	3
37	22	1
37	23	2
37	24	1
37	26	1
37	27	1
37	28	8
37	29	1
37	31	2
37	32	5
37	34	3
37	35	20
37	36	8
38	0	1
38	1	2
38	3	1
38	4	4
38	5	1
38	6	3
38	7	2
38	8	1
38	9	1
38	10	2
38	11	2
38	12	4
38	13	8
38	14	3
38	15	3
38	16	2
38	17	2
38	18	5
38	19	3
38	20	2
38	21	3
38	22	4
38	23	2
38	24	2
38	25	2
38	26	2
38	27	4
38	28	11
38	29	3
38	30	3
38	31	1
38	32	3
38	33	2
38	34	4
38	35	4
38	36	3
38	37	8
39	1	1
39	2	4
39	3	1
39	4	4
39	5	3
39	6	3
39	7	3
39	8	1
39	9	3
39	10	3
39	11	3
39	12	6
39	13	6
39	14	3
39	15	2
39	16	3
39	17	3
39	18	3
39	19	2
39	20	2
39	21	7
39	22	2
39	23	2
39	24	2
39	26	1
39	27	4
39	28	4
39	29	2
39	30	2
39	31	2
39	32	2
39	33	5
39	34	5
39	35	6
39	37	4
39	38	16
40	1	3
40	2	6
40	3	4
40	4	3
40	5	3
40	6	2
40	8	3
40	9	4
40	10	2
40	12	2
40	13	3
40	14	4
40	15	3
40	17	3
40	18	2
40	19	1
40	20	5
40	21	2
40	22	1
40	23	1
40	24	2
40	25	1
40	27	1
40	28	14
40	29	3
40	30	6
40	31	7
40	32	7
40	33	3
40	34	4
40	35	6
40	36	1
40	37	5
40	38	13
40	39	10
41	1	1
41	3	1
41	4	3
41	5	2
41	6	2
41	7	3
41	8	1
41	9	4
41	10	3
41	11	1
41	12	3
41	13	2
41	14	2
41	15	1
41	16	1
41	17	2
41	18	4
41	19	4
41	20	2
41	21	2
41	22	3
41	24	4
41	26	1
41	27	1
41	28	4
41	29	4
41	30	8
41	31	5
41	32	3
41	33	5
41	34	3
41	35	4
41	36	1
41	37	3
41	38	10
41	39	3
41	40	17
42	0	1
42	3	1
42	4	2
42	6	1
42	7	2
42	8	1
42	9	3
42	10	2
42	11	1
42	12	1
42	13	3
42	15	1
42	17	1
42	18	3
42	19	1
42	20	1
42	21	3
42	22	3
42	23	2
42	24	3
42	26	3
42	27	4
42	28	2
42	29	1
42	30	5
42	31	8
42	32	4
42	33	3
42	35	2
42	36	5
42	37	5
42	38	12
42	39	5
42	40	3
42	41	9
43	1	2
43	2	2
43	3	2
43	5	3
43	6	1
43	7	2
43	8	3
43	9	2
43	10	3
43	11	1
43	12	2
43	13	3
43	14	2
43	16	1
43	17	5
43	18	6
43	19	2
43	20	2
43	21	1
43	22	1
43	24	6
43	26	2
43	27	2
43	28	7
43	29	3
43	30	4
43	31	3
43	32	3
43	33	3
43	36	2
43	37	4
43	38	2
43	39	7
43	40	5
43	41	6
43	42	3
44	1	4
44	2	3
44	3	1
44	4	1
44	5	2
44	6	1
44	8	1
44	9	4
44	10	3
44	11	1
44	12	1
44	13	3
44	16	1
44	17	1
44	18	1
44	19	1
44	21	3
44	26	3
44	27	2
44	28	7
44	29	3
44	30	2
44	31	4
44	32	1
44	33	3
44	34	1
44	35	2
44	36	1
44	38	6
44	39	3
44	40	2
44	41	1
44	42	3
44	43	6
45	0	1
45	1	1
45	2	1
45	3	1
45	4	1
45	5	3
45	6	1
45	8	2
45	9	1
45	10	1
45	11	2
45	14	2
45	17	4
45	19	2
45	20	1
45	24	4
45	26	2
45	27	2
45	28	1
45	29	2
45	30	5
45	31	3
45	32	2
45	33	2
45	34	2
45	35	2
45	36	1
45	37	2
45	38	2
45	39	1
45	40	3
45	41	2
45	42	4
45	43	9
45	44	12
46	2	3
46	3	2
46	4	1
46	5	1
46	7	1
46	8	1
46	9	1
46	10	3
46	11	2
46	12	1
46	13	1
46	14	1
46	15	1
46	18	2
46	19	2
46	21	1
46	22	2
46	26	2
46	27	2
46	28	3
46	29	2
46	30	1
46	32	2
46	35	3
46	37	1
46	38	1
46	39	2
46	40	2
46	41	2
46	42	1
46	43	7
46	44	5
46	45	8
47	1	1
47	2	3
47	3	1
47	6	1
47	7	1
47	8	1
47	9	1
47	10	2
47	11	1
47	13	1
47	15	2
47	16	1
47	23	1
47	24	1
47	27	2
47	28	3
47	30	3
47	31	3
47	32	1
47	33	2
47	34	3
47	35	3
47	36	4
47	37	2
47	39	3
47	40	5
47	41	1
47	42	1
47	43	2
47	44	4
47	45	3
47	46	8
48	1	1
48	3	2
48	4	3
48	8	1
48	12	3
48	13	2
48	15	2
48	19	1
48	20	1
48	27	1
48	28	6
48	31	1
48	35	2
48	36	1
48	37	2
48	38	2
48	39	2
48	40	1
48	42	5
48	43	2
48	44	2
48	45	5
48	46	3
48	47	8
49	1	3
49	2	1
49	3	2
49	4	1
49	5	1
49	6	2
49	7	1
49	9	1
49	10	3
49	11	3
49	12	3
49	13	5
49	14	4
49	16	2
49	17	1
49	18	2
49	19	3
49	20	1
49	21	2
49	24	3
49	27	2
49	28	1
49	29	2
49	30	3
49	31	2
49	32	1
49	33	1
49	34	3
49	35	4
49	36	3
49	37	3
49	38	6
49	39	5
49	40	3
49	41	6
49	42	4
49	43	2
49	44	2
49	45	5
49	46	6
49	47	7
49	48	8
50	1	2
50	4	1
50	5	1
50	8	1
50	10	1
50	13	6
50	15	1
50	18	1
50	19	1
50	23	2
50	25	2
50	26	2
50	28	3
50	29	2
50	30	2
50	32	2
50	36	1
50	37	1
50	38	2
50	39	2
50	40	3
50	41	1
50	42	1
50	43	1
50	44	1
50	46	2
50	47	1
50	48	3
50	49	7
51	4	1
51	5	2
51	8	2
51	9	1
51	11	4
51	12	2
51	13	4
51	14	3
51	16	1
51	17	1
51	19	2
51	23	2
51	26	1
51	27	4
51	29	1
51	31	4
51	32	2
51	35	3
51	36	2
51	37	2
51	38	5
51	39	5
51	40	3
51	41	2
51	42	2
51	43	2
51	44	1
51	45	4
51	46	2
51	47	4
51	48	3
51	49	5
51	50	7
52	0	1
52	4	1
52	6	2
52	7	3
52	8	1
52	9	1
52	10	2
52	12	4
52	13	1
52	14	2
52	15	2
52	16	4
52	17	4
52	18	2
52	19	4
52	20	1
52	21	1
52	26	1
52	28	3
52	29	1
52	30	2
52	31	2
52	32	2
52	33	4
52	34	4
52	35	3
52	36	2
52	37	5
52	38	7
52	39	3
52	40	7
52	41	1
52	43	2
52	44	4
52	46	5
52	47	1
52	48	1
52	49	9
52	50	6
52	51	12
53	2	2
53	5	4
53	6	1
53	7	1
53	8	2
53	9	2
53	10	2
53	11	2
53	12	3
53	13	2
53	14	2
53	15	3
53	16	3
53	17	2
53	18	1
53	19	4
53	20	1
53	22	4
53	24	2
53	27	1
53	28	5
53	29	3
53	30	3
53	31	1
53	32	2
53	33	1
53	34	1
53	37	3
53	38	5
53	39	2
53	40	3
53	41	6
53	42	3
53	43	1
53	44	2
53	45	3
53	46	6
53	47	4
53	49	8
53	50	4
53	51	9
53	52	10
54	1	1
54	2	4
54	3	2
54	4	1
54	5	1
54	7	1
54	8	1
54	9	4
54	10	2
54	11	1
54	12	2
54	13	1
54	14	3
54	16	3
54	17	1
54	18	3
54	19	1
54	27	1
54	28	2
54	29	1
54	30	3
54	31	2
54	33	1
54	34	4
54	35	3
54	36	2
54	37	4
54	38	3
54	39	6
54	40	3
54	41	5
54	42	5
54	43	2
54	44	1
54	45	5
54	46	5
54	47	13
54	48	2
54	49	7
54	50	4
54	51	6
54	52	2
54	53	3
55	0	2
55	1	2
55	2	6
55	3	3
55	4	1
55	5	2
55	8	1
55	9	1
55	10	5
55	11	1
55	12	5
55	13	2
55	14	3
55	15	2
55	18	2
55	19	2
55	20	1
55	21	2
55	22	1
55	24	2
55	25	1
55	27	1
55	28	3
55	29	6
55	30	4
55	31	2
55	32	3
55	33	2
55	34	2
55	35	2
55	36	3
55	37	3
55	38	6
55	39	4
55	40	3
55	41	6
55	42	3
55	43	6
55	44	3
55	45	7
55	46	7
55	47	8
55	48	4
55	49	8
55	50	1
55	51	4
55	52	1
55	53	4
55	54	16
56	3	3
56	4	2
56	5	1
56	6	1
56	8	2
56	10	2
56	11	1
56	13	2
56	15	3
56	17	1
56	18	1
56	19	2
56	20	1
56	22	1
56	23	2
56	26	2
56	27	3
56	28	1
56	29	2
56	30	2
56	31	2
56	32	1
56	35	2
56	37	1
56	38	2
56	39	2
56	40	3
56	41	3
56	42	1
56	43	9
56	44	2
56	45	1
56	46	12
56	47	10
56	48	5
56	49	8
56	50	3
56	51	4
56	52	2
56	53	2
56	54	6
56	55	1
57	0	3
57	2	2
57	4	1
57	8	4
57	9	1
57	10	1
57	12	1
57	13	4
57	14	2
57	15	2
57	16	1
57	17	1
57	19	4
57	22	3
57	23	3
57	24	5
57	25	1
57	27	1
57	28	4
57	29	2
57	30	2
57	31	1
57	34	1
57	35	4
57	36	3
57	37	2
57	38	1
57	39	1
57	40	4
57	41	6
57	42	6
57	43	1
57	44	1
57	45	3
57	46	7
57	47	5
57	48	4
57	49	1
57	50	4
57	51	3
57	52	3
57	53	2
57	54	2
57	55	4
57	56	13
58	1	2
58	3	3
58	8	2
58	10	2
58	12	2
58	13	1
58	14	4
58	15	2
58	17	2
58	18	2
58	19	1
58	20	1
58	23	1
58	25	1
58	26	2
58	27	6
58	28	3
58	29	1
58	31	2
58	32	2
58	33	1
58	34	1
58	35	1
58	36	1
58	37	1
58	38	3
58	40	3
58	41	3
58	42	7
58	43	1
58	45	1
58	46	4
58	47	4
58	48	3
58	49	5
58	50	1
58	51	3
58	52	2
58	53	5
58	54	4
58	55	1
58	56	5
58	57	9
59	1	2
59	2	3
59	3	1
59	4	1
59	5	1
59	7	3
59	8	1
59	9	2
59	10	4
59	11	2
59	12	1
59	13	2
59	14	1
59	15	2
59	18	4
59	19	1
59	20	1
59	21	3
59	22	1
59	24	1
59	26	6
59	27	1
59	28	2
59	29	1
59	30	2
59	31	7
59	32	1
59	33	4
59	34	3
59	35	1
59	36	4
59	37	2
59	38	5
59	39	1
59	40	5
59	41	8
59	42	10
59	43	6
59	44	5
59	45	7
59	46	6
59	47	6
59	48	2
59	49	2
59	50	2
59	51	2
59	52	3
59	53	7
59	55	3
59	56	5
59	57	3
59	58	12
60	0	2
60	1	2
60	2	3
60	3	1
60	4	1
60	5	3
60	6	1
60	7	4
60	8	5
60	9	2
60	10	3
60	11	1
60	12	2
60	13	2
60	14	2
60	15	3
60	16	5
60	17	4
60	18	3
60	19	3
60	20	3
60	21	2
60	22	2
60	24	3
60	26	1
60	27	3
60	28	8
60	29	1
60	30	4
60	31	2
60	32	1
60	33	2
60	34	3
60	36	3
60	37	4
60	38	6
60	39	3
60	40	1
60	41	2
60	42	3
60	43	6
60	44	3
60	45	3
60	46	1
60	47	1
60	48	5
60	49	7
60	50	10
60	51	9
60	52	12
60	53	8
60	54	3
60	55	5
60	56	4
60	57	4
60	58	4
60	59	3
