1	0	13
2	0	6
2	1	10
3	0	4
3	1	2
3	2	9
4	0	2
4	1	3
4	2	3
4	3	7
5	0	3
5	1	2
5	2	2
5	3	5
5	4	5
6	0	3
6	1	3
6	2	2
6	3	4
6	4	7
6	5	7
7	1	1
7	3	4
7	4	4
7	5	4
7	6	10
8	1	4
8	2	2
8	3	5
8	4	19
8	5	14
8	6	7
8	7	9
9	0	2
9	1	2
9	2	2
9	3	7
9	4	4
9	6	1
9	7	2
9	8	5
10	0	4
10	1	1
10	2	1
10	3	3
10	4	5
10	5	1
10	6	2
10	8	4
10	9	14
11	0	3
11	1	4
11	2	1
11	3	3
11	4	5
11	6	1
11	7	2
11	8	5
11	9	3
11	10	6
12	1	1
12	2	3
12	3	2
12	4	3
12	5	4
12	6	1
12	7	5
12	8	4
12	9	3
12	10	8
12	11	5
13	1	1
13	2	3
13	3	3
13	4	4
13	5	4
13	7	2
13	8	2
13	9	2
13	10	5
13	11	7
13	12	8
14	4	1
14	5	4
14	8	3
14	9	1
14	10	2
14	11	2
14	12	4
14	13	2
15	2	2
15	3	3
15	4	2
15	5	1
15	6	1
15	8	2
15	10	2
15	11	2
15	12	2
15	13	6
15	14	11
16	1	1
16	2	1
16	3	1
16	5	2
16	6	2
16	7	2
16	8	2
16	9	5
16	10	5
16	11	2
16	12	1
16	13	10
16	14	13
16	15	2
17	2	2
17	3	2
17	4	7
17	5	6
17	6	1
17	7	6
17	8	2
17	9	3
17	10	8
17	11	4
17	12	7
17	13	11
17	14	8
17	15	5
17	16	8
18	1	2
18	2	1
18	3	1
18	4	4
18	5	1
18	6	2
18	7	2
18	8	4
18	9	4
18	10	2
18	12	1
18	13	6
18	14	4
18	15	4
18	16	3
18	17	7
19	1	1
19	2	2
19	3	2
19	4	6
19	5	1
19	6	3
19	7	2
19	8	8
19	9	6
19	10	4
19	11	1
19	12	4
19	13	6
19	14	5
19	15	6
19	16	4
19	17	4
19	18	5
20	1	2
20	3	2
20	4	4
20	5	1
20	6	4
20	7	1
20	8	3
20	9	3
20	10	2
20	11	2
20	12	5
20	13	3
20	15	3
20	17	6
20	18	14
20	19	15
21	1	1
21	2	1
21	3	1
21	4	5
21	5	1
21	6	3
21	7	2
21	8	5
21	9	5
21	10	4
21	13	3
21	14	4
21	16	2
21	17	6
21	18	3
21	19	5
21	20	6
22	0	3
22	1	1
22	2	3
22	3	2
22	4	1
22	5	5
22	6	2
22	7	1
22	8	9
22	9	2
22	10	1
22	11	2
22	12	3
22	13	6
22	14	1
22	15	1
22	16	2
22	17	1
22	18	3
22	19	9
22	20	11
22	21	15
23	0	1
23	3	2
23	4	1
23	5	3
23	6	2
23	8	4
23	9	3
23	13	2
23	14	1
23	15	1
23	16	1
23	17	4
23	18	2
23	19	3
23	20	6
23	21	6
23	22	6
24	2	3
24	3	3
24	4	5
24	6	1
24	7	1
24	8	2
24	10	1
24	11	1
24	12	2
24	14	2
24	16	3
24	17	3
24	18	3
24	19	1
24	20	1
24	21	5
24	22	4
24	23	7
25	3	1
25	12	1
25	15	1
25	16	1
25	19	1
25	22	1
26	3	2
26	8	2
26	10	2
26	13	2
26	14	1
26	15	1
26	16	1
26	17	1
26	18	3
26	19	1
26	20	2
26	22	1
26	24	3
27	4	2
27	5	1
27	6	1
27	7	1
27	8	1
27	9	2
27	11	4
27	12	1
27	13	6
27	14	6
27	15	4
27	16	4
27	17	5
27	18	6
27	19	1
27	20	1
27	21	3
27	22	2
27	24	1
27	26	1
28	1	3
28	2	5
28	4	2
28	5	1
28	6	3
28	7	1
28	8	3
28	9	2
28	10	3
28	11	2
28	12	2
28	13	5
28	14	4
28	15	3
28	16	7
28	17	3
28	18	5
28	19	7
28	20	1
28	21	2
28	22	4
28	24	2
28	26	2
28	27	4
29	2	1
29	3	2
29	4	6
29	5	2
29	6	2
29	8	5
29	9	1
29	10	1
29	11	1
29	12	1
29	13	2
29	15	1
29	16	4
29	17	1
29	18	3
29	19	2
29	20	6
29	21	2
29	22	2
29	23	1
29	24	1
29	28	5
30	0	3
30	1	1
30	2	2
30	3	3
30	4	4
30	5	4
30	6	2
30	7	1
30	8	4
30	9	3
30	10	2
30	12	2
30	13	3
30	14	1
30	15	2
30	16	4
30	17	2
30	18	3
30	19	4
30	20	3
30	21	4
30	22	1
30	23	1
30	24	1
30	26	1
30	28	8
30	29	10
31	1	4
31	2	2
31	3	2
31	4	4
31	5	3
31	8	3
31	9	2
31	10	2
31	11	3
31	12	1
31	13	4
31	14	5
31	15	1
31	16	2
31	17	2
31	18	2
31	19	2
31	20	3
31	21	1
31	22	4
31	23	2
31	24	1
31	26	3
31	27	2
31	28	3
31	29	4
31	30	11
32	0	1
32	1	3
32	2	1
32	4	2
32	5	2
32	6	3
32	8	1
32	9	1
32	10	1
32	12	2
32	13	4
32	14	1
32	15	1
32	17	2
32	19	2
32	20	1
32	21	1
32	22	1
32	23	3
32	24	1
32	27	2
32	28	11
32	29	1
32	30	4
32	31	7
33	1	3
33	2	2
33	3	1
33	4	1
33	5	3
33	6	1
33	7	1
33	8	3
33	9	2
33	10	1
33	11	4
33	13	3
33	14	2
33	15	5
33	16	3
33	18	3
33	19	3
33	20	2
33	22	3
33	23	2
33	24	1
33	26	1
33	27	2
33	28	6
33	29	5
33	30	6
33	31	8
33	32	5
34	0	3
34	2	2
34	3	2
34	4	1
34	5	4
34	7	1
34	8	4
34	9	2
34	10	1
34	11	3
34	12	1
34	13	4
34	14	4
34	15	1
34	16	4
34	17	3
34	18	5
34	19	1
34	20	3
34	21	7
34	22	5
34	23	3
34	24	3
34	26	3
34	27	5
34	28	1
34	29	4
34	30	3
34	31	3
34	32	2
34	33	7
35	1	3
35	2	3
35	3	2
35	4	6
35	5	5
35	6	2
35	7	2
35	8	3
35	9	3
35	10	6
35	12	3
35	13	5
35	14	5
35	16	4
35	17	4
35	18	10
35	19	9
35	20	5
35	21	3
35	22	3
35	23	1
35	24	2
35	27	4
35	28	13
35	29	5
35	30	7
35	31	5
35	32	5
35	33	4
35	34	5
36	2	3
36	3	1
36	4	4
36	5	2
36	6	3
36	8	4
36	9	2
36	10	2
36	11	2
36	12	6
36	13	5
36	14	2
36	15	2
36	16	1
36	17	1
36	18	2
36	19	4
36	20	4
36	21	2
36	22	2
36	24	1
36	26	1
36	27	1
36	28	3
36	29	2
36	30	2
36	31	3
36	32	1
36	33	2
36	34	2
36	35	4
37	0	1
37	1	1
37	2	1
37	3	3
37	4	1
37	5	3
37	6	2
37	7	1
37	8	4
37	9	1
37	10	2
37	11	2
37	12	1
37	13	10
37	14	2
37	15	1
37	16	3
37	17	2
37	18	9
37	19	4
37	20	3
37	22	1
37	23	4
37	24	1
37	27	2
37	28	4
37	29	4
37	30	3
37	31	2
37	32	3
37	33	5
37	34	3
37	35	15
37	36	1
38	0	2
38	2	1
38	4	2
38	5	1
38	6	4
38	7	2
38	8	4
38	9	3
38	10	3
38	11	5
38	12	3
38	13	9
38	14	6
38	15	4
38	16	7
38	17	5
38	18	4
38	19	6
38	20	3
38	22	1
38	23	2
38	24	3
38	25	2
38	27	3
38	28	13
38	29	5
38	30	3
38	31	2
38	32	3
38	33	5
38	34	6
38	35	12
38	36	4
38	37	13
39	1	4
39	2	2
39	4	7
39	5	4
39	6	2
39	8	1
39	9	2
39	10	3
39	11	3
39	12	1
39	13	7
39	14	1
39	15	3
39	16	3
39	17	2
39	18	3
39	19	10
39	20	3
39	21	2
39	22	2
39	23	1
39	24	2
39	27	5
39	28	6
39	29	3
39	30	7
39	31	2
39	32	5
39	33	2
39	34	2
39	35	4
39	36	2
39	37	10
39	38	18
40	1	3
40	2	2
40	3	3
40	4	2
40	5	2
40	6	2
40	7	1
40	8	3
40	9	2
40	10	1
40	11	3
40	13	5
40	14	2
40	15	2
40	16	3
40	17	1
40	18	1
40	19	1
40	20	4
40	21	2
40	22	1
40	23	2
40	24	4
40	27	7
40	28	9
40	29	1
40	30	3
40	31	4
40	32	3
40	33	4
40	34	2
40	35	7
40	36	2
40	37	7
40	38	14
40	39	10
41	1	1
41	2	2
41	3	1
41	4	3
41	5	6
41	6	2
41	7	1
41	8	3
41	9	2
41	10	1
41	11	5
41	12	4
41	13	7
41	14	1
41	15	3
41	16	2
41	17	1
41	18	1
41	19	3
41	20	1
41	21	1
41	22	2
41	23	1
41	24	4
41	26	1
41	27	2
41	28	8
41	30	8
41	31	5
41	32	1
41	33	2
41	34	7
41	35	4
41	36	2
41	37	7
41	38	10
41	39	8
41	40	18
42	0	1
42	3	1
42	4	2
42	5	1
42	8	2
42	9	1
42	10	5
42	11	1
42	13	7
42	14	2
42	16	2
42	17	1
42	18	1
42	19	1
42	20	1
42	21	1
42	22	1
42	24	1
42	26	1
42	27	1
42	28	3
42	29	3
42	30	3
42	31	7
42	32	4
42	33	2
42	34	4
42	35	1
42	36	1
42	37	2
42	38	5
42	39	4
42	40	4
42	41	13
43	1	1
43	2	2
43	3	3
43	4	3
43	5	1
43	7	1
43	8	1
43	9	2
43	10	2
43	11	3
43	12	1
43	13	3
43	14	1
43	15	1
43	16	1
43	17	1
43	18	6
43	19	3
43	20	1
43	22	2
43	24	3
43	27	4
43	28	5
43	30	4
43	31	2
43	32	1
43	33	4
43	34	2
43	35	2
43	36	1
43	37	3
43	38	1
43	39	1
43	40	6
43	41	9
43	42	3
44	1	1
44	2	2
44	3	1
44	4	3
44	6	1
44	7	2
44	8	6
44	9	1
44	10	1
44	11	2
44	12	2
44	13	3
44	14	1
44	16	1
44	18	1
44	19	1
44	20	2
44	21	1
44	26	3
44	27	2
44	28	3
44	29	2
44	30	4
44	31	4
44	32	1
44	33	4
44	34	2
44	35	3
44	36	2
44	37	2
44	38	3
44	39	4
44	40	2
44	41	3
44	42	5
44	43	12
45	2	3
45	3	2
45	4	2
45	7	1
45	8	1
45	9	2
45	13	3
45	14	1
45	18	2
45	20	2
45	23	1
45	24	1
45	26	1
45	27	1
45	28	1
45	30	6
45	31	2
45	32	3
45	33	4
45	35	1
45	36	5
45	37	2
45	38	3
45	39	1
45	40	5
45	41	4
45	42	3
45	43	10
45	44	8
46	0	2
46	2	5
46	3	2
46	7	3
46	8	2
46	9	1
46	10	1
46	11	1
46	12	1
46	13	3
46	14	1
46	15	1
46	18	2
46	19	4
46	21	1
46	22	3
46	26	2
46	27	2
46	30	2
46	31	2
46	32	2
46	33	2
46	34	2
46	35	2
46	36	1
46	37	1
46	38	5
46	39	3
46	40	1
46	41	3
46	42	11
46	43	4
46	44	6
46	45	7
47	1	2
47	2	1
47	3	2
47	4	3
47	5	1
47	6	2
47	9	2
47	10	2
47	11	2
47	12	2
47	13	2
47	14	2
47	15	3
47	16	3
47	17	2
47	18	3
47	19	2
47	20	1
47	23	1
47	27	1
47	28	12
47	29	3
47	30	2
47	31	5
47	32	2
47	33	1
47	34	1
47	35	4
47	36	1
47	37	7
47	38	5
47	39	2
47	40	3
47	41	3
47	42	3
47	43	3
47	44	4
47	46	7
48	0	2
48	1	1
48	2	2
48	3	1
48	4	3
48	7	1
48	8	1
48	10	3
48	11	1
48	12	1
48	13	2
48	14	5
48	15	1
48	24	2
48	28	1
48	30	4
48	31	1
48	35	1
48	36	2
48	37	1
48	38	2
48	39	1
48	40	1
48	41	1
48	42	1
48	43	3
48	44	2
48	45	2
48	46	2
48	47	9
49	0	1
49	1	4
49	2	2
49	3	1
49	4	2
49	5	1
49	8	4
49	10	2
49	12	3
49	13	1
49	14	1
49	15	3
49	16	1
49	18	2
49	19	4
49	20	2
49	21	1
49	23	1
49	24	1
49	25	1
49	27	3
49	28	2
49	30	1
49	31	3
49	32	2
49	34	1
49	35	3
49	36	1
49	37	2
49	38	3
49	39	5
49	40	3
49	41	3
49	42	1
49	43	3
49	44	3
49	45	1
49	46	1
49	47	10
49	48	5
50	3	1
50	4	2
50	5	1
50	9	2
50	10	2
50	12	2
50	14	2
50	15	3
50	18	2
50	19	1
50	25	1
50	26	1
50	27	1
50	28	2
50	29	1
50	30	1
50	31	4
50	32	2
50	35	6
50	37	4
50	38	2
50	40	1
50	41	4
50	43	1
50	44	2
50	45	2
50	46	2
50	47	5
50	48	1
50	49	7
51	4	1
51	10	1
51	12	1
51	13	2
51	14	2
51	15	1
51	16	1
51	17	3
51	18	1
51	19	1
51	20	1
51	24	1
51	26	2
51	27	2
51	28	1
51	29	1
51	30	2
51	31	1
51	32	1
51	33	1
51	34	1
51	35	3
51	36	2
51	38	5
51	39	1
51	40	3
51	41	2
51	42	3
51	43	2
51	44	1
51	47	1
51	49	2
51	50	4
52	4	2
52	6	1
52	7	1
52	8	1
52	9	1
52	10	1
52	11	1
52	12	6
52	13	1
52	14	2
52	16	3
52	18	1
52	20	1
52	21	1
52	25	1
52	26	2
52	28	2
52	30	1
52	31	3
52	32	1
52	33	4
52	34	1
52	35	3
52	36	4
52	37	2
52	38	4
52	39	1
52	40	5
52	41	6
52	42	3
52	43	3
52	45	3
52	47	6
52	48	1
52	49	6
52	50	6
52	51	17
53	1	1
53	2	1
53	3	3
53	4	5
53	5	1
53	7	2
53	8	4
53	9	3
53	10	1
53	11	2
53	12	2
53	13	4
53	15	1
53	17	2
53	18	2
53	19	3
53	20	3
53	24	2
53	26	2
53	27	3
53	28	9
53	29	3
53	30	2
53	31	1
53	33	2
53	34	2
53	35	3
53	36	4
53	37	4
53	38	2
53	39	3
53	40	5
53	41	3
53	42	1
53	43	3
53	44	2
53	45	2
53	47	7
53	48	3
53	49	8
53	50	5
53	51	5
53	52	5
54	1	2
54	2	3
54	3	1
54	5	1
54	9	3
54	10	4
54	12	2
54	13	1
54	14	1
54	15	2
54	16	2
54	17	1
54	18	4
54	19	1
54	20	3
54	28	2
54	29	4
54	30	5
54	32	4
54	33	1
54	34	3
54	35	4
54	36	6
54	37	1
54	38	4
54	39	5
54	40	5
54	41	3
54	42	4
54	43	9
54	44	3
54	45	6
54	46	5
54	47	8
54	48	6
54	49	8
54	50	5
54	51	1
54	52	2
54	53	5
55	1	1
55	2	4
55	4	1
55	5	1
55	8	4
55	10	5
55	12	2
55	13	2
55	14	2
55	15	3
55	16	1
55	17	1
55	18	1
55	19	2
55	20	4
55	21	1
55	22	2
55	24	1
55	27	2
55	28	5
55	29	3
55	30	3
55	31	2
55	32	2
55	33	3
55	35	2
55	36	1
55	37	3
55	38	7
55	39	3
55	40	3
55	41	3
55	43	6
55	44	2
55	45	7
55	46	6
55	47	12
55	48	4
55	49	4
55	50	4
55	51	1
55	52	5
55	53	6
55	54	9
56	3	1
56	4	1
56	5	1
56	6	1
56	8	1
56	9	1
56	10	1
56	11	2
56	12	1
56	13	1
56	15	2
56	17	3
56	18	1
56	19	4
56	23	2
56	26	1
56	27	1
56	28	1
56	29	1
56	31	4
56	32	3
56	33	2
56	34	2
56	35	2
56	36	3
56	37	1
56	38	2
56	39	3
56	40	2
56	41	3
56	42	3
56	43	2
56	44	6
56	45	3
56	46	5
56	47	9
56	48	4
56	49	5
56	50	1
56	51	4
56	52	1
56	53	5
56	54	5
56	55	3
57	0	1
57	2	3
57	3	2
57	4	4
57	9	2
57	10	2
57	11	1
57	12	3
57	13	1
57	15	1
57	17	2
57	18	2
57	22	2
57	23	1
57	25	1
57	27	1
57	28	2
57	29	2
57	30	1
57	31	3
57	33	1
57	34	2
57	35	3
57	36	1
57	37	1
57	38	1
57	39	1
57	40	2
57	41	3
57	42	2
57	43	4
57	44	5
57	45	3
57	46	6
57	47	4
57	48	7
57	49	5
57	50	1
57	51	8
57	53	3
57	54	2
57	55	1
57	56	14
58	0	1
58	9	2
58	10	1
58	12	2
58	13	3
58	14	1
58	15	3
58	17	2
58	18	2
58	24	1
58	26	1
58	27	5
58	28	2
58	29	1
58	30	3
58	31	1
58	32	3
58	33	4
58	34	2
58	35	1
58	36	1
58	37	2
58	38	3
58	39	2
58	40	3
58	41	4
58	42	3
58	43	4
58	44	3
58	45	3
58	46	2
58	47	2
58	48	1
58	49	3
58	50	3
58	51	3
58	52	5
58	53	2
58	54	2
58	55	3
58	56	2
58	57	8
59	1	2
59	2	1
59	3	1
59	4	4
59	8	2
59	9	3
59	10	6
59	11	1
59	12	2
59	13	3
59	14	3
59	16	3
59	20	1
59	21	6
59	22	1
59	24	2
59	26	2
59	27	2
59	28	2
59	29	5
59	30	5
59	31	2
59	32	2
59	33	1
59	34	1
59	36	3
59	37	1
59	38	7
59	39	1
59	40	2
59	41	4
59	42	10
59	43	7
59	44	4
59	45	1
59	46	5
59	47	2
59	48	5
59	49	4
59	50	3
59	51	2
59	52	1
59	53	1
59	54	3
59	55	5
59	56	7
59	57	4
59	58	9
60	1	2
60	3	6
60	6	2
60	7	1
60	9	3
60	10	4
60	11	3
60	12	6
60	13	6
60	14	5
60	15	1
60	16	2
60	17	2
60	18	3
60	19	4
60	20	1
60	22	2
60	24	1
60	26	3
60	27	2
60	28	4
60	29	1
60	30	2
60	31	1
60	32	2
60	33	5
60	34	1
60	35	5
60	36	3
60	37	1
60	38	4
60	39	9
60	40	5
60	41	3
60	42	3
60	43	3
60	44	2
60	45	1
60	46	1
60	47	5
60	48	4
60	49	6
60	50	6
60	51	18
60	52	7
60	53	16
60	54	3
60	55	1
60	56	5
60	57	5
60	58	5
60	59	2
