1	0	7
2	0	7
2	1	8
3	1	4
3	2	8
4	0	3
4	1	3
4	2	6
4	3	8
5	0	2
5	1	2
5	2	2
5	3	11
5	4	10
6	0	1
6	2	1
6	3	3
6	4	4
6	5	6
7	1	3
7	2	2
7	3	1
7	4	1
7	5	4
7	6	5
8	0	3
8	1	1
8	2	3
8	3	3
8	4	10
8	5	10
8	6	7
8	7	9
9	0	1
9	1	1
9	2	1
9	3	3
9	4	11
9	5	3
9	6	6
9	7	8
9	8	8
10	0	2
10	1	2
10	2	6
10	3	6
10	4	9
10	5	2
10	6	3
10	7	4
10	8	7
10	9	9
11	1	1
11	2	1
11	3	1
11	4	4
11	5	1
11	6	1
11	7	4
11	8	4
11	9	6
11	10	8
12	1	3
12	2	3
12	3	2
12	4	6
12	5	5
12	6	1
12	7	3
12	8	3
12	9	5
12	10	9
12	11	15
13	1	1
13	2	1
13	3	1
13	4	4
13	6	2
13	7	2
13	8	5
13	9	4
13	10	6
13	11	7
13	12	7
14	2	3
14	3	1
14	4	5
14	5	4
14	6	1
14	7	2
14	8	3
14	9	3
14	10	4
14	11	2
14	12	2
14	13	9
15	2	2
15	3	2
15	4	2
15	5	1
15	6	3
15	8	5
15	10	3
15	11	5
15	12	1
15	13	5
15	14	9
16	1	1
16	2	2
16	3	2
16	4	3
16	5	1
16	6	1
16	7	1
16	8	2
16	9	1
16	10	3
16	11	2
16	12	1
16	13	14
16	14	5
16	15	6
17	1	1
17	2	1
17	3	5
17	4	7
17	5	2
17	6	1
17	7	1
17	8	4
17	9	2
17	10	5
17	11	2
17	12	2
17	13	4
17	14	8
17	15	3
17	16	3
18	1	2
18	2	1
18	3	5
18	4	2
18	5	4
18	6	2
18	7	2
18	8	4
18	9	3
18	10	3
18	11	5
18	12	2
18	13	4
18	14	3
18	15	3
18	16	2
18	17	4
19	0	1
19	1	3
19	2	2
19	3	1
19	4	6
19	5	3
19	6	2
19	7	4
19	8	6
19	9	8
19	10	6
19	11	1
19	12	7
19	13	5
19	14	6
19	15	4
19	16	2
19	17	7
19	18	9
20	3	2
20	4	6
20	5	3
20	6	3
20	7	3
20	8	8
20	9	5
20	10	3
20	11	1
20	12	2
20	13	4
20	14	3
20	15	3
20	16	1
20	17	5
20	18	5
20	19	5
21	0	1
21	1	3
21	2	2
21	3	3
21	4	5
21	5	3
21	6	8
21	7	1
21	8	4
21	9	3
21	10	3
21	11	1
21	12	1
21	13	3
21	14	2
21	15	3
21	16	1
21	17	4
21	18	3
21	19	4
21	20	9
22	1	1
22	3	4
22	4	1
22	5	3
22	6	1
22	7	3
22	8	3
22	9	5
22	11	2
22	12	4
22	13	3
22	14	5
22	15	2
22	16	1
22	17	3
22	18	4
22	19	5
22	20	13
22	21	10
23	1	1
23	2	1
23	3	1
23	4	2
23	5	4
23	6	3
23	7	3
23	8	1
23	9	2
23	10	2
23	11	1
23	12	3
23	13	1
23	14	1
23	15	1
23	16	3
23	19	1
23	20	5
23	21	8
23	22	9
24	3	3
24	4	2
24	5	5
24	6	4
24	7	4
24	8	1
24	9	1
24	10	4
24	14	2
24	17	1
24	18	1
24	19	2
24	20	3
24	21	7
24	22	1
24	23	11
25	0	2
25	5	1
25	8	1
25	9	1
25	11	1
25	12	1
25	22	1
26	1	1
26	2	1
26	3	3
26	10	1
26	13	1
26	14	2
26	15	2
26	16	2
26	17	1
26	18	2
26	19	3
26	20	1
26	22	1
26	24	1
27	3	3
27	4	1
27	5	2
27	6	2
27	7	2
27	8	4
27	10	2
27	11	4
27	12	3
27	13	4
27	14	2
27	15	3
27	16	2
27	17	6
27	18	1
27	19	1
27	20	3
27	21	2
27	22	2
27	23	3
27	24	3
27	26	1
28	1	2
28	2	1
28	4	4
28	5	3
28	6	1
28	8	4
28	9	1
28	10	3
28	11	1
28	12	2
28	13	7
28	14	6
28	15	5
28	16	4
28	17	2
28	18	9
28	19	2
28	20	5
28	21	2
28	22	4
28	23	2
28	24	2
28	26	2
28	27	8
29	1	3
29	2	1
29	3	4
29	5	3
29	8	5
29	9	3
29	10	4
29	12	1
29	13	4
29	14	2
29	15	2
29	16	4
29	17	3
29	18	3
29	19	2
29	23	2
29	24	1
29	27	2
29	28	2
30	0	4
30	1	1
30	2	2
30	3	2
30	4	1
30	5	6
30	7	3
30	8	2
30	9	2
30	10	2
30	11	1
30	12	1
30	13	2
30	14	1
30	15	3
30	16	2
30	17	5
30	18	2
30	19	1
30	20	4
30	21	3
30	22	2
30	23	4
30	24	2
30	26	1
30	27	3
30	28	3
30	29	7
31	1	1
31	3	3
31	5	2
31	8	2
31	9	2
31	10	1
31	11	3
31	12	1
31	13	2
31	14	1
31	16	1
31	17	1
31	19	3
31	20	1
31	21	2
31	22	1
31	23	1
31	26	1
31	27	5
31	28	4
31	29	4
31	30	8
32	1	3
32	2	3
32	4	1
32	5	2
32	6	2
32	8	1
32	9	1
32	10	1
32	12	1
32	13	1
32	14	2
32	15	2
32	16	2
32	17	1
32	18	2
32	19	1
32	20	2
32	21	7
32	22	1
32	23	3
32	24	3
32	26	2
32	27	1
32	28	9
32	29	2
32	30	4
32	31	3
33	3	3
33	4	1
33	5	3
33	6	1
33	7	1
33	8	2
33	9	2
33	10	4
33	11	1
33	15	1
33	16	1
33	18	2
33	19	2
33	20	5
33	21	4
33	22	4
33	23	4
33	24	5
33	26	2
33	27	1
33	28	4
33	29	3
33	30	4
33	31	3
33	32	10
34	0	1
34	1	4
34	2	1
34	3	2
34	4	9
34	5	4
34	9	2
34	10	1
34	12	2
34	13	1
34	14	1
34	16	1
34	17	2
34	18	8
34	19	3
34	20	4
34	21	4
34	22	2
34	23	2
34	24	4
34	26	1
34	27	5
34	28	6
34	29	4
34	30	2
34	31	2
34	32	5
34	33	3
35	1	1
35	2	1
35	3	7
35	4	2
35	5	7
35	6	3
35	7	3
35	8	7
35	9	2
35	10	2
35	11	4
35	12	3
35	13	4
35	14	6
35	15	2
35	16	9
35	17	3
35	18	8
35	19	7
35	20	5
35	21	6
35	23	4
35	24	3
35	26	2
35	27	3
35	28	13
35	29	2
35	30	3
35	31	3
35	32	3
35	33	5
35	34	10
36	1	3
36	2	1
36	3	3
36	4	2
36	5	3
36	7	2
36	9	3
36	10	3
36	11	3
36	12	3
36	13	5
36	14	2
36	15	2
36	16	2
36	17	3
36	18	3
36	19	6
36	20	2
36	21	2
36	22	1
36	24	3
36	25	1
36	27	5
36	28	2
36	29	4
36	30	2
36	31	1
36	32	4
36	33	1
36	34	2
36	35	3
37	0	1
37	1	1
37	3	2
37	5	3
37	6	1
37	7	2
37	8	2
37	10	9
37	11	2
37	12	4
37	13	6
37	14	1
37	15	8
37	16	7
37	17	4
37	18	7
37	19	3
37	20	4
37	21	2
37	22	2
37	23	1
37	26	3
37	27	2
37	28	7
37	29	4
37	30	2
37	31	8
37	33	2
37	34	8
37	35	12
37	36	2
38	0	1
38	1	1
38	2	1
38	3	1
38	4	2
38	5	2
38	6	2
38	8	2
38	9	2
38	10	2
38	11	4
38	12	6
38	13	5
38	14	4
38	15	1
38	16	5
38	17	6
38	18	3
38	19	2
38	20	3
38	21	3
38	22	3
38	24	1
38	26	2
38	27	3
38	28	6
38	29	3
38	30	5
38	31	7
38	32	8
38	33	4
38	34	3
38	35	12
38	36	4
38	37	7
39	1	2
39	2	4
39	3	2
39	5	3
39	6	1
39	7	2
39	9	3
39	10	2
39	11	5
39	12	5
39	13	11
39	14	3
39	15	5
39	16	5
39	17	5
39	18	8
39	19	4
39	20	2
39	21	2
39	22	1
39	24	2
39	27	5
39	28	6
39	29	1
39	30	1
39	31	4
39	32	6
39	33	1
39	34	4
39	35	9
39	36	2
39	37	12
39	38	10
40	1	1
40	2	4
40	3	4
40	4	1
40	5	4
40	8	2
40	9	2
40	10	3
40	11	3
40	12	4
40	13	1
40	14	2
40	15	1
40	16	1
40	17	3
40	18	5
40	19	1
40	20	3
40	22	2
40	23	2
40	25	1
40	26	1
40	28	11
40	29	5
40	30	2
40	31	4
40	32	4
40	33	3
40	34	2
40	35	6
40	36	2
40	37	9
40	38	16
40	39	7
41	1	2
41	3	1
41	4	1
41	6	6
41	8	4
41	9	3
41	10	3
41	11	2
41	12	1
41	13	2
41	14	3
41	15	4
41	16	2
41	17	3
41	18	1
41	19	3
41	20	2
41	21	1
41	22	2
41	24	3
41	26	1
41	27	3
41	28	7
41	29	4
41	30	4
41	31	1
41	32	5
41	33	3
41	34	3
41	35	6
41	36	7
41	37	4
41	38	9
41	39	2
41	40	17
42	4	1
42	6	3
42	7	3
42	9	1
42	11	1
42	12	2
42	14	1
42	15	1
42	16	3
42	17	2
42	18	3
42	19	1
42	20	3
42	21	2
42	22	1
42	23	1
42	24	1
42	26	1
42	27	3
42	28	3
42	29	1
42	30	2
42	31	5
42	32	3
42	33	7
42	34	2
42	35	3
42	36	2
42	37	2
42	38	2
42	39	5
42	40	2
42	41	6
43	0	2
43	1	1
43	2	4
43	3	3
43	4	1
43	5	1
43	7	1
43	8	1
43	9	4
43	10	1
43	11	1
43	14	2
43	15	4
43	17	2
43	18	5
43	19	3
43	20	2
43	21	2
43	22	1
43	23	2
43	24	1
43	26	1
43	27	2
43	28	5
43	29	3
43	30	3
43	31	2
43	32	3
43	33	5
43	34	3
43	35	1
43	36	2
43	37	4
43	38	6
43	39	2
43	40	2
43	41	8
43	42	9
44	0	2
44	1	2
44	2	4
44	3	2
44	4	3
44	5	2
44	7	1
44	8	1
44	9	3
44	10	1
44	12	1
44	16	2
44	20	1
44	26	1
44	27	4
44	28	2
44	30	5
44	31	6
44	33	2
44	34	1
44	36	3
44	38	1
44	40	2
44	41	3
44	42	1
44	43	7
45	1	1
45	2	1
45	3	1
45	4	3
45	5	2
45	6	1
45	7	1
45	8	3
45	9	2
45	10	1
45	13	4
45	17	3
45	18	2
45	20	2
45	27	2
45	28	6
45	29	3
45	30	1
45	31	4
45	32	1
45	33	2
45	34	3
45	35	2
45	36	1
45	37	1
45	38	2
45	39	2
45	40	5
45	41	5
45	42	2
45	43	8
45	44	7
46	1	1
46	2	2
46	3	2
46	4	2
46	5	1
46	8	2
46	9	1
46	10	2
46	12	1
46	13	1
46	14	1
46	15	4
46	18	2
46	19	1
46	21	1
46	22	3
46	26	1
46	27	1
46	28	3
46	29	3
46	30	4
46	31	3
46	32	3
46	33	2
46	34	1
46	35	2
46	36	1
46	37	2
46	38	4
46	39	1
46	40	2
46	41	3
46	42	1
46	43	8
46	44	10
46	45	9
47	1	2
47	3	1
47	4	3
47	5	1
47	8	5
47	9	2
47	10	2
47	11	2
47	12	1
47	13	2
47	14	3
47	15	2
47	16	1
47	17	1
47	18	2
47	20	2
47	27	2
47	28	4
47	29	4
47	30	3
47	32	2
47	34	1
47	35	3
47	36	2
47	38	3
47	39	3
47	40	3
47	41	2
47	42	5
47	43	5
47	44	6
47	45	3
47	46	6
48	2	1
48	3	2
48	4	2
48	8	1
48	10	1
48	11	1
48	14	3
48	22	1
48	28	2
48	31	1
48	36	2
48	37	1
48	38	1
48	39	1
48	40	3
48	41	2
48	44	2
48	45	3
48	46	3
48	47	14
49	0	3
49	1	2
49	2	3
49	3	1
49	4	2
49	5	2
49	6	1
49	7	3
49	8	3
49	9	1
49	10	3
49	11	1
49	12	5
49	13	3
49	14	2
49	15	1
49	16	5
49	17	3
49	18	1
49	19	1
49	20	4
49	21	4
49	24	2
49	25	1
49	27	1
49	28	5
49	29	1
49	30	2
49	31	2
49	32	2
49	34	1
49	35	4
49	37	3
49	38	5
49	40	7
49	41	5
49	42	3
49	43	2
49	44	2
49	45	2
49	46	3
49	47	6
49	48	6
50	3	1
50	4	1
50	5	1
50	8	1
50	9	1
50	10	2
50	12	4
50	13	2
50	15	3
50	18	1
50	22	1
50	23	1
50	25	1
50	29	3
50	30	3
50	31	1
50	32	1
50	35	4
50	37	1
50	38	2
50	39	2
50	40	2
50	41	1
50	43	3
50	45	1
50	46	2
50	49	7
51	1	1
51	4	1
51	5	1
51	8	1
51	12	1
51	13	1
51	14	2
51	15	4
51	16	2
51	17	1
51	18	1
51	19	1
51	20	1
51	23	2
51	24	1
51	26	5
51	27	2
51	28	2
51	30	1
51	32	1
51	33	2
51	34	1
51	35	1
51	36	1
51	37	5
51	38	10
51	39	7
51	40	5
51	41	4
51	42	9
51	43	3
51	44	1
51	45	4
51	46	2
51	47	3
51	48	3
51	49	10
51	50	3
52	0	1
52	4	2
52	6	1
52	7	2
52	8	1
52	9	1
52	11	2
52	12	2
52	13	3
52	14	1
52	15	5
52	16	1
52	17	2
52	18	3
52	20	1
52	21	2
52	23	1
52	24	2
52	26	1
52	27	1
52	28	7
52	29	1
52	30	3
52	31	1
52	32	2
52	33	4
52	34	1
52	35	2
52	36	3
52	38	3
52	39	6
52	40	2
52	41	3
52	43	2
52	45	2
52	46	2
52	47	3
52	48	1
52	49	7
52	50	8
52	51	19
53	1	2
53	2	4
53	3	3
53	4	2
53	8	3
53	11	1
53	12	2
53	13	3
53	14	1
53	15	3
53	17	1
53	18	5
53	20	2
53	24	2
53	27	5
53	28	4
53	29	1
53	30	4
53	31	1
53	33	3
53	34	3
53	35	1
53	36	1
53	37	2
53	38	6
53	39	1
53	40	2
53	41	3
53	42	2
53	43	4
53	44	4
53	45	4
53	46	2
53	47	2
53	48	3
53	49	11
53	50	7
53	51	9
53	52	9
54	2	1
54	3	3
54	4	2
54	5	1
54	8	1
54	10	2
54	11	3
54	12	1
54	14	2
54	16	2
54	18	3
54	20	1
54	23	1
54	27	2
54	28	1
54	29	1
54	30	2
54	33	1
54	34	3
54	35	4
54	36	3
54	37	3
54	38	3
54	39	4
54	40	4
54	41	5
54	43	5
54	44	8
54	45	4
54	46	6
54	47	10
54	48	6
54	49	7
54	50	2
54	51	3
54	52	2
54	53	4
55	0	2
55	1	1
55	2	3
55	3	3
55	4	3
55	5	4
55	8	2
55	9	2
55	10	2
55	11	3
55	12	3
55	13	1
55	14	1
55	15	1
55	16	2
55	18	3
55	19	4
55	20	1
55	21	2
55	22	2
55	24	1
55	27	1
55	29	3
55	30	2
55	31	4
55	32	3
55	33	2
55	34	2
55	35	1
55	36	3
55	37	1
55	38	8
55	39	6
55	40	3
55	41	4
55	42	1
55	43	6
55	44	2
55	45	2
55	46	5
55	47	2
55	49	2
55	50	2
55	51	3
55	52	1
55	53	4
55	54	14
56	4	1
56	5	1
56	6	2
56	9	4
56	10	4
56	11	5
56	15	1
56	18	2
56	19	3
56	20	1
56	23	3
56	26	1
56	27	1
56	28	1
56	29	2
56	30	3
56	31	1
56	32	1
56	33	1
56	34	4
56	35	4
56	36	3
56	37	1
56	38	4
56	39	1
56	40	1
56	41	5
56	42	2
56	43	5
56	44	2
56	45	6
56	46	10
56	47	5
56	48	6
56	49	10
56	50	3
56	51	4
56	52	4
56	53	5
56	54	4
56	55	2
57	0	2
57	2	3
57	3	1
57	4	1
57	6	2
57	8	3
57	9	1
57	10	2
57	12	3
57	15	2
57	16	2
57	17	1
57	19	2
57	22	2
57	23	3
57	24	4
57	28	1
57	29	2
57	30	3
57	31	1
57	32	3
57	33	1
57	34	1
57	35	1
57	37	2
57	38	2
57	39	2
57	41	7
57	42	7
57	43	4
57	45	2
57	46	4
57	47	2
57	48	5
57	49	6
57	50	4
57	51	8
57	52	1
57	53	6
57	54	2
57	55	4
57	56	9
58	0	3
58	1	6
58	3	1
58	4	1
58	8	1
58	9	3
58	13	1
58	14	3
58	15	2
58	18	1
58	23	4
58	24	1
58	27	3
58	28	4
58	30	2
58	31	3
58	32	3
58	33	1
58	35	2
58	36	2
58	37	2
58	39	3
58	40	2
58	41	7
58	42	3
58	43	3
58	44	2
58	45	3
58	46	6
58	47	4
58	48	1
58	49	5
58	50	2
58	51	3
58	52	3
58	53	3
58	54	2
58	55	1
58	56	2
58	57	8
59	1	5
59	2	1
59	3	1
59	4	2
59	5	1
59	8	1
59	9	2
59	10	3
59	11	1
59	13	1
59	14	3
59	15	3
59	16	1
59	18	1
59	19	1
59	20	1
59	22	1
59	26	1
59	27	2
59	28	7
59	29	3
59	30	3
59	31	9
59	32	1
59	33	3
59	34	3
59	35	2
59	36	2
59	37	1
59	38	1
59	39	2
59	40	4
59	41	3
59	42	9
59	43	6
59	44	7
59	45	8
59	46	6
59	47	4
59	48	4
59	49	6
59	50	3
59	51	3
59	52	5
59	53	5
59	54	4
59	55	2
59	56	1
59	57	5
59	58	6
60	1	1
60	3	5
60	4	3
60	5	2
60	6	1
60	7	2
60	8	4
60	10	1
60	11	2
60	12	2
60	13	4
60	14	1
60	15	2
60	16	3
60	17	2
60	18	2
60	19	4
60	20	1
60	21	2
60	22	3
60	24	1
60	26	1
60	27	6
60	28	4
60	29	4
60	30	1
60	31	3
60	32	6
60	33	1
60	34	1
60	35	6
60	36	3
60	37	3
60	38	12
60	39	4
60	40	1
60	41	8
60	42	2
60	43	8
60	44	3
60	45	1
60	46	2
60	47	2
60	48	5
60	49	13
60	50	3
60	51	7
60	52	10
60	53	18
60	54	2
60	55	4
60	56	5
60	57	5
60	58	2
60	59	1
