1	0	8
2	0	4
2	1	6
3	0	2
3	1	6
3	2	7
4	0	1
4	1	5
4	2	3
4	3	11
5	0	3
5	1	2
5	2	5
5	3	5
5	4	5
6	1	4
6	2	4
6	3	2
6	4	4
6	5	6
7	1	2
7	2	4
7	3	1
7	4	2
7	5	3
7	6	5
8	1	4
8	2	1
8	3	5
8	4	16
8	5	8
8	6	8
8	7	6
9	0	3
9	1	2
9	2	1
9	3	6
9	4	8
9	5	4
9	6	1
9	7	4
9	8	4
10	0	4
10	1	1
10	2	6
10	3	5
10	4	5
10	5	4
10	6	1
10	7	3
10	8	5
10	9	5
11	0	2
11	1	4
11	2	1
11	3	3
11	4	3
11	5	5
11	6	2
11	8	1
11	9	5
11	10	11
12	1	1
12	2	1
12	3	2
12	4	5
12	5	1
12	6	2
12	8	5
12	9	3
12	10	13
12	11	9
13	0	1
13	1	1
13	2	2
13	3	1
13	4	1
13	6	1
13	7	2
13	8	1
13	9	4
13	10	7
13	11	2
13	12	3
14	1	1
14	2	3
14	3	2
14	4	3
14	5	1
14	6	1
14	7	6
14	9	3
14	10	2
14	11	1
14	12	1
14	13	2
15	2	3
15	3	2
15	4	2
15	6	1
15	7	2
15	8	1
15	9	2
15	10	2
15	11	7
15	12	1
15	13	3
15	14	12
16	1	1
16	2	2
16	4	4
16	5	5
16	6	1
16	7	1
16	8	1
16	9	2
16	10	5
16	11	1
16	12	2
16	13	6
16	14	5
16	15	4
17	1	1
17	3	2
17	4	2
17	5	2
17	6	2
17	7	3
17	8	6
17	9	2
17	10	6
17	11	1
17	12	8
17	13	4
17	14	5
17	15	5
17	16	9
18	0	1
18	1	2
18	4	4
18	5	5
18	6	1
18	7	3
18	8	5
18	10	6
18	11	1
18	12	4
18	13	8
18	14	2
18	15	4
18	16	2
18	17	4
19	0	1
19	1	1
19	3	1
19	4	3
19	5	2
19	6	5
19	7	2
19	8	8
19	9	7
19	10	2
19	11	2
19	12	6
19	13	7
19	14	4
19	15	2
19	16	7
19	17	7
19	18	9
20	1	1
20	2	2
20	4	2
20	5	3
20	6	3
20	7	2
20	8	8
20	9	5
20	10	3
20	11	3
20	12	2
20	13	3
20	15	4
20	16	3
20	17	3
20	18	11
20	19	10
21	0	1
21	1	2
21	4	5
21	6	7
21	7	3
21	8	3
21	9	4
21	10	3
21	11	2
21	12	1
21	13	4
21	14	2
21	15	1
21	16	3
21	17	5
21	18	11
21	19	5
21	20	13
22	1	1
22	3	4
22	4	1
22	5	2
22	6	4
22	7	4
22	8	5
22	9	1
22	10	6
22	11	4
22	12	5
22	13	3
22	14	2
22	15	1
22	16	3
22	17	1
22	18	3
22	19	3
22	20	8
22	21	14
23	1	1
23	5	1
23	7	3
23	8	4
23	9	2
23	10	2
23	11	2
23	12	2
23	13	5
23	14	2
23	15	1
23	16	2
23	17	2
23	19	4
23	20	2
23	22	10
24	1	2
24	2	2
24	3	2
24	4	1
24	5	4
24	6	2
24	7	4
24	8	2
24	9	3
24	10	3
24	12	1
24	13	5
24	14	1
24	15	3
24	16	2
24	17	2
24	18	4
24	19	3
24	20	3
24	21	4
24	22	3
24	23	8
25	3	1
25	5	1
25	8	2
25	12	1
25	16	2
26	1	2
26	10	3
26	13	1
26	15	2
26	16	2
26	17	2
26	18	1
26	19	2
26	20	3
26	22	2
27	3	2
27	4	2
27	7	1
27	8	2
27	10	5
27	11	1
27	12	1
27	13	3
27	14	2
27	15	3
27	16	2
27	17	5
27	18	3
27	19	1
27	20	1
27	21	4
27	22	1
27	23	1
27	24	7
27	26	3
28	1	2
28	2	1
28	3	1
28	4	2
28	5	3
28	6	1
28	7	6
28	8	2
28	9	3
28	10	4
28	11	1
28	12	3
28	13	6
28	14	4
28	15	4
28	16	3
28	17	8
28	18	6
28	19	4
28	20	5
28	21	3
28	22	1
28	23	1
28	24	1
28	26	3
28	27	6
29	1	2
29	2	3
29	3	2
29	4	2
29	5	3
29	8	2
29	9	2
29	10	2
29	11	1
29	12	2
29	13	1
29	15	2
29	16	1
29	17	1
29	18	4
29	21	1
29	22	2
29	24	2
29	27	2
29	28	4
30	1	1
30	2	1
30	3	1
30	4	2
30	5	6
30	7	2
30	8	2
30	9	2
30	10	3
30	12	2
30	13	1
30	14	2
30	15	2
30	16	2
30	17	2
30	18	4
30	19	3
30	20	2
30	21	2
30	22	2
30	23	2
30	24	4
30	26	1
30	27	1
30	28	6
30	29	2
31	1	1
31	2	3
31	3	1
31	8	1
31	9	3
31	10	3
31	11	1
31	12	2
31	13	6
31	14	2
31	15	1
31	16	2
31	17	2
31	18	1
31	19	4
31	20	2
31	21	2
31	22	2
31	23	1
31	24	2
31	26	2
31	27	2
31	28	6
31	29	4
31	30	8
32	1	3
32	2	1
32	4	2
32	6	2
32	8	3
32	9	3
32	10	3
32	11	1
32	12	3
32	13	1
32	14	2
32	15	1
32	16	2
32	17	1
32	19	1
32	20	3
32	21	1
32	22	5
32	23	3
32	26	2
32	27	4
32	28	8
32	29	1
32	30	2
32	31	4
33	2	2
33	4	2
33	5	2
33	6	3
33	8	2
33	10	5
33	11	1
33	12	5
33	14	3
33	15	3
33	16	5
33	17	5
33	18	3
33	19	9
33	20	5
33	21	1
33	22	4
33	23	1
33	24	4
33	26	1
33	27	2
33	28	6
33	29	3
33	30	9
33	31	6
33	32	7
34	0	2
34	2	1
34	4	5
34	5	2
34	6	2
34	7	1
34	8	3
34	10	2
34	11	1
34	12	1
34	13	3
34	14	5
34	15	1
34	16	2
34	18	5
34	19	3
34	20	8
34	21	3
34	22	1
34	23	3
34	24	2
34	27	4
34	28	4
34	29	2
34	30	6
34	32	3
34	33	5
35	2	5
35	3	1
35	4	3
35	5	4
35	6	2
35	7	1
35	8	5
35	9	4
35	10	5
35	11	1
35	12	3
35	13	3
35	14	5
35	15	3
35	16	4
35	17	5
35	18	8
35	19	9
35	20	6
35	21	1
35	22	4
35	23	3
35	24	2
35	26	4
35	27	7
35	28	18
35	29	3
35	30	5
35	31	7
35	32	1
35	33	1
35	34	10
36	1	5
36	3	3
36	4	1
36	5	4
36	7	2
36	8	4
36	9	4
36	11	2
36	12	6
36	13	5
36	14	1
36	16	1
36	17	5
36	18	3
36	19	4
36	20	1
36	21	2
36	22	2
36	24	2
36	25	1
36	27	1
36	28	6
36	29	5
36	30	8
36	32	1
36	33	3
36	34	2
36	35	6
37	0	1
37	1	2
37	2	1
37	3	1
37	4	4
37	5	4
37	6	1
37	7	5
37	8	1
37	9	1
37	10	2
37	11	1
37	12	1
37	13	9
37	14	3
37	15	2
37	16	6
37	17	5
37	18	4
37	19	4
37	20	2
37	21	2
37	22	3
37	23	1
37	27	4
37	28	5
37	29	1
37	30	2
37	32	4
37	33	4
37	34	3
37	35	12
37	36	2
38	0	4
38	1	1
38	3	2
38	4	5
38	5	2
38	6	2
38	7	1
38	8	4
38	9	2
38	10	4
38	11	3
38	12	6
38	13	7
38	14	4
38	15	2
38	16	5
38	17	2
38	18	3
38	19	2
38	20	5
38	21	1
38	22	5
38	23	1
38	24	3
38	27	3
38	28	10
38	29	8
38	30	2
38	31	3
38	32	4
38	33	6
38	34	5
38	35	9
38	36	7
38	37	9
39	1	1
39	2	3
39	3	1
39	4	5
39	5	3
39	7	1
39	9	3
39	10	6
39	11	5
39	12	1
39	13	10
39	14	3
39	15	3
39	16	4
39	17	4
39	18	3
39	19	4
39	20	2
39	22	2
39	24	1
39	27	2
39	28	9
39	29	3
39	30	3
39	31	2
39	32	3
39	33	3
39	34	1
39	35	8
39	36	5
39	37	9
39	38	17
40	1	4
40	2	3
40	4	6
40	6	4
40	7	1
40	8	2
40	9	2
40	12	1
40	13	3
40	14	3
40	15	3
40	16	5
40	17	5
40	18	2
40	19	3
40	20	2
40	21	1
40	23	2
40	24	5
40	26	3
40	27	8
40	28	7
40	29	7
40	30	6
40	31	2
40	32	3
40	33	5
40	34	3
40	35	13
40	36	5
40	37	4
40	38	14
40	39	9
41	1	2
41	2	1
41	3	1
41	4	4
41	5	2
41	6	2
41	7	1
41	8	2
41	9	3
41	10	2
41	11	4
41	12	3
41	13	1
41	14	2
41	15	1
41	16	5
41	17	4
41	18	6
41	20	2
41	21	1
41	22	2
41	23	2
41	24	2
41	26	4
41	27	4
41	28	13
41	29	3
41	30	6
41	31	2
41	32	2
41	33	2
41	34	4
41	35	2
41	36	5
41	37	2
41	38	11
41	39	5
41	40	14
42	0	1
42	3	2
42	5	1
42	6	1
42	7	1
42	8	3
42	9	1
42	13	1
42	14	2
42	15	3
42	16	1
42	18	3
42	19	2
42	20	1
42	21	3
42	23	4
42	24	1
42	27	4
42	28	2
42	29	6
42	30	5
42	31	3
42	32	6
42	33	3
42	34	4
42	37	2
42	38	3
42	39	3
42	40	8
42	41	8
43	2	1
43	3	3
43	6	4
43	7	2
43	8	6
43	9	1
43	11	1
43	12	4
43	13	4
43	14	3
43	16	1
43	17	3
43	20	1
43	21	1
43	22	4
43	27	3
43	28	2
43	29	3
43	30	10
43	31	8
43	32	3
43	33	2
43	34	1
43	35	5
43	36	1
43	37	2
43	38	5
43	39	3
43	40	1
43	41	2
43	42	5
44	0	3
44	1	2
44	3	2
44	4	1
44	5	1
44	8	1
44	10	1
44	11	1
44	12	2
44	13	2
44	14	3
44	17	1
44	18	1
44	21	3
44	26	2
44	27	4
44	28	1
44	29	2
44	30	2
44	31	4
44	32	2
44	33	4
44	34	3
44	35	2
44	36	4
44	37	2
44	38	2
44	39	1
44	40	5
44	41	2
44	42	3
44	43	11
45	0	2
45	1	2
45	2	3
45	6	2
45	7	1
45	9	2
45	11	1
45	12	2
45	13	3
45	14	2
45	17	1
45	18	1
45	19	3
45	20	1
45	26	1
45	27	3
45	28	1
45	29	2
45	30	2
45	31	3
45	32	2
45	33	4
45	34	2
45	35	2
45	37	1
45	38	3
45	39	1
45	41	1
45	42	2
45	43	12
45	44	12
46	2	3
46	3	1
46	4	3
46	5	1
46	7	1
46	8	1
46	9	2
46	10	2
46	11	3
46	12	4
46	13	1
46	14	4
46	19	3
46	21	2
46	22	1
46	26	1
46	28	3
46	29	1
46	30	1
46	31	4
46	32	2
46	34	3
46	35	1
46	36	1
46	37	3
46	38	6
46	39	1
46	40	5
46	41	3
46	42	5
46	43	5
46	44	4
46	45	5
47	1	2
47	3	3
47	7	1
47	8	2
47	9	1
47	10	2
47	12	1
47	13	3
47	15	2
47	16	1
47	17	1
47	19	1
47	20	1
47	24	1
47	27	1
47	28	1
47	30	3
47	31	2
47	33	1
47	35	3
47	36	2
47	37	3
47	38	4
47	39	2
47	40	4
47	41	5
47	42	1
47	43	6
47	44	6
47	45	4
47	46	9
48	0	1
48	1	1
48	3	1
48	4	2
48	6	1
48	8	2
48	11	1
48	12	1
48	20	4
48	22	3
48	23	1
48	27	1
48	28	2
48	30	2
48	31	1
48	35	4
48	36	4
48	37	1
48	38	1
48	39	2
48	40	4
48	41	3
48	42	2
48	44	1
48	45	1
48	46	5
48	47	8
49	1	1
49	2	1
49	3	3
49	4	1
49	5	2
49	7	1
49	8	4
49	9	1
49	10	1
49	11	3
49	12	4
49	13	1
49	15	2
49	16	2
49	18	3
49	19	1
49	20	1
49	21	3
49	23	1
49	24	2
49	27	3
49	28	2
49	29	1
49	30	1
49	31	2
49	32	4
49	33	3
49	35	1
49	36	2
49	37	2
49	38	6
49	39	2
49	40	5
49	41	5
49	42	7
49	43	4
49	44	6
49	45	2
49	46	5
49	47	12
49	48	7
50	1	1
50	4	1
50	5	3
50	8	1
50	9	1
50	10	3
50	12	2
50	14	2
50	18	1
50	27	1
50	28	1
50	30	2
50	31	2
50	32	2
50	35	2
50	36	1
50	38	5
50	39	2
50	41	1
50	42	1
50	45	3
50	46	3
50	47	4
50	48	3
50	49	7
51	1	1
51	4	3
51	10	3
51	12	3
51	13	1
51	14	3
51	15	4
51	16	2
51	17	1
51	18	2
51	20	2
51	25	1
51	26	3
51	27	3
51	28	3
51	30	4
51	31	3
51	32	3
51	33	2
51	34	5
51	35	2
51	36	1
51	37	1
51	38	6
51	39	4
51	40	1
51	41	2
51	42	3
51	43	3
51	44	2
51	45	2
51	46	4
51	47	2
51	48	3
51	49	3
51	50	3
52	0	1
52	4	1
52	7	1
52	8	4
52	9	4
52	10	3
52	11	4
52	12	2
52	13	1
52	14	2
52	15	2
52	16	1
52	18	4
52	19	2
52	20	2
52	25	1
52	27	1
52	28	3
52	29	1
52	30	2
52	31	2
52	33	3
52	34	1
52	35	5
52	37	3
52	38	5
52	39	2
52	40	4
52	41	5
52	42	3
52	43	1
52	44	3
52	45	1
52	46	1
52	47	8
52	48	5
52	49	3
52	50	4
52	51	13
53	2	2
53	3	4
53	4	3
53	5	4
53	6	2
53	7	1
53	8	1
53	9	1
53	11	2
53	13	1
53	14	5
53	15	3
53	17	1
53	18	3
53	19	1
53	22	2
53	24	2
53	27	3
53	28	4
53	29	1
53	30	1
53	31	3
53	32	4
53	33	2
53	34	2
53	35	1
53	36	1
53	37	3
53	38	11
53	39	1
53	40	3
53	41	6
53	42	4
53	43	8
53	44	2
53	45	2
53	46	5
53	47	10
53	48	2
53	49	8
53	50	2
53	51	11
53	52	15
54	1	4
54	2	2
54	5	2
54	6	3
54	8	1
54	9	1
54	10	2
54	11	1
54	12	3
54	13	4
54	14	1
54	15	4
54	16	1
54	18	1
54	19	2
54	26	3
54	28	2
54	29	2
54	30	3
54	31	4
54	32	1
54	33	1
54	35	5
54	36	5
54	37	1
54	38	5
54	40	4
54	41	6
54	42	4
54	43	5
54	44	3
54	45	3
54	46	7
54	47	10
54	48	3
54	49	7
54	50	2
54	51	5
54	52	5
54	53	1
55	0	1
55	1	4
55	2	4
55	3	3
55	4	2
55	5	1
55	8	1
55	10	1
55	11	1
55	12	2
55	13	5
55	14	1
55	15	2
55	16	3
55	19	1
55	20	1
55	21	3
55	22	2
55	24	3
55	27	2
55	28	3
55	29	1
55	30	2
55	31	4
55	32	5
55	34	2
55	35	2
55	36	3
55	37	2
55	38	1
55	39	2
55	40	5
55	41	4
55	42	2
55	43	7
55	44	4
55	46	1
55	47	4
55	48	6
55	49	9
55	50	3
55	51	5
55	52	3
55	53	1
55	54	16
56	4	1
56	5	1
56	8	1
56	9	1
56	10	3
56	11	2
56	12	2
56	13	1
56	15	1
56	17	1
56	18	2
56	19	1
56	21	1
56	22	2
56	23	2
56	26	1
56	27	2
56	28	1
56	29	2
56	30	2
56	31	3
56	33	2
56	34	4
56	35	2
56	36	1
56	38	3
56	39	2
56	40	2
56	41	4
56	42	2
56	43	3
56	44	5
56	45	5
56	46	5
56	47	8
56	48	2
56	49	8
56	50	5
56	51	3
56	52	3
56	53	4
56	54	7
56	55	2
57	2	3
57	3	2
57	6	3
57	8	2
57	9	4
57	12	2
57	13	1
57	14	1
57	15	2
57	16	1
57	17	1
57	18	4
57	19	3
57	22	1
57	23	1
57	24	1
57	28	3
57	29	1
57	30	1
57	31	2
57	33	4
57	34	1
57	35	3
57	36	1
57	37	1
57	38	3
57	39	5
57	40	1
57	41	4
57	42	2
57	43	6
57	44	2
57	45	6
57	46	2
57	47	1
57	48	2
57	49	15
57	50	2
57	51	2
57	52	4
57	53	3
57	54	4
57	55	3
57	56	13
58	0	2
58	8	1
58	10	3
58	12	2
58	13	2
58	14	1
58	15	2
58	19	4
58	20	1
58	23	2
58	24	1
58	26	2
58	27	4
58	28	3
58	29	4
58	30	4
58	32	3
58	33	2
58	34	1
58	35	5
58	36	1
58	37	2
58	38	2
58	39	2
58	40	1
58	41	3
58	42	3
58	43	2
58	44	2
58	45	5
58	46	5
58	47	4
58	48	3
58	49	2
58	50	3
58	51	3
58	52	1
58	53	1
58	54	4
58	55	1
58	56	2
58	57	6
59	1	1
59	3	2
59	4	1
59	5	4
59	9	1
59	10	3
59	13	6
59	14	2
59	15	1
59	18	1
59	19	4
59	20	3
59	21	3
59	22	1
59	24	3
59	27	5
59	28	4
59	29	2
59	30	3
59	31	5
59	32	4
59	33	3
59	34	5
59	35	5
59	37	3
59	38	1
59	39	3
59	40	5
59	41	5
59	42	9
59	43	10
59	44	6
59	45	8
59	46	4
59	47	2
59	48	3
59	49	2
59	50	2
59	51	2
59	52	3
59	53	3
59	54	5
59	55	6
59	56	3
59	57	7
59	58	6
60	0	2
60	1	1
60	2	1
60	3	2
60	4	2
60	5	1
60	6	1
60	7	2
60	8	4
60	9	1
60	10	4
60	11	2
60	13	4
60	14	6
60	15	5
60	16	7
60	18	2
60	19	3
60	20	3
60	21	2
60	24	2
60	27	3
60	28	6
60	30	1
60	31	3
60	32	1
60	33	3
60	34	3
60	35	4
60	36	3
60	37	5
60	38	8
60	39	6
60	40	7
60	41	5
60	42	1
60	43	1
60	44	2
60	45	4
60	46	4
60	47	2
60	49	5
60	50	4
60	51	9
60	52	19
60	53	14
60	54	4
60	55	5
60	56	6
60	57	9
60	58	4
60	59	3
