1	0	11
2	0	5
2	1	7
3	0	4
3	1	4
3	2	10
4	0	3
4	1	5
4	2	5
4	3	3
5	0	3
5	1	1
5	2	1
5	3	8
5	4	10
6	0	2
6	1	1
6	2	1
6	3	7
6	4	1
6	5	11
7	1	2
7	2	1
7	3	1
7	4	5
7	5	4
7	6	1
8	1	2
8	4	14
8	5	5
8	6	7
8	7	1
9	0	1
9	1	5
9	2	1
9	3	2
9	4	10
9	5	3
9	6	2
9	7	4
9	8	10
10	0	1
10	1	3
10	2	3
10	3	2
10	4	5
10	5	5
10	6	3
10	7	3
10	8	9
10	9	14
11	1	2
11	2	5
11	3	3
11	4	3
11	5	2
11	8	8
11	9	5
11	10	7
12	1	1
12	2	1
12	3	2
12	4	2
12	5	4
12	6	3
12	7	1
12	8	2
12	9	7
12	10	13
12	11	13
13	0	3
13	1	2
13	2	2
13	3	1
13	4	1
13	5	1
13	6	1
13	8	1
13	9	3
13	10	2
13	11	5
13	12	5
14	2	1
14	3	3
14	4	2
14	5	4
14	6	1
14	8	3
14	9	1
14	10	1
14	11	5
14	12	1
14	13	11
15	0	2
15	3	1
15	4	4
15	6	1
15	7	2
15	8	1
15	9	1
15	10	2
15	11	2
15	12	1
15	13	5
15	14	13
16	1	1
16	2	1
16	3	3
16	4	1
16	5	1
16	7	2
16	8	2
16	9	4
16	10	2
16	11	3
16	12	3
16	13	8
16	14	11
16	15	1
17	3	1
17	4	4
17	5	4
17	6	1
17	7	2
17	9	5
17	10	3
17	11	2
17	12	4
17	13	11
17	14	9
17	15	8
17	16	10
18	1	4
18	2	4
18	3	2
18	4	2
18	5	2
18	6	2
18	7	2
18	8	2
18	10	7
18	11	2
18	13	4
18	14	1
18	15	1
18	16	4
18	17	3
19	0	1
19	1	2
19	2	1
19	3	2
19	4	3
19	5	7
19	6	4
19	7	4
19	8	3
19	9	6
19	10	5
19	11	4
19	13	3
19	14	6
19	15	3
19	16	6
19	17	3
19	18	10
20	1	1
20	2	3
20	3	3
20	4	5
20	5	7
20	6	2
20	7	2
20	8	12
20	9	1
20	10	6
20	11	4
20	13	3
20	14	3
20	15	1
20	16	2
20	17	5
20	18	4
20	19	13
21	1	3
21	2	1
21	3	1
21	4	7
21	5	3
21	6	1
21	7	3
21	8	2
21	9	3
21	10	3
21	11	1
21	13	3
21	14	1
21	15	2
21	16	2
21	17	1
21	18	4
21	19	7
21	20	12
22	0	4
22	1	2
22	2	1
22	4	3
22	5	4
22	6	3
22	7	1
22	8	3
22	9	1
22	10	2
22	11	1
22	12	4
22	13	2
22	14	1
22	16	1
22	17	3
22	18	4
22	19	9
22	20	10
22	21	9
23	1	1
23	3	1
23	4	2
23	5	2
23	6	6
23	7	2
23	8	2
23	9	3
23	10	1
23	11	1
23	12	2
23	13	4
23	14	1
23	15	2
23	16	1
23	17	1
23	18	2
23	19	5
23	20	3
23	21	4
23	22	6
24	1	2
24	2	4
24	3	1
24	4	6
24	5	4
24	6	2
24	7	4
24	8	3
24	9	2
24	12	1
24	14	3
24	16	2
24	17	3
24	18	4
24	19	4
24	20	4
24	21	5
24	22	8
24	23	12
25	0	1
25	3	1
25	5	1
25	9	1
25	12	1
25	16	1
25	21	1
26	2	1
26	3	2
26	10	1
26	13	1
26	14	3
26	15	3
26	16	1
26	17	5
26	18	1
26	19	1
26	20	1
26	22	1
26	24	2
27	5	1
27	7	2
27	8	3
27	10	1
27	11	3
27	12	5
27	13	3
27	14	2
27	15	4
27	16	6
27	18	4
27	19	4
27	20	5
27	21	6
27	22	1
27	23	3
27	24	4
27	26	5
28	2	1
28	3	2
28	4	1
28	5	3
28	6	2
28	7	2
28	8	4
28	9	1
28	10	2
28	11	1
28	12	1
28	13	4
28	14	7
28	15	2
28	16	9
28	17	3
28	18	8
28	19	3
28	20	2
28	21	1
28	22	3
28	23	2
28	24	2
28	26	3
28	27	7
29	1	2
29	2	3
29	3	2
29	4	6
29	5	6
29	6	1
29	8	5
29	9	2
29	10	2
29	12	2
29	13	1
29	14	1
29	15	3
29	16	2
29	17	3
29	19	1
29	20	3
29	21	2
29	22	1
29	23	4
29	24	3
29	27	2
29	28	1
30	0	1
30	1	2
30	2	2
30	3	4
30	4	3
30	5	2
30	6	1
30	7	2
30	8	2
30	9	4
30	10	3
30	14	1
30	15	1
30	17	1
30	18	2
30	19	1
30	20	4
30	22	1
30	23	2
30	24	1
30	28	4
30	29	9
31	1	3
31	3	1
31	5	2
31	8	1
31	9	1
31	10	1
31	13	2
31	14	3
31	16	1
31	18	2
31	20	4
31	21	1
31	23	3
31	24	2
31	26	1
31	27	3
31	28	5
31	29	3
31	30	19
32	0	1
32	1	2
32	2	3
32	4	2
32	6	3
32	8	1
32	9	1
32	10	3
32	11	1
32	13	1
32	14	3
32	15	1
32	16	1
32	17	2
32	18	1
32	19	2
32	20	3
32	21	2
32	22	1
32	23	1
32	24	1
32	27	9
32	28	12
32	29	1
32	30	4
32	31	3
33	1	3
33	2	1
33	3	2
33	4	2
33	5	2
33	6	2
33	7	2
33	8	3
33	9	3
33	10	2
33	11	1
33	12	1
33	13	3
33	14	1
33	15	3
33	16	4
33	17	1
33	18	2
33	19	1
33	20	4
33	21	3
33	22	2
33	23	3
33	24	2
33	26	1
33	27	2
33	28	3
33	29	4
33	30	10
33	31	9
33	32	7
34	0	1
34	1	2
34	3	2
34	4	1
34	5	3
34	6	1
34	8	3
34	9	3
34	10	6
34	11	1
34	12	3
34	13	1
34	14	2
34	15	2
34	17	2
34	18	6
34	19	4
34	20	3
34	21	7
34	22	4
34	23	6
34	24	2
34	26	3
34	27	3
34	28	2
34	29	3
34	30	4
34	31	4
34	32	2
34	33	8
35	1	1
35	3	4
35	4	2
35	5	4
35	6	3
35	7	2
35	8	4
35	9	6
35	10	5
35	12	3
35	13	6
35	14	6
35	15	1
35	16	4
35	17	7
35	18	6
35	19	2
35	20	4
35	21	4
35	22	5
35	23	2
35	24	1
35	26	2
35	27	3
35	28	8
35	29	1
35	30	7
35	31	3
35	32	3
35	33	4
35	34	3
36	0	2
36	1	1
36	2	1
36	3	5
36	4	2
36	5	2
36	6	2
36	7	2
36	8	6
36	9	7
36	10	3
36	11	1
36	12	2
36	13	3
36	15	2
36	16	5
36	17	2
36	18	3
36	19	3
36	20	1
36	21	5
36	24	2
36	25	1
36	26	1
36	27	4
36	28	1
36	29	3
36	30	1
36	31	2
36	32	3
36	33	3
36	34	1
36	35	3
37	0	1
37	1	2
37	4	1
37	5	1
37	6	1
37	7	1
37	8	2
37	9	2
37	10	8
37	11	4
37	12	2
37	13	6
37	14	5
37	15	3
37	16	10
37	17	3
37	18	9
37	19	7
37	22	2
37	24	2
37	26	1
37	27	3
37	28	9
37	29	4
37	30	3
37	31	2
37	32	1
37	33	3
37	34	5
37	35	14
37	36	7
38	1	2
38	2	4
38	3	3
38	4	3
38	5	4
38	6	2
38	8	3
38	9	5
38	10	3
38	11	2
38	12	6
38	13	6
38	14	2
38	15	2
38	16	3
38	17	4
38	18	6
38	19	2
38	20	6
38	21	5
38	22	3
38	24	5
38	26	2
38	27	7
38	28	9
38	29	2
38	30	6
38	32	6
38	33	1
38	34	5
38	35	5
38	36	7
38	37	5
39	3	2
39	4	6
39	5	2
39	6	1
39	7	2
39	8	1
39	9	5
39	10	2
39	11	2
39	12	3
39	13	4
39	14	3
39	15	5
39	16	4
39	17	4
39	18	3
39	19	5
39	21	2
39	22	1
39	23	4
39	24	1
39	26	2
39	27	4
39	28	5
39	29	1
39	30	1
39	31	4
39	33	3
39	34	2
39	35	7
39	36	3
39	37	11
39	38	20
40	1	3
40	3	2
40	4	2
40	5	5
40	6	1
40	7	2
40	8	6
40	9	4
40	10	3
40	11	3
40	12	1
40	13	3
40	14	5
40	15	4
40	16	7
40	17	1
40	18	2
40	19	3
40	20	7
40	21	2
40	22	3
40	23	2
40	24	6
40	26	3
40	27	5
40	28	5
40	29	6
40	30	4
40	31	2
40	32	6
40	33	3
40	34	4
40	35	5
40	36	1
40	37	9
40	38	17
40	39	2
41	1	2
41	2	3
41	3	4
41	4	3
41	5	1
41	6	1
41	7	2
41	8	8
41	9	1
41	10	3
41	11	4
41	13	3
41	14	1
41	15	1
41	16	5
41	18	2
41	19	3
41	20	3
41	21	1
41	22	2
41	23	1
41	24	1
41	27	4
41	28	4
41	29	5
41	30	2
41	31	6
41	32	5
41	33	7
41	34	4
41	35	7
41	36	3
41	37	4
41	38	10
41	39	3
41	40	15
42	0	1
42	4	1
42	5	2
42	6	4
42	7	1
42	8	2
42	9	4
42	10	3
42	12	2
42	13	4
42	14	1
42	15	1
42	16	2
42	17	1
42	18	1
42	19	2
42	20	3
42	21	1
42	22	1
42	24	1
42	26	1
42	27	5
42	28	5
42	29	1
42	30	6
42	31	5
42	32	7
42	33	1
42	34	1
42	35	3
42	37	1
42	38	3
42	39	7
42	40	6
42	41	11
43	0	1
43	3	3
43	4	3
43	5	2
43	7	1
43	8	4
43	9	2
43	12	2
43	13	3
43	14	3
43	15	1
43	16	1
43	17	1
43	18	2
43	19	4
43	20	2
43	21	2
43	22	3
43	23	1
43	26	2
43	27	4
43	28	4
43	30	5
43	31	4
43	32	4
43	33	2
43	34	2
43	35	3
43	36	1
43	37	1
43	38	5
43	39	4
43	40	5
43	41	10
43	42	5
44	0	1
44	1	2
44	2	2
44	3	1
44	4	2
44	8	2
44	9	1
44	10	1
44	11	1
44	12	3
44	13	2
44	16	2
44	17	1
44	18	2
44	19	4
44	20	4
44	21	1
44	26	1
44	27	3
44	28	4
44	29	3
44	30	6
44	31	5
44	32	6
44	33	4
44	34	2
44	35	2
44	36	3
44	37	3
44	38	2
44	40	6
44	41	6
44	42	2
44	43	8
45	0	2
45	2	3
45	3	1
45	4	1
45	5	2
45	6	3
45	7	3
45	8	5
45	9	1
45	10	1
45	11	2
45	12	1
45	13	2
45	17	3
45	18	1
45	19	1
45	20	1
45	23	1
45	24	1
45	26	1
45	27	2
45	28	2
45	29	3
45	30	6
45	31	2
45	32	2
45	33	4
45	35	4
45	36	1
45	37	2
45	38	3
45	39	1
45	40	5
45	41	6
45	42	4
45	43	4
45	44	5
46	1	2
46	2	2
46	4	3
46	5	2
46	8	3
46	9	2
46	10	1
46	11	1
46	14	1
46	15	1
46	19	2
46	21	1
46	26	1
46	27	1
46	28	3
46	29	1
46	30	4
46	31	1
46	32	1
46	33	3
46	34	1
46	35	2
46	36	1
46	37	2
46	38	8
46	39	1
46	40	3
46	41	1
46	42	4
46	43	5
46	44	3
46	45	7
47	1	1
47	2	2
47	4	2
47	5	2
47	8	1
47	9	2
47	10	2
47	12	2
47	13	2
47	14	1
47	15	1
47	16	1
47	18	5
47	19	3
47	27	1
47	29	1
47	30	2
47	31	3
47	32	1
47	34	1
47	35	1
47	36	3
47	37	1
47	38	7
47	39	4
47	40	4
47	41	4
47	42	3
47	43	4
47	44	2
47	45	5
47	46	10
48	0	1
48	1	1
48	2	2
48	3	1
48	4	1
48	10	1
48	11	2
48	12	1
48	13	2
48	14	1
48	15	1
48	22	1
48	27	3
48	28	1
48	30	2
48	31	1
48	35	1
48	36	2
48	37	2
48	38	3
48	39	1
48	40	4
48	41	2
48	42	3
48	43	2
48	45	6
48	46	9
48	47	12
49	0	1
49	1	1
49	2	1
49	3	3
49	4	2
49	5	2
49	6	1
49	8	1
49	9	2
49	10	4
49	11	2
49	12	2
49	13	3
49	15	2
49	16	1
49	21	1
49	23	1
49	24	1
49	25	1
49	27	1
49	28	3
49	29	2
49	32	2
49	33	2
49	34	1
49	35	3
49	36	3
49	37	2
49	38	6
49	39	6
49	40	3
49	41	3
49	42	3
49	43	2
49	44	3
49	45	3
49	46	1
49	47	10
49	48	10
50	1	1
50	4	2
50	5	1
50	8	2
50	10	5
50	12	1
50	13	4
50	14	4
50	15	2
50	22	1
50	23	1
50	26	1
50	27	1
50	28	1
50	29	2
50	30	1
50	32	1
50	35	2
50	36	3
50	37	2
50	38	1
50	39	1
50	40	3
50	41	3
50	43	3
50	44	1
50	46	4
50	47	8
50	48	3
50	49	8
51	1	1
51	4	4
51	5	1
51	9	1
51	10	3
51	11	1
51	12	4
51	13	3
51	14	1
51	15	4
51	16	1
51	17	1
51	18	3
51	19	5
51	20	1
51	24	2
51	26	1
51	27	6
51	28	3
51	29	1
51	30	3
51	31	5
51	32	1
51	34	2
51	35	5
51	36	1
51	37	2
51	38	6
51	39	3
51	40	1
51	41	3
51	42	1
51	43	1
51	45	3
51	46	4
51	48	3
51	49	10
51	50	4
52	4	1
52	6	1
52	8	2
52	9	2
52	10	1
52	11	3
52	12	4
52	13	6
52	14	3
52	15	2
52	16	2
52	17	4
52	18	1
52	19	1
52	20	3
52	21	5
52	24	1
52	25	1
52	27	2
52	28	2
52	29	2
52	30	3
52	31	1
52	33	2
52	34	1
52	35	2
52	36	3
52	37	2
52	38	7
52	40	6
52	41	2
52	42	1
52	43	2
52	44	1
52	45	2
52	46	3
52	47	3
52	48	3
52	49	2
52	50	6
52	51	20
53	1	2
53	2	1
53	3	1
53	4	1
53	5	2
53	6	1
53	8	2
53	9	3
53	11	3
53	12	1
53	13	1
53	15	3
53	16	3
53	17	1
53	18	2
53	19	2
53	20	3
53	22	2
53	24	2
53	26	2
53	27	4
53	29	2
53	31	1
53	32	2
53	33	3
53	34	1
53	35	3
53	36	1
53	37	1
53	38	4
53	39	8
53	40	4
53	41	6
53	42	2
53	44	6
53	45	1
53	46	4
53	47	2
53	48	6
53	49	12
53	50	2
53	51	8
53	52	16
54	1	2
54	2	3
54	4	2
54	5	1
54	6	1
54	7	1
54	8	2
54	10	5
54	12	1
54	14	1
54	15	4
54	16	2
54	17	3
54	18	1
54	19	1
54	20	2
54	26	1
54	27	2
54	28	2
54	29	4
54	30	1
54	31	3
54	32	3
54	33	4
54	35	3
54	36	1
54	37	3
54	39	1
54	40	3
54	41	3
54	42	1
54	43	1
54	44	5
54	45	4
54	46	6
54	47	10
54	48	6
54	49	2
54	50	2
54	51	2
54	52	2
54	53	3
55	0	3
55	1	2
55	3	4
55	4	1
55	8	4
55	9	2
55	10	3
55	11	2
55	12	1
55	13	4
55	14	1
55	15	2
55	16	2
55	17	2
55	19	1
55	20	1
55	22	2
55	24	1
55	25	1
55	27	2
55	28	4
55	29	2
55	30	2
55	31	1
55	32	2
55	33	2
55	34	3
55	35	3
55	36	3
55	37	3
55	38	5
55	39	3
55	40	4
55	41	6
55	42	4
55	43	7
55	44	3
55	45	2
55	46	11
55	47	4
55	48	2
55	49	8
55	50	4
55	51	3
55	52	1
55	53	4
55	54	14
56	3	1
56	4	3
56	8	1
56	9	2
56	10	2
56	11	1
56	12	2
56	13	2
56	17	3
56	18	1
56	19	3
56	20	1
56	21	1
56	23	1
56	26	2
56	27	2
56	28	1
56	30	4
56	32	2
56	33	1
56	35	1
56	36	2
56	37	1
56	38	4
56	39	1
56	40	3
56	41	2
56	42	1
56	43	5
56	44	3
56	45	6
56	46	4
56	47	3
56	48	6
56	49	6
56	50	1
56	51	2
56	52	3
56	53	5
56	54	5
56	55	4
57	2	2
57	4	3
57	6	1
57	8	2
57	10	3
57	11	1
57	12	4
57	13	3
57	14	2
57	15	2
57	16	2
57	17	2
57	19	2
57	22	5
57	24	4
57	27	2
57	28	4
57	29	2
57	30	3
57	31	2
57	32	2
57	33	5
57	35	2
57	36	1
57	37	3
57	38	5
57	39	2
57	40	1
57	41	3
57	42	5
57	43	6
57	44	3
57	45	2
57	46	4
57	47	6
57	48	4
57	49	9
57	50	6
57	51	4
57	52	6
57	53	4
57	54	2
57	55	1
57	56	8
58	0	1
58	8	1
58	10	1
58	12	2
58	13	2
58	14	1
58	17	1
58	18	1
58	19	2
58	24	2
58	25	1
58	26	2
58	27	3
58	28	1
58	30	1
58	31	1
58	32	1
58	34	2
58	35	1
58	37	2
58	38	2
58	39	2
58	40	3
58	41	3
58	42	2
58	43	3
58	44	4
58	45	2
58	46	2
58	47	3
58	48	1
58	49	2
58	50	1
58	51	3
58	53	3
58	54	2
58	55	3
58	56	5
58	57	7
59	1	2
59	2	4
59	3	1
59	5	3
59	7	3
59	8	2
59	9	3
59	10	4
59	11	1
59	13	1
59	14	1
59	15	3
59	16	1
59	17	4
59	18	2
59	19	1
59	21	2
59	22	2
59	26	1
59	27	2
59	28	5
59	29	1
59	30	8
59	31	6
59	32	1
59	33	2
59	34	2
59	35	4
59	37	3
59	38	5
59	39	3
59	40	1
59	41	5
59	42	8
59	43	13
59	44	6
59	45	4
59	46	7
59	47	3
59	48	2
59	49	3
59	51	3
59	52	7
59	53	2
59	54	6
59	55	4
59	56	2
59	57	4
59	58	11
60	0	2
60	1	1
60	2	3
60	3	2
60	4	3
60	5	1
60	6	1
60	7	3
60	8	3
60	9	3
60	10	2
60	11	2
60	12	3
60	13	4
60	14	1
60	15	5
60	16	9
60	17	2
60	18	4
60	19	5
60	20	5
60	22	1
60	24	4
60	26	1
60	27	5
60	28	5
60	29	3
60	31	2
60	32	2
60	33	1
60	34	1
60	35	6
60	36	3
60	37	9
60	38	11
60	39	5
60	40	1
60	41	3
60	42	3
60	43	5
60	44	1
60	45	4
60	46	3
60	47	3
60	48	1
60	49	10
60	50	8
60	51	6
60	52	10
60	53	6
60	54	7
60	55	4
60	56	1
60	57	3
60	59	3
