1	0	10
2	0	5
2	1	7
3	0	1
3	1	5
3	2	7
4	0	3
4	2	3
4	3	9
5	0	2
5	1	3
5	2	3
5	3	5
5	4	7
6	0	3
6	1	1
6	3	4
6	4	6
6	5	3
7	2	3
7	3	1
7	4	3
7	5	5
7	6	5
8	0	2
8	1	3
8	2	1
8	3	2
8	4	11
8	5	15
8	6	6
8	7	9
9	0	2
9	1	2
9	2	3
9	3	3
9	4	15
9	5	2
9	6	4
9	7	6
9	8	6
10	0	2
10	2	5
10	3	1
10	4	3
10	6	2
10	7	3
10	8	8
10	9	4
11	1	1
11	2	3
11	3	2
11	4	3
11	5	1
11	6	1
11	7	3
11	8	5
11	9	5
11	10	9
12	1	3
12	3	4
12	4	3
12	5	3
12	6	5
12	7	2
12	8	1
12	9	4
12	10	10
12	11	12
13	0	1
13	2	4
13	3	4
13	4	2
13	5	4
13	6	2
13	8	1
13	9	2
13	10	10
13	11	3
13	12	7
14	1	1
14	2	2
14	3	2
14	4	2
14	5	3
14	6	1
14	7	3
14	8	2
14	9	2
14	10	3
14	11	5
14	13	7
15	0	1
15	2	2
15	3	2
15	4	1
15	6	1
15	7	1
15	8	6
15	9	4
15	10	3
15	11	4
15	12	2
15	13	5
15	14	2
16	1	4
16	2	1
16	4	2
16	5	2
16	7	1
16	8	4
16	10	7
16	11	4
16	12	1
16	13	9
16	14	6
16	15	2
17	3	3
17	4	2
17	5	1
17	7	2
17	8	2
17	9	5
17	10	4
17	11	4
17	12	5
17	13	3
17	14	4
17	15	2
17	16	7
18	0	1
18	1	4
18	3	3
18	4	5
18	5	1
18	6	2
18	7	3
18	8	3
18	9	4
18	10	2
18	11	2
18	12	3
18	13	6
18	14	3
18	15	3
18	16	3
18	17	3
19	0	1
19	1	1
19	2	3
19	3	1
19	4	3
19	5	2
19	6	3
19	7	4
19	8	6
19	9	3
19	10	6
19	11	5
19	12	4
19	13	3
19	14	2
19	15	4
19	16	2
19	17	9
19	18	7
20	1	2
20	3	5
20	4	4
20	5	3
20	6	5
20	7	2
20	8	6
20	9	2
20	10	6
20	11	1
20	12	4
20	13	4
20	14	3
20	15	1
20	16	1
20	17	4
20	18	9
20	19	6
21	0	1
21	1	3
21	2	2
21	3	2
21	4	1
21	5	4
21	6	2
21	7	4
21	8	4
21	9	4
21	10	3
21	11	1
21	12	1
21	13	6
21	15	2
21	17	5
21	18	3
21	19	5
21	20	11
22	1	2
22	2	1
22	3	4
22	4	5
22	5	6
22	6	5
22	7	5
22	8	8
22	10	3
22	11	1
22	12	1
22	13	4
22	14	1
22	16	1
22	17	3
22	18	1
22	19	6
22	20	7
22	21	8
23	1	1
23	2	2
23	3	1
23	4	1
23	5	2
23	6	1
23	7	2
23	8	2
23	11	1
23	12	1
23	13	2
23	14	2
23	16	2
23	17	1
23	18	2
23	19	3
23	20	10
23	21	3
23	22	8
24	1	2
24	2	1
24	3	3
24	4	2
24	5	2
24	6	1
24	8	2
24	10	4
24	11	2
24	12	4
24	13	4
24	14	2
24	17	1
24	18	2
24	19	3
24	20	2
24	21	5
24	22	7
24	23	11
25	5	1
25	8	1
25	9	2
25	16	1
26	2	1
26	3	2
26	6	3
26	8	1
26	10	3
26	13	2
26	14	1
26	15	3
26	16	3
26	17	2
26	18	2
26	19	2
26	20	3
26	22	1
26	24	3
27	3	3
27	4	3
27	5	1
27	8	2
27	9	1
27	10	2
27	12	3
27	13	4
27	14	1
27	15	1
27	16	1
27	18	5
27	19	4
27	20	4
27	21	4
27	22	5
27	23	4
27	24	1
27	26	1
28	1	2
28	2	4
28	3	3
28	4	3
28	5	4
28	6	2
28	7	2
28	8	8
28	9	1
28	10	4
28	11	3
28	12	4
28	13	1
28	14	3
28	15	1
28	16	5
28	17	4
28	18	3
28	19	1
28	20	1
28	21	3
28	22	2
28	23	5
28	24	1
28	26	1
28	27	4
29	1	3
29	2	2
29	3	2
29	4	6
29	7	1
29	8	4
29	9	2
29	10	4
29	12	5
29	13	2
29	14	3
29	15	2
29	16	1
29	18	2
29	19	4
29	20	3
29	21	2
29	22	3
29	27	2
29	28	6
30	0	1
30	1	2
30	2	2
30	3	1
30	4	2
30	5	3
30	6	1
30	7	1
30	8	1
30	10	4
30	11	2
30	12	2
30	13	3
30	14	1
30	15	2
30	16	1
30	17	5
30	18	2
30	19	1
30	20	6
30	21	1
30	22	4
30	23	4
30	24	4
30	25	2
30	26	1
30	27	3
30	28	6
30	29	3
31	1	2
31	2	3
31	3	4
31	4	2
31	5	1
31	8	5
31	9	1
31	10	5
31	11	3
31	12	1
31	13	1
31	15	1
31	16	2
31	17	2
31	18	1
31	19	3
31	20	3
31	21	1
31	23	1
31	24	3
31	26	1
31	28	5
31	29	2
31	30	10
32	0	1
32	1	1
32	2	3
32	4	3
32	5	2
32	6	2
32	8	3
32	9	2
32	10	1
32	11	1
32	12	3
32	13	2
32	14	3
32	16	2
32	18	3
32	19	4
32	20	2
32	21	4
32	22	3
32	23	1
32	24	2
32	26	2
32	27	6
32	28	6
32	29	2
32	30	3
32	31	1
33	1	2
33	2	5
33	3	1
33	4	3
33	5	1
33	6	2
33	7	1
33	8	2
33	9	3
33	10	2
33	11	2
33	13	2
33	14	3
33	15	1
33	16	4
33	17	2
33	18	3
33	19	8
33	20	1
33	21	6
33	22	2
33	23	2
33	24	2
33	26	3
33	27	7
33	28	8
33	29	8
33	30	13
33	31	4
33	32	5
34	0	2
34	1	2
34	3	1
34	4	6
34	5	1
34	6	4
34	7	2
34	8	3
34	9	4
34	10	2
34	11	2
34	12	1
34	13	6
34	14	3
34	15	4
34	16	2
34	17	2
34	18	2
34	19	3
34	20	4
34	21	7
34	22	1
34	23	3
34	24	5
34	25	1
34	26	2
34	27	1
34	28	4
34	29	2
34	30	7
34	31	1
34	32	5
34	33	11
35	0	1
35	2	2
35	3	1
35	4	4
35	5	2
35	6	3
35	7	2
35	8	2
35	9	6
35	10	5
35	11	2
35	12	1
35	13	6
35	14	3
35	15	3
35	16	5
35	17	2
35	18	9
35	19	5
35	20	5
35	21	5
35	22	6
35	23	3
35	24	2
35	27	1
35	28	12
35	29	1
35	30	4
35	31	6
35	32	1
35	33	5
35	34	5
36	0	1
36	2	2
36	3	3
36	4	4
36	5	1
36	6	3
36	7	2
36	8	8
36	9	3
36	10	3
36	11	1
36	12	5
36	13	4
36	16	5
36	19	1
36	20	2
36	21	1
36	22	1
36	24	1
36	27	3
36	28	3
36	29	3
36	30	4
36	31	3
36	32	1
36	34	2
36	35	1
37	0	1
37	2	1
37	3	1
37	4	3
37	5	1
37	6	2
37	8	3
37	9	4
37	10	2
37	11	2
37	12	1
37	13	9
37	14	3
37	15	3
37	16	7
37	17	2
37	18	6
37	19	2
37	20	1
37	21	4
37	22	3
37	23	3
37	24	3
37	27	3
37	28	8
37	29	3
37	30	6
37	31	1
37	32	3
37	33	4
37	34	1
37	35	6
37	36	3
38	0	2
38	2	2
38	3	1
38	4	4
38	5	1
38	7	1
38	8	3
38	9	3
38	10	3
38	11	2
38	12	2
38	13	5
38	14	3
38	15	1
38	16	4
38	17	2
38	18	7
38	19	5
38	20	4
38	21	2
38	22	2
38	23	3
38	25	1
38	26	3
38	27	4
38	28	15
38	29	2
38	30	5
38	31	5
38	32	5
38	33	4
38	34	3
38	35	10
38	36	4
38	37	12
39	1	2
39	2	1
39	3	2
39	4	4
39	6	1
39	8	3
39	9	1
39	10	4
39	11	3
39	12	3
39	13	4
39	14	4
39	15	3
39	16	2
39	17	7
39	18	8
39	19	4
39	20	3
39	21	3
39	22	2
39	23	4
39	24	1
39	26	1
39	27	3
39	28	9
39	29	1
39	30	8
39	32	1
39	33	3
39	34	3
39	35	5
39	36	4
39	37	11
39	38	16
40	1	4
40	3	1
40	4	1
40	6	3
40	7	2
40	9	3
40	10	2
40	11	1
40	12	3
40	13	5
40	14	1
40	16	4
40	18	1
40	19	2
40	20	3
40	21	3
40	22	4
40	23	4
40	24	1
40	27	3
40	28	8
40	29	3
40	30	8
40	31	3
40	32	4
40	33	6
40	34	2
40	35	8
40	36	5
40	37	3
40	38	16
40	39	11
41	2	1
41	3	1
41	8	2
41	9	3
41	10	3
41	12	1
41	13	2
41	14	1
41	15	4
41	16	1
41	17	3
41	18	2
41	19	4
41	20	1
41	21	1
41	22	4
41	24	2
41	27	4
41	28	9
41	29	2
41	30	3
41	31	7
41	32	3
41	33	1
41	34	4
41	35	5
41	36	2
41	37	5
41	38	2
41	39	7
41	40	8
42	0	1
42	3	1
42	5	3
42	6	2
42	9	3
42	10	1
42	11	2
42	13	5
42	14	3
42	15	4
42	16	2
42	17	1
42	19	2
42	20	3
42	21	1
42	22	3
42	23	1
42	28	6
42	29	1
42	30	3
42	31	4
42	32	3
42	33	3
42	34	2
42	35	2
42	36	3
42	37	1
42	38	6
42	39	4
42	40	5
42	41	13
43	1	1
43	2	1
43	3	3
43	4	2
43	5	1
43	8	1
43	9	2
43	10	1
43	12	2
43	13	3
43	14	3
43	15	1
43	16	6
43	17	2
43	19	2
43	20	4
43	21	2
43	22	1
43	24	1
43	26	1
43	27	2
43	28	3
43	29	4
43	30	3
43	31	11
43	32	4
43	33	1
43	34	2
43	35	6
43	36	1
43	37	1
43	38	5
43	39	3
43	40	2
43	41	3
43	42	5
44	0	3
44	2	2
44	5	4
44	7	2
44	8	5
44	10	1
44	11	2
44	12	2
44	13	2
44	17	1
44	18	1
44	19	2
44	20	2
44	21	2
44	26	2
44	27	3
44	28	5
44	29	6
44	30	5
44	31	4
44	33	1
44	34	1
44	36	4
44	37	1
44	38	6
44	39	1
44	40	2
44	41	4
44	42	4
44	43	7
45	1	2
45	3	2
45	4	3
45	5	2
45	7	2
45	8	1
45	9	2
45	10	1
45	12	1
45	13	2
45	14	1
45	18	2
45	19	1
45	20	3
45	23	2
45	27	1
45	28	5
45	30	9
45	31	2
45	32	1
45	33	3
45	34	3
45	35	2
45	36	2
45	37	1
45	38	3
45	39	1
45	40	3
45	41	6
45	42	2
45	43	5
45	44	8
46	1	1
46	2	2
46	3	1
46	4	2
46	5	1
46	8	1
46	9	2
46	10	3
46	11	2
46	12	2
46	13	5
46	14	3
46	18	1
46	21	1
46	22	1
46	26	2
46	28	6
46	29	2
46	30	4
46	31	5
46	32	2
46	33	1
46	35	6
46	37	1
46	38	5
46	39	3
46	40	1
46	41	2
46	42	3
46	43	5
46	44	5
46	45	6
47	1	2
47	3	3
47	4	4
47	5	3
47	6	1
47	7	1
47	8	1
47	9	3
47	10	1
47	11	1
47	12	1
47	13	5
47	14	1
47	15	1
47	16	1
47	17	1
47	18	1
47	19	1
47	23	3
47	24	1
47	27	1
47	28	2
47	29	3
47	30	6
47	31	2
47	33	1
47	35	1
47	36	1
47	37	1
47	38	4
47	39	3
47	40	1
47	41	2
47	42	6
47	43	4
47	44	2
47	45	5
47	46	8
48	1	1
48	2	1
48	6	1
48	8	3
48	10	2
48	12	1
48	14	1
48	15	1
48	19	1
48	20	1
48	22	1
48	25	1
48	27	2
48	28	4
48	30	1
48	31	1
48	35	4
48	36	1
48	37	3
48	38	2
48	39	1
48	40	4
48	41	3
48	42	2
48	43	4
48	44	2
48	45	3
48	46	1
48	47	4
49	0	4
49	1	3
49	2	2
49	4	1
49	5	1
49	6	1
49	7	3
49	8	1
49	9	2
49	10	1
49	12	3
49	13	4
49	14	2
49	16	3
49	17	2
49	18	2
49	19	4
49	20	1
49	23	1
49	25	1
49	27	4
49	28	3
49	29	4
49	30	2
49	31	4
49	32	1
49	33	2
49	35	2
49	37	2
49	38	5
49	39	2
49	40	4
49	41	3
49	42	1
49	43	1
49	44	1
49	45	3
49	46	3
49	47	18
49	48	9
50	4	1
50	5	1
50	8	2
50	9	3
50	12	3
50	13	1
50	14	1
50	15	2
50	18	1
50	22	1
50	23	3
50	27	1
50	28	2
50	29	2
50	31	3
50	32	2
50	36	1
50	37	1
50	38	1
50	39	4
50	40	2
50	41	1
50	42	3
50	43	1
50	44	3
50	45	2
50	47	4
50	48	2
50	49	2
51	1	2
51	4	4
51	5	2
51	7	2
51	8	2
51	9	1
51	10	1
51	11	1
51	12	5
51	13	4
51	14	2
51	16	2
51	17	3
51	18	1
51	19	2
51	20	1
51	24	1
51	26	1
51	27	1
51	28	1
51	29	4
51	30	2
51	31	1
51	32	1
51	33	4
51	34	1
51	35	1
51	36	4
51	37	1
51	38	4
51	39	2
51	40	1
51	41	5
51	42	5
51	43	4
51	44	1
51	45	3
51	46	3
51	47	6
51	48	3
51	49	2
51	50	5
52	0	4
52	4	2
52	6	1
52	7	1
52	8	1
52	9	3
52	10	6
52	12	2
52	13	4
52	14	1
52	15	3
52	16	3
52	17	1
52	18	2
52	19	5
52	20	1
52	21	2
52	24	1
52	26	1
52	27	3
52	28	1
52	30	2
52	31	3
52	32	1
52	34	2
52	35	3
52	36	2
52	37	3
52	38	3
52	39	2
52	40	4
52	41	2
52	42	1
52	43	3
52	44	1
52	46	3
52	47	5
52	48	1
52	49	7
52	50	7
52	51	14
53	1	1
53	2	1
53	3	1
53	4	4
53	5	3
53	6	1
53	7	3
53	8	1
53	9	4
53	10	3
53	11	2
53	15	1
53	17	2
53	18	3
53	19	2
53	22	2
53	24	2
53	26	2
53	27	1
53	28	4
53	29	1
53	30	2
53	31	1
53	33	2
53	34	1
53	35	1
53	36	4
53	37	2
53	38	7
53	40	4
53	41	5
53	42	2
53	43	3
53	44	5
53	45	1
53	46	1
53	47	6
53	48	3
53	49	11
53	50	4
53	51	6
53	52	2
54	1	1
54	2	3
54	3	1
54	6	1
54	7	1
54	8	2
54	9	3
54	10	2
54	11	2
54	13	3
54	14	3
54	15	1
54	16	1
54	17	1
54	18	2
54	19	2
54	20	3
54	26	1
54	27	1
54	28	4
54	30	2
54	31	4
54	32	2
54	33	2
54	34	1
54	35	2
54	36	2
54	38	4
54	39	1
54	40	4
54	41	3
54	42	3
54	43	5
54	44	5
54	45	2
54	46	7
54	47	5
54	48	2
54	49	6
54	50	2
54	51	5
54	52	4
54	53	2
55	0	3
55	1	4
55	2	6
55	3	1
55	4	5
55	5	3
55	8	1
55	10	1
55	11	3
55	12	6
55	13	1
55	14	1
55	15	2
55	16	1
55	17	5
55	18	5
55	20	1
55	21	1
55	22	2
55	24	3
55	27	6
55	28	1
55	29	3
55	30	2
55	31	2
55	32	2
55	33	1
55	34	1
55	35	7
55	36	1
55	37	2
55	38	2
55	39	5
55	40	6
55	41	5
55	42	3
55	43	5
55	44	6
55	45	4
55	46	4
55	47	9
55	48	3
55	49	4
55	50	4
55	51	3
55	52	3
55	53	5
55	54	17
56	3	1
56	4	1
56	5	1
56	6	1
56	9	4
56	10	2
56	11	1
56	12	1
56	13	4
56	17	1
56	20	1
56	21	1
56	26	1
56	27	3
56	28	4
56	31	1
56	32	1
56	35	7
56	36	3
56	37	1
56	38	4
56	39	2
56	40	1
56	41	6
56	42	2
56	43	10
56	44	4
56	45	5
56	46	7
56	47	7
56	48	2
56	49	6
56	50	4
56	51	4
56	52	3
56	53	1
56	54	9
56	55	1
57	0	2
57	2	1
57	3	1
57	4	2
57	6	1
57	8	2
57	10	1
57	11	1
57	12	1
57	13	1
57	14	1
57	15	1
57	16	1
57	18	1
57	19	1
57	22	2
57	24	2
57	25	1
57	27	1
57	28	1
57	29	3
57	30	2
57	33	2
57	34	3
57	35	1
57	36	1
57	37	3
57	38	6
57	39	3
57	40	1
57	42	1
57	43	3
57	44	7
57	45	3
57	46	5
57	47	5
57	48	3
57	49	7
57	51	5
57	52	3
57	53	6
57	54	4
57	55	3
57	56	14
58	0	1
58	1	2
58	3	1
58	8	2
58	9	2
58	10	3
58	13	3
58	14	2
58	15	2
58	17	1
58	18	1
58	19	4
58	23	1
58	26	2
58	27	4
58	28	3
58	30	3
58	31	3
58	32	1
58	33	1
58	34	1
58	36	1
58	37	5
58	38	2
58	39	3
58	40	2
58	41	4
58	42	3
58	43	5
58	44	3
58	45	3
58	46	3
58	47	4
58	48	2
58	49	5
58	50	1
58	51	1
58	52	4
58	53	4
58	54	1
58	55	2
58	56	3
58	57	7
59	1	1
59	2	1
59	3	2
59	4	1
59	5	4
59	8	2
59	9	2
59	10	1
59	11	3
59	12	1
59	15	2
59	16	2
59	17	1
59	18	3
59	19	1
59	20	1
59	21	2
59	22	1
59	24	1
59	27	2
59	28	4
59	29	1
59	30	2
59	31	4
59	32	2
59	33	4
59	34	1
59	35	5
59	36	3
59	37	1
59	38	3
59	39	1
59	40	3
59	41	5
59	42	3
59	43	5
59	44	10
59	45	5
59	46	9
59	47	6
59	48	3
59	49	3
59	50	2
59	51	1
59	52	4
59	53	1
59	54	2
59	55	2
59	56	8
59	57	5
59	58	13
60	0	2
60	1	1
60	2	1
60	3	1
60	4	3
60	5	3
60	6	2
60	7	1
60	8	4
60	9	4
60	10	4
60	11	1
60	12	4
60	13	2
60	14	5
60	15	2
60	16	2
60	17	10
60	18	1
60	19	2
60	20	3
60	21	1
60	24	1
60	26	2
60	27	1
60	28	3
60	29	4
60	30	6
60	31	1
60	32	1
60	33	2
60	34	1
60	35	2
60	36	2
60	37	6
60	38	9
60	39	6
60	40	6
60	41	1
60	42	3
60	43	5
60	44	6
60	45	2
60	46	2
60	47	4
60	48	2
60	49	9
60	50	5
60	51	11
60	52	16
60	53	13
60	54	5
60	55	4
60	56	4
60	57	3
60	58	6
60	59	2
