1	0	9
2	0	3
2	1	9
3	0	3
3	1	7
3	2	3
4	0	4
4	1	4
4	2	8
4	3	3
5	0	3
5	1	1
5	2	1
5	3	2
5	4	8
6	0	3
6	1	2
6	2	2
6	3	2
6	4	8
6	5	7
7	1	1
7	2	1
7	3	1
7	4	5
7	5	4
7	6	6
8	0	3
8	1	2
8	2	3
8	3	3
8	4	11
8	5	11
8	6	7
8	7	7
9	0	1
9	1	1
9	2	3
9	3	2
9	4	3
9	5	1
9	6	6
9	7	4
9	8	8
10	0	2
10	1	3
10	2	3
10	3	2
10	4	6
10	5	4
10	6	3
10	7	4
10	8	3
10	9	11
11	1	3
11	2	3
11	3	1
11	4	4
11	5	2
11	7	2
11	8	1
11	9	8
11	10	6
12	1	2
12	2	3
12	3	2
12	4	2
12	5	3
12	6	2
12	7	1
12	8	3
12	9	3
12	10	13
12	11	11
13	0	2
13	2	2
13	4	3
13	5	5
13	6	1
13	7	3
13	8	1
13	9	3
13	10	3
13	11	5
13	12	3
14	1	1
14	2	2
14	3	2
14	4	2
14	5	1
14	7	3
14	8	3
14	9	4
14	10	9
14	11	4
14	12	1
14	13	3
15	0	1
15	2	1
15	3	1
15	4	3
15	6	1
15	7	1
15	8	3
15	9	1
15	10	1
15	11	4
15	13	7
15	14	12
16	1	3
16	2	2
16	3	1
16	4	2
16	5	2
16	6	3
16	7	1
16	8	2
16	9	3
16	10	2
16	11	4
16	12	4
16	13	11
16	14	9
16	15	4
17	2	2
17	3	2
17	4	3
17	5	3
17	6	3
17	7	4
17	8	5
17	9	7
17	10	6
17	11	4
17	12	3
17	13	3
17	14	7
17	15	2
17	16	11
18	0	1
18	1	1
18	2	3
18	4	4
18	5	3
18	6	1
18	7	2
18	8	6
18	9	4
18	10	3
18	11	6
18	12	2
18	13	1
18	14	5
18	15	3
18	16	3
18	17	4
19	1	3
19	2	4
19	3	2
19	4	5
19	5	4
19	6	6
19	7	2
19	8	2
19	9	3
19	10	6
19	11	5
19	12	3
19	13	7
19	14	3
19	15	2
19	17	9
19	18	5
20	1	2
20	3	2
20	4	3
20	5	4
20	6	1
20	7	2
20	8	10
20	9	4
20	10	7
20	11	1
20	12	3
20	13	3
20	16	2
20	17	1
20	18	9
20	19	8
21	1	1
21	3	1
21	4	7
21	5	2
21	6	1
21	7	4
21	8	5
21	9	5
21	10	5
21	12	1
21	13	3
21	14	2
21	16	2
21	17	3
21	18	10
21	19	4
21	20	10
22	1	3
22	2	2
22	3	1
22	4	4
22	5	1
22	6	1
22	7	1
22	8	3
22	9	2
22	10	2
22	11	2
22	13	4
22	14	2
22	15	1
22	16	6
22	17	3
22	18	5
22	19	6
22	20	11
22	21	13
23	2	1
23	3	1
23	4	5
23	5	3
23	6	5
23	7	2
23	8	2
23	9	3
23	11	1
23	12	2
23	13	5
23	14	1
23	16	3
23	17	3
23	18	3
23	19	4
23	20	2
23	21	4
23	22	15
24	2	1
24	3	1
24	4	2
24	5	6
24	6	2
24	7	3
24	8	2
24	9	1
24	10	1
24	12	2
24	13	1
24	14	1
24	15	1
24	16	2
24	17	5
24	18	1
24	19	2
24	20	6
24	21	4
24	22	7
24	23	13
25	3	1
25	4	1
25	5	1
25	6	1
25	8	2
25	9	1
25	11	1
25	17	1
26	2	1
26	8	3
26	10	1
26	14	1
26	15	5
26	16	1
26	17	2
26	18	3
26	19	2
26	20	1
26	22	1
26	24	1
27	4	1
27	5	3
27	6	1
27	8	2
27	9	2
27	10	4
27	12	2
27	13	3
27	14	7
27	15	3
27	16	1
27	17	2
27	18	2
27	19	1
27	20	3
27	22	1
27	23	2
27	24	2
27	25	1
27	26	2
28	1	5
28	2	3
28	3	2
28	4	3
28	5	4
28	6	1
28	7	1
28	8	4
28	9	5
28	10	5
28	11	1
28	12	5
28	13	4
28	14	1
28	15	4
28	16	6
28	17	2
28	18	7
28	19	1
28	20	5
28	21	4
28	22	4
28	23	5
28	24	6
28	26	1
28	27	12
29	1	1
29	2	3
29	3	2
29	4	3
29	5	2
29	6	2
29	7	4
29	8	4
29	9	4
29	10	1
29	13	4
29	14	1
29	15	2
29	16	1
29	17	2
29	18	5
29	19	4
29	20	3
29	21	2
29	22	1
29	23	2
29	24	1
29	27	2
29	28	4
30	0	1
30	3	1
30	4	2
30	5	5
30	6	1
30	7	1
30	8	1
30	9	2
30	10	2
30	11	1
30	12	6
30	13	3
30	14	1
30	15	2
30	16	1
30	17	2
30	18	3
30	19	2
30	20	4
30	21	1
30	22	1
30	23	1
30	24	3
30	26	1
30	27	4
30	28	3
30	29	7
31	2	2
31	3	1
31	4	1
31	5	2
31	8	1
31	9	1
31	12	3
31	13	6
31	14	2
31	15	2
31	16	2
31	17	2
31	18	1
31	19	1
31	21	4
31	22	2
31	23	1
31	24	2
31	26	1
31	27	3
31	28	10
31	29	5
31	30	15
32	1	1
32	2	2
32	3	1
32	4	3
32	5	1
32	6	2
32	8	3
32	9	3
32	10	1
32	12	3
32	14	1
32	15	1
32	16	3
32	18	2
32	20	2
32	21	1
32	22	2
32	23	1
32	24	1
32	26	3
32	27	2
32	28	4
32	29	2
32	30	3
32	31	3
33	4	2
33	5	1
33	7	1
33	8	6
33	9	1
33	10	3
33	11	1
33	13	3
33	14	2
33	15	3
33	16	5
33	17	3
33	18	3
33	21	2
33	22	3
33	23	2
33	26	2
33	27	1
33	28	7
33	30	11
33	31	6
33	32	6
34	0	1
34	1	1
34	2	1
34	3	2
34	4	2
34	5	4
34	6	1
34	7	2
34	8	5
34	9	3
34	10	3
34	12	2
34	13	3
34	14	4
34	16	3
34	17	1
34	18	6
34	19	6
34	20	5
34	21	3
34	22	7
34	23	10
34	24	5
34	26	1
34	27	5
34	28	7
34	29	4
34	30	7
34	31	7
34	32	4
34	33	7
35	1	3
35	2	2
35	3	2
35	4	10
35	5	5
35	6	1
35	7	1
35	8	2
35	9	4
35	10	3
35	11	8
35	12	2
35	13	7
35	14	2
35	15	2
35	16	5
35	17	3
35	18	10
35	19	7
35	20	3
35	21	6
35	22	3
35	24	2
35	27	9
35	28	9
35	29	1
35	30	5
35	31	2
35	32	7
35	33	2
35	34	8
36	1	2
36	2	2
36	4	3
36	5	2
36	6	4
36	8	3
36	9	3
36	10	8
36	11	1
36	12	3
36	13	6
36	14	1
36	15	2
36	16	2
36	17	2
36	18	4
36	19	5
36	21	3
36	24	2
36	26	1
36	27	3
36	28	2
36	29	3
36	30	6
36	31	1
36	32	2
36	33	1
36	34	3
36	35	6
37	0	5
37	1	2
37	2	2
37	4	2
37	5	1
37	7	3
37	8	2
37	9	1
37	10	1
37	11	2
37	12	2
37	13	10
37	14	2
37	15	2
37	16	2
37	18	6
37	19	6
37	20	3
37	21	3
37	22	1
37	23	2
37	24	1
37	27	4
37	28	5
37	30	4
37	31	1
37	32	6
37	33	2
37	34	4
37	35	13
37	36	8
38	0	3
38	1	3
38	2	5
38	3	3
38	4	5
38	5	3
38	6	2
38	8	2
38	9	5
38	10	5
38	11	6
38	12	4
38	13	2
38	14	6
38	15	3
38	16	7
38	17	5
38	18	7
38	20	2
38	21	3
38	22	2
38	23	1
38	24	2
38	25	1
38	26	1
38	27	4
38	28	10
38	29	4
38	30	7
38	31	6
38	32	5
38	33	3
38	34	5
38	35	16
38	36	10
38	37	10
39	2	4
39	3	1
39	4	3
39	6	2
39	7	4
39	8	1
39	9	1
39	10	5
39	11	4
39	12	2
39	13	7
39	14	2
39	15	2
39	16	9
39	17	3
39	18	2
39	19	3
39	20	5
39	21	3
39	22	2
39	23	2
39	24	2
39	26	2
39	28	6
39	30	1
39	31	3
39	32	5
39	33	4
39	34	5
39	35	5
39	36	7
39	37	6
39	38	17
40	1	3
40	2	4
40	3	3
40	4	2
40	5	4
40	6	2
40	8	1
40	9	3
40	10	3
40	11	2
40	13	4
40	14	2
40	15	1
40	16	1
40	17	3
40	18	5
40	19	4
40	20	2
40	21	2
40	22	2
40	23	1
40	24	4
40	25	1
40	27	3
40	28	7
40	29	6
40	30	6
40	31	4
40	32	1
40	33	3
40	34	5
40	35	4
40	36	3
40	37	1
40	38	19
40	39	10
41	1	2
41	2	1
41	3	2
41	4	4
41	5	1
41	6	2
41	7	1
41	8	1
41	9	3
41	11	5
41	12	1
41	13	5
41	14	3
41	15	3
41	16	4
41	17	2
41	18	2
41	20	4
41	21	2
41	22	3
41	23	2
41	25	1
41	27	1
41	28	9
41	29	2
41	30	4
41	31	1
41	33	4
41	34	1
41	35	7
41	37	5
41	38	8
41	39	6
41	40	16
42	0	2
42	4	3
42	5	2
42	6	2
42	8	3
42	9	2
42	11	2
42	12	1
42	13	5
42	15	1
42	16	1
42	17	2
42	18	6
42	20	2
42	21	1
42	24	1
42	27	5
42	28	6
42	29	1
42	30	5
42	31	1
42	32	3
42	33	5
42	34	1
42	35	4
42	36	2
42	37	5
42	38	10
42	39	10
42	40	8
42	41	6
43	0	1
43	2	2
43	4	1
43	5	1
43	6	1
43	7	2
43	8	2
43	9	1
43	10	2
43	11	2
43	12	1
43	13	2
43	16	1
43	17	3
43	18	2
43	19	1
43	20	2
43	21	1
43	22	3
43	24	2
43	25	1
43	26	3
43	27	3
43	28	3
43	29	1
43	30	5
43	31	6
43	32	1
43	33	6
43	34	4
43	35	2
43	36	5
43	37	3
43	38	3
43	39	3
43	40	4
43	41	3
43	42	12
44	0	1
44	2	2
44	3	2
44	4	2
44	5	2
44	7	1
44	9	1
44	10	2
44	11	1
44	12	1
44	13	3
44	16	1
44	17	2
44	18	1
44	19	1
44	20	2
44	21	2
44	26	1
44	27	2
44	28	6
44	29	1
44	30	5
44	31	6
44	32	6
44	33	2
44	34	2
44	35	3
44	36	1
44	37	1
44	38	1
44	39	1
44	40	4
44	41	4
44	42	1
44	43	12
45	0	1
45	1	3
45	2	1
45	3	1
45	4	1
45	5	1
45	8	2
45	9	1
45	10	3
45	11	1
45	13	2
45	14	1
45	17	1
45	18	1
45	23	4
45	24	3
45	26	1
45	27	1
45	28	1
45	29	2
45	31	5
45	32	1
45	33	1
45	34	2
45	35	2
45	36	3
45	37	2
45	38	4
45	39	3
45	40	6
45	41	2
45	42	2
45	43	6
45	44	6
46	2	1
46	3	4
46	4	1
46	5	3
46	7	2
46	9	3
46	10	3
46	11	1
46	12	1
46	14	1
46	18	2
46	19	3
46	21	1
46	22	1
46	26	1
46	27	2
46	28	1
46	29	2
46	30	2
46	31	2
46	32	1
46	33	5
46	34	2
46	35	5
46	37	3
46	38	2
46	39	1
46	40	3
46	41	8
46	42	5
46	43	10
46	44	4
46	45	10
47	2	1
47	3	2
47	4	2
47	5	1
47	6	3
47	7	1
47	9	2
47	11	1
47	13	3
47	16	2
47	18	2
47	19	3
47	20	2
47	27	1
47	28	6
47	29	2
47	30	1
47	32	2
47	33	2
47	34	2
47	35	3
47	36	1
47	37	2
47	38	3
47	39	2
47	40	2
47	42	4
47	43	7
47	44	3
47	45	4
47	46	5
48	0	3
48	1	3
48	3	1
48	10	2
48	11	1
48	13	3
48	14	1
48	15	2
48	20	1
48	23	1
48	27	2
48	28	2
48	30	2
48	35	3
48	36	1
48	37	1
48	39	5
48	40	3
48	41	2
48	42	1
48	43	3
48	45	5
48	46	5
48	47	8
49	0	1
49	1	1
49	2	2
49	4	2
49	5	2
49	6	1
49	7	3
49	8	2
49	9	2
49	10	1
49	11	2
49	12	2
49	13	1
49	14	2
49	16	4
49	17	3
49	18	2
49	19	3
49	20	1
49	21	2
49	24	1
49	25	2
49	27	2
49	28	1
49	29	2
49	30	1
49	31	3
49	33	1
49	34	1
49	35	1
49	36	2
49	38	3
49	39	2
49	40	3
49	41	2
49	42	3
49	43	4
49	44	4
49	45	3
49	46	5
49	47	13
49	48	5
50	0	1
50	1	1
50	4	2
50	5	2
50	9	2
50	10	1
50	12	2
50	13	2
50	14	2
50	15	8
50	18	2
50	27	2
50	28	1
50	30	3
50	31	2
50	36	1
50	37	3
50	38	5
50	39	1
50	40	4
50	41	4
50	43	1
50	44	2
50	45	6
50	46	3
50	47	3
50	49	10
51	1	2
51	5	1
51	7	2
51	8	2
51	9	4
51	10	1
51	11	2
51	12	3
51	13	5
51	14	3
51	15	1
51	16	3
51	17	1
51	18	1
51	19	1
51	20	1
51	23	3
51	24	3
51	26	3
51	27	4
51	28	4
51	29	1
51	30	3
51	31	1
51	32	2
51	34	2
51	35	2
51	36	4
51	37	2
51	38	6
51	39	2
51	40	4
51	41	1
51	42	1
51	43	1
51	44	2
51	45	2
51	46	2
51	47	4
51	48	2
51	49	7
51	50	5
52	4	4
52	7	2
52	9	3
52	12	1
52	14	4
52	15	3
52	16	1
52	17	2
52	18	2
52	20	1
52	21	1
52	23	2
52	24	1
52	26	3
52	27	3
52	28	2
52	29	2
52	30	3
52	31	3
52	32	1
52	33	2
52	34	3
52	35	2
52	36	2
52	37	1
52	38	5
52	39	8
52	40	2
52	41	2
52	42	3
52	43	2
52	46	2
52	47	3
52	48	2
52	49	11
52	50	5
52	51	19
53	2	1
53	3	1
53	4	2
53	7	3
53	8	1
53	9	1
53	10	2
53	11	2
53	12	1
53	13	1
53	14	1
53	16	5
53	17	1
53	18	2
53	19	2
53	22	1
53	24	2
53	26	1
53	27	2
53	28	1
53	29	4
53	30	1
53	31	1
53	33	2
53	34	4
53	35	3
53	37	2
53	38	2
53	39	3
53	40	2
53	41	3
53	42	5
53	43	2
53	44	3
53	45	4
53	46	4
53	47	3
53	48	1
53	49	9
53	50	6
53	51	8
53	52	9
54	2	3
54	4	1
54	5	1
54	6	1
54	8	2
54	10	3
54	13	1
54	16	2
54	17	1
54	18	3
54	19	2
54	20	4
54	26	2
54	27	2
54	28	1
54	29	1
54	30	4
54	31	3
54	33	2
54	34	2
54	36	2
54	37	1
54	38	4
54	39	7
54	40	7
54	41	5
54	42	2
54	43	4
54	44	1
54	45	7
54	46	4
54	47	6
54	48	3
54	49	5
54	50	3
54	52	6
54	53	3
55	0	1
55	1	3
55	2	5
55	3	2
55	4	1
55	5	1
55	9	3
55	10	2
55	11	6
55	12	6
55	13	3
55	14	3
55	15	2
55	17	4
55	18	2
55	19	1
55	20	4
55	21	3
55	22	2
55	24	1
55	25	1
55	27	1
55	28	1
55	29	2
55	30	4
55	31	2
55	32	2
55	34	4
55	36	4
55	37	3
55	38	6
55	39	5
55	40	6
55	41	3
55	42	3
55	43	4
55	44	4
55	45	2
55	46	1
55	47	4
55	48	4
55	49	5
55	50	3
55	51	3
55	52	1
55	54	10
56	3	1
56	4	1
56	5	1
56	8	2
56	10	2
56	11	3
56	13	3
56	15	2
56	17	1
56	18	2
56	19	2
56	26	2
56	27	1
56	28	3
56	29	2
56	30	4
56	31	3
56	33	2
56	34	2
56	36	1
56	37	3
56	38	4
56	39	3
56	40	4
56	41	1
56	42	3
56	43	3
56	44	5
56	45	5
56	46	8
56	47	6
56	48	5
56	49	5
56	50	2
56	51	3
56	52	3
56	53	5
56	54	4
56	55	2
57	0	2
57	3	3
57	4	3
57	6	1
57	9	2
57	10	1
57	12	4
57	13	1
57	15	1
57	16	1
57	17	1
57	18	1
57	22	1
57	23	1
57	28	2
57	30	1
57	31	6
57	32	2
57	33	3
57	34	2
57	35	3
57	36	3
57	37	1
57	38	5
57	40	3
57	41	3
57	42	6
57	43	3
57	44	3
57	45	4
57	46	6
57	47	1
57	48	6
57	49	6
57	50	2
57	51	4
57	52	6
57	53	5
57	54	6
57	55	4
57	56	8
58	0	1
58	1	1
58	4	1
58	9	3
58	10	1
58	12	1
58	13	3
58	14	3
58	17	2
58	18	1
58	19	1
58	20	1
58	24	1
58	26	1
58	27	1
58	28	1
58	29	6
58	30	3
58	31	2
58	32	1
58	33	1
58	34	3
58	35	2
58	36	1
58	37	1
58	38	5
58	39	2
58	40	1
58	41	2
58	42	3
58	43	6
58	44	4
58	45	3
58	46	1
58	47	2
58	48	2
58	49	1
58	50	2
58	51	3
58	52	5
58	53	1
58	54	1
58	55	2
58	56	3
58	57	11
59	1	2
59	2	2
59	3	3
59	4	1
59	5	2
59	7	2
59	9	2
59	10	3
59	11	1
59	13	1
59	14	1
59	16	2
59	18	2
59	19	5
59	20	2
59	22	3
59	24	1
59	26	3
59	28	4
59	29	4
59	31	4
59	32	2
59	33	3
59	34	4
59	35	2
59	36	2
59	37	2
59	38	4
59	39	5
59	40	3
59	41	3
59	42	3
59	43	4
59	44	3
59	45	1
59	46	4
59	47	1
59	48	1
59	49	6
59	51	2
59	52	2
59	53	5
59	54	2
59	55	3
59	56	5
59	57	5
59	58	13
60	0	2
60	1	1
60	3	2
60	5	1
60	7	1
60	8	2
60	9	2
60	10	3
60	11	2
60	13	2
60	14	5
60	15	4
60	16	4
60	17	2
60	18	3
60	19	3
60	20	1
60	21	1
60	24	2
60	26	4
60	27	2
60	28	5
60	29	2
60	30	1
60	31	3
60	32	2
60	33	3
60	35	3
60	36	1
60	37	6
60	38	9
60	39	8
60	40	3
60	41	1
60	42	8
60	43	4
60	44	4
60	45	3
60	46	2
60	47	3
60	48	5
60	49	8
60	50	9
60	51	10
60	52	13
60	53	10
60	54	4
60	55	3
60	56	3
60	57	4
60	58	2
60	59	4
