1	0	6
2	0	5
2	1	10
3	0	2
3	1	2
3	2	6
4	0	2
4	1	5
4	2	5
4	3	8
5	0	1
5	1	2
5	2	1
5	3	7
5	4	10
6	0	1
6	2	3
6	3	3
6	4	5
6	5	7
7	1	2
7	4	2
7	5	2
7	6	7
8	0	1
8	1	1
8	2	3
8	3	8
8	4	16
8	5	12
8	6	8
8	7	8
9	0	4
9	1	2
9	2	3
9	3	5
9	4	8
9	5	1
9	6	3
9	7	7
9	8	7
10	0	1
10	1	1
10	2	4
10	3	5
10	4	5
10	5	3
10	6	5
10	7	4
10	8	6
10	9	9
11	0	3
11	2	2
11	3	2
11	4	4
11	7	6
11	8	2
11	9	6
11	10	11
12	1	2
12	2	3
12	3	5
12	4	4
12	5	3
12	7	1
12	8	1
12	9	3
12	10	9
12	11	16
13	0	1
13	1	2
13	3	1
13	4	2
13	5	3
13	6	3
13	7	3
13	8	7
13	10	4
13	11	4
13	12	3
14	1	1
14	2	1
14	3	1
14	4	1
14	5	2
14	6	1
14	7	2
14	8	3
14	9	1
14	10	4
14	11	5
14	12	2
14	13	4
15	0	2
15	3	1
15	6	3
15	7	2
15	8	5
15	9	4
15	10	1
15	11	1
15	13	2
15	14	12
16	1	2
16	2	2
16	3	2
16	4	2
16	5	2
16	7	2
16	8	3
16	9	4
16	10	4
16	11	2
16	13	7
16	14	8
16	15	2
17	3	3
17	4	4
17	5	2
17	7	1
17	8	1
17	9	5
17	10	7
17	11	5
17	12	1
17	13	7
17	14	4
17	15	3
17	16	11
18	0	1
18	1	1
18	2	1
18	3	1
18	4	4
18	5	7
18	6	3
18	7	3
18	8	4
18	9	3
18	10	2
18	11	5
18	12	2
18	13	4
18	14	3
18	15	7
18	16	7
18	17	7
19	0	1
19	1	4
19	2	2
19	3	1
19	4	4
19	5	5
19	6	4
19	7	6
19	8	8
19	9	4
19	10	7
19	11	5
19	12	5
19	13	5
19	14	3
19	16	3
19	17	13
19	18	8
20	1	2
20	2	1
20	3	2
20	4	4
20	5	3
20	6	2
20	7	5
20	8	6
20	9	3
20	10	1
20	11	5
20	12	3
20	13	3
20	14	6
20	15	2
20	17	4
20	18	6
20	19	14
21	0	2
21	1	2
21	3	3
21	4	3
21	5	6
21	6	2
21	8	4
21	9	4
21	10	4
21	11	3
21	12	2
21	14	6
21	15	2
21	16	4
21	17	5
21	18	6
21	19	4
21	20	11
22	1	1
22	2	1
22	3	2
22	4	2
22	5	3
22	6	3
22	7	1
22	8	1
22	9	3
22	10	2
22	12	1
22	13	2
22	14	2
22	15	1
22	16	5
22	18	3
22	19	8
22	20	8
22	21	12
23	0	2
23	2	2
23	3	2
23	4	1
23	5	4
23	6	4
23	7	1
23	8	2
23	9	1
23	11	1
23	12	1
23	14	1
23	15	1
23	16	2
23	17	1
23	18	3
23	19	1
23	21	5
23	22	7
24	3	3
24	4	4
24	5	1
24	6	3
24	7	1
24	8	1
24	9	1
24	10	1
24	12	2
24	13	3
24	14	3
24	15	2
24	16	2
24	17	1
24	18	3
24	19	8
24	20	4
24	21	4
24	22	6
24	23	6
25	3	1
25	5	3
25	6	3
25	8	2
25	15	2
25	16	2
26	1	1
26	2	1
26	3	1
26	6	1
26	8	1
26	10	1
26	15	1
26	16	2
26	18	1
26	19	2
26	20	1
26	22	1
26	24	2
27	4	1
27	5	1
27	6	1
27	8	4
27	9	2
27	10	1
27	11	2
27	12	4
27	13	2
27	14	1
27	15	1
27	16	3
27	17	2
27	18	2
27	20	1
27	21	4
27	22	4
27	23	2
27	24	1
27	26	2
28	1	3
28	2	1
28	3	2
28	4	7
28	5	2
28	6	3
28	7	3
28	8	3
28	9	2
28	10	4
28	11	1
28	12	3
28	13	4
28	14	2
28	15	2
28	16	3
28	17	4
28	18	2
28	19	5
28	20	3
28	21	2
28	22	7
28	23	3
28	24	7
28	26	1
28	27	8
29	1	1
29	2	2
29	3	1
29	4	2
29	5	2
29	6	1
29	7	1
29	9	1
29	10	2
29	12	2
29	13	2
29	16	2
29	17	4
29	18	1
29	19	2
29	21	3
29	22	1
29	23	1
29	27	3
29	28	5
30	0	3
30	1	1
30	2	1
30	4	2
30	5	4
30	6	4
30	7	1
30	8	1
30	9	2
30	10	1
30	11	3
30	12	1
30	13	2
30	15	1
30	16	1
30	17	3
30	18	4
30	19	5
30	20	2
30	21	3
30	22	3
30	23	4
30	24	3
30	26	3
30	27	2
30	28	2
30	29	8
31	1	2
31	2	2
31	4	2
31	5	4
31	8	2
31	9	1
31	10	3
31	11	2
31	14	1
31	16	3
31	17	1
31	18	2
31	19	1
31	21	4
31	22	2
31	23	1
31	24	5
31	26	1
31	27	8
31	28	5
31	29	5
31	30	8
32	2	1
32	3	2
32	4	3
32	5	2
32	6	5
32	8	4
32	9	1
32	10	3
32	11	1
32	13	2
32	14	4
32	15	2
32	16	1
32	18	1
32	19	3
32	20	1
32	21	4
32	22	6
32	23	2
32	24	3
32	27	7
32	28	8
32	29	2
32	30	7
32	31	3
33	1	2
33	2	3
33	3	1
33	4	2
33	5	2
33	6	1
33	7	3
33	8	2
33	9	2
33	10	2
33	11	1
33	12	2
33	13	5
33	15	1
33	16	2
33	17	1
33	18	3
33	19	2
33	20	4
33	21	6
33	22	5
33	23	2
33	26	4
33	27	1
33	28	5
33	29	5
33	30	10
33	31	4
33	32	5
34	1	1
34	2	2
34	3	2
34	4	5
34	5	2
34	6	2
34	7	5
34	8	2
34	9	3
34	10	2
34	11	2
34	12	3
34	14	3
34	15	3
34	16	1
34	17	3
34	18	5
34	19	2
34	20	2
34	21	4
34	22	3
34	23	2
34	24	3
34	26	1
34	27	5
34	28	2
34	29	2
34	30	7
34	31	2
34	32	3
34	33	8
35	0	1
35	1	4
35	3	2
35	4	5
35	5	3
35	6	2
35	7	2
35	8	3
35	9	3
35	10	3
35	11	2
35	12	4
35	13	7
35	14	2
35	15	4
35	16	6
35	17	2
35	18	9
35	19	7
35	20	11
35	21	5
35	22	3
35	23	2
35	24	2
35	26	1
35	27	3
35	28	5
35	29	6
35	30	5
35	31	4
35	32	4
35	33	4
35	34	6
36	0	1
36	2	4
36	3	5
36	4	5
36	5	2
36	6	1
36	7	4
36	8	5
36	9	6
36	10	4
36	12	2
36	13	9
36	14	1
36	15	3
36	16	3
36	17	4
36	18	1
36	19	3
36	20	3
36	22	1
36	24	6
36	25	1
36	26	1
36	28	4
36	29	3
36	30	4
36	31	4
36	32	2
36	33	1
36	34	2
36	35	3
37	0	2
37	2	1
37	4	4
37	5	3
37	6	1
37	7	2
37	8	2
37	9	5
37	10	2
37	11	2
37	12	5
37	13	8
37	14	1
37	15	1
37	16	5
37	17	5
37	18	3
37	19	5
37	20	2
37	21	2
37	22	2
37	24	3
37	25	1
37	27	2
37	28	9
37	29	1
37	30	6
37	31	4
37	32	4
37	33	3
37	34	6
37	35	11
37	36	6
38	1	1
38	3	3
38	4	5
38	5	3
38	6	2
38	8	3
38	9	6
38	10	4
38	11	3
38	12	2
38	13	11
38	14	2
38	15	3
38	16	4
38	17	3
38	18	3
38	19	5
38	20	5
38	21	3
38	22	3
38	23	1
38	24	3
38	25	1
38	26	3
38	27	4
38	28	10
38	29	2
38	30	11
38	31	6
38	32	2
38	33	1
38	34	4
38	35	6
38	36	5
38	37	10
39	1	1
39	3	2
39	5	1
39	6	1
39	8	2
39	9	2
39	10	3
39	11	1
39	12	3
39	13	14
39	14	3
39	15	1
39	16	4
39	17	2
39	18	3
39	19	5
39	20	3
39	21	2
39	22	2
39	23	1
39	24	4
39	28	5
39	29	4
39	30	8
39	31	2
39	32	5
39	33	1
39	34	3
39	35	4
39	36	2
39	37	8
39	38	14
40	1	3
40	2	2
40	3	4
40	4	2
40	5	3
40	8	5
40	9	1
40	13	5
40	14	2
40	15	4
40	17	3
40	18	3
40	19	2
40	20	1
40	21	5
40	22	2
40	23	2
40	24	1
40	26	2
40	27	5
40	28	11
40	29	3
40	30	4
40	31	1
40	32	3
40	33	5
40	34	3
40	35	6
40	36	5
40	37	4
40	38	10
40	39	3
41	2	2
41	3	3
41	4	3
41	5	5
41	7	1
41	8	2
41	9	2
41	10	2
41	11	1
41	12	4
41	13	3
41	14	2
41	15	2
41	17	3
41	18	1
41	19	7
41	20	5
41	21	2
41	22	2
41	23	2
41	24	2
41	25	1
41	26	2
41	27	3
41	28	9
41	29	4
41	30	3
41	31	5
41	32	2
41	33	4
41	34	3
41	35	4
41	36	6
41	37	4
41	38	11
41	39	3
41	40	18
42	0	1
42	4	3
42	5	1
42	6	2
42	7	1
42	10	1
42	12	3
42	14	1
42	15	3
42	17	1
42	19	1
42	20	2
42	21	1
42	23	1
42	24	1
42	27	1
42	28	7
42	29	1
42	30	3
42	31	2
42	32	1
42	33	1
42	34	5
42	35	4
42	37	3
42	38	5
42	39	9
42	40	5
42	41	9
43	1	1
43	2	1
43	3	1
43	4	1
43	5	3
43	7	2
43	8	6
43	9	1
43	10	1
43	11	2
43	12	2
43	14	1
43	15	2
43	17	3
43	18	1
43	20	2
43	23	3
43	24	1
43	27	2
43	28	6
43	29	1
43	30	1
43	31	5
43	32	5
43	34	2
43	35	3
43	36	1
43	37	2
43	38	2
43	39	2
43	40	6
43	41	9
43	42	12
44	0	1
44	1	2
44	2	1
44	3	1
44	4	2
44	5	1
44	6	1
44	7	2
44	9	3
44	10	1
44	11	1
44	12	1
44	16	2
44	18	3
44	20	3
44	21	3
44	26	1
44	27	1
44	28	7
44	29	4
44	30	6
44	31	3
44	32	3
44	33	3
44	34	3
44	35	3
44	36	4
44	37	2
44	38	3
44	39	1
44	40	2
44	41	5
44	42	4
44	43	12
45	0	1
45	1	1
45	2	1
45	3	1
45	4	1
45	5	1
45	8	1
45	9	1
45	10	1
45	12	1
45	13	1
45	18	1
45	19	2
45	24	2
45	27	2
45	28	1
45	29	3
45	30	1
45	31	5
45	32	1
45	33	2
45	34	3
45	35	1
45	36	1
45	37	3
45	38	5
45	39	1
45	40	3
45	41	5
45	42	5
45	43	8
45	44	9
46	1	3
46	2	2
46	3	6
46	4	4
46	7	1
46	8	2
46	9	1
46	11	3
46	12	1
46	13	1
46	15	1
46	18	3
46	21	2
46	22	2
46	26	1
46	27	2
46	28	1
46	29	1
46	30	2
46	31	6
46	34	1
46	35	5
46	36	1
46	37	2
46	38	3
46	39	5
46	40	2
46	41	1
46	42	5
46	43	7
46	44	4
46	45	13
47	1	1
47	2	4
47	3	3
47	4	2
47	5	1
47	7	1
47	8	1
47	9	3
47	10	3
47	12	5
47	13	2
47	14	2
47	15	2
47	16	1
47	17	3
47	19	2
47	20	1
47	23	3
47	24	1
47	28	5
47	29	1
47	30	3
47	31	1
47	32	2
47	34	1
47	35	4
47	36	1
47	37	2
47	38	3
47	39	1
47	40	3
47	42	2
47	43	5
47	44	3
47	45	2
47	46	4
48	3	1
48	4	1
48	10	1
48	11	1
48	12	3
48	14	2
48	15	1
48	22	1
48	27	1
48	28	2
48	30	2
48	31	2
48	35	1
48	36	3
48	38	1
48	39	1
48	40	3
48	41	4
48	42	3
48	43	1
48	44	2
48	45	5
48	46	5
48	47	9
49	0	2
49	1	3
49	3	1
49	4	3
49	6	3
49	7	1
49	8	2
49	9	1
49	10	2
49	11	3
49	12	3
49	13	5
49	14	1
49	15	2
49	16	3
49	17	3
49	18	1
49	19	1
49	20	1
49	21	2
49	23	2
49	27	2
49	28	2
49	29	4
49	30	2
49	31	1
49	33	2
49	34	3
49	37	4
49	38	3
49	39	5
49	40	1
49	41	4
49	42	2
49	43	7
49	44	6
49	45	5
49	46	5
49	47	7
49	48	11
50	1	4
50	3	1
50	10	1
50	12	1
50	13	4
50	15	1
50	18	2
50	22	2
50	23	2
50	27	1
50	28	2
50	29	1
50	31	1
50	32	3
50	36	1
50	38	6
50	39	1
50	40	1
50	41	5
50	42	1
50	43	2
50	45	5
50	46	2
50	47	2
50	48	5
50	49	9
51	4	1
51	5	1
51	9	1
51	10	2
51	12	1
51	13	4
51	14	1
51	15	3
51	17	1
51	19	4
51	20	1
51	24	1
51	26	1
51	27	5
51	28	3
51	29	2
51	30	4
51	31	2
51	32	3
51	33	3
51	34	3
51	35	2
51	37	2
51	38	2
51	39	2
51	40	4
51	41	1
51	42	2
51	43	6
51	44	2
51	45	3
51	46	2
51	47	2
51	48	2
51	49	7
51	50	6
52	0	2
52	4	1
52	7	1
52	8	3
52	9	2
52	10	1
52	11	1
52	12	6
52	13	3
52	15	4
52	16	6
52	17	5
52	18	2
52	20	2
52	21	1
52	23	1
52	24	2
52	26	1
52	27	3
52	28	2
52	29	3
52	30	2
52	31	1
52	32	2
52	33	1
52	34	1
52	35	2
52	36	3
52	37	2
52	38	4
52	39	3
52	40	4
52	41	3
52	42	1
52	43	5
52	44	2
52	45	2
52	46	1
52	47	3
52	48	1
52	49	8
52	50	4
52	51	22
53	1	2
53	3	3
53	4	1
53	5	2
53	6	1
53	7	2
53	8	2
53	10	4
53	11	1
53	12	2
53	13	5
53	14	3
53	16	2
53	17	7
53	18	2
53	19	3
53	20	1
53	22	1
53	27	1
53	28	2
53	29	3
53	30	1
53	31	1
53	32	1
53	33	1
53	34	1
53	35	1
53	36	2
53	37	2
53	38	4
53	39	2
53	40	5
53	41	3
53	43	5
53	44	3
53	45	2
53	46	6
53	47	3
53	48	4
53	49	8
53	50	4
53	51	7
53	52	6
54	1	2
54	2	3
54	3	2
54	4	1
54	5	1
54	8	3
54	9	1
54	10	2
54	11	1
54	12	3
54	13	1
54	14	3
54	15	1
54	16	1
54	17	2
54	18	1
54	20	3
54	27	2
54	28	4
54	29	3
54	31	1
54	32	5
54	33	3
54	34	3
54	35	3
54	36	3
54	37	1
54	38	1
54	39	2
54	40	4
54	41	4
54	42	2
54	43	5
54	44	3
54	45	3
54	46	4
54	47	7
54	48	3
54	49	6
54	50	5
54	51	3
54	52	5
54	53	5
55	1	4
55	2	3
55	3	5
55	4	3
55	5	2
55	8	3
55	9	1
55	10	3
55	11	3
55	13	1
55	14	2
55	15	3
55	16	1
55	17	3
55	18	1
55	19	1
55	21	2
55	27	2
55	28	2
55	30	5
55	31	2
55	32	1
55	34	1
55	35	4
55	37	2
55	38	3
55	39	2
55	40	3
55	41	4
55	43	3
55	44	1
55	45	4
55	46	7
55	47	8
55	48	3
55	49	9
55	50	1
55	51	5
55	52	2
55	53	4
55	54	12
56	3	1
56	4	2
56	5	3
56	8	1
56	10	4
56	11	1
56	12	2
56	13	2
56	15	2
56	17	1
56	18	3
56	19	2
56	20	2
56	21	2
56	23	2
56	26	1
56	27	2
56	28	3
56	30	3
56	31	4
56	32	3
56	34	2
56	35	2
56	36	1
56	37	2
56	38	2
56	39	3
56	40	1
56	41	5
56	42	2
56	43	4
56	44	3
56	45	7
56	46	7
56	47	7
56	48	2
56	49	8
56	50	1
56	51	3
56	52	4
56	53	3
56	54	1
56	55	2
57	3	1
57	4	1
57	8	1
57	9	2
57	10	1
57	11	1
57	12	1
57	13	1
57	14	3
57	16	2
57	17	1
57	18	3
57	19	1
57	22	2
57	25	1
57	27	3
57	28	1
57	29	2
57	30	2
57	31	4
57	32	1
57	33	3
57	34	2
57	35	1
57	36	1
57	37	4
57	38	3
57	39	4
57	40	1
57	42	6
57	43	6
57	44	3
57	45	3
57	46	7
57	47	5
57	48	6
57	49	7
57	50	2
57	51	6
57	52	3
57	53	7
57	54	2
57	55	4
57	56	12
58	8	1
58	10	3
58	12	1
58	13	2
58	14	1
58	15	3
58	18	2
58	24	1
58	26	1
58	27	2
58	28	6
58	30	6
58	31	2
58	32	2
58	33	3
58	34	2
58	35	1
58	36	1
58	37	2
58	38	4
58	39	3
58	40	3
58	41	4
58	42	6
58	43	1
58	44	6
58	45	3
58	46	3
58	47	3
58	48	2
58	49	4
58	50	3
58	51	2
58	52	5
58	53	2
58	54	3
58	55	2
58	56	1
58	57	5
59	1	1
59	2	1
59	3	1
59	4	2
59	5	3
59	7	2
59	8	2
59	9	1
59	10	1
59	11	3
59	12	1
59	13	1
59	14	2
59	16	1
59	17	2
59	18	1
59	19	2
59	20	2
59	22	1
59	24	4
59	26	5
59	28	5
59	29	1
59	30	1
59	31	4
59	32	3
59	33	2
59	34	1
59	35	4
59	36	5
59	37	1
59	38	7
59	39	1
59	40	2
59	41	7
59	42	6
59	43	16
59	44	5
59	45	2
59	46	3
59	47	2
59	48	3
59	49	6
59	50	1
59	51	5
59	52	3
59	53	3
59	54	2
59	55	2
59	56	4
59	57	3
59	58	11
60	1	1
60	2	4
60	3	1
60	4	2
60	5	2
60	6	3
60	7	3
60	8	2
60	9	1
60	10	2
60	11	2
60	12	2
60	13	3
60	14	3
60	15	4
60	16	4
60	17	1
60	18	5
60	20	1
60	21	2
60	22	3
60	24	1
60	27	3
60	28	7
60	29	5
60	30	3
60	31	2
60	32	1
60	33	5
60	35	6
60	36	3
60	37	2
60	38	10
60	39	3
60	40	4
60	41	5
60	42	5
60	43	4
60	44	3
60	45	2
60	46	4
60	47	1
60	48	2
60	49	8
60	50	7
60	51	7
60	52	16
60	53	16
60	54	3
60	55	3
60	56	1
60	57	4
60	58	3
60	59	2
