1	0	11
2	0	1
2	1	14
3	0	3
3	1	6
3	2	9
4	0	2
4	1	4
4	2	4
4	3	8
5	0	1
5	1	1
5	2	3
5	3	3
5	4	11
6	0	2
6	1	1
6	2	3
6	3	3
6	4	4
6	5	6
7	1	1
7	3	1
7	4	3
7	5	1
7	6	8
8	1	1
8	2	1
8	3	3
8	4	17
8	5	8
8	6	15
8	7	5
9	0	1
9	1	1
9	2	6
9	3	2
9	4	8
9	5	5
9	6	3
9	7	2
9	8	10
10	0	1
10	1	3
10	3	2
10	4	7
10	5	3
10	6	3
10	7	3
10	8	5
10	9	8
11	0	1
11	1	5
11	2	4
11	3	1
11	5	2
11	6	1
11	7	2
11	8	6
11	9	2
11	10	9
12	2	4
12	3	1
12	4	3
12	5	7
12	6	2
12	7	2
12	8	3
12	9	5
12	10	7
12	11	11
13	0	1
13	1	2
13	2	3
13	4	7
13	5	1
13	6	1
13	7	3
13	8	5
13	9	1
13	10	3
13	11	4
13	12	7
14	2	2
14	3	1
14	4	3
14	7	4
14	8	4
14	11	2
14	12	1
14	13	8
15	0	2
15	2	4
15	3	1
15	4	3
15	5	1
15	6	2
15	8	3
15	9	1
15	10	5
15	11	1
15	12	3
15	14	2
16	3	3
16	5	3
16	6	3
16	7	1
16	8	4
16	9	4
16	10	2
16	11	3
16	12	4
16	13	6
16	14	11
16	15	7
17	3	2
17	5	4
17	6	1
17	7	2
17	8	2
17	9	5
17	10	5
17	11	2
17	12	3
17	13	4
17	14	10
17	15	2
17	16	9
18	0	3
18	1	2
18	2	3
18	3	2
18	4	8
18	5	3
18	6	1
18	7	4
18	8	2
18	9	1
18	10	5
18	11	3
18	12	1
18	13	6
18	14	2
18	15	4
18	16	10
18	17	5
19	0	1
19	1	3
19	2	3
19	3	2
19	4	6
19	5	3
19	6	6
19	7	5
19	8	6
19	9	7
19	10	3
19	11	1
19	12	1
19	13	8
19	14	6
19	15	3
19	16	4
19	17	7
19	18	5
20	1	3
20	2	4
20	3	1
20	4	3
20	5	6
20	6	1
20	7	7
20	8	6
20	9	3
20	10	3
20	11	3
20	12	2
20	13	1
20	14	5
20	15	3
20	16	4
20	17	2
20	18	5
20	19	6
21	1	2
21	2	1
21	3	2
21	4	3
21	6	3
21	7	3
21	8	3
21	9	2
21	10	1
21	11	3
21	12	2
21	13	3
21	14	3
21	15	1
21	16	3
21	17	5
21	18	8
21	19	6
21	20	8
22	1	3
22	2	1
22	3	1
22	4	5
22	5	5
22	6	4
22	7	2
22	8	5
22	10	2
22	11	2
22	12	2
22	13	4
22	14	4
22	15	6
22	16	1
22	17	2
22	18	5
22	19	6
22	20	5
22	21	7
23	0	2
23	2	1
23	3	3
23	4	3
23	5	4
23	6	1
23	7	2
23	9	1
23	11	1
23	12	2
23	13	1
23	14	4
23	15	3
23	17	3
23	18	1
23	19	4
23	20	2
23	21	5
23	22	7
24	1	2
24	2	2
24	3	1
24	4	1
24	5	2
24	6	5
24	7	5
24	8	3
24	10	2
24	11	4
24	13	2
24	14	4
24	15	3
24	17	1
24	18	2
24	19	3
24	20	3
24	21	5
24	22	10
24	23	6
25	3	1
25	4	1
25	5	1
25	9	1
25	11	1
25	16	1
25	19	1
25	21	1
26	1	1
26	6	1
26	8	2
26	10	1
26	14	1
26	15	1
26	16	1
26	17	4
26	18	1
26	22	3
26	24	2
27	4	3
27	5	1
27	6	2
27	7	3
27	8	2
27	9	3
27	10	2
27	11	1
27	13	2
27	14	7
27	15	3
27	16	2
27	17	2
27	18	2
27	20	4
27	21	3
27	22	3
27	23	1
27	24	2
27	26	2
28	0	3
28	2	2
28	3	2
28	4	3
28	5	3
28	7	1
28	8	2
28	10	8
28	11	2
28	12	2
28	13	3
28	14	1
28	15	5
28	16	2
28	17	3
28	18	6
28	19	4
28	20	8
28	21	9
28	22	2
28	23	1
28	24	1
28	26	4
28	27	6
29	1	4
29	2	2
29	3	3
29	4	3
29	5	2
29	6	1
29	7	2
29	8	1
29	9	1
29	10	2
29	11	3
29	12	2
29	13	2
29	14	1
29	15	1
29	17	1
29	19	1
29	20	1
29	21	3
29	22	3
29	23	1
29	24	3
29	27	1
29	28	3
30	0	1
30	2	1
30	3	4
30	5	2
30	6	1
30	7	1
30	8	1
30	9	1
30	10	2
30	12	2
30	13	1
30	14	4
30	16	1
30	17	1
30	18	1
30	19	2
30	20	4
30	21	2
30	22	1
30	23	2
30	24	7
30	26	1
30	27	4
30	28	8
30	29	6
31	1	2
31	3	3
31	4	1
31	5	2
31	10	5
31	11	2
31	12	2
31	13	1
31	14	1
31	15	1
31	16	2
31	17	1
31	18	5
31	19	2
31	20	2
31	22	1
31	23	3
31	24	2
31	26	1
31	27	1
31	28	3
31	29	3
31	30	2
32	1	3
32	2	1
32	3	2
32	4	3
32	5	1
32	6	1
32	8	1
32	9	1
32	10	1
32	11	3
32	12	2
32	15	1
32	16	2
32	17	3
32	18	4
32	19	1
32	20	4
32	21	2
32	22	1
32	23	1
32	24	8
32	26	3
32	27	4
32	28	10
32	29	1
32	30	4
32	31	6
33	1	2
33	2	1
33	3	3
33	4	2
33	5	3
33	6	5
33	8	2
33	9	4
33	10	2
33	11	4
33	12	2
33	13	3
33	14	3
33	15	3
33	16	4
33	17	4
33	18	5
33	19	4
33	20	2
33	21	1
33	22	1
33	23	1
33	24	2
33	26	1
33	27	4
33	28	5
33	30	4
33	31	4
33	32	6
34	0	2
34	1	6
34	2	2
34	3	2
34	4	2
34	5	4
34	6	4
34	7	1
34	8	4
34	9	2
34	10	3
34	11	2
34	12	3
34	13	3
34	14	5
34	15	3
34	16	1
34	17	1
34	18	5
34	19	4
34	20	5
34	21	7
34	22	4
34	23	1
34	24	2
34	26	2
34	27	2
34	28	1
34	29	1
34	30	5
34	31	5
34	32	7
34	33	1
35	1	2
35	2	1
35	3	1
35	4	2
35	5	5
35	6	2
35	7	5
35	8	4
35	9	5
35	10	3
35	11	5
35	12	5
35	13	6
35	14	1
35	15	1
35	16	2
35	17	9
35	18	12
35	19	3
35	20	5
35	21	2
35	22	5
35	23	2
35	24	4
35	26	4
35	27	4
35	28	12
35	29	5
35	30	3
35	31	2
35	32	4
35	33	6
35	34	9
36	0	1
36	1	1
36	2	2
36	3	1
36	4	3
36	5	1
36	6	1
36	7	6
36	8	4
36	9	3
36	10	4
36	11	4
36	12	8
36	13	4
36	14	1
36	15	4
36	16	4
36	17	3
36	18	4
36	19	4
36	20	3
36	21	1
36	22	2
36	24	3
36	26	2
36	27	2
36	28	2
36	29	2
36	30	2
36	32	1
36	34	5
36	35	2
37	0	2
37	4	2
37	6	2
37	7	2
37	8	1
37	10	2
37	11	4
37	12	3
37	13	9
37	14	4
37	15	6
37	16	9
37	17	1
37	18	4
37	19	7
37	20	4
37	21	4
37	22	2
37	23	1
37	24	1
37	26	1
37	27	2
37	28	4
37	29	3
37	30	3
37	31	2
37	33	4
37	34	3
37	35	9
37	36	6
38	0	2
38	1	1
38	2	2
38	3	1
38	4	2
38	5	2
38	7	1
38	8	2
38	9	3
38	10	5
38	11	3
38	12	5
38	13	6
38	14	1
38	15	3
38	16	5
38	17	7
38	18	3
38	19	2
38	21	1
38	22	2
38	23	2
38	24	1
38	26	1
38	27	3
38	28	10
38	29	1
38	30	8
38	31	5
38	32	6
38	34	1
38	35	8
38	36	7
38	37	4
39	1	1
39	2	1
39	3	4
39	4	2
39	5	4
39	6	2
39	7	1
39	8	1
39	9	5
39	10	5
39	12	6
39	13	7
39	14	5
39	15	4
39	16	2
39	17	3
39	18	6
39	19	6
39	20	5
39	21	7
39	22	2
39	23	5
39	24	2
39	26	1
39	28	5
39	29	8
39	30	7
39	31	1
39	32	5
39	33	1
39	34	2
39	35	5
39	36	5
39	37	8
39	38	15
40	3	1
40	4	2
40	5	2
40	6	2
40	7	1
40	8	6
40	9	1
40	10	2
40	11	5
40	12	3
40	13	5
40	14	5
40	17	3
40	18	5
40	19	5
40	21	4
40	22	1
40	23	4
40	24	4
40	26	1
40	27	3
40	28	8
40	29	3
40	30	5
40	31	3
40	32	5
40	33	3
40	34	5
40	35	8
40	36	1
40	37	5
40	38	19
40	39	1
41	2	3
41	3	2
41	4	2
41	5	3
41	6	1
41	8	2
41	9	4
41	10	1
41	12	2
41	13	3
41	14	1
41	15	1
41	16	6
41	17	2
41	18	2
41	19	4
41	20	4
41	21	1
41	23	2
41	25	1
41	26	1
41	27	3
41	28	8
41	29	2
41	30	3
41	31	7
41	32	5
41	33	3
41	34	4
41	35	5
41	36	4
41	37	5
41	38	4
41	39	5
41	40	15
42	4	1
42	5	2
42	9	1
42	10	1
42	11	2
42	12	1
42	13	3
42	14	1
42	15	2
42	16	1
42	17	2
42	18	2
42	19	1
42	20	1
42	22	1
42	23	2
42	24	4
42	26	3
42	28	6
42	29	2
42	30	3
42	31	5
42	32	3
42	33	4
42	34	1
42	35	3
42	36	2
42	37	1
42	38	5
42	39	6
42	40	7
42	41	5
43	2	1
43	3	5
43	4	4
43	5	3
43	7	1
43	8	2
43	9	3
43	10	1
43	11	2
43	15	3
43	16	4
43	17	2
43	18	2
43	19	1
43	20	1
43	21	2
43	22	2
43	23	1
43	28	4
43	29	2
43	30	5
43	31	4
43	32	5
43	33	2
43	34	3
43	35	4
43	36	3
43	37	1
43	38	6
43	39	5
43	40	5
43	41	10
43	42	7
44	0	2
44	1	1
44	2	2
44	5	2
44	7	1
44	8	2
44	9	1
44	13	5
44	19	4
44	20	1
44	27	1
44	28	1
44	29	1
44	30	6
44	31	2
44	32	3
44	33	2
44	34	5
44	35	5
44	36	2
44	37	2
44	38	5
44	39	1
44	40	3
44	41	3
44	42	3
44	43	11
45	0	2
45	1	2
45	2	1
45	3	1
45	4	3
45	8	2
45	9	1
45	11	3
45	12	1
45	14	1
45	17	1
45	18	1
45	28	3
45	29	2
45	30	1
45	32	1
45	33	1
45	34	5
45	35	2
45	36	2
45	38	3
45	39	2
45	40	4
45	41	5
45	42	1
45	43	14
45	44	5
46	0	2
46	1	3
46	2	2
46	3	4
46	4	3
46	7	2
46	8	1
46	9	2
46	10	1
46	11	3
46	12	1
46	13	1
46	18	2
46	19	1
46	21	2
46	22	4
46	27	4
46	29	2
46	31	4
46	33	1
46	35	1
46	36	2
46	37	2
46	38	3
46	39	4
46	40	3
46	41	3
46	42	1
46	43	4
46	44	6
46	45	6
47	1	5
47	3	1
47	4	1
47	8	4
47	10	2
47	12	2
47	13	3
47	14	2
47	17	2
47	18	1
47	19	3
47	20	2
47	24	3
47	27	3
47	29	1
47	30	2
47	31	5
47	32	2
47	33	2
47	34	1
47	35	1
47	36	1
47	37	1
47	38	2
47	39	3
47	40	1
47	41	3
47	42	2
47	43	4
47	44	3
47	45	5
47	46	14
48	4	2
48	8	2
48	10	4
48	12	2
48	14	3
48	15	1
48	19	1
48	20	1
48	23	1
48	24	1
48	25	1
48	27	3
48	28	1
48	30	2
48	31	1
48	35	2
48	36	1
48	37	2
48	38	2
48	39	1
48	40	1
48	41	3
48	42	1
48	43	2
48	44	2
48	45	4
48	46	2
48	47	6
49	0	3
49	1	1
49	2	2
49	3	1
49	8	1
49	9	1
49	10	3
49	11	3
49	13	2
49	14	5
49	15	3
49	16	1
49	17	1
49	19	5
49	20	5
49	21	2
49	23	1
49	27	3
49	28	2
49	29	3
49	30	4
49	31	2
49	32	1
49	33	1
49	34	1
49	35	4
49	36	1
49	37	2
49	38	6
49	39	6
49	40	1
49	41	7
49	42	2
49	43	6
49	44	2
49	45	4
49	46	1
49	47	8
49	48	7
50	1	4
50	3	1
50	5	1
50	8	2
50	13	4
50	15	3
50	18	1
50	22	2
50	28	2
50	29	1
50	30	1
50	31	1
50	35	7
50	36	3
50	37	1
50	38	1
50	40	4
50	41	3
50	43	2
50	44	2
50	46	1
50	47	3
50	48	5
50	49	9
51	4	1
51	5	1
51	8	5
51	9	3
51	10	2
51	11	2
51	12	1
51	13	2
51	14	2
51	15	2
51	16	1
51	18	3
51	19	4
51	20	5
51	24	1
51	25	1
51	26	3
51	27	1
51	28	7
51	29	1
51	30	1
51	31	1
51	32	2
51	34	2
51	35	3
51	36	2
51	37	4
51	38	2
51	39	1
51	40	5
51	41	4
51	42	5
51	43	2
51	44	2
51	45	1
51	46	2
51	47	5
51	48	1
51	49	8
51	50	9
52	0	1
52	6	1
52	7	1
52	8	1
52	9	2
52	11	1
52	12	3
52	13	3
52	15	2
52	16	4
52	17	3
52	18	1
52	19	1
52	20	1
52	21	4
52	23	1
52	27	2
52	28	4
52	29	2
52	30	2
52	31	2
52	32	1
52	33	1
52	34	1
52	35	3
52	36	2
52	37	1
52	38	1
52	40	2
52	41	1
52	42	2
52	43	2
52	44	3
52	45	1
52	46	6
52	47	2
52	48	2
52	49	9
52	50	10
52	51	17
53	1	2
53	2	2
53	3	1
53	4	4
53	5	3
53	6	1
53	7	2
53	8	2
53	9	3
53	10	2
53	11	2
53	12	2
53	13	4
53	16	3
53	17	2
53	18	2
53	19	1
53	20	1
53	22	2
53	26	1
53	27	2
53	28	3
53	29	1
53	30	1
53	32	1
53	33	1
53	34	1
53	35	1
53	37	1
53	38	11
53	39	7
53	40	2
53	41	4
53	42	1
53	43	1
53	44	1
53	45	6
53	46	1
53	47	6
53	48	5
53	49	12
53	50	6
53	51	3
53	52	7
54	0	2
54	1	3
54	2	1
54	3	4
54	4	5
54	5	1
54	6	1
54	8	1
54	9	2
54	12	6
54	13	1
54	15	2
54	17	4
54	18	2
54	20	3
54	26	1
54	28	1
54	29	1
54	33	1
54	34	1
54	35	2
54	36	2
54	37	5
54	38	4
54	39	2
54	40	4
54	41	5
54	42	5
54	43	8
54	44	2
54	45	4
54	46	5
54	47	7
54	48	9
54	49	12
54	50	3
54	51	2
54	52	1
54	53	5
55	1	4
55	2	3
55	3	3
55	4	4
55	5	2
55	8	1
55	9	1
55	10	4
55	12	2
55	13	4
55	14	2
55	15	1
55	16	1
55	18	1
55	19	1
55	20	3
55	21	1
55	22	3
55	24	1
55	27	2
55	28	3
55	29	3
55	30	2
55	31	2
55	32	2
55	33	5
55	34	1
55	35	2
55	36	4
55	37	2
55	38	3
55	39	2
55	40	6
55	41	1
55	42	4
55	43	5
55	44	1
55	45	4
55	46	3
55	47	4
55	48	2
55	49	3
55	50	6
55	52	4
55	53	6
55	54	19
56	5	1
56	9	2
56	10	3
56	12	1
56	13	2
56	15	4
56	17	1
56	18	1
56	19	3
56	20	1
56	21	2
56	23	1
56	26	1
56	27	1
56	28	4
56	30	1
56	31	2
56	32	1
56	33	1
56	35	4
56	36	1
56	37	2
56	38	3
56	39	3
56	40	2
56	41	5
56	42	2
56	43	1
56	44	1
56	45	5
56	46	10
56	47	6
56	48	3
56	49	6
56	50	2
56	51	3
56	52	1
56	53	4
56	54	4
56	55	4
57	0	3
57	3	2
57	6	1
57	8	2
57	9	2
57	11	4
57	13	4
57	14	3
57	15	2
57	16	3
57	17	1
57	18	2
57	22	2
57	23	2
57	24	1
57	25	1
57	27	2
57	28	3
57	29	1
57	30	4
57	31	2
57	32	3
57	33	1
57	34	2
57	35	2
57	36	1
57	37	1
57	38	4
57	39	3
57	40	3
57	41	4
57	42	4
57	43	4
57	44	2
57	45	4
57	46	7
57	47	3
57	48	5
57	49	5
57	50	4
57	51	2
57	52	4
57	53	8
57	54	4
57	55	7
57	56	12
58	0	2
58	1	2
58	3	1
58	4	2
58	8	1
58	13	4
58	14	1
58	15	3
58	17	2
58	18	2
58	19	3
58	23	1
58	24	1
58	26	3
58	27	2
58	28	2
58	29	3
58	30	3
58	31	4
58	32	3
58	33	2
58	34	2
58	36	2
58	37	2
58	38	2
58	39	2
58	40	2
58	41	5
58	42	4
58	43	3
58	44	1
58	45	2
58	46	1
58	47	5
58	48	1
58	49	3
58	50	3
58	51	1
58	52	1
58	53	1
58	54	2
58	55	3
58	56	2
58	57	8
59	2	1
59	3	3
59	4	2
59	5	1
59	8	2
59	9	1
59	10	1
59	12	3
59	13	2
59	14	3
59	16	1
59	18	2
59	19	2
59	21	1
59	22	2
59	24	4
59	26	2
59	27	3
59	28	2
59	29	2
59	30	4
59	31	5
59	32	5
59	33	2
59	35	6
59	36	2
59	37	5
59	38	11
59	39	2
59	40	5
59	41	6
59	42	10
59	43	13
59	44	4
59	45	4
59	46	7
59	47	1
59	48	4
59	49	4
59	50	4
59	51	2
59	52	3
59	53	1
59	54	4
59	55	4
59	56	5
59	57	6
59	58	11
60	1	2
60	2	2
60	4	3
60	5	2
60	6	1
60	7	2
60	8	1
60	9	1
60	10	2
60	11	1
60	12	3
60	13	2
60	14	1
60	15	1
60	16	1
60	17	7
60	18	3
60	19	3
60	20	2
60	21	1
60	24	2
60	26	3
60	27	5
60	28	5
60	29	6
60	30	5
60	31	4
60	32	5
60	33	4
60	34	1
60	35	3
60	36	4
60	37	4
60	38	9
60	39	6
60	40	3
60	41	6
60	42	7
60	43	2
60	44	2
60	45	3
60	46	6
60	47	2
60	48	4
60	49	9
60	50	4
60	51	15
60	52	10
60	53	10
60	54	1
60	55	1
60	56	3
60	57	7
60	58	5
60	59	5
