1	0	10
2	0	4
2	1	6
3	0	2
3	1	5
3	2	6
4	0	1
4	1	4
4	2	1
4	3	8
5	0	4
5	1	4
5	2	1
5	3	7
5	4	6
6	0	1
6	1	3
6	3	2
6	4	4
6	5	6
7	1	3
7	2	1
7	3	3
7	4	2
7	5	5
7	6	17
8	0	3
8	1	3
8	2	2
8	3	1
8	4	17
8	5	7
8	6	8
8	7	10
9	0	4
9	1	1
9	2	1
9	3	6
9	4	10
9	5	6
9	6	5
9	7	3
9	8	9
10	2	2
10	3	3
10	4	11
10	5	6
10	6	4
10	7	3
10	8	6
10	9	6
11	0	1
11	2	2
11	3	4
11	4	2
11	5	1
11	7	4
11	8	5
11	9	4
11	10	7
12	1	1
12	2	1
12	3	2
12	4	2
12	5	8
12	6	5
12	8	2
12	9	5
12	10	8
12	11	11
13	0	4
13	1	1
13	3	1
13	4	1
13	5	2
13	6	1
13	8	4
13	9	1
13	10	3
13	11	5
13	12	8
14	2	1
14	4	4
14	6	2
14	7	4
14	8	1
14	9	5
14	10	4
14	11	5
14	12	4
14	13	4
15	2	2
15	3	1
15	4	3
15	5	2
15	7	1
15	8	2
15	9	3
15	10	5
15	11	1
15	12	4
15	13	4
15	14	8
16	2	1
16	4	4
16	5	1
16	7	4
16	8	3
16	10	2
16	11	1
16	13	7
16	14	6
16	15	7
17	3	1
17	4	4
17	5	2
17	6	1
17	7	3
17	8	5
17	9	4
17	10	2
17	11	1
17	12	2
17	13	10
17	14	5
17	15	3
17	16	5
18	0	1
18	1	2
18	3	1
18	4	1
18	6	4
18	7	2
18	8	1
18	9	1
18	10	3
18	12	4
18	13	7
18	14	3
18	15	2
18	16	4
18	17	6
19	0	3
19	1	2
19	2	2
19	3	1
19	5	4
19	6	3
19	7	1
19	8	2
19	9	10
19	10	2
19	11	5
19	12	4
19	13	7
19	14	4
19	15	4
19	16	4
19	17	9
19	18	7
20	1	2
20	2	2
20	3	2
20	4	7
20	5	3
20	6	5
20	7	2
20	8	11
20	10	1
20	11	4
20	12	1
20	13	3
20	14	2
20	16	4
20	17	5
20	18	5
20	19	13
21	2	1
21	4	5
21	5	5
21	6	1
21	7	1
21	8	5
21	9	4
21	11	2
21	12	4
21	13	4
21	15	1
21	17	1
21	18	7
21	19	9
21	20	7
22	1	1
22	2	4
22	3	1
22	4	5
22	5	8
22	6	2
22	7	3
22	9	3
22	10	2
22	12	2
22	13	5
22	14	1
22	16	2
22	17	1
22	18	1
22	19	8
22	20	5
22	21	10
23	0	4
23	3	1
23	4	4
23	5	1
23	6	3
23	7	6
23	8	3
23	9	1
23	10	1
23	11	2
23	12	1
23	13	1
23	15	1
23	16	3
23	17	1
23	18	5
23	19	2
23	20	2
23	21	3
23	22	4
24	1	1
24	3	2
24	4	8
24	5	4
24	6	3
24	7	3
24	8	2
24	9	2
24	10	2
24	12	1
24	14	4
24	15	3
24	16	4
24	17	1
24	18	4
24	19	1
24	20	4
24	21	3
24	22	8
24	23	4
25	4	1
25	6	1
25	11	1
25	12	1
25	15	1
25	16	1
25	17	1
25	19	1
25	21	1
25	22	1
26	1	1
26	2	2
26	6	1
26	8	1
26	10	1
26	13	1
26	14	3
26	15	2
26	17	3
26	18	2
26	20	1
26	24	4
27	3	2
27	4	1
27	5	2
27	6	2
27	7	1
27	8	2
27	9	2
27	10	5
27	11	1
27	12	4
27	13	2
27	14	2
27	15	2
27	16	3
27	17	5
27	18	3
27	19	5
27	20	1
27	21	3
27	22	2
27	26	5
28	1	3
28	2	1
28	3	1
28	5	1
28	7	1
28	8	2
28	9	2
28	10	3
28	11	4
28	12	6
28	13	6
28	14	5
28	15	1
28	16	5
28	17	9
28	18	8
28	19	6
28	20	3
28	21	2
28	22	6
28	23	3
28	24	3
28	26	2
28	27	14
29	1	2
29	3	2
29	4	5
29	5	2
29	6	2
29	8	4
29	9	2
29	10	1
29	11	1
29	12	2
29	13	1
29	14	3
29	16	2
29	17	1
29	18	2
29	19	3
29	20	1
29	21	3
29	22	1
29	23	2
29	24	1
29	27	3
29	28	2
30	0	3
30	1	1
30	2	2
30	3	3
30	4	3
30	5	2
30	7	4
30	8	2
30	10	4
30	11	1
30	12	1
30	13	1
30	14	1
30	15	1
30	16	3
30	17	3
30	18	2
30	20	1
30	21	3
30	23	1
30	24	3
30	26	1
30	27	4
30	28	7
30	29	6
31	2	3
31	3	3
31	4	4
31	5	2
31	8	4
31	10	3
31	11	1
31	12	2
31	13	1
31	14	2
31	15	5
31	16	3
31	19	3
31	20	1
31	21	1
31	22	2
31	23	2
31	24	1
31	26	1
31	27	2
31	28	6
31	29	2
31	30	17
32	0	1
32	2	1
32	3	1
32	4	1
32	8	2
32	9	3
32	11	1
32	13	3
32	14	1
32	15	2
32	16	2
32	17	3
32	18	1
32	19	3
32	20	2
32	21	1
32	22	2
32	23	3
32	24	1
32	27	4
32	28	10
32	29	2
32	30	9
32	31	8
33	1	2
33	3	2
33	4	1
33	5	6
33	6	1
33	7	1
33	8	1
33	9	2
33	10	2
33	11	2
33	12	1
33	13	4
33	14	3
33	15	3
33	16	2
33	17	1
33	18	3
33	19	7
33	20	4
33	21	1
33	22	5
33	23	2
33	24	2
33	26	3
33	27	2
33	28	6
33	29	4
33	30	7
33	31	1
33	32	8
34	0	1
34	2	2
34	3	3
34	4	2
34	6	2
34	7	1
34	8	2
34	9	1
34	10	1
34	12	1
34	13	3
34	14	5
34	15	1
34	16	2
34	17	4
34	18	4
34	19	3
34	20	7
34	21	6
34	22	4
34	23	1
34	24	7
34	26	1
34	27	6
34	28	2
34	29	5
34	30	2
34	31	3
34	32	4
34	33	9
35	1	3
35	2	2
35	3	1
35	4	5
35	5	7
35	6	5
35	7	4
35	8	6
35	9	2
35	10	6
35	11	4
35	12	4
35	13	8
35	14	6
35	15	2
35	16	5
35	17	4
35	18	10
35	19	6
35	20	1
35	21	5
35	22	2
35	23	3
35	24	3
35	26	1
35	27	3
35	28	11
35	29	3
35	30	5
35	31	2
35	32	1
35	33	5
35	34	9
36	1	4
36	2	1
36	3	3
36	4	2
36	6	1
36	7	2
36	8	2
36	9	8
36	10	5
36	11	5
36	12	2
36	13	2
36	15	1
36	16	3
36	17	2
36	18	3
36	19	3
36	20	3
36	21	3
36	22	2
36	24	1
36	25	1
36	26	3
36	27	4
36	28	1
36	29	2
36	30	1
36	31	2
36	32	1
36	33	3
36	34	2
36	35	4
37	0	1
37	2	1
37	3	4
37	4	1
37	5	1
37	6	2
37	7	3
37	8	4
37	9	4
37	10	4
37	12	1
37	13	7
37	14	4
37	16	5
37	17	2
37	18	4
37	19	10
37	20	3
37	21	2
37	22	3
37	24	2
37	25	1
37	27	4
37	28	5
37	30	2
37	31	3
37	34	1
37	35	10
37	36	3
38	0	2
38	1	1
38	2	1
38	3	1
38	4	5
38	5	2
38	6	4
38	8	3
38	9	2
38	10	4
38	11	2
38	12	2
38	13	7
38	14	6
38	15	1
38	16	4
38	17	4
38	18	9
38	19	4
38	20	7
38	21	1
38	22	6
38	23	7
38	24	2
38	26	1
38	27	1
38	28	15
38	29	3
38	30	2
38	31	2
38	32	3
38	33	4
38	34	4
38	35	11
38	36	4
38	37	19
39	2	1
39	3	1
39	4	4
39	5	4
39	6	1
39	7	1
39	8	1
39	9	5
39	10	6
39	11	3
39	12	2
39	13	11
39	14	2
39	15	2
39	16	3
39	17	4
39	18	1
39	19	2
39	20	4
39	21	3
39	22	1
39	23	1
39	24	2
39	26	3
39	27	5
39	28	4
39	29	2
39	30	3
39	31	3
39	33	2
39	34	3
39	35	5
39	36	5
39	37	9
39	38	14
40	2	1
40	3	4
40	6	2
40	7	1
40	8	5
40	9	5
40	10	2
40	11	1
40	12	5
40	13	4
40	14	3
40	15	4
40	18	2
40	19	3
40	21	1
40	22	2
40	23	2
40	24	2
40	26	2
40	27	4
40	28	9
40	29	3
40	30	4
40	31	6
40	32	4
40	33	6
40	34	5
40	35	10
40	36	7
40	37	6
40	38	10
40	39	8
41	1	5
41	3	1
41	5	2
41	6	1
41	7	3
41	8	2
41	9	2
41	10	3
41	11	4
41	12	3
41	13	3
41	14	2
41	15	3
41	16	2
41	18	5
41	19	2
41	20	1
41	21	6
41	23	1
41	24	1
41	26	2
41	27	1
41	28	6
41	29	3
41	30	5
41	31	4
41	33	3
41	34	2
41	35	7
41	36	3
41	37	3
41	38	5
41	39	4
41	40	14
42	4	6
42	5	2
42	6	2
42	7	1
42	8	1
42	9	1
42	10	2
42	11	3
42	12	1
42	13	1
42	14	2
42	15	1
42	16	1
42	17	2
42	19	3
42	20	2
42	23	2
42	24	1
42	26	1
42	27	4
42	28	4
42	29	4
42	30	2
42	31	2
42	32	5
42	33	1
42	34	3
42	35	7
42	36	3
42	37	1
42	38	3
42	39	5
42	40	4
42	41	5
43	0	1
43	1	1
43	2	1
43	4	2
43	5	1
43	7	2
43	8	5
43	9	1
43	12	3
43	13	3
43	14	1
43	15	4
43	16	3
43	17	3
43	18	1
43	19	4
43	20	1
43	21	2
43	23	1
43	24	2
43	25	1
43	27	3
43	28	4
43	29	2
43	30	2
43	31	6
43	33	4
43	35	2
43	36	3
43	37	1
43	38	2
43	39	1
43	41	5
43	42	9
44	0	2
44	1	2
44	2	3
44	3	4
44	4	3
44	8	2
44	9	1
44	10	1
44	11	2
44	12	1
44	13	2
44	17	1
44	18	1
44	19	3
44	20	2
44	26	1
44	28	2
44	29	3
44	30	2
44	31	5
44	32	3
44	33	3
44	35	2
44	36	1
44	37	1
44	38	1
44	39	1
44	40	7
44	41	4
44	42	5
44	43	13
45	2	2
45	4	3
45	6	1
45	7	2
45	8	1
45	9	2
45	10	2
45	12	1
45	13	2
45	14	2
45	17	2
45	18	1
45	19	1
45	20	3
45	23	1
45	24	2
45	26	2
45	27	6
45	28	1
45	29	2
45	30	7
45	31	5
45	32	1
45	33	2
45	34	4
45	35	3
45	36	2
45	37	2
45	38	5
45	39	1
45	40	3
45	41	2
45	42	2
45	43	10
45	44	8
46	0	1
46	2	1
46	4	3
46	5	2
46	8	2
46	9	2
46	10	2
46	11	2
46	12	4
46	14	1
46	15	3
46	18	2
46	19	3
46	21	1
46	27	1
46	28	1
46	29	1
46	30	2
46	31	1
46	32	5
46	33	2
46	34	1
46	35	3
46	37	3
46	38	4
46	39	2
46	40	6
46	41	6
46	42	5
46	43	4
46	44	3
46	45	12
47	1	1
47	2	3
47	3	2
47	4	1
47	5	1
47	8	2
47	12	1
47	13	4
47	14	1
47	16	1
47	19	2
47	20	2
47	23	1
47	24	1
47	27	2
47	28	1
47	29	4
47	31	3
47	32	1
47	33	1
47	34	3
47	35	1
47	37	4
47	38	3
47	39	1
47	40	2
47	41	4
47	42	2
47	43	1
47	44	4
47	45	4
47	46	3
48	2	1
48	3	1
48	4	2
48	6	1
48	7	2
48	8	2
48	11	2
48	12	2
48	13	2
48	14	1
48	15	2
48	20	1
48	22	1
48	24	1
48	28	3
48	35	5
48	36	3
48	37	4
48	38	2
48	39	5
48	40	1
48	42	3
48	43	4
48	44	3
48	45	1
48	46	5
48	47	15
49	0	5
49	1	3
49	2	2
49	3	1
49	4	4
49	5	4
49	6	1
49	8	1
49	9	2
49	10	1
49	11	2
49	12	3
49	13	4
49	14	3
49	15	4
49	16	2
49	17	4
49	18	4
49	19	2
49	20	2
49	24	2
49	27	1
49	28	1
49	29	1
49	31	3
49	32	1
49	33	1
49	34	1
49	35	1
49	36	2
49	37	2
49	38	7
49	39	1
49	40	5
49	41	5
49	42	4
49	43	2
49	44	4
49	45	5
49	46	3
49	47	4
49	48	11
50	3	2
50	5	1
50	9	2
50	13	5
50	15	3
50	18	2
50	23	1
50	27	2
50	28	2
50	29	2
50	30	2
50	31	2
50	32	1
50	36	2
50	37	2
50	38	8
50	39	1
50	40	1
50	41	2
50	42	2
50	43	3
50	44	1
50	45	2
50	46	3
50	47	4
50	48	6
50	49	8
51	4	2
51	5	4
51	8	3
51	9	3
51	11	1
51	12	2
51	13	2
51	15	2
51	16	1
51	17	3
51	20	1
51	24	1
51	25	1
51	26	3
51	27	2
51	28	3
51	29	3
51	31	2
51	32	2
51	34	1
51	35	5
51	36	2
51	37	3
51	38	4
51	39	2
51	40	3
51	41	2
51	42	4
51	43	6
51	44	1
51	45	3
51	46	4
51	47	5
51	48	1
51	49	7
51	50	2
52	6	2
52	7	1
52	9	3
52	10	5
52	11	2
52	13	5
52	15	1
52	16	2
52	17	2
52	18	3
52	20	1
52	24	1
52	26	1
52	28	6
52	29	1
52	30	4
52	31	3
52	32	2
52	33	1
52	34	2
52	35	5
52	36	1
52	37	3
52	38	3
52	39	6
52	40	1
52	41	4
52	42	1
52	44	2
52	46	1
52	47	4
52	48	2
52	49	11
52	50	13
52	51	11
53	1	1
53	2	3
53	3	1
53	4	3
53	7	3
53	8	3
53	9	1
53	10	4
53	11	1
53	13	3
53	14	1
53	15	2
53	16	5
53	17	1
53	18	1
53	19	2
53	20	1
53	22	1
53	24	1
53	26	3
53	27	4
53	28	9
53	29	3
53	31	1
53	32	2
53	34	1
53	35	4
53	36	3
53	37	5
53	38	3
53	39	3
53	40	9
53	41	2
53	42	7
53	43	4
53	44	3
53	45	2
53	46	4
53	47	1
53	48	3
53	49	14
53	50	5
53	51	7
53	52	4
54	0	1
54	1	5
54	2	3
54	4	2
54	6	1
54	8	1
54	9	4
54	10	2
54	11	1
54	12	2
54	13	3
54	14	2
54	15	1
54	16	5
54	17	1
54	18	2
54	19	3
54	20	1
54	26	3
54	27	6
54	28	3
54	29	2
54	30	3
54	31	2
54	32	3
54	35	1
54	36	1
54	38	5
54	39	3
54	40	4
54	41	3
54	42	8
54	43	4
54	44	6
54	45	3
54	46	4
54	47	11
54	48	6
54	49	3
54	50	5
54	51	3
54	52	2
54	53	3
55	0	2
55	1	3
55	2	2
55	3	1
55	4	3
55	8	2
55	9	1
55	10	1
55	11	5
55	13	1
55	14	1
55	17	7
55	18	3
55	19	2
55	20	2
55	22	2
55	24	2
55	27	6
55	28	6
55	29	2
55	30	3
55	31	1
55	32	4
55	33	5
55	34	4
55	35	1
55	36	2
55	37	4
55	38	1
55	39	2
55	40	5
55	41	3
55	42	5
55	43	5
55	44	5
55	45	4
55	46	3
55	47	7
55	48	4
55	49	6
55	50	4
55	51	2
55	52	2
55	53	3
55	54	9
56	5	4
56	9	2
56	10	1
56	12	1
56	13	3
56	17	1
56	18	1
56	21	1
56	22	1
56	23	1
56	27	3
56	28	2
56	29	1
56	30	5
56	31	2
56	32	1
56	33	2
56	35	3
56	38	3
56	39	2
56	40	3
56	41	1
56	42	1
56	43	5
56	44	3
56	45	8
56	46	10
56	47	9
56	48	2
56	49	8
56	50	2
56	51	1
56	52	3
56	53	5
56	54	5
56	55	3
57	0	2
57	4	1
57	6	2
57	8	1
57	9	1
57	10	2
57	11	1
57	12	3
57	13	2
57	15	3
57	16	2
57	18	1
57	19	1
57	27	2
57	28	3
57	29	3
57	30	2
57	31	4
57	32	1
57	33	1
57	35	3
57	38	2
57	39	5
57	40	5
57	41	8
57	42	3
57	43	5
57	44	2
57	45	10
57	46	3
57	47	4
57	48	5
57	49	7
57	50	1
57	51	4
57	52	4
57	53	8
57	54	1
57	55	2
57	56	11
58	0	1
58	1	1
58	4	1
58	8	2
58	9	3
58	10	3
58	13	3
58	14	3
58	19	1
58	20	1
58	24	1
58	26	1
58	27	4
58	28	2
58	29	2
58	30	1
58	31	4
58	32	3
58	33	1
58	34	1
58	36	1
58	37	4
58	38	1
58	39	1
58	40	4
58	41	2
58	42	2
58	43	2
58	44	3
58	45	3
58	46	4
58	47	4
58	48	1
58	49	2
58	50	1
58	51	3
58	52	1
58	53	9
58	54	2
58	55	3
58	56	4
59	1	2
59	2	2
59	4	1
59	5	1
59	8	4
59	9	1
59	10	1
59	11	3
59	12	1
59	13	1
59	14	2
59	16	2
59	17	2
59	18	1
59	19	1
59	20	2
59	21	2
59	22	1
59	26	3
59	27	4
59	28	6
59	29	2
59	30	4
59	31	2
59	32	3
59	33	2
59	36	3
59	37	3
59	38	3
59	39	3
59	40	3
59	42	4
59	43	9
59	44	7
59	45	4
59	47	4
59	48	3
59	49	2
59	50	5
59	51	2
59	52	2
59	53	4
59	54	1
59	55	6
59	56	6
59	57	5
59	58	13
60	1	3
60	2	1
60	3	4
60	4	2
60	5	1
60	6	1
60	10	2
60	12	4
60	13	3
60	14	4
60	15	5
60	16	2
60	17	2
60	18	5
60	19	3
60	20	3
60	22	2
60	24	3
60	26	2
60	27	6
60	28	5
60	29	3
60	30	2
60	32	4
60	34	2
60	35	3
60	36	3
60	37	4
60	38	5
60	39	4
60	40	2
60	41	5
60	42	6
60	43	7
60	44	5
60	46	2
60	47	4
60	48	3
60	49	10
60	50	4
60	51	8
60	52	14
60	53	12
60	54	2
60	55	4
60	56	7
60	57	7
60	58	3
60	59	2
