1	0	10
2	0	2
2	1	17
3	0	3
3	1	2
3	2	8
4	0	2
4	1	3
4	2	2
4	3	4
5	1	6
5	3	6
5	4	7
6	0	2
6	1	2
6	2	1
6	3	2
6	4	8
6	5	4
7	1	3
7	2	3
7	3	5
7	4	3
7	5	3
7	6	6
8	0	1
8	1	1
8	2	3
8	3	4
8	4	18
8	5	5
8	6	11
8	7	11
9	0	1
9	1	4
9	2	2
9	3	2
9	4	16
9	5	2
9	6	3
9	7	2
9	8	6
10	0	2
10	1	2
10	2	4
10	3	7
10	4	2
10	5	4
10	6	5
10	7	3
10	8	2
10	9	10
11	0	1
11	1	1
11	2	1
11	3	2
11	4	4
11	6	1
11	7	6
11	8	4
11	9	4
11	10	9
12	1	2
12	2	2
12	3	3
12	4	4
12	5	3
12	6	2
12	7	1
12	8	5
12	9	6
12	10	8
12	11	17
13	0	2
13	1	2
13	3	2
13	5	5
13	6	1
13	8	1
13	9	7
13	10	4
13	11	3
13	12	2
14	2	1
14	3	2
14	4	3
14	5	2
14	6	1
14	7	1
14	8	2
14	9	1
14	10	2
14	11	1
14	12	1
14	13	2
15	3	1
15	4	2
15	5	1
15	8	4
15	10	7
15	11	1
15	12	3
15	13	3
15	14	9
16	1	1
16	2	1
16	3	1
16	5	2
16	6	1
16	7	1
16	8	2
16	9	3
16	10	1
16	11	3
16	12	4
16	13	11
16	14	6
17	3	1
17	4	3
17	5	2
17	6	3
17	7	2
17	8	3
17	9	4
17	10	8
17	11	2
17	12	1
17	13	8
17	14	5
17	15	8
17	16	9
18	1	4
18	2	2
18	3	1
18	4	8
18	5	4
18	6	2
18	7	2
18	8	1
18	9	1
18	10	2
18	11	1
18	12	2
18	13	5
18	14	6
18	15	1
18	16	6
18	17	6
19	0	1
19	1	3
19	2	1
19	4	2
19	5	4
19	6	6
19	7	10
19	8	7
19	9	5
19	10	8
19	11	2
19	12	6
19	13	5
19	14	5
19	15	4
19	16	4
19	17	12
19	18	9
20	1	4
20	2	1
20	3	2
20	4	4
20	5	6
20	6	4
20	7	3
20	8	6
20	9	6
20	10	1
20	11	3
20	12	5
20	13	4
20	14	5
20	15	1
20	16	5
20	17	2
20	18	4
20	19	13
21	0	2
21	1	2
21	2	2
21	3	3
21	4	5
21	5	2
21	6	2
21	7	3
21	8	5
21	9	2
21	10	4
21	11	3
21	13	5
21	14	2
21	15	1
21	16	3
21	18	3
21	19	8
21	20	8
22	0	2
22	2	3
22	3	3
22	4	4
22	5	3
22	6	4
22	8	9
22	9	4
22	10	1
22	12	4
22	14	2
22	15	3
22	17	8
22	18	4
22	19	7
22	20	4
22	21	7
23	0	2
23	1	1
23	3	1
23	4	1
23	5	3
23	8	4
23	9	1
23	10	1
23	11	1
23	12	1
23	13	1
23	14	1
23	15	2
23	16	2
23	17	1
23	18	3
23	19	1
23	20	3
23	21	2
23	22	7
24	2	2
24	3	3
24	4	4
24	5	4
24	6	2
24	7	3
24	8	3
24	9	1
24	10	2
24	11	2
24	12	3
24	13	1
24	14	3
24	15	3
24	16	1
24	18	3
24	19	3
24	20	2
24	21	3
24	22	2
24	23	14
25	3	1
25	5	1
25	8	2
25	9	1
25	12	1
25	15	2
25	19	2
25	23	2
26	2	1
26	3	2
26	6	1
26	8	2
26	13	1
26	14	2
26	16	2
26	17	1
26	18	2
26	19	4
26	24	1
27	4	3
27	6	1
27	7	4
27	8	3
27	12	1
27	13	2
27	14	5
27	15	5
27	16	2
27	17	1
27	18	3
27	19	2
27	20	6
27	21	2
27	22	3
27	23	1
27	24	2
27	26	1
28	1	2
28	2	3
28	3	3
28	4	3
28	5	4
28	7	3
28	8	5
28	9	3
28	10	4
28	11	1
28	12	2
28	13	4
28	14	3
28	15	5
28	16	4
28	17	2
28	18	7
28	19	3
28	20	5
28	21	4
28	22	4
28	23	4
28	24	4
28	26	3
28	27	4
29	1	3
29	2	2
29	4	1
29	5	1
29	6	1
29	7	2
29	8	3
29	9	4
29	10	1
29	11	1
29	12	2
29	13	3
29	14	2
29	16	1
29	18	1
29	19	1
29	20	2
29	21	2
29	22	1
29	23	1
29	24	3
29	27	3
29	28	7
30	0	1
30	1	1
30	2	2
30	3	1
30	4	3
30	5	2
30	8	1
30	9	1
30	10	4
30	11	1
30	13	1
30	14	3
30	16	2
30	17	3
30	18	2
30	19	2
30	20	4
30	22	2
30	23	4
30	24	2
30	26	2
30	27	2
30	28	6
30	29	8
31	1	1
31	2	2
31	3	1
31	4	3
31	5	2
31	9	2
31	10	3
31	11	1
31	12	2
31	13	3
31	15	2
31	16	1
31	17	2
31	18	1
31	19	4
31	20	5
31	21	3
31	23	1
31	24	1
31	26	1
31	27	3
31	28	2
31	29	5
31	30	8
32	1	1
32	2	3
32	5	3
32	8	1
32	10	3
32	13	2
32	14	1
32	15	1
32	19	2
32	20	2
32	21	2
32	22	1
32	23	2
32	24	3
32	26	1
32	27	3
32	28	6
32	29	1
32	30	2
32	31	4
33	1	2
33	3	1
33	5	6
33	6	1
33	7	1
33	8	4
33	9	2
33	10	5
33	11	2
33	13	1
33	14	3
33	15	2
33	16	1
33	17	1
33	18	4
33	19	5
33	20	2
33	21	4
33	22	2
33	23	2
33	24	2
33	26	3
33	28	8
33	29	3
33	30	9
33	31	2
33	32	8
34	0	1
34	1	1
34	2	2
34	3	2
34	4	2
34	5	3
34	6	4
34	7	5
34	8	3
34	9	1
34	10	4
34	11	1
34	12	1
34	13	4
34	14	1
34	16	2
34	17	3
34	18	3
34	19	3
34	20	4
34	21	4
34	22	3
34	23	1
34	24	3
34	26	1
34	27	2
34	28	7
34	29	5
34	30	4
34	31	2
34	32	1
34	33	5
35	0	3
35	1	3
35	2	4
35	3	2
35	4	5
35	5	2
35	6	5
35	7	3
35	8	4
35	9	4
35	10	7
35	11	4
35	12	8
35	13	2
35	14	3
35	15	2
35	16	7
35	17	3
35	18	10
35	19	8
35	20	3
35	21	4
35	22	1
35	24	7
35	26	2
35	27	6
35	28	9
35	29	3
35	30	4
35	31	2
35	32	4
35	33	3
35	34	12
36	0	3
36	1	4
36	2	4
36	3	8
36	4	6
36	5	3
36	7	3
36	8	2
36	9	4
36	10	4
36	11	1
36	12	3
36	13	2
36	14	3
36	16	2
36	17	3
36	18	4
36	19	3
36	20	4
36	21	5
36	22	1
36	24	1
36	28	5
36	31	3
36	33	3
36	34	5
36	35	4
37	0	1
37	1	2
37	2	2
37	3	2
37	4	2
37	5	1
37	6	2
37	7	1
37	8	1
37	9	1
37	10	5
37	11	2
37	12	2
37	13	3
37	14	5
37	15	1
37	16	7
37	17	5
37	18	1
37	19	3
37	20	5
37	21	2
37	22	3
37	24	1
37	25	1
37	26	1
37	27	4
37	28	7
37	29	5
37	30	4
37	32	3
37	33	2
37	34	6
37	35	10
37	36	7
38	0	2
38	1	1
38	2	1
38	3	2
38	4	2
38	5	4
38	6	4
38	7	2
38	8	4
38	9	4
38	10	3
38	12	4
38	13	7
38	14	3
38	15	2
38	17	1
38	18	3
38	19	4
38	20	4
38	21	4
38	23	1
38	25	2
38	26	2
38	27	3
38	28	8
38	29	1
38	30	2
38	31	2
38	32	3
38	33	6
38	34	4
38	35	5
38	36	5
38	37	7
39	1	2
39	2	2
39	3	2
39	4	6
39	5	3
39	7	4
39	8	5
39	9	6
39	10	2
39	11	2
39	12	1
39	13	11
39	14	3
39	15	4
39	16	3
39	17	1
39	18	4
39	19	3
39	20	5
39	21	1
39	22	2
39	23	1
39	26	3
39	27	5
39	28	9
39	31	2
39	32	2
39	33	4
39	34	3
39	35	8
39	36	5
39	37	12
39	38	19
40	3	1
40	4	3
40	5	1
40	6	1
40	7	2
40	8	2
40	9	4
40	10	4
40	11	4
40	12	3
40	13	3
40	14	3
40	16	3
40	17	1
40	18	1
40	19	4
40	20	1
40	22	4
40	23	3
40	24	2
40	26	1
40	27	6
40	28	8
40	29	5
40	30	7
40	31	7
40	32	4
40	33	3
40	34	2
40	35	7
40	36	5
40	37	7
40	38	10
40	39	8
41	1	1
41	2	1
41	3	3
41	5	3
41	6	3
41	7	2
41	8	1
41	9	2
41	10	3
41	12	4
41	13	4
41	14	1
41	15	3
41	16	4
41	17	2
41	18	3
41	19	2
41	20	3
41	21	3
41	22	3
41	23	2
41	24	1
41	25	1
41	26	2
41	27	2
41	28	9
41	29	8
41	30	5
41	31	6
41	32	4
41	33	4
41	34	3
41	35	1
41	36	7
41	37	5
41	38	16
41	39	4
41	40	18
42	5	2
42	6	1
42	7	1
42	8	1
42	9	1
42	12	1
42	13	3
42	14	3
42	15	3
42	16	2
42	17	1
42	18	2
42	19	3
42	20	2
42	21	2
42	22	1
42	23	2
42	24	1
42	26	1
42	27	4
42	28	3
42	29	4
42	30	2
42	31	7
42	32	2
42	33	1
42	34	2
42	35	7
42	36	1
42	37	4
42	38	3
42	39	4
42	40	4
42	41	6
43	1	3
43	2	1
43	3	1
43	5	1
43	7	1
43	8	1
43	9	4
43	10	3
43	11	2
43	12	1
43	13	3
43	14	2
43	15	2
43	17	3
43	18	1
43	20	6
43	21	4
43	23	2
43	24	5
43	25	1
43	27	2
43	28	6
43	29	4
43	30	3
43	31	2
43	32	3
43	33	3
43	35	4
43	36	6
43	37	3
43	38	1
43	39	1
43	40	4
43	41	2
43	42	4
44	0	3
44	2	1
44	3	1
44	4	3
44	5	2
44	9	1
44	10	1
44	13	1
44	14	3
44	16	3
44	17	1
44	18	3
44	20	1
44	27	2
44	28	4
44	29	2
44	30	9
44	31	2
44	32	2
44	33	3
44	34	2
44	35	2
44	36	6
44	37	3
44	38	5
44	39	2
44	40	4
44	41	3
44	42	1
44	43	10
45	0	2
45	1	1
45	2	1
45	3	4
45	4	2
45	5	4
45	6	1
45	7	1
45	8	2
45	10	1
45	12	1
45	13	4
45	17	3
45	18	2
45	19	1
45	20	3
45	23	2
45	24	1
45	26	1
45	27	1
45	28	3
45	29	1
45	30	2
45	31	1
45	33	5
45	35	3
45	36	5
45	37	2
45	38	2
45	39	5
45	40	3
45	41	2
45	42	2
45	43	6
45	44	4
46	1	2
46	2	1
46	3	1
46	4	4
46	5	3
46	7	2
46	8	1
46	9	1
46	10	1
46	11	3
46	12	2
46	13	1
46	14	2
46	15	1
46	18	2
46	19	2
46	22	2
46	26	3
46	27	3
46	28	5
46	29	3
46	30	2
46	31	4
46	32	3
46	33	2
46	34	3
46	35	5
46	37	1
46	38	3
46	39	1
46	40	3
46	41	5
46	42	3
46	43	4
46	44	4
46	45	13
47	1	2
47	2	1
47	3	1
47	4	2
47	8	3
47	10	2
47	11	1
47	12	2
47	13	4
47	14	3
47	15	2
47	16	1
47	17	3
47	19	3
47	20	1
47	23	4
47	24	2
47	27	2
47	28	6
47	30	4
47	31	2
47	32	2
47	34	1
47	35	3
47	36	4
47	37	1
47	38	3
47	39	3
47	40	3
47	41	4
47	42	3
47	43	1
47	44	3
47	45	2
47	46	7
48	1	2
48	2	1
48	3	2
48	4	1
48	8	2
48	10	4
48	12	1
48	13	1
48	14	3
48	15	2
48	22	2
48	24	1
48	27	2
48	28	1
48	30	2
48	35	1
48	37	1
48	38	1
48	39	2
48	40	5
48	41	2
48	42	3
48	43	3
48	44	1
48	45	1
48	46	6
48	47	11
49	0	3
49	2	4
49	3	2
49	4	1
49	5	2
49	6	2
49	7	1
49	8	7
49	9	2
49	10	4
49	12	4
49	13	3
49	14	3
49	15	4
49	16	2
49	17	1
49	18	2
49	19	1
49	21	1
49	23	1
49	27	3
49	29	1
49	30	1
49	31	2
49	32	1
49	33	2
49	34	4
49	35	3
49	36	1
49	37	4
49	38	5
49	39	4
49	40	1
49	41	3
49	42	7
49	43	5
49	44	6
49	45	2
49	46	4
49	47	8
49	48	7
50	0	1
50	1	1
50	4	2
50	8	1
50	9	1
50	10	1
50	12	2
50	13	1
50	14	2
50	25	1
50	27	1
50	28	4
50	29	2
50	30	1
50	36	2
50	37	1
50	38	4
50	39	1
50	40	2
50	41	3
50	42	3
50	43	3
50	44	2
50	45	1
50	46	2
50	47	2
50	48	3
50	49	8
51	1	2
51	4	1
51	5	2
51	8	2
51	9	2
51	10	3
51	11	1
51	12	3
51	13	6
51	14	3
51	15	2
51	16	2
51	17	1
51	18	1
51	19	8
51	20	2
51	24	1
51	26	1
51	27	2
51	28	2
51	29	5
51	30	1
51	31	2
51	32	1
51	33	1
51	35	3
51	36	2
51	37	3
51	38	6
51	39	3
51	40	3
51	41	3
51	42	3
51	43	2
51	44	2
51	45	1
51	46	5
51	47	3
51	48	4
51	49	3
51	50	4
52	0	1
52	4	1
52	6	2
52	7	1
52	8	1
52	9	1
52	10	3
52	11	3
52	12	3
52	13	1
52	14	3
52	15	5
52	16	1
52	17	3
52	18	4
52	19	1
52	20	1
52	21	2
52	26	1
52	27	3
52	29	2
52	30	2
52	31	2
52	32	1
52	33	1
52	34	1
52	35	6
52	36	1
52	37	5
52	38	5
52	39	2
52	40	2
52	41	6
52	42	3
52	43	2
52	44	2
52	45	4
52	46	2
52	47	1
52	48	1
52	49	9
52	50	7
52	51	18
53	1	1
53	2	2
53	3	1
53	4	2
53	5	1
53	7	1
53	8	2
53	9	1
53	10	1
53	11	1
53	12	5
53	13	1
53	14	2
53	15	3
53	16	2
53	17	1
53	18	1
53	19	1
53	20	2
53	22	1
53	24	1
53	28	3
53	29	1
53	30	2
53	31	1
53	32	2
53	33	5
53	34	4
53	35	2
53	36	2
53	37	4
53	38	9
53	39	4
53	40	4
53	41	5
53	42	5
53	43	2
53	44	1
53	45	2
53	46	2
53	47	4
53	48	3
53	49	9
53	50	4
53	51	6
53	52	9
54	0	2
54	2	2
54	3	3
54	4	4
54	5	2
54	6	1
54	7	2
54	8	5
54	9	6
54	11	2
54	12	1
54	13	3
54	14	3
54	15	4
54	16	3
54	17	1
54	18	1
54	19	3
54	20	2
54	23	1
54	26	4
54	27	1
54	28	1
54	29	3
54	30	3
54	31	2
54	32	4
54	34	1
54	35	3
54	36	4
54	37	2
54	38	1
54	39	3
54	40	2
54	41	5
54	42	1
54	43	2
54	44	4
54	45	4
54	46	4
54	47	11
54	48	7
54	49	4
54	51	3
54	52	1
55	0	2
55	1	2
55	2	2
55	3	1
55	5	3
55	8	3
55	9	1
55	10	3
55	11	1
55	12	2
55	13	4
55	14	1
55	15	3
55	16	1
55	17	4
55	18	3
55	19	1
55	20	2
55	24	2
55	25	2
55	28	4
55	29	2
55	30	5
55	31	3
55	32	2
55	33	3
55	34	1
55	35	3
55	36	1
55	37	2
55	38	5
55	39	6
55	40	3
55	41	5
55	42	2
55	43	4
55	44	2
55	45	4
55	46	5
55	47	4
55	48	2
55	49	4
55	50	1
55	51	7
55	52	6
55	53	3
55	54	14
56	3	1
56	5	2
56	9	1
56	10	6
56	12	4
56	13	2
56	15	1
56	17	1
56	18	1
56	19	1
56	20	1
56	26	3
56	28	2
56	30	1
56	31	3
56	32	1
56	36	2
56	37	4
56	38	6
56	39	7
56	40	8
56	41	1
56	43	10
56	44	2
56	45	5
56	46	7
56	47	5
56	48	4
56	49	5
56	50	1
56	51	4
56	52	3
56	53	5
56	54	3
56	55	4
57	2	1
57	4	2
57	6	1
57	8	3
57	9	1
57	12	3
57	13	1
57	14	1
57	15	1
57	16	1
57	18	1
57	19	4
57	23	1
57	24	1
57	25	2
57	27	2
57	28	2
57	29	1
57	30	3
57	31	2
57	32	2
57	33	1
57	34	3
57	35	2
57	36	1
57	37	1
57	38	9
57	39	2
57	40	2
57	41	6
57	42	2
57	43	2
57	44	2
57	45	7
57	46	6
57	47	1
57	48	9
57	49	3
57	50	4
57	51	3
57	52	5
57	53	3
57	54	2
57	55	2
57	56	10
58	0	1
58	1	1
58	4	2
58	8	2
58	10	1
58	12	3
58	15	5
58	17	2
58	18	1
58	19	1
58	25	1
58	27	1
58	28	2
58	29	2
58	30	1
58	31	3
58	32	3
58	33	1
58	34	1
58	35	1
58	36	1
58	37	2
58	38	3
58	39	3
58	40	2
58	41	4
58	42	5
58	43	3
58	44	1
58	45	3
58	46	2
58	47	7
58	48	4
58	49	3
58	50	1
58	51	1
58	52	3
58	53	2
58	54	4
58	55	2
58	56	4
58	57	8
59	1	2
59	2	1
59	5	2
59	7	2
59	9	4
59	10	1
59	11	2
59	12	3
59	13	4
59	14	1
59	15	2
59	16	3
59	17	3
59	18	2
59	21	1
59	22	2
59	24	1
59	26	2
59	27	4
59	28	4
59	29	2
59	30	3
59	31	3
59	32	4
59	33	1
59	34	4
59	35	4
59	36	3
59	37	7
59	38	6
59	39	2
59	40	1
59	41	3
59	42	4
59	43	4
59	44	3
59	45	3
59	46	3
59	47	3
59	48	7
59	49	2
59	50	1
59	51	1
59	52	4
59	53	4
59	54	4
59	55	1
59	56	8
59	57	2
59	58	10
60	0	1
60	1	5
60	3	3
60	4	3
60	5	2
60	7	1
60	8	2
60	9	2
60	10	3
60	11	2
60	12	2
60	13	3
60	14	5
60	15	3
60	16	3
60	17	2
60	18	3
60	19	1
60	20	1
60	21	2
60	22	1
60	24	1
60	26	2
60	27	3
60	28	6
60	29	4
60	30	4
60	31	3
60	32	2
60	33	2
60	34	3
60	35	4
60	36	1
60	37	4
60	38	2
60	39	7
60	40	3
60	41	8
60	42	7
60	43	3
60	44	1
60	45	4
60	46	3
60	47	4
60	48	2
60	49	3
60	50	5
60	51	13
60	52	12
60	53	10
60	54	5
60	55	4
60	56	4
60	57	3
60	58	2
60	59	6
