1	0	8
2	0	8
2	1	13
3	0	1
3	1	6
3	2	3
4	1	4
4	2	2
4	3	4
5	0	2
5	1	6
5	2	9
5	3	5
5	4	8
6	0	1
6	1	1
6	2	4
6	3	4
6	4	8
6	5	9
7	2	3
7	3	5
7	4	5
7	5	2
7	6	6
8	1	2
8	2	4
8	3	2
8	4	14
8	5	6
8	6	13
8	7	7
9	0	1
9	1	2
9	2	2
9	3	3
9	4	9
9	5	6
9	6	3
9	7	2
9	8	7
10	0	3
10	1	4
10	2	1
10	3	5
10	4	9
10	5	3
10	6	6
10	7	8
10	8	6
10	9	11
11	1	2
11	2	1
11	3	5
11	4	1
11	5	2
11	6	1
11	7	2
11	8	1
11	9	5
11	10	13
12	1	2
12	2	1
12	3	2
12	4	2
12	5	4
12	6	2
12	7	1
12	8	5
12	9	4
12	10	9
12	11	9
13	0	2
13	1	1
13	2	3
13	3	2
13	4	1
13	5	2
13	6	2
13	8	6
13	9	5
13	10	3
13	11	4
13	12	5
14	2	3
14	3	1
14	4	3
14	5	1
14	6	3
14	7	2
14	8	2
14	9	1
14	10	3
14	12	2
14	13	7
15	0	2
15	2	2
15	3	1
15	4	1
15	5	1
15	6	2
15	7	4
15	8	7
15	9	2
15	10	5
15	11	4
15	12	1
15	13	8
15	14	10
16	1	2
16	2	1
16	3	3
16	4	3
16	5	3
16	7	1
16	9	5
16	10	4
16	11	3
16	12	3
16	13	7
16	14	10
16	15	2
17	1	1
17	2	2
17	3	1
17	4	2
17	5	1
17	6	3
17	7	3
17	8	1
17	9	2
17	10	3
17	11	3
17	12	5
17	13	6
17	14	5
17	15	2
17	16	7
18	0	1
18	1	2
18	2	1
18	4	3
18	5	4
18	6	3
18	7	2
18	8	3
18	9	3
18	10	3
18	11	3
18	13	6
18	14	3
18	15	3
18	16	13
18	17	4
19	1	3
19	2	1
19	3	3
19	4	8
19	5	4
19	8	4
19	9	4
19	10	4
19	11	4
19	12	5
19	13	6
19	14	3
19	15	3
19	16	1
19	17	6
19	18	9
20	1	3
20	2	1
20	3	1
20	4	5
20	5	7
20	6	3
20	7	6
20	8	7
20	9	1
20	10	6
20	11	2
20	12	7
20	13	4
20	14	4
20	15	1
20	17	4
20	18	7
20	19	10
21	0	1
21	1	5
21	3	6
21	4	4
21	5	6
21	6	3
21	8	4
21	9	3
21	10	2
21	11	1
21	12	2
21	13	2
21	14	2
21	16	4
21	17	2
21	18	4
21	19	4
21	20	5
22	1	3
22	3	1
22	4	3
22	5	1
22	6	1
22	7	1
22	8	5
22	9	2
22	10	1
22	11	3
22	12	3
22	13	2
22	14	2
22	15	3
22	16	6
22	17	2
22	18	1
22	19	5
22	20	6
22	21	11
23	3	3
23	4	1
23	5	1
23	6	3
23	7	2
23	8	1
23	11	3
23	12	2
23	13	1
23	14	1
23	15	2
23	16	2
23	17	2
23	18	1
23	19	5
23	20	6
23	21	5
23	22	7
24	1	1
24	2	2
24	3	2
24	4	3
24	5	4
24	6	3
24	7	1
24	9	2
24	10	1
24	11	4
24	12	1
24	13	2
24	14	2
24	15	4
24	16	2
24	18	3
24	19	3
24	20	4
24	21	5
24	22	4
24	23	11
25	5	1
25	6	1
25	8	1
25	11	2
25	16	1
25	17	2
25	19	1
26	1	3
26	3	1
26	6	1
26	8	1
26	10	1
26	13	2
26	14	3
26	15	1
26	16	1
26	17	1
26	18	2
26	19	1
26	20	1
26	22	1
27	4	2
27	5	4
27	7	3
27	8	1
27	9	3
27	10	2
27	11	1
27	12	3
27	13	2
27	14	4
27	15	2
27	16	2
27	17	2
27	18	7
27	19	2
27	20	1
27	22	2
27	24	1
27	26	3
28	0	2
28	2	3
28	3	1
28	4	4
28	5	4
28	6	1
28	7	1
28	8	3
28	9	3
28	10	4
28	11	1
28	12	5
28	13	5
28	14	2
28	15	4
28	16	2
28	17	2
28	18	4
28	19	7
28	20	2
28	21	5
28	22	4
28	23	2
28	24	3
28	26	1
28	27	7
29	1	5
29	2	2
29	3	3
29	4	1
29	5	3
29	6	2
29	7	1
29	8	7
29	9	2
29	10	2
29	11	2
29	12	2
29	13	4
29	15	1
29	16	3
29	17	3
29	18	1
29	19	2
29	20	2
29	21	4
29	22	1
29	24	3
29	27	1
29	28	3
30	0	1
30	1	2
30	2	2
30	3	1
30	4	5
30	5	1
30	6	2
30	7	3
30	8	4
30	9	1
30	10	4
30	11	5
30	12	4
30	13	2
30	14	2
30	15	2
30	17	3
30	18	4
30	19	5
30	20	1
30	21	1
30	22	3
30	23	2
30	24	4
30	27	3
30	28	6
30	29	8
31	1	1
31	2	1
31	3	2
31	4	1
31	5	2
31	9	2
31	11	1
31	13	2
31	14	3
31	15	2
31	16	2
31	17	2
31	18	2
31	19	2
31	21	4
31	22	1
31	24	2
31	26	2
31	27	3
31	28	10
31	29	5
31	30	6
32	4	3
32	5	1
32	6	1
32	8	1
32	9	1
32	10	3
32	11	2
32	12	4
32	13	3
32	14	1
32	16	2
32	17	2
32	18	1
32	20	2
32	21	5
32	22	3
32	24	1
32	26	2
32	27	2
32	28	8
32	30	4
32	31	3
33	1	2
33	2	1
33	3	3
33	4	3
33	5	4
33	6	2
33	7	2
33	8	1
33	10	2
33	11	2
33	12	2
33	14	3
33	16	2
33	17	1
33	18	3
33	19	4
33	20	4
33	21	4
33	22	3
33	23	4
33	24	5
33	26	1
33	27	2
33	28	6
33	29	5
33	30	7
33	31	8
33	32	11
34	1	1
34	2	2
34	4	1
34	5	1
34	6	2
34	7	4
34	8	3
34	9	1
34	10	1
34	11	1
34	12	1
34	13	2
34	14	1
34	15	3
34	17	2
34	18	3
34	20	6
34	21	5
34	22	4
34	23	6
34	24	7
34	27	2
34	28	7
34	29	1
34	30	8
34	31	3
34	32	5
34	33	4
35	1	1
35	3	1
35	4	6
35	5	1
35	6	1
35	7	3
35	8	2
35	9	3
35	10	5
35	11	4
35	12	1
35	13	7
35	14	6
35	15	4
35	16	6
35	17	1
35	18	7
35	19	5
35	20	5
35	21	4
35	22	10
35	23	1
35	24	3
35	26	3
35	27	3
35	28	8
35	29	6
35	30	2
35	31	4
35	32	4
35	33	2
35	34	6
36	0	1
36	1	1
36	2	1
36	3	2
36	4	1
36	5	4
36	6	2
36	7	2
36	8	6
36	9	6
36	10	3
36	11	2
36	12	4
36	13	6
36	14	2
36	15	3
36	16	1
36	17	3
36	18	3
36	19	3
36	20	3
36	21	5
36	24	1
36	26	1
36	28	2
36	29	1
36	30	6
36	31	1
36	32	4
36	33	4
36	34	4
36	35	7
37	0	2
37	1	3
37	3	2
37	4	3
37	5	3
37	6	1
37	7	1
37	8	4
37	9	6
37	10	5
37	11	1
37	12	2
37	13	7
37	14	3
37	15	4
37	16	9
37	17	1
37	18	4
37	19	2
37	20	2
37	21	1
37	22	1
37	23	1
37	24	1
37	26	3
37	27	3
37	28	6
37	29	4
37	30	2
37	31	3
37	32	2
37	33	3
37	34	2
37	35	14
37	36	3
38	1	2
38	2	6
38	3	1
38	4	2
38	5	1
38	6	2
38	7	2
38	8	5
38	9	5
38	10	5
38	11	1
38	12	3
38	13	5
38	14	3
38	15	5
38	16	2
38	17	1
38	18	4
38	19	6
38	20	4
38	21	2
38	22	6
38	23	2
38	24	2
38	27	4
38	28	10
38	29	2
38	30	7
38	31	7
38	32	3
38	33	7
38	34	6
38	35	4
38	36	6
38	37	14
39	1	3
39	2	3
39	3	1
39	4	4
39	5	2
39	7	1
39	8	2
39	9	5
39	10	4
39	11	1
39	12	5
39	13	8
39	14	3
39	15	1
39	16	3
39	17	3
39	18	1
39	19	1
39	20	4
39	21	2
39	22	2
39	23	2
39	24	3
39	26	2
39	27	4
39	28	5
39	29	3
39	30	2
39	32	5
39	33	2
39	34	5
39	35	10
39	36	3
39	37	12
39	38	16
40	1	1
40	2	2
40	3	1
40	4	2
40	7	3
40	8	3
40	9	3
40	10	1
40	11	2
40	13	5
40	14	4
40	15	3
40	16	1
40	17	3
40	18	2
40	19	6
40	20	4
40	21	2
40	22	3
40	23	2
40	24	4
40	26	2
40	27	2
40	28	7
40	29	5
40	30	7
40	31	4
40	32	3
40	33	2
40	34	4
40	35	1
40	36	3
40	37	8
40	38	20
40	39	10
41	1	3
41	2	3
41	4	4
41	5	2
41	6	1
41	10	1
41	11	1
41	12	3
41	13	6
41	14	3
41	15	6
41	16	4
41	17	7
41	18	2
41	19	6
41	20	2
41	21	6
41	22	2
41	23	1
41	24	2
41	25	1
41	26	1
41	27	1
41	28	9
41	29	2
41	30	1
41	31	5
41	32	5
41	33	5
41	34	5
41	35	2
41	36	1
41	37	3
41	38	10
41	39	3
41	40	17
42	0	1
42	3	1
42	4	3
42	9	1
42	10	1
42	11	2
42	12	3
42	14	2
42	15	1
42	16	2
42	17	2
42	18	1
42	19	1
42	20	2
42	21	2
42	22	2
42	24	2
42	26	1
42	27	3
42	28	6
42	29	2
42	30	8
42	31	4
42	32	1
42	33	3
42	34	2
42	35	2
42	37	2
42	38	7
42	39	1
42	40	8
42	41	12
43	1	1
43	2	1
43	3	3
43	4	4
43	5	4
43	6	3
43	7	2
43	8	2
43	9	1
43	10	1
43	12	1
43	13	3
43	14	1
43	15	2
43	16	5
43	17	2
43	18	3
43	19	1
43	20	1
43	21	2
43	22	1
43	24	1
43	26	3
43	27	1
43	28	4
43	29	3
43	30	4
43	31	4
43	32	6
43	33	2
43	34	1
43	36	1
43	37	1
43	38	2
43	40	4
43	41	4
43	42	3
44	0	3
44	1	1
44	2	1
44	3	1
44	4	3
44	5	1
44	7	1
44	8	1
44	9	2
44	10	2
44	16	2
44	17	1
44	18	2
44	19	1
44	20	1
44	21	3
44	26	1
44	27	2
44	28	3
44	29	4
44	30	4
44	31	3
44	32	3
44	33	4
44	34	3
44	35	2
44	37	1
44	38	2
44	39	1
44	40	1
44	41	9
44	42	3
44	43	15
45	0	2
45	2	5
45	3	3
45	4	2
45	6	2
45	7	1
45	9	1
45	11	2
45	12	6
45	13	4
45	14	1
45	17	2
45	18	5
45	20	2
45	26	2
45	27	2
45	29	1
45	30	2
45	31	5
45	32	1
45	33	2
45	34	1
45	35	4
45	36	3
45	38	2
45	39	3
45	40	3
45	41	1
45	42	1
45	43	8
45	44	7
46	0	1
46	2	1
46	3	1
46	4	2
46	5	3
46	7	3
46	8	3
46	9	3
46	10	2
46	11	4
46	15	1
46	19	3
46	21	2
46	27	2
46	28	3
46	29	3
46	30	1
46	31	5
46	34	2
46	35	1
46	36	1
46	37	1
46	38	2
46	39	4
46	40	4
46	41	4
46	42	2
46	43	7
46	44	8
46	45	5
47	1	1
47	4	1
47	5	3
47	8	8
47	9	3
47	10	2
47	11	2
47	12	1
47	13	5
47	14	3
47	15	2
47	16	1
47	19	1
47	20	2
47	23	1
47	27	1
47	28	1
47	30	5
47	31	1
47	32	3
47	33	2
47	34	1
47	35	2
47	36	1
47	37	1
47	38	4
47	39	4
47	40	4
47	41	3
47	43	4
47	44	1
47	45	5
47	46	10
48	2	1
48	4	1
48	8	1
48	10	3
48	12	3
48	13	1
48	14	1
48	19	1
48	23	2
48	28	2
48	30	3
48	31	3
48	35	1
48	36	1
48	37	1
48	38	6
48	39	1
48	40	5
48	41	2
48	43	2
48	44	3
48	45	3
48	46	2
48	47	13
49	2	2
49	3	1
49	4	3
49	5	2
49	6	1
49	7	2
49	9	1
49	10	3
49	11	3
49	12	5
49	13	3
49	14	1
49	15	3
49	16	2
49	17	3
49	18	2
49	19	1
49	20	1
49	21	1
49	23	2
49	24	3
49	27	6
49	28	5
49	30	3
49	31	4
49	32	1
49	34	2
49	35	2
49	36	5
49	37	3
49	38	6
49	39	4
49	40	4
49	41	9
49	42	6
49	43	4
49	44	1
49	45	4
49	46	5
49	47	7
49	48	8
50	0	2
50	1	1
50	3	1
50	4	2
50	8	1
50	9	1
50	13	2
50	14	1
50	15	6
50	18	2
50	19	1
50	22	1
50	23	1
50	25	1
50	27	3
50	28	1
50	29	1
50	30	1
50	31	1
50	32	2
50	35	2
50	36	1
50	37	2
50	38	1
50	39	1
50	40	2
50	41	3
50	42	2
50	43	1
50	45	1
50	46	3
50	47	3
50	48	3
50	49	8
51	4	2
51	5	1
51	7	1
51	8	2
51	9	3
51	10	4
51	11	4
51	13	2
51	14	2
51	15	4
51	16	2
51	17	2
51	19	3
51	23	1
51	24	2
51	26	2
51	27	3
51	28	1
51	29	2
51	30	3
51	31	2
51	32	2
51	33	1
51	35	3
51	36	1
51	38	4
51	39	5
51	40	3
51	41	4
51	42	1
51	43	3
51	44	1
51	46	3
51	47	3
51	48	1
51	49	5
51	50	4
52	0	5
52	4	2
52	6	1
52	7	1
52	8	1
52	9	3
52	10	1
52	11	2
52	12	2
52	13	2
52	14	2
52	15	2
52	16	2
52	17	2
52	20	1
52	21	3
52	23	1
52	26	1
52	27	1
52	28	4
52	29	2
52	30	5
52	31	1
52	33	2
52	34	2
52	35	4
52	36	1
52	37	3
52	38	4
52	39	3
52	41	1
52	43	1
52	44	3
52	45	1
52	46	2
52	47	3
52	48	2
52	49	7
52	50	11
52	51	20
53	1	2
53	3	3
53	5	2
53	6	3
53	7	2
53	8	3
53	9	3
53	11	2
53	12	2
53	13	5
53	14	2
53	15	3
53	16	4
53	17	4
53	18	1
53	19	1
53	22	1
53	24	1
53	26	2
53	27	2
53	28	1
53	29	1
53	30	2
53	31	2
53	32	1
53	33	3
53	35	1
53	36	2
53	37	2
53	38	4
53	39	3
53	40	3
53	41	3
53	42	1
53	44	2
53	45	1
53	46	3
53	47	6
53	48	3
53	49	9
53	50	2
53	51	15
53	52	10
54	0	2
54	1	2
54	2	1
54	3	1
54	4	3
54	5	4
54	6	1
54	7	2
54	8	2
54	9	3
54	10	4
54	11	1
54	12	1
54	13	2
54	14	1
54	16	1
54	17	1
54	19	2
54	20	2
54	26	1
54	27	2
54	28	5
54	31	5
54	32	4
54	33	3
54	34	1
54	35	1
54	36	3
54	37	2
54	38	2
54	39	3
54	40	4
54	41	3
54	42	2
54	43	3
54	44	4
54	45	7
54	46	7
54	47	10
54	48	4
54	49	10
54	50	1
54	52	1
54	53	5
55	1	3
55	2	2
55	3	3
55	5	2
55	10	3
55	11	1
55	12	3
55	13	2
55	14	1
55	15	1
55	16	1
55	17	3
55	18	1
55	19	7
55	22	1
55	24	1
55	27	4
55	28	2
55	29	1
55	30	1
55	31	5
55	32	2
55	33	3
55	34	1
55	35	1
55	36	4
55	37	1
55	38	2
55	39	2
55	40	3
55	41	5
55	42	7
55	43	3
55	44	2
55	45	3
55	46	6
55	47	2
55	48	2
55	49	5
55	50	5
55	52	2
55	53	5
55	54	12
56	3	3
56	5	1
56	6	3
56	8	1
56	9	2
56	10	1
56	12	2
56	13	4
56	15	1
56	19	2
56	20	1
56	21	1
56	26	3
56	27	3
56	28	4
56	29	2
56	30	1
56	31	2
56	35	3
56	36	2
56	37	3
56	38	3
56	39	1
56	41	6
56	42	1
56	43	6
56	44	4
56	45	2
56	46	4
56	47	7
56	48	2
56	49	5
56	50	2
56	51	4
56	52	1
56	53	5
56	54	2
56	55	3
57	0	3
57	2	2
57	3	1
57	4	2
57	8	4
57	9	4
57	10	3
57	11	2
57	12	1
57	13	5
57	14	1
57	15	2
57	17	2
57	19	1
57	22	1
57	24	2
57	27	2
57	28	2
57	29	3
57	30	3
57	31	3
57	32	1
57	33	2
57	34	2
57	35	3
57	37	3
57	38	3
57	39	2
57	40	3
57	41	2
57	42	3
57	43	6
57	44	2
57	45	1
57	46	5
57	47	7
57	48	1
57	49	7
57	50	3
57	51	4
57	52	2
57	53	6
57	54	2
57	55	4
57	56	14
58	0	2
58	1	2
58	3	3
58	4	3
58	8	1
58	9	1
58	13	1
58	15	1
58	18	2
58	24	3
58	26	3
58	27	1
58	28	1
58	29	1
58	30	1
58	31	3
58	33	1
58	37	3
58	38	6
58	39	2
58	40	3
58	42	2
58	43	1
58	44	2
58	45	2
58	46	2
58	47	2
58	48	1
58	49	5
58	50	1
58	51	4
58	52	2
58	53	1
58	54	6
58	55	2
58	56	5
58	57	5
59	2	4
59	3	2
59	4	1
59	5	1
59	7	2
59	8	4
59	10	2
59	11	2
59	12	5
59	13	3
59	14	2
59	15	3
59	16	3
59	17	2
59	18	2
59	19	1
59	20	3
59	21	3
59	22	2
59	26	1
59	27	5
59	28	5
59	29	4
59	30	3
59	31	2
59	32	3
59	33	2
59	34	4
59	35	2
59	36	2
59	37	2
59	38	2
59	39	2
59	40	1
59	41	4
59	42	5
59	43	12
59	44	7
59	45	2
59	46	6
59	47	5
59	48	2
59	49	3
59	50	2
59	51	7
59	52	1
59	53	6
59	54	2
59	55	1
59	56	10
59	57	7
59	58	6
60	0	1
60	1	1
60	2	5
60	3	2
60	4	2
60	5	1
60	6	1
60	7	1
60	8	1
60	9	2
60	10	2
60	11	3
60	12	2
60	13	5
60	14	3
60	15	4
60	16	5
60	17	1
60	18	10
60	20	1
60	21	4
60	22	1
60	24	1
60	26	4
60	27	1
60	28	2
60	29	4
60	30	2
60	31	2
60	32	3
60	33	3
60	34	2
60	35	3
60	36	5
60	37	2
60	38	6
60	39	6
60	40	3
60	41	5
60	42	6
60	43	4
60	44	2
60	45	1
60	46	6
60	47	2
60	48	3
60	49	7
60	50	7
60	51	11
60	52	17
60	53	9
60	54	6
60	55	2
60	56	1
60	57	8
60	58	3
60	59	4
