1	0	19
2	0	9
2	1	12
3	0	6
3	1	11
3	2	7
4	0	4
4	1	11
4	2	5
4	3	15
5	0	4
5	1	5
5	2	5
5	3	5
5	4	15
6	1	4
6	2	4
6	3	2
6	4	2
6	5	7
7	1	3
7	2	6
7	3	5
7	4	5
7	5	7
7	6	9
8	0	1
8	1	5
8	3	11
8	4	21
8	5	12
8	6	14
8	7	4
9	0	5
9	1	3
9	2	6
9	3	6
9	4	11
9	5	8
9	6	8
9	7	8
9	8	11
10	0	4
10	1	2
10	2	8
10	3	5
10	4	13
10	5	6
10	6	3
10	7	4
10	8	11
10	9	9
11	0	2
11	1	6
11	2	2
11	3	1
11	4	6
11	5	7
11	6	3
11	7	3
11	8	3
11	9	8
11	10	14
12	1	2
12	2	1
12	3	1
12	4	11
12	5	5
12	6	5
12	7	5
12	8	8
12	9	6
12	10	22
12	11	24
13	0	3
13	1	4
13	2	4
13	3	1
13	4	6
13	5	1
13	6	3
13	7	1
13	8	2
13	9	7
13	10	7
13	11	2
13	12	4
14	1	1
14	2	2
14	3	3
14	4	6
14	5	2
14	6	3
14	7	5
14	8	3
14	9	4
14	10	6
14	11	3
14	12	7
14	13	13
15	0	1
15	2	2
15	3	4
15	4	5
15	5	5
15	6	2
15	7	2
15	8	2
15	9	5
15	10	5
15	11	8
15	12	4
15	13	4
15	14	18
16	1	1
16	2	3
16	3	3
16	4	3
16	5	9
16	6	4
16	7	3
16	8	4
16	9	9
16	10	7
16	11	1
16	12	7
16	13	11
16	14	6
16	15	8
17	1	1
17	3	4
17	4	2
17	5	6
17	6	2
17	7	3
17	8	8
17	9	5
17	10	14
17	11	4
17	12	7
17	13	8
17	14	8
17	15	7
17	16	20
18	0	3
18	1	1
18	2	1
18	3	3
18	4	4
18	5	5
18	6	3
18	7	3
18	8	6
18	9	5
18	10	7
18	11	3
18	12	6
18	13	15
18	14	5
18	15	3
18	16	6
18	17	14
19	0	3
19	1	1
19	2	1
19	3	5
19	4	4
19	5	2
19	6	12
19	7	4
19	8	11
19	9	7
19	10	6
19	11	3
19	12	7
19	13	14
19	14	6
19	15	5
19	16	10
19	17	19
19	18	10
20	1	4
20	2	3
20	3	2
20	4	5
20	5	9
20	6	5
20	7	2
20	8	9
20	9	4
20	10	5
20	11	3
20	12	4
20	13	4
20	14	3
20	15	5
20	16	6
20	17	6
20	18	16
20	19	15
21	0	1
21	1	4
21	2	1
21	3	4
21	4	6
21	5	5
21	6	9
21	7	7
21	8	8
21	9	3
21	10	5
21	11	5
21	12	4
21	13	8
21	14	3
21	15	3
21	16	4
21	17	7
21	18	15
21	19	9
21	20	17
22	1	1
22	2	1
22	3	8
22	4	4
22	5	4
22	6	6
22	7	6
22	8	4
22	9	2
22	10	9
22	11	4
22	12	6
22	13	4
22	14	2
22	15	2
22	16	3
22	17	2
22	18	5
22	19	6
22	20	10
22	21	20
23	1	4
23	3	2
23	4	2
23	5	1
23	6	3
23	7	3
23	8	7
23	9	4
23	10	2
23	11	3
23	12	4
23	13	10
23	14	4
23	15	3
23	16	3
23	17	5
23	18	1
23	19	6
23	20	6
23	21	1
23	22	19
24	1	2
24	2	1
24	3	4
24	4	4
24	5	11
24	6	3
24	7	4
24	8	2
24	9	4
24	10	4
24	12	4
24	13	5
24	14	2
24	16	1
24	17	4
24	18	6
24	19	8
24	20	2
24	21	7
24	22	6
24	23	16
25	3	2
25	8	5
25	9	1
25	11	1
25	12	1
25	15	1
25	16	2
25	17	2
26	1	3
26	2	1
26	8	6
26	10	2
26	14	1
26	15	3
26	16	2
26	18	2
26	19	5
26	20	2
26	22	1
26	24	4
27	3	4
27	4	3
27	5	2
27	6	1
27	7	3
27	8	4
27	9	1
27	10	6
27	11	2
27	12	2
27	13	4
27	14	5
27	15	9
27	16	1
27	17	7
27	18	4
27	19	4
27	20	5
27	21	6
27	22	3
27	23	3
27	24	5
27	25	2
27	26	4
28	0	2
28	1	1
28	2	6
28	3	5
28	4	2
28	5	8
28	6	3
28	7	5
28	8	7
28	9	4
28	10	5
28	11	1
28	12	4
28	13	11
28	14	3
28	15	4
28	16	7
28	17	6
28	18	13
28	19	8
28	20	9
28	21	5
28	22	3
28	23	3
28	26	5
28	27	9
29	1	2
29	2	5
29	3	4
29	4	4
29	5	4
29	6	1
29	7	2
29	8	7
29	9	5
29	10	3
29	11	4
29	12	2
29	13	3
29	14	1
29	15	4
29	16	3
29	17	1
29	18	6
29	19	2
29	20	2
29	21	3
29	22	2
29	23	2
29	24	5
29	27	6
29	28	6
30	0	1
30	1	4
30	2	3
30	3	4
30	4	3
30	5	5
30	7	1
30	8	5
30	9	4
30	10	4
30	11	2
30	12	1
30	13	5
30	14	5
30	15	2
30	16	3
30	17	4
30	18	3
30	19	3
30	20	7
30	21	5
30	22	4
30	23	1
30	24	2
30	26	1
30	27	5
30	28	11
30	29	10
31	1	2
31	2	4
31	3	3
31	4	2
31	8	1
31	9	7
31	10	5
31	11	3
31	12	3
31	13	6
31	14	1
31	15	2
31	16	1
31	17	3
31	18	3
31	19	5
31	20	3
31	21	3
31	22	4
31	23	3
31	24	7
31	26	3
31	27	3
31	28	10
31	29	3
31	30	17
32	0	1
32	1	3
32	2	2
32	4	3
32	5	1
32	6	1
32	8	3
32	9	1
32	10	4
32	11	1
32	12	2
32	13	3
32	14	2
32	15	2
32	16	5
32	17	2
32	18	1
32	19	3
32	20	3
32	21	4
32	22	7
32	23	3
32	24	1
32	26	2
32	27	6
32	28	13
32	29	2
32	30	6
32	31	6
33	2	1
33	3	1
33	4	4
33	5	4
33	6	6
33	7	1
33	8	4
33	9	1
33	10	6
33	11	2
33	12	4
33	13	1
33	14	5
33	15	1
33	16	2
33	17	6
33	18	6
33	19	6
33	20	2
33	21	3
33	22	4
33	23	2
33	24	5
33	26	2
33	27	4
33	28	12
33	29	5
33	30	9
33	31	10
33	32	13
34	0	2
34	1	2
34	2	1
34	3	3
34	4	5
34	5	6
34	6	3
34	7	3
34	8	4
34	9	3
34	10	4
34	11	1
34	12	3
34	13	3
34	14	7
34	15	4
34	16	3
34	17	4
34	18	4
34	19	4
34	20	4
34	21	7
34	22	4
34	23	5
34	24	5
34	25	1
34	26	1
34	27	5
34	28	10
34	29	1
34	30	12
34	31	5
34	32	5
34	33	13
35	1	2
35	2	10
35	3	6
35	4	7
35	5	4
35	6	5
35	7	1
35	8	5
35	9	8
35	10	9
35	11	4
35	12	3
35	13	9
35	14	10
35	15	3
35	16	6
35	17	9
35	18	14
35	19	6
35	20	10
35	21	6
35	22	10
35	23	5
35	24	11
35	26	6
35	27	14
35	28	22
35	29	13
35	30	9
35	31	7
35	32	5
35	33	8
35	34	12
36	1	2
36	2	1
36	3	8
36	4	1
36	6	2
36	7	2
36	8	5
36	9	8
36	10	5
36	11	4
36	12	9
36	13	8
36	14	3
36	15	2
36	16	1
36	17	4
36	18	4
36	19	10
36	20	1
36	21	5
36	22	2
36	24	2
36	27	3
36	28	6
36	29	5
36	30	8
36	32	1
36	33	2
36	34	4
36	35	9
37	0	1
37	1	2
37	2	4
37	3	1
37	4	7
37	5	5
37	6	1
37	7	4
37	8	6
37	9	2
37	10	5
37	11	2
37	12	4
37	13	12
37	14	7
37	15	2
37	16	5
37	17	2
37	18	15
37	19	12
37	20	4
37	21	3
37	22	4
37	24	1
37	27	10
37	28	12
37	29	2
37	30	3
37	31	3
37	32	6
37	33	10
37	34	2
37	35	10
37	36	5
38	0	4
38	1	1
38	2	5
38	3	5
38	4	10
38	5	6
38	6	2
38	7	5
38	8	8
38	9	4
38	10	7
38	11	1
38	12	10
38	13	12
38	14	2
38	15	1
38	16	6
38	17	10
38	18	7
38	19	7
38	20	1
38	21	1
38	22	8
38	23	2
38	24	5
38	27	6
38	28	18
38	29	4
38	30	8
38	31	3
38	32	11
38	33	8
38	34	7
38	35	11
38	36	11
38	37	17
39	1	4
39	2	3
39	3	4
39	4	11
39	5	3
39	6	2
39	7	2
39	8	2
39	9	6
39	10	10
39	11	5
39	12	1
39	13	13
39	14	9
39	15	5
39	16	9
39	17	6
39	18	6
39	19	5
39	20	5
39	21	2
39	24	2
39	26	3
39	27	4
39	28	10
39	29	8
39	30	5
39	31	5
39	32	4
39	33	2
39	34	2
39	35	11
39	36	12
39	37	15
39	38	29
40	1	3
40	2	2
40	3	2
40	4	9
40	5	3
40	6	6
40	7	2
40	8	8
40	9	4
40	10	1
40	11	4
40	12	1
40	13	5
40	14	5
40	15	8
40	16	5
40	17	10
40	18	6
40	19	7
40	20	3
40	21	6
40	22	2
40	23	2
40	24	3
40	26	1
40	27	8
40	28	15
40	29	5
40	30	5
40	31	4
40	32	8
40	33	6
40	34	6
40	35	18
40	36	7
40	37	9
40	38	30
40	39	13
41	1	5
41	2	4
41	3	6
41	4	3
41	5	3
41	6	3
41	7	2
41	8	2
41	9	4
41	10	3
41	11	4
41	12	5
41	13	4
41	14	4
41	15	1
41	16	4
41	17	3
41	18	9
41	19	3
41	20	1
41	22	3
41	23	1
41	24	6
41	26	4
41	27	6
41	28	11
41	29	4
41	30	11
41	31	6
41	32	5
41	33	6
41	34	9
41	35	5
41	36	6
41	37	1
41	38	19
41	39	18
41	40	24
42	3	4
42	4	1
42	5	2
42	6	1
42	7	1
42	8	6
42	9	2
42	10	2
42	11	5
42	12	1
42	13	4
42	14	3
42	15	2
42	16	2
42	18	1
42	19	3
42	20	1
42	21	5
42	22	1
42	23	3
42	24	2
42	26	2
42	27	6
42	28	7
42	29	5
42	30	4
42	31	5
42	32	9
42	33	5
42	34	7
42	35	4
42	36	4
42	37	4
42	38	9
42	39	7
42	40	7
42	41	15
43	1	4
43	2	2
43	3	4
43	4	2
43	5	3
43	6	3
43	7	2
43	8	5
43	9	4
43	10	2
43	11	3
43	12	3
43	13	4
43	14	3
43	16	2
43	17	1
43	18	2
43	19	2
43	20	2
43	21	5
43	22	2
43	23	1
43	24	3
43	26	1
43	27	7
43	28	4
43	29	4
43	30	8
43	31	13
43	32	5
43	33	3
43	34	5
43	35	6
43	36	2
43	37	5
43	38	8
43	39	4
43	40	5
43	41	10
43	42	14
44	0	5
44	1	2
44	2	1
44	3	2
44	4	4
44	5	1
44	7	2
44	8	1
44	9	1
44	10	4
44	11	3
44	12	4
44	13	4
44	14	2
44	16	1
44	18	1
44	19	1
44	20	3
44	21	4
44	26	3
44	27	6
44	28	5
44	29	5
44	30	8
44	31	9
44	32	5
44	33	8
44	34	3
44	35	5
44	36	4
44	37	3
44	38	4
44	39	5
44	40	8
44	41	7
44	42	5
44	43	15
45	0	2
45	1	5
45	2	6
45	3	4
45	4	4
45	5	2
45	6	1
45	7	4
45	8	2
45	9	1
45	10	1
45	11	1
45	12	3
45	13	5
45	14	4
45	18	1
45	19	4
45	20	4
45	23	3
45	26	2
45	27	2
45	28	2
45	29	3
45	30	2
45	31	4
45	32	1
45	33	5
45	34	5
45	35	4
45	36	5
45	37	4
45	38	10
45	39	3
45	40	1
45	41	6
45	42	4
45	43	23
45	44	19
46	0	2
46	1	1
46	2	6
46	3	2
46	4	5
46	5	1
46	7	4
46	8	2
46	9	1
46	10	6
46	11	1
46	12	6
46	13	4
46	14	4
46	15	2
46	19	1
46	21	3
46	22	5
46	27	4
46	28	8
46	29	2
46	30	2
46	31	7
46	32	3
46	33	3
46	34	6
46	35	1
46	36	3
46	37	3
46	38	8
46	39	1
46	40	7
46	41	7
46	42	8
46	43	7
46	44	8
46	45	13
47	1	3
47	3	3
47	4	3
47	5	2
47	6	1
47	7	2
47	8	5
47	9	2
47	10	4
47	11	1
47	12	1
47	13	3
47	15	4
47	16	2
47	17	1
47	18	1
47	19	1
47	20	2
47	23	2
47	27	5
47	28	4
47	29	1
47	30	3
47	31	3
47	32	2
47	33	3
47	34	1
47	35	3
47	36	4
47	37	3
47	38	10
47	39	7
47	40	5
47	41	5
47	42	5
47	43	7
47	44	8
47	45	7
47	46	13
48	1	2
48	2	1
48	3	1
48	4	2
48	6	1
48	8	5
48	11	1
48	12	3
48	13	2
48	14	1
48	15	2
48	20	3
48	22	4
48	23	3
48	27	1
48	28	6
48	30	1
48	31	2
48	35	3
48	36	6
48	37	2
48	38	5
48	40	5
48	41	3
48	42	3
48	43	7
48	44	3
48	45	3
48	46	6
48	47	19
49	1	4
49	2	4
49	3	1
49	5	4
49	6	2
49	7	3
49	8	5
49	9	2
49	10	4
49	11	5
49	12	7
49	13	3
49	14	3
49	15	3
49	16	4
49	18	3
49	19	1
49	20	5
49	21	2
49	23	2
49	24	2
49	27	2
49	28	3
49	29	2
49	30	3
49	31	8
49	32	2
49	33	6
49	34	2
49	35	6
49	36	5
49	37	6
49	38	7
49	39	6
49	40	4
49	41	7
49	42	8
49	43	11
49	44	3
49	45	8
49	46	8
49	47	19
49	48	18
50	1	3
50	3	3
50	4	2
50	5	2
50	8	1
50	9	3
50	10	3
50	12	2
50	13	1
50	14	2
50	18	2
50	22	1
50	23	1
50	28	4
50	29	1
50	30	3
50	31	3
50	32	4
50	35	5
50	36	2
50	37	1
50	38	6
50	39	4
50	40	1
50	41	2
50	42	2
50	43	3
50	44	2
50	45	6
50	46	4
50	47	8
50	48	5
50	49	17
51	1	3
51	4	6
51	5	2
51	7	4
51	8	2
51	9	1
51	10	5
51	11	1
51	12	3
51	13	4
51	14	4
51	15	4
51	16	2
51	17	2
51	18	5
51	19	3
51	20	4
51	23	1
51	24	4
51	25	2
51	26	3
51	27	4
51	28	7
51	29	1
51	30	5
51	31	3
51	32	3
51	33	4
51	34	3
51	35	3
51	36	4
51	37	3
51	38	7
51	39	7
51	40	5
51	41	3
51	42	2
51	43	6
51	44	5
51	45	3
51	46	2
51	47	2
51	48	6
51	49	7
51	50	10
52	0	4
52	4	2
52	6	1
52	7	1
52	8	5
52	9	4
52	10	3
52	11	4
52	12	6
52	13	7
52	14	3
52	15	5
52	16	2
52	17	3
52	18	2
52	19	2
52	20	3
52	21	1
52	24	3
52	25	1
52	26	1
52	27	5
52	28	5
52	29	3
52	30	5
52	31	3
52	33	3
52	34	3
52	35	8
52	36	3
52	37	4
52	38	6
52	39	6
52	40	4
52	41	5
52	42	5
52	43	1
52	44	5
52	45	3
52	46	4
52	47	10
52	48	9
52	49	4
52	50	12
52	51	27
53	1	2
53	2	1
53	3	1
53	4	4
53	5	3
53	6	3
53	7	1
53	8	7
53	9	3
53	10	2
53	11	3
53	12	1
53	13	5
53	14	8
53	15	5
53	16	1
53	17	3
53	18	6
53	19	2
53	20	2
53	22	2
53	26	1
53	27	1
53	28	6
53	30	5
53	31	3
53	32	2
53	33	1
53	34	3
53	35	4
53	36	4
53	37	4
53	38	17
53	39	5
53	40	7
53	41	5
53	42	4
53	43	8
53	44	3
53	45	3
53	46	10
53	47	12
53	48	11
53	49	20
53	50	6
53	51	17
53	52	27
54	0	1
54	1	3
54	2	5
54	3	4
54	4	3
54	5	2
54	6	3
54	8	4
54	9	1
54	10	1
54	11	2
54	12	2
54	13	5
54	14	1
54	15	6
54	16	1
54	18	3
54	19	2
54	20	3
54	26	1
54	28	9
54	29	1
54	30	4
54	31	7
54	32	3
54	33	2
54	34	3
54	35	5
54	36	3
54	37	1
54	38	10
54	39	2
54	40	2
54	41	8
54	42	4
54	43	6
54	44	6
54	45	11
54	46	9
54	47	14
54	48	2
54	49	14
54	50	3
54	51	9
54	52	2
54	53	4
55	0	4
55	1	8
55	2	5
55	3	4
55	4	3
55	5	2
55	8	2
55	10	3
55	11	3
55	12	5
55	13	5
55	14	2
55	15	2
55	16	3
55	17	2
55	18	2
55	19	3
55	20	4
55	21	4
55	22	2
55	24	3
55	27	3
55	28	2
55	29	2
55	30	4
55	31	4
55	32	5
55	33	1
55	34	4
55	35	6
55	36	3
55	37	5
55	38	5
55	39	5
55	40	11
55	41	7
55	42	4
55	43	10
55	44	6
55	45	3
55	46	6
55	47	7
55	48	5
55	49	12
55	50	12
55	51	11
55	52	7
55	53	6
55	54	23
56	3	1
56	4	3
56	5	2
56	8	1
56	9	3
56	10	6
56	11	2
56	12	3
56	13	1
56	15	3
56	17	1
56	18	1
56	19	1
56	20	2
56	21	2
56	22	2
56	23	1
56	26	2
56	27	3
56	28	4
56	29	1
56	30	3
56	31	5
56	32	1
56	33	2
56	34	3
56	35	3
56	36	3
56	37	3
56	38	7
56	39	5
56	40	3
56	41	3
56	42	8
56	43	5
56	44	5
56	45	12
56	46	9
56	47	9
56	48	6
56	49	11
56	50	9
56	51	5
56	52	2
56	53	7
56	54	7
56	55	5
57	2	2
57	3	3
57	4	4
57	6	2
57	8	1
57	9	3
57	10	1
57	11	1
57	13	4
57	14	1
57	15	2
57	16	5
57	17	4
57	18	4
57	19	4
57	22	1
57	23	2
57	24	2
57	25	1
57	27	3
57	28	4
57	29	4
57	30	1
57	31	6
57	32	1
57	33	3
57	34	2
57	35	7
57	37	4
57	38	10
57	39	3
57	40	5
57	41	4
57	42	3
57	43	8
57	44	3
57	45	8
57	46	5
57	47	10
57	48	5
57	49	23
57	50	7
57	51	4
57	52	10
57	53	7
57	54	10
57	55	7
57	56	26
58	0	1
58	1	1
58	4	1
58	8	1
58	9	2
58	10	4
58	12	4
58	13	5
58	14	3
58	15	2
58	17	1
58	18	2
58	19	4
58	20	5
58	23	2
58	24	1
58	25	1
58	26	4
58	27	4
58	28	2
58	29	4
58	30	8
58	31	1
58	32	5
58	33	4
58	34	1
58	35	5
58	36	2
58	37	1
58	38	5
58	39	3
58	40	4
58	41	3
58	42	2
58	43	4
58	44	7
58	45	3
58	46	5
58	47	4
58	48	2
58	49	2
58	50	5
58	51	4
58	52	2
58	53	6
58	54	2
58	55	5
58	56	9
58	57	13
59	1	2
59	2	5
59	3	4
59	4	2
59	5	3
59	7	1
59	8	1
59	9	2
59	10	5
59	11	3
59	12	2
59	13	4
59	14	1
59	15	2
59	16	2
59	17	2
59	18	1
59	19	5
59	20	3
59	21	1
59	22	2
59	24	4
59	26	2
59	27	6
59	28	6
59	29	6
59	30	6
59	31	9
59	32	4
59	33	6
59	34	4
59	35	10
59	36	2
59	37	6
59	38	4
59	39	3
59	40	10
59	41	9
59	42	20
59	43	19
59	44	9
59	45	11
59	46	7
59	47	5
59	48	4
59	49	4
59	50	1
59	51	4
59	52	7
59	53	7
59	54	8
59	55	6
59	56	8
59	57	7
59	58	14
60	0	1
60	1	2
60	2	5
60	3	6
60	4	3
60	5	3
60	6	3
60	7	3
60	8	9
60	9	2
60	10	3
60	11	4
60	12	4
60	13	5
60	14	7
60	15	8
60	16	8
60	17	2
60	18	3
60	19	3
60	20	7
60	21	2
60	22	3
60	24	3
60	27	6
60	28	12
60	29	4
60	30	2
60	31	4
60	32	3
60	33	3
60	34	5
60	35	8
60	36	8
60	37	10
60	38	7
60	39	5
60	40	12
60	41	10
60	42	1
60	43	3
60	44	3
60	45	4
60	46	9
60	47	4
60	48	1
60	49	10
60	50	6
60	51	21
60	52	24
60	53	17
60	54	7
60	55	4
60	56	8
60	57	11
60	58	7
60	59	3
