1	0	17
2	0	5
2	1	21
3	0	8
3	1	13
3	2	10
4	0	2
4	1	5
4	2	5
4	3	6
5	0	2
5	1	8
5	2	4
5	3	7
5	4	14
6	0	3
6	1	2
6	2	3
6	3	6
6	4	9
6	5	6
7	1	3
7	2	3
7	3	4
7	4	6
7	5	5
7	6	11
8	0	3
8	1	3
8	2	5
8	3	10
8	4	27
8	5	9
8	6	18
8	7	18
9	0	2
9	1	6
9	2	8
9	3	5
9	4	14
9	5	7
9	6	8
9	7	8
9	8	18
10	0	6
10	1	1
10	2	6
10	3	6
10	4	6
10	5	3
10	6	4
10	7	4
10	8	8
10	9	8
11	0	2
11	1	2
11	2	2
11	3	2
11	4	5
11	5	7
11	6	2
11	7	4
11	8	7
11	9	6
11	10	14
12	2	2
12	3	5
12	4	11
12	5	3
12	6	4
12	7	6
12	8	6
12	9	6
12	10	16
12	11	26
13	0	3
13	1	3
13	2	4
13	3	3
13	4	3
13	5	2
13	6	3
13	7	6
13	8	5
13	9	6
13	10	9
13	11	8
13	12	7
14	1	4
14	2	1
14	3	3
14	4	4
14	5	3
14	6	2
14	7	1
14	8	4
14	9	6
14	10	3
14	11	8
14	12	3
14	13	11
15	0	3
15	3	1
15	4	1
15	6	3
15	7	4
15	8	2
15	9	2
15	10	4
15	11	8
15	12	6
15	13	13
15	14	14
16	1	5
16	2	1
16	3	4
16	4	4
16	5	2
16	6	2
16	7	2
16	8	6
16	9	1
16	10	6
16	11	5
16	12	3
16	13	17
16	14	8
16	15	8
17	3	5
17	4	4
17	5	2
17	6	1
17	7	4
17	8	8
17	9	6
17	10	10
17	11	4
17	12	7
17	13	7
17	14	7
17	15	4
17	16	12
18	0	2
18	3	4
18	4	7
18	5	3
18	6	3
18	7	3
18	8	15
18	9	7
18	10	10
18	11	5
18	12	4
18	13	3
18	14	5
18	15	4
18	16	7
18	17	10
19	1	2
19	2	4
19	3	2
19	4	7
19	5	7
19	6	7
19	7	10
19	8	8
19	9	5
19	10	12
19	11	5
19	12	5
19	13	12
19	14	10
19	15	2
19	16	7
19	17	5
19	18	15
20	1	1
20	2	1
20	3	6
20	4	5
20	5	5
20	6	5
20	7	13
20	8	8
20	9	8
20	10	4
20	11	1
20	12	5
20	13	3
20	14	4
20	15	10
20	16	6
20	17	4
20	18	4
20	19	14
21	0	2
21	1	5
21	2	2
21	3	3
21	4	7
21	5	6
21	6	5
21	7	6
21	8	7
21	9	7
21	10	7
21	12	4
21	13	1
21	14	5
21	15	3
21	16	4
21	17	5
21	18	6
21	19	11
21	20	14
22	1	1
22	2	2
22	3	3
22	4	6
22	5	6
22	6	2
22	7	4
22	8	5
22	9	3
22	10	2
22	11	2
22	12	7
22	13	4
22	14	6
22	15	2
22	16	3
22	17	5
22	18	7
22	19	11
22	20	11
22	21	14
23	0	1
23	1	2
23	3	1
23	4	3
23	5	6
23	6	8
23	7	4
23	8	7
23	9	3
23	10	7
23	12	1
23	13	4
23	14	5
23	15	1
23	16	5
23	17	2
23	18	2
23	19	5
23	20	6
23	21	4
23	22	9
24	1	3
24	2	3
24	3	5
24	4	2
24	5	9
24	6	6
24	7	5
24	8	4
24	9	5
24	10	3
24	11	2
24	12	3
24	13	6
24	14	1
24	15	3
24	16	1
24	17	6
24	18	4
24	19	9
24	20	6
24	21	7
24	22	8
24	23	15
25	4	1
25	5	1
25	6	1
25	8	2
25	12	1
25	15	2
26	1	1
26	2	3
26	3	2
26	6	3
26	8	3
26	10	1
26	13	4
26	14	3
26	15	2
26	16	3
26	17	3
26	19	4
26	22	3
26	24	1
27	3	1
27	4	2
27	5	5
27	6	2
27	7	4
27	8	1
27	9	4
27	10	4
27	11	2
27	12	1
27	13	5
27	14	10
27	15	5
27	16	6
27	17	3
27	18	3
27	19	2
27	20	3
27	21	5
27	22	5
27	23	3
27	24	5
27	26	4
28	1	2
28	2	2
28	3	2
28	4	7
28	5	4
28	6	4
28	7	3
28	8	9
28	9	4
28	10	7
28	11	3
28	12	3
28	13	7
28	14	6
28	15	7
28	16	6
28	17	3
28	18	6
28	19	9
28	20	2
28	21	4
28	22	2
28	23	5
28	24	7
28	26	3
28	27	8
29	1	3
29	2	3
29	4	7
29	5	3
29	6	3
29	7	1
29	8	2
29	9	1
29	10	4
29	11	1
29	12	1
29	13	4
29	14	3
29	15	3
29	16	3
29	17	1
29	18	2
29	19	9
29	20	5
29	21	2
29	22	5
29	23	1
29	24	5
29	27	5
29	28	5
30	1	5
30	2	3
30	3	10
30	4	6
30	5	2
30	6	1
30	7	2
30	8	4
30	9	2
30	10	2
30	11	3
30	12	3
30	13	4
30	14	2
30	15	2
30	16	4
30	17	6
30	18	5
30	19	3
30	20	5
30	21	1
30	22	3
30	23	2
30	24	4
30	26	2
30	27	2
30	28	3
30	29	12
31	1	4
31	2	2
31	3	2
31	4	3
31	5	2
31	8	4
31	9	2
31	10	7
31	11	4
31	13	6
31	14	4
31	15	4
31	16	3
31	17	2
31	18	7
31	19	4
31	20	4
31	22	1
31	24	3
31	26	3
31	27	6
31	28	11
31	29	6
31	30	19
32	1	2
32	2	3
32	3	2
32	4	4
32	5	6
32	6	3
32	8	2
32	9	1
32	10	5
32	11	2
32	12	3
32	13	3
32	14	6
32	15	6
32	16	3
32	18	4
32	19	5
32	20	3
32	21	8
32	22	5
32	23	1
32	24	7
32	26	2
32	27	6
32	28	12
32	29	4
32	30	2
32	31	7
33	1	1
33	2	2
33	3	3
33	4	2
33	5	3
33	6	3
33	7	5
33	8	4
33	9	3
33	10	5
33	11	2
33	12	3
33	13	3
33	14	3
33	15	1
33	16	1
33	17	3
33	18	8
33	19	6
33	20	3
33	21	3
33	22	2
33	23	7
33	24	4
33	26	6
33	27	10
33	28	11
33	29	3
33	30	3
33	31	8
33	32	18
34	0	2
34	1	2
34	2	3
34	3	1
34	4	3
34	5	3
34	6	4
34	7	4
34	8	6
34	9	4
34	10	5
34	11	4
34	12	6
34	13	7
34	14	7
34	15	7
34	16	3
34	17	4
34	18	12
34	19	5
34	20	4
34	21	10
34	22	7
34	23	4
34	24	7
34	26	1
34	27	5
34	28	5
34	29	4
34	30	9
34	31	9
34	32	12
34	33	8
35	0	2
35	2	2
35	3	4
35	4	6
35	5	5
35	6	6
35	7	4
35	8	2
35	9	7
35	10	10
35	11	6
35	12	9
35	13	8
35	14	3
35	15	3
35	16	11
35	17	14
35	18	19
35	19	11
35	20	6
35	21	6
35	22	7
35	23	2
35	24	4
35	26	2
35	27	8
35	28	15
35	29	6
35	30	8
35	31	2
35	32	5
35	33	5
35	34	12
36	0	3
36	1	1
36	2	3
36	3	4
36	4	4
36	5	5
36	6	4
36	7	6
36	8	4
36	9	7
36	10	8
36	11	4
36	12	5
36	13	4
36	14	3
36	15	2
36	16	1
36	17	5
36	18	7
36	19	3
36	20	2
36	21	5
36	22	3
36	26	1
36	27	4
36	28	3
36	29	5
36	30	3
36	31	2
36	32	3
36	33	1
36	34	4
36	35	9
37	0	2
37	1	1
37	2	1
37	3	1
37	4	3
37	5	3
37	6	4
37	7	3
37	8	6
37	9	3
37	10	8
37	11	4
37	12	5
37	13	19
37	14	9
37	15	4
37	16	7
37	17	5
37	18	11
37	19	6
37	20	6
37	21	3
37	22	2
37	23	4
37	24	7
37	25	3
37	26	3
37	27	5
37	28	12
37	29	6
37	30	6
37	31	8
37	32	6
37	33	5
37	34	6
37	35	25
37	36	7
38	0	1
38	1	4
38	2	6
38	4	8
38	5	11
38	6	5
38	7	2
38	8	8
38	9	9
38	10	7
38	11	5
38	12	5
38	13	10
38	14	4
38	15	3
38	16	7
38	17	7
38	18	4
38	19	3
38	20	7
38	21	7
38	22	4
38	23	4
38	24	2
38	26	4
38	27	6
38	28	18
38	29	3
38	30	5
38	31	7
38	32	6
38	33	9
38	34	3
38	35	8
38	36	10
38	37	16
39	1	4
39	2	3
39	3	4
39	4	5
39	5	4
39	6	2
39	7	5
39	8	2
39	9	2
39	10	7
39	11	5
39	12	8
39	13	21
39	14	12
39	15	9
39	16	6
39	17	5
39	18	8
39	19	8
39	20	4
39	21	3
39	22	2
39	23	1
39	24	4
39	26	4
39	27	11
39	28	14
39	29	6
39	30	7
39	31	7
39	32	8
39	33	3
39	34	3
39	35	13
39	36	8
39	37	11
39	38	33
40	1	3
40	2	2
40	3	3
40	4	6
40	5	3
40	6	3
40	7	4
40	8	3
40	9	3
40	10	6
40	11	3
40	12	3
40	13	6
40	14	4
40	15	4
40	16	7
40	17	3
40	18	5
40	20	2
40	21	3
40	22	1
40	23	1
40	24	4
40	26	6
40	27	7
40	28	9
40	29	12
40	30	9
40	31	8
40	32	6
40	33	4
40	34	8
40	35	13
40	36	14
40	37	9
40	38	28
40	39	13
41	1	6
41	2	6
41	3	2
41	4	8
41	5	3
41	6	2
41	7	3
41	8	3
41	9	2
41	10	3
41	11	2
41	12	5
41	13	8
41	14	3
41	15	5
41	17	4
41	18	3
41	19	7
41	20	3
41	21	7
41	22	5
41	23	2
41	24	2
41	26	2
41	27	4
41	28	8
41	29	5
41	30	10
41	31	11
41	32	4
41	33	3
41	34	8
41	35	11
41	36	8
41	37	3
41	38	23
41	39	15
41	40	26
42	0	3
42	3	7
42	4	5
42	5	2
42	6	2
42	7	4
42	8	3
42	9	1
42	10	1
42	11	3
42	12	2
42	13	4
42	14	2
42	15	3
42	16	3
42	17	3
42	18	4
42	19	4
42	20	3
42	21	7
42	22	1
42	23	2
42	26	5
42	27	3
42	28	5
42	29	1
42	30	3
42	31	6
42	32	4
42	33	7
42	34	1
42	35	7
42	36	3
42	37	5
42	38	9
42	39	6
42	40	16
42	41	11
43	0	1
43	1	3
43	2	2
43	3	2
43	4	4
43	5	1
43	6	7
43	7	3
43	8	2
43	9	5
43	10	3
43	11	3
43	12	4
43	13	2
43	15	2
43	16	1
43	17	6
43	18	6
43	19	5
43	20	3
43	21	4
43	22	2
43	24	2
43	25	2
43	26	5
43	27	2
43	28	7
43	29	2
43	30	10
43	31	10
43	32	2
43	33	8
43	34	5
43	35	5
43	36	3
43	37	4
43	38	8
43	39	1
43	40	5
43	41	10
43	42	7
44	0	1
44	1	8
44	2	3
44	3	2
44	4	3
44	5	5
44	7	1
44	8	1
44	9	5
44	10	1
44	11	2
44	12	3
44	13	3
44	16	1
44	17	3
44	18	6
44	19	3
44	21	2
44	26	2
44	27	2
44	28	6
44	29	5
44	30	6
44	31	7
44	32	7
44	33	3
44	34	5
44	35	3
44	36	4
44	37	1
44	38	4
44	39	3
44	41	5
44	42	5
44	43	11
45	1	3
45	2	3
45	3	1
45	4	2
45	5	3
45	6	3
45	8	4
45	9	3
45	10	2
45	11	3
45	12	1
45	13	7
45	14	2
45	17	2
45	18	2
45	19	2
45	20	2
45	23	1
45	26	1
45	27	1
45	28	3
45	29	3
45	30	4
45	31	4
45	32	4
45	33	1
45	34	4
45	35	3
45	36	2
45	37	4
45	38	6
45	39	5
45	40	2
45	41	7
45	42	10
45	43	15
45	44	16
46	1	2
46	2	4
46	3	2
46	4	3
46	5	3
46	7	1
46	8	3
46	9	1
46	10	4
46	11	1
46	12	7
46	13	7
46	14	4
46	15	2
46	18	3
46	19	2
46	21	2
46	22	2
46	26	3
46	27	3
46	28	3
46	29	4
46	30	4
46	31	8
46	32	3
46	33	2
46	34	1
46	35	3
46	36	2
46	37	2
46	38	7
46	39	5
46	40	7
46	41	6
46	42	11
46	43	12
46	44	8
46	45	10
47	1	2
47	2	3
47	3	1
47	4	5
47	5	4
47	7	2
47	8	6
47	9	6
47	10	2
47	11	1
47	12	4
47	13	4
47	14	5
47	15	4
47	16	4
47	17	2
47	18	3
47	19	4
47	23	2
47	24	1
47	27	1
47	28	6
47	29	4
47	30	3
47	31	1
47	33	4
47	34	2
47	35	2
47	36	7
47	37	6
47	38	5
47	39	5
47	40	3
47	41	7
47	42	5
47	43	3
47	44	6
47	45	3
47	46	9
48	0	1
48	1	2
48	3	2
48	7	3
48	8	3
48	10	1
48	11	1
48	12	1
48	13	1
48	15	1
48	19	4
48	20	1
48	22	1
48	24	2
48	25	1
48	27	1
48	28	2
48	30	2
48	31	2
48	35	3
48	36	3
48	38	8
48	39	2
48	40	6
48	41	5
48	42	3
48	43	6
48	44	4
48	45	2
48	46	4
48	47	24
49	0	2
49	1	2
49	2	3
49	3	1
49	5	7
49	6	1
49	8	5
49	9	1
49	10	3
49	11	1
49	12	6
49	13	5
49	14	11
49	15	9
49	16	6
49	17	6
49	18	2
49	19	5
49	21	1
49	23	2
49	24	3
49	27	4
49	28	11
49	29	4
49	30	5
49	31	3
49	32	7
49	33	3
49	34	2
49	35	4
49	36	5
49	37	7
49	38	7
49	39	5
49	40	4
49	41	3
49	42	3
49	43	2
49	44	8
49	45	6
49	46	7
49	47	20
49	48	24
50	0	2
50	1	3
50	3	6
50	4	7
50	5	1
50	8	2
50	9	1
50	10	4
50	12	3
50	13	2
50	14	3
50	15	2
50	18	1
50	19	2
50	22	1
50	23	2
50	26	4
50	27	3
50	28	5
50	29	3
50	30	4
50	31	5
50	32	2
50	35	3
50	36	3
50	37	3
50	38	7
50	39	3
50	40	5
50	41	5
50	42	3
50	43	1
50	44	2
50	45	5
50	46	4
50	47	4
50	48	5
50	49	13
51	1	3
51	4	1
51	5	2
51	7	4
51	8	1
51	9	3
51	10	3
51	11	2
51	13	5
51	14	8
51	15	5
51	16	3
51	17	3
51	18	1
51	19	2
51	20	4
51	24	4
51	26	4
51	28	7
51	29	1
51	30	4
51	31	1
51	34	3
51	35	6
51	36	2
51	38	7
51	39	8
51	40	4
51	41	4
51	42	6
51	43	3
51	44	2
51	45	3
51	46	2
51	47	7
51	48	5
51	49	12
51	50	9
52	0	4
52	4	6
52	6	2
52	7	1
52	8	2
52	9	2
52	10	7
52	11	2
52	12	2
52	13	8
52	14	2
52	15	2
52	16	5
52	17	5
52	18	1
52	20	1
52	21	1
52	23	2
52	24	1
52	26	3
52	27	3
52	28	1
52	29	2
52	30	2
52	31	5
52	32	1
52	33	3
52	35	1
52	36	10
52	37	4
52	38	5
52	39	7
52	40	4
52	41	7
52	42	4
52	43	4
52	44	3
52	45	6
52	46	7
52	47	5
52	48	6
52	49	12
52	50	10
52	51	29
53	1	2
53	2	4
53	3	3
53	4	2
53	5	1
53	6	3
53	7	3
53	8	5
53	9	6
53	10	6
53	11	3
53	12	2
53	13	4
53	14	5
53	15	3
53	16	1
53	17	2
53	18	2
53	19	3
53	20	4
53	24	4
53	26	4
53	27	4
53	28	5
53	29	6
53	30	5
53	31	2
53	32	3
53	33	7
53	34	2
53	35	4
53	36	4
53	37	3
53	38	10
53	39	6
53	40	6
53	41	7
53	42	6
53	43	4
53	44	5
53	45	5
53	46	6
53	47	9
53	48	7
53	49	18
53	50	6
53	51	8
53	52	15
54	0	4
54	1	2
54	2	3
54	3	4
54	4	6
54	5	2
54	6	4
54	8	4
54	9	5
54	10	6
54	12	7
54	13	8
54	14	3
54	15	5
54	16	3
54	17	3
54	18	2
54	19	5
54	26	2
54	27	2
54	28	1
54	29	2
54	30	4
54	31	2
54	32	6
54	33	4
54	34	1
54	35	2
54	36	2
54	37	5
54	38	6
54	39	11
54	40	6
54	41	6
54	42	11
54	43	9
54	44	7
54	45	7
54	46	8
54	47	19
54	48	5
54	49	8
54	50	7
54	51	4
54	52	7
54	53	9
55	0	2
55	1	3
55	2	6
55	3	5
55	4	1
55	5	6
55	8	2
55	9	4
55	10	5
55	11	4
55	12	4
55	13	4
55	15	5
55	16	5
55	17	3
55	18	8
55	19	2
55	20	6
55	21	4
55	22	2
55	24	4
55	27	4
55	28	3
55	29	3
55	30	3
55	31	4
55	32	1
55	33	2
55	34	3
55	35	3
55	36	11
55	37	7
55	38	11
55	39	4
55	40	5
55	41	6
55	42	5
55	43	6
55	44	5
55	45	10
55	46	11
55	47	12
55	48	6
55	49	7
55	50	4
55	52	4
55	53	8
55	54	17
56	3	1
56	4	4
56	5	4
56	9	3
56	10	1
56	11	1
56	12	2
56	13	2
56	15	1
56	17	2
56	18	3
56	19	2
56	20	1
56	22	1
56	23	2
56	26	2
56	27	4
56	28	3
56	29	1
56	30	8
56	31	1
56	32	3
56	35	3
56	36	2
56	37	6
56	38	5
56	39	3
56	40	4
56	41	3
56	42	6
56	43	5
56	44	4
56	45	4
56	46	6
56	47	11
56	48	15
56	49	13
56	50	5
56	51	2
56	52	6
56	53	8
56	54	5
56	55	8
57	0	2
57	2	3
57	4	3
57	6	2
57	8	1
57	9	2
57	10	3
57	11	2
57	12	5
57	13	6
57	14	2
57	15	1
57	16	3
57	17	1
57	18	6
57	19	3
57	22	1
57	23	1
57	24	1
57	27	4
57	28	6
57	29	1
57	30	2
57	31	8
57	32	3
57	33	2
57	34	3
57	35	1
57	36	3
57	37	2
57	38	9
57	39	3
57	40	4
57	41	4
57	42	3
57	43	5
57	44	7
57	45	3
57	46	7
57	47	9
57	48	11
57	49	9
57	50	5
57	51	3
57	52	5
57	53	6
57	54	2
57	55	5
57	56	22
58	0	1
58	1	1
58	4	1
58	8	7
58	9	2
58	10	2
58	12	4
58	13	3
58	14	1
58	17	2
58	18	2
58	19	3
58	20	2
58	23	2
58	24	2
58	25	1
58	26	4
58	27	3
58	28	2
58	30	5
58	32	4
58	33	1
58	34	1
58	35	4
58	37	4
58	38	6
58	39	1
58	40	5
58	41	5
58	42	5
58	43	3
58	45	3
58	46	5
58	47	3
58	49	5
58	50	1
58	51	5
58	52	3
58	53	6
58	54	3
58	55	5
58	56	3
58	57	8
59	1	3
59	2	1
59	3	1
59	4	2
59	5	8
59	7	3
59	8	2
59	9	2
59	10	3
59	11	4
59	12	1
59	13	5
59	14	3
59	15	3
59	16	4
59	17	6
59	18	2
59	19	1
59	20	1
59	22	1
59	24	3
59	26	3
59	27	3
59	28	3
59	29	5
59	30	8
59	31	11
59	32	4
59	33	8
59	34	4
59	35	5
59	36	4
59	37	4
59	38	8
59	39	8
59	40	5
59	41	6
59	42	15
59	43	16
59	44	10
59	45	6
59	46	8
59	47	4
59	48	6
59	49	9
59	50	3
59	51	8
59	52	3
59	53	6
59	54	7
59	55	3
59	56	7
59	57	9
59	58	9
60	0	1
60	1	2
60	2	6
60	4	5
60	5	5
60	7	3
60	8	3
60	9	7
60	10	7
60	11	7
60	12	6
60	13	8
60	14	1
60	15	3
60	16	10
60	17	4
60	18	4
60	19	4
60	20	4
60	21	3
60	22	5
60	24	3
60	26	2
60	27	4
60	28	4
60	29	3
60	30	7
60	31	3
60	32	7
60	33	6
60	34	2
60	35	7
60	36	1
60	37	2
60	38	8
60	39	9
60	40	8
60	41	7
60	42	9
60	43	6
60	44	2
60	45	6
60	46	5
60	47	9
60	49	14
60	50	14
60	51	17
60	52	16
60	53	16
60	54	8
60	55	8
60	56	7
60	57	6
60	58	5
60	59	1
