1	0	17
2	0	9
2	1	14
3	0	6
3	1	6
3	2	14
4	0	7
4	1	5
4	2	7
4	3	10
5	0	2
5	1	9
5	2	5
5	3	2
5	4	12
6	1	4
6	2	3
6	3	6
6	4	11
6	5	13
7	1	1
7	3	1
7	4	4
7	5	10
7	6	16
8	0	3
8	1	2
8	2	3
8	3	7
8	4	24
8	5	13
8	6	16
8	7	12
9	0	7
9	1	4
9	2	3
9	3	5
9	4	16
9	5	10
9	6	7
9	7	5
9	8	19
10	0	3
10	1	3
10	2	4
10	3	8
10	4	9
10	5	5
10	6	4
10	7	11
10	8	7
10	9	13
11	0	1
11	1	1
11	2	1
11	3	2
11	4	5
11	5	7
11	6	2
11	7	1
11	8	7
11	9	4
11	10	16
12	1	5
12	2	3
12	3	4
12	4	4
12	6	4
12	8	7
12	9	13
12	10	13
12	11	19
13	0	1
13	1	4
13	2	1
13	3	2
13	4	7
13	5	2
13	6	2
13	7	7
13	8	6
13	9	10
13	10	15
13	11	9
13	12	15
14	2	2
14	3	7
14	4	3
14	5	3
14	6	1
14	7	5
14	8	4
14	9	6
14	10	7
14	11	1
14	12	4
14	13	18
15	0	1
15	3	3
15	4	4
15	5	1
15	6	2
15	7	2
15	8	5
15	9	5
15	10	5
15	11	2
15	12	5
15	13	13
15	14	15
16	1	4
16	2	2
16	3	2
16	4	5
16	5	1
16	6	6
16	7	2
16	8	5
16	9	3
16	10	5
16	11	8
16	12	9
16	13	15
16	14	9
16	15	9
17	2	3
17	4	7
17	5	4
17	6	3
17	7	8
17	8	10
17	9	3
17	10	7
17	11	8
17	12	11
17	13	9
17	14	14
17	15	8
17	16	17
18	0	1
18	1	2
18	2	5
18	3	4
18	4	3
18	5	6
18	6	1
18	7	7
18	8	6
18	9	3
18	10	4
18	11	4
18	12	3
18	13	10
18	14	7
18	15	3
18	16	8
18	17	7
19	0	2
19	1	2
19	2	7
19	3	7
19	4	8
19	5	9
19	6	4
19	7	5
19	8	9
19	9	7
19	10	5
19	11	2
19	12	4
19	13	6
19	14	2
19	15	3
19	16	11
19	17	11
19	18	15
20	1	1
20	2	4
20	3	2
20	4	9
20	5	7
20	6	5
20	7	6
20	8	13
20	9	4
20	10	10
20	11	4
20	12	1
20	13	6
20	14	6
20	15	2
20	16	6
20	17	8
20	18	13
20	19	20
21	1	2
21	2	4
21	3	1
21	4	8
21	5	2
21	6	6
21	7	8
21	8	7
21	9	11
21	10	4
21	11	3
21	12	6
21	13	7
21	14	7
21	15	4
21	16	4
21	17	10
21	18	12
21	19	7
21	20	17
22	1	1
22	2	2
22	3	2
22	4	4
22	5	7
22	6	5
22	7	1
22	8	2
22	9	7
22	10	4
22	11	7
22	12	1
22	13	2
22	14	4
22	15	2
22	16	2
22	17	5
22	18	10
22	19	6
22	20	19
22	21	16
23	0	1
23	1	3
23	2	4
23	3	1
23	4	2
23	5	5
23	6	1
23	7	2
23	8	7
23	9	2
23	10	2
23	11	2
23	12	2
23	13	1
23	14	2
23	15	3
23	16	3
23	17	5
23	18	5
23	19	2
23	20	5
23	21	6
23	22	13
24	1	5
24	2	3
24	3	2
24	4	8
24	5	6
24	6	9
24	7	2
24	8	3
24	9	6
24	10	3
24	11	2
24	12	4
24	13	3
24	14	4
24	15	2
24	16	6
24	17	3
24	18	7
24	19	4
24	20	7
24	21	9
24	22	10
24	23	22
25	4	1
25	5	1
25	6	4
25	8	1
25	12	1
25	15	1
25	19	1
25	21	1
25	23	2
26	2	1
26	3	2
26	6	1
26	8	2
26	10	1
26	13	1
26	14	4
26	15	5
26	16	3
26	17	3
26	18	4
26	19	1
26	20	1
26	22	3
26	24	3
27	3	7
27	4	4
27	5	7
27	6	2
27	8	6
27	9	4
27	10	3
27	11	4
27	12	2
27	13	6
27	14	7
27	15	4
27	16	4
27	17	3
27	18	11
27	19	3
27	20	1
27	21	8
27	22	3
27	23	3
27	24	4
27	25	1
28	0	2
28	1	2
28	2	5
28	3	4
28	4	6
28	5	6
28	6	4
28	7	1
28	8	3
28	9	5
28	10	5
28	11	2
28	12	4
28	13	13
28	14	9
28	15	8
28	16	7
28	17	6
28	18	7
28	19	6
28	20	6
28	21	9
28	22	2
28	23	1
28	24	3
28	26	6
28	27	16
29	1	3
29	2	3
29	3	4
29	4	4
29	5	4
29	6	1
29	7	4
29	8	7
29	9	3
29	10	1
29	11	1
29	12	4
29	13	4
29	14	4
29	15	3
29	16	6
29	17	4
29	18	3
29	19	5
29	20	6
29	21	4
29	22	5
29	23	1
29	24	3
29	27	3
29	28	3
30	0	4
30	1	3
30	3	1
30	4	6
30	5	2
30	6	1
30	7	1
30	8	5
30	9	4
30	10	1
30	11	1
30	12	2
30	13	7
30	14	1
30	15	3
30	16	1
30	17	6
30	18	3
30	19	4
30	20	3
30	21	8
30	22	4
30	23	3
30	24	3
30	25	2
30	27	6
30	28	8
30	29	7
31	1	4
31	2	2
31	3	3
31	5	4
31	8	1
31	9	1
31	10	1
31	11	3
31	12	3
31	13	5
31	14	2
31	15	4
31	16	5
31	17	3
31	18	4
31	19	4
31	20	6
31	21	8
31	22	5
31	23	2
31	24	5
31	26	1
31	27	2
31	28	5
31	30	14
32	0	1
32	1	1
32	2	7
32	4	6
32	5	5
32	6	2
32	8	4
32	9	4
32	10	3
32	11	5
32	12	3
32	13	4
32	14	6
32	16	3
32	17	4
32	18	7
32	19	3
32	20	3
32	21	3
32	22	3
32	23	4
32	24	5
32	26	3
32	27	3
32	28	10
32	29	5
32	30	6
32	31	7
33	1	1
33	2	3
33	3	1
33	4	4
33	5	5
33	7	2
33	8	6
33	9	3
33	11	3
33	12	7
33	13	4
33	14	2
33	15	2
33	16	3
33	17	3
33	18	9
33	19	4
33	20	1
33	21	8
33	22	6
33	23	4
33	24	8
33	26	2
33	27	5
33	28	11
33	29	7
33	30	15
33	31	5
33	32	12
34	0	3
34	1	2
34	2	3
34	3	5
34	4	3
34	5	6
34	6	5
34	7	3
34	8	4
34	9	3
34	10	2
34	11	3
34	12	1
34	13	4
34	14	1
34	15	3
34	16	3
34	17	2
34	18	6
34	19	8
34	20	5
34	21	10
34	22	9
34	23	4
34	24	8
34	25	1
34	26	5
34	27	3
34	28	10
34	29	13
34	30	5
34	31	4
34	32	3
34	33	14
35	0	4
35	1	3
35	2	5
35	3	4
35	4	7
35	5	4
35	6	5
35	7	3
35	8	4
35	9	11
35	10	7
35	11	2
35	12	5
35	13	10
35	14	4
35	15	8
35	16	6
35	17	4
35	18	20
35	19	9
35	20	14
35	21	7
35	22	5
35	23	7
35	24	4
35	26	5
35	27	6
35	28	12
35	29	8
35	30	6
35	31	5
35	32	9
35	33	9
35	34	19
36	0	2
36	1	6
36	2	2
36	3	7
36	4	11
36	5	5
36	6	1
36	7	1
36	8	6
36	9	8
36	10	7
36	11	2
36	12	4
36	13	7
36	14	6
36	15	3
36	16	6
36	17	3
36	18	6
36	19	10
36	20	4
36	21	3
36	22	2
36	24	1
36	25	1
36	26	3
36	27	2
36	28	3
36	29	3
36	30	7
36	31	1
36	32	7
36	33	1
36	34	2
36	35	11
37	0	3
37	1	6
37	2	1
37	3	4
37	4	3
37	5	4
37	6	2
37	7	3
37	8	4
37	9	6
37	10	5
37	11	3
37	12	9
37	13	9
37	14	6
37	15	4
37	16	10
37	17	5
37	18	13
37	19	9
37	20	4
37	21	4
37	22	4
37	23	3
37	24	1
37	25	1
37	26	3
37	27	4
37	28	11
37	29	6
37	30	1
37	31	6
37	32	6
37	33	1
37	34	6
37	35	31
37	36	13
38	0	4
38	1	2
38	2	3
38	3	3
38	4	6
38	5	5
38	6	5
38	7	4
38	8	2
38	9	7
38	10	5
38	11	2
38	12	5
38	13	13
38	14	5
38	15	4
38	16	4
38	17	4
38	18	8
38	19	4
38	20	4
38	21	4
38	22	5
38	23	2
38	24	3
38	25	2
38	26	3
38	27	6
38	28	16
38	29	6
38	30	7
38	31	5
38	32	5
38	33	4
38	34	4
38	35	11
38	36	8
38	37	14
39	1	1
39	2	6
39	3	2
39	4	6
39	5	5
39	6	4
39	7	6
39	8	4
39	9	5
39	10	6
39	11	4
39	12	9
39	13	12
39	14	7
39	15	2
39	16	4
39	17	3
39	18	5
39	19	4
39	20	4
39	21	7
39	22	4
39	23	5
39	24	4
39	26	1
39	27	8
39	28	10
39	29	2
39	30	4
39	31	2
39	32	3
39	33	6
39	34	5
39	35	14
39	36	4
39	37	8
39	38	26
40	1	4
40	2	7
40	3	6
40	4	5
40	5	5
40	6	2
40	7	2
40	8	4
40	9	6
40	10	5
40	11	3
40	12	2
40	13	7
40	14	5
40	15	5
40	16	2
40	17	4
40	18	5
40	19	5
40	20	6
40	21	4
40	22	1
40	23	4
40	24	3
40	25	1
40	26	1
40	27	5
40	28	18
40	29	6
40	30	9
40	31	11
40	32	8
40	33	7
40	34	6
40	35	11
40	36	2
40	37	7
40	38	24
40	39	15
41	1	1
41	2	1
41	3	4
41	4	3
41	5	2
41	6	2
41	7	3
41	8	1
41	9	5
41	10	7
41	11	4
41	12	4
41	13	5
41	14	3
41	15	2
41	16	3
41	17	5
41	18	6
41	19	4
41	20	2
41	21	3
41	22	5
41	24	6
41	26	1
41	27	1
41	28	4
41	29	6
41	30	12
41	31	9
41	32	4
41	33	9
41	34	8
41	35	13
41	36	2
41	37	4
41	38	19
41	39	8
41	40	24
42	0	1
42	3	1
42	4	2
42	6	1
42	7	3
42	8	1
42	9	3
42	10	3
42	11	1
42	12	3
42	13	5
42	14	4
42	15	3
42	17	1
42	18	4
42	19	1
42	20	3
42	21	5
42	22	3
42	23	2
42	24	3
42	26	3
42	27	5
42	28	7
42	29	4
42	30	12
42	31	12
42	32	7
42	33	5
42	34	1
42	35	3
42	36	7
42	37	6
42	38	15
42	39	6
42	40	5
42	41	19
43	1	3
43	2	3
43	3	5
43	4	2
43	5	4
43	6	2
43	7	4
43	8	7
43	9	2
43	10	5
43	11	2
43	12	4
43	13	5
43	14	4
43	15	2
43	16	2
43	17	7
43	18	9
43	19	3
43	20	2
43	21	1
43	22	2
43	24	8
43	25	1
43	26	2
43	27	2
43	28	10
43	29	4
43	30	7
43	31	7
43	32	3
43	33	3
43	34	1
43	35	2
43	36	3
43	37	7
43	38	5
43	39	9
43	40	7
43	41	11
43	42	10
44	1	6
44	2	4
44	3	1
44	4	1
44	5	3
44	6	1
44	7	1
44	8	2
44	9	5
44	10	5
44	11	1
44	12	1
44	13	4
44	16	5
44	17	4
44	18	2
44	19	3
44	20	2
44	21	5
44	26	3
44	27	2
44	28	9
44	29	7
44	30	5
44	31	6
44	32	3
44	33	4
44	34	1
44	35	3
44	36	1
44	37	1
44	38	8
44	39	4
44	40	5
44	41	3
44	42	8
44	43	14
45	0	2
45	1	2
45	2	1
45	3	2
45	4	5
45	5	4
45	6	1
45	8	3
45	9	5
45	10	4
45	11	2
45	12	1
45	14	2
45	17	4
45	18	2
45	19	5
45	20	1
45	24	5
45	26	2
45	27	4
45	28	2
45	29	4
45	30	6
45	31	5
45	32	4
45	33	3
45	34	3
45	35	6
45	36	3
45	37	3
45	38	4
45	39	3
45	40	6
45	41	5
45	42	5
45	43	17
45	44	23
46	1	2
46	2	5
46	3	2
46	4	1
46	5	3
46	7	3
46	8	2
46	9	1
46	10	4
46	11	2
46	12	2
46	13	2
46	14	1
46	15	1
46	18	4
46	19	3
46	21	2
46	22	3
46	26	2
46	27	4
46	28	4
46	29	5
46	30	3
46	31	2
46	32	2
46	33	1
46	35	4
46	36	1
46	37	3
46	38	3
46	39	7
46	40	4
46	41	4
46	42	5
46	43	11
46	44	9
46	45	13
47	1	1
47	2	3
47	3	1
47	5	1
47	6	2
47	7	1
47	8	3
47	9	2
47	10	2
47	11	3
47	13	1
47	14	2
47	15	2
47	16	1
47	18	1
47	19	4
47	20	1
47	23	1
47	24	1
47	27	7
47	28	4
47	30	3
47	31	5
47	32	2
47	33	2
47	34	3
47	35	4
47	36	5
47	37	3
47	38	2
47	39	4
47	40	6
47	41	4
47	42	4
47	43	6
47	44	5
47	45	3
47	46	12
48	1	2
48	3	3
48	4	4
48	8	2
48	10	1
48	11	1
48	12	4
48	13	3
48	15	2
48	19	2
48	20	1
48	22	1
48	27	3
48	28	6
48	30	1
48	31	1
48	35	4
48	36	3
48	37	3
48	38	4
48	39	6
48	40	3
48	41	2
48	42	8
48	43	3
48	44	4
48	45	7
48	46	6
48	47	15
49	1	3
49	2	1
49	3	3
49	4	2
49	5	1
49	6	2
49	7	1
49	8	2
49	9	1
49	10	7
49	11	3
49	12	5
49	13	7
49	14	6
49	15	2
49	16	4
49	17	1
49	18	3
49	19	6
49	20	1
49	21	3
49	24	4
49	25	1
49	27	2
49	28	3
49	29	2
49	30	8
49	31	4
49	32	2
49	33	1
49	34	3
49	35	8
49	36	4
49	37	7
49	38	9
49	39	8
49	40	4
49	41	7
49	42	4
49	43	7
49	44	4
49	45	8
49	46	13
49	47	12
49	48	12
50	1	4
50	4	2
50	5	1
50	8	2
50	9	2
50	10	1
50	12	2
50	13	6
50	14	2
50	15	2
50	18	4
50	19	2
50	23	4
50	25	2
50	26	3
50	27	2
50	28	3
50	29	4
50	30	3
50	32	2
50	35	2
50	36	1
50	37	3
50	38	3
50	39	2
50	40	5
50	41	3
50	42	2
50	43	1
50	44	2
50	45	1
50	46	3
50	47	2
50	48	5
50	49	13
51	1	1
51	4	2
51	5	3
51	8	5
51	9	3
51	10	1
51	11	8
51	12	2
51	13	4
51	14	4
51	15	1
51	16	2
51	17	2
51	19	2
51	20	2
51	23	3
51	24	1
51	26	1
51	27	5
51	28	4
51	29	2
51	30	3
51	31	5
51	32	6
51	33	2
51	34	1
51	35	4
51	36	2
51	37	2
51	38	7
51	39	9
51	40	8
51	41	4
51	42	6
51	43	3
51	44	2
51	45	6
51	46	5
51	47	5
51	48	4
51	49	11
51	50	11
52	0	1
52	4	1
52	6	2
52	7	3
52	8	2
52	9	1
52	10	2
52	12	7
52	13	3
52	14	2
52	15	6
52	16	5
52	17	5
52	18	2
52	19	7
52	20	3
52	21	1
52	24	1
52	26	2
52	27	4
52	28	5
52	29	3
52	30	4
52	31	4
52	32	2
52	33	4
52	34	4
52	35	7
52	36	4
52	37	9
52	38	9
52	39	6
52	40	9
52	41	1
52	42	2
52	43	5
52	44	4
52	46	6
52	47	4
52	48	6
52	49	16
52	50	11
52	51	27
53	2	4
53	4	2
53	5	5
53	6	1
53	7	1
53	8	3
53	9	2
53	10	5
53	11	2
53	12	6
53	13	6
53	14	2
53	15	4
53	16	6
53	17	3
53	18	4
53	19	4
53	20	1
53	22	5
53	24	2
53	26	1
53	27	4
53	28	7
53	29	3
53	30	6
53	31	3
53	32	3
53	33	2
53	34	2
53	35	3
53	36	2
53	37	4
53	38	9
53	39	4
53	40	7
53	41	10
53	42	5
53	43	1
53	44	5
53	45	6
53	46	9
53	47	6
53	48	3
53	49	16
53	50	9
53	51	10
53	52	16
54	0	1
54	1	2
54	2	5
54	3	4
54	4	3
54	5	2
54	6	1
54	7	2
54	8	3
54	9	7
54	10	3
54	11	2
54	12	4
54	13	2
54	14	5
54	16	3
54	17	3
54	18	3
54	19	2
54	20	1
54	27	5
54	28	4
54	29	2
54	30	3
54	31	4
54	32	2
54	33	2
54	34	4
54	35	4
54	36	6
54	37	5
54	38	6
54	39	8
54	40	6
54	41	9
54	42	5
54	43	5
54	44	4
54	45	7
54	46	9
54	47	17
54	48	6
54	49	10
54	50	4
54	51	7
54	52	5
54	53	6
55	0	4
55	1	5
55	2	7
55	3	5
55	4	2
55	5	6
55	8	1
55	9	4
55	10	8
55	11	1
55	12	6
55	13	6
55	14	5
55	15	2
55	16	1
55	17	1
55	18	3
55	19	6
55	20	2
55	21	3
55	22	4
55	24	2
55	25	1
55	27	3
55	28	4
55	29	7
55	30	4
55	31	3
55	32	5
55	33	6
55	34	3
55	35	6
55	36	3
55	37	5
55	38	12
55	39	5
55	40	6
55	41	12
55	42	5
55	43	7
55	44	4
55	45	8
55	46	13
55	47	12
55	48	7
55	49	10
55	50	4
55	51	6
55	52	4
55	53	8
55	54	22
56	3	5
56	4	2
56	5	3
56	6	1
56	8	3
56	10	4
56	11	2
56	12	2
56	13	2
56	15	4
56	17	1
56	18	2
56	19	3
56	20	1
56	21	2
56	22	3
56	23	3
56	26	4
56	27	4
56	28	2
56	29	3
56	30	2
56	31	2
56	32	6
56	33	1
56	35	4
56	36	1
56	37	2
56	38	3
56	39	3
56	40	4
56	41	7
56	42	2
56	43	14
56	44	3
56	45	7
56	46	19
56	47	19
56	48	8
56	49	11
56	50	5
56	51	5
56	52	2
56	53	2
56	54	7
56	55	4
57	0	3
57	2	4
57	3	1
57	4	2
57	6	1
57	8	7
57	9	1
57	10	4
57	12	3
57	13	6
57	14	3
57	15	3
57	16	1
57	17	1
57	18	3
57	19	4
57	22	4
57	23	4
57	24	5
57	25	2
57	27	3
57	28	5
57	29	2
57	30	3
57	31	5
57	33	2
57	34	1
57	35	6
57	36	6
57	37	4
57	38	3
57	39	4
57	40	6
57	41	11
57	42	9
57	43	5
57	44	4
57	45	5
57	46	9
57	47	9
57	48	5
57	49	4
57	50	7
57	51	5
57	52	4
57	53	4
57	54	4
57	55	7
57	56	20
58	1	3
58	3	3
58	4	3
58	8	4
58	9	2
58	10	2
58	12	4
58	13	1
58	14	4
58	15	4
58	17	3
58	18	3
58	19	2
58	20	1
58	23	1
58	24	1
58	25	1
58	26	3
58	27	8
58	28	4
58	29	1
58	30	1
58	31	3
58	32	4
58	33	4
58	34	1
58	35	3
58	36	2
58	37	3
58	38	4
58	39	1
58	40	7
58	41	5
58	42	10
58	43	4
58	45	1
58	46	5
58	47	5
58	48	3
58	49	6
58	50	1
58	51	5
58	52	4
58	53	7
58	54	7
58	55	3
58	56	9
58	57	13
59	1	5
59	2	4
59	3	3
59	4	3
59	5	1
59	7	4
59	8	1
59	9	2
59	10	4
59	11	3
59	12	1
59	13	6
59	14	1
59	15	4
59	17	1
59	18	5
59	19	1
59	20	4
59	21	5
59	22	1
59	24	3
59	26	7
59	27	2
59	28	6
59	29	1
59	30	6
59	31	10
59	32	2
59	33	6
59	34	5
59	35	2
59	36	4
59	37	4
59	38	7
59	39	5
59	40	7
59	41	13
59	42	11
59	43	9
59	44	7
59	45	15
59	46	12
59	47	9
59	48	3
59	49	7
59	50	2
59	51	3
59	52	4
59	53	9
59	55	5
59	56	7
59	57	8
59	58	19
60	0	2
60	1	4
60	2	4
60	3	2
60	4	3
60	5	4
60	6	2
60	7	5
60	8	5
60	9	2
60	10	4
60	11	6
60	12	6
60	13	3
60	14	5
60	15	5
60	16	5
60	17	5
60	18	4
60	19	7
60	20	4
60	21	2
60	22	3
60	24	4
60	26	3
60	27	7
60	28	11
60	29	1
60	30	4
60	31	6
60	32	2
60	33	5
60	34	4
60	35	4
60	36	4
60	37	8
60	38	11
60	39	6
60	40	6
60	41	6
60	42	6
60	43	6
60	44	5
60	45	4
60	46	1
60	47	2
60	48	9
60	49	14
60	50	16
60	51	17
60	52	23
60	53	14
60	54	6
60	55	9
60	56	5
60	57	8
60	58	11
60	59	4
