1	0	16
2	0	6
2	1	19
3	0	6
3	1	12
3	2	14
4	0	8
4	1	2
4	2	10
4	3	13
5	0	1
5	1	9
5	3	8
5	4	11
6	1	4
6	2	2
6	3	6
6	4	15
6	5	9
7	1	1
7	3	4
7	4	5
7	5	6
7	6	16
8	0	2
8	1	5
8	2	1
8	3	6
8	4	22
8	5	11
8	6	20
8	7	10
9	0	6
9	1	5
9	2	7
9	3	6
9	4	19
9	5	12
9	6	5
9	7	3
9	8	12
10	0	1
10	1	2
10	2	7
10	3	7
10	4	7
10	5	2
10	6	3
10	7	2
10	8	10
10	9	12
11	0	2
11	1	6
11	2	2
11	4	6
11	5	5
11	6	6
11	7	5
11	8	6
11	9	14
11	10	17
12	2	4
12	3	6
12	4	4
12	5	3
12	6	4
12	7	5
12	8	8
12	9	6
12	10	13
12	11	20
13	0	4
13	1	5
13	2	3
13	3	6
13	4	8
13	5	7
13	6	2
13	7	2
13	8	3
13	9	4
13	10	5
13	11	3
13	12	6
14	1	2
14	2	3
14	3	2
14	4	2
14	5	2
14	6	1
14	7	4
14	8	2
14	9	8
14	10	5
14	11	3
14	12	6
14	13	11
15	2	1
15	3	3
15	4	3
15	5	2
15	6	4
15	7	2
15	8	8
15	9	1
15	10	7
15	11	8
15	12	6
15	13	6
15	14	12
16	3	4
16	4	5
16	5	3
16	6	1
16	7	3
16	8	5
16	9	5
16	10	9
16	11	4
16	12	4
16	13	14
16	14	10
16	15	7
17	2	2
17	3	4
17	4	3
17	5	1
17	6	4
17	7	5
17	8	4
17	9	2
17	10	8
17	11	6
17	12	4
17	13	9
17	14	7
17	15	7
17	16	18
18	0	2
18	1	4
18	2	1
18	3	5
18	4	2
18	5	2
18	7	4
18	8	6
18	9	7
18	10	2
18	11	4
18	12	4
18	13	4
18	14	3
18	15	3
18	16	9
18	17	6
19	0	3
19	1	5
19	2	5
19	3	5
19	4	10
19	5	3
19	6	9
19	7	7
19	8	11
19	9	9
19	10	7
19	11	4
19	12	8
19	13	10
19	14	5
19	15	7
19	16	4
19	17	17
19	18	15
20	1	3
20	2	4
20	3	2
20	4	6
20	5	4
20	6	8
20	7	6
20	8	11
20	9	3
20	10	10
20	11	5
20	12	5
20	13	6
20	14	7
20	15	6
20	16	3
20	17	7
20	18	9
20	19	17
21	0	3
21	1	1
21	2	2
21	3	3
21	4	7
21	5	15
21	6	7
21	7	6
21	8	8
21	9	7
21	10	5
21	11	3
21	12	1
21	13	4
21	14	4
21	15	5
21	16	5
21	17	6
21	18	8
21	19	9
21	20	14
22	0	2
22	1	1
22	2	3
22	3	1
22	4	5
22	5	5
22	6	4
22	7	3
22	8	7
22	9	2
22	10	3
22	11	2
22	12	5
22	13	5
22	14	7
22	15	5
22	17	7
22	18	10
22	19	6
22	20	15
22	21	22
23	0	3
23	2	3
23	3	3
23	4	1
23	5	2
23	6	3
23	7	3
23	8	3
23	9	3
23	10	2
23	11	3
23	12	1
23	13	4
23	14	2
23	16	3
23	17	5
23	18	4
23	19	2
23	20	2
23	21	9
23	22	11
24	1	3
24	2	5
24	3	2
24	4	3
24	5	5
24	6	2
24	7	3
24	8	5
24	9	4
24	10	7
24	11	4
24	12	2
24	13	4
24	14	2
24	15	3
24	16	4
24	17	2
24	18	4
24	19	4
24	20	6
24	21	12
24	22	8
24	23	18
25	3	1
25	5	1
25	6	3
25	9	1
25	11	1
25	16	2
25	19	1
25	22	2
26	2	1
26	3	2
26	6	2
26	8	3
26	10	1
26	13	6
26	14	4
26	15	3
26	16	1
26	17	5
26	18	4
26	19	6
26	20	3
26	22	1
26	24	1
27	3	2
27	4	4
27	5	4
27	6	1
27	7	2
27	8	5
27	9	6
27	10	5
27	11	3
27	12	4
27	13	10
27	14	7
27	15	5
27	16	6
27	17	9
27	18	3
27	19	3
27	20	1
27	21	5
27	22	2
27	23	7
27	24	3
27	25	1
27	26	1
28	0	2
28	1	2
28	2	4
28	3	6
28	4	7
28	5	4
28	6	2
28	7	3
28	8	4
28	9	11
28	10	5
28	11	2
28	12	2
28	13	6
28	14	7
28	15	5
28	16	3
28	17	5
28	18	6
28	19	2
28	20	4
28	21	6
28	22	8
28	23	6
28	24	5
28	27	11
29	1	1
29	2	1
29	3	3
29	4	5
29	5	2
29	6	1
29	7	1
29	8	3
29	9	1
29	10	4
29	11	3
29	12	2
29	13	3
29	14	2
29	15	4
29	16	1
29	17	3
29	18	3
29	19	2
29	20	6
29	21	6
29	22	3
29	23	3
29	24	3
29	27	5
29	28	5
30	0	1
30	1	3
30	2	2
30	3	6
30	4	4
30	5	5
30	6	3
30	7	2
30	8	4
30	9	4
30	10	4
30	12	6
30	13	4
30	14	3
30	15	4
30	16	2
30	18	3
30	19	1
30	20	1
30	21	3
30	22	5
30	23	6
30	24	7
30	26	2
30	27	4
30	28	10
30	29	7
31	2	1
31	3	1
31	4	3
31	5	7
31	8	3
31	10	1
31	11	2
31	12	2
31	13	5
31	14	2
31	15	3
31	16	2
31	17	3
31	18	6
31	19	1
31	20	3
31	21	4
31	22	3
31	23	1
31	24	3
31	26	7
31	27	5
31	28	9
31	29	5
31	30	23
32	0	1
32	1	2
32	2	1
32	4	3
32	5	4
32	8	3
32	9	1
32	10	7
32	11	3
32	12	1
32	13	3
32	14	3
32	15	1
32	16	3
32	17	5
32	18	5
32	19	4
32	20	2
32	21	4
32	22	4
32	23	1
32	24	4
32	27	6
32	28	10
32	29	3
32	30	7
32	31	6
33	1	3
33	2	2
33	3	4
33	4	1
33	5	1
33	6	2
33	7	1
33	8	1
33	9	4
33	10	2
33	11	3
33	12	4
33	13	4
33	14	3
33	15	3
33	17	7
33	18	5
33	19	3
33	20	1
33	21	5
33	22	9
33	23	3
33	24	4
33	26	3
33	27	5
33	28	11
33	29	2
33	30	4
33	31	10
33	32	9
34	1	2
34	2	1
34	3	4
34	4	7
34	5	8
34	6	1
34	7	1
34	8	4
34	9	6
34	10	5
34	11	3
34	12	1
34	13	1
34	14	2
34	15	7
34	17	3
34	18	6
34	19	8
34	20	4
34	21	23
34	22	6
34	23	4
34	24	9
34	25	2
34	26	4
34	27	7
34	28	6
34	29	8
34	30	5
34	31	4
34	32	4
34	33	11
35	0	4
35	1	3
35	2	3
35	3	2
35	4	7
35	5	1
35	6	3
35	7	8
35	8	7
35	9	6
35	10	6
35	11	3
35	12	11
35	13	12
35	14	4
35	15	5
35	16	4
35	17	1
35	18	20
35	19	7
35	20	3
35	21	8
35	22	4
35	23	4
35	24	2
35	26	2
35	27	8
35	28	17
35	29	7
35	30	3
35	31	5
35	32	8
35	33	6
35	34	9
36	2	2
36	3	4
36	4	4
36	5	4
36	6	3
36	7	2
36	8	4
36	9	5
36	10	11
36	11	1
36	12	4
36	13	10
36	14	1
36	15	2
36	16	6
36	17	7
36	18	7
36	19	4
36	20	3
36	21	3
36	22	1
36	24	4
36	25	1
36	26	2
36	27	4
36	28	10
36	29	7
36	30	1
36	31	4
36	32	2
36	33	6
36	34	4
36	35	7
37	0	1
37	1	2
37	2	1
37	3	4
37	4	4
37	5	5
37	6	2
37	7	7
37	8	5
37	9	4
37	10	8
37	11	4
37	12	3
37	13	17
37	14	3
37	15	2
37	16	4
37	17	2
37	18	2
37	19	3
37	20	3
37	21	5
37	22	4
37	23	4
37	24	1
37	25	1
37	26	2
37	27	9
37	28	16
37	29	4
37	30	1
37	31	6
37	32	8
37	33	5
37	34	5
37	35	18
37	36	4
38	1	3
38	2	4
38	3	3
38	4	7
38	5	7
38	6	1
38	7	3
38	8	5
38	9	12
38	10	6
38	11	5
38	12	6
38	13	9
38	14	7
38	15	3
38	16	8
38	17	7
38	18	6
38	19	2
38	20	4
38	21	5
38	22	5
38	23	4
38	24	4
38	26	3
38	27	11
38	28	14
38	29	11
38	30	6
38	31	8
38	32	4
38	33	4
38	34	10
38	35	18
38	36	9
38	37	18
39	1	2
39	2	1
39	3	2
39	4	7
39	5	2
39	6	1
39	7	3
39	8	3
39	9	2
39	10	5
39	11	3
39	12	4
39	13	9
39	14	5
39	15	6
39	16	7
39	17	3
39	18	11
39	19	1
39	20	8
39	21	12
39	22	6
39	23	3
39	24	2
39	26	2
39	27	8
39	28	13
39	29	3
39	30	6
39	31	3
39	32	3
39	33	7
39	34	6
39	35	13
39	36	9
39	37	13
39	38	34
40	1	7
40	2	3
40	3	3
40	5	4
40	6	1
40	7	2
40	8	7
40	9	5
40	10	11
40	11	1
40	12	4
40	13	3
40	14	1
40	15	6
40	16	5
40	17	2
40	18	10
40	19	4
40	20	4
40	21	6
40	22	4
40	23	2
40	24	1
40	25	1
40	26	3
40	27	2
40	28	19
40	29	14
40	30	12
40	31	4
40	32	7
40	33	9
40	34	6
40	35	12
40	36	6
40	37	11
40	38	20
40	39	11
41	1	3
41	2	3
41	3	2
41	4	5
41	5	4
41	6	1
41	7	3
41	8	5
41	9	3
41	10	3
41	11	3
41	12	5
41	13	10
41	14	3
41	15	2
41	16	5
41	17	5
41	18	2
41	20	5
41	21	8
41	23	3
41	24	1
41	25	2
41	26	1
41	27	4
41	28	13
41	29	3
41	30	8
41	31	6
41	32	7
41	33	4
41	34	6
41	35	9
41	36	4
41	37	5
41	38	21
41	39	7
41	40	31
42	3	2
42	4	2
42	5	4
42	6	1
42	7	2
42	8	1
42	9	5
42	10	3
42	11	1
42	12	6
42	13	3
42	14	4
42	15	3
42	16	7
42	17	1
42	18	3
42	19	1
42	20	4
42	21	1
42	22	3
42	23	3
42	24	2
42	26	4
42	27	4
42	28	6
42	29	2
42	30	7
42	31	9
42	32	4
42	33	5
42	34	7
42	35	4
42	36	3
42	37	2
42	38	14
42	39	11
42	40	14
42	41	12
43	1	3
43	2	5
43	3	4
43	4	7
43	6	1
43	7	2
43	8	8
43	9	3
43	10	2
43	11	2
43	12	3
43	13	3
43	14	5
43	15	5
43	16	4
43	17	2
43	18	4
43	19	1
43	20	2
43	21	2
43	22	3
43	23	2
43	24	3
43	26	4
43	27	10
43	28	8
43	29	3
43	30	2
43	31	9
43	32	5
43	33	5
43	34	1
43	35	5
43	36	3
43	37	2
43	38	6
43	39	2
43	40	6
43	41	2
43	42	13
44	0	2
44	1	5
44	2	3
44	3	5
44	4	3
44	5	6
44	7	2
44	8	3
44	9	3
44	10	1
44	11	5
44	13	4
44	14	2
44	16	2
44	17	1
44	18	2
44	19	2
44	20	4
44	21	2
44	27	1
44	28	3
44	29	6
44	30	6
44	31	7
44	33	3
44	34	2
44	35	1
44	36	4
44	37	3
44	38	6
44	39	3
44	40	7
44	41	2
44	42	6
44	43	18
45	0	4
45	1	3
45	2	4
45	3	2
45	4	2
45	5	3
45	6	2
45	7	1
45	8	2
45	9	2
45	10	1
45	12	2
45	13	1
45	14	3
45	17	2
45	18	2
45	20	1
45	23	4
45	24	4
45	26	4
45	27	3
45	28	6
45	29	6
45	30	5
45	31	6
45	32	2
45	33	6
45	34	1
45	35	4
45	36	2
45	37	3
45	38	7
45	39	5
45	40	3
45	41	4
45	42	11
45	43	14
45	44	14
46	1	3
46	2	4
46	3	2
46	4	4
46	5	3
46	7	3
46	8	1
46	9	3
46	10	5
46	11	1
46	12	3
46	13	1
46	14	2
46	15	2
46	18	2
46	19	1
46	21	1
46	22	3
46	26	2
46	27	5
46	28	5
46	29	3
46	30	7
46	31	5
46	32	4
46	33	5
46	34	2
46	35	9
46	36	5
46	37	1
46	38	6
46	39	2
46	40	5
46	41	2
46	43	8
46	44	8
46	45	5
47	1	4
47	2	3
47	3	4
47	4	4
47	5	4
47	6	2
47	7	1
47	8	4
47	9	4
47	10	4
47	11	1
47	12	1
47	13	6
47	14	1
47	15	1
47	16	3
47	17	3
47	18	4
47	19	2
47	20	3
47	23	2
47	24	2
47	27	1
47	28	4
47	29	1
47	30	4
47	31	4
47	32	5
47	33	5
47	34	1
47	35	5
47	36	2
47	37	1
47	38	7
47	39	3
47	40	5
47	41	2
47	42	5
47	43	9
47	44	5
47	45	6
47	46	15
48	1	3
48	2	1
48	3	5
48	4	2
48	6	1
48	11	1
48	12	4
48	13	1
48	14	1
48	19	4
48	20	3
48	22	4
48	27	1
48	28	3
48	30	2
48	31	2
48	35	6
48	37	4
48	38	7
48	39	6
48	40	3
48	41	6
48	42	4
48	43	6
48	44	2
48	45	5
48	46	7
48	47	8
49	0	1
49	1	5
49	2	4
49	4	1
49	5	1
49	6	4
49	7	2
49	8	1
49	9	4
49	11	3
49	12	3
49	13	5
49	14	2
49	15	4
49	16	3
49	17	3
49	18	2
49	19	3
49	20	5
49	21	2
49	23	3
49	24	2
49	25	1
49	27	5
49	28	1
49	29	2
49	30	5
49	31	3
49	32	2
49	33	2
49	34	3
49	35	4
49	36	4
49	37	3
49	38	5
49	39	5
49	40	6
49	41	4
49	42	9
49	43	6
49	44	3
49	45	5
49	46	12
49	47	11
49	48	19
50	3	1
50	4	3
50	5	3
50	8	5
50	10	1
50	12	3
50	13	4
50	14	1
50	15	2
50	18	3
50	23	2
50	25	1
50	26	4
50	27	1
50	28	4
50	29	3
50	30	2
50	31	3
50	32	1
50	35	6
50	36	1
50	37	2
50	38	4
50	39	5
50	40	2
50	41	2
50	42	4
50	43	1
50	44	1
50	45	3
50	46	9
50	47	8
50	48	3
50	49	11
51	1	3
51	4	3
51	5	3
51	7	1
51	8	1
51	9	6
51	10	2
51	11	5
51	12	6
51	13	3
51	14	1
51	15	3
51	16	3
51	17	3
51	18	3
51	19	2
51	20	1
51	23	4
51	26	3
51	27	5
51	28	4
51	29	4
51	30	7
51	31	1
51	32	2
51	33	1
51	34	1
51	35	2
51	36	3
51	37	1
51	38	8
51	39	10
51	40	6
51	41	12
51	42	2
51	43	2
51	44	2
51	45	1
51	46	10
51	47	5
51	48	3
51	49	6
51	50	8
52	4	6
52	6	5
52	7	1
52	8	3
52	9	2
52	10	2
52	11	1
52	12	6
52	13	3
52	14	5
52	15	2
52	16	4
52	17	4
52	18	5
52	19	2
52	21	1
52	23	1
52	24	2
52	26	5
52	27	5
52	28	4
52	30	5
52	31	3
52	32	4
52	33	2
52	34	4
52	35	5
52	36	2
52	37	3
52	38	6
52	39	6
52	40	4
52	41	4
52	42	3
52	43	6
52	44	2
52	45	4
52	46	4
52	47	8
52	48	2
52	49	12
52	50	12
52	51	27
53	1	2
53	2	1
53	3	3
53	4	6
53	5	4
53	6	1
53	7	1
53	8	2
53	9	2
53	10	4
53	11	4
53	12	3
53	13	4
53	14	5
53	15	4
53	16	3
53	17	1
53	18	2
53	19	3
53	20	2
53	22	4
53	24	1
53	27	4
53	28	7
53	29	3
53	30	6
53	31	5
53	32	1
53	33	1
53	34	2
53	35	1
53	36	2
53	37	8
53	38	3
53	39	8
53	40	9
53	41	6
53	42	4
53	43	5
53	44	2
53	45	4
53	46	5
53	47	9
53	48	8
53	49	17
53	50	20
53	51	11
53	52	11
54	0	5
54	1	1
54	2	1
54	3	2
54	4	2
54	5	2
54	6	1
54	8	2
54	9	4
54	10	4
54	11	3
54	12	3
54	13	9
54	15	2
54	16	1
54	17	4
54	18	2
54	19	3
54	20	2
54	26	3
54	27	6
54	28	9
54	29	4
54	30	7
54	31	4
54	32	5
54	33	6
54	35	6
54	36	5
54	37	6
54	38	9
54	39	3
54	40	5
54	41	11
54	42	4
54	43	4
54	44	7
54	45	6
54	46	7
54	47	21
54	48	9
54	49	11
54	50	6
54	51	4
54	52	4
54	53	7
55	0	2
55	1	6
55	2	2
55	3	3
55	4	2
55	5	5
55	8	3
55	9	3
55	10	4
55	12	7
55	13	3
55	14	3
55	15	2
55	17	1
55	18	4
55	19	3
55	20	1
55	21	3
55	22	3
55	24	5
55	25	1
55	27	3
55	28	5
55	29	4
55	30	1
55	31	2
55	32	5
55	33	2
55	34	4
55	35	4
55	36	7
55	37	4
55	38	7
55	39	3
55	40	4
55	41	6
55	42	5
55	43	4
55	44	1
55	45	10
55	46	11
55	47	9
55	48	8
55	49	11
55	50	7
55	51	9
55	52	9
55	53	7
55	54	32
56	3	3
56	4	3
56	5	1
56	8	1
56	9	4
56	11	1
56	12	1
56	13	3
56	15	3
56	17	5
56	19	1
56	20	6
56	21	2
56	23	2
56	26	3
56	27	5
56	28	6
56	29	1
56	31	3
56	32	3
56	33	3
56	35	1
56	36	5
56	37	2
56	38	3
56	39	8
56	40	3
56	41	5
56	42	3
56	43	3
56	44	2
56	45	2
56	46	9
56	47	9
56	48	8
56	49	11
56	50	4
56	51	2
56	52	2
56	53	7
56	54	7
56	55	7
57	0	2
57	2	1
57	3	4
57	4	2
57	6	1
57	8	2
57	9	3
57	10	4
57	11	3
57	12	4
57	13	3
57	14	2
57	15	2
57	17	3
57	18	5
57	22	1
57	23	3
57	24	4
57	25	3
57	27	3
57	28	5
57	29	2
57	30	6
57	31	3
57	32	5
57	33	3
57	34	3
57	35	4
57	36	2
57	37	2
57	38	10
57	39	4
57	40	4
57	41	7
57	42	7
57	43	6
57	44	8
57	45	9
57	46	6
57	47	3
57	48	8
57	49	11
57	50	4
57	51	10
57	52	5
57	53	6
57	54	7
57	55	8
57	56	23
58	0	1
58	1	3
58	3	5
58	4	1
58	8	3
58	9	5
58	10	1
58	12	3
58	13	6
58	14	3
58	15	3
58	17	3
58	18	5
58	19	5
58	23	3
58	24	4
58	27	4
58	28	3
58	29	4
58	30	3
58	31	3
58	32	4
58	33	4
58	34	4
58	35	4
58	36	3
58	37	1
58	38	8
58	39	5
58	40	11
58	41	6
58	42	9
58	43	11
58	44	4
58	45	4
58	46	4
58	47	3
58	48	1
58	49	8
58	50	2
58	51	2
58	52	2
58	53	2
58	54	3
58	55	5
58	56	8
58	57	8
59	1	3
59	2	3
59	3	3
59	4	6
59	5	4
59	7	3
59	8	3
59	9	6
59	10	3
59	11	4
59	12	2
59	13	4
59	14	2
59	15	3
59	16	5
59	17	3
59	18	3
59	19	2
59	20	4
59	21	3
59	22	4
59	24	2
59	26	1
59	27	2
59	28	7
59	29	6
59	30	4
59	31	8
59	32	7
59	33	6
59	34	3
59	35	4
59	36	4
59	37	2
59	38	5
59	39	5
59	40	5
59	41	5
59	42	7
59	43	9
59	44	4
59	45	8
59	46	7
59	47	10
59	48	5
59	49	9
59	50	3
59	51	5
59	52	3
59	53	9
59	54	4
59	55	6
59	56	11
59	57	10
59	58	17
60	1	6
60	2	3
60	3	2
60	4	8
60	5	7
60	6	3
60	7	1
60	8	5
60	9	2
60	10	7
60	11	5
60	12	4
60	13	4
60	14	7
60	15	7
60	16	7
60	17	6
60	18	1
60	19	5
60	20	4
60	21	3
60	22	3
60	24	3
60	26	2
60	27	6
60	28	4
60	29	2
60	30	3
60	31	6
60	32	4
60	33	2
60	34	3
60	35	5
60	36	4
60	37	10
60	38	19
60	39	10
60	40	11
60	41	4
60	42	1
60	43	4
60	44	10
60	45	4
60	46	1
60	47	7
60	48	4
60	49	10
60	50	15
60	51	26
60	52	30
60	53	21
60	54	6
60	55	9
60	56	5
60	57	10
60	58	3
60	59	5
