1	0	16
2	0	5
2	1	18
3	0	10
3	1	10
3	2	10
4	0	2
4	1	11
4	2	6
4	3	12
5	0	4
5	1	2
5	2	2
5	3	6
5	4	18
6	0	1
6	1	3
6	2	1
6	3	4
6	4	7
6	5	4
7	1	2
7	2	8
7	3	1
7	4	6
7	5	9
7	6	9
8	0	1
8	1	4
8	2	3
8	3	3
8	4	23
8	5	11
8	6	15
8	7	7
9	0	1
9	1	4
9	2	4
9	3	13
9	4	23
9	5	9
9	6	6
9	7	1
9	8	16
10	0	1
10	1	5
10	2	2
10	3	2
10	4	11
10	5	7
10	6	5
10	7	2
10	8	7
10	9	14
11	0	1
11	1	3
11	2	4
11	3	5
11	4	4
11	5	2
11	6	1
11	7	3
11	8	7
11	9	8
11	10	15
12	1	5
12	2	5
12	3	3
12	4	7
12	5	2
12	6	4
12	7	3
12	8	4
12	9	6
12	10	16
12	11	17
13	0	2
13	1	5
13	2	5
13	3	1
13	4	8
13	5	1
13	6	3
13	7	3
13	8	2
13	9	6
13	10	7
13	11	3
13	12	13
14	1	6
14	2	1
14	3	1
14	4	2
14	5	1
14	6	3
14	7	3
14	8	4
14	9	1
14	10	6
14	11	3
14	12	7
14	13	7
15	0	1
15	2	2
15	3	1
15	4	3
15	5	1
15	6	2
15	7	3
15	8	6
15	9	3
15	10	9
15	11	4
15	12	6
15	13	13
15	14	13
16	2	2
16	3	4
16	4	4
16	5	2
16	6	1
16	7	2
16	8	3
16	9	6
16	10	3
16	11	5
16	12	4
16	13	13
16	14	13
16	15	6
17	1	1
17	3	2
17	4	8
17	5	3
17	6	5
17	7	4
17	8	4
17	9	7
17	10	2
17	11	1
17	12	5
17	13	6
17	14	14
17	15	8
17	16	16
18	0	1
18	1	1
18	2	6
18	3	4
18	4	15
18	5	1
18	6	2
18	7	4
18	8	9
18	9	7
18	10	5
18	11	4
18	12	5
18	13	11
18	14	7
18	15	6
18	16	8
18	17	14
19	0	4
19	1	3
19	2	3
19	3	4
19	4	6
19	5	8
19	6	7
19	7	8
19	8	11
19	9	10
19	10	10
19	11	5
19	12	6
19	13	17
19	14	4
19	15	6
19	16	13
19	17	10
19	18	13
20	1	3
20	3	2
20	4	8
20	5	7
20	6	8
20	7	4
20	8	14
20	9	6
20	10	6
20	11	4
20	12	2
20	13	6
20	14	2
20	15	6
20	16	3
20	17	6
20	18	8
20	19	11
21	1	4
21	2	2
21	3	2
21	4	5
21	5	10
21	6	3
21	7	2
21	8	10
21	9	2
21	10	3
21	11	1
21	12	3
21	13	4
21	14	3
21	15	3
21	16	3
21	17	4
21	18	6
21	19	3
21	20	11
22	1	2
22	2	2
22	3	3
22	4	4
22	5	4
22	6	4
22	7	2
22	8	5
22	9	3
22	10	3
22	11	3
22	12	4
22	13	3
22	14	6
22	15	3
22	17	6
22	18	5
22	19	12
22	20	11
22	21	15
23	1	3
23	2	2
23	3	1
23	4	4
23	5	1
23	6	2
23	7	5
23	8	6
23	9	2
23	10	2
23	11	2
23	12	2
23	13	3
23	14	3
23	16	2
23	17	4
23	18	4
23	19	3
23	20	3
23	21	8
23	22	16
24	1	1
24	2	2
24	3	6
24	4	6
24	5	5
24	6	4
24	7	5
24	8	6
24	9	6
24	10	2
24	11	4
24	13	3
24	14	1
24	15	2
24	16	4
24	17	7
24	18	3
24	19	10
24	20	3
24	21	6
24	22	16
24	23	15
25	0	1
25	3	1
25	4	1
25	5	2
25	6	3
25	8	1
25	9	1
25	16	1
25	17	2
25	19	1
25	21	1
26	1	2
26	2	3
26	6	2
26	8	1
26	10	1
26	13	6
26	14	5
26	16	3
26	17	3
26	18	1
26	19	2
26	20	4
26	22	3
26	24	1
27	3	4
27	4	5
27	5	1
27	6	5
27	7	4
27	8	6
27	9	2
27	10	9
27	11	1
27	12	2
27	13	8
27	14	11
27	15	4
27	16	7
27	17	4
27	18	7
27	19	5
27	20	3
27	21	5
27	22	7
27	23	5
27	24	2
27	25	1
27	26	3
28	0	2
28	1	1
28	2	2
28	3	3
28	4	3
28	5	5
28	6	5
28	7	8
28	8	7
28	9	9
28	10	5
28	11	3
28	12	12
28	13	9
28	14	3
28	15	10
28	16	4
28	17	3
28	18	8
28	19	6
28	20	3
28	21	10
28	22	3
28	23	2
28	24	5
28	26	7
28	27	12
29	1	4
29	2	5
29	3	2
29	4	4
29	5	3
29	6	2
29	7	2
29	8	3
29	9	4
29	10	4
29	11	4
29	12	1
29	13	3
29	14	1
29	15	2
29	16	6
29	17	2
29	18	4
29	19	2
29	20	5
29	21	8
29	22	5
29	23	2
29	24	3
29	27	3
29	28	9
30	0	3
30	1	2
30	2	2
30	3	3
30	4	4
30	5	4
30	7	1
30	8	3
30	9	2
30	10	6
30	11	4
30	13	4
30	14	2
30	15	3
30	16	3
30	17	2
30	18	1
30	19	1
30	20	4
30	21	5
30	22	4
30	23	1
30	24	7
30	26	3
30	27	3
30	28	10
30	29	9
31	1	4
31	2	4
31	3	1
31	4	7
31	5	4
31	8	1
31	9	4
31	10	5
31	11	1
31	12	2
31	13	6
31	14	3
31	15	7
31	16	1
31	17	6
31	18	5
31	19	2
31	20	6
31	21	2
31	22	3
31	23	4
31	24	5
31	26	3
31	27	3
31	28	10
31	29	11
31	30	23
32	0	1
32	1	1
32	2	2
32	3	5
32	4	3
32	5	3
32	8	3
32	9	3
32	10	3
32	11	3
32	12	1
32	13	6
32	14	5
32	15	2
32	16	7
32	17	3
32	18	3
32	19	1
32	20	1
32	21	2
32	22	5
32	24	3
32	26	4
32	27	6
32	28	15
32	29	5
32	30	15
32	31	14
33	1	2
33	2	2
33	3	1
33	4	7
33	5	3
33	6	2
33	7	5
33	8	2
33	9	4
33	10	5
33	12	2
33	13	2
33	14	4
33	15	7
33	16	5
33	17	8
33	18	4
33	19	8
33	20	4
33	21	4
33	22	5
33	23	6
33	24	7
33	26	2
33	27	6
33	28	8
33	29	3
33	30	12
33	31	10
33	32	8
34	0	3
34	3	4
34	4	6
34	5	5
34	6	3
34	8	4
34	9	5
34	10	3
34	11	1
34	12	2
34	13	6
34	14	4
34	15	2
34	16	2
34	17	5
34	18	7
34	19	11
34	20	7
34	21	8
34	22	5
34	23	5
34	24	7
34	25	1
34	26	5
34	27	3
34	28	9
34	29	4
34	30	3
34	31	3
34	32	13
34	33	10
35	0	2
35	1	3
35	2	2
35	3	2
35	4	3
35	5	3
35	6	3
35	7	3
35	8	4
35	9	6
35	10	5
35	11	4
35	12	10
35	13	11
35	14	6
35	15	4
35	16	12
35	17	7
35	18	13
35	19	14
35	20	7
35	21	5
35	22	8
35	23	2
35	24	5
35	26	5
35	27	9
35	28	17
35	29	9
35	30	9
35	31	5
35	32	12
35	33	14
35	34	14
36	1	1
36	2	2
36	3	3
36	4	12
36	5	4
36	6	3
36	7	2
36	8	11
36	9	7
36	10	10
36	11	6
36	12	6
36	13	11
36	14	3
36	15	6
36	16	3
36	17	5
36	18	3
36	19	5
36	20	2
36	21	7
36	22	3
36	24	4
36	26	2
36	27	3
36	28	6
36	29	7
36	30	3
36	31	4
36	32	1
36	33	2
36	34	7
36	35	13
37	1	3
37	2	3
37	3	4
37	4	4
37	5	2
37	6	4
37	8	7
37	9	4
37	10	3
37	11	7
37	12	3
37	13	19
37	14	3
37	15	1
37	16	11
37	17	7
37	18	10
37	19	1
37	20	4
37	21	3
37	22	8
37	23	4
37	24	3
37	26	1
37	27	6
37	28	9
37	29	7
37	30	6
37	31	5
37	32	4
37	33	2
37	34	5
37	35	21
37	36	8
38	1	3
38	2	2
38	3	5
38	4	4
38	5	2
38	6	5
38	7	4
38	8	4
38	9	2
38	10	6
38	11	6
38	12	7
38	13	5
38	14	3
38	15	6
38	16	4
38	17	4
38	18	7
38	19	9
38	20	3
38	21	5
38	22	6
38	23	2
38	24	8
38	25	1
38	26	1
38	27	7
38	28	17
38	29	6
38	30	9
38	31	9
38	32	12
38	33	7
38	34	6
38	35	11
38	36	16
38	37	19
39	1	3
39	2	4
39	3	3
39	4	6
39	5	4
39	6	2
39	7	2
39	8	1
39	9	2
39	10	8
39	11	6
39	12	3
39	13	19
39	14	7
39	15	7
39	16	7
39	17	7
39	18	7
39	19	9
39	20	1
39	21	5
39	22	2
39	23	2
39	24	3
39	26	3
39	27	8
39	28	11
39	29	1
39	30	7
39	31	6
39	32	2
39	33	3
39	34	9
39	35	13
39	36	12
39	37	16
39	38	22
40	1	2
40	2	2
40	3	4
40	4	3
40	5	3
40	6	2
40	7	4
40	8	4
40	9	3
40	10	2
40	11	3
40	12	9
40	13	3
40	14	3
40	15	1
40	16	1
40	17	2
40	18	5
40	19	4
40	20	3
40	21	2
40	22	1
40	23	3
40	24	3
40	25	1
40	27	2
40	28	16
40	29	5
40	30	13
40	31	10
40	32	9
40	33	4
40	34	9
40	35	14
40	36	6
40	37	16
40	38	21
40	39	13
41	1	4
41	2	6
41	3	3
41	4	4
41	5	1
41	7	1
41	8	2
41	9	2
41	10	6
41	11	2
41	12	2
41	13	7
41	14	4
41	15	3
41	16	4
41	17	2
41	18	1
41	19	3
41	20	4
41	21	5
41	22	6
41	23	3
41	24	1
41	26	3
41	27	8
41	28	18
41	29	5
41	30	4
41	31	6
41	32	6
41	33	4
41	34	5
41	35	9
41	36	5
41	37	12
41	38	15
41	39	4
41	40	31
42	0	4
42	4	1
42	5	2
42	6	1
42	7	4
42	8	5
42	9	2
42	10	2
42	11	6
42	12	2
42	13	2
42	14	1
42	15	8
42	16	2
42	18	3
42	19	4
42	20	2
42	21	2
42	22	6
42	23	2
42	24	6
42	26	1
42	27	3
42	28	5
42	29	4
42	30	4
42	31	5
42	32	5
42	33	2
42	34	3
42	35	5
42	36	5
42	37	3
42	38	11
42	39	3
42	40	10
42	41	14
43	1	2
43	2	4
43	3	3
43	5	3
43	6	2
43	8	3
43	9	4
43	10	2
43	11	1
43	12	1
43	13	4
43	14	4
43	15	2
43	16	7
43	17	5
43	18	3
43	19	2
43	21	3
43	22	4
43	23	2
43	24	2
43	26	1
43	27	3
43	28	6
43	29	2
43	30	8
43	31	7
43	32	7
43	33	3
43	34	3
43	35	2
43	36	4
43	37	5
43	38	7
43	39	6
43	40	7
43	41	9
43	42	13
44	0	2
44	1	3
44	2	6
44	3	4
44	4	3
44	6	1
44	7	3
44	8	2
44	9	3
44	10	5
44	11	3
44	12	3
44	13	2
44	16	2
44	17	2
44	18	3
44	19	2
44	20	1
44	21	3
44	26	2
44	27	2
44	28	8
44	29	5
44	30	4
44	31	6
44	32	3
44	33	1
44	34	4
44	35	5
44	36	7
44	38	9
44	39	5
44	40	3
44	41	12
44	42	9
44	43	21
45	1	4
45	2	2
45	3	4
45	4	1
45	5	4
45	6	4
45	8	1
45	9	4
45	10	4
45	11	1
45	13	4
45	14	3
45	17	2
45	18	5
45	19	3
45	20	2
45	24	3
45	26	3
45	27	4
45	28	2
45	29	3
45	30	4
45	31	2
45	32	6
45	33	4
45	34	2
45	35	3
45	36	2
45	37	1
45	38	2
45	39	7
45	40	2
45	41	4
45	42	3
45	43	12
45	44	23
46	2	1
46	3	3
46	4	4
46	5	5
46	7	1
46	8	2
46	9	4
46	10	1
46	11	1
46	12	9
46	13	5
46	14	1
46	15	1
46	18	2
46	19	1
46	21	1
46	22	3
46	26	2
46	27	3
46	28	3
46	29	6
46	30	3
46	31	6
46	32	5
46	33	1
46	34	2
46	35	5
46	36	5
46	37	5
46	38	3
46	39	3
46	40	4
46	41	5
46	42	1
46	43	9
46	44	4
46	45	13
47	1	2
47	2	1
47	3	2
47	4	3
47	5	4
47	6	4
47	8	3
47	9	4
47	10	3
47	11	4
47	12	1
47	13	5
47	14	2
47	15	3
47	16	4
47	17	3
47	18	1
47	19	2
47	20	2
47	23	3
47	24	1
47	27	6
47	28	2
47	29	3
47	30	6
47	31	3
47	32	4
47	33	2
47	34	1
47	35	7
47	37	2
47	38	3
47	39	3
47	40	6
47	41	7
47	42	3
47	43	5
47	44	5
47	45	5
47	46	10
48	0	1
48	1	3
48	2	1
48	4	3
48	8	2
48	10	2
48	11	1
48	12	1
48	13	2
48	14	3
48	15	5
48	20	1
48	27	4
48	28	7
48	30	4
48	31	5
48	35	5
48	36	3
48	37	2
48	38	2
48	39	1
48	40	2
48	41	3
48	42	2
48	43	5
48	44	2
48	45	3
48	46	13
48	47	17
49	0	2
49	1	3
49	2	1
49	3	1
49	4	2
49	5	6
49	6	1
49	8	3
49	9	5
49	10	2
49	11	2
49	12	3
49	13	5
49	14	1
49	15	4
49	16	1
49	17	3
49	18	2
49	19	2
49	20	2
49	21	2
49	23	2
49	25	1
49	27	9
49	28	6
49	29	1
49	30	4
49	31	5
49	32	6
49	33	4
49	34	2
49	35	8
49	36	4
49	37	7
49	38	7
49	39	3
49	40	3
49	41	7
49	42	6
49	43	4
49	44	4
49	45	3
49	46	10
49	47	19
49	48	14
50	0	2
50	1	4
50	3	4
50	4	4
50	5	1
50	9	1
50	10	4
50	12	4
50	13	3
50	14	5
50	15	3
50	19	3
50	22	2
50	27	4
50	28	4
50	29	2
50	30	3
50	31	1
50	32	2
50	35	2
50	36	6
50	37	5
50	38	4
50	39	3
50	40	4
50	41	7
50	42	4
50	43	4
50	44	1
50	45	1
50	46	3
50	47	14
50	48	2
50	49	10
51	1	1
51	4	4
51	7	1
51	8	5
51	9	3
51	10	2
51	11	1
51	12	3
51	13	3
51	14	3
51	15	3
51	16	2
51	17	1
51	18	5
51	19	5
51	24	1
51	26	5
51	27	4
51	28	9
51	30	3
51	31	2
51	32	2
51	33	4
51	35	6
51	36	3
51	37	2
51	38	5
51	39	2
51	40	5
51	41	8
51	42	5
51	43	6
51	44	5
51	45	5
51	46	4
51	47	8
51	48	3
51	49	7
51	50	12
52	0	4
52	4	4
52	6	1
52	7	1
52	8	5
52	9	2
52	10	4
52	11	6
52	12	1
52	13	3
52	14	3
52	15	6
52	16	4
52	17	3
52	18	3
52	19	4
52	20	4
52	21	2
52	23	2
52	24	2
52	25	1
52	26	2
52	27	2
52	28	6
52	29	3
52	30	5
52	31	2
52	32	2
52	33	3
52	35	7
52	36	4
52	37	3
52	38	10
52	39	4
52	40	4
52	41	4
52	42	3
52	43	8
52	44	3
52	45	3
52	46	7
52	47	8
52	48	3
52	49	10
52	50	8
52	51	30
53	1	3
53	2	1
53	3	1
53	4	5
53	5	4
53	6	2
53	7	2
53	8	3
53	9	3
53	10	5
53	11	3
53	12	4
53	13	5
53	14	3
53	15	6
53	16	5
53	17	1
53	18	4
53	20	3
53	22	4
53	24	2
53	26	2
53	27	4
53	28	3
53	29	4
53	30	2
53	31	9
53	32	3
53	33	4
53	34	1
53	35	7
53	37	6
53	38	14
53	39	3
53	40	7
53	41	10
53	42	9
53	43	6
53	44	5
53	45	5
53	46	11
53	47	12
53	48	7
53	49	13
53	50	12
53	51	20
53	52	15
54	0	3
54	1	3
54	2	8
54	3	6
54	4	2
54	5	1
54	6	1
54	7	1
54	8	2
54	9	2
54	10	3
54	11	2
54	13	1
54	14	8
54	15	4
54	16	4
54	17	4
54	18	1
54	19	1
54	23	2
54	26	2
54	27	2
54	28	3
54	29	6
54	30	3
54	31	3
54	32	4
54	33	7
54	34	3
54	35	3
54	36	6
54	37	3
54	38	6
54	39	4
54	40	5
54	41	9
54	42	4
54	43	7
54	44	8
54	45	2
54	46	18
54	47	17
54	48	9
54	49	9
54	50	6
54	51	2
54	52	4
54	53	7
55	1	5
55	2	5
55	3	3
55	4	1
55	5	2
55	8	3
55	9	1
55	10	6
55	11	3
55	12	6
55	13	5
55	14	1
55	15	3
55	16	4
55	17	6
55	19	2
55	20	2
55	21	4
55	22	2
55	24	1
55	27	5
55	28	6
55	29	8
55	30	4
55	31	1
55	32	4
55	33	5
55	35	9
55	36	5
55	37	4
55	38	7
55	39	5
55	40	4
55	41	4
55	42	4
55	43	7
55	44	5
55	45	3
55	46	11
55	47	9
55	48	6
55	49	7
55	50	5
55	51	6
55	52	4
55	53	5
55	54	24
56	3	2
56	4	2
56	5	2
56	8	2
56	9	3
56	10	1
56	11	1
56	12	1
56	13	1
56	17	1
56	20	2
56	21	4
56	23	1
56	26	4
56	27	6
56	28	5
56	29	1
56	30	1
56	31	2
56	32	3
56	33	3
56	35	2
56	36	2
56	37	3
56	38	5
56	39	2
56	40	5
56	41	2
56	42	2
56	43	7
56	44	5
56	45	8
56	46	8
56	47	10
56	48	5
56	49	10
56	50	3
56	51	4
56	52	5
56	53	7
56	54	2
56	55	6
57	3	1
57	4	2
57	6	3
57	8	3
57	9	1
57	10	1
57	11	5
57	12	7
57	13	1
57	14	1
57	15	3
57	16	2
57	17	1
57	18	3
57	19	2
57	22	1
57	23	1
57	24	2
57	25	1
57	27	4
57	28	5
57	29	3
57	30	3
57	31	5
57	32	7
57	33	3
57	34	3
57	35	2
57	36	3
57	37	1
57	38	6
57	39	7
57	40	4
57	41	4
57	42	1
57	43	8
57	44	7
57	45	4
57	46	8
57	47	7
57	48	6
57	49	9
57	50	3
57	51	4
57	52	7
57	53	2
57	54	8
57	55	3
57	56	17
58	0	1
58	1	2
58	3	2
58	4	2
58	8	2
58	9	2
58	10	2
58	12	2
58	13	2
58	14	6
58	15	1
58	17	2
58	20	3
58	23	1
58	24	1
58	25	1
58	26	3
58	27	4
58	28	5
58	29	3
58	30	2
58	31	4
58	32	2
58	33	3
58	34	1
58	35	6
58	37	3
58	38	7
58	39	4
58	40	6
58	41	4
58	42	7
58	43	7
58	44	6
58	45	5
58	46	9
58	47	4
58	48	4
58	49	4
58	50	4
58	51	4
58	52	1
58	53	3
58	54	4
58	55	7
58	56	5
58	57	10
59	1	4
59	2	2
59	3	3
59	4	5
59	5	1
59	7	2
59	8	1
59	9	6
59	10	3
59	11	6
59	12	4
59	13	5
59	14	4
59	15	5
59	16	3
59	17	3
59	18	5
59	19	1
59	20	6
59	21	2
59	22	2
59	24	1
59	26	5
59	27	6
59	28	4
59	29	1
59	30	2
59	31	6
59	32	5
59	33	5
59	34	3
59	35	3
59	36	3
59	37	1
59	38	7
59	39	8
59	40	7
59	41	7
59	42	12
59	43	9
59	44	10
59	45	6
59	46	5
59	47	3
59	48	4
59	49	7
59	50	4
59	51	4
59	52	5
59	53	5
59	54	12
59	55	6
59	56	5
59	57	10
59	58	12
60	0	3
60	1	6
60	2	5
60	3	1
60	4	8
60	5	2
60	6	1
60	7	3
60	8	4
60	9	5
60	10	2
60	11	8
60	12	7
60	13	5
60	14	3
60	15	4
60	16	5
60	18	5
60	19	2
60	20	2
60	21	7
60	22	3
60	24	2
60	26	4
60	27	3
60	28	6
60	29	2
60	30	6
60	31	6
60	32	3
60	33	7
60	34	7
60	35	5
60	36	8
60	37	7
60	38	14
60	39	15
60	40	6
60	41	12
60	42	2
60	43	6
60	44	3
60	45	1
60	46	7
60	47	7
60	48	5
60	49	14
60	50	17
60	51	13
60	52	24
60	53	15
60	54	11
60	55	7
60	56	7
60	57	6
60	58	5
60	59	4
