1	0	14
2	0	9
2	1	18
3	0	1
3	1	8
3	2	12
4	0	3
4	1	8
4	2	8
4	3	10
5	0	2
5	1	4
5	2	5
5	3	7
5	4	12
6	0	3
6	1	4
6	2	3
6	3	7
6	4	10
6	5	12
7	1	3
7	2	3
7	3	6
7	4	9
7	5	10
7	6	7
8	0	2
8	1	1
8	2	2
8	3	7
8	4	31
8	5	19
8	6	14
8	7	12
9	0	3
9	1	4
9	2	3
9	3	10
9	4	16
9	5	6
9	6	6
9	7	8
9	8	13
10	0	3
10	1	4
10	2	4
10	3	2
10	4	10
10	5	5
10	6	8
10	7	8
10	8	11
10	9	14
11	1	4
11	2	4
11	3	3
11	4	5
11	5	1
11	6	5
11	7	3
11	8	5
11	9	3
11	10	6
12	1	1
12	2	5
12	3	5
12	4	3
12	5	3
12	6	2
12	7	6
12	8	8
12	9	8
12	10	24
12	11	18
13	0	1
13	1	1
13	2	1
13	3	5
13	4	8
13	5	5
13	6	4
13	7	8
13	8	3
13	9	15
13	10	6
13	11	7
13	12	5
14	1	1
14	3	2
14	4	4
14	5	5
14	6	2
14	7	1
14	8	4
14	9	4
14	10	5
14	11	3
14	12	6
14	13	10
15	0	2
15	3	5
15	4	5
15	5	1
15	6	7
15	8	3
15	9	3
15	10	3
15	11	8
15	12	9
15	13	10
15	14	16
16	2	1
16	3	2
16	4	3
16	5	4
16	6	1
16	7	4
16	8	5
16	9	2
16	10	5
16	11	1
16	12	3
16	13	18
16	14	11
16	15	3
17	3	4
17	4	4
17	5	3
17	6	2
17	7	4
17	8	6
17	9	9
17	10	7
17	11	7
17	12	6
17	13	16
17	14	14
17	15	7
17	16	18
18	1	2
18	2	2
18	3	7
18	4	7
18	5	9
18	6	4
18	7	3
18	8	7
18	9	7
18	10	6
18	11	8
18	12	6
18	13	12
18	14	9
18	15	4
18	16	9
18	17	11
19	0	6
19	1	4
19	2	1
19	3	5
19	4	4
19	5	6
19	6	5
19	7	3
19	8	16
19	9	8
19	10	9
19	11	3
19	12	1
19	13	11
19	14	7
19	15	6
19	16	5
19	17	10
19	18	22
20	1	3
20	2	4
20	3	5
20	4	4
20	5	10
20	6	8
20	7	5
20	8	11
20	9	9
20	10	10
20	11	2
20	12	4
20	13	8
20	14	2
20	15	2
20	16	4
20	17	5
20	18	11
20	19	22
21	1	2
21	2	4
21	3	5
21	4	8
21	5	8
21	6	8
21	7	8
21	8	6
21	9	4
21	10	3
21	11	3
21	12	4
21	13	3
21	14	4
21	15	2
21	16	5
21	17	6
21	18	10
21	19	13
21	20	20
22	0	1
22	1	1
22	2	1
22	3	5
22	4	13
22	5	6
22	6	8
22	7	3
22	8	8
22	9	6
22	10	3
22	12	4
22	13	4
22	14	5
22	15	6
22	16	3
22	17	9
22	18	1
22	19	10
22	20	14
22	21	13
23	0	1
23	1	2
23	2	2
23	3	3
23	4	2
23	5	1
23	6	4
23	7	1
23	8	4
23	9	2
23	10	5
23	11	2
23	12	5
23	13	3
23	14	5
23	15	1
23	16	5
23	17	8
23	18	4
23	19	4
23	20	9
23	21	4
23	22	16
24	1	1
24	2	2
24	3	4
24	4	8
24	5	5
24	6	5
24	7	4
24	8	2
24	9	2
24	10	2
24	11	1
24	12	5
24	13	1
24	14	2
24	15	1
24	16	4
24	17	5
24	18	5
24	19	4
24	20	6
24	21	8
24	22	12
24	23	20
25	0	1
25	3	3
25	5	1
25	8	1
25	9	2
25	19	1
25	22	2
26	1	5
26	2	2
26	6	2
26	8	1
26	10	1
26	13	5
26	14	2
26	15	5
26	16	4
26	17	5
26	18	1
26	19	1
26	20	1
26	22	3
26	24	1
27	3	1
27	4	3
27	5	1
27	6	3
27	7	3
27	8	2
27	9	1
27	10	2
27	11	6
27	12	5
27	13	10
27	14	4
27	15	11
27	16	8
27	17	3
27	18	6
27	19	4
27	20	5
27	21	6
27	22	5
27	23	3
27	24	3
27	26	6
28	0	5
28	1	4
28	2	3
28	3	1
28	4	3
28	5	4
28	6	4
28	7	3
28	8	3
28	9	5
28	10	5
28	11	1
28	12	5
28	13	14
28	14	4
28	15	7
28	16	9
28	17	8
28	18	6
28	19	9
28	20	7
28	21	2
28	22	3
28	23	3
28	24	4
28	26	4
28	27	12
29	1	1
29	2	5
29	3	2
29	4	3
29	5	4
29	6	2
29	7	4
29	8	5
29	9	4
29	10	4
29	11	2
29	12	6
29	13	1
29	14	4
29	15	3
29	16	3
29	17	2
29	18	4
29	19	5
29	20	5
29	21	2
29	22	6
29	23	2
29	24	4
29	27	4
29	28	6
30	0	3
30	1	4
30	2	3
30	3	2
30	4	6
30	5	2
30	6	3
30	7	5
30	8	2
30	9	6
30	10	5
30	11	2
30	12	2
30	13	3
30	14	2
30	15	3
30	16	4
30	17	5
30	18	2
30	19	2
30	20	6
30	21	8
30	22	5
30	23	2
30	24	6
30	26	1
30	27	4
30	28	7
30	29	9
31	1	2
31	2	3
31	3	3
31	4	5
31	5	2
31	8	5
31	9	2
31	10	3
31	11	3
31	12	1
31	13	3
31	14	2
31	15	3
31	16	3
31	17	3
31	18	4
31	19	2
31	20	2
31	21	1
31	22	5
31	23	1
31	24	4
31	26	3
31	27	2
31	28	5
31	29	6
31	30	19
32	0	1
32	2	1
32	3	2
32	4	2
32	5	4
32	6	3
32	8	5
32	9	2
32	10	1
32	11	4
32	12	4
32	13	3
32	14	2
32	15	1
32	16	1
32	17	6
32	18	8
32	19	1
32	20	7
32	21	2
32	22	2
32	23	3
32	24	9
32	26	2
32	27	5
32	28	16
32	29	6
32	30	10
32	31	10
33	1	3
33	2	3
33	3	4
33	4	2
33	5	5
33	6	2
33	7	5
33	8	3
33	9	2
33	11	1
33	12	6
33	13	2
33	14	4
33	15	5
33	16	4
33	17	3
33	18	5
33	19	3
33	20	3
33	21	4
33	22	6
33	23	5
33	24	4
33	26	3
33	27	10
33	28	15
33	29	11
33	30	9
33	31	8
33	32	4
34	0	1
34	1	4
34	2	5
34	3	1
34	4	5
34	5	2
34	6	5
34	7	4
34	8	5
34	9	2
34	10	4
34	11	2
34	12	3
34	13	2
34	14	4
34	15	3
34	16	2
34	17	6
34	18	9
34	19	6
34	20	7
34	21	8
34	22	6
34	23	5
34	24	5
34	26	4
34	27	3
34	28	11
34	29	4
34	30	11
34	31	3
34	32	5
34	33	8
35	1	2
35	2	5
35	3	5
35	4	5
35	5	4
35	6	7
35	7	5
35	8	6
35	9	6
35	10	9
35	11	5
35	12	7
35	13	3
35	14	5
35	15	6
35	16	10
35	17	6
35	18	17
35	19	5
35	20	5
35	21	6
35	22	1
35	23	6
35	24	5
35	26	2
35	27	7
35	28	19
35	29	8
35	30	7
35	31	6
35	32	8
35	33	8
35	34	9
36	1	3
36	4	7
36	5	5
36	6	4
36	7	4
36	8	2
36	9	14
36	10	4
36	11	2
36	12	8
36	13	10
36	14	5
36	15	7
36	16	7
36	17	5
36	18	6
36	19	5
36	20	7
36	21	6
36	22	2
36	24	1
36	25	1
36	26	7
36	27	2
36	28	12
36	29	4
36	31	3
36	32	2
36	33	1
36	34	5
36	35	10
37	0	2
37	1	3
37	2	1
37	4	4
37	5	6
37	6	3
37	7	1
37	8	8
37	9	4
37	10	9
37	11	4
37	12	4
37	13	10
37	14	8
37	15	7
37	16	4
37	17	7
37	18	10
37	19	6
37	20	7
37	21	4
37	22	4
37	24	1
37	26	2
37	27	5
37	28	16
37	29	5
37	30	7
37	31	6
37	32	6
37	33	8
37	34	3
37	35	19
37	36	7
38	0	2
38	1	4
38	2	1
38	3	4
38	4	1
38	5	4
38	6	1
38	7	3
38	8	5
38	9	6
38	10	3
38	11	6
38	12	6
38	13	9
38	14	5
38	15	4
38	16	6
38	17	5
38	18	6
38	19	6
38	20	5
38	21	8
38	22	5
38	24	6
38	25	1
38	26	6
38	27	13
38	28	14
38	29	7
38	30	3
38	31	5
38	32	6
38	33	6
38	34	10
38	35	12
38	36	9
38	37	13
39	1	2
39	3	2
39	4	5
39	5	6
39	6	5
39	7	1
39	8	8
39	9	7
39	10	6
39	11	6
39	12	3
39	13	10
39	14	7
39	15	7
39	16	4
39	17	4
39	18	7
39	19	4
39	20	3
39	21	3
39	22	3
39	23	3
39	24	5
39	26	2
39	27	5
39	28	12
39	29	6
39	30	5
39	31	4
39	32	3
39	33	5
39	34	5
39	35	9
39	36	7
39	37	18
39	38	31
40	1	2
40	2	3
40	3	2
40	4	7
40	5	1
40	6	2
40	7	2
40	8	2
40	9	6
40	10	10
40	11	3
40	12	3
40	13	7
40	14	2
40	15	2
40	16	4
40	17	6
40	18	4
40	19	5
40	20	2
40	21	3
40	22	7
40	23	1
40	24	1
40	25	1
40	26	5
40	27	4
40	28	13
40	29	5
40	30	13
40	31	9
40	32	6
40	33	7
40	34	11
40	35	6
40	36	9
40	37	17
40	38	30
40	39	9
41	1	2
41	2	3
41	3	3
41	4	4
41	5	6
41	6	3
41	7	4
41	8	1
41	9	3
41	10	4
41	11	1
41	12	8
41	13	2
41	14	3
41	15	3
41	16	7
41	17	5
41	18	3
41	19	4
41	20	3
41	21	2
41	22	2
41	23	2
41	24	2
41	25	2
41	26	1
41	27	3
41	28	9
41	29	5
41	30	6
41	31	8
41	32	3
41	33	4
41	34	2
41	35	10
41	36	5
41	37	9
41	38	13
41	39	11
41	40	22
42	3	2
42	4	1
42	5	3
42	7	1
42	8	4
42	9	3
42	10	1
42	11	3
42	12	4
42	13	4
42	14	1
42	15	1
42	16	1
42	17	3
42	18	5
42	19	4
42	20	2
42	21	2
42	23	2
42	24	2
42	26	2
42	27	8
42	28	8
42	29	5
42	30	7
42	31	8
42	32	3
42	33	2
42	34	4
42	35	4
42	36	3
42	37	9
42	38	9
42	39	7
42	40	9
42	41	18
43	0	1
43	1	3
43	2	2
43	3	4
43	4	1
43	5	3
43	6	1
43	7	1
43	8	5
43	9	3
43	10	6
43	11	2
43	12	2
43	13	5
43	14	4
43	15	4
43	16	3
43	17	1
43	18	2
43	19	3
43	20	1
43	21	3
43	22	2
43	24	5
43	26	4
43	27	4
43	28	12
43	29	3
43	30	8
43	31	7
43	32	7
43	33	1
43	34	2
43	35	11
43	36	5
43	37	5
43	38	4
43	39	5
43	40	11
43	41	14
43	42	10
44	0	1
44	1	4
44	2	3
44	3	3
44	4	4
44	5	3
44	7	1
44	8	1
44	9	4
44	10	4
44	12	5
44	13	2
44	14	2
44	16	5
44	17	5
44	18	4
44	19	1
44	20	3
44	21	1
44	26	1
44	27	1
44	28	7
44	29	5
44	30	9
44	31	5
44	32	3
44	33	9
44	34	6
44	35	5
44	36	3
44	37	3
44	38	2
44	39	2
44	40	5
44	41	12
44	42	2
44	43	20
45	0	3
45	1	1
45	2	2
45	3	2
45	4	6
45	6	1
45	7	1
45	8	1
45	9	2
45	10	2
45	11	1
45	12	3
45	13	7
45	14	5
45	17	1
45	18	2
45	19	3
45	20	2
45	24	2
45	26	2
45	27	1
45	28	7
45	29	2
45	30	8
45	31	7
45	32	2
45	33	1
45	34	1
45	35	2
45	36	6
45	37	3
45	38	7
45	39	5
45	40	9
45	41	7
45	42	11
45	43	15
45	44	16
46	0	2
46	1	3
46	2	1
46	3	4
46	4	3
46	5	2
46	7	5
46	8	3
46	9	1
46	10	2
46	11	5
46	12	5
46	13	4
46	14	2
46	15	4
46	18	1
46	19	5
46	21	1
46	22	2
46	26	3
46	27	2
46	28	7
46	29	1
46	30	3
46	31	7
46	32	4
46	33	2
46	34	5
46	35	3
46	36	4
46	37	4
46	38	1
46	39	2
46	40	8
46	41	10
46	42	11
46	43	8
46	44	6
46	45	16
47	1	1
47	2	5
47	3	2
47	4	3
47	5	2
47	6	2
47	7	1
47	8	3
47	9	1
47	10	3
47	11	5
47	12	4
47	13	1
47	14	1
47	15	3
47	19	3
47	24	1
47	27	6
47	28	4
47	29	5
47	30	5
47	31	3
47	34	2
47	35	5
47	36	2
47	37	4
47	38	7
47	39	4
47	40	4
47	41	6
47	42	3
47	43	2
47	44	2
47	45	3
47	46	13
48	0	1
48	1	3
48	2	1
48	3	2
48	4	1
48	8	2
48	10	3
48	11	2
48	12	4
48	13	2
48	14	3
48	15	2
48	22	1
48	24	3
48	28	5
48	30	3
48	31	4
48	35	1
48	37	3
48	38	7
48	39	2
48	40	3
48	41	1
48	42	4
48	43	2
48	44	2
48	45	4
48	46	9
48	47	17
49	0	5
49	1	3
49	2	1
49	3	6
49	4	4
49	5	3
49	6	2
49	7	3
49	8	4
49	9	4
49	10	2
49	11	4
49	12	3
49	13	4
49	14	2
49	15	5
49	16	3
49	17	6
49	18	1
49	19	2
49	20	5
49	21	3
49	24	3
49	25	1
49	27	6
49	28	4
49	29	1
49	30	4
49	31	2
49	32	2
49	33	3
49	34	3
49	35	5
49	36	4
49	37	2
49	38	4
49	39	6
49	40	4
49	41	2
49	42	6
49	43	6
49	44	3
49	45	5
49	46	10
49	47	13
49	48	21
50	1	5
50	3	3
50	4	4
50	5	1
50	9	3
50	12	2
50	13	2
50	14	3
50	15	3
50	18	2
50	22	2
50	25	1
50	27	1
50	28	3
50	29	3
50	30	3
50	31	1
50	32	1
50	35	4
50	36	4
50	37	1
50	38	5
50	39	3
50	40	2
50	41	7
50	42	2
50	43	4
50	44	6
50	45	1
50	46	2
50	47	8
50	48	3
50	49	11
51	1	2
51	4	2
51	5	4
51	8	3
51	9	3
51	10	2
51	11	4
51	12	7
51	13	6
51	14	4
51	15	4
51	16	2
51	17	3
51	18	5
51	19	1
51	20	4
51	23	2
51	24	5
51	26	3
51	27	4
51	28	5
51	29	3
51	31	3
51	32	4
51	33	3
51	34	3
51	35	4
51	36	5
51	37	1
51	38	4
51	39	3
51	40	5
51	41	7
51	42	5
51	43	3
51	44	1
51	45	3
51	46	6
51	47	5
51	48	3
51	49	12
51	50	11
52	0	2
52	4	5
52	6	3
52	7	4
52	8	4
52	9	1
52	10	1
52	11	6
52	12	1
52	13	4
52	14	2
52	15	5
52	16	5
52	17	6
52	18	2
52	19	4
52	20	3
52	21	2
52	23	3
52	24	1
52	26	3
52	27	3
52	28	5
52	29	1
52	30	10
52	31	2
52	32	3
52	33	6
52	34	5
52	35	5
52	36	5
52	37	3
52	38	8
52	39	9
52	40	10
52	41	1
52	42	4
52	43	6
52	44	2
52	45	4
52	46	4
52	47	4
52	48	7
52	49	8
52	50	10
52	51	31
53	1	3
53	2	1
53	3	8
53	4	1
53	5	3
53	6	1
53	7	3
53	8	5
53	9	3
53	10	1
53	11	3
53	13	5
53	14	4
53	15	4
53	16	6
53	17	3
53	18	3
53	19	4
53	20	4
53	24	2
53	26	2
53	27	5
53	28	3
53	29	1
53	30	3
53	31	6
53	32	4
53	33	2
53	34	3
53	35	2
53	36	5
53	37	3
53	38	9
53	39	6
53	40	8
53	41	11
53	42	2
53	43	5
53	44	2
53	45	3
53	46	5
53	47	11
53	49	17
53	50	9
53	51	5
53	52	17
54	0	1
54	1	5
54	2	4
54	3	3
54	4	5
54	5	2
54	6	3
54	8	1
54	9	3
54	10	1
54	11	3
54	12	1
54	13	5
54	14	4
54	15	1
54	16	3
54	17	4
54	18	4
54	19	3
54	20	5
54	26	1
54	27	2
54	28	4
54	29	5
54	30	4
54	31	2
54	32	3
54	33	5
54	34	4
54	35	6
54	36	4
54	37	3
54	38	6
54	39	7
54	40	6
54	41	8
54	42	6
54	43	8
54	44	5
54	45	11
54	46	9
54	47	13
54	48	7
54	49	10
54	50	9
54	51	4
54	52	5
54	53	6
55	0	3
55	1	2
55	2	4
55	3	4
55	4	5
55	5	5
55	8	4
55	9	4
55	10	3
55	11	1
55	12	9
55	13	5
55	14	2
55	15	6
55	16	6
55	17	3
55	18	5
55	19	6
55	20	2
55	21	1
55	22	3
55	24	4
55	25	1
55	27	2
55	28	7
55	29	3
55	30	3
55	31	5
55	32	3
55	33	3
55	34	3
55	35	4
55	36	4
55	37	5
55	38	9
55	39	5
55	40	14
55	41	11
55	42	6
55	43	8
55	44	4
55	45	8
55	46	8
55	47	15
55	48	8
55	49	13
55	51	6
55	52	5
55	53	9
55	54	29
56	3	3
56	4	2
56	5	2
56	6	1
56	8	2
56	9	4
56	11	1
56	12	1
56	13	4
56	15	6
56	18	4
56	19	4
56	20	2
56	23	3
56	26	3
56	27	1
56	28	3
56	29	2
56	30	1
56	31	4
56	32	2
56	33	3
56	34	3
56	35	6
56	36	6
56	37	3
56	38	5
56	39	2
56	40	4
56	41	2
56	42	6
56	43	5
56	44	2
56	45	7
56	46	10
56	47	10
56	48	12
56	49	2
56	50	3
56	51	5
56	52	4
56	53	8
56	54	7
56	55	7
57	0	2
57	2	2
57	3	3
57	4	1
57	6	1
57	8	6
57	9	2
57	10	1
57	11	2
57	12	2
57	13	4
57	14	2
57	15	2
57	16	3
57	17	1
57	18	1
57	19	2
57	22	3
57	24	2
57	27	1
57	28	4
57	29	2
57	30	1
57	31	4
57	32	2
57	33	2
57	34	3
57	35	3
57	36	3
57	37	4
57	38	6
57	39	5
57	40	5
57	41	1
57	42	8
57	43	6
57	44	9
57	45	7
57	46	10
57	47	10
57	48	5
57	49	13
57	50	4
57	51	13
57	52	8
57	53	11
57	54	10
57	55	9
57	56	13
58	0	1
58	1	2
58	4	1
58	8	4
58	9	3
58	10	2
58	12	3
58	13	3
58	14	2
58	15	6
58	18	3
58	19	2
58	20	1
58	23	3
58	24	1
58	26	5
58	27	5
58	28	6
58	29	2
58	30	5
58	31	1
58	32	5
58	33	6
58	34	4
58	35	6
58	36	3
58	37	3
58	38	5
58	39	3
58	40	5
58	41	3
58	42	9
58	43	8
58	44	5
58	45	3
58	46	4
58	47	2
58	48	3
58	49	5
58	50	2
58	51	6
58	52	7
58	53	5
58	54	2
58	55	4
58	56	6
58	57	12
59	1	1
59	2	4
59	3	1
59	4	3
59	5	2
59	7	4
59	8	2
59	9	1
59	10	5
59	12	4
59	13	7
59	14	4
59	15	5
59	16	4
59	17	4
59	18	5
59	19	4
59	20	2
59	21	2
59	22	2
59	24	1
59	26	8
59	27	7
59	28	2
59	29	5
59	30	7
59	31	10
59	32	4
59	33	12
59	34	5
59	35	9
59	36	6
59	37	5
59	38	5
59	39	9
59	40	6
59	41	3
59	42	16
59	43	15
59	44	9
59	45	6
59	46	10
59	47	4
59	48	2
59	49	5
59	50	2
59	51	5
59	52	3
59	53	4
59	54	6
59	55	9
59	56	9
59	57	9
59	58	15
60	0	2
60	1	3
60	2	4
60	3	2
60	4	2
60	5	3
60	6	5
60	7	4
60	8	3
60	9	7
60	10	2
60	11	5
60	12	5
60	13	6
60	14	4
60	15	8
60	16	6
60	17	4
60	18	9
60	19	4
60	20	2
60	21	5
60	24	6
60	26	1
60	27	7
60	28	7
60	29	3
60	30	1
60	31	4
60	32	6
60	33	5
60	34	4
60	35	6
60	36	4
60	37	9
60	38	17
60	39	16
60	40	3
60	41	14
60	42	6
60	43	8
60	44	3
60	45	5
60	46	3
60	47	11
60	48	4
60	49	11
60	50	14
60	51	22
60	52	28
60	53	32
60	54	11
60	55	6
60	56	9
60	57	9
60	58	3
60	59	6
