1	0	14
2	0	12
2	1	19
3	0	11
3	1	4
3	2	14
4	0	2
4	1	4
4	2	3
4	3	10
5	0	5
5	1	2
5	2	3
5	3	9
5	4	18
6	0	8
6	1	5
6	2	1
6	3	7
6	4	11
6	5	9
7	2	4
7	3	1
7	4	9
7	5	3
7	6	12
8	0	4
8	1	6
8	2	7
8	3	7
8	4	22
8	5	14
8	6	9
8	7	11
9	0	3
9	1	2
9	2	3
9	3	2
9	4	16
9	5	10
9	6	10
9	7	3
9	8	11
10	0	2
10	1	6
10	2	6
10	3	4
10	4	7
10	5	5
10	6	5
10	7	7
10	8	13
10	9	19
11	0	2
11	1	3
11	2	2
11	4	3
11	5	1
11	6	2
11	7	5
11	8	8
11	9	8
11	10	22
12	1	3
12	2	2
12	3	1
12	4	6
12	5	3
12	6	2
12	7	7
12	8	8
12	9	7
12	10	21
12	11	19
13	0	2
13	1	5
13	2	1
13	3	2
13	4	8
13	5	3
13	6	2
13	7	4
13	8	5
13	9	5
13	10	9
13	11	8
13	12	8
14	1	1
14	2	2
14	3	3
14	4	2
14	5	4
14	6	7
14	7	2
14	8	4
14	9	3
14	10	7
14	11	2
14	12	2
14	13	8
15	0	3
15	2	2
15	3	2
15	4	1
15	5	2
15	6	2
15	7	5
15	8	4
15	9	4
15	10	6
15	11	3
15	12	2
15	13	9
15	14	9
16	1	1
16	2	3
16	4	3
16	5	2
16	6	2
16	7	2
16	8	3
16	9	8
16	10	6
16	11	9
16	12	4
16	13	15
16	14	14
16	15	8
17	1	3
17	3	3
17	4	3
17	5	9
17	8	2
17	9	4
17	10	7
17	11	4
17	12	3
17	13	6
17	14	9
17	15	5
17	16	10
18	0	3
18	1	4
18	2	2
18	3	2
18	4	2
18	5	9
18	6	4
18	7	2
18	8	4
18	9	1
18	10	2
18	12	5
18	13	14
18	14	6
18	15	5
18	16	13
18	17	6
19	0	3
19	1	6
19	2	4
19	3	7
19	4	7
19	5	4
19	6	5
19	7	9
19	8	9
19	9	7
19	10	9
19	11	9
19	12	6
19	13	15
19	14	3
19	15	4
19	16	3
19	17	12
19	18	12
20	1	2
20	2	1
20	3	2
20	4	7
20	5	6
20	6	2
20	7	1
20	8	10
20	9	4
20	10	6
20	11	5
20	12	5
20	13	4
20	14	3
20	15	2
20	16	3
20	17	5
20	18	5
20	19	15
21	1	6
21	2	4
21	3	4
21	4	7
21	5	8
21	6	3
21	7	3
21	8	7
21	9	5
21	10	11
21	11	4
21	12	6
21	13	1
21	14	1
21	15	1
21	16	3
21	17	5
21	18	12
21	19	9
21	20	21
22	0	1
22	1	3
22	2	2
22	3	2
22	4	6
22	5	12
22	6	2
22	7	11
22	8	8
22	9	4
22	10	2
22	11	5
22	12	2
22	13	3
22	14	2
22	15	4
22	16	3
22	17	1
22	18	4
22	19	8
22	20	15
22	21	19
23	1	2
23	3	2
23	4	7
23	5	8
23	6	7
23	7	4
23	8	4
23	9	4
23	10	6
23	11	2
23	12	2
23	13	2
23	14	4
23	15	2
23	16	6
23	17	6
23	18	5
23	19	2
23	20	4
23	21	9
23	22	13
24	1	4
24	2	1
24	3	1
24	4	4
24	5	3
24	6	2
24	7	4
24	8	10
24	9	4
24	10	2
24	11	3
24	12	1
24	13	4
24	14	5
24	15	3
24	16	4
24	17	6
24	18	6
24	19	4
24	20	4
24	21	2
24	22	16
24	23	15
25	0	1
25	3	1
25	5	1
25	8	1
25	9	3
25	15	1
25	21	1
26	1	2
26	3	1
26	10	2
26	13	3
26	15	3
26	16	4
26	17	3
26	18	3
26	19	3
26	20	3
26	22	6
26	24	9
27	3	4
27	4	4
27	5	5
27	7	3
27	8	3
27	9	2
27	10	2
27	11	2
27	12	3
27	13	5
27	14	4
27	15	6
27	16	2
27	17	2
27	18	4
27	19	6
27	20	9
27	21	2
27	22	4
27	23	6
27	24	3
27	26	3
28	0	7
28	1	3
28	2	2
28	3	1
28	4	5
28	5	6
28	6	5
28	7	1
28	8	7
28	9	3
28	10	6
28	11	5
28	12	7
28	13	5
28	14	9
28	15	4
28	16	10
28	17	4
28	18	7
28	19	5
28	20	3
28	21	9
28	22	5
28	23	8
28	24	4
28	26	4
28	27	15
29	1	3
29	2	4
29	3	4
29	4	6
29	5	4
29	7	8
29	8	4
29	9	1
29	10	3
29	11	2
29	12	2
29	13	1
29	14	2
29	15	4
29	17	1
29	18	9
29	19	6
29	20	4
29	21	3
29	22	7
29	23	1
29	24	2
29	28	2
30	0	1
30	1	4
30	2	5
30	3	3
30	4	1
30	5	3
30	6	1
30	7	4
30	8	3
30	9	5
30	10	2
30	11	1
30	12	3
30	13	6
30	14	1
30	16	7
30	17	1
30	18	3
30	19	12
30	20	3
30	21	8
30	22	2
30	23	1
30	24	6
30	26	3
30	27	5
30	28	7
30	29	8
31	1	4
31	2	2
31	3	4
31	4	6
31	8	1
31	9	2
31	10	2
31	11	1
31	12	1
31	13	3
31	14	4
31	15	2
31	16	2
31	17	3
31	18	5
31	19	3
31	20	4
31	21	3
31	22	3
31	23	2
31	24	5
31	26	3
31	27	1
31	28	8
31	29	8
31	30	31
32	1	6
32	2	1
32	4	3
32	5	5
32	6	2
32	8	3
32	9	4
32	11	1
32	12	3
32	13	3
32	14	2
32	15	4
32	16	3
32	17	1
32	18	5
32	19	2
32	20	2
32	21	1
32	22	1
32	23	4
32	24	4
32	26	2
32	27	6
32	28	16
32	29	6
32	30	4
32	31	4
33	1	2
33	2	3
33	3	3
33	4	1
33	5	8
33	6	1
33	7	1
33	8	3
33	9	2
33	10	1
33	11	7
33	12	1
33	13	3
33	14	1
33	15	1
33	16	5
33	17	2
33	18	9
33	19	6
33	20	10
33	21	8
33	22	4
33	23	4
33	24	4
33	26	2
33	27	4
33	28	7
33	29	3
33	30	7
33	31	9
33	32	11
34	0	2
34	1	5
34	2	1
34	3	3
34	4	6
34	5	2
34	6	2
34	7	1
34	8	4
34	9	3
34	10	7
34	11	3
34	12	4
34	13	3
34	14	5
34	15	5
34	16	6
34	17	2
34	18	4
34	19	6
34	20	8
34	21	10
34	22	4
34	23	5
34	24	4
34	25	2
34	26	1
34	27	7
34	28	9
34	29	7
34	30	12
34	31	9
34	32	7
34	33	16
35	0	4
35	1	7
35	2	3
35	3	3
35	4	3
35	5	11
35	6	2
35	7	4
35	8	8
35	9	7
35	10	7
35	11	4
35	12	5
35	13	4
35	14	5
35	16	6
35	17	7
35	18	13
35	19	16
35	20	8
35	21	6
35	22	7
35	23	5
35	24	9
35	26	3
35	27	9
35	28	18
35	29	8
35	30	7
35	31	6
35	32	9
35	33	8
35	34	15
36	1	2
36	3	5
36	4	8
36	5	9
36	6	4
36	7	4
36	8	13
36	9	8
36	10	8
36	11	3
36	12	7
36	13	5
36	14	5
36	15	5
36	16	4
36	17	1
36	18	3
36	19	8
36	20	1
36	21	4
36	22	4
36	24	3
36	27	2
36	28	4
36	29	7
36	30	1
36	31	1
36	32	2
36	33	6
36	34	5
36	35	11
37	0	5
37	1	4
37	2	3
37	3	3
37	4	6
37	5	1
37	6	5
37	7	5
37	8	4
37	9	4
37	10	2
37	11	3
37	12	6
37	13	16
37	14	4
37	15	7
37	16	3
37	17	6
37	18	12
37	19	10
37	20	1
37	21	7
37	22	4
37	23	6
37	24	5
37	26	1
37	27	6
37	28	13
37	29	3
37	30	12
37	31	8
37	32	2
37	33	2
37	34	5
37	35	14
37	36	8
38	0	1
38	1	3
38	2	3
38	3	2
38	4	4
38	5	7
38	6	3
38	7	3
38	8	3
38	9	1
38	10	7
38	11	7
38	12	6
38	13	10
38	14	6
38	15	10
38	16	8
38	17	5
38	18	10
38	19	7
38	20	7
38	21	4
38	22	6
38	23	1
38	24	4
38	25	1
38	26	2
38	27	8
38	28	12
38	29	8
38	30	8
38	31	5
38	32	6
38	33	7
38	34	4
38	35	10
38	36	9
38	37	9
39	1	3
39	2	3
39	3	5
39	4	3
39	5	4
39	6	6
39	7	3
39	8	3
39	9	3
39	10	4
39	11	5
39	12	4
39	13	12
39	14	6
39	15	6
39	16	7
39	17	2
39	18	6
39	19	2
39	20	3
39	21	4
39	22	2
39	23	3
39	24	3
39	26	3
39	27	8
39	28	16
39	29	8
39	30	8
39	31	7
39	32	8
39	33	7
39	34	9
39	35	9
39	36	11
39	37	21
39	38	24
40	2	1
40	3	3
40	4	6
40	5	7
40	6	7
40	7	4
40	8	4
40	9	9
40	10	8
40	11	2
40	12	8
40	13	3
40	14	5
40	15	2
40	16	2
40	17	9
40	18	8
40	19	7
40	20	6
40	21	6
40	22	3
40	23	1
40	24	3
40	26	3
40	27	4
40	28	21
40	29	11
40	30	4
40	31	12
40	32	3
40	33	3
40	34	13
40	35	9
40	36	7
40	37	12
40	38	35
40	39	6
41	1	6
41	2	7
41	3	8
41	4	2
41	5	4
41	6	3
41	7	2
41	8	4
41	9	6
41	10	2
41	11	7
41	12	2
41	13	7
41	14	4
41	15	3
41	16	5
41	17	5
41	18	6
41	19	3
41	20	1
41	21	3
41	22	3
41	23	1
41	24	1
41	26	3
41	27	6
41	28	11
41	29	6
41	30	12
41	31	13
41	32	6
41	33	4
41	34	5
41	35	9
41	36	11
41	37	8
41	38	14
41	39	8
41	40	25
42	3	2
42	4	2
42	5	3
42	6	2
42	7	3
42	8	6
42	9	6
42	10	1
42	11	3
42	12	2
42	13	2
42	14	3
42	15	3
42	16	1
42	17	2
42	18	4
42	19	3
42	20	1
42	21	5
42	22	3
42	24	3
42	26	3
42	27	5
42	28	8
42	29	6
42	30	5
42	31	8
42	32	4
42	33	5
42	34	2
42	35	6
42	36	1
42	37	4
42	38	10
42	39	7
42	40	9
42	41	14
43	1	2
43	2	2
43	3	1
43	4	3
43	5	4
43	6	5
43	7	1
43	8	3
43	9	7
43	10	3
43	11	1
43	12	3
43	13	9
43	14	1
43	15	1
43	16	3
43	17	2
43	18	4
43	19	5
43	20	4
43	21	5
43	22	3
43	23	5
43	24	3
43	26	2
43	27	2
43	28	7
43	29	3
43	30	9
43	31	6
43	32	4
43	33	9
43	34	1
43	35	5
43	36	1
43	37	3
43	38	7
43	39	6
43	40	6
43	41	9
43	42	12
44	0	3
44	1	2
44	2	1
44	3	3
44	4	7
44	5	1
44	6	2
44	7	2
44	8	3
44	9	3
44	10	2
44	11	1
44	12	2
44	13	4
44	16	3
44	17	4
44	18	3
44	19	2
44	20	2
44	21	4
44	26	3
44	27	2
44	28	9
44	29	2
44	30	6
44	31	9
44	32	6
44	33	4
44	35	5
44	36	4
44	37	3
44	38	5
44	39	5
44	40	6
44	41	9
44	42	4
44	43	13
45	0	1
45	1	2
45	2	2
45	3	2
45	4	5
45	5	2
45	6	4
45	7	4
45	8	4
45	9	1
45	10	3
45	11	1
45	12	2
45	13	2
45	14	3
45	17	2
45	18	4
45	19	1
45	20	1
45	24	3
45	27	4
45	28	2
45	29	1
45	30	5
45	31	4
45	32	2
45	33	3
45	34	2
45	35	4
45	36	2
45	37	1
45	38	2
45	39	3
45	40	6
45	41	8
45	42	6
45	43	10
45	44	14
46	0	2
46	1	4
46	2	5
46	3	1
46	4	4
46	5	2
46	7	3
46	8	4
46	9	2
46	10	5
46	11	1
46	12	2
46	13	4
46	14	3
46	18	2
46	19	1
46	21	4
46	22	1
46	26	1
46	27	3
46	28	5
46	29	4
46	30	5
46	31	5
46	32	2
46	35	3
46	36	4
46	37	5
46	38	9
46	39	2
46	40	2
46	41	8
46	42	6
46	43	11
46	44	10
46	45	15
47	1	3
47	2	4
47	3	2
47	4	4
47	5	2
47	7	2
47	9	1
47	10	1
47	11	3
47	12	3
47	13	2
47	14	7
47	16	2
47	18	3
47	19	7
47	20	4
47	23	2
47	24	3
47	27	3
47	28	2
47	29	4
47	30	1
47	31	5
47	32	2
47	33	2
47	34	2
47	35	6
47	36	3
47	37	1
47	38	7
47	39	6
47	40	3
47	41	2
47	42	1
47	43	7
47	44	7
47	45	11
47	46	13
48	1	1
48	2	2
48	3	2
48	4	2
48	8	2
48	10	1
48	11	2
48	12	2
48	13	2
48	14	1
48	15	3
48	19	5
48	20	1
48	22	2
48	23	1
48	25	1
48	27	3
48	28	2
48	30	4
48	31	2
48	35	2
48	36	2
48	37	2
48	38	3
48	39	2
48	40	3
48	41	3
48	42	3
48	43	4
48	44	6
48	45	1
48	46	11
48	47	26
49	1	3
49	2	2
49	3	2
49	4	5
49	5	2
49	6	1
49	7	3
49	8	5
49	9	5
49	10	5
49	11	4
49	12	2
49	13	4
49	14	2
49	15	5
49	16	7
49	17	5
49	18	4
49	19	1
49	20	3
49	21	4
49	24	2
49	25	2
49	27	6
49	28	4
49	29	5
49	30	7
49	31	2
49	32	3
49	33	3
49	34	2
49	35	4
49	36	3
49	37	3
49	38	6
49	39	9
49	40	5
49	41	7
49	42	4
49	43	7
49	44	1
49	45	8
49	46	6
49	47	14
49	48	12
50	1	1
50	4	2
50	5	3
50	8	5
50	9	3
50	10	2
50	12	2
50	13	3
50	14	3
50	15	4
50	18	1
50	22	3
50	23	2
50	25	1
50	27	5
50	30	5
50	31	2
50	32	3
50	35	4
50	36	2
50	37	4
50	38	6
50	39	3
50	40	3
50	41	3
50	42	5
50	43	3
50	44	5
50	46	2
50	47	8
50	48	4
50	49	18
51	1	2
51	4	4
51	5	1
51	7	2
51	9	5
51	10	7
51	12	3
51	13	3
51	14	5
51	15	3
51	16	5
51	17	3
51	18	4
51	19	2
51	20	1
51	23	3
51	24	3
51	26	3
51	27	8
51	28	3
51	29	1
51	30	4
51	32	5
51	33	4
51	34	1
51	35	3
51	36	4
51	37	3
51	38	4
51	39	11
51	40	9
51	41	1
51	42	4
51	43	3
51	44	3
51	45	2
51	46	4
51	47	5
51	48	4
51	49	7
51	50	7
52	4	5
52	6	3
52	7	1
52	8	5
52	9	2
52	10	3
52	11	2
52	12	4
52	13	1
52	14	3
52	15	3
52	16	1
52	17	3
52	19	5
52	20	4
52	21	4
52	23	1
52	25	2
52	26	1
52	27	5
52	28	3
52	29	3
52	30	1
52	31	6
52	32	2
52	33	2
52	34	3
52	35	2
52	36	6
52	37	2
52	38	6
52	39	4
52	40	6
52	41	8
52	42	2
52	43	2
52	44	1
52	45	2
52	46	5
52	47	5
52	48	7
52	49	8
52	50	11
52	51	38
53	1	1
53	2	2
53	3	2
53	4	4
53	5	5
53	6	1
53	7	1
53	8	3
53	9	2
53	11	2
53	12	3
53	13	4
53	14	3
53	15	3
53	16	2
53	17	9
53	18	2
53	19	5
53	22	4
53	24	2
53	26	5
53	27	5
53	28	6
53	29	3
53	30	4
53	31	3
53	32	3
53	33	6
53	34	3
53	35	1
53	36	2
53	37	5
53	38	12
53	39	11
53	40	6
53	41	10
53	42	7
53	43	2
53	44	4
53	45	7
53	46	13
53	47	5
53	48	5
53	49	9
53	50	13
53	51	11
53	52	14
54	1	4
54	2	6
54	3	3
54	4	4
54	5	1
54	6	4
54	8	2
54	9	3
54	10	2
54	11	3
54	12	3
54	13	4
54	14	4
54	16	5
54	17	4
54	18	4
54	19	1
54	20	1
54	26	2
54	28	5
54	29	2
54	30	1
54	31	2
54	32	1
54	33	4
54	34	8
54	35	4
54	36	6
54	38	10
54	39	4
54	40	7
54	41	3
54	42	4
54	43	6
54	44	7
54	45	4
54	46	15
54	47	16
54	48	8
54	49	5
54	50	8
54	51	3
54	52	5
54	53	11
55	0	4
55	1	4
55	2	3
55	3	5
55	4	1
55	5	3
55	8	8
55	9	5
55	10	6
55	11	5
55	12	2
55	13	2
55	14	5
55	16	1
55	17	2
55	18	3
55	19	7
55	20	3
55	21	1
55	22	5
55	24	1
55	25	1
55	27	3
55	28	7
55	29	8
55	30	4
55	31	4
55	32	3
55	33	3
55	34	3
55	35	6
55	36	5
55	37	6
55	38	7
55	39	5
55	40	6
55	41	7
55	42	3
55	43	6
55	44	5
55	45	7
55	46	10
55	47	12
55	48	8
55	49	7
55	50	5
55	51	3
55	52	7
55	53	6
55	54	22
56	3	4
56	4	4
56	5	3
56	8	6
56	9	2
56	10	1
56	11	1
56	12	1
56	13	1
56	15	2
56	18	1
56	19	4
56	20	2
56	21	1
56	23	1
56	26	2
56	27	1
56	28	6
56	29	1
56	31	3
56	33	4
56	35	4
56	36	4
56	37	2
56	38	6
56	39	2
56	40	4
56	41	5
56	42	4
56	43	6
56	44	4
56	45	7
56	46	10
56	47	10
56	48	11
56	49	12
56	50	5
56	51	6
56	52	4
56	53	2
56	54	6
56	55	5
57	0	2
57	2	1
57	3	2
57	6	2
57	8	3
57	11	1
57	12	2
57	13	8
57	14	2
57	15	3
57	16	3
57	17	3
57	18	4
57	19	1
57	22	2
57	23	1
57	24	1
57	25	2
57	27	4
57	28	4
57	29	3
57	30	1
57	31	2
57	32	2
57	33	2
57	34	1
57	35	4
57	36	3
57	37	2
57	38	6
57	39	5
57	40	4
57	41	6
57	42	2
57	43	5
57	44	4
57	45	5
57	46	5
57	47	10
57	48	15
57	49	13
57	50	3
57	51	11
57	52	4
57	53	8
57	54	6
57	55	7
57	56	14
58	0	1
58	1	2
58	4	4
58	8	3
58	10	1
58	12	1
58	13	2
58	15	1
58	17	3
58	18	3
58	19	3
58	23	1
58	24	4
58	26	2
58	27	1
58	28	7
58	29	1
58	30	2
58	31	8
58	32	2
58	33	5
58	34	2
58	35	4
58	36	1
58	37	8
58	38	6
58	39	4
58	40	6
58	41	6
58	42	9
58	43	6
58	44	5
58	45	2
58	46	7
58	47	4
58	48	5
58	49	11
58	50	3
58	51	5
58	52	4
58	53	6
58	54	5
58	55	8
58	56	7
58	57	10
59	1	3
59	2	3
59	3	4
59	4	3
59	7	4
59	8	3
59	9	1
59	10	2
59	11	1
59	12	5
59	13	12
59	14	3
59	15	2
59	16	1
59	17	3
59	18	3
59	19	3
59	20	4
59	21	8
59	22	1
59	24	7
59	26	8
59	27	8
59	28	3
59	29	4
59	30	5
59	31	6
59	32	10
59	33	5
59	34	2
59	35	2
59	36	2
59	37	5
59	38	9
59	39	4
59	40	6
59	41	9
59	42	12
59	43	12
59	44	11
59	45	8
59	46	8
59	47	3
59	48	6
59	49	5
59	50	3
59	51	5
59	52	3
59	53	4
59	54	9
59	55	7
59	56	8
59	57	8
59	58	11
60	0	2
60	1	3
60	2	1
60	3	3
60	4	3
60	5	2
60	6	1
60	7	3
60	8	6
60	9	3
60	10	7
60	11	1
60	12	2
60	13	5
60	14	2
60	15	2
60	16	6
60	17	2
60	18	1
60	19	5
60	20	3
60	21	2
60	22	5
60	24	2
60	26	7
60	27	7
60	28	6
60	29	3
60	30	7
60	31	4
60	32	4
60	33	5
60	34	4
60	35	2
60	36	1
60	37	4
60	38	11
60	39	8
60	40	8
60	41	8
60	42	6
60	43	9
60	44	2
60	45	3
60	46	9
60	47	10
60	48	6
60	49	9
60	50	9
60	51	24
60	52	30
60	53	17
60	54	11
60	55	7
60	56	4
60	57	8
60	58	5
60	59	8
