1	0	17
2	0	8
2	1	12
3	0	9
3	1	8
3	2	12
4	0	3
4	1	8
4	2	4
4	3	7
5	0	2
5	1	4
5	2	5
5	3	8
5	4	17
6	0	1
6	1	3
6	2	1
6	3	7
6	4	14
6	5	3
7	1	4
7	2	4
7	3	5
7	4	6
7	5	7
7	6	13
8	0	2
8	1	9
8	2	9
8	3	12
8	4	37
8	5	17
8	6	15
8	7	6
9	0	2
9	1	7
9	2	4
9	3	7
9	4	19
9	5	3
9	6	16
9	7	4
9	8	11
10	0	2
10	1	8
10	2	9
10	3	6
10	4	3
10	5	4
10	6	7
10	7	5
10	8	13
10	9	17
11	0	1
11	1	2
11	2	3
11	3	3
11	4	12
11	5	4
11	6	2
11	7	5
11	8	2
11	9	8
11	10	14
12	1	6
12	2	3
12	3	7
12	4	6
12	5	2
12	6	3
12	7	4
12	8	5
12	9	8
12	10	15
12	11	24
13	0	1
13	2	2
13	3	3
13	4	2
13	5	2
13	6	3
13	7	2
13	8	5
13	9	6
13	10	9
13	11	6
13	12	11
14	1	3
14	2	2
14	3	5
14	4	3
14	5	3
14	6	8
14	7	4
14	8	3
14	9	3
14	10	5
14	11	3
14	12	8
14	13	11
15	2	1
15	3	1
15	4	8
15	5	5
15	6	2
15	7	3
15	8	5
15	9	5
15	10	5
15	11	5
15	12	6
15	13	5
15	14	18
16	1	5
16	2	2
16	4	4
16	5	3
16	6	1
16	7	3
16	8	1
16	9	6
16	10	8
16	11	5
16	12	6
16	13	23
16	14	16
16	15	11
17	1	1
17	3	1
17	4	8
17	5	1
17	6	2
17	7	7
17	8	4
17	9	3
17	10	3
17	11	4
17	12	5
17	13	6
17	14	5
17	15	9
17	16	17
18	0	4
18	1	2
18	2	1
18	3	4
18	4	9
18	5	3
18	6	2
18	7	5
18	8	7
18	9	5
18	10	8
18	11	2
18	12	4
18	13	6
18	14	8
18	15	4
18	16	8
18	17	13
19	0	3
19	1	3
19	2	4
19	3	3
19	4	10
19	5	9
19	6	7
19	7	3
19	8	11
19	9	8
19	10	6
19	11	5
19	12	12
19	13	6
19	14	4
19	15	5
19	16	1
19	17	8
19	18	18
20	1	3
20	2	3
20	3	3
20	4	4
20	5	9
20	6	5
20	7	6
20	8	12
20	9	5
20	10	3
20	11	2
20	12	9
20	13	6
20	14	4
20	15	2
20	16	5
20	17	10
20	18	7
20	19	17
21	1	2
21	2	6
21	3	4
21	4	2
21	5	5
21	6	6
21	7	4
21	8	11
21	9	5
21	10	4
21	11	2
21	13	2
21	14	1
21	15	5
21	16	5
21	17	3
21	18	13
21	19	11
21	20	20
22	1	2
22	2	1
22	3	2
22	4	5
22	5	2
22	6	5
22	7	2
22	8	9
22	9	5
22	10	5
22	11	1
22	12	9
22	13	2
22	15	2
22	16	3
22	17	6
22	18	9
22	19	16
22	20	11
22	21	19
23	0	4
23	1	3
23	2	1
23	3	2
23	4	6
23	5	6
23	6	1
23	7	2
23	8	3
23	9	7
23	10	1
23	11	2
23	12	5
23	13	1
23	14	2
23	15	3
23	16	3
23	17	3
23	18	2
23	19	3
23	20	6
23	21	8
23	22	11
24	1	1
24	2	2
24	3	2
24	4	5
24	5	5
24	6	5
24	7	4
24	8	6
24	9	3
24	10	1
24	11	3
24	13	4
24	14	2
24	15	4
24	16	2
24	17	5
24	18	2
24	19	5
24	20	5
24	21	4
24	22	8
24	23	13
25	0	3
25	4	1
25	5	2
25	6	1
25	8	2
25	9	1
25	12	1
25	17	1
25	21	1
26	2	2
26	3	2
26	6	2
26	8	3
26	13	1
26	15	3
26	16	4
26	17	5
26	18	1
26	19	3
26	20	5
26	22	2
26	24	3
27	3	3
27	4	3
27	5	5
27	7	1
27	8	5
27	9	4
27	10	4
27	11	1
27	12	2
27	13	6
27	14	4
27	15	10
27	16	5
27	17	7
27	18	5
27	19	4
27	20	8
27	21	3
27	22	3
27	23	2
27	24	3
27	26	2
28	0	3
28	1	4
28	2	1
28	3	5
28	4	5
28	5	1
28	6	5
28	7	4
28	8	2
28	9	7
28	10	6
28	11	4
28	12	2
28	13	6
28	14	2
28	15	4
28	16	9
28	17	6
28	18	8
28	19	8
28	20	9
28	21	8
28	22	8
28	23	2
28	24	7
28	26	3
28	27	6
29	1	1
29	2	5
29	3	6
29	4	1
29	5	5
29	6	1
29	7	3
29	8	5
29	9	7
29	10	2
29	11	1
29	12	6
29	13	2
29	14	1
29	16	1
29	17	4
29	18	5
29	19	8
29	20	7
29	21	4
29	22	3
29	23	2
29	24	6
29	27	1
29	28	10
30	0	1
30	1	1
30	2	4
30	3	5
30	4	6
30	5	4
30	6	1
30	7	2
30	8	7
30	9	6
30	10	5
30	11	3
30	12	2
30	13	4
30	14	1
30	15	4
30	16	2
30	17	3
30	18	4
30	19	4
30	20	5
30	21	5
30	22	3
30	23	2
30	24	2
30	26	2
30	27	2
30	28	12
30	29	10
31	2	5
31	3	1
31	4	4
31	5	4
31	8	6
31	9	6
31	13	2
31	14	5
31	15	1
31	16	2
31	17	3
31	18	4
31	19	5
31	20	5
31	21	4
31	22	4
31	23	4
31	24	3
31	26	4
31	27	6
31	28	14
31	29	5
31	30	19
32	0	1
32	1	2
32	2	2
32	4	4
32	5	3
32	6	1
32	8	3
32	9	5
32	10	3
32	11	2
32	12	2
32	13	5
32	14	2
32	15	4
32	16	4
32	17	4
32	18	2
32	19	1
32	20	4
32	21	4
32	22	2
32	23	4
32	24	4
32	26	4
32	27	2
32	28	8
32	29	5
32	30	6
32	31	11
33	1	4
33	2	2
33	3	2
33	4	4
33	5	3
33	6	4
33	7	2
33	8	11
33	9	7
33	10	3
33	11	1
33	12	3
33	13	9
33	14	4
33	15	1
33	16	4
33	17	1
33	18	8
33	19	5
33	20	3
33	21	5
33	22	5
33	23	1
33	24	4
33	26	3
33	27	8
33	28	8
33	29	4
33	30	11
33	31	6
33	32	9
34	1	4
34	2	1
34	3	5
34	4	4
34	5	3
34	6	4
34	7	3
34	8	4
34	9	7
34	10	5
34	11	2
34	12	3
34	13	5
34	14	1
34	15	5
34	16	6
34	17	2
34	18	6
34	19	6
34	20	7
34	21	6
34	22	3
34	23	4
34	24	8
34	25	1
34	26	5
34	27	5
34	28	9
34	29	7
34	30	5
34	31	1
34	32	4
34	33	11
35	1	5
35	2	5
35	3	3
35	4	11
35	5	7
35	6	3
35	7	7
35	8	5
35	9	6
35	10	9
35	11	7
35	12	3
35	13	8
35	14	2
35	15	8
35	16	8
35	17	8
35	18	23
35	19	3
35	20	10
35	21	4
35	22	8
35	23	4
35	24	5
35	26	1
35	27	9
35	28	19
35	29	8
35	30	6
35	31	4
35	32	12
35	33	5
35	34	9
36	0	1
36	1	5
36	2	5
36	3	4
36	4	10
36	5	3
36	7	2
36	8	8
36	9	9
36	10	7
36	11	3
36	12	6
36	13	10
36	14	5
36	15	5
36	16	3
36	17	4
36	18	7
36	19	5
36	20	4
36	21	2
36	22	3
36	24	2
36	25	1
36	27	3
36	28	3
36	29	5
36	30	5
36	31	4
36	32	4
36	33	4
36	34	4
36	35	4
37	0	2
37	1	2
37	2	4
37	3	6
37	4	4
37	5	4
37	6	3
37	7	2
37	8	3
37	9	4
37	10	6
37	11	5
37	12	5
37	13	15
37	14	5
37	15	2
37	16	12
37	17	7
37	18	9
37	19	5
37	20	4
37	21	8
37	22	1
37	23	4
37	24	3
37	25	1
37	26	4
37	27	1
37	28	8
37	29	5
37	30	8
37	31	3
37	32	7
37	33	5
37	35	16
37	36	8
38	0	1
38	1	4
38	2	3
38	3	2
38	4	8
38	5	1
38	6	2
38	7	1
38	8	4
38	9	3
38	10	8
38	11	2
38	12	4
38	13	6
38	14	6
38	15	9
38	16	7
38	17	6
38	18	10
38	19	6
38	20	1
38	21	3
38	22	7
38	23	5
38	24	6
38	26	3
38	27	5
38	28	17
38	29	5
38	30	11
38	31	5
38	32	7
38	33	7
38	34	5
38	35	17
38	36	10
38	37	17
39	1	2
39	2	4
39	3	4
39	4	6
39	5	5
39	6	3
39	7	3
39	8	8
39	9	6
39	10	13
39	11	10
39	12	10
39	13	19
39	14	10
39	15	3
39	16	1
39	17	10
39	18	4
39	19	2
39	21	6
39	22	4
39	23	1
39	24	1
39	26	1
39	27	10
39	28	13
39	29	3
39	30	4
39	31	4
39	32	5
39	33	1
39	34	6
39	35	16
39	36	9
39	37	13
39	38	43
40	1	10
40	2	5
40	3	3
40	4	8
40	5	5
40	6	3
40	7	1
40	8	1
40	9	4
40	10	4
40	11	2
40	12	4
40	13	8
40	14	4
40	15	4
40	16	5
40	17	10
40	18	9
40	19	3
40	20	8
40	21	4
40	22	1
40	23	5
40	24	1
40	25	1
40	26	2
40	27	3
40	28	12
40	29	14
40	30	12
40	31	6
40	32	5
40	33	6
40	34	5
40	35	11
40	36	8
40	37	9
40	38	31
40	39	6
41	1	4
41	2	2
41	3	2
41	4	8
41	5	1
41	6	6
41	7	3
41	8	2
41	9	5
41	10	3
41	11	2
41	12	3
41	13	5
41	14	5
41	15	5
41	16	3
41	17	5
41	18	3
41	19	2
41	21	4
41	22	7
41	23	3
41	24	4
41	26	1
41	27	5
41	28	21
41	29	4
41	30	5
41	31	5
41	32	4
41	33	2
41	34	2
41	35	8
41	36	12
41	37	6
41	38	14
41	39	8
41	40	28
42	4	2
42	5	3
42	6	1
42	7	1
42	8	2
42	9	1
42	10	3
42	12	1
42	13	5
42	14	3
42	16	5
42	17	2
42	18	6
42	19	6
42	20	3
42	21	3
42	22	1
42	23	3
42	24	3
42	26	4
42	27	4
42	28	11
42	29	2
42	30	8
42	31	14
42	32	5
42	33	3
42	34	3
42	35	3
42	36	5
42	37	4
42	38	15
42	39	9
42	40	6
42	41	17
43	0	4
43	1	3
43	2	3
43	3	3
43	4	5
43	5	4
43	6	1
43	7	1
43	8	4
43	9	3
43	10	2
43	11	3
43	12	4
43	13	1
43	14	3
43	15	2
43	16	1
43	17	1
43	18	4
43	20	3
43	21	2
43	22	2
43	23	1
43	24	4
43	26	7
43	27	3
43	28	5
43	29	9
43	30	8
43	31	7
43	32	7
43	33	4
43	34	2
43	35	3
43	36	6
43	37	3
43	38	7
43	39	4
43	40	5
43	41	12
43	42	15
44	0	2
44	1	2
44	2	5
44	3	3
44	4	5
44	5	5
44	6	1
44	7	3
44	10	1
44	11	3
44	12	3
44	13	3
44	14	1
44	16	2
44	17	3
44	18	5
44	19	2
44	20	1
44	26	3
44	27	2
44	28	4
44	29	5
44	30	7
44	31	4
44	32	4
44	33	2
44	34	4
44	35	6
44	36	3
44	37	5
44	38	11
44	39	1
44	40	4
44	41	8
44	42	4
44	43	22
45	0	1
45	1	3
45	2	4
45	3	2
45	4	1
45	5	3
45	6	1
45	7	1
45	8	2
45	9	3
45	10	4
45	11	3
45	12	3
45	13	3
45	14	5
45	17	3
45	18	4
45	20	5
45	23	2
45	24	2
45	26	6
45	27	4
45	28	4
45	29	3
45	30	7
45	31	5
45	32	3
45	33	5
45	34	2
45	35	3
45	36	7
45	37	4
45	38	4
45	39	4
45	40	5
45	41	5
45	42	9
45	43	12
45	44	17
46	0	2
46	1	4
46	2	1
46	3	3
46	4	4
46	5	2
46	7	1
46	8	4
46	9	4
46	10	3
46	11	3
46	12	1
46	13	5
46	14	2
46	15	4
46	18	1
46	19	2
46	21	1
46	22	6
46	26	5
46	27	9
46	28	1
46	29	3
46	30	7
46	31	5
46	32	5
46	33	5
46	34	1
46	35	3
46	36	4
46	37	4
46	38	4
46	39	2
46	40	6
46	41	6
46	42	5
46	43	7
46	44	4
46	45	4
47	1	3
47	2	2
47	3	5
47	4	2
47	5	3
47	7	5
47	8	1
47	9	4
47	10	2
47	11	2
47	12	1
47	13	5
47	14	1
47	15	5
47	16	1
47	17	3
47	18	2
47	19	1
47	20	2
47	23	1
47	24	1
47	27	3
47	28	1
47	29	3
47	30	7
47	31	5
47	32	6
47	33	5
47	34	1
47	35	4
47	36	5
47	37	1
47	38	7
47	39	3
47	40	6
47	41	2
47	42	1
47	43	5
47	44	6
47	45	10
47	46	10
48	1	3
48	2	1
48	3	3
48	4	5
48	8	4
48	10	2
48	11	2
48	12	2
48	13	2
48	14	2
48	15	2
48	22	1
48	24	1
48	27	4
48	28	3
48	30	1
48	35	1
48	36	3
48	37	3
48	38	3
48	39	2
48	40	6
48	42	4
48	43	3
48	44	1
48	45	5
48	46	4
48	47	11
49	0	1
49	1	3
49	2	2
49	3	1
49	4	6
49	5	3
49	6	4
49	7	2
49	8	5
49	9	3
49	10	2
49	11	3
49	12	4
49	13	6
49	14	1
49	15	3
49	16	1
49	17	4
49	18	3
49	19	6
49	20	4
49	21	2
49	23	1
49	24	3
49	25	2
49	27	6
49	28	4
49	29	6
49	30	5
49	31	5
49	32	2
49	33	4
49	34	3
49	35	5
49	36	1
49	37	3
49	38	12
49	39	5
49	40	2
49	41	5
49	42	3
49	43	3
49	44	4
49	45	7
49	46	4
49	47	15
49	48	12
50	0	1
50	1	5
50	4	1
50	5	1
50	8	1
50	9	1
50	10	1
50	13	1
50	14	2
50	15	6
50	18	2
50	19	2
50	23	1
50	25	1
50	27	5
50	28	5
50	29	1
50	30	1
50	31	4
50	32	1
50	35	4
50	38	4
50	39	5
50	40	2
50	41	4
50	42	2
50	43	2
50	44	1
50	45	4
50	46	2
50	47	5
50	48	5
50	49	13
51	1	1
51	4	3
51	5	2
51	8	1
51	9	1
51	10	5
51	11	2
51	12	2
51	13	3
51	14	5
51	15	2
51	16	4
51	17	5
51	18	4
51	19	4
51	20	2
51	23	3
51	24	1
51	26	2
51	27	6
51	28	9
51	29	3
51	30	2
51	31	5
51	32	4
51	33	5
51	34	5
51	35	6
51	36	3
51	37	3
51	38	3
51	39	2
51	40	4
51	41	6
51	42	6
51	43	4
51	44	6
51	45	2
51	46	3
51	47	6
51	48	8
51	49	14
51	50	5
52	0	4
52	4	6
52	6	2
52	7	1
52	8	2
52	9	3
52	10	3
52	11	1
52	12	2
52	13	6
52	15	4
52	16	1
52	17	3
52	18	8
52	19	4
52	20	2
52	21	3
52	23	1
52	24	2
52	25	1
52	26	3
52	27	2
52	28	3
52	29	2
52	30	3
52	32	1
52	33	3
52	34	2
52	35	5
52	36	2
52	37	4
52	38	11
52	39	9
52	40	5
52	41	7
52	42	2
52	43	4
52	44	5
52	45	5
52	46	4
52	47	4
52	48	5
52	49	17
52	50	9
52	51	29
53	1	2
53	2	3
53	3	1
53	4	4
53	6	3
53	8	4
53	9	4
53	10	5
53	11	3
53	12	2
53	13	9
53	14	3
53	15	5
53	16	3
53	17	3
53	18	2
53	19	3
53	20	8
53	22	5
53	26	3
53	27	2
53	28	5
53	29	7
53	30	6
53	31	1
53	32	3
53	33	1
53	34	2
53	35	4
53	36	3
53	37	1
53	38	5
53	39	6
53	40	4
53	41	8
53	42	2
53	43	5
53	44	7
53	45	6
53	46	4
53	47	9
53	48	8
53	49	16
53	50	10
53	51	13
53	52	15
54	0	4
54	1	1
54	2	3
54	3	1
54	4	6
54	5	1
54	7	1
54	8	5
54	9	1
54	11	4
54	12	3
54	13	4
54	14	2
54	15	1
54	16	5
54	17	2
54	18	2
54	19	1
54	20	2
54	23	3
54	26	1
54	27	2
54	28	5
54	29	3
54	30	7
54	31	3
54	32	5
54	33	4
54	34	4
54	35	4
54	36	5
54	37	1
54	38	7
54	39	4
54	40	5
54	41	4
54	42	2
54	43	2
54	44	3
54	45	6
54	46	10
54	47	14
54	48	11
54	49	17
54	50	2
54	51	4
54	52	3
54	53	7
55	0	3
55	1	3
55	2	2
55	3	7
55	4	3
55	5	2
55	8	2
55	9	1
55	10	5
55	11	5
55	12	5
55	13	3
55	14	3
55	15	6
55	16	4
55	17	3
55	18	2
55	19	2
55	20	4
55	21	4
55	22	1
55	24	1
55	25	1
55	27	4
55	28	4
55	29	6
55	30	6
55	31	7
55	32	1
55	33	3
55	34	1
55	35	6
55	36	1
55	37	8
55	38	9
55	39	6
55	40	4
55	41	11
55	42	4
55	43	8
55	44	5
55	45	4
55	46	12
55	47	11
55	48	11
55	49	8
55	50	8
55	51	5
55	52	3
55	53	9
55	54	23
56	3	4
56	4	4
56	8	1
56	9	2
56	10	2
56	11	2
56	12	5
56	13	4
56	15	2
56	17	2
56	19	3
56	20	3
56	21	1
56	22	3
56	23	2
56	26	1
56	27	3
56	28	2
56	29	1
56	30	4
56	31	4
56	32	5
56	33	5
56	34	1
56	35	5
56	36	3
56	37	1
56	38	6
56	39	1
56	40	2
56	41	3
56	42	4
56	43	8
56	44	5
56	45	4
56	46	11
56	47	13
56	48	1
56	49	12
56	50	7
56	51	6
56	52	7
56	53	7
56	54	7
56	55	16
57	0	3
57	2	1
57	3	1
57	4	3
57	6	2
57	8	1
57	10	2
57	11	3
57	12	3
57	13	3
57	14	5
57	15	6
57	16	1
57	18	1
57	19	1
57	22	1
57	23	1
57	24	2
57	27	2
57	28	6
57	29	2
57	30	2
57	31	7
57	32	3
57	33	2
57	35	4
57	36	1
57	37	1
57	38	3
57	39	5
57	40	7
57	41	3
57	42	7
57	43	9
57	44	4
57	45	2
57	46	3
57	47	8
57	48	5
57	49	15
57	50	5
57	51	5
57	52	2
57	53	9
57	54	6
57	55	5
57	56	22
58	0	2
58	1	1
58	3	1
58	4	3
58	8	5
58	9	3
58	10	2
58	12	3
58	13	2
58	14	3
58	15	5
58	17	2
58	20	1
58	23	2
58	24	2
58	25	1
58	26	2
58	27	3
58	28	4
58	29	5
58	30	4
58	31	2
58	32	3
58	33	2
58	34	2
58	35	2
58	36	2
58	38	7
58	39	5
58	40	10
58	41	4
58	42	8
58	43	8
58	44	7
58	45	3
58	46	5
58	47	6
58	48	3
58	49	3
58	50	2
58	51	2
58	52	7
58	53	6
58	54	5
58	55	3
58	56	10
58	57	4
59	1	5
59	2	4
59	3	1
59	4	2
59	5	2
59	7	1
59	8	3
59	9	2
59	10	7
59	11	2
59	12	2
59	13	5
59	14	2
59	15	3
59	16	2
59	17	1
59	18	2
59	19	1
59	20	3
59	21	2
59	22	3
59	24	3
59	26	1
59	27	4
59	28	10
59	29	5
59	30	7
59	31	6
59	32	4
59	33	8
59	34	2
59	35	4
59	36	4
59	37	2
59	38	9
59	39	7
59	40	7
59	41	2
59	42	14
59	43	9
59	44	10
59	45	11
59	46	5
59	47	10
59	48	5
59	49	5
59	50	2
59	51	7
59	52	2
59	53	3
59	54	5
59	55	6
59	56	9
59	57	9
59	58	11
60	0	1
60	1	1
60	2	2
60	3	5
60	4	2
60	5	1
60	7	1
60	8	6
60	9	8
60	10	8
60	11	6
60	12	5
60	13	2
60	14	9
60	15	6
60	16	6
60	17	5
60	18	6
60	19	4
60	20	2
60	21	4
60	22	3
60	24	1
60	26	2
60	27	3
60	28	10
60	29	4
60	30	3
60	31	3
60	32	10
60	33	1
60	34	5
60	35	8
60	36	3
60	37	6
60	38	11
60	39	16
60	40	13
60	41	6
60	42	5
60	43	8
60	44	3
60	45	7
60	46	11
60	47	10
60	48	7
60	49	15
60	50	8
60	51	20
60	52	29
60	53	18
60	54	3
60	55	5
60	56	7
60	57	13
60	58	3
60	59	9
