1	0	14
2	0	6
2	1	19
3	0	8
3	1	8
3	2	14
4	0	3
4	1	11
4	2	4
4	3	4
5	0	3
5	1	3
5	2	4
5	3	9
5	4	17
6	0	2
6	1	4
6	2	4
6	3	4
6	4	12
6	5	11
7	1	2
7	2	1
7	3	5
7	4	6
7	5	8
7	6	5
8	0	4
8	1	7
8	2	4
8	3	7
8	4	25
8	5	13
8	6	22
8	7	19
9	1	2
9	2	2
9	3	6
9	4	19
9	5	7
9	6	10
9	7	9
9	8	18
10	0	1
10	1	5
10	2	5
10	3	2
10	4	11
10	5	5
10	6	10
10	7	10
10	8	7
10	9	16
11	0	1
11	1	3
11	2	5
11	3	3
11	4	6
11	5	2
11	6	4
11	7	5
11	8	9
11	9	6
11	10	14
12	1	3
12	2	7
12	3	4
12	4	4
12	5	5
12	6	6
12	7	8
12	8	5
12	9	5
12	10	17
12	11	17
13	0	2
13	1	1
13	2	2
13	3	5
13	4	4
13	5	3
13	6	3
13	7	3
13	8	3
13	9	5
13	10	11
13	11	7
13	12	8
14	1	3
14	2	3
14	3	2
14	4	8
14	5	3
14	6	3
14	7	3
14	8	3
14	9	1
14	10	6
14	11	1
14	12	4
14	13	9
15	0	1
15	2	4
15	3	5
15	4	4
15	5	4
15	6	2
15	7	1
15	8	7
15	9	6
15	10	9
15	11	2
15	12	6
15	13	9
15	14	8
16	1	2
16	2	1
16	3	4
16	4	3
16	5	4
16	6	5
16	7	4
16	8	8
16	9	9
16	10	5
16	11	11
16	12	5
16	13	9
16	14	11
16	15	5
17	1	1
17	2	3
17	3	2
17	4	3
17	5	3
17	6	5
17	7	4
17	8	7
17	9	3
17	10	3
17	11	5
17	12	5
17	13	9
17	14	11
17	15	2
17	16	9
18	0	1
18	2	2
18	3	5
18	4	8
18	5	7
18	6	2
18	7	5
18	8	4
18	9	4
18	10	8
18	11	4
18	12	4
18	13	9
18	14	5
18	15	4
18	16	4
18	17	8
19	0	2
19	1	4
19	2	4
19	3	4
19	4	6
19	5	4
19	6	5
19	7	10
19	8	13
19	9	4
19	10	8
19	11	4
19	12	4
19	13	7
19	14	4
19	15	2
19	16	8
19	17	6
19	18	22
20	1	5
20	2	5
20	3	6
20	4	7
20	5	10
20	6	7
20	7	5
20	8	12
20	10	9
20	11	3
20	12	2
20	13	7
20	14	5
20	15	2
20	16	6
20	17	8
20	18	10
20	19	10
21	1	3
21	3	3
21	4	13
21	5	3
21	6	6
21	7	3
21	8	8
21	9	4
21	10	2
21	11	3
21	12	2
21	13	7
21	14	2
21	15	5
21	16	7
21	17	6
21	18	3
21	19	12
21	20	24
22	0	3
22	1	3
22	2	3
22	3	2
22	4	3
22	5	10
22	6	7
22	7	3
22	8	2
22	9	2
22	10	5
22	11	2
22	12	3
22	13	6
22	14	2
22	15	5
22	16	2
22	17	3
22	18	5
22	19	10
22	20	12
22	21	24
23	0	1
23	1	2
23	3	3
23	4	6
23	5	2
23	6	4
23	7	6
23	8	7
23	9	3
23	10	2
23	11	2
23	13	4
23	14	3
23	15	2
23	16	2
23	17	3
23	18	2
23	19	4
23	20	5
23	21	5
23	22	13
24	1	3
24	2	2
24	3	2
24	4	3
24	5	6
24	6	2
24	7	2
24	8	6
24	9	3
24	10	2
24	11	2
24	12	5
24	13	6
24	15	4
24	16	1
24	17	5
24	18	4
24	19	8
24	20	2
24	21	5
24	22	7
24	23	12
25	3	1
25	4	1
25	5	1
25	9	2
25	11	1
25	15	1
25	16	1
25	19	1
25	22	1
26	1	1
26	2	3
26	3	2
26	6	3
26	8	3
26	10	1
26	13	3
26	14	4
26	15	2
26	16	2
26	17	2
26	18	2
26	19	2
26	20	3
26	22	3
27	3	1
27	4	4
27	5	3
27	6	3
27	7	3
27	8	5
27	9	2
27	10	3
27	11	6
27	12	1
27	13	7
27	14	7
27	15	12
27	16	6
27	17	6
27	18	7
27	19	4
27	20	7
27	21	5
27	22	5
27	23	3
27	24	9
27	26	4
28	0	2
28	2	3
28	3	5
28	4	5
28	5	7
28	6	4
28	7	3
28	8	4
28	9	8
28	10	1
28	11	3
28	12	7
28	13	12
28	14	7
28	15	7
28	16	10
28	17	8
28	18	10
28	19	5
28	20	4
28	21	11
28	22	6
28	23	9
28	24	4
28	26	3
28	27	9
29	2	1
29	3	3
29	4	4
29	5	2
29	6	3
29	8	6
29	9	4
29	10	7
29	11	3
29	12	4
29	13	2
29	14	2
29	15	2
29	16	2
29	17	1
29	18	6
29	19	4
29	20	8
29	21	2
29	22	3
29	23	2
29	24	2
29	27	1
29	28	3
30	0	3
30	1	2
30	2	4
30	3	2
30	4	3
30	7	3
30	8	4
30	9	1
30	10	2
30	11	2
30	12	2
30	13	10
30	14	4
30	15	1
30	16	4
30	17	3
30	18	1
30	19	5
30	20	5
30	21	2
30	22	2
30	23	1
30	24	7
30	26	3
30	27	4
30	28	8
30	29	14
31	1	5
31	2	3
31	3	1
31	4	1
31	5	3
31	8	5
31	9	1
31	10	1
31	11	2
31	12	1
31	13	3
31	14	1
31	15	4
31	16	2
31	17	1
31	18	5
31	19	2
31	20	2
31	21	5
31	22	8
31	23	4
31	24	3
31	26	3
31	27	5
31	28	10
31	29	8
31	30	14
32	0	1
32	1	3
32	2	6
32	3	2
32	4	2
32	5	6
32	6	3
32	8	5
32	9	1
32	10	1
32	11	3
32	12	2
32	13	4
32	14	7
32	15	2
32	16	3
32	17	2
32	18	8
32	19	9
32	20	8
32	21	3
32	22	1
32	23	3
32	24	3
32	26	6
32	27	3
32	28	5
32	29	3
32	30	3
32	31	9
33	1	2
33	2	4
33	3	3
33	4	6
33	5	6
33	6	5
33	7	3
33	8	3
33	9	1
33	10	1
33	11	3
33	12	2
33	13	2
33	14	5
33	15	4
33	16	2
33	17	3
33	18	7
33	19	3
33	20	11
33	21	5
33	22	3
33	23	3
33	24	3
33	26	2
33	27	10
33	28	8
33	29	4
33	30	10
33	31	9
33	32	20
34	0	1
34	1	2
34	2	1
34	3	2
34	4	4
34	5	4
34	6	7
34	7	1
34	8	6
34	9	3
34	10	6
34	11	2
34	12	2
34	13	3
34	14	8
34	15	1
34	16	6
34	17	6
34	18	7
34	19	7
34	20	10
34	21	7
34	22	4
34	23	5
34	24	9
34	26	2
34	27	4
34	28	11
34	29	8
34	30	6
34	31	7
34	32	4
34	33	11
35	1	1
35	2	3
35	3	3
35	4	10
35	5	3
35	6	7
35	7	3
35	8	4
35	9	6
35	10	9
35	11	4
35	12	7
35	13	14
35	14	3
35	15	8
35	16	9
35	17	4
35	18	9
35	19	10
35	20	8
35	21	11
35	22	6
35	23	7
35	24	4
35	26	3
35	27	7
35	28	17
35	29	3
35	30	7
35	31	9
35	32	8
35	33	5
35	34	8
36	1	3
36	2	7
36	3	4
36	4	6
36	5	2
36	6	2
36	7	4
36	8	3
36	9	9
36	10	6
36	11	7
36	12	7
36	13	13
36	14	7
36	15	4
36	16	4
36	17	3
36	18	5
36	19	3
36	20	1
36	21	1
36	24	5
36	26	1
36	27	3
36	28	10
36	29	4
36	30	4
36	31	2
36	32	3
36	33	5
36	34	3
36	35	6
37	1	5
37	2	1
37	3	3
37	4	3
37	5	4
37	6	2
37	7	1
37	8	5
37	9	5
37	10	9
37	11	3
37	12	6
37	13	9
37	14	5
37	15	6
37	16	9
37	17	4
37	18	8
37	19	5
37	20	7
37	21	3
37	22	5
37	23	2
37	24	7
37	25	1
37	26	1
37	27	9
37	28	10
37	29	3
37	30	1
37	31	5
37	32	3
37	33	4
37	34	3
37	35	28
37	36	6
38	0	5
38	1	3
38	2	4
38	3	3
38	4	3
38	5	5
38	6	4
38	7	3
38	8	4
38	9	6
38	10	3
38	11	6
38	12	7
38	13	10
38	14	5
38	15	5
38	16	5
38	17	8
38	18	8
38	19	5
38	20	4
38	21	4
38	22	2
38	23	9
38	24	3
38	25	1
38	26	7
38	27	10
38	28	13
38	29	5
38	30	7
38	31	6
38	32	7
38	33	8
38	34	6
38	35	11
38	36	8
38	37	17
39	1	5
39	2	4
39	3	4
39	4	9
39	5	4
39	6	3
39	7	4
39	8	5
39	9	5
39	10	3
39	11	7
39	12	4
39	13	9
39	14	2
39	15	7
39	16	8
39	17	1
39	18	8
39	19	6
39	20	3
39	21	4
39	22	5
39	23	3
39	24	4
39	26	1
39	27	3
39	28	13
39	29	6
39	30	5
39	31	4
39	32	5
39	33	4
39	34	3
39	35	13
39	36	10
39	37	19
39	38	27
40	1	3
40	2	7
40	3	5
40	4	4
40	5	7
40	6	2
40	7	5
40	8	9
40	9	4
40	10	8
40	11	4
40	12	4
40	13	6
40	14	5
40	15	3
40	16	8
40	17	6
40	18	6
40	19	4
40	20	6
40	21	4
40	22	3
40	24	3
40	25	1
40	26	4
40	27	10
40	28	18
40	29	6
40	30	9
40	31	9
40	32	4
40	33	10
40	34	4
40	35	10
40	36	7
40	37	9
40	38	29
40	39	19
41	1	5
41	2	3
41	3	1
41	4	7
41	5	4
41	7	5
41	8	2
41	9	2
41	11	6
41	12	4
41	13	8
41	14	3
41	15	6
41	16	4
41	17	6
41	18	9
41	19	3
41	20	2
41	21	4
41	22	2
41	23	2
41	24	5
41	27	5
41	28	9
41	29	8
41	30	4
41	31	15
41	32	3
41	33	5
41	34	4
41	35	8
41	36	9
41	37	4
41	38	23
41	39	5
41	40	32
42	0	3
42	3	1
42	4	4
42	7	1
42	8	3
42	9	1
42	10	6
42	12	2
42	13	7
42	14	1
42	15	3
42	16	3
42	17	5
42	18	2
42	19	5
42	20	4
42	22	1
42	23	2
42	24	1
42	26	3
42	27	7
42	28	12
42	29	5
42	30	8
42	31	10
42	32	4
42	33	4
42	34	1
42	35	6
42	36	5
42	37	2
42	38	9
42	39	6
42	40	7
42	41	18
43	0	3
43	1	6
43	2	6
43	3	3
43	4	2
43	5	4
43	6	2
43	7	1
43	8	5
43	9	4
43	10	3
43	11	2
43	12	3
43	13	4
43	14	1
43	15	3
43	16	4
43	17	3
43	18	2
43	19	1
43	20	2
43	21	1
43	22	3
43	23	1
43	24	4
43	26	7
43	27	4
43	28	9
43	29	3
43	30	12
43	31	9
43	32	3
43	33	5
43	34	1
43	35	8
43	36	5
43	37	3
43	38	3
43	39	5
43	40	5
43	41	10
43	42	11
44	0	3
44	1	4
44	2	3
44	3	1
44	4	10
44	5	6
44	7	2
44	8	3
44	9	1
44	10	2
44	11	2
44	12	4
44	13	2
44	16	1
44	17	1
44	18	1
44	19	1
44	21	2
44	26	2
44	27	3
44	28	3
44	29	3
44	30	3
44	31	6
44	32	6
44	33	4
44	34	2
44	35	3
44	36	2
44	37	4
44	38	5
44	39	4
44	40	6
44	41	7
44	42	13
44	43	14
45	0	3
45	1	4
45	2	3
45	3	1
45	4	5
45	5	2
45	6	3
45	7	1
45	9	5
45	10	3
45	11	6
45	12	2
45	13	1
45	14	2
45	17	2
45	18	6
45	20	2
45	26	5
45	27	2
45	28	6
45	29	2
45	30	6
45	31	5
45	32	3
45	33	3
45	34	4
45	35	4
45	36	3
45	37	2
45	38	6
45	39	5
45	40	6
45	41	8
45	42	12
45	43	11
45	44	14
46	0	3
46	1	3
46	2	1
46	3	1
46	4	4
46	5	1
46	7	2
46	8	2
46	9	1
46	10	6
46	11	2
46	12	4
46	13	1
46	14	1
46	15	2
46	19	4
46	21	1
46	22	3
46	26	1
46	27	2
46	28	5
46	29	4
46	30	9
46	31	2
46	32	2
46	33	2
46	34	2
46	35	1
46	36	4
46	37	2
46	38	3
46	39	3
46	40	4
46	41	9
46	42	5
46	43	5
46	44	6
46	45	13
47	1	2
47	2	2
47	3	3
47	4	2
47	5	1
47	6	2
47	7	2
47	8	1
47	9	2
47	10	2
47	11	3
47	12	2
47	13	1
47	14	3
47	15	1
47	16	3
47	17	2
47	18	3
47	19	1
47	20	6
47	27	3
47	28	5
47	29	4
47	30	4
47	31	2
47	32	3
47	34	4
47	35	4
47	36	3
47	37	2
47	38	6
47	40	7
47	41	4
47	42	4
47	43	4
47	44	6
47	45	4
47	46	8
48	2	1
48	3	1
48	4	2
48	7	2
48	8	2
48	10	3
48	11	3
48	13	1
48	14	2
48	15	2
48	20	3
48	23	3
48	24	3
48	25	2
48	27	6
48	28	8
48	30	3
48	31	1
48	35	5
48	36	3
48	38	8
48	39	3
48	40	1
48	41	1
48	42	1
48	43	3
48	44	4
48	45	8
48	46	9
48	47	7
49	1	3
49	2	2
49	3	5
49	4	4
49	6	3
49	8	3
49	9	6
49	10	2
49	11	5
49	12	7
49	13	5
49	14	3
49	15	8
49	16	4
49	17	2
49	18	3
49	19	3
49	20	2
49	21	1
49	23	1
49	24	1
49	25	1
49	27	4
49	28	7
49	29	4
49	30	1
49	31	1
49	32	4
49	33	6
49	35	4
49	36	7
49	37	5
49	38	4
49	39	3
49	40	7
49	41	5
49	42	6
49	43	11
49	44	3
49	45	3
49	46	7
49	47	24
49	48	17
50	0	1
50	1	2
50	3	4
50	4	1
50	5	1
50	8	1
50	9	2
50	10	2
50	12	2
50	13	1
50	14	1
50	15	1
50	18	2
50	19	2
50	22	3
50	23	2
50	27	1
50	28	8
50	29	2
50	30	2
50	31	2
50	32	2
50	35	3
50	36	1
50	37	3
50	38	5
50	39	4
50	40	4
50	41	3
50	43	1
50	44	4
50	45	2
50	46	5
50	47	4
50	48	3
50	49	8
51	1	5
51	4	2
51	5	3
51	8	1
51	9	4
51	10	3
51	11	3
51	12	3
51	13	3
51	14	1
51	15	9
51	16	3
51	17	3
51	18	3
51	19	3
51	20	4
51	23	1
51	24	3
51	25	1
51	26	1
51	27	2
51	28	1
51	29	3
51	30	6
51	31	2
51	32	1
51	33	1
51	34	2
51	35	4
51	36	8
51	37	4
51	38	12
51	39	11
51	40	6
51	41	3
51	42	2
51	43	4
51	44	7
51	45	1
51	46	1
51	47	3
51	48	8
51	49	14
51	50	8
52	0	3
52	4	4
52	6	2
52	7	2
52	8	6
52	9	2
52	10	1
52	11	3
52	12	5
52	13	3
52	14	3
52	15	5
52	16	2
52	17	2
52	18	8
52	19	2
52	21	2
52	23	3
52	24	1
52	26	2
52	27	7
52	28	5
52	29	1
52	30	1
52	31	1
52	32	2
52	33	1
52	34	4
52	35	3
52	36	3
52	37	2
52	38	9
52	39	5
52	40	4
52	41	7
52	42	2
52	43	4
52	44	3
52	45	3
52	46	6
52	47	8
52	48	6
52	49	6
52	50	13
52	51	29
53	1	1
53	2	6
53	3	2
53	4	4
53	5	1
53	6	2
53	7	1
53	8	3
53	9	5
53	10	7
53	11	3
53	12	5
53	13	6
53	14	2
53	15	3
53	16	3
53	17	4
53	18	5
53	19	5
53	20	3
53	22	1
53	24	1
53	26	2
53	27	7
53	28	7
53	29	1
53	30	2
53	31	4
53	32	1
53	34	3
53	35	8
53	36	9
53	37	3
53	38	12
53	39	7
53	40	5
53	41	4
53	42	6
53	43	3
53	44	4
53	45	1
53	46	7
53	47	10
53	48	6
53	49	14
53	50	9
53	51	22
53	52	16
54	0	1
54	1	2
54	2	3
54	3	1
54	4	3
54	5	3
54	6	6
54	7	2
54	8	2
54	9	2
54	10	6
54	11	1
54	12	4
54	13	1
54	15	3
54	16	5
54	17	5
54	18	8
54	19	4
54	20	1
54	27	6
54	28	3
54	29	5
54	31	5
54	32	2
54	33	1
54	35	2
54	36	7
54	37	2
54	38	7
54	39	2
54	40	10
54	41	11
54	42	4
54	43	3
54	44	4
54	45	7
54	46	7
54	47	20
54	48	9
54	49	8
54	50	6
54	51	6
54	52	6
54	53	10
55	0	6
55	1	1
55	2	3
55	3	5
55	4	3
55	5	1
55	8	4
55	9	6
55	10	1
55	11	1
55	12	3
55	13	2
55	14	7
55	15	7
55	16	5
55	17	1
55	18	2
55	19	4
55	20	3
55	21	3
55	22	2
55	24	3
55	25	1
55	27	2
55	28	6
55	29	5
55	30	2
55	31	4
55	32	2
55	33	4
55	34	3
55	35	2
55	36	3
55	37	3
55	38	13
55	39	5
55	40	7
55	41	8
55	42	5
55	43	4
55	44	9
55	45	7
55	46	9
55	47	13
55	48	6
55	49	12
55	50	6
55	51	12
55	53	3
55	54	20
56	3	3
56	4	1
56	5	3
56	8	1
56	9	3
56	10	6
56	11	2
56	12	3
56	13	4
56	15	3
56	17	4
56	18	4
56	19	2
56	20	3
56	21	1
56	22	1
56	23	1
56	27	5
56	28	5
56	29	3
56	30	5
56	31	2
56	32	3
56	33	1
56	35	4
56	36	3
56	37	2
56	38	4
56	39	6
56	40	4
56	41	3
56	42	7
56	43	4
56	44	8
56	45	9
56	46	13
56	47	6
56	48	10
56	49	11
56	50	4
56	51	5
56	52	10
56	53	8
56	54	12
56	55	3
57	0	1
57	3	2
57	4	1
57	6	1
57	8	2
57	9	1
57	10	5
57	11	2
57	12	1
57	13	2
57	14	5
57	15	2
57	16	3
57	17	2
57	18	2
57	19	1
57	22	2
57	24	2
57	25	1
57	27	4
57	28	6
57	29	7
57	30	6
57	31	4
57	32	3
57	33	3
57	34	2
57	35	9
57	36	4
57	37	3
57	38	4
57	39	9
57	40	5
57	41	4
57	42	2
57	43	8
57	44	2
57	45	8
57	46	7
57	47	10
57	48	8
57	49	10
57	50	4
57	51	9
57	52	7
57	53	9
57	54	4
57	55	4
57	56	18
58	0	2
58	4	2
58	8	3
58	10	3
58	12	2
58	13	1
58	14	4
58	15	2
58	17	3
58	18	4
58	19	2
58	23	1
58	24	4
58	25	3
58	26	2
58	27	2
58	28	2
58	29	1
58	30	4
58	31	5
58	32	5
58	33	3
58	34	3
58	35	4
58	36	1
58	37	4
58	38	2
58	39	6
58	40	1
58	41	1
58	42	4
58	43	6
58	44	7
58	45	2
58	46	8
58	47	3
58	48	4
58	49	6
58	50	1
58	51	5
58	52	3
58	53	7
58	54	3
58	55	6
58	56	13
58	57	13
59	1	2
59	2	6
59	3	4
59	4	3
59	5	5
59	7	2
59	8	1
59	9	3
59	10	4
59	11	1
59	12	1
59	13	3
59	14	3
59	15	3
59	16	2
59	17	4
59	18	3
59	19	1
59	20	3
59	21	4
59	22	6
59	24	1
59	26	4
59	27	2
59	28	6
59	29	5
59	30	5
59	31	7
59	32	7
59	33	6
59	34	5
59	35	6
59	36	1
59	37	6
59	38	9
59	39	6
59	40	10
59	41	6
59	42	9
59	43	13
59	44	10
59	45	7
59	46	7
59	47	4
59	48	5
59	49	12
59	50	1
59	51	3
59	52	2
59	53	4
59	54	8
59	55	2
59	56	7
59	57	9
59	58	11
60	1	1
60	2	4
60	3	5
60	4	7
60	5	6
60	7	2
60	8	3
60	9	3
60	10	5
60	12	2
60	13	9
60	14	1
60	15	4
60	16	5
60	17	1
60	18	6
60	20	3
60	21	2
60	22	4
60	24	1
60	26	2
60	27	1
60	28	11
60	29	4
60	30	6
60	31	3
60	32	10
60	33	5
60	34	3
60	35	10
60	36	6
60	37	10
60	38	17
60	39	13
60	40	7
60	41	6
60	42	6
60	43	4
60	44	3
60	45	9
60	46	3
60	47	8
60	48	7
60	49	5
60	50	8
60	51	20
60	52	12
60	53	24
60	54	14
60	55	5
60	56	5
60	57	8
60	58	4
60	59	9
