1	0	14
2	0	6
2	1	21
3	0	2
3	1	3
3	2	17
4	0	5
4	1	5
4	2	4
4	3	12
5	0	2
5	1	5
5	3	4
5	4	16
6	0	1
6	1	1
6	2	1
6	3	2
6	4	7
6	5	9
7	1	6
7	2	1
7	3	6
7	4	7
7	5	5
7	6	9
8	0	4
8	1	7
8	2	3
8	3	7
8	4	29
8	5	12
8	6	18
8	7	13
9	0	1
9	1	6
9	2	2
9	3	6
9	4	15
9	5	5
9	6	4
9	7	3
9	8	15
10	0	2
10	1	4
10	2	5
10	3	8
10	4	12
10	5	6
10	6	3
10	7	4
10	8	7
10	9	22
11	0	3
11	1	3
11	2	3
11	3	2
11	4	7
11	6	8
11	7	6
11	8	10
11	9	4
11	10	15
12	1	1
12	2	1
12	3	4
12	4	3
12	5	7
12	6	3
12	7	7
12	8	7
12	9	15
12	10	9
12	11	24
13	0	3
13	1	2
13	3	2
13	4	3
13	5	5
13	6	2
13	7	3
13	8	6
13	9	5
13	10	4
13	11	7
13	12	11
14	1	3
14	2	1
14	3	3
14	4	5
14	5	3
14	6	2
14	7	1
14	8	4
14	9	2
14	10	5
14	11	4
14	12	8
14	13	11
15	0	1
15	2	3
15	3	2
15	4	1
15	5	3
15	6	4
15	7	3
15	8	4
15	9	2
15	10	9
15	11	4
15	12	6
15	13	5
15	14	12
16	1	4
16	2	2
16	3	3
16	4	2
16	5	3
16	6	7
16	7	4
16	8	2
16	9	4
16	10	5
16	11	7
16	12	2
16	13	17
16	14	14
16	15	8
17	2	1
17	3	1
17	4	6
17	5	3
17	6	3
17	7	3
17	8	5
17	9	6
17	10	10
17	11	6
17	12	1
17	13	12
17	14	12
17	15	10
17	16	16
18	0	1
18	1	1
18	2	1
18	3	3
18	4	9
18	5	5
18	6	3
18	7	2
18	8	6
18	9	6
18	10	5
18	11	2
18	12	5
18	13	8
18	14	4
18	15	7
18	16	10
18	17	5
19	0	4
19	1	6
19	2	2
19	3	5
19	4	6
19	5	4
19	6	7
19	7	10
19	8	9
19	9	5
19	10	9
19	11	4
19	12	6
19	13	5
19	14	4
19	15	7
19	16	6
19	17	12
19	18	16
20	1	4
20	2	6
20	3	5
20	4	4
20	5	7
20	6	5
20	7	9
20	8	8
20	9	8
20	10	4
20	11	4
20	12	7
20	13	9
20	14	3
20	15	6
20	16	3
20	17	4
20	18	14
20	19	21
21	0	4
21	1	5
21	2	2
21	3	3
21	4	11
21	5	3
21	6	5
21	7	2
21	8	9
21	9	4
21	10	3
21	11	5
21	12	2
21	13	1
21	14	3
21	15	2
21	16	3
21	17	4
21	18	5
21	19	11
21	20	15
22	0	3
22	1	4
22	2	4
22	3	3
22	4	4
22	5	11
22	6	6
22	7	2
22	8	8
22	9	2
22	10	4
22	12	3
22	13	5
22	14	3
22	15	3
22	16	2
22	17	5
22	18	5
22	19	11
22	20	11
22	21	17
23	0	1
23	1	2
23	3	1
23	4	6
23	5	6
23	6	3
23	7	1
23	8	3
23	9	4
23	10	1
23	12	1
23	13	2
23	14	3
23	15	3
23	16	2
23	17	4
23	18	4
23	19	5
23	20	5
23	21	8
23	22	19
24	1	2
24	2	7
24	3	5
24	4	3
24	5	5
24	6	6
24	7	3
24	8	6
24	9	1
24	10	4
24	11	5
24	12	1
24	13	3
24	14	2
24	15	6
24	16	1
24	17	2
24	18	6
24	19	7
24	20	6
24	21	5
24	22	7
24	23	17
25	0	1
25	3	3
25	4	1
25	5	1
25	6	1
25	8	2
25	12	1
25	15	3
25	17	1
25	19	2
25	21	1
25	22	2
25	23	2
26	1	1
26	2	2
26	3	1
26	6	3
26	8	3
26	10	1
26	13	1
26	14	2
26	16	1
26	18	2
26	19	3
26	20	1
26	22	1
26	24	1
27	3	1
27	4	4
27	5	2
27	6	2
27	7	2
27	8	4
27	9	3
27	11	1
27	12	4
27	13	4
27	14	10
27	15	5
27	16	1
27	17	3
27	18	6
27	19	3
27	20	4
27	21	3
27	22	3
27	23	5
27	24	4
27	25	1
27	26	3
28	1	3
28	2	3
28	3	1
28	4	4
28	5	5
28	6	3
28	7	4
28	8	6
28	9	5
28	10	4
28	11	5
28	12	3
28	13	8
28	14	6
28	15	9
28	16	9
28	17	6
28	18	12
28	19	11
28	20	9
28	21	7
28	22	5
28	23	3
28	24	3
28	26	4
28	27	7
29	1	5
29	2	2
29	3	1
29	4	2
29	5	3
29	6	6
29	7	3
29	8	4
29	9	3
29	10	3
29	11	1
29	12	3
29	13	7
29	14	4
29	15	2
29	16	4
29	17	2
29	18	3
29	19	2
29	20	1
29	21	2
29	22	4
29	23	3
29	24	3
29	27	4
29	28	9
30	0	3
30	1	2
30	2	6
30	3	4
30	4	3
30	5	1
30	6	2
30	7	1
30	8	1
30	9	1
30	10	7
30	12	1
30	13	2
30	14	3
30	16	3
30	17	5
30	18	5
30	19	2
30	20	5
30	21	4
30	22	7
30	23	4
30	24	2
30	25	1
30	26	2
30	27	2
30	28	9
30	29	13
31	1	3
31	2	3
31	3	3
31	4	5
31	5	2
31	8	4
31	9	4
31	10	2
31	11	1
31	12	1
31	13	3
31	14	6
31	15	2
31	16	4
31	17	4
31	18	5
31	19	3
31	20	6
31	21	4
31	22	2
31	23	4
31	24	2
31	26	2
31	27	7
31	28	8
31	29	6
31	30	16
32	1	5
32	2	3
32	4	2
32	5	4
32	6	2
32	8	1
32	10	5
32	13	1
32	14	3
32	15	2
32	16	5
32	17	3
32	18	3
32	19	1
32	20	5
32	21	7
32	23	2
32	24	7
32	26	2
32	27	7
32	28	12
32	29	4
32	30	5
32	31	3
33	1	4
33	3	2
33	4	4
33	5	10
33	6	4
33	7	2
33	8	4
33	9	5
33	10	5
33	11	3
33	12	1
33	13	4
33	14	5
33	15	5
33	16	2
33	17	5
33	18	4
33	19	5
33	20	4
33	21	4
33	22	4
33	23	2
33	24	6
33	26	8
33	27	5
33	28	8
33	29	6
33	30	7
33	31	8
33	32	20
34	0	2
34	1	6
34	2	2
34	3	2
34	4	7
34	5	3
34	6	6
34	7	1
34	8	7
34	9	2
34	10	8
34	11	3
34	12	2
34	13	5
34	14	2
34	15	1
34	16	8
34	17	4
34	18	5
34	19	7
34	20	8
34	21	2
34	22	8
34	23	6
34	24	3
34	26	2
34	27	1
34	28	13
34	29	6
34	30	15
34	31	5
34	32	4
34	33	11
35	0	3
35	1	5
35	2	5
35	3	1
35	4	8
35	5	5
35	6	6
35	7	2
35	8	6
35	9	9
35	10	8
35	11	6
35	12	12
35	13	6
35	14	6
35	15	2
35	16	10
35	17	7
35	18	22
35	19	9
35	20	8
35	21	6
35	22	4
35	24	5
35	26	5
35	27	7
35	28	14
35	29	4
35	30	10
35	31	10
35	32	5
35	33	5
35	34	19
36	0	4
36	1	4
36	2	4
36	3	9
36	4	11
36	5	4
36	6	3
36	7	5
36	8	7
36	9	3
36	10	12
36	11	3
36	12	4
36	13	7
36	14	2
36	15	3
36	16	5
36	17	3
36	18	9
36	19	7
36	20	3
36	21	6
36	22	2
36	24	2
36	26	1
36	27	2
36	28	2
36	29	3
36	30	2
36	31	6
36	32	3
36	33	5
36	34	3
36	35	7
37	0	4
37	1	4
37	2	4
37	3	6
37	4	4
37	5	3
37	6	4
37	7	2
37	8	2
37	9	3
37	10	4
37	11	3
37	12	2
37	13	17
37	14	7
37	15	4
37	16	15
37	17	5
37	18	9
37	19	6
37	20	6
37	21	4
37	22	3
37	23	4
37	24	2
37	26	1
37	27	6
37	28	7
37	29	9
37	30	3
37	31	4
37	32	3
37	33	5
37	34	9
37	35	20
37	36	9
38	0	1
38	1	2
38	2	1
38	3	10
38	4	5
38	5	4
38	6	5
38	7	5
38	8	8
38	9	6
38	10	4
38	11	1
38	12	5
38	13	8
38	14	5
38	15	5
38	16	7
38	17	4
38	18	6
38	19	8
38	20	8
38	21	6
38	22	2
38	23	3
38	24	3
38	25	2
38	26	2
38	27	7
38	28	20
38	29	4
38	30	7
38	31	8
38	32	6
38	33	7
38	34	6
38	35	20
38	36	7
38	37	14
39	1	1
39	2	2
39	3	4
39	4	4
39	5	8
39	6	1
39	7	4
39	8	1
39	9	8
39	10	7
39	11	2
39	12	3
39	13	18
39	14	5
39	15	6
39	16	6
39	17	1
39	18	6
39	19	3
39	20	7
39	21	3
39	22	3
39	23	2
39	24	2
39	26	6
39	27	3
39	28	11
39	29	3
39	30	1
39	31	4
39	32	2
39	33	5
39	34	6
39	35	12
39	36	12
39	37	18
39	38	26
40	1	1
40	3	4
40	4	10
40	5	3
40	6	2
40	7	3
40	8	5
40	9	7
40	10	9
40	11	6
40	12	2
40	13	3
40	14	5
40	15	3
40	16	1
40	17	3
40	18	1
40	19	7
40	20	2
40	21	2
40	22	9
40	23	5
40	24	2
40	26	3
40	27	7
40	28	19
40	29	7
40	30	10
40	31	10
40	32	6
40	33	8
40	34	5
40	35	14
40	36	8
40	37	13
40	38	19
40	39	14
41	2	3
41	3	4
41	4	2
41	5	5
41	6	3
41	7	3
41	8	2
41	9	2
41	10	6
41	11	5
41	12	10
41	13	10
41	14	3
41	15	3
41	16	6
41	17	4
41	18	2
41	19	6
41	20	3
41	21	3
41	22	2
41	23	3
41	24	4
41	25	1
41	26	3
41	27	5
41	28	12
41	29	10
41	30	14
41	31	11
41	32	13
41	33	3
41	34	5
41	35	5
41	36	8
41	37	7
41	38	20
41	39	7
41	40	22
42	4	2
42	5	10
42	6	2
42	7	1
42	8	2
42	9	2
42	10	1
42	13	2
42	14	2
42	15	1
42	18	5
42	19	4
42	20	5
42	21	1
42	22	2
42	23	3
42	24	4
42	26	3
42	27	7
42	28	8
42	29	6
42	30	3
42	31	6
42	32	9
42	33	2
42	34	4
42	35	10
42	36	4
42	37	5
42	38	6
42	39	7
42	40	15
42	41	17
43	0	2
43	1	1
43	2	5
43	3	2
43	6	3
43	8	3
43	9	7
43	10	4
43	11	5
43	12	5
43	13	4
43	14	5
43	15	6
43	16	1
43	17	5
43	18	3
43	19	4
43	20	7
43	21	3
43	22	2
43	23	2
43	24	5
43	25	1
43	26	4
43	27	6
43	28	7
43	29	3
43	30	5
43	31	9
43	32	3
43	33	5
43	34	1
43	35	5
43	36	3
43	37	5
43	38	7
43	39	1
43	40	3
43	41	14
43	42	11
44	0	4
44	1	2
44	2	2
44	3	3
44	4	5
44	5	2
44	6	2
44	8	2
44	10	4
44	12	1
44	13	2
44	14	4
44	16	4
44	18	2
44	19	1
44	20	3
44	21	1
44	26	2
44	27	2
44	28	9
44	29	4
44	30	8
44	31	2
44	32	5
44	33	5
44	34	3
44	35	6
44	36	6
44	37	3
44	38	5
44	39	1
44	40	7
44	41	4
44	42	5
44	43	18
45	0	3
45	1	1
45	2	4
45	3	1
45	4	3
45	5	5
45	6	1
45	8	6
45	9	1
45	10	1
45	11	2
45	12	3
45	13	5
45	14	1
45	17	5
45	18	1
45	19	1
45	20	3
45	23	2
45	24	2
45	26	2
45	27	2
45	28	4
45	29	3
45	30	6
45	31	1
45	32	2
45	33	5
45	34	2
45	35	4
45	36	5
45	37	3
45	38	3
45	39	5
45	40	5
45	41	6
45	42	4
45	43	16
45	44	17
46	1	5
46	2	2
46	3	4
46	4	3
46	5	4
46	7	3
46	8	1
46	9	3
46	10	3
46	11	2
46	12	3
46	13	2
46	14	3
46	15	1
46	18	1
46	19	1
46	22	2
46	26	5
46	27	6
46	28	4
46	29	4
46	30	6
46	31	2
46	32	4
46	33	1
46	34	4
46	35	5
46	36	2
46	37	1
46	38	11
46	39	2
46	40	1
46	41	8
46	42	6
46	43	11
46	44	10
46	45	16
47	1	5
47	2	3
47	3	3
47	4	2
47	5	2
47	8	2
47	10	2
47	12	2
47	13	4
47	14	5
47	15	6
47	16	1
47	17	4
47	18	1
47	19	4
47	20	1
47	23	5
47	24	3
47	27	3
47	28	7
47	29	3
47	30	6
47	31	4
47	32	1
47	33	4
47	34	2
47	35	4
47	36	4
47	38	7
47	39	4
47	40	2
47	41	9
47	42	6
47	43	1
47	44	8
47	45	7
47	46	14
48	1	1
48	2	2
48	3	3
48	4	1
48	8	4
48	10	5
48	11	1
48	12	4
48	13	5
48	14	1
48	15	4
48	20	2
48	22	3
48	24	1
48	25	2
48	27	1
48	28	3
48	30	2
48	31	2
48	35	7
48	36	1
48	37	4
48	38	4
48	39	3
48	40	8
48	41	2
48	42	11
48	43	4
48	44	4
48	45	2
48	46	9
48	47	13
49	0	6
49	1	1
49	2	5
49	3	3
49	4	3
49	5	1
49	6	5
49	7	1
49	8	10
49	9	2
49	10	2
49	11	3
49	12	5
49	13	4
49	14	6
49	15	4
49	16	2
49	17	1
49	18	2
49	19	1
49	20	1
49	21	4
49	23	3
49	24	3
49	27	4
49	29	4
49	31	2
49	32	5
49	33	6
49	34	6
49	35	5
49	36	6
49	37	4
49	38	11
49	39	8
49	40	2
49	41	7
49	42	8
49	43	9
49	44	5
49	45	2
49	46	10
49	47	12
49	48	18
50	1	4
50	4	2
50	8	1
50	10	1
50	12	3
50	13	2
50	14	4
50	15	6
50	18	1
50	22	2
50	27	1
50	28	3
50	29	2
50	30	3
50	31	2
50	32	3
50	35	2
50	36	4
50	38	4
50	39	1
50	40	6
50	41	3
50	42	2
50	43	4
50	44	8
50	45	1
50	46	3
50	47	5
50	48	4
50	49	15
51	1	4
51	4	1
51	5	2
51	8	2
51	9	3
51	10	2
51	11	3
51	12	3
51	13	7
51	14	2
51	15	3
51	16	5
51	17	2
51	19	6
51	20	4
51	23	3
51	24	2
51	26	4
51	27	2
51	28	4
51	29	3
51	30	1
51	31	4
51	33	1
51	34	2
51	35	5
51	36	2
51	38	9
51	39	6
51	40	4
51	41	1
51	42	6
51	43	3
51	44	5
51	45	2
51	46	9
51	47	4
51	48	7
51	49	8
51	50	8
52	0	3
52	4	2
52	6	1
52	8	1
52	9	2
52	10	3
52	11	3
52	12	3
52	13	5
52	14	3
52	15	4
52	16	4
52	17	5
52	18	2
52	19	1
52	20	1
52	21	5
52	23	2
52	24	4
52	25	1
52	26	3
52	27	3
52	28	1
52	29	3
52	30	5
52	31	4
52	32	3
52	33	2
52	34	2
52	35	8
52	36	3
52	37	4
52	38	3
52	39	2
52	40	6
52	41	10
52	42	4
52	43	4
52	44	2
52	45	6
52	46	5
52	47	6
52	49	19
52	50	12
52	51	32
53	1	1
53	2	2
53	3	5
53	4	4
53	5	3
53	6	3
53	7	1
53	8	6
53	9	2
53	11	3
53	12	7
53	13	3
53	14	2
53	15	2
53	16	2
53	17	3
53	18	4
53	19	3
53	20	2
53	22	1
53	24	1
53	26	2
53	27	5
53	28	5
53	29	4
53	30	3
53	31	5
53	32	3
53	33	4
53	34	3
53	35	3
53	36	5
53	37	6
53	38	7
53	39	4
53	40	8
53	41	11
53	42	6
53	43	3
53	44	2
53	45	5
53	46	4
53	47	8
53	48	5
53	49	16
53	50	7
53	51	21
53	52	14
54	0	4
54	1	1
54	2	5
54	3	4
54	4	4
54	5	4
54	6	2
54	7	2
54	8	9
54	9	1
54	10	4
54	11	1
54	12	2
54	13	4
54	14	4
54	15	4
54	16	3
54	17	5
54	18	2
54	19	1
54	20	2
54	23	2
54	26	4
54	27	3
54	28	2
54	29	5
54	30	6
54	31	2
54	32	8
54	33	1
54	34	2
54	35	6
54	36	4
54	37	5
54	38	6
54	39	3
54	40	6
54	41	6
54	42	3
54	43	10
54	44	9
54	45	9
54	46	8
54	47	18
54	48	12
54	49	12
54	50	2
54	51	8
54	52	2
54	53	8
55	0	3
55	1	5
55	2	1
55	4	1
55	5	4
55	8	7
55	9	4
55	10	4
55	11	5
55	12	1
55	13	5
55	14	4
55	15	3
55	16	2
55	17	6
55	18	3
55	19	1
55	20	5
55	21	1
55	22	1
55	24	5
55	25	1
55	27	1
55	28	6
55	29	2
55	30	6
55	31	4
55	32	4
55	33	2
55	34	3
55	35	4
55	36	4
55	37	1
55	38	4
55	39	6
55	40	3
55	41	7
55	42	2
55	43	7
55	44	1
55	45	12
55	46	9
55	47	13
55	48	6
55	49	8
55	50	5
55	51	6
55	52	7
55	53	10
55	54	26
56	3	1
56	4	1
56	6	2
56	8	1
56	9	3
56	10	4
56	12	3
56	13	3
56	15	2
56	17	3
56	18	2
56	19	4
56	20	3
56	23	1
56	26	3
56	27	2
56	28	4
56	30	3
56	31	5
56	32	3
56	33	1
56	35	2
56	36	3
56	37	3
56	38	5
56	39	5
56	40	7
56	41	2
56	42	4
56	43	12
56	44	6
56	45	8
56	46	9
56	47	11
56	48	8
56	49	3
56	50	3
56	51	5
56	52	2
56	53	6
56	54	8
56	55	7
57	0	4
57	2	3
57	3	1
57	4	6
57	8	3
57	9	2
57	10	3
57	11	2
57	12	4
57	13	1
57	14	3
57	15	4
57	16	4
57	17	3
57	19	5
57	23	4
57	25	1
57	27	5
57	28	5
57	29	3
57	30	6
57	31	4
57	32	3
57	33	1
57	34	2
57	35	5
57	36	3
57	37	1
57	38	7
57	39	5
57	40	3
57	41	10
57	42	3
57	43	7
57	44	3
57	45	9
57	46	8
57	47	4
57	48	10
57	49	10
57	50	10
57	51	2
57	52	6
57	53	4
57	54	4
57	55	3
57	56	19
58	0	2
58	1	2
58	4	1
58	8	3
58	9	1
58	10	3
58	12	5
58	13	2
58	14	1
58	15	3
58	17	4
58	18	2
58	19	3
58	23	2
58	24	2
58	25	1
58	26	1
58	27	1
58	28	4
58	29	2
58	30	4
58	31	4
58	32	1
58	33	5
58	34	2
58	35	6
58	36	3
58	37	3
58	38	9
58	39	5
58	40	5
58	41	2
58	42	6
58	43	10
58	44	4
58	45	4
58	46	4
58	47	6
58	48	10
58	49	7
58	50	3
58	51	2
58	52	5
58	53	7
58	54	4
58	55	5
58	56	5
58	57	4
59	1	3
59	2	2
59	3	3
59	4	1
59	5	1
59	7	3
59	8	5
59	9	5
59	10	5
59	11	1
59	12	5
59	13	8
59	14	2
59	15	5
59	16	3
59	17	1
59	18	4
59	19	1
59	20	2
59	21	1
59	22	2
59	24	4
59	26	2
59	27	3
59	28	5
59	29	2
59	30	7
59	31	5
59	32	9
59	33	1
59	34	8
59	35	6
59	36	3
59	37	7
59	38	6
59	39	5
59	40	8
59	41	4
59	42	10
59	43	11
59	44	5
59	45	4
59	46	6
59	47	6
59	48	8
59	49	6
59	50	5
59	51	5
59	52	9
59	53	4
59	54	4
59	55	3
59	56	10
59	57	8
59	58	12
60	0	3
60	1	5
60	2	1
60	3	3
60	4	5
60	5	6
60	6	3
60	7	2
60	8	5
60	9	8
60	10	6
60	11	6
60	12	7
60	13	2
60	14	6
60	15	7
60	16	7
60	17	6
60	18	8
60	19	1
60	20	2
60	21	4
60	22	2
60	24	4
60	26	4
60	27	6
60	28	9
60	29	5
60	30	12
60	31	9
60	32	2
60	33	1
60	34	4
60	35	8
60	36	3
60	37	9
60	38	6
60	39	20
60	40	14
60	41	13
60	42	11
60	43	4
60	44	1
60	45	2
60	46	5
60	47	3
60	48	5
60	49	10
60	50	6
60	51	12
60	52	25
60	53	15
60	54	9
60	55	9
60	56	6
60	57	8
60	58	4
60	59	8
