1	0	18
2	0	5
2	1	24
3	0	3
3	1	12
3	2	11
4	0	4
4	1	7
4	2	4
4	3	8
5	0	3
5	1	5
5	2	5
5	3	10
5	4	10
6	0	3
6	1	1
6	3	1
6	4	3
6	5	12
7	1	4
7	2	1
7	3	5
7	4	12
7	5	7
7	6	13
8	0	5
8	1	5
8	2	3
8	3	4
8	4	25
8	5	20
8	6	17
8	7	12
9	0	3
9	1	4
9	2	3
9	3	10
9	4	10
9	5	10
9	6	4
9	7	4
9	8	14
10	0	4
10	1	7
10	2	3
10	3	10
10	4	9
10	5	3
10	6	7
10	7	14
10	8	12
10	9	7
11	0	2
11	1	1
11	2	5
11	3	1
11	4	3
11	5	3
11	6	2
11	7	3
11	8	4
11	9	9
11	10	16
12	1	2
12	2	1
12	3	6
12	4	9
12	5	2
12	6	3
12	7	6
12	8	8
12	9	8
12	10	18
12	11	20
13	0	1
13	1	2
13	2	2
13	3	7
13	4	9
13	5	7
13	6	2
13	7	2
13	8	6
13	9	4
13	10	8
13	11	5
13	12	7
14	1	1
14	2	7
14	3	3
14	4	5
14	5	2
14	6	3
14	7	1
14	8	2
14	9	6
14	10	10
14	11	5
14	12	6
14	13	10
15	0	3
15	2	2
15	3	2
15	4	5
15	5	2
15	6	2
15	7	2
15	8	2
15	9	3
15	10	7
15	11	4
15	12	1
15	13	9
15	14	18
16	2	1
16	3	1
16	4	5
16	5	5
16	6	1
16	7	2
16	8	4
16	9	1
16	10	5
16	11	5
16	12	5
16	13	11
16	14	15
16	15	9
17	1	3
17	2	2
17	3	5
17	4	6
17	5	2
17	6	4
17	7	7
17	8	3
17	9	4
17	10	6
17	11	5
17	12	4
17	13	17
17	14	15
17	15	5
17	16	9
18	0	2
18	1	2
18	2	3
18	3	1
18	4	8
18	5	4
18	6	1
18	7	4
18	8	4
18	9	4
18	10	4
18	11	3
18	12	4
18	13	15
18	14	6
18	15	5
18	16	11
18	17	9
19	0	3
19	1	4
19	2	2
19	3	4
19	4	9
19	5	4
19	6	5
19	7	9
19	8	7
19	9	8
19	10	9
19	11	5
19	12	4
19	13	8
19	14	2
19	15	5
19	16	12
19	17	15
19	18	17
20	1	3
20	2	2
20	3	4
20	4	11
20	5	2
20	6	6
20	7	5
20	8	7
20	9	4
20	10	6
20	11	3
20	12	5
20	13	5
20	14	3
20	15	5
20	16	3
20	17	9
20	18	11
20	19	14
21	0	2
21	1	2
21	2	5
21	3	3
21	4	4
21	5	5
21	6	3
21	7	2
21	8	4
21	9	5
21	10	10
21	11	1
21	12	3
21	13	1
21	14	7
21	15	3
21	16	3
21	17	8
21	18	10
21	19	11
21	20	16
22	1	3
22	2	2
22	3	4
22	4	8
22	5	2
22	6	6
22	7	4
22	8	4
22	9	3
22	10	6
22	11	1
22	12	4
22	13	2
22	14	1
22	15	2
22	16	5
22	17	7
22	18	7
22	19	9
22	20	12
22	21	15
23	1	1
23	3	6
23	4	5
23	5	3
23	6	1
23	7	8
23	8	8
23	9	3
23	11	3
23	12	5
23	13	5
23	14	2
23	16	3
23	17	1
23	18	4
23	19	3
23	20	4
23	21	10
23	22	13
24	1	4
24	2	2
24	3	4
24	4	4
24	5	2
24	6	3
24	7	8
24	8	5
24	9	3
24	10	4
24	11	3
24	12	3
24	13	3
24	14	3
24	15	2
24	16	3
24	17	4
24	18	5
24	19	13
24	20	10
24	21	6
24	22	9
24	23	19
25	0	1
25	4	1
25	5	1
25	6	1
25	8	1
25	11	1
25	15	3
25	16	1
25	21	2
26	1	4
26	2	1
26	8	2
26	10	1
26	14	1
26	15	2
26	16	1
26	17	3
26	18	2
26	19	3
26	20	4
26	22	4
26	24	2
27	3	2
27	4	2
27	5	2
27	6	5
27	7	3
27	8	2
27	9	6
27	10	1
27	11	5
27	12	7
27	13	6
27	14	10
27	15	4
27	16	7
27	17	8
27	18	7
27	19	7
27	20	7
27	21	1
27	22	5
27	23	4
27	24	2
27	26	3
28	1	4
28	2	1
28	3	6
28	4	4
28	5	5
28	6	1
28	7	3
28	8	8
28	9	2
28	10	8
28	11	5
28	12	4
28	13	2
28	14	9
28	15	3
28	16	5
28	17	7
28	18	9
28	19	7
28	20	7
28	21	7
28	22	2
28	23	2
28	24	5
28	26	3
28	27	12
29	1	1
29	2	2
29	3	3
29	4	3
29	5	6
29	7	2
29	8	3
29	9	9
29	10	7
29	11	1
29	12	3
29	13	2
29	14	2
29	15	3
29	16	4
29	17	3
29	18	5
29	19	8
29	20	6
29	21	2
29	22	2
29	23	3
29	24	4
29	27	1
29	28	10
30	0	5
30	1	6
30	2	7
30	3	2
30	4	3
30	5	2
30	6	2
30	7	1
30	8	3
30	9	6
30	10	2
30	11	1
30	12	4
30	13	2
30	14	2
30	15	5
30	16	11
30	17	2
30	18	5
30	19	5
30	20	2
30	21	4
30	22	2
30	23	3
30	24	8
30	26	3
30	27	7
30	28	10
30	29	8
31	1	1
31	2	2
31	3	3
31	4	3
31	5	2
31	8	2
31	9	3
31	10	4
31	11	2
31	13	2
31	14	2
31	15	4
31	16	1
31	17	4
31	18	8
31	19	2
31	20	4
31	21	3
31	22	1
31	23	1
31	24	1
31	26	4
31	27	2
31	28	11
31	29	5
31	30	12
32	0	2
32	4	2
32	5	2
32	6	2
32	8	4
32	9	2
32	10	1
32	11	1
32	12	1
32	13	6
32	14	6
32	15	7
32	16	1
32	17	2
32	18	4
32	19	3
32	20	3
32	21	3
32	22	3
32	23	1
32	24	2
32	26	2
32	27	5
32	28	8
32	29	1
32	30	8
32	31	8
33	1	4
33	2	1
33	3	1
33	4	6
33	5	7
33	6	2
33	7	3
33	8	3
33	9	3
33	10	3
33	11	2
33	12	2
33	13	3
33	14	4
33	15	2
33	16	3
33	17	2
33	18	5
33	19	1
33	20	6
33	21	6
33	22	2
33	23	5
33	24	4
33	26	3
33	27	2
33	28	12
33	29	6
33	30	17
33	31	8
33	32	14
34	1	5
34	2	3
34	3	3
34	4	3
34	5	3
34	6	2
34	7	2
34	8	5
34	9	5
34	10	3
34	11	1
34	12	7
34	13	4
34	14	4
34	15	4
34	16	6
34	17	4
34	18	11
34	19	3
34	20	4
34	21	16
34	22	8
34	23	6
34	24	6
34	25	1
34	26	1
34	27	8
34	28	5
34	29	1
34	30	7
34	31	3
34	32	11
34	33	15
35	1	5
35	2	1
35	3	4
35	4	5
35	5	4
35	6	5
35	7	5
35	8	8
35	9	7
35	10	12
35	11	5
35	12	5
35	13	10
35	14	6
35	15	5
35	16	8
35	17	7
35	18	25
35	19	6
35	20	2
35	21	8
35	22	3
35	23	8
35	24	7
35	26	3
35	27	4
35	28	14
35	29	11
35	30	5
35	31	7
35	32	8
35	33	10
35	34	9
36	0	3
36	1	3
36	2	1
36	3	8
36	4	6
36	5	8
36	6	4
36	7	2
36	8	5
36	9	5
36	10	8
36	11	12
36	12	8
36	13	5
36	14	3
36	15	1
36	16	3
36	17	7
36	18	4
36	19	7
36	20	5
36	21	4
36	22	5
36	24	3
36	26	3
36	27	7
36	28	8
36	29	2
36	30	2
36	31	2
36	32	2
36	33	6
36	34	4
36	35	5
37	1	3
37	2	7
37	3	4
37	4	5
37	5	2
37	6	2
37	7	3
37	8	4
37	9	1
37	10	4
37	11	4
37	12	9
37	13	15
37	14	8
37	15	6
37	16	7
37	17	8
37	18	6
37	19	8
37	20	3
37	21	5
37	22	7
37	23	6
37	24	2
37	25	2
37	26	1
37	27	4
37	28	12
37	29	5
37	30	1
37	31	5
37	32	2
37	33	7
37	34	4
37	35	17
37	36	10
38	0	4
38	1	3
38	2	3
38	3	3
38	4	3
38	5	5
38	6	3
38	8	5
38	9	5
38	10	5
38	11	5
38	12	6
38	13	10
38	14	5
38	15	9
38	16	10
38	17	2
38	18	9
38	19	4
38	20	4
38	21	2
38	22	1
38	23	3
38	24	3
38	25	1
38	26	1
38	27	6
38	28	22
38	29	7
38	30	7
38	31	4
38	32	8
38	33	8
38	34	6
38	35	7
38	36	7
38	37	14
39	1	1
39	2	3
39	3	2
39	5	4
39	6	1
39	7	2
39	8	3
39	9	4
39	10	7
39	11	4
39	12	2
39	13	21
39	14	7
39	15	3
39	16	10
39	17	6
39	18	6
39	19	8
39	20	3
39	21	6
39	22	3
39	23	2
39	24	3
39	26	3
39	27	11
39	28	17
39	29	5
39	30	9
39	31	7
39	32	7
39	33	4
39	34	4
39	35	19
39	36	11
39	37	8
39	38	27
40	1	3
40	2	6
40	3	3
40	4	4
40	5	1
40	6	2
40	7	3
40	8	6
40	9	4
40	10	6
40	11	3
40	12	6
40	13	7
40	14	3
40	15	8
40	16	5
40	17	5
40	18	8
40	19	7
40	20	4
40	21	3
40	22	5
40	23	1
40	24	4
40	25	2
40	26	4
40	27	4
40	28	13
40	29	6
40	30	6
40	31	8
40	32	5
40	33	4
40	34	6
40	35	12
40	36	4
40	37	15
40	38	31
40	39	13
41	1	8
41	2	2
41	3	1
41	4	3
41	5	4
41	6	1
41	7	2
41	8	1
41	9	11
41	10	4
41	11	1
41	12	2
41	13	8
41	14	3
41	15	3
41	16	4
41	17	3
41	18	3
41	19	3
41	20	4
41	21	4
41	23	1
41	24	2
41	25	1
41	26	5
41	27	3
41	28	14
41	29	6
41	30	5
41	31	7
41	32	2
41	33	6
41	34	1
41	35	9
41	36	5
41	37	10
41	38	16
41	39	9
41	40	19
42	0	1
42	3	1
42	4	2
42	5	6
42	6	3
42	7	2
42	8	3
42	9	5
42	10	4
42	11	1
42	12	2
42	13	5
42	14	3
42	15	4
42	16	3
42	17	2
42	18	2
42	19	4
42	20	2
42	21	1
42	22	1
42	23	2
42	24	5
42	26	1
42	27	4
42	28	11
42	29	4
42	30	8
42	31	7
42	32	2
42	33	10
42	34	3
42	35	6
42	36	2
42	37	11
42	38	8
42	39	4
42	40	12
42	41	15
43	1	6
43	2	2
43	3	3
43	4	4
43	5	3
43	6	1
43	7	5
43	8	4
43	9	6
43	10	2
43	11	1
43	12	3
43	13	5
43	14	5
43	15	2
43	17	3
43	18	6
43	19	5
43	20	2
43	21	3
43	22	3
43	23	2
43	24	2
43	26	4
43	27	4
43	28	1
43	29	9
43	30	12
43	31	11
43	32	4
43	33	7
43	34	2
43	35	5
43	36	3
43	37	2
43	38	10
43	39	8
43	40	10
43	41	10
43	42	10
44	0	2
44	1	4
44	2	1
44	3	4
44	4	5
44	5	3
44	6	2
44	7	1
44	8	6
44	9	2
44	10	3
44	11	2
44	13	3
44	14	1
44	16	3
44	17	4
44	18	2
44	19	1
44	20	3
44	21	1
44	26	3
44	27	4
44	28	6
44	29	4
44	30	12
44	31	7
44	32	3
44	33	3
44	34	2
44	35	3
44	36	3
44	37	3
44	38	9
44	40	7
44	41	10
44	42	7
44	43	18
45	1	2
45	2	2
45	3	4
45	4	5
45	5	4
45	6	3
45	7	2
45	8	4
45	9	5
45	10	2
45	11	3
45	13	3
45	14	3
45	17	3
45	18	4
45	19	1
45	20	3
45	24	3
45	26	1
45	27	1
45	28	6
45	29	6
45	30	6
45	31	3
45	33	7
45	34	1
45	35	2
45	36	3
45	37	1
45	38	6
45	39	6
45	40	5
45	41	8
45	42	5
45	43	19
45	44	19
46	1	2
46	2	5
46	3	3
46	4	3
46	5	2
46	7	2
46	8	2
46	9	3
46	10	1
46	11	1
46	12	1
46	13	4
46	14	6
46	15	1
46	18	5
46	19	2
46	21	5
46	22	2
46	26	1
46	28	5
46	29	2
46	30	3
46	31	6
46	32	3
46	33	4
46	34	4
46	35	4
46	36	2
46	38	6
46	39	3
46	40	4
46	41	6
46	42	7
46	43	7
46	44	8
46	45	16
47	1	6
47	2	3
47	3	3
47	4	2
47	5	2
47	7	2
47	8	3
47	9	4
47	10	1
47	11	1
47	12	5
47	13	1
47	14	4
47	15	2
47	16	6
47	17	5
47	18	3
47	19	3
47	20	2
47	24	2
47	27	3
47	28	6
47	29	3
47	30	2
47	31	4
47	32	3
47	33	2
47	34	6
47	35	4
47	36	7
47	37	4
47	38	7
47	39	2
47	40	7
47	41	6
47	42	2
47	43	6
47	44	4
47	45	8
47	46	12
48	1	2
48	2	2
48	3	3
48	4	1
48	8	4
48	10	1
48	11	4
48	12	5
48	13	1
48	15	1
48	22	3
48	25	1
48	28	2
48	30	3
48	31	3
48	35	2
48	36	3
48	37	2
48	38	3
48	39	6
48	40	4
48	42	4
48	43	5
48	44	6
48	45	7
48	46	6
48	47	10
49	0	1
49	1	4
49	2	1
49	3	1
49	4	2
49	5	1
49	6	2
49	7	1
49	8	2
49	9	2
49	10	3
49	11	4
49	12	4
49	13	2
49	14	2
49	15	2
49	16	3
49	17	3
49	18	1
49	19	5
49	20	4
49	21	4
49	23	3
49	24	1
49	27	2
49	28	3
49	29	3
49	30	5
49	31	4
49	32	1
49	33	4
49	34	6
49	35	4
49	36	4
49	37	1
49	38	5
49	39	3
49	40	12
49	41	8
49	42	8
49	43	10
49	44	8
49	45	4
49	46	4
49	47	14
49	48	19
50	1	2
50	3	5
50	4	3
50	5	2
50	8	3
50	9	2
50	10	1
50	12	2
50	14	1
50	15	3
50	18	4
50	22	2
50	23	1
50	27	1
50	28	2
50	30	1
50	31	1
50	36	1
50	37	2
50	38	6
50	39	2
50	40	4
50	41	5
50	42	4
50	43	6
50	44	6
50	45	2
50	46	4
50	47	8
50	48	11
50	49	14
51	1	2
51	4	4
51	8	2
51	9	2
51	10	1
51	11	4
51	12	2
51	13	8
51	14	4
51	15	1
51	16	5
51	17	3
51	18	1
51	19	2
51	20	5
51	23	3
51	26	4
51	27	1
51	28	8
51	30	4
51	31	3
51	32	3
51	33	2
51	34	1
51	35	7
51	36	3
51	38	7
51	39	5
51	40	7
51	41	3
51	42	7
51	43	4
51	44	3
51	45	1
51	46	3
51	47	6
51	48	7
51	49	14
51	50	6
52	4	3
52	7	2
52	8	1
52	9	4
52	10	3
52	11	3
52	12	5
52	13	3
52	14	4
52	15	7
52	16	4
52	17	1
52	18	4
52	19	2
52	21	1
52	23	2
52	24	4
52	27	1
52	28	5
52	29	2
52	30	1
52	31	1
52	32	1
52	33	3
52	34	4
52	35	4
52	36	2
52	37	2
52	38	9
52	39	2
52	40	5
52	41	2
52	42	2
52	43	5
52	44	5
52	45	4
52	46	6
52	47	8
52	48	3
52	49	11
52	50	9
52	51	29
53	1	1
53	3	4
53	4	6
53	5	1
53	6	1
53	7	2
53	8	1
53	9	3
53	10	3
53	11	2
53	12	4
53	13	2
53	14	3
53	15	3
53	16	6
53	17	4
53	18	2
53	19	3
53	20	3
53	22	1
53	24	1
53	26	3
53	27	5
53	28	6
53	29	3
53	30	2
53	31	4
53	32	3
53	33	7
53	34	3
53	35	4
53	36	3
53	37	4
53	38	9
53	39	12
53	40	6
53	41	8
53	42	4
53	43	1
53	44	2
53	45	5
53	46	8
53	47	9
53	48	11
53	49	20
53	50	8
53	51	10
53	52	14
54	0	5
54	1	4
54	2	2
54	3	4
54	4	3
54	5	5
54	6	2
54	7	3
54	8	1
54	9	3
54	10	4
54	11	4
54	13	1
54	14	1
54	15	4
54	17	3
54	18	3
54	19	3
54	20	5
54	23	1
54	26	1
54	27	4
54	28	4
54	29	7
54	30	5
54	31	1
54	32	6
54	33	4
54	35	3
54	36	4
54	37	7
54	38	8
54	39	6
54	40	7
54	41	7
54	42	4
54	43	4
54	44	5
54	45	8
54	46	12
54	47	21
54	48	10
54	49	9
54	50	5
54	51	2
54	52	8
54	53	7
55	0	1
55	1	2
55	2	9
55	3	3
55	4	3
55	5	4
55	8	3
55	9	1
55	10	5
55	11	2
55	12	2
55	13	4
55	14	2
55	15	4
55	16	5
55	17	1
55	18	3
55	19	3
55	20	2
55	21	4
55	22	2
55	24	3
55	27	7
55	28	4
55	29	3
55	30	5
55	31	7
55	32	5
55	33	3
55	34	2
55	35	3
55	36	7
55	37	4
55	38	3
55	39	6
55	40	9
55	41	8
55	42	6
55	43	5
55	44	7
55	45	11
55	46	9
55	47	11
55	48	12
55	49	8
55	50	6
55	51	4
55	52	9
55	53	7
55	54	21
56	3	2
56	4	5
56	5	4
56	6	2
56	8	3
56	9	2
56	10	4
56	11	3
56	12	1
56	13	4
56	15	3
56	17	1
56	18	3
56	19	1
56	20	3
56	21	1
56	23	2
56	26	1
56	27	3
56	28	6
56	29	2
56	30	2
56	31	1
56	32	4
56	33	3
56	34	1
56	35	1
56	37	4
56	38	4
56	39	4
56	40	4
56	41	2
56	42	6
56	43	6
56	44	5
56	45	5
56	46	16
56	47	12
56	48	8
56	49	14
56	50	5
56	51	3
56	52	8
56	53	7
56	54	6
56	55	11
57	0	2
57	2	1
57	4	3
57	6	3
57	8	4
57	9	3
57	10	4
57	11	1
57	12	1
57	13	3
57	14	2
57	15	3
57	16	2
57	18	5
57	19	4
57	22	2
57	23	1
57	24	3
57	25	1
57	27	5
57	28	7
57	29	2
57	30	4
57	31	4
57	32	2
57	33	2
57	34	2
57	35	6
57	36	4
57	37	3
57	38	6
57	39	1
57	40	3
57	41	3
57	42	12
57	43	1
57	44	4
57	45	8
57	46	8
57	47	7
57	48	5
57	49	9
57	50	7
57	51	9
57	52	8
57	53	10
57	54	9
57	55	8
57	56	23
58	0	3
58	1	5
58	4	4
58	8	3
58	9	4
58	10	4
58	12	5
58	13	2
58	14	1
58	15	3
58	17	1
58	18	2
58	19	1
58	20	2
58	23	1
58	26	2
58	27	7
58	28	4
58	29	1
58	30	1
58	31	6
58	32	4
58	33	1
58	34	3
58	35	4
58	36	5
58	37	1
58	38	5
58	39	3
58	40	4
58	41	4
58	42	3
58	43	6
58	44	7
58	45	6
58	46	6
58	47	5
58	48	1
58	49	2
58	51	2
58	53	6
58	54	3
58	55	3
58	56	6
58	57	8
59	1	2
59	2	1
59	3	3
59	4	1
59	5	6
59	8	4
59	9	3
59	10	3
59	11	5
59	12	4
59	13	4
59	14	2
59	15	2
59	16	6
59	17	4
59	18	2
59	19	4
59	20	3
59	21	2
59	24	2
59	26	2
59	27	5
59	28	5
59	29	3
59	30	3
59	31	14
59	32	5
59	33	7
59	34	3
59	35	5
59	36	5
59	37	5
59	38	7
59	39	4
59	40	8
59	41	6
59	42	11
59	43	10
59	44	6
59	45	10
59	46	9
59	47	4
59	48	5
59	49	6
59	50	6
59	51	8
59	52	8
59	53	6
59	54	8
59	55	5
59	56	10
59	57	8
59	58	9
60	0	3
60	1	3
60	2	4
60	3	2
60	4	6
60	5	3
60	6	1
60	8	3
60	9	3
60	10	9
60	11	3
60	12	4
60	13	7
60	14	8
60	15	4
60	16	5
60	17	6
60	18	5
60	19	2
60	20	5
60	22	4
60	24	7
60	26	3
60	27	8
60	28	7
60	29	3
60	30	4
60	31	3
60	32	5
60	33	5
60	34	6
60	35	6
60	36	4
60	37	4
60	38	11
60	39	8
60	40	11
60	41	5
60	42	7
60	43	4
60	44	3
60	45	5
60	46	4
60	47	9
60	48	4
60	49	13
60	50	12
60	51	20
60	52	26
60	53	22
60	54	8
60	55	6
60	56	3
60	57	10
60	58	5
60	59	7
