1	0	19
2	0	7
2	1	19
3	0	5
3	1	14
3	2	8
4	0	4
4	1	5
4	2	6
4	3	6
5	0	4
5	1	5
5	2	6
5	3	10
5	4	15
6	1	3
6	2	4
6	3	11
6	4	12
6	5	8
7	1	3
7	2	3
7	3	2
7	4	7
7	5	7
7	6	10
8	0	3
8	1	5
8	2	5
8	3	7
8	4	27
8	5	13
8	6	10
8	7	18
9	0	5
9	1	9
9	2	6
9	3	8
9	4	23
9	5	2
9	6	7
9	7	9
9	8	8
10	1	3
10	2	1
10	3	6
10	4	14
10	5	3
10	6	3
10	7	9
10	8	9
10	9	16
11	0	1
11	2	5
11	3	3
11	4	4
11	5	2
11	6	5
11	7	6
11	8	5
11	9	3
11	10	12
12	1	6
12	2	4
12	3	3
12	4	5
12	5	7
12	6	3
12	7	4
12	8	4
12	9	10
12	10	27
12	11	15
13	0	3
13	1	5
13	2	1
13	3	7
13	4	8
13	5	4
13	6	2
13	7	6
13	8	10
13	9	10
13	10	9
13	11	3
13	12	5
14	1	1
14	2	3
14	3	2
14	4	1
14	5	1
14	6	5
14	7	1
14	8	2
14	9	6
14	10	5
14	11	2
14	12	1
14	13	13
15	0	1
15	2	2
15	3	2
15	4	4
15	5	2
15	6	3
15	7	2
15	8	6
15	9	3
15	10	4
15	11	1
15	12	3
15	13	7
15	14	16
16	1	1
16	2	2
16	3	2
16	4	4
16	5	3
16	6	3
16	7	2
16	8	5
16	9	4
16	10	5
16	11	5
16	12	5
16	13	11
16	14	18
16	15	11
17	2	3
17	3	3
17	4	6
17	5	5
17	6	4
17	7	2
17	8	6
17	9	4
17	10	7
17	11	5
17	12	8
17	13	9
17	14	8
17	15	9
17	16	17
18	0	4
18	1	3
18	2	1
18	3	7
18	4	3
18	5	5
18	6	3
18	7	7
18	8	6
18	9	6
18	10	5
18	11	1
18	12	1
18	13	9
18	14	4
18	15	4
18	16	8
18	17	6
19	0	2
19	1	2
19	2	2
19	3	2
19	4	8
19	5	7
19	6	7
19	7	8
19	8	7
19	9	9
19	10	6
19	11	6
19	12	7
19	13	6
19	14	10
19	15	5
19	16	6
19	17	9
19	18	8
20	1	3
20	2	5
20	3	6
20	4	11
20	5	4
20	6	5
20	7	4
20	8	4
20	9	8
20	10	5
20	11	5
20	12	6
20	13	3
20	14	2
20	15	3
20	16	4
20	17	7
20	18	7
20	19	14
21	0	2
21	2	2
21	3	3
21	4	2
21	5	4
21	6	8
21	7	2
21	8	6
21	9	3
21	10	8
21	11	4
21	12	6
21	13	4
21	15	1
21	16	7
21	17	7
21	18	11
21	19	9
21	20	21
22	1	2
22	2	2
22	3	4
22	4	10
22	5	8
22	6	8
22	7	8
22	8	4
22	9	4
22	10	3
22	11	4
22	12	4
22	13	7
22	14	2
22	15	2
22	16	2
22	17	1
22	18	9
22	19	13
22	20	16
22	21	12
23	0	1
23	3	5
23	4	1
23	5	1
23	6	2
23	7	2
23	8	5
23	9	1
23	10	1
23	11	3
23	12	4
23	13	7
23	14	3
23	15	1
23	16	2
23	17	7
23	18	5
23	19	6
23	20	3
23	21	4
23	22	10
24	1	2
24	2	3
24	3	2
24	4	3
24	5	6
24	6	9
24	7	4
24	8	4
24	9	3
24	10	5
24	12	1
24	13	3
24	14	3
24	15	1
24	16	3
24	17	3
24	18	2
24	19	8
24	20	1
24	21	8
24	22	9
24	23	16
25	3	1
25	5	2
25	8	1
25	16	1
25	19	1
25	21	1
25	22	1
26	1	1
26	2	4
26	3	2
26	6	3
26	8	1
26	10	4
26	13	3
26	14	7
26	15	4
26	16	1
26	17	5
26	18	2
26	19	3
26	20	1
26	22	5
27	3	3
27	4	3
27	5	2
27	6	1
27	7	1
27	8	8
27	9	4
27	10	1
27	11	4
27	12	1
27	13	5
27	14	7
27	15	3
27	16	8
27	17	4
27	18	6
27	19	7
27	20	4
27	21	8
27	22	3
27	23	1
27	24	4
27	26	6
28	0	3
28	1	2
28	2	1
28	3	2
28	4	3
28	5	7
28	6	5
28	7	6
28	8	5
28	9	4
28	10	6
28	11	7
28	12	2
28	13	10
28	14	9
28	15	3
28	16	3
28	17	6
28	18	10
28	19	6
28	20	6
28	21	6
28	22	7
28	23	8
28	24	1
28	26	4
28	27	15
29	1	4
29	2	1
29	3	4
29	4	5
29	5	2
29	6	2
29	7	1
29	8	4
29	9	5
29	10	1
29	11	4
29	12	7
29	13	2
29	14	2
29	16	3
29	17	5
29	18	5
29	19	3
29	20	3
29	21	3
29	22	3
29	24	2
29	27	3
29	28	6
30	0	2
30	1	5
30	2	4
30	3	3
30	4	7
30	5	6
30	6	4
30	7	3
30	8	3
30	9	1
30	10	8
30	11	4
30	12	2
30	13	5
30	14	1
30	15	6
30	16	2
30	17	2
30	18	3
30	19	2
30	20	4
30	21	9
30	22	4
30	23	3
30	24	2
30	26	6
30	27	3
30	28	2
30	29	8
31	3	2
31	4	1
31	5	3
31	8	1
31	9	4
31	10	3
31	11	1
31	12	5
31	13	3
31	14	5
31	15	1
31	16	2
31	17	1
31	18	1
31	19	3
31	21	1
31	22	2
31	24	1
31	26	3
31	27	5
31	28	9
31	29	4
31	30	16
32	0	1
32	1	1
32	2	2
32	4	2
32	5	1
32	6	3
32	8	2
32	9	1
32	10	3
32	12	2
32	13	2
32	14	4
32	15	1
32	16	1
32	17	2
32	18	7
32	19	2
32	21	4
32	22	1
32	23	5
32	24	4
32	26	1
32	27	7
32	28	9
32	29	5
32	30	4
32	31	11
33	2	3
33	3	5
33	4	2
33	5	5
33	6	3
33	7	3
33	8	5
33	9	5
33	10	3
33	11	3
33	12	2
33	13	3
33	14	3
33	15	4
33	16	4
33	17	1
33	18	2
33	19	7
33	20	8
33	21	6
33	22	5
33	23	5
33	24	7
33	26	8
33	27	5
33	28	13
33	29	4
33	30	10
33	31	10
33	32	13
34	0	3
34	1	2
34	2	3
34	3	3
34	4	7
34	5	6
34	6	2
34	7	6
34	8	3
34	9	9
34	10	3
34	11	3
34	13	2
34	14	6
34	15	4
34	16	2
34	17	3
34	18	5
34	19	5
34	20	8
34	21	10
34	22	5
34	23	7
34	24	10
34	25	2
34	26	2
34	27	8
34	28	6
34	29	5
34	30	7
34	31	6
34	32	8
34	33	8
35	1	6
35	2	5
35	3	1
35	4	5
35	5	3
35	6	3
35	7	1
35	8	4
35	9	4
35	10	4
35	11	1
35	12	4
35	13	14
35	14	6
35	15	6
35	16	7
35	17	3
35	18	21
35	19	9
35	20	11
35	21	9
35	22	3
35	23	6
35	24	5
35	26	9
35	27	5
35	28	17
35	29	3
35	30	9
35	31	4
35	32	4
35	33	6
35	34	15
36	1	4
36	2	3
36	3	3
36	4	1
36	5	8
36	6	9
36	7	3
36	8	5
36	9	5
36	10	4
36	11	3
36	12	7
36	13	7
36	15	5
36	16	3
36	17	3
36	19	5
36	20	2
36	21	5
36	22	2
36	24	5
36	26	1
36	27	1
36	28	3
36	29	8
36	30	6
36	31	3
36	32	4
36	33	3
36	34	6
36	35	11
37	0	4
37	1	2
37	2	3
37	3	1
37	4	4
37	5	5
37	6	3
37	7	3
37	8	1
37	9	4
37	10	7
37	11	4
37	12	6
37	13	17
37	14	3
37	15	5
37	16	6
37	17	4
37	18	3
37	19	11
37	20	10
37	21	8
37	22	2
37	23	9
37	24	5
37	25	1
37	26	6
37	27	3
37	28	8
37	29	6
37	30	3
37	31	7
37	32	5
37	33	3
37	34	5
37	35	22
37	36	8
38	0	2
38	1	3
38	2	7
38	3	4
38	4	9
38	5	6
38	6	4
38	7	2
38	8	4
38	9	4
38	10	4
38	11	3
38	12	5
38	13	12
38	14	8
38	15	9
38	16	5
38	17	5
38	18	5
38	19	6
38	20	10
38	21	4
38	22	2
38	23	4
38	24	3
38	25	2
38	26	6
38	27	5
38	28	19
38	29	7
38	30	8
38	31	14
38	32	10
38	33	6
38	34	8
38	35	20
38	36	9
38	37	15
39	1	1
39	3	2
39	4	5
39	5	7
39	6	1
39	7	4
39	8	6
39	9	9
39	10	7
39	11	6
39	12	7
39	13	13
39	14	5
39	15	4
39	16	7
39	17	8
39	18	2
39	19	3
39	20	3
39	21	1
39	22	4
39	23	3
39	24	5
39	26	1
39	27	5
39	28	12
39	29	5
39	30	6
39	31	5
39	32	4
39	33	1
39	34	7
39	35	10
39	36	9
39	37	26
39	38	26
40	1	5
40	2	5
40	3	3
40	4	4
40	5	9
40	6	2
40	7	1
40	8	4
40	9	2
40	10	8
40	11	3
40	12	3
40	13	8
40	14	3
40	15	4
40	16	7
40	17	5
40	18	4
40	19	7
40	20	1
40	21	4
40	22	2
40	24	6
40	26	3
40	27	6
40	28	21
40	29	9
40	30	10
40	31	3
40	32	7
40	33	7
40	34	4
40	35	10
40	36	3
40	37	10
40	38	21
40	39	19
41	1	1
41	2	3
41	3	2
41	4	6
41	5	4
41	6	2
41	7	3
41	8	5
41	9	3
41	10	6
41	11	3
41	12	4
41	13	8
41	14	4
41	15	2
41	16	9
41	17	5
41	18	2
41	19	1
41	20	2
41	21	6
41	22	8
41	23	1
41	24	2
41	25	1
41	26	2
41	28	10
41	29	3
41	30	7
41	31	13
41	32	6
41	33	6
41	34	2
41	35	9
41	36	3
41	37	3
41	38	21
41	39	13
41	40	31
42	4	3
42	5	4
42	6	2
42	7	1
42	8	2
42	9	7
42	10	4
42	11	4
42	12	1
42	13	5
42	14	1
42	15	6
42	16	4
42	17	3
42	18	2
42	19	4
42	20	1
42	21	2
42	22	3
42	23	3
42	24	2
42	26	1
42	27	2
42	28	12
42	29	5
42	30	11
42	31	8
42	32	2
42	33	5
42	34	3
42	35	4
42	36	5
42	37	1
42	38	18
42	39	6
42	40	10
42	41	12
43	1	5
43	2	1
43	3	2
43	4	3
43	5	5
43	6	1
43	7	1
43	8	2
43	9	8
43	10	2
43	11	2
43	12	1
43	13	3
43	14	3
43	15	1
43	18	2
43	19	3
43	20	1
43	21	1
43	22	2
43	24	3
43	25	1
43	26	5
43	27	6
43	28	2
43	29	6
43	30	7
43	31	9
43	32	8
43	33	4
43	34	4
43	35	4
43	36	1
43	37	3
43	38	5
43	39	8
43	40	9
43	41	8
43	42	14
44	0	2
44	1	3
44	2	2
44	3	1
44	4	1
44	5	6
44	7	3
44	8	4
44	9	5
44	10	1
44	11	1
44	12	2
44	13	6
44	14	6
44	16	4
44	17	1
44	18	2
44	19	1
44	20	4
44	21	1
44	26	4
44	27	2
44	28	2
44	29	8
44	30	13
44	31	7
44	32	6
44	33	4
44	34	2
44	35	3
44	36	2
44	37	2
44	38	3
44	39	2
44	40	9
44	41	4
44	42	5
44	43	11
45	0	2
45	1	2
45	3	2
45	4	7
45	5	3
45	6	2
45	7	4
45	8	1
45	9	5
45	10	3
45	11	1
45	12	1
45	13	3
45	14	7
45	17	2
45	19	2
45	20	1
45	24	1
45	25	1
45	26	1
45	27	4
45	28	7
45	29	2
45	30	5
45	31	6
45	32	1
45	33	6
45	34	6
45	35	3
45	36	2
45	37	2
45	38	7
45	39	8
45	40	3
45	41	7
45	42	5
45	43	16
45	44	23
46	0	2
46	1	2
46	2	3
46	3	2
46	4	3
46	5	2
46	7	1
46	8	1
46	9	3
46	10	2
46	11	3
46	12	2
46	13	7
46	14	3
46	15	1
46	18	5
46	19	2
46	21	1
46	22	4
46	26	1
46	27	1
46	28	4
46	29	4
46	30	5
46	31	6
46	32	5
46	33	3
46	35	4
46	36	1
46	37	5
46	38	2
46	39	5
46	40	6
46	41	5
46	42	5
46	43	15
46	44	14
46	45	19
47	1	5
47	2	1
47	3	2
47	4	1
47	5	4
47	7	1
47	8	2
47	9	5
47	10	1
47	11	1
47	12	3
47	13	1
47	14	2
47	15	1
47	16	2
47	17	1
47	19	3
47	20	3
47	23	1
47	24	2
47	27	3
47	28	9
47	29	1
47	30	2
47	31	3
47	32	1
47	33	3
47	34	2
47	35	1
47	36	3
47	37	3
47	38	5
47	39	3
47	40	6
47	41	5
47	42	2
47	43	4
47	44	7
47	45	6
47	46	12
48	0	1
48	1	7
48	2	3
48	3	1
48	4	1
48	6	2
48	7	1
48	8	4
48	10	4
48	11	3
48	12	2
48	13	1
48	14	1
48	15	2
48	19	5
48	20	2
48	24	1
48	27	2
48	28	3
48	30	2
48	31	5
48	35	3
48	36	1
48	37	5
48	38	8
48	39	4
48	40	1
48	41	5
48	42	1
48	43	2
48	44	7
48	45	2
48	46	5
48	47	19
49	0	3
49	1	6
49	2	4
49	3	3
49	4	4
49	5	4
49	6	1
49	8	3
49	9	2
49	10	5
49	11	2
49	12	6
49	13	5
49	14	4
49	15	5
49	16	1
49	17	3
49	18	5
49	19	5
49	20	2
49	21	4
49	23	5
49	24	1
49	27	2
49	28	5
49	29	5
49	30	4
49	31	2
49	32	3
49	33	3
49	34	3
49	36	4
49	37	3
49	38	6
49	39	4
49	40	6
49	41	9
49	42	6
49	43	6
49	44	4
49	45	6
49	46	8
49	47	16
49	48	15
50	1	5
50	3	2
50	5	2
50	8	1
50	9	5
50	10	1
50	12	2
50	13	6
50	14	1
50	15	4
50	18	1
50	22	4
50	23	3
50	26	1
50	27	2
50	28	1
50	29	1
50	31	3
50	32	1
50	37	3
50	38	3
50	39	6
50	40	3
50	41	3
50	42	2
50	43	2
50	44	3
50	45	2
50	47	5
50	48	7
50	49	20
51	4	2
51	5	4
51	7	2
51	8	1
51	9	3
51	10	4
51	11	5
51	12	2
51	13	5
51	14	5
51	15	11
51	16	4
51	17	4
51	19	4
51	20	3
51	23	2
51	24	7
51	26	1
51	27	3
51	28	5
51	29	1
51	30	4
51	32	2
51	33	4
51	34	5
51	35	2
51	36	3
51	37	5
51	38	6
51	39	5
51	40	4
51	41	6
51	42	2
51	43	6
51	44	1
51	45	4
51	46	4
51	47	8
51	48	4
51	49	11
51	50	13
52	0	3
52	4	2
52	7	5
52	8	2
52	9	3
52	10	2
52	11	1
52	12	7
52	13	5
52	14	1
52	15	6
52	16	5
52	17	1
52	18	4
52	19	4
52	20	1
52	21	1
52	23	4
52	24	2
52	27	2
52	28	3
52	29	3
52	30	1
52	31	5
52	32	2
52	35	3
52	36	5
52	37	4
52	38	10
52	39	7
52	40	8
52	41	5
52	42	3
52	43	3
52	44	3
52	46	4
52	47	11
52	48	3
52	49	12
52	50	11
52	51	26
53	2	2
53	3	3
53	4	3
53	5	2
53	6	3
53	7	1
53	8	8
53	9	2
53	10	3
53	11	4
53	12	4
53	13	6
53	14	4
53	15	1
53	16	3
53	17	3
53	18	4
53	19	1
53	20	3
53	22	1
53	24	2
53	26	1
53	27	3
53	28	6
53	29	7
53	31	2
53	32	1
53	33	3
53	34	4
53	35	7
53	36	1
53	37	2
53	38	7
53	39	7
53	40	5
53	41	6
53	42	3
53	43	4
53	44	6
53	45	5
53	46	5
53	47	12
53	48	4
53	49	15
53	50	8
53	51	16
53	52	21
54	0	2
54	1	3
54	2	3
54	3	5
54	4	4
54	5	2
54	6	4
54	8	2
54	9	3
54	10	3
54	11	4
54	12	4
54	13	1
54	14	3
54	15	1
54	16	3
54	17	1
54	18	3
54	19	4
54	20	1
54	26	2
54	27	4
54	28	5
54	29	4
54	30	1
54	31	2
54	32	7
54	33	2
54	34	4
54	35	1
54	36	5
54	37	2
54	38	3
54	39	5
54	40	7
54	41	2
54	42	2
54	43	7
54	44	5
54	45	12
54	46	9
54	47	11
54	48	11
54	49	13
54	50	5
54	51	4
54	52	7
54	53	7
55	0	2
55	1	2
55	2	3
55	3	5
55	4	4
55	5	3
55	8	2
55	9	3
55	10	2
55	11	4
55	12	2
55	13	1
55	14	4
55	15	4
55	16	2
55	17	2
55	18	6
55	19	3
55	20	2
55	21	3
55	22	1
55	24	3
55	27	7
55	28	8
55	29	3
55	30	6
55	31	6
55	32	6
55	33	1
55	34	2
55	35	3
55	36	5
55	37	5
55	38	6
55	39	10
55	40	5
55	41	6
55	42	5
55	43	13
55	44	5
55	45	3
55	46	9
55	47	16
55	48	4
55	49	6
55	50	6
55	51	1
55	52	8
55	53	4
55	54	25
56	3	2
56	4	1
56	5	2
56	6	2
56	8	3
56	9	2
56	10	4
56	11	2
56	12	2
56	13	4
56	15	3
56	17	3
56	18	1
56	19	4
56	23	1
56	26	3
56	27	2
56	28	7
56	29	2
56	30	5
56	31	1
56	32	3
56	33	3
56	34	4
56	35	4
56	36	3
56	37	2
56	38	5
56	39	2
56	40	8
56	41	4
56	42	3
56	43	6
56	44	2
56	45	7
56	46	15
56	47	7
56	48	6
56	49	11
56	50	6
56	51	4
56	52	3
56	53	5
56	54	11
56	55	11
57	2	1
57	3	3
57	4	1
57	6	5
57	8	2
57	9	3
57	11	1
57	12	3
57	13	3
57	14	3
57	15	4
57	16	1
57	17	3
57	18	3
57	19	3
57	22	3
57	23	1
57	24	1
57	25	2
57	27	5
57	28	4
57	29	2
57	30	3
57	31	2
57	32	1
57	33	4
57	34	5
57	35	7
57	36	2
57	37	3
57	38	4
57	39	6
57	40	3
57	41	4
57	42	3
57	43	5
57	44	2
57	45	7
57	46	7
57	47	9
57	48	6
57	49	14
57	50	6
57	51	6
57	52	8
57	53	9
57	54	7
57	55	8
57	56	18
58	0	2
58	1	1
58	4	4
58	8	1
58	9	1
58	10	1
58	12	3
58	13	2
58	14	3
58	17	2
58	18	3
58	19	4
58	23	1
58	24	4
58	25	1
58	26	2
58	27	4
58	28	5
58	29	1
58	30	5
58	31	3
58	32	6
58	33	3
58	34	1
58	35	4
58	36	2
58	37	3
58	38	8
58	39	4
58	40	3
58	41	5
58	42	8
58	43	4
58	44	2
58	45	4
58	46	8
58	47	3
58	48	8
58	49	6
58	50	3
58	51	5
58	52	6
58	53	5
58	54	3
58	55	7
58	56	7
58	57	11
59	1	1
59	2	4
59	3	1
59	4	4
59	5	3
59	8	3
59	9	6
59	10	3
59	11	3
59	12	3
59	13	8
59	14	4
59	15	3
59	16	5
59	17	3
59	18	1
59	19	3
59	20	3
59	21	5
59	22	2
59	24	3
59	26	1
59	27	7
59	28	8
59	29	4
59	30	10
59	31	7
59	32	7
59	33	4
59	34	7
59	35	2
59	36	2
59	37	6
59	38	8
59	39	7
59	40	3
59	41	7
59	42	10
59	43	12
59	44	9
59	45	4
59	46	6
59	47	6
59	48	3
59	49	8
59	50	3
59	51	5
59	52	7
59	53	10
59	54	8
59	55	6
59	56	13
59	57	6
59	58	12
60	1	4
60	2	3
60	3	4
60	4	3
60	5	3
60	6	4
60	7	3
60	8	3
60	9	5
60	10	3
60	11	1
60	12	3
60	13	6
60	14	7
60	15	5
60	16	7
60	17	3
60	18	5
60	19	7
60	20	1
60	21	2
60	22	3
60	24	5
60	26	4
60	27	6
60	28	9
60	29	4
60	30	5
60	31	5
60	32	3
60	33	5
60	34	3
60	35	6
60	36	4
60	37	5
60	38	11
60	39	17
60	40	9
60	41	9
60	42	7
60	43	3
60	44	3
60	45	4
60	46	2
60	47	6
60	48	3
60	49	9
60	50	7
60	51	19
60	52	25
60	53	16
60	54	5
60	55	8
60	56	5
60	57	9
60	58	16
60	59	8
