1	0	15
2	0	9
2	1	18
3	0	9
3	1	9
3	2	12
4	0	2
4	1	7
4	2	9
4	3	13
5	0	3
5	1	3
5	2	4
5	3	1
5	4	27
6	1	2
6	2	3
6	3	4
6	4	13
6	5	14
7	1	4
7	2	2
7	3	5
7	4	8
7	5	5
7	6	20
8	0	3
8	1	3
8	2	3
8	3	6
8	4	18
8	5	17
8	6	15
8	7	5
9	0	2
9	1	4
9	2	2
9	3	4
9	4	18
9	5	7
9	6	3
9	7	6
9	8	14
10	0	3
10	1	5
10	2	4
10	3	6
10	4	8
10	5	8
10	6	8
10	7	4
10	8	6
10	9	12
11	0	1
11	1	2
11	2	4
11	3	4
11	4	3
11	5	5
11	6	1
11	7	3
11	8	3
11	9	12
11	10	17
12	1	7
12	2	3
12	3	2
12	4	3
12	5	4
12	6	2
12	7	7
12	8	9
12	9	7
12	10	17
12	11	18
13	0	1
13	2	3
13	3	4
13	4	4
13	5	5
13	6	4
13	7	5
13	8	5
13	9	6
13	10	7
13	11	5
13	12	9
14	1	2
14	2	2
14	3	3
14	4	4
14	5	4
14	6	3
14	7	3
14	8	4
14	9	1
14	10	3
14	12	6
14	13	11
15	0	3
15	2	1
15	3	2
15	4	6
15	5	3
15	6	3
15	7	5
15	8	3
15	9	4
15	10	5
15	11	5
15	12	2
15	13	6
15	14	9
16	1	4
16	2	3
16	3	1
16	4	2
16	5	3
16	6	2
16	7	1
16	8	3
16	9	6
16	10	5
16	11	3
16	12	6
16	13	7
16	14	12
16	15	8
17	1	3
17	2	2
17	3	4
17	4	1
17	5	3
17	6	3
17	7	5
17	8	3
17	9	7
17	10	7
17	11	7
17	12	6
17	13	8
17	14	11
17	15	4
17	16	17
18	0	2
18	1	4
18	2	3
18	3	1
18	4	3
18	5	2
18	6	3
18	7	1
18	8	6
18	9	1
18	10	3
18	11	3
18	12	8
18	13	8
18	14	4
18	15	4
18	16	8
18	17	9
19	0	1
19	1	2
19	2	2
19	3	4
19	4	5
19	5	5
19	6	1
19	7	4
19	8	13
19	9	4
19	10	4
19	11	4
19	12	11
19	13	8
19	14	5
19	15	2
19	16	11
19	17	25
19	18	19
20	1	1
20	2	3
20	3	2
20	4	7
20	5	8
20	6	7
20	7	6
20	8	12
20	9	6
20	10	2
20	11	2
20	12	2
20	13	6
20	14	3
20	15	4
20	16	5
20	17	7
20	18	12
20	19	25
21	0	1
21	1	4
21	2	2
21	3	4
21	4	4
21	5	3
21	6	7
21	8	7
21	9	7
21	10	4
21	11	5
21	12	1
21	13	2
21	14	2
21	15	4
21	16	13
21	17	5
21	18	6
21	19	8
21	20	26
22	1	2
22	2	3
22	3	3
22	5	5
22	6	3
22	7	5
22	8	7
22	9	5
22	10	1
22	11	3
22	12	3
22	13	5
22	14	1
22	15	3
22	16	5
22	17	1
22	18	13
22	19	7
22	20	10
22	21	14
23	0	2
23	1	3
23	3	1
23	4	2
23	5	1
23	6	2
23	7	6
23	8	4
23	9	4
23	10	3
23	11	2
23	12	4
23	13	5
23	14	5
23	15	5
23	16	5
23	17	2
23	18	4
23	19	5
23	20	6
23	21	6
23	22	9
24	1	3
24	2	2
24	3	4
24	4	1
24	5	11
24	6	4
24	7	2
24	8	3
24	9	2
24	10	5
24	11	1
24	12	6
24	13	7
24	14	2
24	15	3
24	17	4
24	18	5
24	19	2
24	20	8
24	21	5
24	22	8
24	23	14
25	5	2
25	6	1
25	8	1
25	11	1
25	12	1
25	15	1
25	16	1
26	1	2
26	2	1
26	3	1
26	6	2
26	8	1
26	10	4
26	13	3
26	14	2
26	15	5
26	17	1
26	18	1
26	19	5
26	20	1
26	22	3
26	24	1
27	3	3
27	4	3
27	5	2
27	6	9
27	7	6
27	8	3
27	9	1
27	10	3
27	11	3
27	12	3
27	13	2
27	14	6
27	15	6
27	16	9
27	17	4
27	18	3
27	19	5
27	20	5
27	21	3
27	22	4
27	23	3
27	24	3
27	25	1
27	26	2
28	0	1
28	1	3
28	2	4
28	3	4
28	4	3
28	5	5
28	6	3
28	7	4
28	8	5
28	9	11
28	10	5
28	11	2
28	12	9
28	13	9
28	14	5
28	15	5
28	16	7
28	17	6
28	18	7
28	19	5
28	20	8
28	21	7
28	22	5
28	23	5
28	24	4
28	26	7
28	27	10
29	1	3
29	2	4
29	3	2
29	4	9
29	5	3
29	6	2
29	7	3
29	8	4
29	9	3
29	10	5
29	11	1
29	12	1
29	13	2
29	14	5
29	17	6
29	18	6
29	19	4
29	20	2
29	21	3
29	22	6
29	23	4
29	24	4
29	27	3
29	28	7
30	0	2
30	1	4
30	2	4
30	3	2
30	4	4
30	5	3
30	7	1
30	8	6
30	9	8
30	10	7
30	11	4
30	12	1
30	13	6
30	14	4
30	15	2
30	16	3
30	17	5
30	18	4
30	19	2
30	20	2
30	21	5
30	22	2
30	23	2
30	24	5
30	26	1
30	27	1
30	28	6
30	29	9
31	1	3
31	2	4
31	3	2
31	4	4
31	5	5
31	8	3
31	9	1
31	10	5
31	12	2
31	13	2
31	14	2
31	15	5
31	16	6
31	17	1
31	18	3
31	19	5
31	20	8
31	21	2
31	22	2
31	23	4
31	24	3
31	26	2
31	27	8
31	28	8
31	29	8
31	30	12
32	1	2
32	2	1
32	4	6
32	5	2
32	6	2
32	8	4
32	9	4
32	10	4
32	11	3
32	12	4
32	13	3
32	14	2
32	15	2
32	16	1
32	17	3
32	18	5
32	19	1
32	20	4
32	21	6
32	22	8
32	23	3
32	24	2
32	26	3
32	27	7
32	28	9
32	29	1
32	30	12
32	31	8
33	1	4
33	2	2
33	3	2
33	4	4
33	5	5
33	6	3
33	7	4
33	8	6
33	9	5
33	10	5
33	11	3
33	12	1
33	13	4
33	14	2
33	15	3
33	16	2
33	17	2
33	18	7
33	19	6
33	20	7
33	21	7
33	22	4
33	23	4
33	24	4
33	26	5
33	27	2
33	28	10
33	29	5
33	30	10
33	31	4
33	32	13
34	0	1
34	1	3
34	2	3
34	3	2
34	4	3
34	5	6
34	7	3
34	8	7
34	9	3
34	10	2
34	11	1
34	12	5
34	14	3
34	15	2
34	16	3
34	17	5
34	18	5
34	19	4
34	20	6
34	21	7
34	22	7
34	23	4
34	24	5
34	25	1
34	26	5
34	27	7
34	28	3
34	29	3
34	30	8
34	31	5
34	32	8
34	33	15
35	0	1
35	1	5
35	2	2
35	3	4
35	4	8
35	5	5
35	6	2
35	7	4
35	8	4
35	9	6
35	10	9
35	11	4
35	12	7
35	13	7
35	14	5
35	15	2
35	16	13
35	17	9
35	18	15
35	19	7
35	20	8
35	21	11
35	22	6
35	23	5
35	24	4
35	26	3
35	27	6
35	28	18
35	29	14
35	30	7
35	31	3
35	32	8
35	33	8
35	34	16
36	0	2
36	1	1
36	2	6
36	3	6
36	4	8
36	5	4
36	6	4
36	7	1
36	8	8
36	9	4
36	10	3
36	11	7
36	12	1
36	13	7
36	14	1
36	15	4
36	16	3
36	17	3
36	18	5
36	19	13
36	20	2
36	21	2
36	22	3
36	24	3
36	25	1
36	26	3
36	27	2
36	28	2
36	29	5
36	30	4
36	31	5
36	32	3
36	33	4
36	34	3
36	35	10
37	0	6
37	1	3
37	2	3
37	3	4
37	4	1
37	5	2
37	6	2
37	7	2
37	8	4
37	9	4
37	10	5
37	11	5
37	12	3
37	13	9
37	14	3
37	15	3
37	16	9
37	17	9
37	18	9
37	19	1
37	20	7
37	21	7
37	23	1
37	24	3
37	25	2
37	26	1
37	27	12
37	28	14
37	29	2
37	30	5
37	31	4
37	32	2
37	33	5
37	34	3
37	35	20
37	36	9
38	0	1
38	1	2
38	2	2
38	3	8
38	4	1
38	5	5
38	6	2
38	7	3
38	8	4
38	9	6
38	10	3
38	11	5
38	12	5
38	13	23
38	14	8
38	15	6
38	16	4
38	17	9
38	18	7
38	19	5
38	20	7
38	21	10
38	22	4
38	23	4
38	24	5
38	26	4
38	27	13
38	28	24
38	29	3
38	30	5
38	31	8
38	32	7
38	33	7
38	34	4
38	35	12
38	36	3
38	37	14
39	1	4
39	2	2
39	3	2
39	4	4
39	5	2
39	6	2
39	7	5
39	8	1
39	9	3
39	10	4
39	11	7
39	12	5
39	13	14
39	14	8
39	15	6
39	16	7
39	17	7
39	18	4
39	19	3
39	20	5
39	21	3
39	22	3
39	23	3
39	24	6
39	26	4
39	27	7
39	28	13
39	29	4
39	30	4
39	31	5
39	32	5
39	33	7
39	34	5
39	35	10
39	36	9
39	37	17
39	38	25
40	1	1
40	2	7
40	3	1
40	4	6
40	5	2
40	6	4
40	7	1
40	8	5
40	9	6
40	10	3
40	11	3
40	12	5
40	13	4
40	14	3
40	15	6
40	16	3
40	17	2
40	18	11
40	19	7
40	20	4
40	21	2
40	22	2
40	23	3
40	24	1
40	26	3
40	27	9
40	28	17
40	29	10
40	30	8
40	31	8
40	32	7
40	33	3
40	34	2
40	35	16
40	36	4
40	37	8
40	38	28
40	39	17
41	1	2
41	2	3
41	4	7
41	5	5
41	6	1
41	7	2
41	8	2
41	9	6
41	10	3
41	11	5
41	12	5
41	13	4
41	14	2
41	15	6
41	16	4
41	17	3
41	18	8
41	19	4
41	20	6
41	21	4
41	22	4
41	23	2
41	24	6
41	26	1
41	27	4
41	28	15
41	29	8
41	30	13
41	31	7
41	32	10
41	33	2
41	34	7
41	35	8
41	36	2
41	37	3
41	38	17
41	39	9
41	40	34
42	0	4
42	4	3
42	5	4
42	7	1
42	8	2
42	9	2
42	10	3
42	11	3
42	12	3
42	13	1
42	14	4
42	15	3
42	16	4
42	17	3
42	18	1
42	19	4
42	20	2
42	21	1
42	22	3
42	23	2
42	24	2
42	26	6
42	27	3
42	28	4
42	29	3
42	30	7
42	31	4
42	32	5
42	33	3
42	34	7
42	35	5
42	36	5
42	37	4
42	38	11
42	39	10
42	40	5
42	41	16
43	0	3
43	1	3
43	2	4
43	3	1
43	4	6
43	5	7
43	6	1
43	7	1
43	8	5
43	9	4
43	10	3
43	12	2
43	13	5
43	14	4
43	15	2
43	16	2
43	17	4
43	18	2
43	19	2
43	20	4
43	21	2
43	22	2
43	23	3
43	24	1
43	27	2
43	28	8
43	30	10
43	31	12
43	32	3
43	33	3
43	34	4
43	35	3
43	36	2
43	37	5
43	38	5
43	39	4
43	40	15
43	41	6
43	42	9
44	0	3
44	1	1
44	2	3
44	3	2
44	4	2
44	5	4
44	6	1
44	7	2
44	8	3
44	9	3
44	10	4
44	11	2
44	12	4
44	13	4
44	16	3
44	17	2
44	18	4
44	19	3
44	21	1
44	26	2
44	27	2
44	28	6
44	29	2
44	30	8
44	31	5
44	32	2
44	33	4
44	34	6
44	35	2
44	36	3
44	37	6
44	38	6
44	39	4
44	40	9
44	41	2
44	42	5
44	43	12
45	0	2
45	1	3
45	2	3
45	3	1
45	4	2
45	5	2
45	6	2
45	7	2
45	8	4
45	9	1
45	10	3
45	11	1
45	12	4
45	13	2
45	14	1
45	17	2
45	18	2
45	19	1
45	20	4
45	23	2
45	24	1
45	26	4
45	28	11
45	29	7
45	30	2
45	31	7
45	32	3
45	33	6
45	34	5
45	35	2
45	36	1
45	37	4
45	38	4
45	39	5
45	40	5
45	41	9
45	42	10
45	43	19
45	44	19
46	0	4
46	1	2
46	2	3
46	3	2
46	4	1
46	5	4
46	7	3
46	8	3
46	9	3
46	10	1
46	11	4
46	12	4
46	13	4
46	14	1
46	15	6
46	18	1
46	19	4
46	21	1
46	22	1
46	26	1
46	27	3
46	28	10
46	29	3
46	30	6
46	31	4
46	32	4
46	33	5
46	34	2
46	35	4
46	36	1
46	37	2
46	38	7
46	40	3
46	41	8
46	42	4
46	43	7
46	44	10
46	45	15
47	1	4
47	2	6
47	4	3
47	5	6
47	6	1
47	7	1
47	8	2
47	10	4
47	11	2
47	12	5
47	13	6
47	15	3
47	16	1
47	17	3
47	18	5
47	20	3
47	23	2
47	24	4
47	27	1
47	28	7
47	29	3
47	30	2
47	31	7
47	32	5
47	33	4
47	34	2
47	35	3
47	36	6
47	38	6
47	39	3
47	40	6
47	41	4
47	42	6
47	43	6
47	44	7
47	45	7
47	46	16
48	1	3
48	2	2
48	3	1
48	4	1
48	8	4
48	10	3
48	12	3
48	13	3
48	14	4
48	15	4
48	20	1
48	22	1
48	23	1
48	24	1
48	27	6
48	28	7
48	30	3
48	31	1
48	35	2
48	36	4
48	37	1
48	38	2
48	39	4
48	40	10
48	41	3
48	42	2
48	43	2
48	44	5
48	45	5
48	46	7
48	47	20
49	1	3
49	2	1
49	3	3
49	4	5
49	5	3
49	6	2
49	7	1
49	8	5
49	9	2
49	10	6
49	11	1
49	12	4
49	13	5
49	14	3
49	15	1
49	16	4
49	17	1
49	18	1
49	19	2
49	20	1
49	21	6
49	25	1
49	27	3
49	28	2
49	29	1
49	30	7
49	31	5
49	32	3
49	34	1
49	35	2
49	36	3
49	37	7
49	38	5
49	39	8
49	40	5
49	41	10
49	42	11
49	43	6
49	44	2
49	45	6
49	46	9
49	47	17
49	48	17
50	1	1
50	3	1
50	5	1
50	9	3
50	10	2
50	12	3
50	13	4
50	14	1
50	15	4
50	18	4
50	23	1
50	27	4
50	28	3
50	30	3
50	31	3
50	32	1
50	35	2
50	36	3
50	37	3
50	38	7
50	39	2
50	40	4
50	41	4
50	42	4
50	43	3
50	44	2
50	45	3
50	46	4
50	47	4
50	48	10
50	49	11
51	1	1
51	4	4
51	5	1
51	7	2
51	8	3
51	9	9
51	10	5
51	11	5
51	12	2
51	13	2
51	14	1
51	15	9
51	16	7
51	17	3
51	18	4
51	19	4
51	20	2
51	24	3
51	26	2
51	27	3
51	28	4
51	29	1
51	30	2
51	31	5
51	32	1
51	33	1
51	35	3
51	36	5
51	37	8
51	38	9
51	39	9
51	40	3
51	41	12
51	42	6
51	43	3
51	44	3
51	45	4
51	46	3
51	47	7
51	48	5
51	49	3
51	50	7
52	0	3
52	4	4
52	6	1
52	7	3
52	8	3
52	9	7
52	10	1
52	12	3
52	13	7
52	14	6
52	15	6
52	16	5
52	17	1
52	18	3
52	19	4
52	20	3
52	21	1
52	23	2
52	24	3
52	26	1
52	27	4
52	28	7
52	30	4
52	31	2
52	32	2
52	33	4
52	34	1
52	35	3
52	36	5
52	37	5
52	38	3
52	39	11
52	40	2
52	41	3
52	42	4
52	43	6
52	44	2
52	45	3
52	46	4
52	47	5
52	48	2
52	49	13
52	50	11
52	51	34
53	1	3
53	2	1
53	3	1
53	4	3
53	5	1
53	6	3
53	7	2
53	8	1
53	10	2
53	11	3
53	12	2
53	13	6
53	14	2
53	15	1
53	16	4
53	17	1
53	18	1
53	20	3
53	22	2
53	24	2
53	26	1
53	27	4
53	28	4
53	29	2
53	30	5
53	31	4
53	32	3
53	33	4
53	34	3
53	35	2
53	36	1
53	37	7
53	38	9
53	39	5
53	40	9
53	41	4
53	42	4
53	43	5
53	44	5
53	45	4
53	46	8
53	47	11
53	48	9
53	49	15
53	50	8
53	51	9
53	52	19
54	0	4
54	1	3
54	2	1
54	3	3
54	4	4
54	5	2
54	6	3
54	8	3
54	9	5
54	10	5
54	11	3
54	12	2
54	13	3
54	14	3
54	15	4
54	16	3
54	17	1
54	18	6
54	19	4
54	20	1
54	26	1
54	27	2
54	28	4
54	29	3
54	30	1
54	31	3
54	32	6
54	33	8
54	34	1
54	35	8
54	36	5
54	37	1
54	38	8
54	39	10
54	40	8
54	41	2
54	42	6
54	43	6
54	44	3
54	45	9
54	46	9
54	47	13
54	48	12
54	49	11
54	50	4
54	51	4
54	52	3
54	53	4
55	0	3
55	1	5
55	2	3
55	3	4
55	4	5
55	5	3
55	8	5
55	9	1
55	10	3
55	11	1
55	12	6
55	13	3
55	14	1
55	15	3
55	16	6
55	17	1
55	18	3
55	19	1
55	20	3
55	24	4
55	25	1
55	27	1
55	28	6
55	29	4
55	30	2
55	31	6
55	32	2
55	33	2
55	34	2
55	35	4
55	36	7
55	37	3
55	38	4
55	39	1
55	40	10
55	41	5
55	42	6
55	43	6
55	44	6
55	45	11
55	46	10
55	47	18
55	48	8
55	49	9
55	50	8
55	51	4
55	52	5
55	53	3
55	54	21
56	3	2
56	4	2
56	5	2
56	9	3
56	10	3
56	11	3
56	12	2
56	13	3
56	15	1
56	17	3
56	18	3
56	19	3
56	20	3
56	21	1
56	22	2
56	23	1
56	27	3
56	28	6
56	29	5
56	30	2
56	31	4
56	32	2
56	33	3
56	35	3
56	36	2
56	37	2
56	38	9
56	39	2
56	40	5
56	41	6
56	42	6
56	43	8
56	44	6
56	45	6
56	46	9
56	47	8
56	48	6
56	49	6
56	50	5
56	51	12
56	52	7
56	53	12
56	54	8
56	55	9
57	0	2
57	3	1
57	4	1
57	8	5
57	9	3
57	10	3
57	11	3
57	12	1
57	13	1
57	15	2
57	17	2
57	18	3
57	19	2
57	22	2
57	23	2
57	24	3
57	25	1
57	27	5
57	28	5
57	29	3
57	30	3
57	31	3
57	32	1
57	34	3
57	35	3
57	36	5
57	37	2
57	38	6
57	39	4
57	40	6
57	41	3
57	42	3
57	43	8
57	44	3
57	45	5
57	46	11
57	47	7
57	48	4
57	49	8
57	50	2
57	51	9
57	52	6
57	53	9
57	54	4
57	55	11
57	56	18
58	0	2
58	1	1
58	4	1
58	9	2
58	10	1
58	12	6
58	13	3
58	14	2
58	15	4
58	17	2
58	18	5
58	23	2
58	24	2
58	25	2
58	26	3
58	27	5
58	28	7
58	29	3
58	30	4
58	31	5
58	32	3
58	33	6
58	34	2
58	35	4
58	36	2
58	37	3
58	38	5
58	39	7
58	40	5
58	41	4
58	42	6
58	43	4
58	44	4
58	45	5
58	46	5
58	47	6
58	48	3
58	49	4
58	50	5
58	51	7
58	52	2
58	53	8
58	54	1
58	55	3
58	56	9
58	57	9
59	1	4
59	2	1
59	3	4
59	4	2
59	5	4
59	7	1
59	8	2
59	9	3
59	10	7
59	11	2
59	12	4
59	13	3
59	14	5
59	15	3
59	16	5
59	17	4
59	18	2
59	19	4
59	20	3
59	22	4
59	24	2
59	26	1
59	27	2
59	28	4
59	29	7
59	30	7
59	31	4
59	32	3
59	33	4
59	34	7
59	35	4
59	36	1
59	37	5
59	38	13
59	40	4
59	41	6
59	42	10
59	43	12
59	44	4
59	45	7
59	46	8
59	47	5
59	48	2
59	49	9
59	51	14
59	52	4
59	53	8
59	54	13
59	55	7
59	56	6
59	57	9
59	58	10
60	0	1
60	1	1
60	3	2
60	4	4
60	5	2
60	6	4
60	7	3
60	8	6
60	9	2
60	10	5
60	11	3
60	12	7
60	13	5
60	14	6
60	15	6
60	16	7
60	17	1
60	18	7
60	19	7
60	20	2
60	21	3
60	22	3
60	24	6
60	26	1
60	27	7
60	28	10
60	30	6
60	31	2
60	32	2
60	33	1
60	34	2
60	35	4
60	36	3
60	37	8
60	38	15
60	39	12
60	40	11
60	41	11
60	42	7
60	43	1
60	44	5
60	45	5
60	46	3
60	47	7
60	48	1
60	49	15
60	50	11
60	51	18
60	52	24
60	53	20
60	54	7
60	55	9
60	56	4
60	57	9
60	58	10
60	59	3
