1	0	20
2	0	10
2	1	18
3	0	2
3	1	3
3	2	10
4	0	4
4	1	4
4	2	6
4	3	12
5	0	1
5	1	6
5	2	6
5	3	8
5	4	12
6	1	1
6	2	1
6	3	6
6	4	12
6	5	11
7	1	3
7	2	1
7	3	2
7	4	5
7	5	9
7	6	8
8	0	2
8	1	3
8	2	4
8	3	6
8	4	12
8	5	9
8	6	13
8	7	10
9	0	1
9	1	6
9	2	1
9	3	13
9	4	18
9	5	4
9	6	13
9	7	8
9	8	12
10	0	2
10	1	3
10	2	9
10	3	9
10	4	13
10	5	4
10	6	6
10	7	6
10	8	10
10	9	18
11	0	1
11	1	3
11	2	2
11	3	4
11	4	7
11	5	1
11	6	5
11	7	5
11	8	3
11	9	5
11	10	7
12	1	3
12	2	3
12	3	9
12	4	8
12	5	6
12	6	1
12	7	5
12	8	4
12	9	7
12	10	18
12	11	20
13	1	3
13	2	2
13	4	6
13	5	2
13	6	3
13	7	4
13	8	5
13	9	7
13	10	15
13	11	9
13	12	10
14	1	3
14	2	4
14	4	4
14	5	8
14	6	3
14	7	3
14	8	5
14	9	4
14	10	6
14	11	3
14	12	6
14	13	8
15	2	4
15	3	3
15	4	5
15	5	2
15	6	4
15	7	1
15	8	3
15	9	5
15	10	3
15	11	9
15	12	6
15	13	8
15	14	10
16	1	4
16	2	2
16	3	2
16	4	6
16	5	6
16	6	4
16	7	4
16	8	7
16	9	3
16	10	4
16	11	1
16	12	2
16	13	18
16	14	15
16	15	8
17	1	2
17	2	2
17	3	4
17	4	8
17	5	3
17	6	4
17	7	4
17	8	9
17	9	3
17	10	9
17	11	5
17	12	5
17	13	8
17	14	15
17	15	7
17	16	9
18	0	4
18	1	2
18	2	2
18	3	2
18	4	4
18	5	5
18	6	6
18	7	4
18	8	4
18	9	3
18	10	5
18	11	7
18	12	4
18	13	7
18	14	5
18	15	3
18	16	8
18	17	18
19	0	4
19	1	4
19	2	3
19	3	6
19	4	5
19	5	9
19	6	5
19	7	4
19	8	7
19	9	11
19	10	14
19	11	5
19	12	7
19	13	11
19	14	3
19	15	5
19	16	5
19	17	10
19	18	16
20	1	1
20	2	1
20	3	3
20	4	11
20	5	7
20	6	8
20	7	3
20	8	10
20	9	5
20	10	5
20	11	6
20	12	5
20	13	7
20	14	6
20	15	4
20	16	5
20	17	4
20	18	10
20	19	12
21	0	1
21	1	3
21	2	1
21	3	4
21	4	6
21	5	1
21	6	6
21	7	2
21	8	8
21	9	7
21	10	5
21	11	1
21	12	1
21	13	3
21	14	7
21	15	5
21	16	8
21	17	9
21	18	4
21	19	2
21	20	16
22	1	4
22	2	2
22	3	3
22	4	2
22	5	3
22	6	2
22	7	5
22	8	6
22	9	7
22	10	1
22	11	3
22	12	3
22	13	4
22	14	4
22	15	4
22	16	3
22	17	3
22	18	7
22	19	7
22	20	17
22	21	17
23	0	1
23	1	3
23	2	2
23	3	1
23	4	7
23	5	4
23	6	2
23	7	3
23	8	5
23	9	1
23	10	3
23	11	3
23	12	1
23	13	2
23	14	3
23	16	8
23	17	4
23	18	2
23	19	5
23	20	8
23	21	10
23	22	13
24	1	1
24	2	5
24	3	5
24	4	4
24	5	6
24	6	3
24	7	4
24	8	10
24	9	4
24	10	1
24	11	1
24	12	1
24	13	4
24	14	4
24	17	2
24	18	5
24	19	6
24	20	5
24	21	6
24	22	10
24	23	25
25	5	2
25	6	1
25	11	1
25	12	2
25	16	1
25	17	2
25	22	1
26	1	2
26	3	2
26	6	1
26	8	1
26	10	1
26	13	3
26	14	3
26	15	2
26	16	2
26	17	2
26	18	2
26	19	3
26	20	2
26	22	2
27	3	2
27	4	5
27	5	2
27	6	1
27	7	3
27	8	2
27	9	3
27	10	1
27	11	9
27	12	3
27	13	6
27	14	3
27	15	6
27	16	3
27	17	6
27	18	4
27	19	1
27	20	3
27	21	5
27	22	5
27	23	2
27	24	3
27	25	3
27	26	7
28	0	1
28	1	3
28	2	2
28	3	3
28	4	10
28	5	5
28	6	2
28	7	2
28	8	5
28	9	2
28	10	4
28	11	4
28	12	5
28	13	5
28	14	6
28	15	3
28	16	9
28	17	2
28	18	15
28	19	8
28	20	9
28	21	5
28	22	5
28	23	2
28	24	4
28	26	3
28	27	15
29	1	7
29	2	3
29	3	5
29	4	4
29	5	4
29	6	3
29	7	1
29	8	8
29	9	5
29	10	2
29	11	1
29	12	2
29	13	7
29	14	3
29	15	4
29	16	6
29	17	2
29	18	5
29	19	5
29	20	1
29	21	1
29	24	2
29	27	1
29	28	7
30	0	3
30	1	2
30	2	8
30	3	2
30	4	4
30	5	8
30	6	3
30	7	3
30	8	2
30	9	3
30	10	5
30	11	6
30	12	1
30	13	2
30	15	3
30	16	1
30	17	7
30	18	3
30	19	2
30	20	5
30	21	3
30	22	5
30	23	1
30	24	3
30	27	4
30	28	8
30	29	11
31	1	1
31	2	2
31	3	5
31	4	2
31	5	5
31	8	2
31	9	6
31	10	2
31	11	1
31	12	2
31	13	3
31	14	2
31	15	2
31	16	1
31	17	1
31	18	5
31	19	4
31	20	1
31	21	6
31	22	4
31	23	1
31	26	3
31	27	3
31	28	7
31	29	8
31	30	14
32	0	1
32	1	2
32	2	4
32	4	2
32	5	3
32	6	5
32	8	4
32	9	2
32	10	1
32	11	4
32	12	4
32	13	7
32	14	1
32	15	6
32	16	8
32	17	1
32	18	6
32	19	1
32	20	3
32	21	5
32	22	2
32	23	1
32	24	5
32	26	3
32	27	6
32	28	11
32	29	4
32	30	4
32	31	9
33	1	4
33	2	2
33	3	3
33	4	4
33	5	4
33	6	5
33	7	4
33	8	3
33	9	4
33	10	6
33	11	2
33	12	2
33	13	2
33	14	2
33	15	3
33	16	3
33	17	2
33	18	5
33	19	4
33	20	5
33	21	2
33	22	6
33	23	5
33	24	4
33	26	6
33	27	4
33	28	4
33	29	4
33	30	6
33	31	8
33	32	18
34	1	3
34	2	1
34	4	9
34	5	3
34	6	1
34	7	3
34	8	3
34	9	5
34	10	2
34	11	2
34	12	5
34	13	4
34	14	3
34	15	2
34	16	1
34	17	1
34	18	9
34	19	11
34	20	4
34	21	8
34	22	3
34	23	4
34	24	6
34	26	1
34	27	8
34	28	11
34	29	6
34	30	5
34	31	5
34	32	8
34	33	12
35	1	4
35	2	8
35	3	4
35	4	9
35	5	8
35	6	3
35	7	4
35	8	3
35	9	7
35	10	8
35	11	4
35	12	7
35	13	8
35	14	9
35	15	7
35	16	19
35	17	7
35	18	13
35	19	9
35	20	9
35	21	6
35	22	5
35	23	6
35	24	3
35	26	2
35	27	11
35	28	27
35	29	3
35	30	9
35	31	5
35	32	9
35	33	7
35	34	12
36	1	3
36	2	2
36	3	3
36	4	6
36	5	4
36	6	1
36	8	3
36	9	6
36	10	6
36	11	2
36	12	6
36	13	8
36	14	6
36	15	5
36	16	3
36	17	4
36	18	4
36	19	9
36	20	1
36	21	5
36	22	5
36	24	1
36	25	1
36	26	2
36	27	8
36	28	5
36	29	1
36	30	1
36	31	3
36	32	5
36	33	1
36	34	3
36	35	9
37	0	3
37	1	6
37	2	2
37	3	4
37	4	6
37	5	3
37	6	1
37	7	5
37	8	6
37	9	3
37	10	9
37	11	3
37	12	7
37	13	11
37	14	4
37	15	6
37	16	5
37	17	9
37	18	10
37	19	8
37	20	5
37	21	8
37	22	8
37	23	1
37	24	1
37	26	1
37	27	8
37	28	14
37	29	6
37	30	7
37	31	6
37	32	2
37	33	2
37	34	4
37	35	21
37	36	3
38	0	1
38	1	3
38	2	2
38	3	3
38	4	5
38	5	4
38	6	3
38	8	3
38	9	5
38	10	4
38	11	3
38	12	7
38	13	11
38	14	5
38	15	3
38	16	5
38	17	3
38	18	11
38	19	7
38	20	4
38	21	4
38	22	4
38	23	2
38	24	3
38	26	5
38	27	4
38	28	15
38	29	6
38	30	11
38	31	9
38	32	9
38	33	7
38	34	2
38	35	13
38	36	10
38	37	11
39	1	1
39	2	2
39	3	2
39	4	3
39	5	5
39	6	3
39	7	5
39	8	4
39	9	8
39	10	3
39	11	5
39	12	7
39	13	17
39	14	5
39	15	8
39	16	2
39	17	3
39	18	8
39	19	6
39	20	7
39	21	1
39	22	4
39	23	1
39	24	5
39	26	1
39	27	7
39	28	13
39	29	5
39	30	2
39	31	6
39	32	5
39	33	3
39	34	5
39	35	12
39	36	5
39	37	19
39	38	25
40	1	1
40	2	2
40	3	3
40	4	2
40	5	2
40	6	1
40	7	1
40	8	9
40	9	6
40	10	7
40	11	5
40	12	5
40	13	7
40	15	4
40	16	2
40	17	2
40	18	7
40	19	5
40	20	3
40	21	1
40	22	4
40	23	1
40	25	1
40	26	1
40	27	1
40	28	9
40	29	9
40	30	6
40	31	11
40	32	11
40	33	2
40	34	5
40	35	14
40	36	4
40	37	12
40	38	29
40	39	10
41	1	4
41	2	2
41	3	2
41	4	1
41	5	1
41	6	6
41	7	2
41	8	4
41	9	6
41	10	4
41	11	3
41	12	4
41	13	4
41	14	2
41	15	5
41	16	1
41	17	1
41	18	3
41	19	6
41	20	5
41	21	2
41	22	1
41	23	4
41	24	6
41	26	2
41	27	4
41	28	18
41	29	9
41	30	12
41	31	2
41	32	7
41	33	1
41	34	5
41	35	10
41	36	9
41	37	6
41	38	21
41	39	8
41	40	19
42	4	1
42	5	1
42	6	4
42	7	3
42	8	2
42	9	1
42	10	3
42	11	1
42	12	4
42	13	5
42	14	1
42	15	1
42	16	5
42	17	5
42	18	5
42	19	4
42	20	6
42	21	3
42	23	3
42	24	2
42	26	4
42	27	5
42	28	7
42	29	5
42	30	8
42	31	12
42	32	4
42	33	9
42	34	4
42	35	7
42	36	4
42	37	4
42	38	9
42	39	3
42	40	7
42	41	18
43	0	3
43	1	1
43	2	6
43	3	1
43	4	7
43	5	3
43	6	1
43	7	3
43	8	2
43	9	3
43	10	3
43	11	1
43	12	4
43	13	3
43	14	4
43	15	4
43	16	3
43	17	1
43	18	5
43	19	4
43	21	1
43	22	2
43	23	1
43	24	2
43	26	2
43	27	4
43	28	4
43	29	4
43	30	6
43	31	8
43	32	9
43	33	8
43	34	6
43	35	3
43	36	3
43	37	6
43	38	6
43	39	7
43	40	4
43	41	11
43	42	15
44	0	2
44	2	4
44	3	1
44	4	3
44	5	2
44	7	2
44	8	3
44	9	1
44	10	4
44	11	3
44	12	3
44	13	2
44	16	1
44	17	1
44	18	1
44	20	3
44	26	3
44	27	6
44	28	2
44	29	1
44	30	7
44	31	6
44	32	4
44	33	3
44	34	4
44	35	2
44	36	3
44	37	5
44	38	3
44	39	3
44	40	1
44	41	3
44	42	1
44	43	12
45	0	1
45	2	4
45	3	2
45	4	2
45	6	1
45	7	5
45	8	6
45	9	4
45	10	3
45	13	4
45	14	2
45	17	3
45	18	3
45	19	1
45	20	4
45	24	2
45	27	3
45	28	4
45	29	4
45	30	5
45	31	4
45	32	4
45	33	4
45	34	2
45	35	7
45	36	1
45	37	3
45	38	5
45	39	3
45	40	2
45	41	7
45	42	5
45	43	16
45	44	16
46	0	1
46	1	1
46	2	3
46	3	3
46	4	3
46	5	4
46	7	1
46	8	2
46	9	1
46	10	5
46	12	2
46	13	2
46	14	2
46	15	6
46	19	4
46	21	1
46	22	2
46	26	2
46	27	5
46	28	3
46	29	6
46	30	5
46	31	4
46	32	6
46	33	4
46	34	2
46	35	7
46	36	3
46	37	3
46	38	4
46	39	2
46	40	6
46	41	4
46	42	4
46	43	12
46	44	9
46	45	13
47	1	2
47	2	1
47	4	1
47	5	2
47	7	1
47	8	7
47	9	2
47	10	3
47	11	2
47	12	4
47	13	3
47	14	2
47	15	4
47	16	3
47	17	3
47	18	2
47	19	1
47	20	3
47	23	1
47	24	3
47	27	3
47	28	4
47	29	9
47	30	1
47	31	1
47	32	4
47	34	3
47	35	6
47	36	1
47	37	1
47	38	6
47	39	5
47	40	6
47	41	4
47	42	5
47	43	9
47	44	7
47	45	8
47	46	8
48	2	4
48	3	1
48	4	3
48	8	1
48	10	4
48	11	1
48	12	3
48	13	3
48	14	3
48	15	1
48	22	1
48	23	2
48	27	2
48	28	4
48	30	2
48	31	3
48	35	1
48	36	2
48	38	1
48	39	6
48	40	5
48	41	3
48	42	2
48	43	4
48	44	3
48	45	7
48	46	9
48	47	23
49	0	2
49	1	3
49	2	4
49	3	3
49	4	2
49	5	4
49	6	3
49	7	4
49	8	3
49	9	3
49	10	6
49	11	3
49	12	5
49	13	9
49	14	5
49	15	2
49	16	5
49	17	5
49	18	1
49	19	1
49	20	5
49	21	6
49	23	1
49	24	2
49	25	2
49	27	5
49	28	10
49	29	4
49	30	6
49	31	4
49	32	1
49	33	1
49	34	4
49	35	5
49	36	3
49	37	5
49	38	10
49	39	7
49	40	13
49	41	11
49	42	6
49	43	9
49	44	3
49	45	3
49	46	6
49	47	15
49	48	15
50	1	1
50	3	1
50	4	1
50	5	1
50	8	1
50	9	1
50	10	4
50	12	8
50	13	2
50	14	1
50	15	1
50	18	2
50	22	2
50	23	1
50	25	3
50	27	2
50	28	4
50	29	4
50	30	6
50	31	3
50	32	2
50	35	2
50	36	2
50	37	3
50	38	4
50	39	4
50	40	4
50	41	2
50	43	2
50	44	2
50	45	2
50	46	3
50	47	2
50	48	4
50	49	9
51	1	2
51	4	2
51	5	5
51	8	2
51	9	3
51	10	1
51	11	2
51	12	2
51	13	6
51	14	2
51	15	4
51	16	5
51	17	1
51	18	5
51	19	2
51	20	2
51	23	4
51	24	3
51	26	6
51	27	3
51	28	4
51	29	1
51	30	1
51	31	1
51	32	3
51	33	4
51	34	4
51	35	3
51	36	2
51	37	5
51	38	12
51	39	5
51	40	8
51	41	4
51	42	6
51	43	3
51	44	3
51	45	5
51	46	3
51	47	4
51	48	5
51	49	13
51	50	11
52	0	2
52	4	1
52	6	2
52	7	2
52	8	2
52	9	2
52	10	1
52	11	6
52	12	2
52	13	4
52	14	2
52	15	7
52	16	2
52	17	2
52	18	2
52	19	2
52	20	1
52	21	3
52	23	2
52	24	3
52	25	1
52	26	1
52	27	4
52	28	9
52	29	1
52	30	5
52	31	2
52	32	1
52	33	4
52	34	3
52	35	2
52	36	7
52	37	5
52	38	6
52	39	11
52	40	3
52	41	3
52	42	3
52	43	4
52	44	2
52	45	5
52	46	5
52	47	6
52	48	1
52	49	13
52	50	10
52	51	32
53	1	2
53	2	2
53	3	2
53	5	2
53	6	2
53	7	2
53	8	5
53	9	3
53	10	4
53	11	4
53	12	5
53	13	6
53	14	2
53	15	5
53	16	1
53	17	1
53	18	4
53	19	2
53	20	3
53	22	1
53	24	1
53	27	6
53	28	4
53	29	1
53	30	3
53	31	3
53	32	2
53	33	3
53	34	5
53	35	4
53	36	2
53	37	2
53	38	8
53	39	7
53	40	2
53	41	7
53	42	6
53	43	4
53	44	2
53	45	5
53	46	5
53	47	7
53	48	3
53	49	21
53	50	8
53	51	17
53	52	21
54	1	3
54	2	3
54	3	4
54	4	6
54	5	3
54	6	1
54	8	1
54	10	6
54	12	3
54	13	1
54	14	4
54	17	2
54	18	7
54	19	4
54	20	4
54	23	2
54	26	1
54	27	3
54	28	2
54	29	4
54	30	4
54	31	1
54	32	1
54	33	1
54	34	3
54	35	5
54	36	2
54	37	4
54	38	8
54	39	7
54	40	2
54	41	8
54	42	3
54	43	10
54	44	7
54	45	4
54	46	19
54	47	23
54	48	8
54	49	17
54	50	3
54	51	5
54	52	6
54	53	8
55	0	6
55	1	3
55	2	5
55	3	4
55	4	7
55	5	5
55	8	2
55	9	4
55	10	4
55	11	4
55	12	5
55	13	4
55	14	2
55	16	2
55	17	1
55	18	4
55	19	6
55	20	2
55	21	3
55	22	3
55	24	1
55	25	1
55	27	1
55	28	4
55	29	3
55	30	6
55	31	5
55	32	3
55	33	4
55	34	2
55	35	3
55	36	4
55	37	1
55	38	8
55	39	4
55	40	4
55	41	8
55	42	3
55	43	12
55	44	4
55	45	5
55	46	12
55	47	5
55	48	5
55	49	10
55	50	4
55	51	7
55	52	4
55	53	6
55	54	18
56	3	5
56	4	2
56	5	3
56	6	3
56	8	3
56	9	3
56	10	5
56	11	3
56	12	2
56	13	1
56	15	4
56	17	1
56	18	3
56	19	4
56	20	2
56	23	2
56	26	1
56	27	4
56	28	1
56	29	4
56	30	2
56	31	2
56	32	4
56	34	6
56	35	5
56	36	5
56	37	5
56	38	4
56	39	7
56	40	2
56	41	11
56	42	6
56	43	11
56	44	6
56	45	10
56	46	13
56	47	6
56	48	12
56	49	13
56	50	5
56	51	8
56	52	6
56	53	8
56	54	12
56	55	3
57	0	3
57	2	3
57	3	3
57	4	2
57	6	3
57	8	3
57	9	2
57	10	4
57	11	1
57	12	5
57	14	1
57	15	2
57	16	5
57	17	2
57	18	2
57	19	7
57	22	2
57	23	4
57	24	3
57	25	1
57	27	2
57	28	4
57	29	4
57	30	4
57	32	6
57	33	1
57	34	2
57	35	1
57	36	1
57	37	4
57	38	6
57	39	4
57	40	2
57	41	12
57	42	5
57	43	9
57	44	3
57	45	3
57	46	6
57	47	8
57	48	5
57	49	20
57	50	6
57	51	11
57	52	8
57	53	7
57	54	7
57	55	5
57	56	18
58	0	4
58	1	3
58	4	1
58	8	3
58	9	4
58	10	1
58	12	1
58	13	2
58	14	3
58	15	1
58	17	1
58	18	4
58	19	1
58	23	3
58	24	2
58	26	1
58	27	6
58	28	6
58	29	2
58	30	1
58	31	7
58	32	3
58	33	2
58	34	1
58	35	2
58	36	3
58	37	3
58	38	2
58	39	4
58	40	2
58	41	9
58	42	8
58	43	5
58	44	6
58	45	5
58	46	7
58	47	3
58	48	3
58	49	5
58	50	4
58	51	4
58	52	5
58	53	1
58	54	7
58	55	4
58	56	5
58	57	14
59	1	5
59	2	2
59	3	2
59	4	3
59	5	3
59	7	2
59	8	1
59	9	2
59	10	4
59	11	1
59	12	2
59	13	3
59	14	2
59	15	5
59	16	2
59	17	1
59	18	1
59	19	2
59	20	3
59	21	2
59	22	3
59	24	2
59	26	2
59	27	5
59	28	7
59	29	6
59	30	3
59	31	10
59	32	5
59	33	4
59	34	5
59	35	2
59	36	5
59	37	4
59	38	8
59	39	1
59	40	12
59	41	4
59	42	10
59	43	11
59	44	13
59	45	11
59	46	7
59	47	6
59	48	6
59	49	7
59	50	3
59	51	9
59	52	5
59	53	4
59	54	6
59	55	4
59	56	8
59	57	5
59	58	10
60	0	1
60	1	4
60	3	3
60	4	4
60	5	4
60	6	2
60	7	3
60	8	4
60	9	3
60	10	6
60	11	7
60	12	4
60	13	8
60	14	7
60	15	3
60	16	5
60	17	4
60	18	5
60	19	6
60	20	3
60	21	4
60	22	5
60	24	3
60	26	4
60	27	7
60	28	9
60	29	8
60	30	5
60	31	3
60	32	9
60	33	2
60	34	4
60	35	11
60	36	6
60	37	4
60	38	12
60	39	8
60	40	4
60	41	10
60	42	7
60	43	5
60	44	1
60	45	4
60	46	4
60	47	6
60	48	10
60	49	11
60	50	10
60	51	18
60	52	19
60	53	22
60	54	4
60	55	12
60	56	7
60	57	8
60	58	3
60	59	8
