1	0	11
2	0	10
2	1	15
3	0	6
3	1	8
3	2	12
4	0	2
4	1	5
4	2	5
4	3	9
5	0	1
5	1	5
5	2	6
5	3	9
5	4	6
6	0	1
6	1	7
6	2	1
6	3	4
6	4	17
6	5	7
7	1	1
7	2	3
7	3	1
7	4	6
7	5	11
7	6	15
8	1	4
8	2	2
8	3	7
8	4	28
8	5	15
8	6	15
8	7	15
9	0	6
9	1	4
9	2	7
9	3	6
9	4	14
9	5	7
9	6	7
9	7	4
9	8	14
10	1	5
10	2	5
10	3	6
10	4	9
10	5	3
10	6	2
10	7	6
10	8	9
10	9	18
11	1	4
11	2	1
11	3	6
11	4	6
11	5	5
11	6	8
11	7	4
11	8	4
11	9	5
11	10	11
12	1	3
12	2	1
12	3	6
12	4	10
12	5	5
12	6	7
12	8	6
12	9	6
12	10	19
12	11	15
13	0	2
13	1	5
13	2	4
13	3	4
13	4	2
13	5	7
13	6	4
13	7	1
13	8	5
13	9	9
13	10	12
13	11	6
13	12	15
14	1	2
14	2	3
14	3	4
14	4	4
14	5	3
14	6	2
14	7	2
14	8	3
14	9	7
14	10	6
14	11	6
14	12	6
14	13	8
15	3	2
15	4	1
15	5	5
15	6	6
15	7	5
15	8	2
15	9	4
15	10	4
15	11	4
15	12	9
15	13	8
15	14	10
16	2	3
16	3	3
16	4	6
16	5	3
16	6	3
16	7	3
16	8	3
16	9	2
16	10	5
16	11	9
16	12	8
16	13	15
16	14	23
16	15	8
17	1	2
17	3	2
17	4	3
17	5	4
17	6	3
17	7	3
17	8	10
17	9	4
17	10	8
17	11	8
17	12	8
17	13	5
17	14	11
17	15	9
17	16	10
18	0	3
18	1	2
18	2	5
18	3	2
18	4	7
18	5	4
18	6	5
18	7	5
18	8	5
18	9	2
18	10	5
18	11	2
18	12	5
18	13	7
18	14	7
18	15	5
18	16	10
18	17	14
19	0	2
19	1	4
19	2	6
19	3	2
19	4	7
19	5	10
19	6	8
19	7	15
19	8	10
19	9	11
19	10	8
19	11	3
19	12	3
19	13	8
19	14	4
19	15	6
19	16	3
19	17	12
19	18	21
20	1	3
20	2	4
20	3	2
20	4	9
20	5	9
20	6	7
20	7	8
20	8	12
20	9	5
20	10	6
20	11	5
20	12	7
20	13	2
20	14	5
20	15	2
20	16	7
20	17	5
20	18	9
20	19	10
21	0	4
21	1	4
21	2	1
21	3	3
21	4	3
21	5	4
21	6	9
21	7	1
21	8	8
21	9	4
21	10	5
21	12	4
21	13	5
21	14	3
21	15	1
21	16	1
21	17	9
21	18	6
21	19	12
21	20	13
22	1	3
22	2	1
22	3	7
22	4	8
22	5	5
22	6	5
22	7	5
22	8	9
22	9	4
22	10	1
22	11	4
22	12	2
22	13	6
22	14	3
22	15	1
22	16	5
22	17	4
22	18	5
22	19	12
22	20	16
22	21	11
23	0	1
23	1	6
23	2	1
23	3	2
23	4	6
23	5	2
23	6	3
23	7	2
23	8	6
23	9	4
23	10	4
23	11	3
23	12	1
23	15	4
23	16	3
23	17	1
23	18	8
23	19	8
23	20	2
23	21	9
23	22	11
24	1	2
24	2	5
24	3	2
24	4	3
24	5	5
24	6	4
24	7	2
24	8	4
24	9	8
24	10	4
24	11	4
24	12	3
24	13	4
24	14	4
24	15	2
24	16	2
24	17	4
24	18	8
24	19	7
24	20	3
24	21	6
24	22	10
24	23	17
25	4	1
25	5	1
25	8	1
25	9	2
25	12	1
25	16	2
25	17	1
25	19	1
26	1	2
26	6	1
26	8	3
26	10	4
26	13	1
26	14	3
26	15	3
26	16	2
26	17	4
26	18	2
26	19	2
26	20	1
26	24	3
27	3	2
27	4	5
27	5	2
27	6	5
27	7	3
27	8	5
27	9	5
27	10	2
27	11	2
27	12	3
27	13	4
27	14	8
27	15	6
27	16	4
27	17	4
27	18	6
27	19	4
27	20	2
27	21	5
27	22	3
27	23	5
27	24	3
27	26	1
28	0	2
28	1	2
28	2	3
28	3	7
28	4	10
28	5	2
28	6	6
28	7	4
28	8	6
28	9	6
28	10	2
28	11	5
28	12	6
28	13	14
28	14	11
28	15	3
28	16	8
28	17	9
28	18	14
28	19	9
28	20	4
28	21	3
28	22	2
28	23	6
28	24	5
28	26	1
28	27	11
29	1	4
29	2	2
29	3	5
29	4	3
29	5	2
29	6	3
29	7	3
29	8	4
29	9	1
29	10	5
29	11	8
29	12	4
29	13	3
29	15	1
29	16	5
29	17	4
29	18	3
29	19	3
29	20	6
29	21	11
29	22	6
29	24	1
29	27	3
29	28	5
30	0	1
30	1	8
30	2	1
30	3	2
30	4	6
30	5	1
30	6	3
30	8	3
30	9	1
30	10	5
30	11	4
30	12	5
30	13	6
30	14	4
30	15	3
30	16	6
30	17	1
30	18	5
30	19	4
30	20	1
30	21	5
30	22	6
30	23	5
30	24	3
30	26	2
30	27	5
30	28	11
30	29	10
31	1	2
31	2	4
31	3	3
31	4	4
31	5	2
31	8	2
31	9	4
31	10	3
31	12	3
31	13	3
31	14	4
31	15	4
31	16	2
31	17	2
31	18	1
31	19	3
31	20	4
31	21	6
31	22	2
31	23	3
31	24	2
31	26	1
31	27	5
31	28	5
31	29	5
31	30	14
32	0	1
32	1	1
32	2	3
32	3	1
32	4	5
32	5	2
32	8	1
32	9	3
32	10	2
32	11	3
32	12	5
32	13	2
32	14	6
32	15	4
32	16	3
32	17	1
32	18	4
32	19	6
32	20	9
32	21	2
32	22	4
32	23	5
32	24	1
32	26	3
32	27	6
32	28	13
32	29	6
32	30	10
32	31	3
33	1	2
33	2	3
33	3	4
33	4	5
33	5	5
33	6	3
33	7	2
33	8	3
33	9	4
33	10	5
33	11	3
33	12	5
33	13	3
33	14	1
33	15	7
33	16	1
33	17	2
33	18	6
33	19	7
33	20	7
33	21	5
33	22	3
33	23	5
33	24	6
33	26	4
33	27	4
33	28	8
33	29	6
33	30	14
33	31	7
33	32	13
34	0	1
34	2	3
34	3	6
34	4	4
34	5	4
34	6	7
34	7	1
34	8	9
34	9	4
34	10	3
34	11	3
34	12	2
34	13	4
34	14	3
34	15	6
34	16	5
34	17	8
34	18	7
34	19	8
34	20	5
34	21	13
34	22	11
34	23	6
34	24	6
34	26	1
34	27	5
34	28	4
34	29	5
34	30	10
34	31	4
34	32	14
34	33	13
35	1	2
35	2	2
35	3	6
35	4	7
35	5	8
35	6	4
35	7	3
35	8	3
35	9	7
35	10	8
35	11	5
35	12	6
35	13	13
35	14	7
35	15	8
35	16	5
35	17	11
35	18	16
35	19	11
35	20	9
35	21	5
35	22	7
35	23	2
35	24	7
35	26	1
35	27	5
35	28	20
35	29	6
35	30	7
35	31	4
35	32	3
35	33	9
35	34	14
36	2	4
36	3	6
36	4	6
36	5	5
36	6	2
36	7	3
36	8	6
36	9	6
36	10	5
36	11	3
36	12	5
36	13	5
36	14	6
36	15	2
36	16	3
36	17	3
36	18	3
36	19	10
36	20	3
36	21	5
36	22	2
36	24	1
36	25	2
36	26	3
36	27	4
36	28	7
36	29	2
36	30	3
36	31	3
36	32	1
36	33	7
36	34	3
36	35	10
37	0	2
37	1	1
37	2	2
37	3	2
37	4	2
37	5	2
37	6	1
37	7	4
37	8	4
37	9	3
37	10	6
37	11	3
37	12	5
37	13	23
37	14	11
37	15	1
37	16	10
37	17	7
37	18	7
37	19	8
37	20	8
37	21	6
37	22	4
37	23	6
37	24	2
37	26	1
37	27	4
37	28	16
37	29	5
37	30	7
37	31	6
37	32	6
37	33	1
37	34	5
37	35	14
37	36	6
38	0	2
38	1	4
38	2	1
38	3	7
38	4	7
38	5	6
38	6	2
38	7	8
38	8	4
38	9	9
38	10	5
38	11	5
38	12	2
38	13	12
38	14	4
38	15	11
38	16	5
38	17	9
38	18	7
38	19	9
38	20	4
38	21	3
38	22	6
38	23	5
38	24	4
38	26	4
38	27	6
38	28	19
38	29	6
38	30	8
38	31	4
38	32	3
38	33	8
38	34	2
38	35	16
38	36	12
38	37	7
39	1	1
39	2	2
39	3	1
39	4	4
39	5	2
39	6	3
39	7	5
39	8	5
39	9	4
39	10	3
39	11	4
39	12	5
39	13	16
39	14	4
39	15	10
39	16	4
39	17	7
39	18	10
39	19	12
39	20	8
39	21	5
39	22	3
39	24	2
39	26	5
39	27	5
39	28	11
39	29	1
39	30	4
39	31	7
39	32	5
39	33	14
39	34	4
39	35	9
39	36	10
39	37	19
39	38	35
40	1	4
40	3	5
40	4	5
40	5	3
40	6	4
40	7	1
40	8	3
40	9	2
40	10	2
40	11	8
40	12	3
40	13	6
40	14	3
40	15	3
40	16	1
40	17	5
40	18	4
40	19	6
40	20	6
40	21	4
40	22	1
40	23	2
40	24	2
40	26	1
40	27	4
40	28	19
40	29	4
40	30	9
40	31	7
40	32	5
40	33	5
40	34	6
40	35	8
40	36	7
40	37	15
40	38	22
40	39	12
41	1	2
41	2	4
41	3	3
41	4	7
41	5	6
41	8	2
41	9	5
41	10	3
41	11	3
41	12	3
41	13	8
41	14	3
41	15	2
41	16	1
41	17	1
41	18	4
41	19	6
41	20	6
41	21	3
41	22	1
41	23	8
41	24	4
41	26	4
41	27	4
41	28	9
41	29	3
41	30	6
41	31	8
41	32	9
41	33	3
41	34	6
41	35	7
41	36	4
41	37	9
41	38	13
41	39	9
41	40	26
42	0	5
42	5	3
42	7	3
42	8	2
42	9	3
42	10	3
42	11	1
42	13	4
42	14	2
42	15	2
42	16	1
42	17	2
42	18	2
42	19	3
42	20	3
42	21	2
42	22	3
42	23	3
42	24	3
42	26	1
42	27	4
42	28	9
42	29	3
42	30	5
42	31	7
42	32	6
42	33	5
42	34	1
42	35	4
42	36	5
42	37	4
42	38	6
42	39	6
42	40	8
42	41	10
43	1	1
43	2	1
43	3	3
43	4	4
43	5	5
43	6	3
43	7	4
43	8	3
43	9	4
43	10	3
43	11	1
43	12	2
43	13	6
43	14	3
43	15	6
43	16	2
43	17	3
43	18	2
43	19	6
43	20	5
43	21	1
43	22	1
43	23	4
43	24	2
43	25	1
43	26	1
43	27	7
43	28	7
43	29	4
43	30	9
43	31	6
43	32	3
43	33	1
43	34	3
43	35	2
43	36	2
43	37	1
43	38	4
43	39	2
43	40	4
43	41	6
43	42	14
44	0	4
44	2	3
44	3	2
44	4	2
44	5	4
44	6	5
44	7	3
44	8	3
44	9	2
44	11	4
44	12	4
44	13	5
44	16	1
44	17	2
44	18	6
44	20	1
44	21	1
44	26	1
44	27	6
44	28	6
44	29	2
44	30	10
44	31	6
44	32	6
44	33	3
44	34	1
44	35	5
44	36	1
44	37	2
44	38	6
44	39	4
44	40	6
44	41	4
44	42	7
44	43	16
45	0	2
45	1	7
45	2	3
45	3	1
45	4	1
45	5	1
45	6	4
45	7	4
45	8	3
45	9	1
45	10	2
45	11	2
45	12	4
45	13	6
45	14	4
45	17	4
45	18	4
45	19	2
45	20	1
45	24	1
45	26	1
45	27	6
45	28	7
45	29	3
45	30	5
45	31	4
45	32	3
45	33	5
45	34	1
45	35	6
45	36	7
45	37	7
45	38	9
45	39	6
45	40	11
45	41	8
45	42	5
45	43	23
45	44	22
46	1	5
46	2	6
46	3	2
46	4	3
46	5	5
46	8	3
46	9	4
46	10	1
46	11	1
46	12	4
46	13	2
46	14	2
46	15	1
46	18	5
46	19	3
46	21	1
46	22	1
46	26	3
46	27	2
46	28	6
46	29	2
46	30	4
46	31	6
46	32	4
46	33	2
46	34	5
46	35	6
46	36	3
46	37	5
46	38	5
46	39	6
46	40	7
46	41	5
46	42	2
46	43	9
46	44	11
46	45	17
47	1	1
47	2	3
47	3	3
47	4	1
47	7	1
47	8	3
47	9	4
47	10	3
47	11	3
47	12	1
47	13	2
47	14	3
47	15	3
47	16	1
47	17	3
47	18	2
47	19	3
47	20	1
47	23	1
47	24	1
47	27	1
47	28	6
47	29	3
47	30	4
47	31	4
47	32	5
47	33	2
47	34	2
47	35	2
47	36	6
47	38	10
47	39	5
47	40	2
47	41	9
47	42	1
47	43	11
47	44	5
47	45	5
47	46	12
48	1	5
48	2	4
48	3	2
48	4	2
48	7	1
48	8	1
48	10	1
48	12	4
48	13	3
48	14	2
48	15	2
48	20	1
48	22	1
48	23	1
48	24	2
48	27	2
48	28	1
48	30	1
48	31	6
48	35	2
48	36	1
48	37	5
48	38	4
48	39	2
48	40	3
48	41	5
48	42	5
48	43	5
48	44	2
48	45	4
48	46	13
48	47	18
49	0	1
49	1	3
49	2	2
49	3	3
49	4	3
49	5	6
49	6	3
49	7	2
49	8	3
49	9	6
49	10	3
49	11	4
49	12	5
49	13	6
49	14	2
49	15	4
49	16	2
49	17	3
49	18	3
49	19	4
49	21	7
49	23	1
49	24	6
49	25	3
49	27	1
49	28	3
49	29	3
49	32	7
49	33	6
49	34	7
49	35	7
49	36	2
49	37	5
49	38	5
49	39	6
49	40	6
49	41	7
49	42	9
49	43	6
49	44	2
49	45	10
49	46	19
49	47	18
49	48	15
50	0	3
50	1	2
50	3	2
50	4	2
50	5	2
50	8	7
50	9	2
50	10	3
50	12	3
50	13	3
50	14	2
50	15	4
50	18	3
50	19	2
50	23	1
50	26	1
50	27	4
50	28	4
50	29	1
50	30	2
50	32	3
50	35	1
50	36	3
50	37	5
50	39	3
50	40	3
50	41	4
50	42	3
50	43	6
50	44	3
50	45	1
50	46	2
50	47	6
50	48	4
50	49	20
51	1	1
51	4	1
51	5	2
51	8	4
51	9	3
51	10	2
51	11	3
51	12	1
51	13	4
51	14	4
51	15	4
51	16	3
51	17	6
51	18	3
51	20	1
51	23	2
51	24	1
51	27	4
51	28	5
51	29	1
51	30	4
51	31	1
51	32	4
51	33	2
51	34	2
51	35	3
51	36	2
51	37	4
51	38	3
51	39	6
51	40	3
51	41	4
51	42	4
51	43	4
51	44	5
51	45	4
51	46	4
51	47	6
51	48	3
51	49	9
51	50	8
52	0	1
52	6	2
52	7	2
52	8	4
52	9	3
52	10	5
52	11	7
52	12	4
52	13	8
52	14	2
52	15	3
52	16	4
52	17	3
52	19	2
52	20	1
52	21	1
52	24	4
52	26	4
52	27	4
52	28	10
52	29	4
52	30	3
52	31	1
52	32	5
52	33	2
52	34	2
52	35	3
52	36	2
52	37	6
52	38	8
52	39	4
52	40	5
52	41	2
52	42	6
52	43	2
52	44	4
52	45	2
52	46	6
52	47	9
52	48	4
52	49	12
52	50	12
52	51	32
53	1	4
53	2	1
53	3	4
53	4	3
53	5	1
53	6	1
53	7	1
53	8	4
53	9	3
53	10	2
53	11	7
53	12	4
53	13	4
53	14	3
53	15	5
53	16	5
53	17	1
53	18	3
53	19	2
53	20	3
53	22	1
53	24	3
53	26	4
53	28	4
53	29	2
53	30	2
53	31	4
53	32	6
53	33	5
53	34	4
53	35	2
53	36	4
53	37	2
53	38	11
53	39	7
53	40	11
53	41	5
53	42	2
53	43	3
53	44	3
53	45	7
53	46	5
53	47	6
53	48	8
53	49	24
53	50	6
53	51	14
53	52	22
54	0	3
54	1	2
54	2	4
54	3	1
54	4	3
54	5	6
54	6	1
54	8	1
54	9	2
54	10	1
54	11	3
54	12	2
54	13	5
54	14	3
54	15	3
54	16	3
54	17	3
54	18	4
54	19	3
54	20	2
54	26	1
54	27	1
54	28	3
54	29	3
54	30	3
54	31	3
54	32	8
54	34	3
54	35	7
54	36	1
54	37	2
54	38	7
54	39	2
54	40	6
54	41	8
54	42	5
54	43	8
54	44	8
54	45	5
54	46	8
54	47	16
54	48	4
54	49	6
54	50	3
54	51	6
54	52	3
54	53	6
55	0	7
55	1	3
55	2	5
55	3	3
55	4	2
55	5	3
55	8	2
55	9	5
55	10	7
55	11	2
55	12	1
55	13	5
55	14	4
55	15	2
55	16	2
55	17	3
55	19	4
55	20	1
55	21	2
55	22	3
55	24	3
55	25	1
55	27	5
55	28	4
55	29	5
55	30	6
55	31	6
55	32	2
55	33	5
55	34	2
55	35	6
55	36	5
55	37	3
55	38	2
55	39	5
55	40	11
55	41	9
55	42	5
55	43	6
55	44	3
55	45	4
55	46	15
55	47	11
55	48	4
55	49	16
55	50	7
55	51	9
55	52	4
55	53	5
55	54	23
56	3	1
56	4	3
56	5	1
56	6	5
56	8	3
56	9	3
56	10	3
56	11	2
56	12	5
56	13	2
56	15	4
56	17	4
56	19	4
56	20	3
56	21	2
56	22	2
56	23	1
56	26	2
56	27	3
56	28	2
56	29	1
56	30	3
56	31	5
56	33	1
56	35	6
56	36	4
56	37	2
56	38	2
56	39	4
56	40	5
56	41	6
56	42	5
56	43	6
56	44	4
56	45	9
56	46	18
56	47	11
56	48	8
56	49	11
56	50	7
56	51	6
56	52	6
56	53	13
56	54	4
56	55	8
57	0	1
57	2	5
57	3	5
57	4	6
57	6	2
57	8	2
57	9	5
57	10	4
57	11	1
57	12	4
57	13	2
57	15	1
57	16	6
57	17	2
57	18	1
57	19	4
57	22	1
57	23	2
57	24	2
57	27	2
57	28	4
57	29	1
57	30	5
57	31	4
57	32	1
57	34	5
57	35	4
57	36	1
57	37	1
57	38	9
57	39	7
57	40	5
57	41	4
57	42	6
57	43	5
57	44	3
57	45	5
57	46	5
57	47	6
57	48	8
57	49	9
57	50	4
57	51	8
57	52	5
57	53	10
57	54	8
57	55	5
57	56	17
58	0	1
58	1	2
58	3	1
58	8	1
58	9	2
58	10	6
58	12	5
58	15	3
58	17	5
58	19	2
58	20	2
58	23	3
58	24	2
58	25	1
58	26	1
58	27	2
58	28	2
58	29	4
58	30	5
58	31	2
58	32	2
58	33	1
58	35	2
58	36	4
58	37	5
58	38	5
58	39	4
58	40	7
58	41	3
58	42	4
58	43	4
58	44	2
58	45	4
58	46	4
58	47	12
58	48	2
58	49	8
58	50	9
58	51	4
58	52	5
58	53	6
58	54	7
58	55	9
58	56	7
58	57	17
59	1	3
59	2	2
59	3	4
59	4	4
59	5	1
59	7	3
59	8	4
59	9	3
59	10	4
59	11	2
59	12	5
59	13	5
59	14	2
59	15	9
59	16	3
59	17	6
59	18	3
59	19	1
59	20	2
59	22	1
59	24	4
59	26	4
59	27	2
59	28	8
59	29	6
59	30	9
59	31	5
59	32	3
59	33	8
59	34	6
59	35	9
59	36	4
59	37	6
59	38	8
59	39	3
59	40	9
59	41	8
59	42	11
59	43	14
59	44	10
59	45	11
59	46	11
59	47	6
59	48	4
59	49	3
59	50	3
59	51	7
59	52	2
59	53	7
59	54	6
59	55	3
59	56	8
59	57	14
59	58	10
60	0	5
60	1	4
60	2	1
60	3	1
60	4	5
60	5	1
60	6	4
60	7	2
60	8	3
60	9	4
60	10	3
60	11	5
60	12	6
60	13	8
60	14	7
60	15	1
60	16	7
60	17	1
60	18	2
60	19	3
60	20	2
60	21	7
60	22	2
60	24	3
60	27	3
60	28	4
60	29	3
60	30	5
60	31	2
60	32	4
60	33	4
60	34	4
60	35	10
60	36	5
60	37	5
60	38	17
60	39	10
60	40	10
60	41	9
60	42	4
60	43	3
60	44	9
60	45	5
60	46	2
60	47	3
60	48	2
60	49	21
60	50	6
60	51	23
60	52	30
60	53	27
60	54	9
60	55	10
60	56	6
60	57	3
60	58	11
60	59	12
