1	0	21
2	0	9
2	1	11
3	0	4
3	1	6
3	2	8
4	0	3
4	1	2
4	2	9
4	3	6
5	0	1
5	1	4
5	2	2
5	3	9
5	4	8
6	0	2
6	1	5
6	2	3
6	3	8
6	4	10
6	5	12
7	1	3
7	2	3
7	3	2
7	4	8
7	5	10
7	6	10
8	0	1
8	1	2
8	2	7
8	3	10
8	4	21
8	5	16
8	6	16
8	7	18
9	0	3
9	1	5
9	2	6
9	3	6
9	4	12
9	5	9
9	6	5
9	7	6
9	8	13
10	0	2
10	1	2
10	2	7
10	3	3
10	4	13
10	5	3
10	6	5
10	7	7
10	8	6
10	9	16
11	0	1
11	1	1
11	2	3
11	3	4
11	4	6
11	5	4
11	6	3
11	7	6
11	8	5
11	9	7
11	10	20
12	1	2
12	2	1
12	3	4
12	4	5
12	5	1
12	6	3
12	7	3
12	8	6
12	9	7
12	10	19
12	11	19
13	0	3
13	1	1
13	2	5
13	3	4
13	4	4
13	5	4
13	6	1
13	8	6
13	9	12
13	10	7
13	11	10
13	12	7
14	1	1
14	2	2
14	6	4
14	7	3
14	8	3
14	9	6
14	10	7
14	11	4
14	12	3
14	13	13
15	0	5
15	2	3
15	3	7
15	4	3
15	5	3
15	6	3
15	8	3
15	9	1
15	10	5
15	11	5
15	12	3
15	13	9
15	14	14
16	1	4
16	3	2
16	4	6
16	5	1
16	6	3
16	7	2
16	8	4
16	9	5
16	10	9
16	11	4
16	12	7
16	13	18
16	14	13
16	15	5
17	3	3
17	4	7
17	5	3
17	6	2
17	7	3
17	8	5
17	9	4
17	10	6
17	11	4
17	12	6
17	13	10
17	14	10
17	15	7
17	16	12
18	1	2
18	2	6
18	3	4
18	4	10
18	5	2
18	6	2
18	7	4
18	8	9
18	9	1
18	10	3
18	11	6
18	12	6
18	13	13
18	14	8
18	15	6
18	16	7
18	17	10
19	0	2
19	1	4
19	2	1
19	3	4
19	4	6
19	5	7
19	6	2
19	7	2
19	8	14
19	9	5
19	10	7
19	11	9
19	12	5
19	13	12
19	14	11
19	15	2
19	16	10
19	17	13
19	18	13
20	1	3
20	2	1
20	3	4
20	4	8
20	5	8
20	6	6
20	7	6
20	8	8
20	9	3
20	10	4
20	11	3
20	12	7
20	13	7
20	14	1
20	15	3
20	16	5
20	17	4
20	18	10
20	19	14
21	0	1
21	1	3
21	2	2
21	3	1
21	4	7
21	5	9
21	6	5
21	7	1
21	8	5
21	9	4
21	10	5
21	11	5
21	12	5
21	13	4
21	14	6
21	15	1
21	16	3
21	17	6
21	18	11
21	19	11
21	20	21
22	1	2
22	2	3
22	3	2
22	4	4
22	5	6
22	6	8
22	7	5
22	8	4
22	9	2
22	10	6
22	11	1
22	12	8
22	13	5
22	14	3
22	15	5
22	16	8
22	17	9
22	18	10
22	19	11
22	20	20
22	21	14
23	0	4
23	1	5
23	2	5
23	3	1
23	4	6
23	5	3
23	6	5
23	7	3
23	8	4
23	9	2
23	10	2
23	11	2
23	12	3
23	13	7
23	14	3
23	15	4
23	16	2
23	17	4
23	18	8
23	19	6
23	20	7
23	21	2
23	22	14
24	1	3
24	2	4
24	3	6
24	4	7
24	5	4
24	6	3
24	7	3
24	8	5
24	9	4
24	10	4
24	11	5
24	12	1
24	13	2
24	14	3
24	15	1
24	16	2
24	17	2
24	18	5
24	19	5
24	20	6
24	21	5
24	22	9
24	23	18
25	4	4
25	8	1
25	11	1
25	12	2
25	19	1
25	22	3
26	1	1
26	2	1
26	3	1
26	8	1
26	10	2
26	13	1
26	14	4
26	15	3
26	16	5
26	17	3
26	18	4
26	19	6
26	20	1
26	22	5
26	24	2
27	4	3
27	5	2
27	6	4
27	7	3
27	8	4
27	9	4
27	10	2
27	11	3
27	13	8
27	14	6
27	15	4
27	16	4
27	17	5
27	18	4
27	19	5
27	20	3
27	21	4
27	22	6
27	23	1
27	24	2
27	25	1
27	26	5
28	0	6
28	1	1
28	2	1
28	3	7
28	4	6
28	5	4
28	6	5
28	7	4
28	8	4
28	9	4
28	10	5
28	11	3
28	12	4
28	13	7
28	14	7
28	15	8
28	16	10
28	17	6
28	18	16
28	19	4
28	20	3
28	21	8
28	22	3
28	23	1
28	24	5
28	26	7
28	27	10
29	1	1
29	2	5
29	3	4
29	4	7
29	5	4
29	6	2
29	7	1
29	8	4
29	9	4
29	10	4
29	12	1
29	13	3
29	14	3
29	15	2
29	17	4
29	18	8
29	19	5
29	20	7
29	21	10
29	22	3
29	23	7
29	24	5
29	27	2
29	28	6
30	0	3
30	1	5
30	2	5
30	3	1
30	4	9
30	5	4
30	6	3
30	7	1
30	8	8
30	9	5
30	10	2
30	11	5
30	12	3
30	13	2
30	14	2
30	15	7
30	16	4
30	17	3
30	18	3
30	19	6
30	20	8
30	21	6
30	22	4
30	23	2
30	24	1
30	26	5
30	27	3
30	28	6
30	29	8
31	1	2
31	2	2
31	3	2
31	4	4
31	5	1
31	8	5
31	9	3
31	10	4
31	11	2
31	12	2
31	13	2
31	14	3
31	15	4
31	16	3
31	17	1
31	18	1
31	20	5
31	21	7
31	22	1
31	23	2
31	24	3
31	27	3
31	28	10
31	29	7
31	30	14
32	0	1
32	1	1
32	2	3
32	4	3
32	5	1
32	6	3
32	8	3
32	9	3
32	10	3
32	12	3
32	13	3
32	14	4
32	15	3
32	16	7
32	17	4
32	18	5
32	19	6
32	20	4
32	21	3
32	22	4
32	23	3
32	24	2
32	26	3
32	27	5
32	28	9
32	29	4
32	30	4
32	31	9
33	1	3
33	2	1
33	3	3
33	4	5
33	5	4
33	6	4
33	7	3
33	8	3
33	9	3
33	10	6
33	11	2
33	13	8
33	14	5
33	15	3
33	16	5
33	17	4
33	18	6
33	19	4
33	20	4
33	21	6
33	22	8
33	23	4
33	24	4
33	26	2
33	27	8
33	28	14
33	29	6
33	30	15
33	31	7
33	32	17
34	0	2
34	1	4
34	2	2
34	3	5
34	4	6
34	5	4
34	6	3
34	7	5
34	8	3
34	9	4
34	10	5
34	11	1
34	12	6
34	13	3
34	14	5
34	15	1
34	16	5
34	17	4
34	18	10
34	19	6
34	20	8
34	21	13
34	22	4
34	23	1
34	24	5
34	25	1
34	26	2
34	27	3
34	28	9
34	29	3
34	30	7
34	31	11
34	32	8
34	33	12
35	0	1
35	1	4
35	2	1
35	3	5
35	4	7
35	5	7
35	6	7
35	7	1
35	8	7
35	9	10
35	10	9
35	11	2
35	12	5
35	13	13
35	14	4
35	15	4
35	16	12
35	17	9
35	18	19
35	19	13
35	20	5
35	21	14
35	22	6
35	23	5
35	24	7
35	26	3
35	27	6
35	28	17
35	29	9
35	30	4
35	31	2
35	32	5
35	33	8
35	34	9
36	1	3
36	2	3
36	3	3
36	4	10
36	5	3
36	6	6
36	7	3
36	8	9
36	9	8
36	10	9
36	11	4
36	12	6
36	13	6
36	14	6
36	15	4
36	16	2
36	17	4
36	18	9
36	19	5
36	20	8
36	21	6
36	22	3
36	24	3
36	26	4
36	27	3
36	28	9
36	29	4
36	30	3
36	31	3
36	33	2
36	34	4
36	35	5
37	0	2
37	1	5
37	2	2
37	3	1
37	4	5
37	5	1
37	6	2
37	7	5
37	8	2
37	9	3
37	10	2
37	11	2
37	12	6
37	13	16
37	14	9
37	15	7
37	16	4
37	17	5
37	18	15
37	19	7
37	20	8
37	21	2
37	22	3
37	23	3
37	24	4
37	25	1
37	26	1
37	27	4
37	28	15
37	29	7
37	30	7
37	31	4
37	32	3
37	33	4
37	34	6
37	35	15
37	36	9
38	0	1
38	1	1
38	2	5
38	3	5
38	4	7
38	5	5
38	7	3
38	8	7
38	9	7
38	10	10
38	11	5
38	12	12
38	13	13
38	14	4
38	15	8
38	16	5
38	17	5
38	18	5
38	19	7
38	20	1
38	21	8
38	22	1
38	23	3
38	24	2
38	25	2
38	26	2
38	27	3
38	28	12
38	29	4
38	30	4
38	31	5
38	32	9
38	33	8
38	34	7
38	35	12
38	36	5
38	37	10
39	1	1
39	2	5
39	3	4
39	4	3
39	5	6
39	6	3
39	7	2
39	8	7
39	9	5
39	10	9
39	11	6
39	12	5
39	13	12
39	14	2
39	15	7
39	16	4
39	17	7
39	18	8
39	19	3
39	20	2
39	21	2
39	22	4
39	23	1
39	24	2
39	26	3
39	27	6
39	28	12
39	29	7
39	30	7
39	31	7
39	32	4
39	33	8
39	34	8
39	35	17
39	36	8
39	37	18
39	38	27
40	1	3
40	2	4
40	3	4
40	4	5
40	5	3
40	6	4
40	7	3
40	8	2
40	9	6
40	10	3
40	11	2
40	12	5
40	13	5
40	14	4
40	15	5
40	16	2
40	17	5
40	18	3
40	19	2
40	20	6
40	21	1
40	22	2
40	24	5
40	25	1
40	26	3
40	27	5
40	28	10
40	29	4
40	30	9
40	31	7
40	32	9
40	33	7
40	34	5
40	35	7
40	36	11
40	37	10
40	38	26
40	39	15
41	1	3
41	2	4
41	3	6
41	4	7
41	5	3
41	6	1
41	7	2
41	8	5
41	9	7
41	10	7
41	11	4
41	12	1
41	13	2
41	14	6
41	15	3
41	16	5
41	17	4
41	18	4
41	19	1
41	20	6
41	21	1
41	22	3
41	23	1
41	24	2
41	25	1
41	26	2
41	27	5
41	28	9
41	29	3
41	30	3
41	31	7
41	32	5
41	33	7
41	34	4
41	35	10
41	36	4
41	37	7
41	38	26
41	39	9
41	40	29
42	0	1
42	3	1
42	4	4
42	5	3
42	6	1
42	7	2
42	8	3
42	9	3
42	10	1
42	11	1
42	12	7
42	13	4
42	14	1
42	15	4
42	16	1
42	17	4
42	19	3
42	20	3
42	21	1
42	22	2
42	24	3
42	26	1
42	27	7
42	28	11
42	30	7
42	31	6
42	32	8
42	33	4
42	34	4
42	35	7
42	36	2
42	37	2
42	38	4
42	39	8
42	40	9
42	41	14
43	1	5
43	2	3
43	3	4
43	4	3
43	5	3
43	6	5
43	7	4
43	8	1
43	9	4
43	10	1
43	12	3
43	13	3
43	14	3
43	15	3
43	16	1
43	17	4
43	18	5
43	19	4
43	20	2
43	21	4
43	22	5
43	23	2
43	24	2
43	26	3
43	27	3
43	28	4
43	29	7
43	30	8
43	31	11
43	32	4
43	33	2
43	34	5
43	35	5
43	36	5
43	37	6
43	38	6
43	39	5
43	40	7
43	41	6
43	42	8
44	1	2
44	2	2
44	3	2
44	4	3
44	5	2
44	6	2
44	7	3
44	8	4
44	9	2
44	10	2
44	11	2
44	12	1
44	13	2
44	16	3
44	17	5
44	18	2
44	19	4
44	20	3
44	21	7
44	26	3
44	27	4
44	28	7
44	29	4
44	30	7
44	31	7
44	32	4
44	33	5
44	34	2
44	35	8
44	36	3
44	37	1
44	38	7
44	39	3
44	40	5
44	41	4
44	42	5
44	43	20
45	0	3
45	1	3
45	2	1
45	3	1
45	4	4
45	5	3
45	6	1
45	7	4
45	8	3
45	9	3
45	10	3
45	11	3
45	12	2
45	13	6
45	14	3
45	17	1
45	18	5
45	19	4
45	23	1
45	24	2
45	25	2
45	26	2
45	27	2
45	28	5
45	29	3
45	30	9
45	31	6
45	32	4
45	33	6
45	34	1
45	35	5
45	36	2
45	37	5
45	38	5
45	39	6
45	40	3
45	41	10
45	42	6
45	43	11
45	44	20
46	0	3
46	1	5
46	2	5
46	3	2
46	4	4
46	5	4
46	7	2
46	8	6
46	9	1
46	10	2
46	11	3
46	12	6
46	13	2
46	14	1
46	15	4
46	18	1
46	19	2
46	21	1
46	22	1
46	26	1
46	27	3
46	28	3
46	29	5
46	30	5
46	31	5
46	32	3
46	33	4
46	34	4
46	35	6
46	36	6
46	37	5
46	38	6
46	39	2
46	40	2
46	41	6
46	42	5
46	43	11
46	44	10
46	45	16
47	1	3
47	2	4
47	3	1
47	4	5
47	7	3
47	8	2
47	9	2
47	10	7
47	12	3
47	13	2
47	14	4
47	15	4
47	16	2
47	17	3
47	18	4
47	19	1
47	20	1
47	23	2
47	24	3
47	27	5
47	28	4
47	29	3
47	30	1
47	31	4
47	32	2
47	33	2
47	34	5
47	35	4
47	36	5
47	37	6
47	38	6
47	39	3
47	40	5
47	41	4
47	42	6
47	43	10
47	44	4
47	45	8
47	46	12
48	1	2
48	2	3
48	3	1
48	4	1
48	7	1
48	10	3
48	12	2
48	13	1
48	14	4
48	15	4
48	19	4
48	20	3
48	28	3
48	30	1
48	31	2
48	35	5
48	36	3
48	37	2
48	38	5
48	39	3
48	40	4
48	41	7
48	42	1
48	43	2
48	44	3
48	45	4
48	46	11
48	47	18
49	1	3
49	2	2
49	3	3
49	4	5
49	5	5
49	6	5
49	7	1
49	8	2
49	9	4
49	11	4
49	12	6
49	13	3
49	15	2
49	16	5
49	17	2
49	19	1
49	20	2
49	21	3
49	23	1
49	24	1
49	27	3
49	28	3
49	29	6
49	30	11
49	31	3
49	32	3
49	33	3
49	35	4
49	36	5
49	37	3
49	38	11
49	39	6
49	40	4
49	41	6
49	42	4
49	43	10
49	44	6
49	45	9
49	46	10
49	47	17
49	48	17
50	0	2
50	4	2
50	10	5
50	12	4
50	13	3
50	14	2
50	15	1
50	18	1
50	19	2
50	22	1
50	23	1
50	25	1
50	27	2
50	28	3
50	29	1
50	30	3
50	31	1
50	32	3
50	36	4
50	38	3
50	39	4
50	40	3
50	41	6
50	42	3
50	43	2
50	44	3
50	45	4
50	46	2
50	47	8
50	48	5
50	49	17
51	1	1
51	4	2
51	5	2
51	7	2
51	8	3
51	10	4
51	11	1
51	13	3
51	14	2
51	15	4
51	16	4
51	17	4
51	18	2
51	19	1
51	20	2
51	24	2
51	26	3
51	27	6
51	28	8
51	29	3
51	30	4
51	31	1
51	32	5
51	33	4
51	34	3
51	35	1
51	36	3
51	37	2
51	38	12
51	39	2
51	40	2
51	41	6
51	42	1
51	43	5
51	44	3
51	45	3
51	46	3
51	47	8
51	48	1
51	49	7
51	50	12
52	4	3
52	6	2
52	7	3
52	8	2
52	9	3
52	10	5
52	12	5
52	13	1
52	14	3
52	15	5
52	16	4
52	17	2
52	18	4
52	19	2
52	20	3
52	21	1
52	23	5
52	24	3
52	27	5
52	28	9
52	29	1
52	30	2
52	32	4
52	33	2
52	34	2
52	35	6
52	36	2
52	37	2
52	38	13
52	39	9
52	40	9
52	41	2
52	42	4
52	43	2
52	44	2
52	45	3
52	46	5
52	47	4
52	48	12
52	49	5
52	50	11
52	51	33
53	1	2
53	2	2
53	3	4
53	4	5
53	5	4
53	6	1
53	8	2
53	9	4
53	10	5
53	11	7
53	12	6
53	13	3
53	14	6
53	15	2
53	16	2
53	17	1
53	18	3
53	19	2
53	20	2
53	22	2
53	24	1
53	26	4
53	27	1
53	28	9
53	29	3
53	30	3
53	31	4
53	32	6
53	33	4
53	34	1
53	35	6
53	36	3
53	37	6
53	38	3
53	39	6
53	40	2
53	41	9
53	42	3
53	43	4
53	44	2
53	45	2
53	46	6
53	47	12
53	48	8
53	49	19
53	50	10
53	51	15
53	52	16
54	0	1
54	1	4
54	2	3
54	3	4
54	4	2
54	5	3
54	6	3
54	7	3
54	8	5
54	9	2
54	10	4
54	11	3
54	12	2
54	13	4
54	14	3
54	15	1
54	16	3
54	17	2
54	18	2
54	19	2
54	20	2
54	26	1
54	27	2
54	28	6
54	29	2
54	30	2
54	31	5
54	32	2
54	33	8
54	34	5
54	35	3
54	36	4
54	37	4
54	38	12
54	39	8
54	40	4
54	41	8
54	42	7
54	43	7
54	44	9
54	45	4
54	46	6
54	47	16
54	48	7
54	49	10
54	50	4
54	51	9
54	52	5
54	53	6
55	0	3
55	1	1
55	2	3
55	3	4
55	5	5
55	8	5
55	9	2
55	10	4
55	11	3
55	12	1
55	13	9
55	14	3
55	15	2
55	16	1
55	17	4
55	18	2
55	19	5
55	20	3
55	22	3
55	24	1
55	28	7
55	29	3
55	30	4
55	31	5
55	32	1
55	33	3
55	34	4
55	35	4
55	36	5
55	37	4
55	38	6
55	39	5
55	40	4
55	41	9
55	42	7
55	43	5
55	44	7
55	45	8
55	46	10
55	47	8
55	48	10
55	49	16
55	50	4
55	51	4
55	52	5
55	53	9
55	54	19
56	3	2
56	4	3
56	8	1
56	9	2
56	10	5
56	11	2
56	12	1
56	13	1
56	15	2
56	17	1
56	18	2
56	19	3
56	20	3
56	21	1
56	22	1
56	23	1
56	26	3
56	28	4
56	29	2
56	31	2
56	32	3
56	33	2
56	35	2
56	36	3
56	37	6
56	38	4
56	39	7
56	41	5
56	42	4
56	43	5
56	44	6
56	45	7
56	46	12
56	47	6
56	48	8
56	49	13
56	50	2
56	51	8
56	52	5
56	53	5
56	54	5
56	55	3
57	0	2
57	3	2
57	4	5
57	6	5
57	8	2
57	9	1
57	10	1
57	11	2
57	12	3
57	13	5
57	15	3
57	16	2
57	17	1
57	18	2
57	19	4
57	23	1
57	24	1
57	25	1
57	27	4
57	28	3
57	29	3
57	30	5
57	31	10
57	32	4
57	33	5
57	34	3
57	35	3
57	36	2
57	37	5
57	38	8
57	39	2
57	40	5
57	41	7
57	42	3
57	43	6
57	44	3
57	45	5
57	46	4
57	47	12
57	48	15
57	49	16
57	50	3
57	51	5
57	52	6
57	53	6
57	54	10
57	55	7
57	56	19
58	0	3
58	1	5
58	4	2
58	8	6
58	9	1
58	10	1
58	12	1
58	13	2
58	14	2
58	15	6
58	17	1
58	18	1
58	19	1
58	23	4
58	24	3
58	26	2
58	27	5
58	28	4
58	29	2
58	30	3
58	31	3
58	32	3
58	33	1
58	34	2
58	35	6
58	36	1
58	37	1
58	38	10
58	39	3
58	40	8
58	41	3
58	42	1
58	43	7
58	44	5
58	45	3
58	46	8
58	48	1
58	49	11
58	50	2
58	51	7
58	52	6
58	53	11
58	54	5
58	55	4
58	56	2
58	57	7
59	1	4
59	3	2
59	4	4
59	5	2
59	7	1
59	8	2
59	9	2
59	10	2
59	11	4
59	12	5
59	13	4
59	14	3
59	15	3
59	16	4
59	17	5
59	18	5
59	19	4
59	20	3
59	21	4
59	22	2
59	24	2
59	26	4
59	27	7
59	28	8
59	29	4
59	30	3
59	31	8
59	32	4
59	33	7
59	34	3
59	35	6
59	36	2
59	37	4
59	38	5
59	39	4
59	40	8
59	41	7
59	42	13
59	43	13
59	44	13
59	45	12
59	46	9
59	47	7
59	48	5
59	49	4
59	50	7
59	51	3
59	52	7
59	53	3
59	54	7
59	55	3
59	56	8
59	57	14
59	58	8
60	0	2
60	1	2
60	2	2
60	3	6
60	4	8
60	5	5
60	6	5
60	7	4
60	8	5
60	9	4
60	10	2
60	11	6
60	12	4
60	13	7
60	14	5
60	15	4
60	16	3
60	17	5
60	18	2
60	19	3
60	20	8
60	22	1
60	24	4
60	26	5
60	27	5
60	28	12
60	29	2
60	30	4
60	31	2
60	32	6
60	33	3
60	35	6
60	36	7
60	37	3
60	38	13
60	39	11
60	40	11
60	41	7
60	42	7
60	43	4
60	44	6
60	45	4
60	46	8
60	47	9
60	48	8
60	49	8
60	50	10
60	51	18
60	52	19
60	53	22
60	54	9
60	55	8
60	56	4
60	57	5
60	58	8
60	59	8
