1	0	17
2	0	7
2	1	15
3	0	4
3	1	8
3	2	12
4	0	7
4	1	6
4	2	10
4	3	13
5	0	2
5	1	4
5	2	5
5	3	7
5	4	18
6	0	3
6	1	6
6	2	1
6	3	2
6	4	10
6	5	5
7	1	5
7	2	5
7	4	6
7	5	4
7	6	9
8	0	2
8	1	6
8	2	4
8	3	6
8	4	23
8	5	13
8	6	13
8	7	13
9	0	6
9	1	8
9	2	3
9	3	8
9	4	20
9	5	6
9	6	5
9	7	6
9	8	14
10	0	4
10	1	3
10	2	3
10	3	9
10	4	8
10	5	3
10	6	5
10	7	9
10	8	12
10	9	21
11	0	2
11	1	1
11	2	2
11	3	1
11	4	3
11	5	3
11	6	1
11	7	3
11	8	3
11	9	8
11	10	24
12	1	5
12	2	2
12	3	3
12	4	6
12	5	5
12	6	7
12	7	5
12	8	5
12	9	6
12	10	22
12	11	28
13	0	1
13	1	3
13	2	5
13	3	2
13	4	5
13	5	1
13	6	3
13	7	4
13	8	4
13	9	6
13	10	10
13	11	11
13	12	7
14	1	2
14	2	6
14	3	1
14	4	2
14	5	6
14	7	1
14	8	6
14	9	5
14	10	3
14	11	7
14	12	8
14	13	10
15	0	6
15	2	2
15	3	3
15	4	4
15	5	1
15	6	1
15	7	2
15	8	3
15	9	2
15	10	5
15	11	5
15	12	5
15	13	3
15	14	17
16	1	2
16	2	2
16	3	2
16	4	3
16	5	6
16	6	2
16	7	7
16	8	9
16	9	6
16	10	3
16	11	4
16	12	4
16	13	19
16	14	13
16	15	2
17	1	5
17	2	2
17	3	3
17	4	1
17	5	4
17	6	1
17	7	2
17	8	9
17	9	2
17	10	10
17	11	3
17	12	9
17	13	10
17	14	10
17	15	8
17	16	16
18	0	5
18	1	2
18	2	3
18	3	1
18	4	7
18	5	4
18	6	2
18	7	7
18	8	5
18	9	6
18	10	8
18	11	4
18	12	3
18	13	2
18	14	3
18	15	3
18	16	7
18	17	8
19	0	2
19	1	5
19	2	9
19	3	6
19	4	8
19	5	7
19	6	4
19	7	7
19	8	3
19	9	10
19	10	8
19	11	5
19	12	7
19	13	9
19	14	5
19	15	7
19	16	10
19	17	10
19	18	12
20	1	3
20	2	1
20	3	1
20	4	4
20	5	8
20	6	8
20	7	10
20	8	9
20	9	4
20	10	9
20	11	5
20	12	2
20	13	9
20	14	5
20	15	3
20	16	2
20	17	6
20	18	8
20	19	10
21	0	1
21	1	2
21	2	4
21	3	4
21	4	8
21	5	2
21	6	7
21	7	2
21	8	13
21	9	6
21	10	4
21	11	5
21	12	1
21	13	5
21	14	3
21	15	5
21	16	8
21	17	3
21	18	11
21	19	12
21	20	16
22	1	4
22	2	1
22	3	6
22	4	7
22	5	6
22	6	6
22	7	5
22	8	3
22	9	5
22	10	4
22	11	3
22	12	3
22	13	3
22	14	4
22	15	3
22	16	3
22	17	5
22	18	7
22	19	5
22	20	10
22	21	18
23	0	2
23	1	1
23	3	1
23	4	4
23	5	5
23	6	5
23	8	6
23	10	4
23	11	3
23	13	5
23	14	1
23	15	1
23	16	5
23	17	7
23	18	7
23	19	10
23	20	8
23	21	7
23	22	10
24	1	1
24	2	1
24	3	2
24	4	12
24	5	4
24	6	3
24	7	9
24	8	2
24	9	4
24	10	3
24	11	4
24	12	4
24	13	6
24	14	5
24	15	6
24	16	6
24	17	7
24	18	6
24	19	7
24	20	6
24	21	7
24	22	11
24	23	27
25	4	2
25	5	1
25	6	1
25	8	4
25	11	1
25	15	1
25	19	1
25	22	1
26	1	2
26	2	3
26	3	1
26	6	3
26	8	5
26	10	3
26	13	3
26	14	6
26	15	2
26	16	1
26	17	3
26	18	3
26	19	5
26	20	2
27	3	2
27	4	2
27	5	2
27	6	3
27	7	2
27	8	6
27	9	2
27	10	2
27	11	2
27	12	2
27	13	6
27	14	4
27	15	6
27	16	8
27	17	3
27	18	1
27	19	2
27	20	6
27	21	5
27	22	5
27	23	2
27	24	3
27	26	5
28	1	3
28	2	5
28	3	2
28	4	8
28	5	7
28	6	5
28	7	4
28	8	10
28	9	8
28	10	5
28	11	3
28	12	3
28	13	7
28	14	7
28	15	3
28	16	7
28	17	6
28	18	10
28	19	9
28	20	8
28	21	8
28	22	4
28	23	2
28	24	2
28	26	1
28	27	9
29	2	2
29	3	1
29	4	1
29	5	5
29	6	6
29	7	1
29	8	4
29	9	3
29	10	2
29	11	1
29	12	4
29	13	1
29	14	2
29	15	1
29	16	4
29	17	1
29	19	4
29	20	3
29	21	5
29	22	1
29	23	2
29	24	5
29	27	1
29	28	8
30	0	2
30	1	6
30	2	5
30	3	4
30	4	6
30	5	1
30	6	3
30	7	2
30	8	4
30	9	3
30	10	6
30	11	2
30	12	4
30	13	4
30	14	4
30	15	1
30	16	1
30	17	4
30	18	4
30	19	4
30	21	6
30	22	4
30	23	4
30	24	7
30	26	2
30	27	4
30	28	9
30	29	8
31	1	3
31	2	4
31	3	2
31	4	4
31	5	3
31	8	1
31	9	4
31	10	4
31	11	2
31	12	6
31	13	1
31	14	2
31	15	3
31	16	5
31	17	3
31	18	3
31	19	3
31	21	4
31	22	2
31	24	2
31	26	5
31	27	5
31	28	9
31	29	7
31	30	15
32	0	3
32	1	3
32	4	3
32	5	4
32	6	4
32	8	3
32	9	2
32	10	2
32	11	2
32	12	3
32	13	5
32	14	5
32	15	4
32	16	2
32	17	3
32	18	5
32	20	4
32	21	2
32	22	1
32	23	5
32	26	4
32	27	8
32	28	18
32	29	5
32	30	11
32	31	9
33	1	6
33	2	5
33	3	1
33	4	5
33	5	2
33	6	1
33	7	2
33	8	6
33	9	1
33	10	6
33	12	4
33	13	6
33	14	3
33	15	2
33	16	1
33	17	2
33	18	1
33	19	6
33	20	7
33	21	5
33	22	4
33	23	2
33	24	6
33	26	4
33	27	8
33	28	6
33	29	4
33	30	11
33	31	9
33	32	12
34	0	1
34	1	1
34	2	2
34	3	2
34	4	4
34	5	2
34	6	4
34	7	3
34	8	5
34	9	4
34	10	3
34	11	3
34	12	2
34	13	3
34	14	2
34	15	1
34	16	3
34	17	7
34	18	11
34	19	9
34	20	6
34	21	7
34	22	4
34	23	3
34	24	7
34	25	1
34	26	1
34	27	3
34	28	8
34	29	7
34	30	8
34	31	4
34	32	11
34	33	15
35	0	2
35	1	6
35	2	4
35	3	3
35	4	10
35	5	4
35	6	2
35	7	7
35	8	10
35	9	2
35	10	5
35	11	5
35	12	1
35	13	12
35	14	5
35	15	7
35	16	8
35	17	3
35	18	13
35	19	11
35	20	8
35	21	7
35	22	6
35	23	3
35	24	5
35	26	4
35	27	6
35	28	23
35	29	7
35	30	5
35	31	3
35	32	7
35	33	17
35	34	17
36	0	3
36	1	4
36	2	2
36	3	7
36	4	3
36	5	1
36	6	2
36	7	3
36	8	5
36	9	7
36	10	6
36	11	2
36	12	4
36	13	8
36	14	8
36	15	2
36	16	6
36	17	7
36	18	7
36	19	7
36	20	3
36	21	4
36	22	3
36	24	1
36	25	2
36	26	1
36	27	5
36	28	7
36	29	1
36	30	4
36	31	2
36	32	2
36	33	3
36	34	4
36	35	10
37	1	4
37	2	5
37	3	3
37	4	9
37	5	3
37	6	1
37	7	1
37	8	6
37	9	4
37	10	4
37	11	3
37	12	14
37	13	10
37	14	3
37	15	3
37	16	3
37	17	5
37	18	5
37	19	6
37	20	6
37	21	3
37	22	5
37	23	5
37	24	3
37	25	2
37	26	1
37	27	2
37	28	12
37	29	6
37	30	6
37	31	5
37	32	6
37	33	4
37	34	3
37	35	18
37	36	5
38	0	3
38	1	4
38	2	1
38	3	1
38	4	6
38	5	6
38	6	3
38	7	4
38	8	4
38	9	5
38	10	4
38	11	6
38	12	5
38	13	7
38	14	7
38	15	7
38	16	5
38	17	3
38	18	5
38	19	6
38	20	9
38	21	2
38	22	2
38	23	3
38	24	5
38	25	1
38	26	2
38	27	9
38	28	17
38	29	3
38	30	6
38	31	8
38	32	3
38	33	8
38	34	7
38	35	11
38	36	10
38	37	20
39	1	2
39	2	1
39	3	2
39	4	4
39	5	4
39	6	5
39	7	8
39	8	3
39	9	3
39	10	5
39	11	3
39	12	5
39	13	15
39	14	5
39	15	5
39	16	6
39	17	8
39	18	7
39	19	2
39	20	9
39	21	3
39	22	1
39	23	5
39	24	4
39	26	2
39	27	7
39	28	12
39	29	4
39	30	5
39	31	4
39	32	7
39	33	8
39	34	6
39	35	12
39	36	13
39	37	14
39	38	35
40	1	7
40	2	1
40	3	2
40	4	6
40	5	4
40	6	5
40	7	5
40	8	8
40	9	2
40	10	3
40	11	1
40	12	4
40	13	4
40	14	4
40	15	5
40	16	7
40	17	4
40	18	4
40	19	5
40	20	5
40	21	7
40	22	5
40	23	3
40	24	5
40	26	1
40	27	8
40	28	8
40	29	4
40	30	7
40	31	3
40	32	8
40	33	8
40	34	3
40	35	11
40	36	5
40	37	7
40	38	26
40	39	17
41	1	4
41	2	6
41	3	3
41	4	3
41	5	3
41	6	3
41	7	2
41	8	4
41	9	7
41	10	2
41	11	4
41	12	2
41	13	5
41	14	3
41	15	1
41	16	9
41	18	4
41	19	6
41	20	2
41	21	2
41	22	5
41	23	4
41	24	1
41	25	1
41	26	3
41	27	1
41	28	7
41	29	6
41	30	8
41	31	8
41	32	3
41	33	9
41	34	9
41	35	7
41	36	6
41	37	4
41	38	18
41	39	10
41	40	24
42	0	1
42	4	2
42	5	1
42	6	1
42	7	3
42	8	6
42	9	4
42	10	1
42	11	1
42	12	3
42	13	2
42	14	2
42	15	4
42	16	3
42	17	3
42	18	5
42	19	5
42	20	2
42	21	1
42	22	1
42	24	2
42	26	1
42	27	5
42	28	11
42	29	3
42	30	8
42	31	10
42	32	9
42	33	5
42	34	6
42	35	5
42	36	4
42	37	1
42	38	8
42	39	7
42	40	8
42	41	12
43	1	5
43	2	2
43	3	4
43	4	2
43	5	3
43	7	2
43	8	1
43	9	6
43	10	2
43	11	1
43	12	1
43	13	1
43	14	5
43	15	3
43	16	6
43	17	3
43	18	3
43	19	1
43	21	3
43	22	5
43	24	2
43	26	4
43	27	3
43	28	6
43	29	3
43	30	8
43	31	9
43	32	3
43	33	6
43	34	6
43	35	7
43	36	3
43	37	2
43	38	13
43	39	5
43	40	10
43	41	8
43	42	16
44	0	3
44	1	1
44	2	1
44	3	1
44	4	1
44	5	7
44	7	3
44	9	2
44	10	1
44	11	1
44	12	1
44	16	5
44	17	1
44	18	4
44	20	2
44	21	3
44	26	1
44	27	3
44	28	4
44	29	6
44	30	6
44	31	6
44	32	6
44	33	2
44	34	4
44	36	3
44	37	1
44	38	5
44	39	4
44	40	5
44	41	10
44	42	4
44	43	21
45	1	1
45	2	1
45	3	3
45	4	6
45	5	1
45	6	5
45	7	3
45	8	6
45	9	2
45	10	3
45	11	2
45	12	2
45	13	3
45	14	1
45	17	2
45	18	1
45	20	4
45	23	4
45	24	2
45	27	3
45	28	4
45	29	4
45	30	5
45	31	4
45	32	4
45	33	2
45	34	3
45	35	4
45	36	5
45	37	1
45	38	7
45	39	5
45	40	8
45	41	11
45	42	8
45	43	9
45	44	18
46	0	1
46	1	4
46	2	2
46	3	5
46	4	3
46	5	2
46	7	6
46	8	5
46	9	1
46	10	3
46	11	5
46	12	2
46	13	5
46	14	6
46	15	2
46	18	1
46	19	3
46	21	1
46	22	2
46	26	2
46	27	4
46	28	2
46	29	1
46	30	1
46	31	2
46	32	2
46	33	6
46	34	2
46	35	5
46	36	3
46	37	4
46	38	6
46	39	2
46	40	6
46	41	3
46	42	7
46	43	17
46	44	9
46	45	13
47	2	5
47	3	5
47	4	3
47	7	2
47	8	5
47	9	4
47	11	1
47	12	4
47	13	1
47	14	5
47	16	3
47	17	1
47	18	5
47	19	2
47	23	1
47	24	1
47	27	3
47	28	1
47	29	4
47	30	4
47	31	4
47	32	3
47	33	4
47	34	1
47	35	3
47	36	1
47	37	4
47	38	4
47	39	8
47	40	2
47	41	4
47	42	5
47	43	9
47	44	4
47	45	6
47	46	12
48	1	1
48	2	4
48	3	3
48	4	3
48	6	1
48	8	5
48	10	4
48	11	1
48	12	2
48	13	3
48	15	5
48	19	1
48	20	1
48	22	1
48	23	2
48	24	1
48	25	1
48	27	3
48	28	2
48	30	2
48	31	1
48	35	2
48	36	1
48	37	4
48	38	6
48	39	4
48	40	5
48	41	4
48	42	2
48	43	3
48	44	3
48	45	2
48	46	5
48	47	20
49	0	4
49	1	5
49	2	2
49	3	6
49	4	2
49	5	5
49	7	1
49	8	2
49	10	4
49	11	2
49	12	6
49	13	10
49	14	1
49	15	5
49	17	5
49	18	2
49	19	2
49	20	1
49	21	2
49	23	2
49	24	1
49	25	1
49	27	3
49	28	4
49	29	1
49	30	3
49	31	7
49	32	2
49	33	6
49	34	1
49	35	4
49	36	5
49	37	3
49	38	9
49	39	6
49	40	3
49	41	5
49	42	6
49	43	8
49	44	4
49	45	6
49	46	8
49	47	9
49	48	14
50	3	1
50	4	5
50	5	3
50	8	4
50	9	2
50	10	5
50	12	2
50	13	3
50	14	4
50	15	2
50	18	2
50	19	1
50	22	2
50	23	1
50	27	1
50	28	3
50	29	1
50	30	2
50	31	1
50	32	2
50	35	9
50	36	3
50	37	1
50	38	6
50	39	3
50	40	2
50	41	4
50	42	2
50	43	2
50	44	3
50	45	2
50	46	1
50	47	5
50	48	3
50	49	9
51	1	1
51	4	2
51	5	1
51	8	1
51	9	2
51	10	3
51	11	4
51	12	4
51	13	1
51	14	4
51	15	4
51	16	1
51	17	3
51	18	4
51	19	3
51	20	2
51	23	1
51	26	3
51	27	4
51	28	5
51	29	2
51	30	3
51	31	2
51	32	3
51	33	3
51	34	6
51	35	4
51	36	4
51	37	5
51	38	10
51	39	7
51	40	8
51	41	8
51	42	4
51	43	3
51	44	5
51	45	3
51	46	3
51	47	1
51	48	7
51	49	6
51	50	10
52	0	1
52	4	2
52	6	1
52	7	4
52	8	1
52	10	7
52	11	5
52	12	3
52	13	3
52	14	1
52	15	5
52	16	7
52	17	4
52	18	5
52	19	3
52	20	3
52	21	2
52	23	2
52	25	2
52	26	2
52	27	7
52	28	5
52	29	1
52	30	3
52	31	1
52	32	2
52	33	3
52	34	2
52	35	4
52	36	3
52	37	7
52	38	7
52	39	5
52	40	7
52	41	7
52	42	1
52	43	4
52	44	2
52	45	6
52	46	3
52	47	7
52	48	3
52	49	13
52	50	14
52	51	28
53	2	2
53	3	2
53	4	5
53	6	3
53	7	1
53	8	2
53	9	4
53	10	2
53	11	7
53	12	2
53	13	5
53	14	3
53	15	3
53	17	2
53	18	4
53	19	3
53	20	2
53	22	4
53	24	1
53	26	1
53	27	9
53	28	3
53	29	2
53	30	5
53	31	2
53	32	2
53	33	1
53	34	2
53	35	3
53	36	3
53	37	7
53	38	7
53	39	4
53	40	6
53	41	3
53	42	4
53	43	7
53	44	3
53	45	5
53	46	6
53	47	9
53	48	5
53	49	18
53	50	9
53	51	12
53	52	15
54	0	2
54	1	5
54	2	1
54	3	3
54	4	1
54	5	2
54	6	1
54	7	2
54	8	1
54	9	3
54	10	4
54	11	1
54	12	7
54	13	6
54	14	5
54	15	1
54	16	2
54	17	2
54	18	6
54	19	1
54	20	3
54	23	4
54	26	1
54	27	1
54	28	6
54	29	4
54	30	4
54	32	3
54	33	7
54	34	3
54	35	6
54	36	2
54	37	5
54	38	6
54	39	3
54	40	8
54	41	8
54	42	6
54	43	7
54	44	6
54	45	5
54	46	8
54	47	17
54	48	3
54	49	14
54	50	7
54	51	3
54	52	2
54	53	7
55	0	2
55	1	3
55	2	5
55	3	4
55	4	3
55	5	4
55	8	4
55	9	1
55	10	3
55	11	5
55	12	4
55	13	4
55	14	4
55	16	5
55	17	2
55	18	4
55	19	4
55	20	2
55	21	1
55	22	1
55	24	1
55	25	1
55	27	4
55	28	4
55	29	2
55	30	5
55	31	7
55	32	5
55	33	3
55	34	1
55	35	6
55	36	3
55	37	3
55	38	5
55	39	4
55	40	6
55	41	5
55	42	8
55	43	10
55	44	4
55	45	11
55	46	10
55	47	8
55	48	8
55	49	8
55	50	6
55	51	4
55	52	5
55	53	9
55	54	14
56	3	3
56	4	1
56	5	2
56	8	1
56	9	3
56	10	1
56	12	2
56	13	4
56	15	4
56	17	2
56	18	2
56	19	2
56	26	2
56	27	5
56	28	6
56	29	2
56	30	1
56	31	1
56	32	4
56	33	3
56	34	1
56	35	1
56	37	3
56	38	5
56	39	6
56	40	3
56	41	10
56	42	5
56	43	3
56	44	4
56	45	8
56	46	10
56	47	12
56	48	9
56	49	13
56	50	2
56	51	5
56	52	6
56	53	3
56	54	10
56	55	8
57	0	2
57	2	5
57	3	2
57	4	3
57	6	7
57	8	4
57	9	1
57	10	2
57	11	2
57	12	2
57	13	3
57	14	1
57	15	4
57	16	1
57	17	2
57	18	3
57	22	2
57	24	4
57	27	7
57	28	6
57	29	3
57	30	3
57	31	7
57	32	4
57	33	3
57	34	3
57	35	3
57	36	1
57	37	4
57	38	5
57	39	2
57	40	7
57	41	6
57	42	5
57	43	7
57	44	5
57	45	6
57	46	5
57	47	9
57	48	7
57	49	9
57	50	9
57	51	9
57	52	6
57	53	6
57	54	4
57	55	4
57	56	17
58	0	1
58	3	1
58	4	1
58	8	3
58	9	3
58	10	3
58	12	2
58	13	2
58	14	3
58	15	2
58	17	1
58	18	5
58	19	2
58	23	3
58	26	4
58	27	4
58	28	3
58	29	3
58	30	8
58	31	2
58	32	5
58	33	3
58	34	3
58	35	4
58	36	3
58	37	1
58	38	5
58	39	3
58	40	6
58	41	5
58	42	4
58	43	5
58	44	1
58	45	10
58	46	5
58	47	3
58	48	2
58	49	5
58	50	1
58	51	5
58	52	3
58	53	6
58	54	4
58	55	2
58	56	7
58	57	10
59	2	3
59	3	4
59	4	2
59	5	3
59	7	2
59	8	3
59	9	3
59	10	6
59	11	1
59	12	4
59	13	6
59	14	2
59	15	3
59	16	2
59	17	6
59	19	4
59	21	1
59	22	1
59	24	3
59	26	2
59	27	3
59	28	7
59	29	2
59	30	6
59	31	5
59	32	7
59	33	9
59	34	10
59	35	4
59	36	2
59	37	9
59	38	8
59	39	4
59	40	7
59	41	8
59	42	14
59	43	18
59	44	8
59	45	7
59	46	13
59	47	9
59	48	3
59	49	10
59	50	4
59	51	7
59	52	3
59	53	6
59	54	4
59	55	6
59	56	6
59	57	8
59	58	13
60	0	2
60	1	3
60	2	1
60	3	1
60	4	3
60	5	3
60	6	2
60	8	3
60	9	5
60	10	9
60	11	5
60	12	3
60	13	8
60	14	6
60	15	8
60	16	4
60	17	9
60	18	3
60	19	8
60	20	3
60	21	5
60	22	2
60	24	3
60	26	4
60	27	10
60	28	1
60	29	2
60	30	3
60	31	4
60	32	1
60	33	10
60	34	4
60	35	7
60	36	4
60	37	4
60	38	17
60	39	15
60	40	6
60	41	9
60	42	6
60	43	7
60	44	6
60	45	3
60	46	5
60	47	8
60	48	5
60	49	14
60	50	9
60	51	13
60	52	29
60	53	17
60	54	4
60	55	3
60	56	2
60	57	6
60	58	5
60	59	11
