1	0	17
2	0	7
2	1	22
3	0	7
3	1	8
3	2	7
4	0	4
4	1	7
4	2	5
4	3	5
5	0	3
5	1	5
5	2	10
5	3	7
5	4	19
6	0	5
6	1	1
6	2	2
6	3	3
6	4	13
6	5	15
7	1	1
7	2	3
7	3	4
7	4	9
7	5	8
7	6	13
8	0	1
8	1	5
8	2	9
8	3	4
8	4	31
8	5	13
8	6	14
8	7	12
9	0	2
9	1	2
9	2	6
9	3	3
9	4	24
9	5	9
9	6	8
9	7	3
9	8	19
10	0	2
10	1	5
10	2	4
10	3	5
10	4	11
10	5	4
10	6	9
10	7	10
10	8	7
10	9	19
11	1	3
11	2	2
11	3	5
11	4	5
11	5	4
11	6	4
11	7	2
11	8	2
11	9	5
11	10	19
12	1	3
12	2	5
12	3	4
12	4	3
12	5	8
12	6	2
12	7	1
12	8	2
12	9	6
12	10	12
12	11	19
13	0	4
13	1	4
13	2	7
13	3	6
13	4	4
13	5	6
13	6	1
13	7	3
13	8	6
13	9	6
13	10	8
13	11	4
13	12	8
14	1	3
14	2	4
14	3	2
14	4	2
14	5	1
14	6	6
14	7	2
14	8	4
14	10	4
14	11	1
14	12	4
14	13	10
15	0	3
15	2	1
15	3	4
15	4	1
15	5	3
15	7	3
15	8	5
15	9	4
15	10	12
15	11	8
15	12	6
15	13	12
15	14	14
16	1	3
16	2	2
16	3	3
16	4	3
16	5	4
16	6	2
16	7	4
16	8	2
16	9	4
16	10	3
16	11	2
16	12	10
16	13	16
16	14	14
16	15	7
17	1	4
17	2	3
17	3	2
17	4	5
17	5	1
17	6	2
17	7	4
17	8	5
17	9	3
17	10	3
17	11	6
17	12	7
17	13	13
17	14	10
17	15	5
17	16	14
18	1	8
18	2	2
18	3	1
18	4	4
18	5	7
18	6	5
18	7	5
18	8	6
18	9	6
18	10	5
18	11	4
18	12	8
18	13	8
18	14	6
18	15	4
18	16	10
18	17	5
19	0	1
19	1	4
19	2	5
19	3	3
19	4	8
19	5	7
19	6	3
19	7	5
19	8	16
19	9	9
19	10	7
19	11	6
19	12	8
19	13	8
19	14	8
19	15	7
19	16	9
19	17	9
19	18	18
20	1	4
20	2	1
20	3	3
20	4	8
20	5	13
20	6	5
20	7	12
20	8	11
20	9	1
20	10	5
20	11	5
20	12	6
20	13	6
20	14	4
20	15	1
20	16	2
20	17	4
20	18	14
20	19	15
21	0	5
21	1	2
21	2	1
21	3	6
21	4	9
21	5	11
21	6	4
21	7	4
21	8	9
21	9	1
21	10	3
21	12	4
21	13	3
21	14	5
21	15	2
21	16	6
21	17	4
21	18	9
21	19	7
21	20	14
22	1	2
22	2	1
22	3	4
22	4	5
22	5	8
22	6	2
22	7	1
22	8	8
22	9	2
22	10	1
22	11	1
22	12	3
22	13	5
22	14	4
22	15	4
22	16	5
22	17	4
22	18	4
22	19	8
22	20	15
22	21	13
23	0	1
23	3	5
23	4	4
23	5	4
23	7	4
23	8	3
23	9	2
23	10	2
23	11	2
23	12	3
23	13	1
23	14	2
23	15	2
23	16	4
23	17	3
23	18	4
23	19	8
23	20	7
23	21	9
23	22	12
24	1	2
24	2	3
24	3	6
24	4	3
24	5	7
24	6	5
24	7	2
24	8	3
24	9	4
24	10	2
24	11	3
24	12	4
24	13	2
24	14	3
24	15	3
24	16	4
24	17	2
24	18	7
24	19	7
24	20	3
24	21	4
24	22	6
24	23	21
25	3	2
25	5	2
25	6	1
25	8	2
25	9	1
25	11	2
25	16	1
25	19	2
26	1	2
26	2	1
26	3	3
26	6	1
26	8	1
26	10	1
26	13	1
26	14	3
26	15	1
26	16	4
26	17	2
26	18	3
26	19	3
26	20	1
26	22	1
26	24	1
27	3	1
27	4	3
27	5	3
27	6	1
27	7	5
27	8	4
27	9	6
27	10	5
27	11	3
27	12	3
27	13	8
27	14	5
27	15	2
27	16	5
27	17	4
27	18	7
27	19	6
27	20	3
27	21	4
27	22	3
27	23	2
27	24	1
27	26	5
28	0	3
28	1	2
28	2	6
28	3	5
28	4	7
28	5	5
28	6	1
28	7	5
28	8	4
28	9	4
28	10	3
28	11	1
28	12	8
28	13	9
28	14	1
28	15	5
28	16	7
28	17	3
28	18	10
28	19	7
28	20	4
28	21	5
28	22	7
28	23	2
28	24	5
28	26	6
28	27	8
29	1	5
29	2	2
29	3	4
29	4	4
29	5	6
29	6	4
29	7	3
29	8	9
29	9	4
29	10	4
29	11	2
29	12	1
29	13	3
29	14	1
29	15	4
29	16	4
29	17	4
29	18	3
29	19	4
29	20	3
29	21	4
29	22	3
29	23	2
29	24	5
29	27	2
29	28	4
30	0	4
30	1	4
30	2	5
30	3	2
30	4	4
30	5	2
30	6	8
30	7	4
30	8	7
30	9	3
30	10	2
30	11	5
30	12	5
30	13	6
30	14	3
30	15	6
30	16	1
30	17	5
30	18	6
30	19	6
30	20	6
30	21	2
30	22	2
30	23	5
30	24	8
30	26	4
30	27	5
30	28	11
30	29	12
31	1	2
31	2	3
31	3	3
31	4	3
31	5	3
31	8	2
31	9	2
31	10	4
31	11	1
31	12	1
31	13	4
31	14	3
31	15	3
31	16	3
31	17	4
31	18	3
31	19	5
31	20	4
31	21	4
31	22	2
31	23	2
31	24	3
31	26	1
31	27	6
31	28	8
31	29	7
31	30	10
32	0	2
32	1	4
32	2	1
32	4	7
32	5	3
32	6	1
32	8	3
32	9	2
32	10	6
32	11	2
32	12	3
32	13	6
32	14	2
32	16	3
32	17	3
32	19	1
32	20	2
32	22	5
32	23	3
32	24	3
32	26	4
32	27	4
32	28	14
32	30	4
32	31	8
33	1	5
33	2	4
33	3	2
33	4	8
33	5	5
33	6	3
33	7	1
33	8	3
33	9	3
33	10	6
33	11	1
33	12	4
33	13	3
33	14	4
33	15	1
33	16	5
33	17	3
33	18	7
33	19	4
33	20	7
33	21	7
33	22	3
33	23	6
33	24	7
33	26	1
33	27	5
33	28	9
33	29	3
33	30	10
33	31	8
33	32	10
34	0	1
34	1	5
34	2	2
34	4	3
34	5	5
34	6	3
34	7	8
34	8	4
34	9	3
34	10	3
34	11	4
34	12	2
34	13	3
34	14	3
34	15	5
34	16	4
34	17	2
34	18	9
34	19	6
34	20	5
34	21	11
34	22	11
34	23	7
34	24	6
34	25	1
34	26	1
34	27	3
34	28	13
34	29	3
34	30	12
34	31	7
34	32	5
34	33	4
35	1	2
35	2	4
35	3	3
35	4	2
35	5	5
35	6	3
35	7	5
35	8	7
35	9	4
35	10	8
35	11	7
35	12	3
35	13	9
35	14	8
35	15	8
35	16	11
35	17	11
35	18	14
35	19	9
35	20	9
35	21	6
35	22	8
35	23	3
35	24	5
35	26	5
35	27	4
35	28	13
35	29	10
35	30	7
35	31	6
35	32	4
35	33	5
35	34	13
36	0	2
36	1	5
36	2	3
36	3	4
36	4	4
36	5	6
36	6	1
36	7	3
36	8	8
36	9	6
36	10	8
36	11	4
36	12	9
36	13	6
36	14	6
36	15	7
36	16	2
36	17	3
36	18	5
36	19	4
36	20	6
36	21	3
36	22	3
36	24	5
36	26	1
36	28	6
36	29	4
36	30	10
36	31	3
36	32	4
36	33	6
36	34	6
36	35	13
37	0	2
37	1	2
37	2	2
37	3	3
37	4	4
37	5	2
37	6	1
37	7	2
37	8	3
37	9	8
37	10	7
37	11	2
37	12	4
37	13	12
37	14	7
37	15	8
37	16	7
37	17	5
37	18	6
37	19	5
37	20	4
37	21	3
37	22	2
37	23	1
37	24	1
37	25	1
37	26	4
37	27	7
37	28	12
37	29	8
37	30	5
37	31	5
37	32	2
37	33	5
37	34	3
37	35	28
37	36	8
38	0	1
38	1	2
38	2	6
38	3	3
38	4	2
38	5	7
38	6	3
38	7	3
38	8	4
38	9	7
38	10	5
38	11	2
38	12	6
38	13	7
38	14	10
38	15	7
38	16	5
38	17	5
38	18	11
38	19	11
38	20	7
38	21	2
38	22	4
38	23	4
38	24	5
38	25	2
38	26	1
38	27	9
38	28	17
38	29	5
38	30	8
38	31	6
38	32	8
38	33	4
38	34	9
38	35	16
38	36	4
38	37	19
39	1	5
39	2	3
39	3	3
39	4	3
39	5	5
39	6	1
39	7	3
39	8	6
39	9	5
39	10	9
39	11	7
39	12	6
39	13	12
39	14	6
39	15	5
39	16	8
39	17	6
39	18	4
39	19	6
39	20	3
39	21	3
39	22	2
39	23	3
39	24	8
39	26	4
39	27	4
39	28	14
39	29	5
39	30	2
39	31	4
39	32	8
39	33	5
39	34	4
39	35	11
39	36	6
39	37	27
39	38	29
40	1	5
40	2	4
40	4	1
40	6	4
40	7	3
40	8	4
40	9	4
40	10	1
40	11	5
40	13	7
40	14	4
40	15	2
40	17	5
40	18	5
40	19	8
40	20	5
40	21	4
40	22	3
40	23	4
40	24	6
40	25	2
40	26	2
40	27	4
40	28	12
40	29	6
40	30	10
40	31	9
40	32	6
40	33	7
40	34	6
40	35	9
40	36	9
40	37	11
40	38	40
40	39	13
41	1	3
41	2	4
41	3	2
41	4	5
41	5	5
41	6	2
41	7	1
41	8	1
41	9	2
41	10	4
41	11	2
41	12	2
41	13	10
41	14	4
41	15	6
41	16	7
41	17	8
41	18	8
41	19	5
41	20	3
41	21	8
41	22	2
41	24	2
41	25	2
41	26	2
41	27	3
41	28	10
41	29	3
41	30	5
41	31	10
41	32	5
41	33	6
41	34	5
41	35	10
41	36	3
41	37	4
41	38	18
41	39	9
41	40	27
42	3	2
42	4	3
42	5	2
42	6	2
42	7	3
42	8	2
42	9	1
42	10	4
42	11	2
42	12	4
42	13	2
42	14	2
42	15	2
42	16	5
42	18	2
42	19	5
42	20	3
42	21	4
42	22	1
42	23	2
42	24	3
42	26	3
42	27	8
42	28	11
42	29	2
42	30	10
42	31	7
42	32	5
42	33	3
42	34	5
42	35	5
42	36	1
42	37	4
42	38	7
42	39	3
42	40	11
42	41	13
43	1	1
43	2	2
43	3	3
43	4	4
43	5	2
43	6	2
43	7	2
43	8	10
43	9	2
43	10	3
43	12	1
43	13	3
43	14	3
43	15	3
43	16	3
43	17	3
43	18	5
43	20	4
43	21	3
43	22	5
43	24	3
43	25	1
43	26	3
43	27	1
43	28	4
43	29	3
43	30	8
43	31	6
43	32	10
43	33	6
43	34	4
43	35	4
43	36	5
43	37	2
43	38	5
43	39	3
43	40	9
43	41	12
43	42	12
44	0	4
44	1	2
44	2	5
44	3	3
44	4	2
44	5	2
44	7	1
44	8	1
44	9	2
44	10	4
44	12	3
44	13	5
44	16	5
44	17	4
44	18	4
44	19	1
44	20	4
44	21	6
44	26	2
44	27	2
44	28	8
44	29	4
44	30	5
44	31	7
44	32	5
44	33	3
44	34	6
44	35	1
44	36	2
44	37	5
44	38	4
44	39	5
44	40	5
44	41	12
44	42	1
44	43	19
45	0	1
45	1	1
45	2	5
45	3	3
45	4	5
45	5	2
45	6	4
45	7	1
45	8	2
45	9	1
45	11	6
45	12	4
45	13	4
45	14	1
45	17	5
45	18	4
45	19	4
45	20	1
45	23	1
45	24	3
45	26	2
45	27	6
45	28	5
45	29	4
45	30	1
45	31	7
45	32	4
45	33	2
45	34	2
45	35	5
45	36	6
45	37	2
45	38	4
45	39	5
45	40	5
45	41	7
45	42	7
45	43	15
45	44	13
46	0	2
46	1	2
46	2	3
46	3	1
46	4	2
46	5	3
46	7	5
46	8	6
46	9	5
46	10	5
46	11	3
46	13	2
46	19	1
46	21	1
46	22	2
46	26	3
46	27	3
46	28	3
46	29	4
46	30	1
46	31	3
46	32	2
46	33	4
46	34	3
46	35	1
46	37	6
46	38	4
46	39	4
46	40	8
46	41	3
46	42	4
46	43	14
46	44	6
46	45	9
47	1	4
47	2	2
47	3	2
47	4	1
47	5	2
47	8	8
47	9	3
47	11	1
47	12	3
47	13	4
47	14	4
47	15	1
47	16	3
47	19	2
47	20	6
47	24	1
47	27	2
47	28	5
47	29	1
47	30	6
47	32	4
47	33	2
47	35	4
47	36	8
47	37	4
47	38	5
47	39	7
47	40	6
47	41	8
47	42	4
47	43	7
47	44	5
47	45	2
47	46	14
48	2	1
48	3	1
48	4	1
48	8	4
48	10	3
48	11	2
48	12	3
48	13	4
48	14	1
48	19	2
48	20	2
48	23	2
48	27	1
48	28	4
48	30	5
48	31	5
48	35	1
48	36	7
48	37	2
48	38	10
48	39	4
48	40	8
48	41	3
48	42	3
48	43	2
48	44	5
48	45	5
48	46	8
48	47	27
49	1	1
49	2	3
49	3	4
49	4	3
49	5	3
49	6	1
49	7	4
49	8	1
49	9	2
49	10	5
49	11	8
49	12	4
49	13	5
49	14	2
49	15	4
49	16	1
49	17	4
49	18	2
49	19	2
49	20	2
49	21	1
49	23	3
49	24	3
49	27	5
49	28	10
49	29	1
49	30	5
49	31	5
49	32	1
49	33	1
49	34	3
49	35	4
49	36	5
49	37	1
49	38	10
49	39	2
49	40	3
49	41	9
49	42	3
49	43	5
49	44	4
49	45	5
49	46	9
49	47	17
49	48	13
50	0	4
50	1	2
50	3	2
50	5	3
50	9	2
50	10	3
50	12	3
50	13	3
50	14	2
50	15	7
50	18	3
50	19	1
50	22	2
50	23	2
50	25	1
50	27	5
50	28	1
50	30	2
50	31	1
50	32	1
50	35	1
50	36	3
50	37	4
50	38	4
50	39	5
50	40	2
50	41	3
50	42	1
50	43	3
50	44	4
50	45	3
50	46	4
50	47	1
50	48	4
50	49	9
51	1	2
51	4	2
51	5	2
51	7	1
51	8	2
51	9	1
51	10	5
51	11	2
51	12	3
51	13	2
51	14	7
51	15	5
51	16	6
51	17	1
51	18	3
51	19	7
51	20	1
51	23	3
51	24	3
51	25	1
51	27	4
51	28	5
51	29	1
51	30	7
51	31	4
51	32	1
51	33	1
51	34	1
51	35	3
51	36	3
51	37	3
51	38	8
51	39	7
51	40	2
51	41	5
51	42	1
51	43	4
51	44	3
51	45	4
51	46	4
51	47	7
51	48	3
51	49	12
51	50	7
52	0	2
52	4	4
52	6	1
52	7	1
52	8	6
52	9	2
52	10	2
52	11	3
52	12	2
52	13	3
52	14	5
52	15	8
52	16	2
52	17	4
52	18	3
52	19	4
52	21	4
52	23	2
52	24	5
52	27	3
52	28	7
52	30	6
52	31	3
52	33	3
52	34	3
52	35	4
52	36	1
52	37	4
52	38	10
52	39	5
52	40	2
52	41	4
52	42	2
52	43	2
52	44	5
52	45	3
52	46	3
52	47	5
52	48	4
52	49	12
52	50	16
52	51	32
53	1	2
53	2	2
53	3	1
53	4	4
53	5	1
53	6	3
53	7	2
53	8	6
53	9	4
53	10	3
53	11	1
53	12	3
53	13	2
53	14	6
53	15	5
53	16	5
53	17	3
53	18	1
53	19	3
53	20	1
53	22	5
53	26	2
53	27	4
53	28	5
53	29	2
53	30	2
53	31	3
53	32	8
53	33	7
53	34	4
53	35	3
53	36	4
53	37	6
53	38	7
53	39	6
53	40	4
53	41	10
53	42	1
53	43	5
53	44	4
53	45	2
53	46	8
53	47	11
53	48	7
53	49	22
53	50	8
53	51	18
53	52	13
54	0	3
54	1	3
54	2	2
54	4	3
54	5	7
54	6	1
54	7	4
54	8	2
54	9	7
54	10	5
54	11	4
54	12	1
54	13	2
54	14	4
54	15	1
54	16	2
54	17	1
54	18	3
54	19	7
54	20	4
54	26	2
54	27	4
54	28	6
54	29	4
54	30	3
54	31	3
54	32	5
54	33	5
54	34	3
54	35	3
54	36	4
54	37	7
54	38	8
54	39	8
54	40	6
54	41	5
54	42	2
54	43	9
54	44	8
54	45	7
54	46	12
54	47	17
54	48	3
54	49	16
54	50	2
54	51	3
54	52	1
54	53	5
55	0	2
55	1	7
55	2	4
55	3	3
55	4	2
55	5	4
55	8	3
55	10	3
55	11	7
55	12	3
55	13	2
55	14	1
55	15	1
55	16	3
55	17	4
55	18	5
55	19	8
55	20	1
55	22	3
55	24	3
55	27	6
55	28	3
55	29	3
55	30	6
55	31	6
55	32	2
55	33	2
55	34	4
55	35	3
55	36	6
55	37	2
55	38	12
55	39	2
55	40	6
55	41	6
55	42	10
55	43	2
55	44	3
55	45	9
55	46	11
55	47	13
55	48	7
55	49	9
55	50	6
55	51	3
55	52	6
55	53	7
55	54	24
56	3	3
56	4	3
56	5	4
56	6	1
56	8	3
56	9	3
56	10	3
56	11	3
56	12	3
56	13	1
56	15	1
56	17	1
56	18	3
56	19	2
56	20	3
56	21	1
56	22	2
56	26	3
56	27	2
56	28	9
56	29	3
56	30	1
56	31	3
56	33	2
56	35	2
56	36	5
56	37	3
56	38	5
56	39	2
56	40	1
56	41	7
56	42	5
56	43	8
56	44	4
56	45	5
56	46	5
56	47	9
56	48	5
56	49	9
56	50	4
56	51	8
56	52	3
56	53	13
56	54	8
56	55	4
57	0	2
57	2	4
57	3	2
57	4	3
57	6	2
57	8	5
57	9	2
57	10	2
57	11	2
57	12	1
57	13	8
57	14	4
57	15	3
57	16	4
57	17	4
57	18	2
57	22	3
57	23	2
57	24	4
57	27	4
57	28	6
57	29	3
57	30	5
57	31	7
57	32	2
57	33	2
57	34	4
57	35	1
57	36	2
57	37	4
57	38	2
57	39	5
57	40	5
57	41	4
57	42	8
57	43	11
57	44	9
57	45	5
57	46	6
57	47	8
57	48	6
57	49	11
57	50	5
57	51	3
57	52	4
57	53	8
57	54	4
57	55	4
57	56	19
58	0	1
58	1	2
58	3	6
58	4	3
58	8	1
58	9	2
58	10	1
58	12	2
58	13	5
58	15	3
58	17	2
58	18	2
58	23	1
58	24	4
58	26	4
58	27	4
58	28	3
58	29	3
58	30	4
58	31	5
58	32	1
58	33	7
58	34	1
58	35	6
58	36	2
58	37	4
58	38	8
58	39	2
58	40	6
58	41	5
58	42	2
58	43	6
58	44	5
58	45	2
58	46	2
58	47	2
58	48	4
58	49	3
58	50	6
58	51	4
58	52	5
58	53	3
58	54	4
58	55	2
58	56	8
58	57	8
59	1	6
59	2	5
59	3	4
59	4	3
59	5	4
59	7	2
59	8	3
59	9	3
59	10	1
59	11	2
59	12	3
59	13	4
59	14	5
59	15	3
59	17	2
59	18	3
59	19	4
59	20	4
59	21	4
59	22	1
59	24	1
59	26	4
59	27	7
59	28	5
59	29	4
59	30	6
59	31	3
59	32	9
59	33	8
59	34	3
59	35	5
59	36	3
59	37	4
59	38	4
59	39	5
59	40	7
59	41	6
59	42	6
59	43	18
59	44	11
59	45	7
59	46	8
59	47	8
59	48	7
59	49	4
59	50	6
59	51	12
59	52	5
59	53	4
59	54	4
59	55	6
59	56	14
59	57	9
59	58	9
60	0	3
60	1	2
60	2	5
60	3	4
60	4	2
60	5	5
60	7	1
60	8	2
60	9	7
60	10	7
60	11	3
60	12	7
60	13	6
60	14	3
60	15	9
60	16	12
60	17	1
60	18	8
60	19	3
60	20	4
60	21	2
60	22	2
60	24	4
60	26	4
60	27	9
60	28	6
60	29	4
60	30	3
60	31	3
60	32	1
60	33	1
60	34	7
60	35	4
60	36	8
60	37	8
60	38	14
60	39	9
60	40	7
60	41	11
60	42	8
60	43	6
60	44	4
60	45	7
60	46	11
60	47	10
60	48	7
60	49	8
60	50	14
60	51	18
60	52	21
60	53	12
60	54	3
60	55	10
60	56	3
60	57	14
60	58	3
60	59	3
