1	0	14
2	0	7
2	1	13
3	0	4
3	1	9
3	2	10
4	0	3
4	1	4
4	3	14
5	0	2
5	1	4
5	2	2
5	3	8
5	4	14
6	0	2
6	1	5
6	2	3
6	3	4
6	4	11
6	5	6
7	1	2
7	2	2
7	3	2
7	4	8
7	5	10
7	6	6
8	0	6
8	1	8
8	2	7
8	3	7
8	4	19
8	5	14
8	6	20
8	7	10
9	0	3
9	1	1
9	2	5
9	3	7
9	4	14
9	5	4
9	6	6
9	7	5
9	8	16
10	0	1
10	1	5
10	2	3
10	3	3
10	4	9
10	5	4
10	6	6
10	7	1
10	8	4
10	9	13
11	0	3
11	1	6
11	2	3
11	3	4
11	4	3
11	5	4
11	6	1
11	7	8
11	8	4
11	9	7
11	10	12
12	1	1
12	2	3
12	3	5
12	4	4
12	5	4
12	6	3
12	7	4
12	8	5
12	9	9
12	10	25
12	11	18
13	0	2
13	1	3
13	2	2
13	3	4
13	4	8
13	5	2
13	6	5
13	8	5
13	9	7
13	10	11
13	11	8
13	12	11
14	1	1
14	3	2
14	4	2
14	5	4
14	6	3
14	7	1
14	8	7
14	9	2
14	10	6
14	11	2
14	12	6
14	13	9
15	0	1
15	2	2
15	3	1
15	4	5
15	5	3
15	6	4
15	7	2
15	8	4
15	9	3
15	10	2
15	11	5
15	12	9
15	13	6
15	14	17
16	1	2
16	3	1
16	4	4
16	5	3
16	7	3
16	8	3
16	9	4
16	10	6
16	11	4
16	12	3
16	13	11
16	14	15
16	15	8
17	2	1
17	3	2
17	4	10
17	5	6
17	6	4
17	7	4
17	8	11
17	9	5
17	10	7
17	11	3
17	12	14
17	13	5
17	14	12
17	15	6
17	16	7
18	0	1
18	1	3
18	2	2
18	3	3
18	4	6
18	5	6
18	6	9
18	7	6
18	8	5
18	9	5
18	10	6
18	11	4
18	12	4
18	13	11
18	14	6
18	15	2
18	16	11
18	17	11
19	1	2
19	2	2
19	3	4
19	4	6
19	5	8
19	6	3
19	7	2
19	8	18
19	9	9
19	10	6
19	11	6
19	12	5
19	13	7
19	14	10
19	15	6
19	16	12
19	17	12
19	18	18
20	1	2
20	2	8
20	3	4
20	4	6
20	5	4
20	6	4
20	7	11
20	8	14
20	9	5
20	10	4
20	12	2
20	13	6
20	14	4
20	15	3
20	16	5
20	17	2
20	18	13
20	19	16
21	0	2
21	1	5
21	2	1
21	3	5
21	4	6
21	5	5
21	6	4
21	7	3
21	8	10
21	9	2
21	10	3
21	11	1
21	12	5
21	13	6
21	14	8
21	15	4
21	16	7
21	17	4
21	18	13
21	19	12
21	20	16
22	2	2
22	4	5
22	5	6
22	6	7
22	7	3
22	8	8
22	9	2
22	10	6
22	11	1
22	12	1
22	13	3
22	14	2
22	16	6
22	17	7
22	18	3
22	19	11
22	20	20
22	21	13
23	0	2
23	1	1
23	2	2
23	3	3
23	4	2
23	5	6
23	6	4
23	7	2
23	8	3
23	9	2
23	10	1
23	11	2
23	12	5
23	13	2
23	14	5
23	15	3
23	16	1
23	17	1
23	18	10
23	19	6
23	20	2
23	21	6
23	22	16
24	1	2
24	2	1
24	3	1
24	4	6
24	5	4
24	6	4
24	7	5
24	8	3
24	9	3
24	10	2
24	11	2
24	12	2
24	13	3
24	14	2
24	15	4
24	16	3
24	17	2
24	18	1
24	19	7
24	20	4
24	21	8
24	22	9
24	23	12
25	0	2
25	3	1
25	4	2
25	5	3
25	8	1
25	15	1
25	21	1
25	22	1
26	2	1
26	8	4
26	10	2
26	13	1
26	14	3
26	15	1
26	16	2
26	17	3
26	18	3
26	19	4
26	20	1
26	22	3
26	24	1
27	4	5
27	5	6
27	6	3
27	7	2
27	8	2
27	9	3
27	10	7
27	11	1
27	12	2
27	13	5
27	14	8
27	15	4
27	16	4
27	17	4
27	18	7
27	19	5
27	20	3
27	21	2
27	22	3
27	23	2
27	24	4
27	26	4
28	0	1
28	1	1
28	2	4
28	3	4
28	4	6
28	5	3
28	6	1
28	7	2
28	8	7
28	9	6
28	10	7
28	11	4
28	12	2
28	13	8
28	14	11
28	15	5
28	16	6
28	17	7
28	18	9
28	19	7
28	20	4
28	21	12
28	22	2
28	23	3
28	24	10
28	26	3
28	27	6
29	1	4
29	2	7
29	3	8
29	4	11
29	5	4
29	6	1
29	7	7
29	8	4
29	9	3
29	10	2
29	11	1
29	12	3
29	13	4
29	14	1
29	15	2
29	16	3
29	17	2
29	18	2
29	19	6
29	20	4
29	21	2
29	22	4
29	23	4
29	24	6
29	27	4
29	28	8
30	0	1
30	1	4
30	2	2
30	3	3
30	4	6
30	5	5
30	6	1
30	7	1
30	8	3
30	9	5
30	10	4
30	11	6
30	12	4
30	13	3
30	14	2
30	15	7
30	16	6
30	17	3
30	18	4
30	19	3
30	20	4
30	21	6
30	22	2
30	23	4
30	24	5
30	26	4
30	27	5
30	28	9
30	29	9
31	1	3
31	2	4
31	3	8
31	4	4
31	5	6
31	8	2
31	9	2
31	10	2
31	12	3
31	13	1
31	14	1
31	15	2
31	16	6
31	17	4
31	18	3
31	19	2
31	20	1
31	21	3
31	22	2
31	23	2
31	24	1
31	26	1
31	27	5
31	28	7
31	29	6
31	30	20
32	1	4
32	3	2
32	4	5
32	5	3
32	6	2
32	8	4
32	9	4
32	10	2
32	11	1
32	12	2
32	13	3
32	14	7
32	15	4
32	16	4
32	17	2
32	18	8
32	19	3
32	20	4
32	21	3
32	22	1
32	23	4
32	24	4
32	27	6
32	28	12
32	29	5
32	30	4
32	31	6
33	1	3
33	2	3
33	3	3
33	4	6
33	6	2
33	7	3
33	8	4
33	9	1
33	10	3
33	11	2
33	12	3
33	13	5
33	14	5
33	15	6
33	16	4
33	17	4
33	18	7
33	19	2
33	20	4
33	21	7
33	22	3
33	23	9
33	24	8
33	26	4
33	27	4
33	28	9
33	29	7
33	30	9
33	31	8
33	32	15
34	0	2
34	2	3
34	3	4
34	4	6
34	5	7
34	6	5
34	7	1
34	8	7
34	9	4
34	10	2
34	11	4
34	12	2
34	13	6
34	14	5
34	15	1
34	16	5
34	17	8
34	18	5
34	19	6
34	20	3
34	21	12
34	22	10
34	23	7
34	24	5
34	27	3
34	28	9
34	29	4
34	30	7
34	31	5
34	32	7
34	33	16
35	1	2
35	2	2
35	3	2
35	4	9
35	5	3
35	6	4
35	7	1
35	8	13
35	9	9
35	10	8
35	11	7
35	12	6
35	13	9
35	14	8
35	15	3
35	16	5
35	17	10
35	18	18
35	19	8
35	20	4
35	21	7
35	22	2
35	23	5
35	24	9
35	26	6
35	27	5
35	28	18
35	29	4
35	30	6
35	31	9
35	32	11
35	33	13
35	34	11
36	0	1
36	1	3
36	2	5
36	3	4
36	4	6
36	5	5
36	6	2
36	7	3
36	8	6
36	9	5
36	10	6
36	11	5
36	12	7
36	13	5
36	14	2
36	15	3
36	16	7
36	17	5
36	18	3
36	19	4
36	20	5
36	21	2
36	24	2
36	26	1
36	27	3
36	28	5
36	29	3
36	30	2
36	31	4
36	32	3
36	33	7
36	34	4
36	35	7
37	0	1
37	1	4
37	2	3
37	3	2
37	4	3
37	5	5
37	6	4
37	7	1
37	8	5
37	9	3
37	10	8
37	11	1
37	12	9
37	13	6
37	14	8
37	15	1
37	16	9
37	17	9
37	18	7
37	19	7
37	20	7
37	21	7
37	22	6
37	23	3
37	24	3
37	25	1
37	26	3
37	27	5
37	28	9
37	29	2
37	30	4
37	31	5
37	32	4
37	33	3
37	34	6
37	35	16
37	36	11
38	0	4
38	1	4
38	2	3
38	3	5
38	4	3
38	5	2
38	6	4
38	7	6
38	8	5
38	9	5
38	10	7
38	11	7
38	12	7
38	13	10
38	14	4
38	15	8
38	16	8
38	17	5
38	18	8
38	19	8
38	20	6
38	21	4
38	22	2
38	23	3
38	24	1
38	26	4
38	27	8
38	28	16
38	29	9
38	30	10
38	31	6
38	32	3
38	33	7
38	34	5
38	35	17
38	36	9
38	37	16
39	1	2
39	2	1
39	3	5
39	4	4
39	5	4
39	6	8
39	7	5
39	8	6
39	9	1
39	10	7
39	11	4
39	12	9
39	13	9
39	14	6
39	15	2
39	16	6
39	17	8
39	18	7
39	19	7
39	20	3
39	21	2
39	22	3
39	23	4
39	24	2
39	26	2
39	27	8
39	28	8
39	29	6
39	30	7
39	31	2
39	32	3
39	33	2
39	34	5
39	35	15
39	36	4
39	37	19
39	38	25
40	1	6
40	2	2
40	3	2
40	4	3
40	5	3
40	6	5
40	7	1
40	8	3
40	9	4
40	10	3
40	11	4
40	12	6
40	13	9
40	14	7
40	15	5
40	16	4
40	17	4
40	18	9
40	19	5
40	20	6
40	21	6
40	22	1
40	23	2
40	24	2
40	26	2
40	27	2
40	28	13
40	29	8
40	30	2
40	31	7
40	32	8
40	33	10
40	34	5
40	35	19
40	36	9
40	37	10
40	38	26
40	39	9
41	1	4
41	2	4
41	3	3
41	4	5
41	5	3
41	6	3
41	7	7
41	8	5
41	9	2
41	10	6
41	11	6
41	12	4
41	13	6
41	14	4
41	15	3
41	16	4
41	17	5
41	18	8
41	19	3
41	20	1
41	21	1
41	22	1
41	23	5
41	24	2
41	26	3
41	27	9
41	28	11
41	29	5
41	30	10
41	31	9
41	32	2
41	33	8
41	34	5
41	35	7
41	36	6
41	37	8
41	38	17
41	39	10
41	40	23
42	0	3
42	3	1
42	4	5
42	5	4
42	6	2
42	7	1
42	8	2
42	10	3
42	11	1
42	14	3
42	15	4
42	16	3
42	17	2
42	18	2
42	19	3
42	20	1
42	21	2
42	22	2
42	24	3
42	26	2
42	27	5
42	28	7
42	29	3
42	30	5
42	31	8
42	32	4
42	33	6
42	34	10
42	35	4
42	36	5
42	37	4
42	38	7
42	39	5
42	40	8
42	41	17
43	0	2
43	1	3
43	2	5
43	3	3
43	4	3
43	5	4
43	6	3
43	8	1
43	9	1
43	10	5
43	11	3
43	12	3
43	13	4
43	14	1
43	15	1
43	16	6
43	17	3
43	18	1
43	19	2
43	20	3
43	22	3
43	23	1
43	24	2
43	25	2
43	26	1
43	27	8
43	28	10
43	29	5
43	30	6
43	31	9
43	32	5
43	33	5
43	34	5
43	35	5
43	36	3
43	37	5
43	38	6
43	39	9
43	40	5
43	41	15
43	42	9
44	0	2
44	1	2
44	2	1
44	3	4
44	4	4
44	5	2
44	6	3
44	9	3
44	10	5
44	13	5
44	14	3
44	17	3
44	18	2
44	19	2
44	20	1
44	21	5
44	27	1
44	28	10
44	29	2
44	30	6
44	31	7
44	32	5
44	33	3
44	34	2
44	35	3
44	36	4
44	37	5
44	38	5
44	39	4
44	40	9
44	41	7
44	42	8
44	43	13
45	1	2
45	2	1
45	3	3
45	4	3
45	5	2
45	6	4
45	7	3
45	8	3
45	9	4
45	10	2
45	11	2
45	12	1
45	13	4
45	14	2
45	17	3
45	18	3
45	19	1
45	20	2
45	23	2
45	24	4
45	25	3
45	26	2
45	27	1
45	28	5
45	29	9
45	30	5
45	31	5
45	32	2
45	33	4
45	34	3
45	35	1
45	36	5
45	37	3
45	38	9
45	39	7
45	40	6
45	41	8
45	42	9
45	43	18
45	44	12
46	0	2
46	1	2
46	2	3
46	3	1
46	4	2
46	5	2
46	7	3
46	8	1
46	9	1
46	10	4
46	11	1
46	12	1
46	13	2
46	15	2
46	18	3
46	19	3
46	21	1
46	22	1
46	27	2
46	28	6
46	29	6
46	30	4
46	31	3
46	32	2
46	33	4
46	34	4
46	35	5
46	36	1
46	37	3
46	38	8
46	39	4
46	40	7
46	41	5
46	42	3
46	43	2
46	44	10
46	45	17
47	2	2
47	3	4
47	4	5
47	5	2
47	6	3
47	7	1
47	9	5
47	10	5
47	11	4
47	13	2
47	15	5
47	16	3
47	17	3
47	18	4
47	19	1
47	23	3
47	27	2
47	28	1
47	29	2
47	30	3
47	31	1
47	32	4
47	33	2
47	34	1
47	35	3
47	36	2
47	37	5
47	38	7
47	39	6
47	40	7
47	41	3
47	42	6
47	43	3
47	44	7
47	45	3
47	46	14
48	0	3
48	1	3
48	2	1
48	3	2
48	4	2
48	8	2
48	12	2
48	13	1
48	14	2
48	15	2
48	19	1
48	20	2
48	22	2
48	23	1
48	25	3
48	27	4
48	28	2
48	30	2
48	31	4
48	35	2
48	36	2
48	37	3
48	38	2
48	39	3
48	40	4
48	41	5
48	42	1
48	43	5
48	44	6
48	45	5
48	46	9
48	47	24
49	1	1
49	3	2
49	4	4
49	5	4
49	6	2
49	7	2
49	8	3
49	9	6
49	10	1
49	11	3
49	12	4
49	13	8
49	14	4
49	15	2
49	16	1
49	17	4
49	18	6
49	19	8
49	20	5
49	21	3
49	24	2
49	25	1
49	27	3
49	28	4
49	29	2
49	30	4
49	31	4
49	32	2
49	33	3
49	34	2
49	35	6
49	36	3
49	37	4
49	38	8
49	39	4
49	40	8
49	41	4
49	42	6
49	43	6
49	44	5
49	45	6
49	46	7
49	47	13
49	48	12
50	3	1
50	4	3
50	5	2
50	9	2
50	10	1
50	12	4
50	13	2
50	14	3
50	18	4
50	19	2
50	22	1
50	23	1
50	25	1
50	27	2
50	28	3
50	29	1
50	30	2
50	31	5
50	32	2
50	35	7
50	36	1
50	37	1
50	38	3
50	39	3
50	40	4
50	41	1
50	42	2
50	43	3
50	44	5
50	45	2
50	46	3
50	47	7
50	48	4
50	49	14
51	1	1
51	4	4
51	5	2
51	8	6
51	9	4
51	10	1
51	12	1
51	13	6
51	14	6
51	15	2
51	16	6
51	17	3
51	18	3
51	19	5
51	20	2
51	23	1
51	24	1
51	26	3
51	27	3
51	28	6
51	29	1
51	30	3
51	31	4
51	32	2
51	33	3
51	34	3
51	35	2
51	36	5
51	37	2
51	38	7
51	39	7
51	40	3
51	41	3
51	42	2
51	43	2
51	44	5
51	45	1
51	46	3
51	47	9
51	48	6
51	49	13
51	50	13
52	0	1
52	4	1
52	6	4
52	7	2
52	8	4
52	9	2
52	10	2
52	11	1
52	12	2
52	13	5
52	14	1
52	15	2
52	16	5
52	17	1
52	18	6
52	20	2
52	21	4
52	23	2
52	24	1
52	25	1
52	27	3
52	28	3
52	29	3
52	30	6
52	31	1
52	32	2
52	33	3
52	34	5
52	35	2
52	36	2
52	38	7
52	39	7
52	40	3
52	41	6
52	42	3
52	43	6
52	44	2
52	46	1
52	47	2
52	48	7
52	49	11
52	50	22
52	51	22
53	1	3
53	2	2
53	3	1
53	4	4
53	5	2
53	6	2
53	7	4
53	8	2
53	9	2
53	11	2
53	13	4
53	14	2
53	15	3
53	16	3
53	17	2
53	18	3
53	19	3
53	20	2
53	22	3
53	24	3
53	26	4
53	27	1
53	28	5
53	29	3
53	30	6
53	31	2
53	32	1
53	33	4
53	34	3
53	35	3
53	36	7
53	37	1
53	38	7
53	39	9
53	40	4
53	41	6
53	42	3
53	43	3
53	44	4
53	45	4
53	46	3
53	47	8
53	48	6
53	49	15
53	50	7
53	51	16
53	52	21
54	0	2
54	1	6
54	2	4
54	3	1
54	4	7
54	5	4
54	6	1
54	7	1
54	8	5
54	10	3
54	14	5
54	15	3
54	16	3
54	17	2
54	18	2
54	19	7
54	20	1
54	26	1
54	27	4
54	28	3
54	29	3
54	30	5
54	31	4
54	32	2
54	33	5
54	34	1
54	35	5
54	36	2
54	37	6
54	38	15
54	39	1
54	40	6
54	41	3
54	42	2
54	43	2
54	44	3
54	45	12
54	46	6
54	47	15
54	48	13
54	49	13
54	50	2
54	51	3
54	52	5
54	53	10
55	0	2
55	1	6
55	2	2
55	3	3
55	4	6
55	8	4
55	9	3
55	10	3
55	11	1
55	12	3
55	13	4
55	14	2
55	15	6
55	16	1
55	17	1
55	18	1
55	19	4
55	20	1
55	21	2
55	22	2
55	24	2
55	25	1
55	27	4
55	28	3
55	29	5
55	30	6
55	31	8
55	32	6
55	33	3
55	34	2
55	35	4
55	36	8
55	37	4
55	38	8
55	39	4
55	40	10
55	41	6
55	42	3
55	43	5
55	44	4
55	45	7
55	46	9
55	47	12
55	48	8
55	49	14
55	50	5
55	51	6
55	52	7
55	53	8
55	54	32
56	3	3
56	4	6
56	5	1
56	6	1
56	8	2
56	9	5
56	10	2
56	12	2
56	13	3
56	15	2
56	17	3
56	18	4
56	19	3
56	20	4
56	21	1
56	22	5
56	23	2
56	26	1
56	27	2
56	28	3
56	29	1
56	30	8
56	31	1
56	33	2
56	35	6
56	36	5
56	37	4
56	38	7
56	39	3
56	40	5
56	41	3
56	42	3
56	43	1
56	44	4
56	45	4
56	46	10
56	47	16
56	48	6
56	49	17
56	50	4
56	51	5
56	52	7
56	53	9
56	54	9
56	55	6
57	0	4
57	2	1
57	3	2
57	4	5
57	6	1
57	8	2
57	9	4
57	10	2
57	12	3
57	13	6
57	14	3
57	15	2
57	16	2
57	17	3
57	18	3
57	19	5
57	22	2
57	23	3
57	24	1
57	25	1
57	27	3
57	28	4
57	29	2
57	30	3
57	32	1
57	34	5
57	35	3
57	36	2
57	37	4
57	38	9
57	39	4
57	40	5
57	41	4
57	42	7
57	43	5
57	44	6
57	45	6
57	46	11
57	47	12
57	48	6
57	49	13
57	50	4
57	51	2
57	52	4
57	53	10
57	54	2
57	55	8
57	56	13
58	1	1
58	4	1
58	8	7
58	9	1
58	10	1
58	12	1
58	13	6
58	14	1
58	15	1
58	17	7
58	18	5
58	19	1
58	23	1
58	24	3
58	25	1
58	26	1
58	27	4
58	28	3
58	29	3
58	30	3
58	31	2
58	32	3
58	33	3
58	34	2
58	35	5
58	36	3
58	37	5
58	38	5
58	39	1
58	40	2
58	41	4
58	42	3
58	43	7
58	44	4
58	45	4
58	46	6
58	47	9
58	48	2
58	49	3
58	50	1
58	51	2
58	52	1
58	53	3
58	54	2
58	55	1
58	56	7
58	57	14
59	1	5
59	2	4
59	3	2
59	4	5
59	5	1
59	7	1
59	8	3
59	9	3
59	10	2
59	11	3
59	12	3
59	13	3
59	14	5
59	17	2
59	18	4
59	19	1
59	21	3
59	22	3
59	24	3
59	26	3
59	27	11
59	28	8
59	29	2
59	30	11
59	31	8
59	32	7
59	33	9
59	34	5
59	35	5
59	36	3
59	37	5
59	38	7
59	39	5
59	40	10
59	41	9
59	42	13
59	43	14
59	44	6
59	45	3
59	46	7
59	47	4
59	48	3
59	49	4
59	50	2
59	51	3
59	52	5
59	53	2
59	54	6
59	55	9
59	56	10
59	57	11
59	58	9
60	1	3
60	2	1
60	3	6
60	4	4
60	5	5
60	6	1
60	7	1
60	8	5
60	9	1
60	10	7
60	11	1
60	12	4
60	13	6
60	14	6
60	15	8
60	16	4
60	17	4
60	18	3
60	19	3
60	20	7
60	21	4
60	22	3
60	24	4
60	26	3
60	27	4
60	28	6
60	29	5
60	30	8
60	31	9
60	32	5
60	33	8
60	34	5
60	35	6
60	36	4
60	37	8
60	38	17
60	39	15
60	40	7
60	41	10
60	42	4
60	43	6
60	44	1
60	45	5
60	46	5
60	47	3
60	48	7
60	49	10
60	50	8
60	51	10
60	52	29
60	53	14
60	54	7
60	55	4
60	56	6
60	57	7
60	58	11
60	59	5
