1	0	11
2	0	6
2	1	24
3	0	3
3	1	7
3	2	12
4	0	3
4	1	4
4	2	4
4	3	8
5	0	2
5	1	6
5	2	6
5	3	10
5	4	17
6	0	8
6	2	4
6	3	4
6	4	10
6	5	5
7	1	6
7	2	3
7	3	1
7	4	10
7	5	6
7	6	9
8	0	4
8	1	4
8	2	4
8	3	4
8	4	31
8	5	9
8	6	14
8	7	13
9	0	1
9	1	4
9	2	4
9	3	3
9	4	22
9	5	8
9	6	5
9	7	2
9	8	15
10	0	2
10	1	1
10	2	6
10	3	10
10	4	4
10	5	8
10	6	5
10	7	6
10	8	16
10	9	16
11	0	1
11	1	3
11	2	3
11	3	2
11	4	6
11	5	1
11	6	4
11	7	3
11	8	7
11	9	8
11	10	15
12	1	3
12	2	4
12	3	4
12	4	12
12	5	3
12	7	2
12	8	5
12	9	8
12	10	13
12	11	28
13	0	3
13	3	4
13	4	2
13	5	5
13	6	5
13	7	1
13	8	5
13	9	9
13	10	9
13	12	11
14	1	2
14	2	1
14	3	2
14	4	6
14	6	2
14	7	5
14	8	6
14	9	7
14	10	8
14	11	2
14	12	4
14	13	8
15	2	3
15	3	2
15	4	3
15	5	2
15	6	1
15	7	1
15	8	3
15	9	6
15	10	3
15	11	4
15	12	3
15	13	5
15	14	11
16	1	2
16	2	2
16	3	3
16	4	4
16	5	3
16	6	3
16	7	3
16	8	4
16	9	4
16	10	3
16	11	5
16	12	4
16	13	10
16	14	15
16	15	5
17	2	1
17	3	5
17	4	4
17	5	3
17	6	3
17	7	3
17	8	5
17	9	5
17	10	10
17	11	6
17	12	4
17	13	10
17	14	6
17	15	3
17	16	17
18	0	3
18	1	1
18	2	2
18	3	4
18	4	5
18	5	5
18	6	4
18	7	4
18	8	5
18	9	6
18	10	7
18	11	6
18	12	5
18	13	7
18	14	7
18	15	5
18	16	8
18	17	6
19	0	4
19	1	1
19	2	2
19	3	6
19	4	15
19	5	10
19	6	4
19	7	10
19	8	7
19	9	10
19	10	8
19	11	6
19	12	9
19	13	9
19	14	6
19	15	6
19	16	8
19	17	9
19	18	21
20	1	3
20	2	4
20	3	1
20	4	7
20	5	5
20	6	9
20	7	6
20	8	15
20	9	5
20	10	8
20	11	2
20	12	3
20	13	4
20	14	6
20	15	1
20	16	5
20	17	6
20	18	14
20	19	14
21	0	1
21	1	4
21	2	2
21	3	1
21	4	5
21	5	8
21	6	9
21	7	5
21	8	6
21	9	5
21	10	6
21	11	5
21	12	2
21	13	7
21	14	3
21	15	4
21	16	4
21	17	4
21	18	15
21	19	11
21	20	18
22	0	5
22	1	3
22	2	2
22	3	4
22	4	5
22	5	3
22	6	4
22	7	3
22	8	9
22	9	3
22	10	4
22	11	1
22	12	1
22	13	3
22	14	4
22	15	2
22	16	5
22	17	4
22	18	9
22	19	9
22	20	18
22	21	14
23	0	1
23	1	1
23	2	1
23	3	1
23	4	3
23	5	6
23	6	2
23	7	4
23	8	4
23	9	3
23	10	2
23	11	2
23	12	1
23	13	1
23	14	5
23	15	3
23	16	1
23	17	2
23	18	4
23	19	5
23	20	6
23	21	8
23	22	12
24	1	1
24	3	3
24	4	5
24	5	5
24	6	2
24	7	1
24	8	3
24	9	3
24	11	2
24	12	4
24	13	4
24	14	7
24	15	5
24	16	2
24	17	3
24	18	7
24	19	5
24	20	8
24	21	13
24	22	6
24	23	14
25	0	2
25	3	2
25	4	1
25	5	2
25	9	1
25	11	2
25	12	2
25	15	1
25	17	1
25	22	1
25	23	2
26	1	2
26	2	1
26	3	1
26	6	2
26	8	2
26	10	1
26	13	1
26	14	3
26	15	2
26	17	2
26	18	2
26	19	2
26	20	2
26	22	1
26	24	7
27	3	3
27	4	5
27	5	4
27	6	7
27	7	1
27	8	3
27	9	2
27	10	3
27	11	2
27	12	2
27	13	1
27	14	3
27	16	4
27	17	5
27	18	5
27	19	6
27	20	6
27	21	2
27	22	5
27	23	1
27	24	2
27	26	2
28	0	1
28	1	3
28	2	7
28	3	6
28	5	10
28	6	6
28	7	1
28	8	10
28	9	8
28	10	3
28	11	3
28	12	6
28	13	8
28	14	12
28	15	5
28	16	8
28	17	6
28	18	5
28	19	6
28	20	8
28	21	9
28	22	6
28	23	6
28	24	7
28	26	5
28	27	10
29	1	2
29	2	2
29	3	3
29	4	5
29	5	2
29	6	1
29	7	2
29	9	6
29	10	3
29	11	5
29	12	1
29	13	7
29	14	5
29	15	2
29	16	2
29	17	3
29	18	2
29	19	3
29	20	3
29	21	2
29	22	3
29	23	1
29	24	6
29	27	6
29	28	4
30	0	3
30	1	2
30	2	4
30	3	2
30	4	7
30	5	6
30	6	3
30	7	1
30	8	2
30	9	5
30	10	4
30	11	1
30	12	2
30	13	5
30	14	3
30	15	1
30	16	5
30	17	6
30	18	1
30	19	8
30	20	2
30	21	2
30	22	4
30	23	2
30	24	7
30	26	5
30	27	6
30	28	6
30	29	9
31	1	3
31	2	3
31	3	1
31	4	3
31	5	6
31	8	3
31	9	5
31	10	1
31	12	1
31	13	7
31	14	2
31	15	2
31	16	1
31	17	2
31	18	2
31	19	2
31	20	3
31	21	4
31	22	4
31	23	1
31	24	1
31	26	6
31	27	4
31	28	12
31	29	2
31	30	15
32	2	1
32	5	3
32	6	2
32	8	4
32	9	3
32	10	1
32	11	3
32	12	2
32	13	10
32	14	5
32	15	1
32	16	2
32	18	6
32	19	4
32	20	2
32	21	5
32	22	1
32	23	2
32	24	3
32	27	14
32	28	12
32	29	3
32	30	7
32	31	5
33	1	1
33	2	3
33	3	3
33	4	4
33	5	4
33	6	3
33	7	2
33	8	1
33	9	4
33	10	6
33	11	4
33	12	6
33	13	6
33	14	8
33	15	1
33	16	1
33	17	4
33	18	2
33	19	6
33	20	2
33	21	2
33	22	3
33	23	3
33	24	2
33	26	5
33	27	6
33	28	17
33	29	7
33	30	9
33	31	6
33	32	17
34	0	4
34	1	1
34	2	7
34	3	3
34	4	3
34	5	3
34	6	3
34	7	2
34	8	3
34	9	4
34	10	3
34	11	3
34	12	2
34	13	3
34	14	5
34	15	1
34	16	2
34	17	2
34	18	10
34	19	5
34	20	6
34	21	5
34	22	7
34	23	4
34	24	5
34	26	4
34	27	5
34	28	10
34	29	6
34	30	6
34	31	2
34	32	9
34	33	15
35	1	1
35	2	1
35	3	1
35	4	13
35	5	2
35	6	6
35	7	4
35	8	8
35	9	5
35	10	14
35	11	2
35	12	8
35	13	11
35	14	6
35	15	2
35	16	9
35	17	9
35	18	18
35	19	8
35	20	10
35	21	6
35	22	4
35	23	2
35	24	4
35	26	1
35	27	14
35	28	19
35	29	12
35	30	3
35	31	4
35	32	9
35	33	7
35	34	7
36	1	4
36	2	3
36	3	2
36	4	12
36	5	4
36	6	5
36	7	3
36	8	5
36	9	4
36	10	10
36	11	7
36	12	6
36	13	10
36	14	2
36	15	3
36	16	3
36	17	6
36	18	7
36	19	3
36	20	1
36	21	1
36	22	4
36	24	3
36	25	1
36	26	1
36	27	5
36	28	8
36	29	3
36	30	3
36	31	3
36	32	5
36	33	3
36	34	2
36	35	6
37	0	1
37	1	2
37	2	10
37	3	4
37	4	2
37	5	6
37	6	2
37	7	7
37	8	4
37	9	7
37	10	11
37	11	4
37	12	6
37	13	15
37	14	6
37	15	1
37	16	7
37	17	3
37	18	6
37	19	6
37	20	5
37	21	7
37	22	3
37	23	3
37	24	2
37	25	1
37	27	3
37	28	11
37	30	2
37	31	3
37	32	4
37	33	7
37	34	7
37	35	20
37	36	4
38	0	2
38	1	6
38	2	2
38	3	5
38	4	7
38	5	3
38	6	1
38	7	2
38	8	13
38	9	8
38	10	6
38	11	3
38	12	8
38	13	6
38	14	6
38	15	7
38	16	5
38	17	4
38	18	5
38	19	8
38	20	2
38	21	7
38	22	3
38	23	4
38	24	3
38	25	1
38	26	4
38	27	11
38	28	19
38	29	4
38	30	10
38	31	5
38	32	7
38	33	8
38	34	3
38	35	11
38	36	4
38	37	21
39	1	6
39	2	2
39	3	5
39	4	3
39	5	3
39	7	1
39	8	4
39	9	6
39	10	8
39	11	7
39	12	6
39	13	16
39	14	3
39	15	3
39	16	6
39	17	2
39	18	7
39	19	8
39	20	2
39	21	4
39	22	3
39	23	4
39	24	2
39	26	3
39	27	8
39	28	5
39	29	2
39	30	4
39	31	3
39	32	3
39	33	4
39	34	6
39	35	13
39	36	9
39	37	15
39	38	35
40	1	3
40	2	2
40	3	4
40	4	3
40	5	2
40	6	2
40	8	7
40	9	2
40	10	4
40	11	2
40	12	6
40	13	5
40	14	2
40	15	2
40	16	4
40	17	3
40	18	3
40	19	10
40	20	6
40	21	1
40	22	5
40	23	4
40	24	3
40	26	1
40	27	6
40	28	13
40	29	10
40	30	6
40	31	3
40	32	6
40	33	9
40	34	8
40	35	11
40	36	10
40	37	8
40	38	19
40	39	15
41	1	3
41	2	1
41	3	3
41	4	6
41	6	2
41	7	1
41	8	3
41	9	2
41	10	5
41	11	1
41	12	9
41	13	6
41	14	5
41	15	4
41	17	3
41	18	4
41	19	7
41	20	6
41	21	6
41	22	3
41	23	2
41	24	3
41	26	3
41	27	4
41	28	14
41	29	7
41	30	6
41	31	9
41	32	3
41	33	4
41	34	8
41	35	10
41	36	5
41	37	11
41	38	16
41	39	8
41	40	15
42	3	1
42	4	4
42	5	3
42	6	2
42	7	1
42	8	2
42	9	1
42	10	5
42	11	1
42	12	4
42	13	7
42	14	4
42	15	2
42	16	2
42	17	3
42	18	6
42	19	6
42	20	4
42	21	3
42	22	2
42	24	3
42	26	2
42	27	3
42	28	8
42	29	3
42	30	4
42	31	8
42	32	6
42	33	1
42	34	1
42	35	5
42	36	1
42	37	6
42	38	11
42	39	5
42	40	14
42	41	14
43	1	5
43	2	1
43	3	3
43	4	2
43	5	3
43	6	1
43	7	3
43	8	1
43	9	3
43	10	3
43	11	2
43	12	3
43	13	3
43	14	1
43	15	5
43	16	5
43	17	2
43	18	4
43	19	6
43	20	2
43	21	2
43	22	1
43	23	1
43	24	2
43	25	1
43	26	2
43	27	6
43	28	11
43	29	3
43	30	5
43	31	10
43	32	3
43	33	2
43	34	6
43	35	6
43	36	4
43	37	5
43	38	6
43	39	7
43	40	6
43	41	11
43	42	8
44	0	1
44	1	2
44	2	3
44	3	1
44	4	4
44	5	3
44	8	1
44	10	5
44	11	5
44	12	2
44	13	1
44	14	3
44	16	4
44	17	3
44	18	4
44	19	1
44	20	2
44	21	1
44	26	3
44	27	2
44	28	5
44	29	6
44	30	6
44	31	3
44	32	4
44	33	4
44	34	3
44	35	4
44	36	4
44	37	3
44	38	6
44	39	5
44	40	11
44	41	11
44	42	9
44	43	19
45	0	2
45	1	3
45	2	2
45	4	5
45	5	2
45	6	1
45	7	1
45	8	2
45	9	6
45	10	1
45	11	2
45	12	4
45	13	2
45	14	3
45	17	2
45	18	3
45	19	1
45	20	4
45	24	4
45	26	2
45	27	2
45	28	2
45	29	8
45	30	6
45	31	5
45	32	3
45	35	4
45	36	2
45	37	2
45	38	9
45	39	3
45	40	8
45	41	8
45	42	5
45	43	12
45	44	17
46	0	2
46	1	7
46	2	5
46	3	3
46	4	1
46	5	4
46	7	1
46	8	1
46	9	4
46	10	4
46	12	1
46	13	3
46	14	2
46	15	2
46	18	1
46	19	4
46	22	3
46	26	3
46	27	1
46	28	4
46	29	5
46	30	3
46	31	7
46	32	3
46	33	4
46	34	2
46	35	7
46	36	4
46	37	1
46	38	8
46	39	5
46	40	8
46	41	9
46	42	7
46	43	8
46	44	8
46	45	6
47	1	5
47	2	2
47	4	2
47	5	3
47	8	2
47	9	3
47	10	4
47	11	2
47	12	1
47	13	4
47	14	2
47	15	5
47	16	2
47	17	3
47	18	1
47	19	2
47	20	2
47	23	3
47	24	2
47	27	2
47	28	1
47	29	3
47	30	6
47	31	3
47	32	3
47	33	3
47	34	2
47	35	2
47	36	5
47	37	4
47	38	5
47	39	6
47	40	6
47	41	4
47	42	5
47	43	4
47	44	6
47	45	9
47	46	15
48	1	3
48	2	1
48	3	1
48	4	1
48	8	1
48	10	7
48	11	3
48	12	3
48	13	4
48	14	2
48	15	1
48	19	4
48	27	1
48	28	4
48	30	1
48	31	3
48	35	3
48	36	1
48	37	2
48	38	1
48	39	3
48	41	3
48	42	3
48	43	6
48	44	3
48	45	3
48	46	7
48	47	24
49	0	1
49	1	3
49	2	5
49	3	4
49	4	1
49	5	4
49	6	2
49	8	11
49	9	3
49	10	5
49	11	2
49	12	3
49	13	6
49	14	4
49	15	2
49	16	4
49	17	1
49	18	2
49	19	7
49	21	4
49	23	2
49	27	7
49	28	4
49	29	1
49	30	5
49	31	6
49	32	3
49	33	1
49	34	1
49	35	4
49	36	4
49	37	8
49	38	5
49	39	5
49	40	5
49	41	3
49	42	6
49	43	5
49	44	3
49	45	3
49	46	8
49	47	15
49	48	14
50	0	1
50	1	1
50	3	1
50	4	4
50	5	1
50	8	2
50	9	1
50	10	3
50	12	3
50	14	5
50	15	1
50	18	1
50	22	1
50	27	5
50	28	1
50	29	1
50	30	1
50	31	3
50	32	2
50	35	1
50	36	4
50	37	3
50	38	9
50	39	4
50	40	5
50	41	6
50	42	3
50	43	1
50	44	1
50	45	4
50	46	6
50	47	3
50	48	6
50	49	15
51	4	2
51	5	4
51	7	2
51	8	1
51	9	5
51	10	7
51	11	2
51	12	2
51	13	5
51	14	4
51	15	4
51	16	1
51	17	4
51	18	3
51	19	1
51	20	3
51	24	4
51	26	1
51	27	5
51	28	1
51	29	3
51	30	1
51	31	2
51	32	4
51	33	3
51	34	3
51	35	5
51	36	1
51	37	3
51	38	4
51	39	6
51	40	8
51	41	4
51	42	3
51	43	4
51	44	6
51	45	2
51	46	4
51	47	10
51	48	7
51	49	11
51	50	9
52	4	4
52	6	1
52	8	5
52	9	4
52	10	2
52	11	2
52	12	4
52	13	5
52	14	7
52	15	6
52	16	1
52	17	3
52	19	3
52	20	1
52	21	3
52	23	1
52	24	2
52	25	1
52	26	3
52	27	7
52	28	3
52	30	3
52	31	4
52	32	2
52	33	4
52	35	6
52	36	5
52	37	6
52	38	8
52	39	5
52	40	4
52	41	4
52	42	6
52	43	4
52	44	5
52	45	4
52	46	1
52	47	5
52	48	8
52	49	9
52	50	7
52	51	18
53	1	2
53	2	3
53	3	2
53	4	3
53	5	2
53	7	1
53	9	1
53	10	5
53	11	3
53	12	4
53	13	3
53	14	5
53	15	1
53	16	3
53	17	3
53	18	3
53	20	1
53	22	1
53	24	2
53	26	5
53	27	5
53	28	4
53	30	4
53	31	5
53	32	1
53	33	2
53	34	5
53	35	3
53	36	4
53	37	5
53	38	15
53	39	6
53	40	5
53	41	14
53	42	2
53	43	7
53	44	5
53	45	6
53	46	7
53	47	5
53	48	6
53	49	12
53	50	8
53	51	11
53	52	11
54	1	6
54	2	4
54	3	6
54	4	2
54	6	1
54	7	1
54	8	6
54	9	3
54	10	1
54	11	2
54	12	6
54	13	3
54	14	5
54	15	5
54	16	3
54	18	1
54	20	2
54	26	3
54	27	2
54	28	7
54	29	3
54	30	3
54	31	4
54	32	3
54	33	5
54	34	2
54	35	3
54	36	5
54	37	6
54	38	7
54	39	4
54	40	6
54	41	5
54	42	7
54	43	3
54	44	7
54	45	10
54	46	10
54	47	23
54	48	8
54	49	10
54	50	6
54	51	11
54	52	2
54	53	5
55	0	6
55	1	3
55	2	5
55	3	4
55	4	2
55	5	1
55	8	4
55	9	3
55	10	5
55	11	4
55	12	1
55	13	5
55	14	2
55	15	4
55	16	3
55	19	4
55	20	1
55	21	1
55	24	2
55	25	3
55	27	5
55	28	7
55	29	2
55	30	5
55	31	6
55	32	4
55	33	3
55	34	4
55	35	5
55	36	4
55	37	1
55	38	5
55	39	6
55	40	8
55	41	7
55	42	5
55	43	9
55	44	7
55	45	8
55	46	10
55	47	7
55	48	5
55	49	4
55	50	5
55	51	5
55	52	9
55	53	8
55	54	24
56	3	3
56	4	4
56	5	2
56	10	3
56	11	4
56	12	1
56	13	1
56	15	6
56	17	2
56	18	4
56	19	1
56	21	1
56	23	1
56	26	2
56	28	4
56	29	2
56	30	4
56	31	6
56	32	1
56	33	2
56	34	4
56	35	7
56	36	2
56	37	3
56	38	5
56	39	4
56	40	8
56	41	6
56	42	8
56	43	4
56	44	4
56	45	10
56	46	18
56	47	15
56	48	9
56	49	13
56	50	2
56	51	4
56	52	4
56	53	10
56	54	10
56	55	3
57	0	1
57	2	4
57	3	2
57	8	2
57	9	3
57	10	1
57	11	3
57	12	6
57	13	2
57	14	3
57	15	3
57	16	4
57	17	1
57	18	4
57	19	4
57	22	2
57	23	3
57	24	2
57	25	2
57	27	5
57	28	4
57	29	2
57	30	3
57	31	2
57	32	6
57	33	5
57	34	4
57	35	1
57	36	5
57	37	1
57	38	5
57	39	4
57	40	7
57	41	4
57	42	7
57	43	8
57	44	5
57	45	7
57	46	7
57	47	5
57	48	7
57	49	12
57	50	6
57	51	6
57	52	8
57	53	10
57	54	6
57	55	6
57	56	12
58	0	4
58	1	3
58	4	1
58	8	2
58	10	2
58	12	3
58	13	3
58	14	3
58	15	2
58	17	2
58	18	3
58	19	3
58	23	1
58	24	4
58	25	1
58	26	3
58	27	4
58	28	4
58	29	2
58	30	5
58	31	7
58	32	4
58	33	4
58	34	3
58	35	6
58	36	2
58	37	8
58	38	7
58	39	5
58	40	7
58	41	5
58	42	8
58	43	5
58	44	5
58	45	5
58	46	6
58	47	9
58	48	2
58	49	4
58	50	2
58	51	6
58	52	6
58	53	4
58	54	3
58	55	3
58	56	11
58	57	8
59	1	4
59	2	2
59	3	6
59	4	4
59	5	4
59	7	2
59	8	4
59	9	2
59	10	4
59	11	4
59	12	4
59	13	2
59	14	2
59	15	3
59	16	3
59	17	2
59	18	5
59	19	2
59	20	3
59	22	2
59	24	3
59	26	2
59	27	2
59	28	4
59	29	6
59	30	4
59	31	7
59	32	5
59	33	10
59	34	2
59	35	6
59	36	1
59	37	2
59	38	5
59	39	6
59	40	6
59	41	10
59	42	12
59	43	10
59	44	11
59	45	9
59	46	9
59	47	6
59	48	6
59	49	5
59	50	3
59	51	8
59	52	3
59	53	7
59	54	3
59	55	6
59	56	7
59	57	6
59	58	10
60	0	2
60	1	1
60	2	2
60	3	2
60	4	9
60	5	4
60	6	3
60	7	2
60	8	2
60	9	5
60	10	2
60	12	7
60	13	8
60	14	6
60	15	9
60	16	6
60	17	5
60	18	4
60	19	9
60	20	3
60	21	5
60	22	3
60	24	10
60	27	2
60	29	7
60	30	3
60	31	4
60	32	4
60	33	5
60	34	1
60	35	11
60	36	7
60	37	4
60	38	9
60	39	8
60	40	5
60	41	13
60	42	5
60	43	10
60	44	3
60	45	4
60	46	4
60	47	7
60	48	3
60	49	12
60	50	3
60	51	21
60	52	25
60	53	23
60	54	4
60	55	10
60	56	5
60	57	3
60	58	3
60	59	7
