1	0	16
2	0	12
2	1	17
3	0	4
3	1	9
3	2	5
4	0	4
4	1	9
4	2	8
4	3	10
5	0	1
5	2	9
5	3	3
5	4	13
6	0	2
6	1	2
6	2	5
6	3	6
6	4	8
6	5	13
7	1	1
7	2	5
7	3	3
7	4	4
7	5	6
7	6	13
8	0	3
8	1	3
8	2	3
8	3	4
8	4	22
8	5	8
8	6	13
8	7	11
9	0	5
9	1	5
9	2	3
9	3	6
9	4	17
9	5	2
9	6	9
9	7	4
9	8	15
10	0	2
10	1	3
10	2	6
10	3	2
10	4	10
10	5	7
10	6	1
10	7	8
10	8	11
10	9	17
11	0	1
11	1	5
11	2	2
11	3	1
11	4	4
11	5	3
11	6	8
11	7	2
11	8	8
11	9	12
11	10	13
12	1	2
12	2	1
12	3	4
12	4	7
12	5	7
12	6	1
12	7	7
12	8	3
12	9	5
12	10	23
12	11	34
13	0	2
13	1	1
13	2	6
13	3	2
13	4	6
13	6	1
13	7	3
13	8	7
13	9	7
13	10	10
13	11	6
13	12	7
14	1	5
14	2	1
14	3	2
14	4	3
14	5	7
14	6	3
14	7	7
14	8	2
14	9	2
14	10	4
14	11	5
14	12	5
14	13	9
15	0	3
15	2	2
15	3	5
15	4	4
15	5	2
15	6	2
15	8	1
15	9	5
15	10	3
15	11	4
15	12	4
15	13	7
15	14	12
16	1	1
16	2	2
16	3	2
16	4	5
16	5	4
16	6	3
16	7	4
16	8	4
16	9	1
16	10	5
16	11	6
16	12	9
16	13	17
16	14	12
16	15	8
17	1	2
17	2	4
17	3	3
17	4	6
17	5	4
17	6	3
17	7	4
17	8	7
17	9	2
17	10	12
17	11	5
17	12	12
17	13	7
17	14	11
17	15	5
17	16	22
18	2	1
18	3	2
18	4	6
18	5	7
18	6	2
18	7	6
18	8	6
18	9	3
18	10	7
18	11	3
18	12	5
18	13	6
18	14	9
18	15	1
18	16	6
18	17	9
19	0	1
19	1	4
19	2	1
19	3	3
19	4	5
19	5	4
19	6	8
19	7	5
19	8	8
19	9	4
19	10	10
19	11	6
19	12	4
19	13	9
19	14	4
19	15	3
19	16	10
19	17	15
19	18	14
20	1	3
20	2	1
20	3	2
20	4	2
20	5	9
20	6	4
20	7	14
20	8	9
20	9	10
20	10	5
20	11	3
20	12	4
20	13	2
20	14	3
20	15	4
20	16	6
20	17	4
20	18	3
20	19	10
21	0	3
21	2	2
21	3	5
21	4	8
21	5	7
21	6	4
21	7	6
21	8	9
21	9	7
21	10	8
21	11	4
21	12	6
21	13	7
21	14	3
21	15	3
21	16	5
21	17	2
21	18	14
21	19	5
21	20	24
22	1	2
22	2	2
22	3	1
22	4	1
22	5	7
22	6	8
22	7	7
22	8	6
22	9	3
22	10	3
22	11	2
22	12	4
22	13	3
22	14	3
22	15	3
22	16	9
22	17	4
22	18	3
22	19	6
22	20	23
22	21	14
23	1	2
23	3	2
23	4	5
23	5	4
23	6	4
23	7	1
23	8	2
23	9	3
23	10	2
23	11	3
23	12	3
23	13	1
23	14	3
23	15	4
23	17	2
23	18	6
23	19	8
23	20	7
23	21	7
23	22	13
24	1	1
24	2	3
24	3	3
24	4	7
24	5	10
24	6	5
24	7	6
24	8	5
24	9	2
24	10	4
24	11	2
24	12	2
24	13	9
24	14	3
24	15	3
24	16	2
24	17	2
24	18	4
24	19	6
24	20	4
24	21	5
24	22	10
24	23	14
25	0	1
25	4	1
25	6	2
25	8	1
25	11	1
25	15	2
25	16	4
25	17	1
25	19	1
25	21	1
25	22	1
26	1	4
26	2	2
26	3	2
26	6	2
26	8	2
26	10	4
26	13	3
26	14	2
26	15	3
26	16	2
26	17	3
26	19	2
26	22	1
26	24	4
27	3	2
27	4	4
27	5	4
27	6	6
27	7	5
27	8	2
27	9	2
27	10	4
27	11	6
27	12	2
27	13	7
27	14	6
27	15	3
27	16	8
27	17	2
27	18	3
27	19	2
27	20	9
27	21	3
27	22	4
27	23	1
27	24	4
27	25	2
27	26	3
28	0	2
28	1	5
28	2	1
28	3	8
28	4	7
28	5	5
28	6	6
28	7	7
28	8	9
28	9	3
28	10	5
28	11	4
28	12	3
28	13	7
28	14	8
28	15	3
28	16	10
28	17	7
28	18	7
28	19	8
28	20	5
28	21	8
28	22	3
28	23	6
28	24	4
28	26	6
28	27	16
29	1	3
29	2	2
29	3	2
29	4	4
29	5	6
29	6	3
29	7	1
29	8	5
29	9	2
29	10	1
29	11	5
29	12	1
29	13	2
29	14	1
29	15	3
29	16	1
29	17	7
29	18	2
29	19	2
29	20	5
29	21	7
29	22	3
29	23	3
29	24	6
29	27	2
29	28	9
30	0	1
30	1	2
30	2	2
30	3	6
30	4	3
30	5	6
30	6	1
30	7	3
30	8	6
30	9	6
30	10	3
30	11	3
30	12	2
30	13	6
30	14	3
30	15	5
30	16	3
30	18	5
30	19	6
30	20	2
30	21	9
30	22	2
30	23	3
30	24	4
30	26	3
30	27	5
30	28	7
30	29	11
31	1	2
31	2	1
31	3	4
31	4	5
31	5	4
31	8	3
31	9	3
31	10	4
31	11	4
31	12	3
31	13	3
31	14	3
31	15	4
31	16	1
31	17	4
31	19	4
31	20	4
31	21	2
31	23	1
31	24	7
31	26	4
31	27	3
31	28	11
31	29	4
31	30	16
32	0	1
32	1	2
32	2	2
32	3	3
32	4	3
32	5	2
32	6	2
32	8	4
32	9	1
32	10	2
32	11	4
32	12	1
32	13	3
32	14	4
32	15	2
32	16	5
32	17	3
32	18	10
32	19	3
32	20	6
32	21	3
32	22	4
32	23	3
32	24	8
32	26	3
32	27	7
32	28	15
32	29	5
32	30	4
32	31	5
33	1	1
33	2	3
33	3	4
33	4	6
33	5	5
33	6	2
33	7	1
33	8	7
33	9	7
33	10	1
33	11	2
33	12	1
33	13	3
33	14	3
33	15	3
33	16	2
33	17	3
33	18	8
33	19	5
33	20	3
33	21	6
33	22	6
33	24	3
33	26	5
33	27	5
33	28	11
33	29	9
33	30	8
33	31	10
33	32	14
34	0	2
34	1	5
34	2	1
34	3	1
34	4	7
34	5	6
34	6	3
34	7	2
34	8	6
34	9	1
34	10	3
34	11	1
34	12	5
34	13	3
34	14	2
34	15	3
34	16	1
34	17	4
34	18	8
34	19	3
34	20	6
34	21	6
34	22	7
34	23	4
34	24	9
34	26	2
34	27	4
34	28	13
34	29	7
34	30	5
34	31	4
34	32	10
34	33	16
35	0	6
35	1	2
35	2	4
35	3	5
35	4	1
35	5	4
35	6	2
35	7	3
35	8	5
35	9	5
35	10	8
35	11	6
35	12	5
35	13	13
35	14	4
35	15	4
35	16	6
35	17	6
35	18	19
35	19	8
35	20	13
35	21	13
35	22	5
35	23	5
35	24	3
35	26	4
35	27	6
35	28	16
35	29	4
35	30	12
35	31	7
35	32	12
35	33	7
35	34	14
36	0	1
36	1	2
36	2	3
36	3	3
36	4	10
36	5	3
36	6	4
36	7	4
36	8	8
36	9	5
36	10	8
36	11	2
36	12	6
36	13	9
36	14	4
36	15	2
36	16	4
36	17	2
36	18	2
36	19	6
36	20	2
36	21	3
36	22	1
36	24	1
36	25	2
36	26	3
36	27	1
36	28	7
36	29	4
36	30	2
36	31	5
36	32	5
36	33	4
36	34	2
36	35	6
37	0	2
37	1	1
37	3	3
37	4	5
37	5	1
37	6	6
37	7	6
37	8	3
37	9	4
37	10	4
37	11	2
37	12	4
37	13	20
37	14	7
37	15	3
37	16	3
37	17	6
37	18	6
37	19	8
37	20	6
37	21	6
37	22	7
37	23	3
37	24	4
37	25	1
37	26	3
37	27	10
37	28	19
37	29	1
37	30	4
37	31	5
37	32	7
37	33	3
37	34	4
37	35	24
37	36	10
38	0	1
38	1	4
38	3	5
38	4	6
38	5	5
38	6	6
38	7	2
38	8	3
38	9	9
38	10	4
38	11	6
38	12	8
38	13	13
38	14	10
38	15	3
38	16	9
38	17	5
38	18	7
38	19	8
38	20	5
38	21	7
38	22	6
38	23	6
38	24	3
38	26	4
38	27	17
38	28	14
38	29	8
38	30	12
38	31	9
38	32	10
38	33	11
38	34	5
38	35	14
38	36	7
38	37	11
39	1	1
39	3	2
39	4	3
39	5	4
39	6	3
39	7	1
39	8	6
39	9	11
39	10	4
39	11	4
39	12	3
39	13	16
39	14	7
39	15	6
39	16	8
39	17	7
39	18	8
39	19	3
39	20	5
39	21	2
39	22	2
39	23	3
39	24	2
39	26	1
39	27	7
39	28	10
39	29	5
39	30	4
39	31	4
39	32	2
39	33	4
39	34	5
39	35	8
39	36	11
39	37	13
39	38	31
40	1	1
40	2	7
40	3	2
40	4	7
40	5	3
40	6	3
40	7	1
40	8	6
40	9	5
40	10	3
40	11	2
40	12	6
40	13	9
40	14	2
40	15	5
40	16	9
40	17	4
40	18	3
40	19	8
40	20	4
40	21	4
40	22	4
40	23	5
40	24	5
40	25	1
40	26	3
40	27	6
40	28	9
40	29	11
40	30	10
40	31	13
40	32	9
40	33	4
40	34	3
40	35	12
40	36	6
40	37	12
40	38	24
40	39	15
41	1	1
41	2	3
41	3	4
41	4	3
41	5	4
41	6	1
41	7	2
41	8	3
41	9	3
41	10	4
41	11	4
41	12	5
41	13	8
41	14	2
41	15	2
41	16	4
41	17	2
41	18	2
41	19	5
41	20	2
41	21	6
41	22	3
41	24	3
41	26	7
41	27	4
41	28	8
41	29	2
41	30	10
41	31	9
41	32	6
41	33	8
41	34	3
41	35	6
41	36	2
41	37	10
41	38	20
41	39	13
41	40	22
42	0	2
42	4	1
42	5	1
42	6	2
42	7	2
42	8	2
42	9	6
42	10	4
42	11	3
42	12	1
42	13	3
42	14	4
42	15	1
42	16	1
42	17	4
42	18	3
42	19	2
42	20	3
42	21	5
42	22	2
42	23	1
42	24	1
42	26	3
42	27	9
42	28	9
42	29	2
42	30	9
42	31	15
42	32	9
42	33	8
42	34	3
42	35	8
42	36	3
42	37	5
42	38	7
42	39	3
42	40	22
42	41	14
43	1	2
43	2	5
43	3	1
43	4	4
43	6	4
43	7	3
43	8	2
43	9	2
43	10	4
43	11	3
43	12	1
43	13	3
43	14	1
43	15	2
43	16	1
43	17	2
43	19	3
43	20	4
43	21	1
43	22	2
43	23	1
43	24	6
43	25	1
43	26	2
43	27	6
43	28	10
43	29	1
43	30	4
43	31	11
43	32	5
43	33	2
43	34	5
43	35	7
43	36	5
43	37	7
43	38	8
43	39	5
43	40	13
43	41	14
43	42	9
44	0	1
44	1	3
44	2	5
44	3	5
44	4	3
44	5	5
44	7	4
44	8	4
44	9	2
44	10	5
44	11	2
44	12	5
44	13	3
44	16	3
44	17	2
44	18	2
44	19	4
44	20	2
44	26	1
44	27	4
44	28	3
44	29	4
44	30	7
44	31	6
44	32	6
44	33	5
44	34	5
44	35	4
44	36	6
44	37	3
44	38	3
44	39	4
44	40	3
44	41	7
44	42	7
44	43	16
45	1	1
45	2	1
45	3	4
45	4	2
45	5	3
45	6	3
45	7	1
45	9	4
45	10	2
45	11	2
45	12	1
45	13	4
45	17	2
45	18	1
45	19	3
45	20	1
45	23	1
45	24	1
45	26	2
45	27	1
45	28	8
45	29	3
45	30	7
45	31	7
45	32	3
45	33	4
45	34	5
45	35	1
45	36	6
45	37	5
45	38	3
45	39	4
45	40	5
45	41	7
45	42	2
45	43	16
45	44	16
46	1	1
46	2	3
46	3	2
46	4	3
46	5	5
46	7	1
46	8	5
46	9	2
46	10	2
46	11	3
46	12	3
46	13	4
46	14	9
46	15	4
46	18	3
46	19	3
46	21	1
46	22	2
46	26	3
46	27	1
46	28	5
46	29	3
46	30	5
46	31	6
46	32	4
46	33	4
46	34	2
46	35	4
46	36	3
46	37	2
46	38	9
46	39	2
46	40	6
46	41	8
46	42	7
46	43	6
46	44	6
46	45	20
47	1	5
47	3	1
47	4	3
47	5	2
47	8	5
47	9	2
47	10	6
47	11	1
47	12	6
47	13	5
47	14	2
47	15	2
47	16	4
47	17	3
47	18	2
47	19	4
47	20	3
47	23	1
47	24	4
47	27	7
47	28	7
47	29	5
47	30	4
47	31	4
47	32	1
47	33	1
47	34	3
47	35	4
47	36	2
47	37	1
47	38	6
47	39	3
47	40	7
47	41	11
47	42	4
47	43	2
47	44	5
47	45	4
47	46	7
48	0	2
48	1	1
48	2	1
48	4	2
48	7	3
48	10	2
48	11	3
48	12	1
48	13	5
48	14	2
48	15	3
48	19	4
48	20	3
48	22	4
48	24	2
48	25	1
48	27	2
48	28	7
48	30	3
48	31	1
48	35	4
48	36	1
48	37	1
48	38	2
48	39	3
48	40	6
48	41	2
48	42	2
48	43	1
48	44	4
48	45	6
48	46	11
48	47	21
49	0	3
49	1	2
49	2	2
49	3	3
49	4	3
49	5	1
49	6	4
49	7	5
49	8	2
49	9	4
49	10	6
49	11	6
49	12	3
49	13	4
49	15	8
49	16	4
49	17	3
49	18	6
49	19	4
49	20	1
49	21	2
49	23	1
49	24	3
49	25	2
49	27	6
49	28	8
49	29	6
49	30	6
49	31	3
49	32	5
49	33	1
49	34	3
49	35	9
49	36	4
49	37	2
49	38	6
49	39	8
49	40	2
49	41	12
49	42	4
49	43	6
49	44	1
49	45	6
49	46	7
49	47	10
49	48	18
50	0	1
50	1	1
50	3	1
50	4	4
50	5	6
50	8	4
50	9	4
50	10	5
50	12	2
50	13	2
50	14	3
50	15	2
50	18	2
50	19	3
50	23	3
50	26	2
50	27	2
50	28	2
50	29	3
50	30	3
50	31	1
50	32	4
50	35	2
50	36	3
50	37	3
50	38	5
50	39	5
50	40	3
50	41	3
50	42	2
50	43	2
50	44	3
50	45	4
50	46	3
50	47	10
50	48	6
50	49	13
51	1	2
51	5	2
51	8	2
51	9	4
51	10	5
51	11	2
51	12	3
51	13	4
51	14	1
51	15	6
51	16	3
51	17	5
51	18	2
51	19	4
51	20	1
51	23	3
51	24	4
51	26	2
51	27	4
51	28	3
51	29	5
51	30	4
51	31	4
51	32	1
51	33	3
51	34	3
51	35	5
51	36	1
51	37	2
51	38	10
51	39	4
51	40	5
51	41	7
51	42	3
51	43	1
51	44	1
51	45	7
51	46	3
51	47	5
51	48	5
51	49	10
51	50	9
52	0	1
52	4	4
52	7	1
52	8	2
52	9	1
52	10	3
52	11	2
52	12	5
52	13	4
52	15	7
52	16	4
52	18	1
52	19	4
52	20	2
52	21	3
52	24	1
52	25	1
52	26	1
52	27	5
52	28	6
52	29	1
52	30	4
52	31	5
52	32	3
52	33	2
52	34	2
52	35	6
52	36	1
52	37	3
52	38	7
52	39	6
52	40	6
52	41	3
52	42	4
52	43	6
52	44	1
52	45	3
52	46	8
52	47	4
52	48	5
52	49	16
52	50	8
52	51	27
53	3	3
53	4	4
53	5	3
53	6	1
53	7	2
53	8	4
53	9	2
53	11	5
53	12	3
53	13	2
53	14	2
53	15	2
53	16	3
53	17	3
53	18	4
53	19	5
53	20	3
53	24	2
53	26	5
53	27	5
53	28	5
53	29	2
53	30	4
53	31	5
53	32	2
53	33	1
53	34	1
53	35	1
53	36	3
53	37	3
53	38	7
53	39	5
53	40	4
53	41	9
53	42	2
53	43	5
53	44	4
53	45	6
53	46	7
53	47	10
53	48	5
53	49	18
53	50	4
53	51	11
53	52	12
54	0	1
54	1	4
54	2	3
54	3	1
54	4	1
54	5	4
54	6	1
54	8	2
54	9	6
54	10	8
54	11	6
54	12	2
54	13	1
54	14	4
54	15	1
54	16	5
54	17	3
54	18	4
54	19	4
54	20	2
54	26	1
54	27	1
54	28	6
54	29	5
54	30	5
54	31	5
54	32	5
54	33	5
54	34	3
54	35	3
54	36	2
54	37	2
54	38	7
54	39	8
54	40	8
54	41	7
54	42	6
54	43	4
54	44	6
54	45	5
54	46	5
54	47	13
54	48	7
54	49	9
54	50	4
54	51	5
54	52	3
54	53	10
55	0	2
55	1	3
55	2	5
55	3	4
55	4	4
55	5	1
55	8	3
55	9	8
55	10	3
55	12	3
55	13	4
55	14	7
55	16	4
55	17	3
55	18	6
55	19	6
55	20	1
55	21	3
55	24	3
55	25	2
55	27	3
55	28	5
55	29	5
55	30	5
55	31	7
55	32	1
55	33	4
55	34	3
55	35	4
55	36	4
55	37	6
55	38	7
55	39	4
55	40	8
55	41	1
55	42	3
55	43	4
55	44	5
55	45	5
55	46	16
55	47	12
55	48	9
55	49	12
55	50	7
55	51	11
55	52	3
55	53	5
55	54	25
56	4	4
56	5	1
56	6	1
56	8	2
56	9	4
56	10	1
56	11	3
56	12	3
56	13	4
56	15	4
56	17	2
56	18	3
56	19	3
56	20	3
56	21	3
56	22	1
56	23	1
56	26	1
56	27	3
56	28	4
56	29	3
56	30	6
56	31	4
56	32	6
56	33	2
56	34	1
56	35	4
56	36	2
56	37	1
56	38	6
56	39	3
56	40	6
56	41	7
56	42	5
56	43	8
56	44	6
56	45	8
56	46	10
56	47	8
56	48	9
56	49	8
56	50	7
56	51	7
56	52	5
56	53	10
56	54	11
56	55	8
57	0	4
57	2	3
57	4	5
57	8	3
57	9	1
57	10	2
57	11	2
57	12	3
57	13	4
57	14	4
57	15	3
57	16	1
57	17	2
57	18	3
57	19	4
57	22	4
57	23	3
57	24	3
57	25	1
57	27	2
57	28	4
57	29	6
57	30	2
57	31	4
57	32	5
57	33	1
57	34	2
57	35	2
57	36	5
57	37	1
57	38	5
57	39	2
57	40	10
57	41	7
57	42	6
57	43	7
57	44	5
57	45	6
57	46	6
57	47	8
57	48	8
57	49	10
57	50	8
57	51	3
57	52	2
57	53	9
57	54	4
57	55	4
57	56	18
58	0	2
58	1	3
58	4	1
58	8	2
58	10	5
58	12	1
58	13	6
58	14	1
58	15	2
58	17	3
58	18	4
58	19	1
58	23	2
58	25	1
58	27	1
58	28	8
58	29	1
58	30	3
58	31	1
58	32	2
58	33	3
58	34	7
58	35	5
58	36	2
58	37	1
58	38	4
58	39	4
58	40	4
58	41	4
58	42	7
58	43	8
58	44	1
58	45	3
58	46	2
58	47	7
58	48	4
58	49	4
58	50	4
58	51	5
58	52	4
58	53	9
58	54	6
58	55	7
58	56	8
58	57	8
59	3	1
59	4	6
59	5	2
59	7	3
59	8	2
59	9	1
59	10	5
59	11	1
59	12	3
59	13	2
59	14	4
59	15	2
59	16	2
59	17	2
59	19	3
59	20	4
59	21	3
59	22	1
59	24	3
59	26	3
59	27	6
59	28	12
59	29	1
59	30	7
59	31	6
59	32	11
59	33	2
59	34	4
59	35	6
59	36	1
59	37	5
59	38	12
59	39	8
59	40	10
59	41	4
59	42	16
59	43	11
59	44	10
59	45	10
59	46	10
59	47	4
59	48	5
59	49	7
59	50	2
59	51	5
59	52	5
59	53	4
59	54	5
59	55	5
59	56	4
59	57	9
59	58	19
60	0	2
60	1	6
60	2	2
60	3	3
60	4	3
60	5	1
60	6	3
60	7	2
60	8	1
60	9	3
60	10	2
60	11	3
60	12	4
60	13	10
60	14	7
60	15	8
60	16	6
60	17	4
60	18	5
60	19	3
60	20	3
60	21	5
60	22	7
60	24	3
60	26	6
60	27	3
60	28	9
60	29	4
60	30	4
60	31	4
60	32	2
60	33	4
60	34	7
60	35	2
60	36	6
60	37	5
60	38	12
60	39	10
60	40	8
60	41	11
60	42	14
60	43	6
60	44	3
60	45	6
60	46	7
60	47	6
60	48	8
60	49	5
60	50	7
60	51	21
60	52	27
60	53	17
60	54	5
60	55	4
60	56	11
60	57	12
60	58	8
60	59	7
