1	0	11
2	0	5
2	1	19
3	0	3
3	1	6
3	2	7
4	0	4
4	1	3
4	2	4
4	3	17
5	1	4
5	2	1
5	3	9
5	4	13
6	0	4
6	1	2
6	2	4
6	3	7
6	4	8
6	5	10
7	1	4
7	2	5
7	3	4
7	4	9
7	5	8
7	6	18
8	0	4
8	1	4
8	2	7
8	3	6
8	4	29
8	5	10
8	6	9
8	7	7
9	0	1
9	1	2
9	2	1
9	3	4
9	4	14
9	5	8
9	6	3
9	7	5
9	8	8
10	0	4
10	1	3
10	2	6
10	3	6
10	4	12
10	5	2
10	6	5
10	7	2
10	8	15
10	9	16
11	0	3
11	1	6
11	2	2
11	3	5
11	4	6
11	5	6
11	6	2
11	7	3
11	8	7
11	9	6
11	10	19
12	1	5
12	2	1
12	3	6
12	4	4
12	5	8
12	6	5
12	7	5
12	8	10
12	9	6
12	10	13
12	11	15
13	0	5
13	1	4
13	2	3
13	4	6
13	5	5
13	6	4
13	7	6
13	8	7
13	9	5
13	10	8
13	11	11
13	12	8
14	1	4
14	2	2
14	3	3
14	4	4
14	5	4
14	6	4
14	7	5
14	8	3
14	9	3
14	10	5
14	11	2
14	12	4
14	13	7
15	2	3
15	3	3
15	4	3
15	5	3
15	6	2
15	7	4
15	8	6
15	10	5
15	11	4
15	12	6
15	13	7
15	14	12
16	1	4
16	2	2
16	3	2
16	4	5
16	5	3
16	6	2
16	7	1
16	8	2
16	9	2
16	10	7
16	11	6
16	12	8
16	13	5
16	14	9
16	15	6
17	1	4
17	2	1
17	3	4
17	4	6
17	5	4
17	6	1
17	7	2
17	8	2
17	9	3
17	10	11
17	11	5
17	12	10
17	13	11
17	14	13
17	15	8
17	16	10
18	0	2
18	1	1
18	2	5
18	3	1
18	4	4
18	5	6
18	6	5
18	7	4
18	8	7
18	9	5
18	10	9
18	11	6
18	12	3
18	13	6
18	14	2
18	15	5
18	16	12
18	17	6
19	0	1
19	1	5
19	2	2
19	3	7
19	4	4
19	5	4
19	6	6
19	7	6
19	8	9
19	9	9
19	10	5
19	11	7
19	12	8
19	13	8
19	14	5
19	15	4
19	16	7
19	17	13
19	18	15
20	1	1
20	2	3
20	3	3
20	4	7
20	5	9
20	6	3
20	7	8
20	8	14
20	9	3
20	10	3
20	11	3
20	12	5
20	13	5
20	14	4
20	15	1
20	16	3
20	17	5
20	18	9
20	19	11
21	0	3
21	1	1
21	2	1
21	3	3
21	4	5
21	5	2
21	6	6
21	7	5
21	8	7
21	9	2
21	10	6
21	11	3
21	12	3
21	13	5
21	14	3
21	15	5
21	16	7
21	17	2
21	18	6
21	19	9
21	20	10
22	1	1
22	2	2
22	3	4
22	4	4
22	5	5
22	6	5
22	7	6
22	8	9
22	9	3
22	10	5
22	11	4
22	12	5
22	13	4
22	14	4
22	15	3
22	16	9
22	17	6
22	18	4
22	19	9
22	20	13
22	21	18
23	0	1
23	3	2
23	4	5
23	5	5
23	6	5
23	7	4
23	8	4
23	9	2
23	10	4
23	11	4
23	12	4
23	13	2
23	14	2
23	15	3
23	16	2
23	17	2
23	18	5
23	19	4
23	20	2
23	21	6
23	22	20
24	1	2
24	2	3
24	3	5
24	4	5
24	5	9
24	6	1
24	7	2
24	8	5
24	9	4
24	10	6
24	11	2
24	12	6
24	13	5
24	14	3
24	15	1
24	16	6
24	17	4
24	18	7
24	19	6
24	20	9
24	21	8
24	22	11
24	23	15
25	0	1
25	3	1
25	4	1
25	6	1
25	8	1
25	9	2
25	12	1
25	15	1
25	21	3
26	1	2
26	2	1
26	6	2
26	8	1
26	10	2
26	13	1
26	14	3
26	15	3
26	16	2
26	17	2
26	18	3
26	19	3
26	20	3
26	22	2
26	24	5
27	4	4
27	5	3
27	6	5
27	7	3
27	8	5
27	9	1
27	10	6
27	11	3
27	12	9
27	13	5
27	14	4
27	15	4
27	16	6
27	17	5
27	18	4
27	19	2
27	20	5
27	21	2
27	22	6
27	23	5
27	24	2
27	26	7
28	0	1
28	1	1
28	2	4
28	3	2
28	4	3
28	5	5
28	6	3
28	7	3
28	8	6
28	9	4
28	10	7
28	11	8
28	12	7
28	13	8
28	14	5
28	15	4
28	16	6
28	17	8
28	18	9
28	19	8
28	20	6
28	21	5
28	22	8
28	23	5
28	24	2
28	26	2
28	27	7
29	1	1
29	2	6
29	3	3
29	4	5
29	5	1
29	6	1
29	7	3
29	8	4
29	9	3
29	10	3
29	11	2
29	12	2
29	13	2
29	14	3
29	15	1
29	16	3
29	17	3
29	18	3
29	19	5
29	20	2
29	21	4
29	22	3
29	24	3
29	27	3
29	28	11
30	0	1
30	1	4
30	2	1
30	3	5
30	4	6
30	5	4
30	6	5
30	7	3
30	8	5
30	9	3
30	10	5
30	11	3
30	12	2
30	13	3
30	14	3
30	15	3
30	16	3
30	17	2
30	18	4
30	19	3
30	20	2
30	21	4
30	22	4
30	23	3
30	24	6
30	26	4
30	28	14
30	29	10
31	1	2
31	2	3
31	3	4
31	4	3
31	5	4
31	8	3
31	9	1
31	10	3
31	11	3
31	12	4
31	13	3
31	14	4
31	15	2
31	16	1
31	17	3
31	18	4
31	19	7
31	20	2
31	21	5
31	22	4
31	23	2
31	24	3
31	26	1
31	27	4
31	28	14
31	29	2
31	30	22
32	1	3
32	3	2
32	4	4
32	5	3
32	6	1
32	8	3
32	10	3
32	11	5
32	12	2
32	13	6
32	14	8
32	15	2
32	16	5
32	17	2
32	18	5
32	19	4
32	20	4
32	21	1
32	22	7
32	23	6
32	24	3
32	26	2
32	27	6
32	28	12
32	29	5
32	30	5
32	31	5
33	1	3
33	2	3
33	3	2
33	4	2
33	5	4
33	6	3
33	7	2
33	9	3
33	10	1
33	11	4
33	12	1
33	13	4
33	14	6
33	15	4
33	16	1
33	17	6
33	18	8
33	19	8
33	20	2
33	21	8
33	22	6
33	23	5
33	24	12
33	26	1
33	27	7
33	28	13
33	29	2
33	30	5
33	31	10
33	32	16
34	0	3
34	2	2
34	3	4
34	4	4
34	5	3
34	6	2
34	7	5
34	8	5
34	9	3
34	10	6
34	11	2
34	12	4
34	13	6
34	15	2
34	16	5
34	17	7
34	18	5
34	19	3
34	20	7
34	21	14
34	22	5
34	23	3
34	24	1
34	25	1
34	26	2
34	27	6
34	28	11
34	29	5
34	30	4
34	31	5
34	32	5
34	33	14
35	0	2
35	1	4
35	2	2
35	3	2
35	4	6
35	5	5
35	6	1
35	7	7
35	8	6
35	9	5
35	10	3
35	11	3
35	12	5
35	13	9
35	14	2
35	15	3
35	16	5
35	17	5
35	18	16
35	19	8
35	20	7
35	21	7
35	22	5
35	23	6
35	24	9
35	26	4
35	27	5
35	28	13
35	29	8
35	30	5
35	31	4
35	32	3
35	33	13
35	34	9
36	1	1
36	2	2
36	3	2
36	4	8
36	5	5
36	6	1
36	7	2
36	8	6
36	9	7
36	10	6
36	11	4
36	12	8
36	13	14
36	14	6
36	15	4
36	16	3
36	17	1
36	18	4
36	19	4
36	20	1
36	21	4
36	22	2
36	24	2
36	26	2
36	27	4
36	28	2
36	29	7
36	30	1
36	31	4
36	32	2
36	33	4
36	34	4
36	35	1
37	0	2
37	1	3
37	2	3
37	3	3
37	4	4
37	5	2
37	6	1
37	7	2
37	8	6
37	9	4
37	10	1
37	11	6
37	12	3
37	13	16
37	14	5
37	15	6
37	16	7
37	17	5
37	18	7
37	19	4
37	20	4
37	21	3
37	22	2
37	23	2
37	24	2
37	25	4
37	26	4
37	27	8
37	28	9
37	29	6
37	30	4
37	31	6
37	32	2
37	33	4
37	34	11
37	35	22
37	36	9
38	0	2
38	1	3
38	2	3
38	3	1
38	4	6
38	5	4
38	6	2
38	7	4
38	8	7
38	9	4
38	10	7
38	11	6
38	12	8
38	13	14
38	14	9
38	15	7
38	16	3
38	17	6
38	18	15
38	19	9
38	20	3
38	21	6
38	22	1
38	23	2
38	24	6
38	26	7
38	27	7
38	28	17
38	29	3
38	30	12
38	31	8
38	32	10
38	33	11
38	34	5
38	35	16
38	36	5
38	37	15
39	1	2
39	2	4
39	3	3
39	4	6
39	5	2
39	6	1
39	7	5
39	8	7
39	9	4
39	10	7
39	11	7
39	12	3
39	13	14
39	14	6
39	15	5
39	16	7
39	17	7
39	18	8
39	19	8
39	20	6
39	21	3
39	22	5
39	23	5
39	24	1
39	26	3
39	27	4
39	28	12
39	29	5
39	30	9
39	31	5
39	32	3
39	33	1
39	34	3
39	35	16
39	36	10
39	37	16
39	38	29
40	1	3
40	2	2
40	3	4
40	4	3
40	5	2
40	6	2
40	7	7
40	8	2
40	9	5
40	10	4
40	11	1
40	12	1
40	13	5
40	14	5
40	15	7
40	16	8
40	17	4
40	18	8
40	19	7
40	20	3
40	21	1
40	22	5
40	23	2
40	24	6
40	25	2
40	26	1
40	27	4
40	28	14
40	29	6
40	30	12
40	31	10
40	32	9
40	33	5
40	34	7
40	35	6
40	36	6
40	37	11
40	38	24
40	39	13
41	1	3
41	2	2
41	3	5
41	4	10
41	5	4
41	6	1
41	7	1
41	8	1
41	9	3
41	10	2
41	11	2
41	12	4
41	13	5
41	14	6
41	15	3
41	16	3
41	17	3
41	18	4
41	19	4
41	20	5
41	21	3
41	22	3
41	23	2
41	24	6
41	25	2
41	27	4
41	28	9
41	29	11
41	30	12
41	31	8
41	32	15
41	33	5
41	34	4
41	35	7
41	36	5
41	37	7
41	38	15
41	39	8
41	40	17
42	0	1
42	4	7
42	5	3
42	6	5
42	7	1
42	8	1
42	9	2
42	10	3
42	11	1
42	12	4
42	13	4
42	14	3
42	15	2
42	16	2
42	17	1
42	18	6
42	19	1
42	20	1
42	21	5
42	22	3
42	23	5
42	24	2
42	26	3
42	27	7
42	28	11
42	29	3
42	30	10
42	31	9
42	32	7
42	33	5
42	34	3
42	35	11
42	36	1
42	37	1
42	38	11
42	39	4
42	40	8
42	41	12
43	0	5
43	1	5
43	2	5
43	3	4
43	4	1
43	6	1
43	7	2
43	8	5
43	9	4
43	10	2
43	11	2
43	12	2
43	13	5
43	14	1
43	15	5
43	16	3
43	17	3
43	18	7
43	19	3
43	20	1
43	21	1
43	22	4
43	24	5
43	26	1
43	27	3
43	28	5
43	29	3
43	30	7
43	31	3
43	32	3
43	33	7
43	34	2
43	35	3
43	36	3
43	37	6
43	38	7
43	39	6
43	40	6
43	41	12
43	42	10
44	0	5
44	1	3
44	2	3
44	4	7
44	5	3
44	6	4
44	7	1
44	8	1
44	9	5
44	10	1
44	11	1
44	12	4
44	13	8
44	14	1
44	16	1
44	17	3
44	18	6
44	19	2
44	20	1
44	21	2
44	26	2
44	27	1
44	28	1
44	29	6
44	30	3
44	31	5
44	32	4
44	33	3
44	34	3
44	35	1
44	36	4
44	37	3
44	38	10
44	39	4
44	40	5
44	41	8
44	42	7
44	43	19
45	0	2
45	1	2
45	2	2
45	3	6
45	4	3
45	5	2
45	6	2
45	7	2
45	8	1
45	9	3
45	10	3
45	12	1
45	13	5
45	14	1
45	17	3
45	19	6
45	20	2
45	23	1
45	24	2
45	26	1
45	27	4
45	28	6
45	29	5
45	30	5
45	31	5
45	32	3
45	33	5
45	34	5
45	35	7
45	37	3
45	38	3
45	39	6
45	40	2
45	41	3
45	42	3
45	43	11
45	44	24
46	1	2
46	2	1
46	3	1
46	4	3
46	5	1
46	7	5
46	8	2
46	9	1
46	10	2
46	11	2
46	12	2
46	13	2
46	14	4
46	15	1
46	18	4
46	19	3
46	21	2
46	22	2
46	27	3
46	28	4
46	29	8
46	30	3
46	31	2
46	32	1
46	33	2
46	34	2
46	35	3
46	36	2
46	37	1
46	38	6
46	39	8
46	40	5
46	41	4
46	42	4
46	43	11
46	44	8
46	45	18
47	1	3
47	2	2
47	3	1
47	5	1
47	7	1
47	8	6
47	9	1
47	10	1
47	11	3
47	12	3
47	13	6
47	14	3
47	15	3
47	16	1
47	17	4
47	18	6
47	19	1
47	20	5
47	23	2
47	24	1
47	27	1
47	28	8
47	29	2
47	30	2
47	31	3
47	32	2
47	33	2
47	34	2
47	35	3
47	36	8
47	37	4
47	38	3
47	39	5
47	40	9
47	41	4
47	43	6
47	44	6
47	45	5
47	46	14
48	0	1
48	2	4
48	3	6
48	4	2
48	6	1
48	7	3
48	11	3
48	12	4
48	13	1
48	14	2
48	15	3
48	19	2
48	20	1
48	22	1
48	23	2
48	24	5
48	25	1
48	27	3
48	28	2
48	30	3
48	31	3
48	36	3
48	37	1
48	38	5
48	39	2
48	40	8
48	41	2
48	42	3
48	43	2
48	44	5
48	45	4
48	46	6
48	47	20
49	0	3
49	1	4
49	2	4
49	3	2
49	4	4
49	5	1
49	6	2
49	7	3
49	8	3
49	9	3
49	10	10
49	11	2
49	12	3
49	14	3
49	15	4
49	16	2
49	18	4
49	19	2
49	20	2
49	21	1
49	23	3
49	24	4
49	25	1
49	27	4
49	28	5
49	29	2
49	30	9
49	31	4
49	32	2
49	33	2
49	34	9
49	35	2
49	36	3
49	37	7
49	38	8
49	39	8
49	40	10
49	41	9
49	42	7
49	43	8
49	44	4
49	45	2
49	46	5
49	47	16
49	48	16
50	0	2
50	1	1
50	3	2
50	5	4
50	8	1
50	10	2
50	12	6
50	13	4
50	15	1
50	18	6
50	19	4
50	22	1
50	23	1
50	25	1
50	27	1
50	28	2
50	29	1
50	30	2
50	31	3
50	32	2
50	35	5
50	36	3
50	37	4
50	38	3
50	39	3
50	40	1
50	41	7
50	42	3
50	43	1
50	44	3
50	45	5
50	46	5
50	47	7
50	48	6
50	49	14
51	1	2
51	4	3
51	5	2
51	8	3
51	9	4
51	10	1
51	11	5
51	12	5
51	13	4
51	14	3
51	15	8
51	17	7
51	18	5
51	19	1
51	20	2
51	23	2
51	24	1
51	25	1
51	26	1
51	27	1
51	28	5
51	29	1
51	30	3
51	31	6
51	32	2
51	33	1
51	34	3
51	35	8
51	36	2
51	37	3
51	38	6
51	39	6
51	40	5
51	41	7
51	42	3
51	43	7
51	44	3
51	45	3
51	46	2
51	47	6
51	48	8
51	49	12
51	50	5
52	0	2
52	4	2
52	6	2
52	7	2
52	8	2
52	9	5
52	10	4
52	11	3
52	13	4
52	14	5
52	15	1
52	16	3
52	17	1
52	18	2
52	19	4
52	20	2
52	21	2
52	23	2
52	24	4
52	25	2
52	26	2
52	27	3
52	28	1
52	29	4
52	31	6
52	32	4
52	33	2
52	34	2
52	35	3
52	36	6
52	37	3
52	38	8
52	39	2
52	40	5
52	41	3
52	42	4
52	43	3
52	44	4
52	45	4
52	46	3
52	47	4
52	48	4
52	49	7
52	50	13
52	51	35
53	2	3
53	3	1
53	4	2
53	5	1
53	6	1
53	7	4
53	8	4
53	9	3
53	10	2
53	11	4
53	12	7
53	13	5
53	14	1
53	15	4
53	16	4
53	17	4
53	18	5
53	19	2
53	20	3
53	24	3
53	26	2
53	27	4
53	28	3
53	29	5
53	30	3
53	31	2
53	32	5
53	33	2
53	34	4
53	35	3
53	36	1
53	37	3
53	38	8
53	39	8
53	40	6
53	41	3
53	42	3
53	43	4
53	44	3
53	45	10
53	46	2
53	47	5
53	48	7
53	49	20
53	50	10
53	51	13
53	52	7
54	0	2
54	2	2
54	3	4
54	4	3
54	5	4
54	6	1
54	8	4
54	9	1
54	10	5
54	11	2
54	12	3
54	13	4
54	14	2
54	15	3
54	16	1
54	17	2
54	18	1
54	19	3
54	20	1
54	23	3
54	26	2
54	27	4
54	28	8
54	29	4
54	30	5
54	31	2
54	32	2
54	33	3
54	34	2
54	35	2
54	36	4
54	37	3
54	38	7
54	39	4
54	40	3
54	41	8
54	42	5
54	43	12
54	44	9
54	45	8
54	46	11
54	47	15
54	48	11
54	49	2
54	50	10
54	51	4
54	52	4
54	53	6
55	0	3
55	1	2
55	2	6
55	3	8
55	4	3
55	5	3
55	8	3
55	10	2
55	11	1
55	12	2
55	13	5
55	14	3
55	15	3
55	16	1
55	17	3
55	18	6
55	19	5
55	20	3
55	21	2
55	24	2
55	27	2
55	28	2
55	29	7
55	30	2
55	31	6
55	32	5
55	33	4
55	34	3
55	35	5
55	36	2
55	37	2
55	38	3
55	39	5
55	40	10
55	41	7
55	42	6
55	43	8
55	44	5
55	45	8
55	46	14
55	47	10
55	48	3
55	49	11
55	50	4
55	51	6
55	52	5
55	53	7
55	54	26
56	3	1
56	4	2
56	5	2
56	8	5
56	9	2
56	10	1
56	12	3
56	13	5
56	15	5
56	17	1
56	18	2
56	19	1
56	20	1
56	21	1
56	23	5
56	26	5
56	27	3
56	28	3
56	29	3
56	30	4
56	31	5
56	32	1
56	33	3
56	34	2
56	35	1
56	36	1
56	37	5
56	38	4
56	39	2
56	40	6
56	41	5
56	42	4
56	43	8
56	44	4
56	45	11
56	46	9
56	47	7
56	48	7
56	49	8
56	50	4
56	51	1
56	52	4
56	53	5
56	54	7
56	55	5
57	2	2
57	3	3
57	4	4
57	6	1
57	8	2
57	9	4
57	10	1
57	11	2
57	12	6
57	13	9
57	15	5
57	16	1
57	17	6
57	18	1
57	19	4
57	22	1
57	24	2
57	27	3
57	28	3
57	29	2
57	30	4
57	31	4
57	33	4
57	34	4
57	35	4
57	36	2
57	37	6
57	38	1
57	39	1
57	40	3
57	41	8
57	42	6
57	43	6
57	44	4
57	45	5
57	46	8
57	47	10
57	48	11
57	49	8
57	50	4
57	51	3
57	52	6
57	53	9
57	54	3
57	55	3
57	56	19
58	1	1
58	4	2
58	8	1
58	9	4
58	10	6
58	12	2
58	13	6
58	14	5
58	15	1
58	17	1
58	18	1
58	19	5
58	20	4
58	24	3
58	26	1
58	27	1
58	28	7
58	29	1
58	30	3
58	31	6
58	32	6
58	33	2
58	34	2
58	35	3
58	36	2
58	37	3
58	38	8
58	39	6
58	40	2
58	41	4
58	42	6
58	43	7
58	44	2
58	45	4
58	46	2
58	47	3
58	49	3
58	50	4
58	51	5
58	52	4
58	53	6
58	54	6
58	55	6
58	56	7
58	57	10
59	1	2
59	2	7
59	3	2
59	4	2
59	5	1
59	7	1
59	8	1
59	9	3
59	10	2
59	11	3
59	12	2
59	13	3
59	14	5
59	15	3
59	16	3
59	17	1
59	18	1
59	19	3
59	20	3
59	21	6
59	22	3
59	24	4
59	26	5
59	27	5
59	28	4
59	29	6
59	30	8
59	31	4
59	33	4
59	34	3
59	35	4
59	37	4
59	38	10
59	39	3
59	40	9
59	41	7
59	42	12
59	43	6
59	44	6
59	45	7
59	46	7
59	47	6
59	48	10
59	49	4
59	50	5
59	51	5
59	52	1
59	53	2
59	54	6
59	55	4
59	56	9
59	57	7
59	58	10
60	0	3
60	1	5
60	2	6
60	3	3
60	4	5
60	5	5
60	6	5
60	7	5
60	8	5
60	9	6
60	10	4
60	11	3
60	12	7
60	13	6
60	14	6
60	15	5
60	16	5
60	17	4
60	18	6
60	19	4
60	20	4
60	21	4
60	22	2
60	24	2
60	26	3
60	27	8
60	28	7
60	29	2
60	30	6
60	31	4
60	32	6
60	33	2
60	34	3
60	35	8
60	36	4
60	37	6
60	38	18
60	39	11
60	40	6
60	41	8
60	42	3
60	43	2
60	44	6
60	45	4
60	46	3
60	47	5
60	48	5
60	49	12
60	50	9
60	51	21
60	52	21
60	53	21
60	54	12
60	55	8
60	56	10
60	57	4
60	58	3
60	59	5
