1	0	15
2	0	2
2	1	21
3	0	7
3	1	7
3	2	9
4	0	9
4	1	5
4	2	6
4	3	9
5	0	1
5	1	6
5	2	4
5	3	4
5	4	14
6	0	7
6	1	3
6	2	2
6	3	4
6	4	9
6	5	4
7	1	1
7	2	4
7	3	4
7	4	12
7	5	10
7	6	13
8	1	2
8	2	3
8	3	8
8	4	25
8	5	13
8	6	15
8	7	14
9	0	1
9	1	3
9	2	3
9	3	5
9	4	13
9	5	4
9	6	10
9	7	3
9	8	13
10	0	3
10	1	9
10	2	4
10	3	4
10	4	9
10	5	4
10	6	5
10	7	2
10	8	5
10	9	9
11	0	1
11	1	4
11	2	2
11	3	2
11	4	8
11	5	1
11	6	9
11	7	1
11	8	4
11	9	11
11	10	14
12	1	2
12	2	2
12	3	4
12	4	7
12	5	5
12	6	2
12	7	6
12	8	2
12	9	2
12	10	16
12	11	13
13	1	1
13	2	6
13	3	1
13	4	8
13	5	6
13	6	2
13	7	6
13	8	7
13	9	8
13	10	10
13	11	8
13	12	8
14	1	3
14	2	1
14	3	3
14	4	1
14	5	2
14	6	2
14	7	4
14	8	4
14	9	4
14	10	6
14	11	8
14	12	5
14	13	14
15	2	3
15	3	2
15	4	1
15	5	1
15	6	3
15	7	2
15	8	6
15	9	3
15	10	4
15	11	7
15	12	8
15	13	10
15	14	14
16	1	2
16	3	5
16	4	4
16	5	4
16	6	2
16	7	4
16	8	7
16	9	4
16	10	7
16	11	6
16	12	2
16	13	11
16	14	13
16	15	3
17	1	2
17	3	5
17	4	2
17	5	3
17	6	7
17	7	5
17	8	5
17	9	3
17	10	3
17	11	4
17	12	7
17	13	9
17	14	10
17	15	10
17	16	14
18	0	1
18	1	2
18	3	3
18	4	9
18	5	6
18	6	1
18	7	4
18	8	6
18	9	6
18	10	5
18	11	1
18	12	4
18	13	10
18	14	6
18	15	4
18	16	7
18	17	6
19	0	1
19	1	1
19	3	5
19	4	5
19	5	6
19	6	5
19	7	8
19	8	6
19	9	3
19	10	7
19	11	7
19	12	9
19	13	4
19	14	8
19	15	4
19	16	11
19	17	10
19	18	16
20	1	1
20	2	3
20	3	3
20	4	7
20	5	5
20	6	10
20	7	9
20	8	7
20	10	6
20	11	4
20	12	3
20	13	7
20	14	3
20	15	6
20	16	4
20	17	9
20	18	5
20	19	12
21	0	4
21	1	3
21	2	2
21	3	5
21	4	7
21	5	5
21	6	2
21	7	5
21	8	9
21	9	5
21	10	7
21	11	2
21	12	2
21	13	5
21	14	2
21	15	5
21	16	1
21	17	6
21	18	11
21	19	16
21	20	17
22	0	2
22	2	1
22	3	6
22	4	7
22	5	3
22	6	4
22	7	4
22	8	8
22	9	2
22	10	7
22	11	2
22	12	4
22	13	3
22	14	2
22	15	3
22	16	2
22	17	6
22	18	5
22	19	9
22	20	8
22	21	14
23	1	4
23	2	2
23	3	3
23	4	5
23	5	2
23	6	3
23	7	6
23	8	1
23	9	4
23	10	2
23	11	5
23	12	4
23	13	1
23	14	4
23	15	5
23	18	4
23	19	7
23	20	7
23	21	8
23	22	14
24	1	2
24	2	2
24	3	4
24	4	5
24	5	4
24	6	3
24	7	2
24	8	5
24	9	2
24	10	4
24	13	3
24	14	3
24	15	2
24	16	3
24	17	5
24	18	6
24	19	5
24	20	8
24	21	6
24	22	10
24	23	22
25	0	1
25	4	1
25	8	1
25	9	1
25	12	1
25	17	2
25	22	2
26	1	4
26	2	1
26	3	2
26	6	2
26	8	2
26	10	2
26	13	1
26	14	2
26	15	2
26	16	3
26	17	5
26	18	2
26	19	2
26	20	1
26	22	3
26	24	8
27	3	1
27	4	5
27	5	4
27	6	1
27	7	2
27	8	5
27	9	3
27	10	1
27	11	3
27	12	1
27	13	6
27	14	5
27	15	2
27	16	4
27	17	6
27	18	8
27	19	6
27	20	5
27	21	6
27	22	5
27	23	3
27	24	3
27	26	6
28	0	4
28	1	1
28	2	4
28	3	2
28	4	8
28	5	5
28	6	2
28	7	1
28	8	7
28	9	2
28	10	3
28	11	5
28	12	5
28	13	5
28	14	2
28	15	7
28	16	6
28	17	6
28	18	11
28	19	5
28	20	6
28	21	6
28	22	6
28	23	1
28	24	6
28	26	8
28	27	8
29	1	1
29	2	5
29	3	5
29	4	6
29	5	3
29	7	1
29	8	1
29	9	3
29	10	3
29	11	3
29	12	6
29	13	4
29	14	1
29	15	3
29	16	3
29	17	1
29	18	6
29	19	7
29	20	4
29	21	2
29	22	6
29	23	1
29	24	2
29	27	3
29	28	12
30	0	2
30	1	1
30	2	5
30	3	3
30	4	8
30	5	5
30	6	5
30	7	3
30	8	6
30	9	2
30	10	8
30	11	3
30	12	2
30	13	4
30	14	5
30	15	7
30	16	2
30	17	1
30	18	6
30	19	3
30	20	4
30	21	5
30	22	1
30	23	3
30	24	2
30	26	5
30	27	4
30	28	6
30	29	7
31	1	3
31	2	3
31	3	3
31	4	5
31	5	2
31	8	4
31	9	4
31	10	4
31	12	5
31	13	3
31	14	2
31	15	2
31	16	5
31	17	3
31	18	1
31	19	5
31	20	5
31	21	2
31	22	1
31	23	1
31	24	5
31	26	1
31	27	1
31	28	12
31	29	10
31	30	16
32	0	1
32	1	4
32	2	2
32	3	1
32	4	4
32	5	6
32	6	3
32	9	6
32	10	1
32	11	1
32	12	6
32	13	3
32	14	5
32	15	3
32	16	4
32	17	6
32	18	7
32	19	2
32	20	3
32	21	5
32	22	4
32	23	1
32	24	3
32	26	4
32	27	11
32	28	14
32	29	4
32	30	5
32	31	6
33	1	1
33	2	2
33	3	5
33	4	6
33	5	2
33	6	2
33	7	5
33	8	2
33	9	1
33	10	5
33	11	3
33	12	2
33	13	3
33	14	3
33	15	2
33	16	4
33	17	4
33	18	3
33	19	7
33	20	3
33	21	3
33	22	8
33	23	7
33	24	1
33	26	5
33	27	9
33	28	9
33	29	6
33	30	13
33	31	8
33	32	7
34	0	3
34	1	1
34	2	3
34	3	2
34	4	4
34	5	5
34	6	7
34	7	3
34	8	2
34	9	3
34	10	1
34	11	1
34	12	4
34	13	3
34	14	5
34	15	1
34	16	4
34	17	2
34	18	5
34	19	6
34	20	5
34	21	11
34	22	4
34	23	4
34	24	8
34	27	9
34	28	16
34	29	2
34	30	10
34	31	3
34	32	5
34	33	12
35	0	3
35	1	3
35	2	4
35	3	4
35	4	7
35	5	10
35	6	1
35	7	5
35	8	8
35	9	7
35	10	12
35	11	4
35	12	7
35	13	8
35	14	3
35	15	3
35	16	9
35	17	13
35	18	13
35	19	13
35	20	4
35	21	7
35	22	7
35	23	7
35	24	2
35	26	4
35	27	9
35	28	16
35	29	7
35	30	10
35	31	5
35	32	5
35	33	4
35	34	9
36	1	2
36	2	2
36	3	4
36	4	6
36	5	1
36	6	4
36	7	2
36	8	8
36	9	10
36	10	12
36	11	5
36	12	3
36	13	4
36	14	4
36	15	5
36	16	2
36	17	3
36	18	4
36	19	3
36	20	3
36	21	5
36	22	1
36	24	1
36	25	1
36	26	3
36	27	1
36	28	6
36	29	4
36	30	3
36	31	2
36	32	3
36	33	4
36	34	1
36	35	5
37	0	3
37	1	2
37	3	2
37	4	5
37	5	3
37	6	6
37	7	5
37	8	5
37	9	6
37	10	5
37	11	5
37	12	3
37	13	9
37	14	6
37	15	4
37	16	6
37	17	6
37	18	4
37	19	9
37	20	4
37	21	6
37	22	2
37	23	2
37	24	4
37	26	4
37	27	4
37	28	16
37	29	7
37	30	5
37	31	6
37	32	4
37	33	7
37	34	8
37	35	26
37	36	5
38	0	1
38	1	5
38	2	3
38	3	4
38	4	9
38	5	2
38	7	2
38	8	2
38	9	6
38	10	11
38	11	4
38	12	8
38	13	15
38	14	4
38	15	3
38	16	10
38	17	5
38	18	8
38	19	5
38	20	1
38	21	6
38	22	5
38	23	1
38	24	2
38	26	2
38	27	3
38	28	24
38	29	7
38	30	9
38	31	13
38	32	7
38	33	4
38	34	5
38	35	13
38	36	11
38	37	20
39	1	1
39	2	2
39	3	6
39	4	4
39	5	1
39	6	5
39	7	2
39	8	5
39	9	5
39	10	7
39	11	4
39	12	10
39	13	13
39	14	3
39	15	5
39	16	6
39	17	2
39	18	8
39	19	6
39	20	5
39	21	8
39	22	4
39	23	3
39	24	1
39	26	5
39	27	5
39	28	11
39	29	1
39	30	2
39	31	3
39	32	6
39	33	4
39	34	4
39	35	15
39	36	4
39	37	19
39	38	43
40	1	2
40	2	6
40	3	3
40	4	7
40	5	3
40	6	3
40	7	2
40	8	5
40	9	3
40	10	3
40	12	4
40	13	10
40	14	5
40	15	4
40	16	6
40	17	3
40	18	7
40	19	6
40	20	5
40	21	6
40	22	6
40	23	4
40	24	1
40	25	1
40	26	7
40	27	4
40	28	19
40	29	7
40	30	9
40	31	8
40	32	6
40	33	5
40	34	4
40	35	14
40	36	4
40	37	17
40	38	25
40	39	15
41	1	2
41	2	4
41	3	3
41	4	1
41	5	2
41	6	3
41	7	3
41	8	6
41	9	3
41	10	3
41	11	2
41	12	7
41	13	4
41	14	1
41	15	5
41	16	3
41	17	3
41	18	3
41	19	4
41	20	1
41	21	4
41	22	4
41	23	1
41	24	1
41	25	2
41	26	2
41	27	3
41	28	12
41	29	5
41	30	5
41	31	6
41	32	7
41	33	2
41	34	9
41	35	10
41	36	4
41	37	7
41	38	17
41	39	8
41	40	19
42	0	4
42	3	6
42	4	2
42	5	4
42	6	3
42	7	1
42	8	2
42	9	3
42	10	3
42	12	2
42	13	2
42	14	3
42	15	3
42	16	6
42	17	1
42	18	3
42	19	2
42	20	3
42	21	2
42	22	3
42	23	1
42	24	2
42	26	1
42	27	4
42	28	7
42	29	8
42	30	6
42	31	6
42	32	4
42	33	1
42	34	3
42	35	6
42	36	2
42	37	3
42	38	4
42	39	5
42	40	9
42	41	12
43	0	5
43	1	5
43	2	3
43	3	2
43	4	4
43	5	3
43	6	1
43	8	2
43	9	1
43	10	5
43	11	2
43	12	4
43	13	1
43	14	5
43	15	5
43	16	3
43	17	5
43	18	2
43	19	2
43	20	2
43	21	2
43	22	4
43	24	1
43	26	4
43	27	4
43	28	11
43	29	3
43	30	9
43	31	9
43	32	6
43	33	5
43	34	2
43	35	6
43	36	5
43	37	3
43	38	7
43	39	4
43	40	14
43	41	6
43	42	13
44	0	4
44	1	4
44	2	5
44	3	5
44	4	5
44	5	1
44	7	1
44	8	1
44	9	3
44	10	3
44	11	6
44	12	1
44	13	3
44	14	5
44	16	1
44	17	3
44	18	1
44	19	6
44	21	5
44	27	3
44	28	6
44	29	1
44	30	4
44	31	3
44	32	4
44	33	2
44	34	8
44	35	1
44	36	2
44	37	4
44	38	7
44	39	3
44	40	4
44	41	10
44	42	7
44	43	13
45	0	2
45	1	3
45	2	2
45	3	4
45	4	5
45	5	2
45	8	5
45	9	7
45	10	3
45	11	3
45	12	2
45	13	3
45	14	4
45	17	2
45	18	3
45	19	1
45	20	3
45	23	1
45	24	3
45	25	1
45	26	5
45	27	2
45	28	2
45	29	2
45	30	8
45	31	6
45	32	3
45	33	4
45	34	1
45	35	4
45	36	5
45	37	2
45	38	3
45	39	4
45	40	4
45	41	6
45	42	5
45	43	20
45	44	15
46	1	2
46	2	3
46	3	2
46	4	4
46	5	2
46	7	2
46	8	2
46	9	3
46	10	3
46	11	1
46	12	4
46	13	5
46	14	2
46	15	3
46	18	3
46	21	2
46	26	1
46	27	3
46	28	5
46	29	4
46	30	6
46	31	5
46	32	4
46	33	5
46	34	4
46	35	4
46	36	2
46	37	1
46	38	5
46	39	4
46	40	3
46	41	5
46	42	7
46	43	10
46	44	8
46	45	18
47	1	1
47	2	3
47	3	2
47	4	1
47	5	1
47	6	1
47	7	1
47	8	5
47	9	1
47	10	4
47	11	6
47	12	3
47	13	2
47	14	2
47	15	3
47	16	2
47	17	1
47	18	3
47	19	4
47	20	2
47	23	6
47	24	3
47	27	1
47	28	2
47	29	1
47	30	4
47	31	2
47	32	1
47	33	2
47	34	1
47	35	4
47	37	3
47	38	5
47	39	7
47	40	7
47	41	3
47	42	6
47	43	3
47	44	8
47	45	5
47	46	18
48	0	2
48	1	1
48	2	3
48	3	4
48	8	4
48	10	1
48	11	4
48	14	3
48	20	2
48	22	2
48	23	1
48	27	1
48	28	2
48	30	2
48	35	2
48	36	4
48	37	3
48	38	1
48	39	1
48	41	3
48	42	5
48	43	5
48	45	9
48	46	8
48	47	18
49	0	3
49	1	5
49	2	4
49	3	6
49	4	4
49	5	6
49	6	3
49	7	2
49	8	2
49	9	5
49	10	4
49	11	2
49	12	4
49	13	4
49	14	2
49	15	7
49	16	5
49	17	6
49	18	2
49	20	3
49	21	2
49	23	2
49	24	3
49	27	5
49	28	6
49	29	3
49	30	4
49	31	5
49	32	5
49	33	5
49	34	2
49	35	3
49	36	4
49	37	4
49	38	8
49	39	7
49	40	11
49	41	5
49	42	8
49	43	2
49	44	5
49	45	6
49	46	9
49	47	18
49	48	17
50	1	2
50	4	1
50	8	1
50	9	1
50	10	2
50	12	2
50	13	7
50	14	3
50	18	1
50	22	4
50	27	5
50	28	6
50	29	6
50	30	1
50	31	6
50	32	2
50	35	2
50	36	5
50	37	2
50	38	3
50	39	1
50	40	2
50	41	4
50	42	5
50	43	3
50	44	4
50	45	3
50	46	2
50	47	4
50	48	5
50	49	8
51	1	3
51	4	3
51	5	1
51	8	1
51	9	3
51	10	2
51	11	4
51	12	3
51	13	5
51	14	4
51	15	4
51	16	3
51	17	3
51	18	1
51	19	3
51	20	1
51	23	3
51	24	3
51	26	4
51	27	4
51	28	11
51	29	1
51	30	1
51	31	3
51	32	4
51	34	2
51	35	6
51	36	3
51	37	5
51	38	12
51	39	8
51	40	4
51	41	2
51	42	4
51	43	8
51	44	3
51	45	4
51	46	7
51	47	6
51	48	5
51	49	14
51	50	13
52	0	2
52	4	4
52	6	1
52	7	3
52	8	1
52	9	3
52	10	1
52	11	3
52	12	2
52	13	2
52	14	1
52	15	2
52	16	5
52	17	5
52	18	3
52	20	5
52	23	1
52	24	1
52	27	1
52	28	4
52	29	3
52	30	3
52	31	4
52	32	4
52	33	3
52	34	8
52	35	1
52	36	6
52	37	1
52	38	10
52	39	8
52	40	5
52	41	2
52	42	3
52	43	5
52	44	1
52	45	4
52	46	3
52	47	6
52	48	7
52	49	10
52	50	7
52	51	44
53	1	1
53	2	1
53	3	4
53	4	2
53	5	4
53	6	1
53	7	2
53	8	3
53	9	4
53	10	4
53	12	3
53	13	4
53	14	3
53	15	3
53	16	1
53	17	6
53	18	3
53	19	2
53	20	1
53	26	2
53	27	3
53	28	6
53	29	3
53	30	5
53	31	1
53	32	2
53	33	1
53	34	3
53	35	2
53	36	3
53	37	4
53	38	11
53	39	2
53	40	7
53	41	4
53	42	6
53	43	3
53	45	2
53	46	8
53	47	3
53	48	4
53	49	22
53	50	9
53	51	14
53	52	16
54	0	1
54	1	6
54	2	1
54	3	3
54	4	1
54	5	6
54	6	1
54	7	3
54	8	2
54	9	2
54	10	1
54	11	1
54	12	3
54	13	4
54	14	3
54	15	3
54	16	2
54	17	4
54	18	3
54	19	2
54	20	1
54	23	2
54	26	1
54	27	4
54	28	4
54	29	5
54	30	7
54	31	5
54	32	2
54	33	2
54	34	6
54	35	5
54	36	2
54	37	5
54	38	5
54	39	5
54	40	4
54	41	3
54	42	5
54	43	4
54	44	5
54	45	14
54	46	8
54	47	20
54	48	9
54	49	11
54	50	1
54	51	6
54	52	6
54	53	8
55	0	3
55	1	4
55	2	4
55	3	4
55	4	4
55	5	5
55	8	3
55	9	3
55	10	3
55	11	3
55	12	3
55	13	5
55	14	2
55	15	5
55	16	3
55	17	2
55	18	2
55	19	5
55	20	2
55	21	4
55	22	5
55	24	1
55	25	1
55	27	7
55	28	8
55	29	5
55	30	5
55	31	6
55	32	2
55	33	5
55	34	1
55	35	3
55	36	4
55	37	1
55	38	6
55	39	8
55	40	8
55	41	6
55	42	5
55	43	6
55	44	6
55	45	13
55	46	12
55	47	12
55	48	5
55	49	10
55	50	5
55	51	7
55	52	3
55	53	7
55	54	25
56	3	5
56	5	2
56	8	1
56	9	1
56	10	5
56	11	2
56	12	1
56	13	6
56	15	4
56	17	2
56	18	4
56	19	3
56	21	1
56	23	1
56	27	2
56	28	4
56	29	7
56	30	2
56	31	4
56	32	2
56	33	4
56	34	3
56	35	4
56	36	1
56	37	3
56	38	3
56	39	5
56	40	4
56	41	5
56	42	7
56	43	5
56	44	3
56	45	9
56	46	12
56	47	9
56	48	1
56	49	9
56	50	5
56	51	5
56	52	2
56	53	3
56	54	7
56	55	10
57	0	1
57	2	4
57	3	2
57	4	1
57	6	1
57	8	4
57	9	2
57	10	6
57	12	2
57	13	7
57	14	2
57	16	2
57	17	2
57	18	3
57	19	2
57	22	1
57	24	3
57	27	4
57	28	5
57	29	2
57	30	3
57	31	1
57	32	1
57	33	5
57	34	1
57	35	3
57	36	4
57	37	1
57	38	5
57	39	3
57	40	10
57	41	7
57	42	10
57	43	6
57	44	6
57	45	9
57	46	5
57	47	16
57	48	10
57	49	8
57	50	6
57	51	9
57	52	5
57	53	7
57	54	8
57	55	4
57	56	22
58	0	3
58	1	1
58	4	5
58	8	1
58	9	4
58	10	4
58	12	4
58	14	1
58	15	3
58	17	1
58	18	2
58	19	3
58	23	3
58	24	3
58	26	2
58	27	8
58	28	6
58	29	2
58	31	4
58	32	1
58	33	5
58	34	6
58	35	2
58	36	3
58	37	1
58	38	2
58	39	1
58	40	3
58	41	3
58	42	4
58	43	10
58	44	5
58	45	7
58	46	8
58	47	7
58	48	4
58	49	6
58	50	5
58	51	4
58	52	4
58	53	8
58	54	8
58	55	2
58	56	3
58	57	13
59	1	1
59	2	2
59	3	9
59	4	2
59	5	4
59	7	1
59	8	2
59	9	7
59	10	4
59	11	2
59	12	3
59	13	5
59	14	6
59	15	3
59	16	2
59	17	6
59	18	3
59	19	2
59	20	1
59	21	1
59	22	1
59	24	1
59	26	2
59	27	6
59	28	5
59	29	3
59	30	7
59	31	8
59	32	11
59	33	6
59	34	9
59	35	3
59	36	5
59	37	4
59	38	8
59	39	3
59	40	4
59	41	11
59	42	12
59	43	14
59	44	8
59	45	4
59	46	10
59	47	2
59	48	2
59	49	6
59	50	2
59	51	2
59	52	3
59	53	3
59	54	9
59	55	6
59	56	6
59	57	14
59	58	13
60	1	1
60	2	4
60	3	2
60	4	5
60	5	1
60	6	3
60	7	4
60	8	8
60	9	3
60	10	6
60	11	3
60	12	6
60	13	8
60	14	3
60	15	5
60	16	6
60	17	8
60	18	4
60	19	4
60	20	3
60	21	4
60	22	4
60	24	2
60	26	6
60	27	4
60	28	8
60	29	5
60	30	7
60	31	4
60	32	2
60	33	1
60	34	5
60	35	9
60	36	3
60	37	8
60	38	10
60	39	11
60	40	4
60	41	6
60	42	7
60	43	5
60	44	6
60	45	2
60	46	5
60	47	11
60	48	6
60	49	10
60	50	9
60	51	20
60	52	25
60	53	19
60	54	9
60	55	9
60	56	4
60	57	8
60	58	4
60	59	7
