1	0	15
2	0	9
2	1	20
3	0	5
3	1	9
3	2	17
4	0	5
4	1	5
4	2	4
4	3	7
5	0	1
5	1	5
5	2	3
5	3	10
5	4	15
6	0	2
6	1	6
6	2	3
6	3	4
6	4	8
6	5	11
7	1	2
7	2	4
7	3	5
7	4	8
7	5	1
7	6	15
8	0	4
8	1	10
8	2	5
8	3	8
8	4	20
8	5	19
8	6	14
8	7	8
9	0	5
9	1	3
9	2	2
9	3	4
9	4	13
9	5	5
9	6	4
9	7	3
9	8	10
10	1	6
10	2	4
10	3	4
10	4	7
10	5	3
10	6	2
10	7	6
10	8	13
10	9	16
11	0	4
11	1	2
11	2	1
11	3	2
11	4	9
11	5	7
11	6	3
11	7	2
11	8	2
11	9	6
11	10	15
12	1	1
12	2	2
12	3	2
12	4	7
12	5	4
12	6	2
12	7	1
12	8	6
12	9	9
12	10	22
12	11	22
13	0	2
13	1	1
13	2	2
13	3	2
13	4	7
13	5	6
13	6	5
13	7	6
13	8	6
13	9	10
13	10	9
13	11	7
13	12	8
14	1	2
14	2	3
14	3	5
14	4	4
14	5	6
14	7	1
14	8	5
14	9	9
14	10	2
14	11	3
14	12	2
14	13	8
15	0	1
15	2	4
15	3	3
15	4	3
15	5	2
15	6	5
15	7	1
15	8	1
15	9	6
15	10	6
15	11	6
15	12	2
15	13	4
15	14	20
16	1	3
16	3	4
16	4	5
16	5	6
16	6	1
16	7	3
16	8	4
16	9	3
16	10	4
16	11	6
16	12	2
16	13	12
16	14	10
16	15	6
17	1	1
17	3	4
17	4	7
17	5	5
17	6	6
17	7	2
17	8	7
17	9	3
17	10	9
17	11	4
17	12	8
17	13	7
17	14	14
17	15	5
17	16	12
18	0	5
18	1	5
18	2	1
18	4	5
18	5	3
18	6	2
18	7	2
18	8	10
18	9	11
18	10	7
18	11	4
18	12	4
18	13	8
18	14	4
18	15	11
18	16	5
18	17	9
19	0	1
19	1	1
19	2	3
19	3	6
19	4	11
19	5	8
19	6	2
19	7	3
19	8	9
19	9	2
19	10	14
19	11	3
19	12	6
19	13	7
19	14	7
19	15	6
19	16	8
19	17	13
19	18	12
20	1	1
20	2	1
20	3	6
20	4	8
20	5	10
20	6	9
20	7	8
20	8	4
20	9	6
20	10	4
20	11	4
20	12	2
20	13	4
20	14	5
20	15	3
20	16	7
20	17	7
20	18	6
20	19	16
21	0	4
21	1	1
21	2	3
21	3	2
21	4	7
21	5	7
21	6	5
21	7	2
21	8	9
21	9	5
21	10	5
21	11	1
21	12	5
21	13	6
21	15	3
21	16	6
21	17	2
21	18	9
21	19	9
21	20	20
22	0	5
22	1	3
22	3	1
22	4	7
22	5	8
22	6	8
22	7	7
22	8	5
22	9	7
22	10	3
22	11	6
22	12	3
22	13	4
22	14	3
22	15	1
22	16	6
22	17	8
22	18	6
22	19	9
22	20	10
22	21	13
23	0	1
23	1	1
23	2	5
23	3	4
23	4	9
23	5	6
23	6	5
23	7	1
23	8	8
23	9	4
23	10	3
23	11	2
23	12	6
23	13	4
23	14	1
23	15	5
23	16	3
23	17	3
23	18	5
23	19	5
23	20	4
23	21	10
23	22	12
24	1	1
24	2	2
24	3	3
24	4	8
24	5	5
24	6	2
24	7	7
24	8	3
24	9	4
24	10	5
24	11	4
24	12	5
24	13	2
24	14	2
24	15	3
24	16	2
24	17	1
24	18	1
24	19	4
24	20	5
24	21	9
24	22	10
24	23	11
25	3	1
25	4	1
25	5	1
25	8	1
25	9	1
25	11	1
25	16	1
25	19	1
25	21	1
25	22	1
26	1	1
26	2	1
26	6	1
26	10	2
26	13	4
26	14	3
26	15	3
26	16	2
26	17	1
26	18	3
26	19	6
26	20	2
26	22	1
26	24	1
27	3	2
27	4	1
27	5	8
27	7	3
27	8	5
27	9	1
27	10	1
27	11	1
27	12	5
27	13	9
27	14	5
27	15	7
27	16	3
27	17	6
27	18	4
27	19	5
27	20	9
27	21	1
27	22	4
27	23	3
27	24	3
27	25	1
27	26	2
28	0	2
28	1	2
28	2	5
28	3	6
28	4	1
28	5	10
28	6	3
28	7	1
28	8	11
28	9	8
28	10	12
28	11	3
28	12	5
28	13	6
28	14	4
28	15	8
28	16	5
28	17	4
28	18	6
28	19	6
28	20	3
28	21	7
28	22	3
28	23	1
28	24	9
28	26	5
28	27	7
29	1	6
29	2	4
29	3	6
29	4	2
29	5	7
29	6	3
29	7	1
29	8	7
29	9	4
29	10	7
29	11	1
29	12	4
29	13	4
29	14	2
29	15	1
29	16	1
29	17	4
29	18	2
29	19	5
29	20	4
29	21	4
29	22	2
29	23	3
29	24	1
29	27	4
29	28	4
30	0	2
30	1	5
30	2	1
30	3	4
30	4	3
30	5	5
30	7	3
30	8	4
30	9	1
30	10	4
30	11	1
30	13	6
30	14	1
30	15	2
30	16	3
30	17	7
30	18	5
30	19	9
30	20	5
30	21	7
30	22	2
30	23	3
30	24	2
30	26	4
30	27	6
30	28	13
30	29	8
31	1	2
31	3	4
31	4	1
31	5	2
31	8	1
31	9	1
31	10	3
31	11	4
31	12	3
31	13	2
31	14	2
31	15	5
31	16	2
31	17	2
31	18	1
31	19	4
31	20	2
31	21	3
31	22	1
31	24	3
31	26	3
31	27	5
31	28	9
31	29	5
31	30	20
32	0	4
32	1	2
32	2	2
32	3	6
32	4	4
32	5	2
32	6	4
32	8	4
32	9	4
32	10	2
32	12	3
32	13	1
32	14	7
32	15	1
32	16	3
32	17	2
32	18	3
32	19	7
32	20	5
32	21	9
32	22	3
32	23	1
32	24	6
32	26	1
32	27	7
32	28	14
32	29	3
32	30	9
32	31	4
33	1	1
33	2	2
33	3	4
33	4	7
33	5	3
33	6	2
33	7	5
33	8	4
33	9	4
33	10	4
33	11	1
33	12	3
33	13	6
33	14	7
33	15	3
33	16	4
33	17	6
33	18	10
33	19	4
33	20	5
33	21	8
33	22	1
33	23	2
33	24	2
33	26	5
33	27	10
33	28	9
33	29	4
33	30	12
33	31	12
33	32	15
34	0	2
34	1	4
34	2	3
34	3	4
34	4	6
34	5	5
34	6	6
34	7	3
34	8	10
34	9	1
34	10	2
34	11	3
34	12	2
34	13	5
34	14	5
34	15	4
34	16	9
34	17	7
34	18	10
34	19	5
34	20	8
34	21	8
34	22	11
34	23	6
34	24	6
34	25	1
34	26	4
34	27	7
34	28	7
34	29	4
34	30	6
34	31	6
34	32	3
34	33	6
35	1	1
35	2	4
35	3	7
35	4	9
35	5	7
35	6	4
35	7	3
35	8	8
35	9	12
35	10	8
35	11	7
35	12	1
35	13	9
35	14	8
35	15	6
35	16	9
35	17	11
35	18	10
35	19	8
35	20	7
35	21	10
35	22	6
35	23	4
35	24	7
35	26	5
35	27	9
35	28	14
35	29	6
35	30	4
35	31	6
35	32	3
35	33	7
35	34	12
36	1	2
36	2	1
36	3	3
36	4	10
36	5	3
36	6	3
36	7	2
36	8	2
36	9	1
36	10	4
36	11	4
36	12	6
36	13	6
36	14	7
36	15	2
36	16	5
36	17	2
36	18	5
36	19	4
36	20	3
36	21	6
36	22	2
36	24	1
36	27	5
36	28	8
36	29	5
36	30	4
36	31	6
36	32	6
36	33	9
36	34	5
36	35	5
37	1	3
37	2	5
37	3	4
37	4	5
37	6	5
37	7	5
37	8	2
37	9	2
37	10	8
37	11	6
37	12	6
37	13	8
37	14	4
37	15	1
37	16	5
37	17	4
37	18	7
37	19	5
37	20	9
37	21	4
37	22	3
37	23	3
37	24	4
37	26	1
37	27	3
37	28	18
37	29	6
37	30	3
37	31	7
37	33	4
37	35	18
37	36	4
38	0	4
38	2	4
38	3	5
38	4	5
38	5	3
38	6	5
38	7	3
38	8	4
38	9	1
38	10	5
38	11	4
38	12	3
38	13	11
38	14	7
38	15	7
38	16	5
38	17	8
38	18	6
38	19	7
38	20	4
38	21	2
38	22	5
38	23	4
38	24	1
38	25	1
38	26	2
38	27	6
38	28	14
38	29	5
38	30	5
38	31	10
38	32	9
38	33	9
38	34	7
38	35	15
38	36	6
38	37	5
39	1	2
39	2	6
39	3	5
39	4	3
39	5	1
39	6	4
39	7	1
39	8	5
39	9	4
39	10	6
39	11	5
39	12	3
39	13	16
39	14	5
39	15	9
39	16	8
39	17	3
39	18	8
39	19	9
39	20	5
39	21	3
39	22	2
39	23	5
39	24	3
39	26	4
39	27	5
39	28	14
39	29	3
39	30	10
39	31	5
39	32	5
39	33	3
39	34	7
39	35	12
39	36	15
39	37	24
39	38	31
40	1	7
40	2	5
40	3	8
40	4	1
40	5	7
40	7	2
40	8	3
40	9	5
40	10	7
40	11	3
40	12	3
40	13	10
40	14	4
40	15	3
40	16	7
40	17	7
40	18	7
40	19	4
40	20	2
40	21	4
40	22	2
40	23	1
40	24	3
40	26	3
40	27	2
40	28	16
40	29	6
40	30	7
40	31	8
40	32	5
40	33	7
40	34	5
40	35	19
40	36	5
40	37	10
40	38	25
40	39	6
41	1	3
41	3	4
41	4	3
41	5	1
41	6	3
41	7	6
41	8	6
41	9	4
41	10	3
41	11	2
41	12	4
41	13	7
41	14	3
41	15	2
41	17	4
41	18	4
41	19	5
41	20	4
41	21	4
41	22	5
41	23	4
41	24	1
41	25	1
41	26	5
41	27	6
41	28	13
41	29	4
41	30	7
41	31	12
41	32	3
41	33	7
41	34	2
41	35	8
41	36	5
41	37	10
41	38	18
41	39	6
41	40	14
42	0	3
42	4	4
42	5	3
42	6	3
42	7	1
42	9	1
42	10	2
42	11	3
42	12	2
42	13	7
42	14	6
42	15	4
42	16	1
42	17	2
42	18	2
42	19	3
42	20	3
42	21	5
42	22	2
42	23	1
42	24	2
42	26	3
42	27	5
42	28	6
42	29	6
42	30	8
42	31	5
42	32	8
42	33	2
42	34	1
42	35	5
42	36	3
42	37	1
42	38	12
42	39	5
42	40	6
42	41	6
43	1	4
43	2	2
43	3	5
43	4	2
43	6	3
43	7	1
43	9	3
43	10	2
43	11	3
43	12	2
43	13	2
43	14	4
43	15	3
43	16	1
43	17	2
43	18	6
43	19	3
43	20	6
43	21	5
43	22	2
43	23	5
43	24	3
43	26	3
43	27	4
43	28	4
43	29	2
43	30	10
43	31	7
43	32	1
43	33	6
43	34	4
43	35	5
43	36	1
43	37	3
43	38	9
43	39	7
43	40	8
43	41	16
43	42	8
44	0	1
44	1	4
44	2	2
44	3	3
44	4	2
44	5	3
44	8	3
44	9	4
44	10	3
44	12	7
44	13	3
44	14	1
44	16	7
44	19	1
44	20	5
44	21	1
44	26	4
44	27	3
44	28	4
44	29	7
44	30	4
44	31	6
44	32	4
44	33	3
44	34	1
44	35	5
44	36	3
44	37	3
44	38	6
44	39	5
44	40	6
44	41	9
44	42	5
44	43	11
45	0	2
45	1	1
45	2	3
45	3	3
45	4	1
45	5	5
45	6	1
45	7	1
45	8	3
45	9	3
45	10	2
45	11	5
45	12	1
45	13	3
45	14	2
45	17	2
45	18	1
45	19	2
45	20	3
45	24	3
45	26	1
45	27	4
45	28	3
45	29	2
45	30	7
45	31	3
45	33	4
45	34	2
45	35	1
45	36	4
45	37	3
45	38	2
45	39	4
45	40	5
45	41	2
45	42	7
45	43	16
45	44	20
46	1	3
46	2	5
46	3	2
46	4	3
46	5	1
46	7	2
46	8	3
46	9	4
46	10	4
46	11	3
46	12	3
46	13	4
46	14	5
46	15	2
46	18	3
46	19	2
46	21	4
46	22	3
46	26	2
46	27	4
46	28	8
46	29	1
46	30	2
46	31	4
46	32	2
46	33	3
46	34	1
46	35	5
46	36	1
46	37	2
46	38	7
46	39	6
46	40	8
46	41	5
46	42	4
46	43	10
46	44	5
46	45	12
47	1	3
47	2	1
47	3	1
47	4	5
47	5	3
47	6	3
47	8	1
47	9	4
47	10	5
47	11	2
47	12	3
47	13	3
47	14	1
47	15	3
47	16	4
47	17	1
47	18	3
47	19	2
47	20	2
47	23	4
47	24	3
47	27	2
47	28	5
47	29	1
47	30	1
47	31	4
47	32	6
47	33	1
47	34	1
47	35	2
47	36	4
47	37	2
47	38	4
47	39	1
47	40	6
47	41	4
47	42	8
47	43	6
47	44	5
47	45	5
47	46	13
48	0	1
48	1	1
48	2	1
48	3	2
48	4	4
48	7	1
48	10	2
48	11	4
48	12	1
48	13	5
48	14	2
48	15	2
48	20	2
48	22	2
48	23	1
48	24	1
48	27	3
48	28	3
48	30	3
48	31	1
48	35	7
48	36	1
48	37	3
48	38	7
48	39	3
48	40	6
48	41	4
48	42	6
48	43	2
48	44	4
48	45	6
48	46	8
48	47	15
49	0	1
49	1	2
49	2	4
49	3	2
49	4	3
49	5	3
49	6	2
49	7	3
49	8	4
49	9	2
49	10	5
49	11	1
49	12	4
49	13	4
49	14	2
49	15	1
49	16	2
49	17	1
49	18	1
49	19	2
49	20	3
49	21	1
49	23	4
49	24	3
49	25	1
49	27	3
49	28	4
49	29	6
49	30	2
49	31	4
49	32	7
49	33	2
49	34	3
49	35	6
49	36	1
49	37	3
49	38	11
49	39	12
49	40	6
49	41	4
49	42	14
49	43	5
49	44	1
49	45	1
49	46	5
49	47	17
49	48	13
50	0	2
50	1	2
50	3	3
50	4	3
50	5	1
50	8	6
50	9	1
50	10	1
50	12	1
50	13	4
50	14	3
50	15	6
50	18	4
50	25	1
50	26	2
50	27	1
50	28	1
50	29	2
50	30	2
50	31	1
50	32	1
50	35	3
50	36	6
50	37	3
50	38	1
50	39	5
50	40	4
50	41	1
50	44	4
50	45	2
50	46	8
50	47	7
50	48	9
50	49	11
51	5	3
51	8	6
51	9	2
51	10	1
51	11	4
51	12	3
51	13	4
51	14	3
51	15	2
51	16	1
51	17	1
51	18	3
51	19	2
51	20	2
51	23	2
51	27	5
51	28	4
51	29	2
51	30	2
51	31	2
51	32	4
51	33	2
51	34	1
51	35	1
51	36	4
51	38	5
51	39	2
51	40	4
51	41	5
51	42	7
51	43	2
51	44	5
51	45	4
51	46	7
51	47	7
51	48	2
51	49	13
51	50	9
52	0	3
52	6	2
52	7	1
52	9	4
52	10	1
52	11	4
52	12	5
52	13	3
52	14	2
52	15	2
52	16	3
52	17	3
52	18	4
52	19	1
52	20	1
52	21	2
52	23	3
52	24	5
52	26	1
52	27	6
52	28	4
52	29	3
52	30	2
52	31	3
52	32	5
52	33	2
52	34	4
52	35	6
52	37	6
52	38	5
52	39	7
52	40	5
52	41	5
52	42	3
52	44	3
52	45	4
52	46	8
52	47	10
52	48	4
52	49	11
52	50	10
52	51	29
53	1	2
53	2	1
53	3	4
53	4	4
53	5	4
53	6	3
53	7	1
53	8	2
53	9	3
53	10	7
53	11	3
53	12	4
53	13	6
53	14	4
53	15	2
53	16	3
53	17	1
53	18	3
53	19	2
53	20	1
53	22	3
53	26	1
53	27	5
53	28	9
53	29	1
53	30	2
53	31	3
53	32	2
53	33	2
53	34	2
53	35	3
53	36	1
53	37	6
53	38	11
53	39	3
53	40	8
53	41	9
53	42	2
53	43	3
53	44	4
53	45	6
53	46	1
53	47	7
53	48	8
53	49	22
53	50	6
53	51	14
53	52	15
54	0	1
54	1	6
54	2	2
54	3	4
54	4	4
54	5	1
54	6	1
54	8	1
54	9	4
54	10	6
54	11	3
54	12	5
54	13	4
54	14	2
54	15	1
54	16	3
54	17	2
54	18	1
54	19	3
54	20	3
54	23	2
54	27	2
54	28	4
54	29	2
54	30	6
54	31	3
54	32	5
54	33	4
54	34	1
54	35	1
54	36	3
54	37	3
54	38	1
54	39	6
54	40	7
54	41	5
54	42	5
54	43	9
54	44	6
54	45	10
54	46	13
54	47	13
54	48	6
54	49	12
54	50	7
54	51	8
54	52	4
54	53	7
55	0	3
55	1	6
55	2	1
55	3	4
55	4	6
55	5	2
55	8	1
55	9	3
55	10	3
55	11	8
55	12	3
55	13	4
55	14	1
55	15	1
55	16	1
55	17	2
55	18	4
55	19	6
55	20	1
55	22	1
55	24	1
55	25	1
55	27	4
55	28	10
55	29	2
55	30	4
55	31	4
55	32	5
55	33	3
55	34	2
55	35	2
55	36	3
55	37	6
55	38	4
55	39	4
55	40	8
55	41	6
55	42	4
55	43	7
55	44	5
55	45	10
55	46	10
55	47	12
55	48	5
55	49	4
55	50	4
55	51	6
55	52	4
55	53	5
55	54	17
56	3	4
56	4	2
56	5	4
56	8	3
56	9	1
56	10	2
56	11	3
56	12	4
56	13	3
56	15	1
56	17	1
56	18	6
56	19	2
56	20	3
56	21	2
56	23	3
56	26	3
56	27	4
56	29	1
56	30	4
56	31	5
56	32	3
56	33	4
56	34	3
56	35	6
56	36	4
56	37	2
56	38	5
56	39	2
56	40	3
56	41	6
56	42	7
56	43	7
56	44	4
56	45	10
56	46	9
56	47	10
56	48	9
56	49	9
56	50	1
56	51	3
56	52	5
56	53	4
56	54	6
56	55	10
57	0	3
57	2	2
57	3	3
57	4	2
57	6	1
57	8	2
57	9	1
57	10	6
57	12	3
57	13	4
57	14	1
57	15	2
57	16	6
57	17	1
57	18	1
57	19	3
57	22	2
57	23	2
57	24	2
57	25	2
57	27	7
57	28	6
57	29	1
57	31	2
57	32	1
57	33	1
57	34	1
57	35	3
57	36	4
57	38	7
57	39	8
57	40	8
57	41	2
57	42	5
57	43	3
57	44	3
57	45	4
57	46	6
57	47	7
57	48	6
57	49	14
57	50	11
57	51	5
57	52	4
57	53	11
57	54	10
57	55	7
57	56	20
58	0	4
58	3	2
58	4	2
58	8	4
58	9	1
58	10	2
58	12	1
58	13	1
58	14	1
58	15	1
58	17	3
58	18	1
58	19	1
58	23	1
58	24	1
58	25	2
58	26	3
58	27	5
58	28	4
58	29	3
58	30	2
58	31	3
58	32	4
58	34	2
58	35	1
58	36	6
58	37	2
58	38	5
58	39	7
58	40	6
58	41	3
58	42	7
58	43	10
58	44	5
58	45	7
58	46	7
58	47	7
58	48	6
58	49	9
58	50	2
58	51	8
58	52	2
58	53	9
58	54	7
58	55	4
58	56	3
58	57	8
59	1	3
59	2	3
59	3	6
59	4	2
59	5	2
59	7	3
59	8	3
59	9	3
59	10	2
59	11	2
59	12	2
59	13	5
59	14	3
59	17	3
59	18	2
59	19	3
59	20	2
59	21	3
59	22	1
59	24	2
59	26	3
59	27	4
59	28	11
59	29	5
59	30	6
59	31	11
59	32	6
59	33	7
59	34	5
59	35	5
59	36	3
59	37	5
59	38	8
59	39	7
59	40	11
59	41	9
59	42	7
59	43	10
59	44	6
59	45	2
59	46	10
59	47	5
59	48	1
59	49	5
59	50	1
59	51	4
59	52	6
59	53	5
59	54	2
59	55	1
59	56	13
59	57	15
59	58	17
60	1	3
60	2	3
60	3	2
60	4	7
60	6	3
60	7	2
60	8	3
60	9	3
60	10	3
60	11	5
60	12	7
60	13	11
60	14	7
60	15	3
60	16	9
60	17	9
60	18	2
60	19	4
60	20	5
60	21	1
60	22	4
60	24	6
60	26	3
60	27	2
60	28	9
60	30	4
60	31	2
60	32	4
60	33	5
60	34	3
60	35	6
60	36	6
60	37	10
60	38	11
60	39	10
60	40	14
60	41	7
60	42	5
60	43	10
60	44	3
60	45	4
60	46	7
60	47	7
60	48	8
60	49	12
60	50	10
60	51	24
60	52	30
60	53	26
60	54	5
60	55	7
60	56	6
60	57	14
60	58	8
60	59	4
