1	0	23
2	0	7
2	1	15
3	0	10
3	1	12
3	2	22
4	0	2
4	1	7
4	2	5
4	3	11
5	0	2
5	1	2
5	2	4
5	3	9
5	4	10
6	0	2
6	1	4
6	2	4
6	3	6
6	4	11
6	5	16
7	1	2
7	2	2
7	3	2
7	4	6
7	5	3
7	6	7
8	0	4
8	1	5
8	2	5
8	3	7
8	4	24
8	5	11
8	6	12
8	7	17
9	1	4
9	2	6
9	3	4
9	4	18
9	5	8
9	6	1
9	7	4
9	8	10
10	0	2
10	1	3
10	2	4
10	3	2
10	4	9
10	5	5
10	6	6
10	7	6
10	8	9
10	9	18
11	0	3
11	1	1
11	2	3
11	3	2
11	4	2
11	5	4
11	6	6
11	7	6
11	8	6
11	9	5
11	10	20
12	1	5
12	2	3
12	3	2
12	4	8
12	5	2
12	6	7
12	7	3
12	8	4
12	9	7
12	10	10
12	11	21
13	0	2
13	1	3
13	2	3
13	3	4
13	4	7
13	5	1
13	6	2
13	7	3
13	8	7
13	9	5
13	10	11
13	11	12
13	12	11
14	1	1
14	2	2
14	4	5
14	5	4
14	6	3
14	7	2
14	8	4
14	9	6
14	10	1
14	11	3
14	12	5
14	13	14
15	0	1
15	3	2
15	4	4
15	5	2
15	6	1
15	7	5
15	8	5
15	9	1
15	10	3
15	11	5
15	12	7
15	13	12
15	14	13
16	1	1
16	3	3
16	4	1
16	5	4
16	6	4
16	7	1
16	8	4
16	9	5
16	10	4
16	11	7
16	12	5
16	13	16
16	14	12
16	15	7
17	2	1
17	3	1
17	4	1
17	5	6
17	6	6
17	7	2
17	8	5
17	9	6
17	10	4
17	11	6
17	12	6
17	13	10
17	14	11
17	15	9
17	16	15
18	0	2
18	1	1
18	2	3
18	3	5
18	4	2
18	5	3
18	6	8
18	7	5
18	8	7
18	9	7
18	10	9
18	11	4
18	12	2
18	13	5
18	14	6
18	15	9
18	16	11
18	17	5
19	0	2
19	1	3
19	2	3
19	3	5
19	4	7
19	5	4
19	6	3
19	7	3
19	8	9
19	9	4
19	10	4
19	11	1
19	12	7
19	13	11
19	14	10
19	15	3
19	16	6
19	17	14
19	18	18
20	1	5
20	2	1
20	3	4
20	4	14
20	5	6
20	6	2
20	7	5
20	8	13
20	9	8
20	10	11
20	11	4
20	12	2
20	13	5
20	14	6
20	15	6
20	16	3
20	17	8
20	18	7
20	19	22
21	0	1
21	1	1
21	2	2
21	3	3
21	4	3
21	5	5
21	6	3
21	7	4
21	8	5
21	9	5
21	10	3
21	11	2
21	12	2
21	13	4
21	14	3
21	15	2
21	16	1
21	17	9
21	18	6
21	19	9
21	20	23
22	1	1
22	2	2
22	3	1
22	4	8
22	5	6
22	6	7
22	7	7
22	8	4
22	9	3
22	10	4
22	11	3
22	12	3
22	13	6
22	14	1
22	15	1
22	17	8
22	18	8
22	19	6
22	20	11
22	21	17
23	0	1
23	1	3
23	3	2
23	4	6
23	5	4
23	6	7
23	7	4
23	8	5
23	9	5
23	10	6
23	11	2
23	12	1
23	13	5
23	14	1
23	15	3
23	16	3
23	17	3
23	18	2
23	19	6
23	20	7
23	21	5
23	22	13
24	1	3
24	2	2
24	3	1
24	4	4
24	5	4
24	6	3
24	7	4
24	8	3
24	9	4
24	10	4
24	11	2
24	12	1
24	13	3
24	14	6
24	15	3
24	17	4
24	18	2
24	19	6
24	20	6
24	21	6
24	22	7
24	23	12
25	0	1
25	3	2
25	4	1
25	5	1
25	8	3
25	9	1
25	11	1
25	12	1
25	16	2
25	17	1
25	19	3
25	21	2
25	22	2
26	1	4
26	3	2
26	6	2
26	13	1
26	14	2
26	15	3
26	16	2
26	17	3
26	18	3
26	19	2
26	20	2
26	22	2
26	24	5
27	3	3
27	4	2
27	5	3
27	7	2
27	8	3
27	9	2
27	10	4
27	11	2
27	12	2
27	13	4
27	14	7
27	15	4
27	16	5
27	17	5
27	18	4
27	19	1
27	20	4
27	21	5
27	22	5
27	23	6
27	24	7
27	25	1
27	26	5
28	0	1
28	1	2
28	2	8
28	3	1
28	4	5
28	5	3
28	6	4
28	7	3
28	8	4
28	9	6
28	10	5
28	11	5
28	12	4
28	13	6
28	14	8
28	15	4
28	16	5
28	17	5
28	18	7
28	19	5
28	20	4
28	21	4
28	22	4
28	23	5
28	24	3
28	26	3
28	27	8
29	1	5
29	2	4
29	3	7
29	4	5
29	5	4
29	6	2
29	7	5
29	8	9
29	9	5
29	10	4
29	12	3
29	13	3
29	14	4
29	16	2
29	17	2
29	18	1
29	19	6
29	20	2
29	21	5
29	22	8
29	23	5
29	24	1
29	27	3
29	28	10
30	0	4
30	1	6
30	2	3
30	3	4
30	4	2
30	5	5
30	6	1
30	7	1
30	8	6
30	9	2
30	10	1
30	11	5
30	12	3
30	13	2
30	14	1
30	15	3
30	16	4
30	17	1
30	18	4
30	19	4
30	20	3
30	21	7
30	22	5
30	23	2
30	24	1
30	25	1
30	26	3
30	27	5
30	28	12
30	29	8
31	1	3
31	3	5
31	4	3
31	5	3
31	8	3
31	9	2
31	10	2
31	11	3
31	12	5
31	13	4
31	14	6
31	15	1
31	16	6
31	17	7
31	18	3
31	19	5
31	20	2
31	21	3
31	22	5
31	23	2
31	24	6
31	26	3
31	27	5
31	28	10
31	29	2
31	30	24
32	0	1
32	1	1
32	2	1
32	3	3
32	4	4
32	5	7
32	6	1
32	8	4
32	9	5
32	10	1
32	11	1
32	12	3
32	13	2
32	14	2
32	15	2
32	17	2
32	18	8
32	19	8
32	20	2
32	21	2
32	22	3
32	23	3
32	26	4
32	27	7
32	28	12
32	29	9
32	30	6
32	31	12
33	1	3
33	2	6
33	3	2
33	4	5
33	5	3
33	6	5
33	7	2
33	8	4
33	9	6
33	10	3
33	12	2
33	13	9
33	14	6
33	16	6
33	17	3
33	18	3
33	19	2
33	20	6
33	22	4
33	23	3
33	24	5
33	26	2
33	27	3
33	28	8
33	29	9
33	30	8
33	31	13
33	32	16
34	0	2
34	1	3
34	2	4
34	3	2
34	4	10
34	5	6
34	6	2
34	7	4
34	8	7
34	9	2
34	10	3
34	11	1
34	12	6
34	13	5
34	14	8
34	15	3
34	16	6
34	17	2
34	18	7
34	19	5
34	20	8
34	21	11
34	22	2
34	23	8
34	24	6
34	25	2
34	26	2
34	27	4
34	28	7
34	29	3
34	30	13
34	31	1
34	32	10
34	33	13
35	1	2
35	2	3
35	3	6
35	4	8
35	5	8
35	6	4
35	7	6
35	8	8
35	9	13
35	10	10
35	11	5
35	12	11
35	13	11
35	14	2
35	15	3
35	16	8
35	17	5
35	18	15
35	19	8
35	20	8
35	21	12
35	22	10
35	23	2
35	24	6
35	26	1
35	27	5
35	28	23
35	29	6
35	30	5
35	31	5
35	32	14
35	33	5
35	34	7
36	0	2
36	2	3
36	3	2
36	4	11
36	5	2
36	6	2
36	7	2
36	8	8
36	9	5
36	10	11
36	11	3
36	12	4
36	13	12
36	14	1
36	15	1
36	16	4
36	17	3
36	18	4
36	19	6
36	20	3
36	21	4
36	22	3
36	24	3
36	25	1
36	26	1
36	27	2
36	28	9
36	29	3
36	31	1
36	32	6
36	33	4
36	34	5
36	35	13
37	0	1
37	1	4
37	2	2
37	3	5
37	4	5
37	5	3
37	6	2
37	8	3
37	9	10
37	10	5
37	11	4
37	12	3
37	13	21
37	14	5
37	15	3
37	16	7
37	17	3
37	18	13
37	19	7
37	20	3
37	21	3
37	22	5
37	23	3
37	24	4
37	25	1
37	26	1
37	27	5
37	28	12
37	29	6
37	30	6
37	31	3
37	32	4
37	33	3
37	34	4
37	35	18
37	36	5
38	0	1
38	1	1
38	2	5
38	3	4
38	4	3
38	5	3
38	6	5
38	7	1
38	8	7
38	9	4
38	10	9
38	11	5
38	12	6
38	13	9
38	14	3
38	15	6
38	16	4
38	17	6
38	18	7
38	19	10
38	20	6
38	21	3
38	22	7
38	23	2
38	24	2
38	26	3
38	27	7
38	28	12
38	29	7
38	30	7
38	31	8
38	32	5
38	33	5
38	34	5
38	35	15
38	36	12
38	37	18
39	1	3
39	2	3
39	3	3
39	4	4
39	5	1
39	6	2
39	7	4
39	8	6
39	9	6
39	10	3
39	11	8
39	12	3
39	13	10
39	14	7
39	15	9
39	16	6
39	17	6
39	18	5
39	19	3
39	20	7
39	21	5
39	22	3
39	23	1
39	24	2
39	26	2
39	27	4
39	28	10
39	29	6
39	30	12
39	31	7
39	32	12
39	33	9
39	34	7
39	35	12
39	36	8
39	37	17
39	38	28
40	1	3
40	2	5
40	3	5
40	4	4
40	5	4
40	7	6
40	8	4
40	9	4
40	10	7
40	11	5
40	12	2
40	13	6
40	14	3
40	15	2
40	16	5
40	17	6
40	18	6
40	19	5
40	20	3
40	21	3
40	22	4
40	23	2
40	24	7
40	26	2
40	27	11
40	28	9
40	29	8
40	30	6
40	31	8
40	32	10
40	33	8
40	34	7
40	35	7
40	36	5
40	37	14
40	38	21
40	39	8
41	1	1
41	2	4
41	3	5
41	4	4
41	5	3
41	6	4
41	8	3
41	9	1
41	10	12
41	11	4
41	12	2
41	13	9
41	14	1
41	15	5
41	16	2
41	17	3
41	18	1
41	19	3
41	20	6
41	21	3
41	22	2
41	23	1
41	24	1
41	25	1
41	26	1
41	27	8
41	28	13
41	29	8
41	30	6
41	31	10
41	32	2
41	33	4
41	34	3
41	35	4
41	36	6
41	37	4
41	38	15
41	39	10
41	40	20
42	0	1
42	4	3
42	5	7
42	6	2
42	7	1
42	8	7
42	9	4
42	10	3
42	11	1
42	12	2
42	13	5
42	14	2
42	15	3
42	16	2
42	17	3
42	18	1
42	19	2
42	20	3
42	21	5
42	22	5
42	23	2
42	26	3
42	27	7
42	28	9
42	29	2
42	30	4
42	31	12
42	32	8
42	33	4
42	34	3
42	35	5
42	36	4
42	37	3
42	38	8
42	39	8
42	40	6
42	41	13
43	0	1
43	1	4
43	2	1
43	3	4
43	4	1
43	5	4
43	7	1
43	8	3
43	9	3
43	11	2
43	12	4
43	13	3
43	14	5
43	15	1
43	16	3
43	17	3
43	18	4
43	19	5
43	20	3
43	21	3
43	22	1
43	24	4
43	26	2
43	27	2
43	28	3
43	29	3
43	30	5
43	31	6
43	32	4
43	33	3
43	34	4
43	35	8
43	36	6
43	37	1
43	38	3
43	39	5
43	40	8
43	41	16
43	42	13
44	0	1
44	1	2
44	2	3
44	3	3
44	4	3
44	5	4
44	6	1
44	7	1
44	9	3
44	10	3
44	11	2
44	12	1
44	13	4
44	16	3
44	17	4
44	18	4
44	19	3
44	20	1
44	21	3
44	26	2
44	27	4
44	28	3
44	30	7
44	31	6
44	32	4
44	34	5
44	35	5
44	36	5
44	37	1
44	38	1
44	39	3
44	40	4
44	41	10
44	42	5
44	43	10
45	1	4
45	2	1
45	3	4
45	4	1
45	5	1
45	6	2
45	7	1
45	8	5
45	10	1
45	11	3
45	12	2
45	17	4
45	18	1
45	20	1
45	24	2
45	27	2
45	28	6
45	29	4
45	30	4
45	31	3
45	32	1
45	33	3
45	34	2
45	35	3
45	36	3
45	37	4
45	38	5
45	39	5
45	40	7
45	41	9
45	42	6
45	43	17
45	44	15
46	0	4
46	1	2
46	4	4
46	5	2
46	7	1
46	8	2
46	9	1
46	10	1
46	11	3
46	12	5
46	13	4
46	14	4
46	15	1
46	18	4
46	19	3
46	21	2
46	22	2
46	26	2
46	27	2
46	28	6
46	29	3
46	30	3
46	31	4
46	32	3
46	33	4
46	35	6
46	36	5
46	37	7
46	38	2
46	39	5
46	40	3
46	41	6
46	42	3
46	43	6
46	44	9
46	45	14
47	1	3
47	2	2
47	3	1
47	4	2
47	5	2
47	6	2
47	7	4
47	8	5
47	9	4
47	10	3
47	11	1
47	12	3
47	13	5
47	14	1
47	15	4
47	17	1
47	18	3
47	19	2
47	20	3
47	23	1
47	24	3
47	27	2
47	28	1
47	29	1
47	30	1
47	31	2
47	32	4
47	33	4
47	34	3
47	35	6
47	36	5
47	37	5
47	38	5
47	39	3
47	40	2
47	41	4
47	42	4
47	43	6
47	44	5
47	45	7
47	46	10
48	1	6
48	2	2
48	3	2
48	4	3
48	6	1
48	8	1
48	10	4
48	11	2
48	12	1
48	13	2
48	15	3
48	19	3
48	20	4
48	22	1
48	23	4
48	24	4
48	27	4
48	28	2
48	30	2
48	31	2
48	35	2
48	36	2
48	39	1
48	40	6
48	41	3
48	42	3
48	43	4
48	44	2
48	45	2
48	46	8
48	47	16
49	0	2
49	1	4
49	2	2
49	3	3
49	4	3
49	5	3
49	6	1
49	7	1
49	8	5
49	9	4
49	10	1
49	11	3
49	12	3
49	13	7
49	14	1
49	15	6
49	16	3
49	17	3
49	18	3
49	19	3
49	20	3
49	21	3
49	23	1
49	24	2
49	25	1
49	27	5
49	28	4
49	29	2
49	31	3
49	32	4
49	35	7
49	36	3
49	37	6
49	38	8
49	39	6
49	40	9
49	41	3
49	42	5
49	43	4
49	44	5
49	45	1
49	46	8
49	47	18
49	48	15
50	1	2
50	3	3
50	4	4
50	5	1
50	8	2
50	9	1
50	10	5
50	12	3
50	13	6
50	14	6
50	15	4
50	18	1
50	22	1
50	23	1
50	28	2
50	29	6
50	30	1
50	31	5
50	32	2
50	35	3
50	36	2
50	37	1
50	38	4
50	39	7
50	40	6
50	41	3
50	42	3
50	43	3
50	44	2
50	45	3
50	46	4
50	47	3
50	48	6
50	49	5
51	1	2
51	4	2
51	7	1
51	8	3
51	9	5
51	10	4
51	11	2
51	12	2
51	13	3
51	14	6
51	15	2
51	16	2
51	17	5
51	18	3
51	19	2
51	20	2
51	24	2
51	25	2
51	26	1
51	27	5
51	28	4
51	29	1
51	30	5
51	31	2
51	32	3
51	33	3
51	35	7
51	36	2
51	37	2
51	38	3
51	39	10
51	40	3
51	41	5
51	42	6
51	43	3
51	44	3
51	45	3
51	46	1
51	47	6
51	48	7
51	49	9
51	50	5
52	0	2
52	4	1
52	6	2
52	7	3
52	8	2
52	9	1
52	10	2
52	11	2
52	13	6
52	14	6
52	15	5
52	16	3
52	17	1
52	19	5
52	20	4
52	21	6
52	23	3
52	24	4
52	25	1
52	26	5
52	27	2
52	28	6
52	29	4
52	30	3
52	31	3
52	32	2
52	33	3
52	34	1
52	35	5
52	36	2
52	37	3
52	38	8
52	39	11
52	40	5
52	41	5
52	42	7
52	43	2
52	44	3
52	45	3
52	46	2
52	47	6
52	48	6
52	49	6
52	50	16
52	51	19
53	1	1
53	3	2
53	4	1
53	5	2
53	6	1
53	7	2
53	8	2
53	9	1
53	10	6
53	11	3
53	12	4
53	13	5
53	14	3
53	15	3
53	16	2
53	18	2
53	19	3
53	20	2
53	24	1
53	26	3
53	27	5
53	28	4
53	29	3
53	30	6
53	31	2
53	32	2
53	33	1
53	34	5
53	35	5
53	36	3
53	37	6
53	38	9
53	39	6
53	40	5
53	41	3
53	42	9
53	43	3
53	44	1
53	45	3
53	46	4
53	47	10
53	48	9
53	49	24
53	50	10
53	51	14
53	52	12
54	0	1
54	1	1
54	2	3
54	3	2
54	4	1
54	5	1
54	6	3
54	7	1
54	8	1
54	9	6
54	10	4
54	11	2
54	12	2
54	13	2
54	14	1
54	15	2
54	16	1
54	17	1
54	18	1
54	19	4
54	20	1
54	23	1
54	26	1
54	27	1
54	28	6
54	29	3
54	30	8
54	31	4
54	32	3
54	34	1
54	35	2
54	36	3
54	37	4
54	38	9
54	39	3
54	40	4
54	41	10
54	42	6
54	43	12
54	45	7
54	46	10
54	47	16
54	48	12
54	49	16
54	50	5
54	51	10
54	52	6
54	53	10
55	0	6
55	1	3
55	2	3
55	3	4
55	4	7
55	8	2
55	9	2
55	10	3
55	11	2
55	12	4
55	13	3
55	14	2
55	15	2
55	16	2
55	17	6
55	18	1
55	19	3
55	20	4
55	22	3
55	25	1
55	27	2
55	28	2
55	29	2
55	30	5
55	31	4
55	32	1
55	33	1
55	34	2
55	35	4
55	36	1
55	37	5
55	38	6
55	39	4
55	40	6
55	41	6
55	42	7
55	43	4
55	44	5
55	45	4
55	46	13
55	47	16
55	48	11
55	49	11
55	50	1
55	51	6
55	52	6
55	53	4
55	54	22
56	3	4
56	4	4
56	5	3
56	6	2
56	8	6
56	9	2
56	10	3
56	11	3
56	12	2
56	13	4
56	15	4
56	17	1
56	18	2
56	19	4
56	20	4
56	21	1
56	23	3
56	26	4
56	27	2
56	28	7
56	29	2
56	30	4
56	31	3
56	32	2
56	33	4
56	35	3
56	36	1
56	37	2
56	38	10
56	39	4
56	40	5
56	41	2
56	42	3
56	43	9
56	44	9
56	45	9
56	46	8
56	47	7
56	48	3
56	49	11
56	50	3
56	51	3
56	52	2
56	53	1
56	54	9
56	55	7
57	0	2
57	3	3
57	4	4
57	6	2
57	8	4
57	9	2
57	10	1
57	11	4
57	12	6
57	13	5
57	14	3
57	15	1
57	16	2
57	17	2
57	18	2
57	19	4
57	22	1
57	23	3
57	24	1
57	25	1
57	27	2
57	28	3
57	29	2
57	30	4
57	31	4
57	32	1
57	33	2
57	34	2
57	35	5
57	36	2
57	37	1
57	38	6
57	39	2
57	40	6
57	41	8
57	42	9
57	43	7
57	44	6
57	45	5
57	46	8
57	47	10
57	48	9
57	49	15
57	50	1
57	51	7
57	52	7
57	53	13
57	54	9
57	55	4
57	56	23
58	1	2
58	4	3
58	8	2
58	9	3
58	10	2
58	12	5
58	13	5
58	14	2
58	15	2
58	17	2
58	18	1
58	19	2
58	23	2
58	25	2
58	26	1
58	27	5
58	28	5
58	29	4
58	30	2
58	31	5
58	32	2
58	33	5
58	35	10
58	36	2
58	37	2
58	38	2
58	39	7
58	40	1
58	41	8
58	42	6
58	43	11
58	44	3
58	45	6
58	46	4
58	47	4
58	48	2
58	49	4
58	50	2
58	51	4
58	52	7
58	53	4
58	54	6
58	55	2
58	57	10
59	1	5
59	2	2
59	3	5
59	4	9
59	5	2
59	7	3
59	8	3
59	9	1
59	11	3
59	12	4
59	13	5
59	14	3
59	15	2
59	16	2
59	17	6
59	18	2
59	19	1
59	20	2
59	21	1
59	22	4
59	24	1
59	27	5
59	28	8
59	29	2
59	30	8
59	31	9
59	32	2
59	33	4
59	34	9
59	35	6
59	36	2
59	37	1
59	38	5
59	39	5
59	40	10
59	41	6
59	42	13
59	43	8
59	44	11
59	45	8
59	46	7
59	47	2
59	48	2
59	49	12
59	50	4
59	51	5
59	52	9
59	53	2
59	54	5
59	55	4
59	56	7
59	57	6
59	58	14
60	0	2
60	1	3
60	2	4
60	3	5
60	4	4
60	5	3
60	6	4
60	7	2
60	8	7
60	9	3
60	10	4
60	11	3
60	12	5
60	13	9
60	14	8
60	15	6
60	16	2
60	17	2
60	18	7
60	19	1
60	20	5
60	21	2
60	22	1
60	24	5
60	26	4
60	27	4
60	28	9
60	29	4
60	30	10
60	31	2
60	32	7
60	33	4
60	34	1
60	35	8
60	36	7
60	37	9
60	38	10
60	39	16
60	40	8
60	41	6
60	42	10
60	43	7
60	45	4
60	46	7
60	47	9
60	48	6
60	49	11
60	50	4
60	51	19
60	52	27
60	53	18
60	54	8
60	55	8
60	56	10
60	57	3
60	58	2
60	59	4
