1	0	14
2	0	5
2	1	19
3	0	6
3	1	4
3	2	11
4	0	5
4	1	7
4	2	4
4	3	8
5	1	2
5	2	7
5	3	7
5	4	18
6	0	1
6	1	4
6	2	4
6	3	2
6	4	7
6	5	12
7	1	1
7	2	2
7	3	3
7	4	6
7	5	8
7	6	13
8	0	3
8	1	2
8	2	5
8	3	7
8	4	29
8	5	15
8	6	16
8	7	9
9	0	4
9	1	2
9	2	5
9	3	9
9	4	12
9	5	7
9	6	12
9	7	4
9	8	10
10	0	1
10	1	1
10	2	6
10	3	4
10	4	13
10	5	3
10	6	5
10	7	6
10	8	10
10	9	20
11	1	9
11	2	3
11	3	1
11	4	8
11	5	3
11	6	4
11	7	2
11	8	4
11	9	5
11	10	24
12	1	1
12	2	2
12	3	5
12	4	8
12	5	1
12	6	2
12	7	4
12	8	4
12	9	7
12	10	25
12	11	22
13	1	4
13	2	4
13	3	3
13	4	5
13	5	1
13	6	5
13	7	6
13	8	3
13	9	3
13	10	10
13	11	2
13	12	5
14	1	2
14	2	2
14	3	5
14	5	1
14	6	2
14	7	2
14	8	4
14	9	4
14	10	6
14	11	5
14	12	11
14	13	10
15	3	2
15	4	3
15	5	4
15	6	2
15	7	4
15	8	5
15	9	1
15	10	8
15	11	2
15	12	6
15	13	5
15	14	15
16	1	2
16	2	1
16	3	5
16	4	7
16	5	2
16	6	4
16	7	6
16	8	4
16	9	3
16	10	7
16	11	5
16	12	8
16	13	15
16	14	14
16	15	6
17	1	2
17	2	3
17	3	6
17	4	7
17	5	5
17	6	4
17	7	5
17	8	5
17	9	3
17	10	9
17	11	6
17	12	2
17	13	12
17	14	12
17	15	11
17	16	16
18	0	2
18	1	1
18	2	2
18	3	4
18	4	9
18	5	4
18	6	5
18	7	5
18	8	4
18	9	5
18	10	4
18	11	4
18	12	2
18	13	10
18	14	9
18	15	9
18	16	7
18	17	10
19	0	1
19	1	3
19	2	2
19	3	4
19	4	7
19	5	9
19	6	7
19	7	8
19	8	12
19	9	10
19	10	12
19	11	5
19	12	6
19	13	8
19	14	4
19	15	4
19	16	7
19	17	17
19	18	18
20	1	1
20	2	2
20	3	4
20	4	10
20	5	11
20	6	3
20	7	9
20	8	6
20	9	8
20	10	5
20	11	3
20	12	8
20	13	5
20	14	6
20	15	4
20	16	2
20	17	4
20	18	13
20	19	19
21	0	2
21	1	3
21	3	7
21	4	3
21	5	13
21	6	6
21	7	7
21	8	7
21	9	7
21	10	5
21	11	3
21	12	5
21	13	3
21	14	4
21	15	5
21	16	9
21	17	5
21	18	14
21	19	8
21	20	17
22	0	1
22	1	3
22	4	3
22	5	6
22	6	5
22	7	6
22	8	9
22	9	4
22	10	7
22	11	4
22	12	3
22	13	5
22	14	2
22	15	2
22	16	4
22	17	6
22	18	7
22	19	10
22	20	8
22	21	15
23	0	1
23	1	1
23	3	2
23	4	9
23	5	3
23	6	5
23	7	3
23	8	2
23	9	5
23	11	1
23	12	1
23	13	5
23	14	3
23	15	1
23	16	2
23	17	6
23	18	3
23	19	5
23	20	6
23	21	5
23	22	11
24	1	2
24	2	1
24	3	2
24	4	3
24	5	7
24	6	5
24	7	1
24	8	4
24	9	3
24	10	1
24	11	4
24	12	2
24	13	3
24	14	2
24	15	3
24	16	4
24	17	2
24	18	4
24	19	6
24	20	7
24	21	4
24	22	10
24	23	14
25	3	1
25	4	2
25	8	3
25	11	1
25	15	2
25	16	2
25	17	1
25	21	2
25	22	2
25	23	1
26	1	2
26	2	2
26	3	2
26	10	1
26	13	3
26	14	4
26	15	1
26	18	2
26	19	3
26	20	1
26	22	3
26	24	1
27	3	2
27	4	5
27	5	4
27	6	2
27	7	2
27	9	2
27	10	7
27	11	1
27	12	2
27	13	5
27	14	10
27	15	2
27	16	2
27	17	6
27	18	6
27	19	6
27	20	5
27	21	6
27	22	3
27	23	6
27	24	6
27	26	9
28	0	2
28	1	8
28	2	2
28	3	6
28	4	3
28	5	4
28	6	4
28	8	7
28	9	7
28	10	6
28	11	2
28	12	3
28	13	10
28	14	9
28	15	4
28	16	8
28	17	6
28	18	6
28	19	4
28	20	3
28	21	6
28	22	1
28	23	5
28	24	9
28	26	5
28	27	10
29	1	2
29	2	4
29	3	3
29	4	4
29	5	4
29	6	1
29	7	2
29	8	6
29	9	2
29	10	5
29	11	3
29	12	7
29	13	3
29	14	3
29	18	2
29	19	7
29	20	6
29	21	2
29	22	5
29	23	3
29	24	4
29	27	4
29	28	4
30	0	1
30	1	3
30	2	5
30	3	1
30	4	4
30	5	4
30	6	4
30	7	3
30	8	2
30	9	3
30	10	11
30	11	4
30	12	3
30	13	3
30	14	2
30	15	4
30	16	2
30	17	3
30	18	7
30	19	6
30	20	4
30	21	7
30	22	5
30	23	2
30	24	4
30	26	4
30	27	4
30	28	13
30	29	7
31	1	2
31	2	2
31	3	2
31	4	3
31	5	2
31	8	2
31	9	4
31	10	5
31	12	1
31	13	4
31	14	2
31	15	3
31	16	6
31	17	1
31	18	3
31	19	1
31	20	1
31	21	3
31	22	1
31	23	3
31	24	5
31	27	4
31	28	7
31	29	6
31	30	22
32	1	1
32	2	2
32	4	5
32	5	5
32	6	3
32	8	5
32	9	2
32	10	5
32	11	3
32	12	2
32	13	5
32	14	5
32	15	2
32	16	1
32	17	1
32	18	1
32	19	3
32	20	2
32	21	3
32	22	2
32	23	2
32	26	3
32	27	1
32	28	18
32	29	4
32	30	11
32	31	8
33	2	2
33	3	1
33	4	3
33	5	5
33	6	3
33	7	4
33	8	3
33	9	4
33	10	2
33	11	4
33	12	3
33	13	9
33	14	2
33	15	5
33	16	3
33	17	4
33	18	6
33	19	6
33	20	7
33	21	3
33	22	3
33	23	3
33	24	5
33	26	2
33	27	4
33	28	14
33	29	1
33	30	13
33	31	6
33	32	11
34	0	2
34	1	4
34	2	2
34	3	2
34	4	5
34	5	5
34	6	4
34	8	5
34	9	3
34	10	5
34	11	3
34	12	1
34	13	5
34	14	3
34	15	2
34	16	3
34	17	8
34	18	7
34	19	6
34	20	7
34	21	8
34	22	7
34	23	6
34	24	4
34	25	2
34	26	2
34	27	2
34	28	5
34	29	3
34	30	3
34	31	9
34	32	5
34	33	13
35	0	1
35	1	4
35	2	3
35	3	3
35	4	7
35	5	8
35	6	8
35	7	2
35	8	14
35	9	5
35	10	4
35	11	2
35	12	3
35	13	8
35	14	5
35	15	5
35	16	7
35	17	5
35	18	12
35	19	17
35	20	7
35	21	8
35	22	4
35	23	5
35	24	5
35	26	2
35	27	4
35	28	18
35	29	8
35	30	9
35	31	4
35	32	8
35	33	11
35	34	9
36	0	2
36	1	4
36	2	3
36	3	2
36	4	10
36	5	2
36	6	7
36	7	4
36	8	9
36	9	6
36	10	5
36	11	4
36	12	7
36	13	10
36	14	4
36	15	4
36	16	8
36	17	2
36	18	5
36	19	9
36	20	5
36	21	2
36	22	1
36	25	1
36	26	1
36	27	1
36	28	7
36	29	3
36	30	7
36	31	4
36	32	1
36	33	4
36	34	4
36	35	8
37	0	1
37	1	4
37	2	1
37	3	6
37	4	4
37	5	4
37	6	6
37	7	3
37	8	6
37	9	5
37	10	4
37	11	7
37	12	10
37	13	17
37	14	7
37	15	3
37	16	6
37	17	7
37	18	8
37	19	8
37	20	5
37	21	2
37	22	11
37	23	4
37	24	2
37	25	1
37	26	1
37	27	5
37	28	12
37	29	3
37	30	1
37	31	4
37	32	6
37	33	3
37	34	2
37	35	12
37	36	8
38	0	4
38	1	4
38	2	2
38	3	5
38	4	4
38	5	1
38	6	4
38	7	4
38	8	3
38	9	2
38	10	7
38	11	2
38	12	3
38	13	8
38	14	4
38	15	3
38	16	4
38	17	5
38	18	11
38	19	10
38	20	4
38	21	5
38	22	3
38	23	4
38	24	6
38	25	1
38	26	2
38	27	12
38	28	12
38	29	9
38	30	7
38	31	9
38	32	8
38	33	8
38	34	4
38	35	7
38	36	8
38	37	20
39	1	6
39	2	2
39	3	4
39	4	3
39	5	4
39	6	3
39	7	7
39	8	2
39	9	6
39	10	3
39	11	8
39	12	6
39	13	8
39	14	4
39	15	4
39	16	7
39	17	2
39	18	13
39	19	7
39	20	9
39	21	3
39	22	2
39	23	2
39	24	5
39	26	3
39	27	10
39	28	9
39	29	3
39	30	6
39	31	7
39	32	5
39	33	3
39	34	7
39	35	13
39	36	15
39	37	20
39	38	24
40	1	2
40	2	3
40	3	5
40	4	5
40	5	4
40	6	2
40	7	3
40	8	4
40	9	3
40	10	10
40	11	2
40	12	2
40	13	6
40	14	5
40	15	3
40	16	6
40	17	2
40	18	10
40	19	4
40	20	7
40	21	4
40	22	1
40	23	2
40	24	4
40	25	1
40	26	5
40	27	6
40	28	14
40	29	11
40	30	11
40	31	9
40	32	6
40	33	11
40	34	7
40	35	8
40	36	12
40	37	11
40	38	22
40	39	17
41	1	3
41	2	2
41	3	5
41	4	2
41	5	3
41	6	3
41	7	4
41	8	2
41	9	4
41	10	2
41	11	2
41	12	6
41	13	5
41	14	2
41	15	6
41	16	4
41	17	4
41	18	5
41	19	5
41	20	3
41	21	3
41	22	5
41	24	4
41	26	3
41	27	5
41	28	9
41	29	4
41	30	3
41	31	5
41	32	4
41	33	5
41	34	5
41	35	3
41	36	7
41	37	5
41	38	14
41	39	4
41	40	30
42	0	1
42	3	3
42	4	4
42	5	2
42	6	1
42	7	4
42	8	6
42	9	2
42	10	3
42	11	1
42	12	1
42	13	3
42	14	6
42	15	7
42	16	4
42	18	4
42	19	3
42	20	3
42	21	1
42	22	1
42	24	2
42	26	4
42	27	6
42	28	9
42	29	6
42	30	6
42	31	7
42	32	4
42	33	4
42	34	2
42	35	5
42	36	8
42	37	4
42	38	5
42	39	4
42	40	10
42	41	18
43	1	2
43	2	1
43	3	5
43	4	6
43	5	2
43	6	2
43	7	1
43	8	3
43	9	2
43	10	3
43	11	1
43	12	6
43	13	4
43	14	2
43	15	2
43	16	4
43	17	1
43	18	1
43	19	7
43	22	4
43	23	4
43	24	3
43	26	2
43	27	5
43	28	6
43	29	2
43	30	8
43	31	5
43	32	6
43	33	9
43	34	4
43	35	7
43	36	5
43	37	6
43	38	12
43	39	4
43	40	10
43	41	10
43	42	14
44	0	1
44	1	1
44	2	3
44	3	3
44	4	1
44	5	1
44	6	1
44	7	5
44	8	1
44	9	3
44	10	3
44	11	1
44	12	4
44	13	1
44	14	3
44	16	1
44	17	4
44	18	6
44	19	3
44	20	4
44	26	2
44	27	5
44	28	3
44	29	2
44	30	6
44	31	9
44	32	3
44	33	6
44	34	4
44	35	3
44	36	2
44	37	5
44	38	3
44	39	2
44	40	8
44	41	4
44	42	8
44	43	15
45	0	2
45	2	4
45	3	3
45	4	2
45	5	3
45	6	3
45	7	1
45	8	2
45	9	4
45	10	2
45	11	2
45	12	5
45	13	4
45	14	3
45	17	2
45	18	5
45	19	3
45	20	2
45	23	2
45	24	3
45	26	2
45	27	4
45	28	6
45	29	3
45	30	4
45	31	7
45	32	1
45	33	2
45	34	1
45	35	3
45	36	3
45	37	3
45	38	4
45	39	2
45	40	8
45	41	2
45	42	4
45	43	16
45	44	26
46	1	2
46	2	3
46	3	3
46	4	2
46	5	8
46	7	2
46	8	5
46	9	1
46	10	2
46	11	1
46	12	2
46	13	1
46	14	6
46	15	5
46	18	4
46	19	1
46	21	4
46	22	2
46	26	2
46	27	6
46	28	8
46	29	1
46	30	5
46	31	3
46	32	2
46	33	7
46	34	4
46	35	4
46	36	2
46	37	1
46	38	6
46	39	3
46	40	9
46	41	7
46	42	5
46	43	11
46	44	8
46	45	20
47	2	2
47	3	7
47	4	7
47	5	5
47	7	2
47	8	1
47	9	2
47	10	2
47	11	1
47	12	2
47	13	1
47	14	4
47	15	1
47	16	1
47	17	2
47	18	2
47	19	5
47	20	5
47	23	3
47	24	1
47	27	5
47	28	2
47	29	3
47	30	3
47	31	2
47	32	2
47	33	3
47	34	5
47	35	1
47	36	2
47	37	3
47	38	6
47	39	2
47	40	4
47	41	3
47	42	8
47	43	1
47	44	5
47	45	13
47	46	12
48	1	3
48	2	3
48	3	2
48	4	3
48	7	2
48	8	2
48	10	5
48	11	4
48	12	1
48	13	5
48	14	6
48	19	2
48	20	5
48	22	1
48	23	1
48	24	1
48	27	4
48	28	4
48	31	3
48	35	5
48	36	5
48	37	4
48	38	2
48	39	3
48	40	4
48	41	4
48	42	6
48	43	2
48	44	2
48	45	5
48	46	8
48	47	15
49	0	3
49	1	1
49	2	2
49	3	2
49	4	3
49	6	5
49	7	2
49	8	4
49	10	1
49	11	3
49	12	2
49	13	5
49	14	1
49	15	7
49	16	1
49	17	2
49	18	2
49	19	3
49	20	5
49	21	1
49	23	1
49	24	2
49	27	9
49	28	8
49	29	2
49	30	3
49	31	2
49	32	1
49	33	4
49	34	4
49	35	3
49	36	7
49	37	2
49	38	5
49	39	10
49	40	5
49	41	2
49	42	4
49	43	5
49	44	4
49	45	10
49	46	14
49	47	8
49	48	13
50	0	2
50	1	3
50	3	1
50	4	2
50	5	1
50	8	3
50	9	7
50	10	3
50	12	3
50	13	3
50	14	1
50	15	7
50	18	2
50	19	5
50	22	2
50	23	2
50	27	3
50	28	2
50	29	3
50	31	2
50	32	1
50	35	5
50	37	2
50	38	5
50	39	1
50	40	2
50	41	3
50	42	2
50	43	3
50	44	1
50	45	1
50	46	6
50	47	12
50	48	4
50	49	15
51	1	2
51	4	3
51	5	2
51	8	4
51	9	1
51	10	9
51	11	5
51	12	4
51	13	6
51	14	3
51	15	4
51	16	4
51	17	4
51	18	2
51	19	6
51	20	2
51	23	2
51	24	1
51	26	1
51	27	3
51	28	2
51	29	3
51	30	6
51	31	3
51	32	6
51	33	1
51	34	5
51	35	5
51	36	7
51	37	5
51	38	9
51	39	5
51	40	7
51	41	8
51	42	2
51	43	4
51	44	3
51	45	5
51	46	4
51	47	6
51	48	4
51	49	8
51	50	6
52	0	1
52	4	2
52	6	1
52	7	1
52	8	1
52	9	1
52	10	2
52	11	2
52	12	2
52	13	6
52	14	2
52	15	2
52	16	1
52	17	3
52	18	4
52	19	4
52	20	3
52	21	3
52	23	1
52	24	4
52	26	2
52	27	3
52	28	6
52	29	5
52	30	7
52	31	3
52	32	4
52	33	2
52	34	5
52	35	2
52	36	3
52	37	3
52	38	11
52	39	11
52	40	3
52	41	2
52	42	4
52	43	6
52	44	4
52	45	1
52	46	3
52	47	6
52	48	5
52	49	11
52	50	7
52	51	23
53	1	1
53	2	2
53	3	6
53	4	3
53	5	5
53	7	4
53	8	3
53	9	4
53	10	5
53	11	2
53	12	6
53	13	4
53	14	4
53	15	3
53	16	1
53	17	1
53	18	1
53	19	1
53	20	1
53	22	1
53	24	1
53	26	5
53	27	2
53	28	8
53	29	1
53	30	4
53	31	5
53	32	5
53	33	3
53	34	1
53	35	4
53	36	3
53	37	2
53	38	9
53	39	7
53	40	7
53	41	4
53	42	6
53	43	3
53	44	1
53	45	1
53	46	7
53	47	8
53	48	7
53	49	17
53	50	9
53	51	13
53	52	14
54	1	4
54	2	1
54	3	3
54	5	2
54	6	3
54	8	6
54	10	4
54	11	6
54	12	5
54	13	6
54	15	3
54	17	2
54	18	1
54	19	2
54	20	4
54	26	1
54	27	5
54	28	7
54	29	1
54	30	9
54	31	3
54	32	4
54	33	5
54	34	2
54	35	10
54	36	8
54	37	2
54	38	12
54	39	5
54	40	4
54	41	8
54	42	5
54	43	8
54	44	3
54	45	13
54	46	13
54	47	13
54	48	5
54	49	9
54	50	4
54	51	8
54	52	6
54	53	7
55	0	4
55	1	5
55	2	3
55	3	6
55	4	4
55	5	1
55	8	9
55	9	2
55	10	4
55	11	4
55	12	4
55	13	5
55	14	2
55	15	1
55	16	3
55	17	3
55	18	3
55	19	3
55	20	5
55	21	1
55	22	3
55	24	1
55	25	2
55	27	4
55	28	2
55	29	5
55	30	4
55	31	2
55	32	2
55	33	2
55	34	6
55	35	3
55	36	9
55	37	2
55	38	8
55	39	4
55	40	4
55	41	7
55	42	3
55	43	5
55	44	4
55	45	9
55	46	12
55	47	9
55	48	6
55	49	12
55	50	5
55	51	3
55	52	5
55	53	9
55	54	23
56	3	2
56	4	1
56	5	2
56	8	4
56	10	2
56	11	4
56	12	1
56	13	2
56	15	2
56	17	6
56	18	1
56	19	1
56	20	5
56	21	1
56	22	1
56	26	2
56	27	5
56	28	5
56	29	3
56	30	5
56	31	2
56	32	5
56	33	4
56	34	3
56	35	4
56	36	3
56	37	3
56	38	7
56	40	3
56	41	2
56	42	5
56	43	6
56	44	3
56	45	4
56	46	10
56	47	12
56	48	7
56	49	6
56	50	3
56	51	1
56	52	2
56	53	5
56	54	8
56	55	4
57	0	1
57	2	3
57	3	1
57	6	3
57	8	3
57	9	3
57	10	1
57	11	1
57	12	5
57	13	2
57	14	4
57	15	1
57	16	1
57	17	2
57	18	6
57	19	2
57	22	2
57	23	1
57	24	4
57	27	7
57	28	4
57	29	1
57	30	3
57	31	4
57	32	2
57	33	2
57	35	2
57	36	2
57	37	1
57	38	4
57	39	4
57	40	5
57	41	5
57	42	6
57	43	4
57	44	3
57	45	7
57	46	4
57	47	13
57	48	8
57	49	14
57	50	1
57	51	4
57	52	3
57	53	7
57	54	9
57	55	2
57	56	11
58	0	2
58	1	2
58	4	3
58	9	4
58	10	4
58	13	3
58	14	3
58	15	3
58	18	4
58	19	3
58	23	1
58	24	3
58	25	1
58	27	2
58	28	6
58	29	4
58	30	1
58	31	4
58	32	4
58	33	5
58	34	4
58	35	4
58	36	3
58	37	6
58	38	3
58	39	3
58	40	5
58	41	4
58	42	6
58	43	14
58	45	2
58	46	4
58	47	5
58	48	1
58	49	6
58	50	4
58	51	6
58	52	3
58	53	4
58	54	5
58	55	5
58	56	8
58	57	10
59	1	3
59	2	1
59	3	3
59	4	5
59	5	2
59	7	2
59	8	2
59	9	8
59	10	4
59	11	2
59	12	2
59	13	5
59	14	4
59	15	2
59	16	4
59	17	2
59	18	5
59	19	2
59	20	5
59	22	2
59	24	5
59	26	3
59	27	5
59	28	11
59	29	6
59	30	6
59	31	4
59	32	5
59	33	4
59	34	3
59	35	7
59	36	1
59	37	7
59	38	9
59	39	7
59	40	4
59	41	9
59	42	10
59	43	18
59	44	4
59	45	9
59	46	7
59	47	5
59	48	3
59	49	7
59	50	7
59	51	4
59	52	5
59	53	5
59	54	5
59	55	3
59	56	7
59	57	7
59	58	17
60	0	3
60	1	2
60	2	2
60	3	2
60	4	6
60	5	2
60	7	2
60	8	4
60	9	4
60	10	7
60	11	6
60	12	4
60	13	9
60	14	4
60	15	7
60	16	4
60	17	4
60	18	5
60	19	4
60	20	5
60	22	2
60	24	1
60	26	1
60	27	5
60	28	7
60	29	2
60	30	3
60	31	1
60	32	6
60	33	5
60	34	1
60	35	9
60	36	6
60	37	5
60	38	11
60	39	3
60	40	11
60	41	11
60	42	4
60	43	6
60	44	7
60	45	5
60	46	3
60	47	8
60	48	5
60	49	13
60	50	7
60	51	18
60	52	32
60	53	17
60	54	13
60	55	7
60	56	7
60	57	4
60	58	6
60	59	5
