1	0	16
2	0	5
2	1	17
3	0	2
3	1	10
3	2	9
4	0	7
4	1	6
4	2	8
4	3	14
5	0	4
5	1	2
5	2	5
5	3	7
5	4	12
6	0	2
6	1	3
6	2	4
6	3	4
6	4	11
6	5	12
7	1	4
7	2	1
7	3	2
7	4	7
7	5	4
7	6	16
8	0	4
8	1	4
8	2	7
8	3	6
8	4	28
8	5	13
8	6	12
8	7	11
9	0	2
9	1	3
9	2	5
9	3	6
9	4	18
9	5	6
9	6	6
9	7	8
9	8	17
10	0	1
10	1	4
10	2	6
10	3	5
10	4	8
10	5	10
10	6	4
10	7	3
10	8	10
10	9	14
11	0	3
11	1	1
11	2	4
11	4	6
11	5	2
11	6	4
11	7	3
11	8	3
11	9	8
11	10	14
12	2	4
12	3	1
12	4	6
12	5	11
12	7	9
12	8	8
12	9	8
12	10	19
12	11	16
13	0	4
13	1	4
13	2	5
13	3	2
13	4	1
13	5	1
13	6	4
13	7	5
13	8	9
13	9	6
13	10	10
13	11	3
13	12	8
14	1	2
14	2	4
14	3	4
14	4	2
14	5	1
14	7	3
14	8	3
14	9	4
14	10	2
14	11	5
14	12	7
14	13	14
15	0	5
15	2	3
15	3	3
15	4	4
15	5	3
15	6	3
15	7	3
15	8	2
15	9	3
15	10	10
15	11	2
15	12	9
15	13	9
15	14	12
16	1	3
16	3	5
16	4	5
16	5	2
16	6	5
16	7	2
16	8	5
16	9	3
16	10	7
16	11	4
16	12	5
16	13	13
16	14	22
16	15	8
17	1	3
17	3	3
17	4	2
17	5	3
17	6	4
17	7	5
17	8	6
17	9	3
17	10	12
17	11	1
17	12	7
17	13	8
17	14	8
17	15	9
17	16	10
18	0	5
18	1	4
18	2	4
18	3	1
18	4	12
18	5	5
18	6	4
18	7	3
18	8	3
18	9	9
18	10	6
18	11	3
18	12	3
18	13	9
18	14	6
18	15	1
18	16	8
18	17	10
19	0	4
19	1	2
19	2	2
19	3	3
19	4	9
19	5	2
19	6	6
19	7	9
19	8	8
19	9	12
19	10	7
19	11	7
19	12	8
19	13	3
19	14	6
19	15	8
19	16	3
19	17	15
19	18	21
20	1	1
20	2	3
20	3	8
20	4	9
20	5	9
20	6	6
20	7	4
20	8	6
20	9	8
20	10	10
20	11	4
20	12	4
20	13	6
20	14	5
20	15	4
20	16	5
20	17	6
20	18	5
20	19	15
21	0	2
21	1	5
21	2	4
21	3	2
21	4	10
21	5	6
21	6	8
21	7	6
21	8	5
21	9	4
21	10	3
21	11	6
21	12	2
21	13	7
21	14	7
21	15	2
21	16	4
21	17	6
21	18	14
21	19	14
21	20	14
22	1	3
22	2	2
22	3	4
22	4	2
22	5	6
22	6	1
22	7	2
22	8	6
22	9	2
22	10	2
22	11	2
22	12	4
22	13	4
22	14	4
22	15	3
22	16	3
22	17	8
22	18	5
22	19	6
22	20	14
22	21	19
23	0	1
23	1	1
23	2	1
23	3	4
23	4	3
23	5	5
23	6	2
23	7	5
23	8	5
23	10	1
23	11	1
23	12	4
23	13	4
23	14	5
23	16	1
23	17	2
23	18	3
23	19	3
23	20	5
23	21	6
23	22	20
24	1	1
24	2	2
24	3	3
24	4	2
24	5	4
24	6	5
24	7	1
24	8	10
24	9	9
24	10	4
24	11	3
24	12	4
24	13	3
24	14	3
24	15	8
24	16	5
24	17	4
24	18	3
24	19	8
24	20	10
24	21	1
24	22	15
24	23	16
25	4	1
25	5	1
25	9	2
25	11	3
25	15	1
25	16	1
25	17	1
25	22	1
26	1	1
26	2	1
26	3	1
26	6	2
26	8	1
26	10	1
26	13	2
26	14	4
26	15	4
26	16	1
26	17	3
26	18	2
26	19	2
26	20	2
26	22	3
26	24	2
27	3	2
27	4	5
27	5	2
27	6	3
27	7	5
27	8	3
27	9	4
27	10	4
27	11	3
27	12	6
27	13	6
27	14	5
27	15	7
27	16	3
27	17	9
27	18	1
27	19	2
27	20	7
27	21	4
27	22	4
27	23	5
27	24	1
27	25	1
27	26	8
28	0	4
28	1	4
28	2	4
28	3	4
28	4	5
28	5	2
28	6	3
28	7	5
28	8	8
28	9	5
28	10	6
28	11	2
28	12	6
28	13	11
28	14	6
28	15	4
28	16	7
28	17	4
28	18	16
28	19	9
28	20	3
28	21	8
28	22	5
28	23	2
28	24	4
28	26	6
28	27	8
29	1	4
29	2	3
29	3	3
29	4	4
29	5	4
29	6	1
29	7	3
29	8	2
29	9	5
29	10	1
29	11	3
29	12	5
29	13	4
29	14	1
29	15	6
29	16	1
29	17	1
29	18	5
29	19	10
29	20	5
29	21	5
29	22	1
29	23	2
29	24	2
29	27	2
29	28	3
30	0	2
30	1	2
30	2	2
30	3	3
30	4	2
30	5	5
30	6	5
30	7	2
30	8	3
30	9	4
30	10	3
30	11	3
30	12	3
30	13	3
30	14	6
30	15	4
30	16	2
30	17	3
30	18	3
30	19	2
30	20	5
30	21	4
30	22	7
30	23	3
30	24	5
30	26	4
30	27	7
30	28	15
30	29	10
31	1	5
31	2	3
31	3	2
31	4	4
31	5	3
31	8	1
31	9	1
31	10	1
31	11	3
31	12	3
31	13	5
31	14	2
31	15	3
31	16	3
31	17	2
31	18	3
31	19	4
31	20	4
31	21	4
31	22	2
31	23	2
31	24	3
31	26	5
31	27	6
31	28	16
31	29	2
31	30	23
32	0	1
32	1	1
32	2	1
32	4	3
32	5	3
32	6	1
32	8	1
32	9	5
32	10	3
32	11	2
32	12	3
32	13	1
32	14	4
32	15	5
32	16	2
32	17	7
32	18	4
32	19	5
32	20	5
32	21	7
32	22	1
32	23	2
32	24	5
32	26	1
32	27	4
32	28	12
32	29	2
32	30	8
32	31	6
33	1	4
33	2	3
33	3	4
33	4	3
33	5	4
33	6	2
33	7	4
33	8	5
33	9	5
33	10	2
33	11	1
33	12	1
33	13	3
33	14	4
33	15	3
33	16	4
33	17	3
33	18	5
33	19	2
33	20	9
33	21	9
33	22	4
33	23	4
33	24	1
33	26	3
33	27	4
33	28	10
33	29	2
33	30	14
33	31	9
33	32	12
34	0	2
34	1	1
34	2	5
34	3	6
34	4	1
34	5	6
34	6	3
34	7	2
34	8	3
34	9	4
34	10	3
34	11	1
34	12	2
34	13	6
34	14	1
34	15	3
34	16	7
34	17	5
34	18	8
34	19	6
34	20	5
34	21	8
34	22	4
34	23	4
34	24	10
34	26	2
34	27	5
34	28	5
34	29	3
34	30	11
34	31	8
34	32	7
34	33	14
35	0	1
35	1	7
35	2	6
35	3	4
35	4	9
35	5	2
35	6	5
35	7	3
35	8	5
35	9	8
35	10	6
35	11	1
35	12	6
35	13	5
35	14	9
35	15	10
35	16	11
35	17	8
35	18	25
35	19	3
35	20	8
35	21	12
35	22	5
35	23	6
35	24	2
35	26	1
35	27	5
35	28	13
35	29	7
35	30	8
35	31	5
35	32	9
35	33	9
35	34	12
36	1	2
36	2	3
36	3	5
36	4	6
36	5	3
36	6	1
36	8	5
36	9	8
36	10	7
36	11	1
36	12	7
36	13	5
36	14	4
36	15	6
36	16	2
36	17	5
36	18	1
36	19	7
36	20	3
36	21	4
36	22	1
36	24	2
36	25	2
36	26	2
36	27	1
36	28	3
36	29	5
36	30	7
36	31	3
36	32	3
36	33	7
36	34	4
36	35	7
37	1	3
37	2	4
37	3	3
37	4	3
37	5	5
37	6	2
37	7	4
37	8	4
37	9	6
37	10	7
37	11	9
37	12	2
37	13	11
37	14	4
37	15	3
37	16	8
37	17	3
37	18	18
37	19	9
37	21	7
37	22	3
37	23	5
37	24	1
37	25	2
37	26	3
37	27	10
37	28	5
37	29	7
37	30	5
37	31	4
37	32	8
37	33	4
37	34	4
37	35	16
37	36	10
38	0	1
38	1	3
38	2	5
38	4	6
38	5	3
38	6	6
38	7	2
38	8	3
38	9	2
38	10	11
38	11	5
38	12	1
38	13	10
38	14	8
38	15	4
38	16	3
38	17	6
38	18	6
38	19	6
38	20	3
38	21	5
38	22	1
38	23	4
38	24	6
38	25	1
38	26	3
38	27	5
38	28	15
38	29	7
38	30	5
38	31	8
38	32	10
38	33	9
38	34	5
38	35	13
38	36	12
38	37	9
39	1	1
39	2	3
39	3	1
39	4	10
39	5	7
39	6	2
39	7	6
39	8	9
39	9	6
39	10	7
39	11	6
39	12	6
39	13	16
39	14	6
39	15	3
39	16	9
39	17	3
39	18	9
39	19	4
39	20	4
39	21	6
39	22	7
39	23	4
39	24	2
39	26	1
39	27	4
39	28	16
39	29	4
39	30	8
39	31	3
39	32	5
39	33	9
39	34	2
39	35	6
39	36	8
39	37	16
39	38	34
40	1	3
40	2	2
40	3	3
40	4	5
40	5	2
40	6	4
40	7	1
40	8	4
40	10	8
40	11	6
40	12	3
40	13	7
40	14	5
40	15	1
40	16	5
40	17	7
40	18	7
40	19	5
40	20	3
40	21	6
40	22	4
40	23	1
40	24	2
40	26	5
40	27	10
40	28	16
40	29	7
40	30	7
40	31	6
40	32	2
40	33	5
40	34	3
40	35	11
40	36	8
40	37	5
40	38	23
40	39	8
41	1	1
41	2	4
41	3	4
41	4	5
41	5	5
41	7	3
41	9	6
41	10	4
41	11	2
41	12	2
41	13	7
41	14	6
41	15	3
41	16	2
41	17	2
41	18	3
41	19	4
41	20	4
41	21	3
41	22	2
41	23	4
41	24	4
41	27	6
41	28	11
41	29	5
41	30	10
41	31	3
41	32	12
41	33	3
41	34	3
41	35	12
41	36	7
41	37	5
41	38	20
41	39	12
41	40	21
42	0	2
42	3	1
42	4	3
42	5	1
42	6	1
42	7	4
42	8	2
42	9	1
42	10	1
42	11	2
42	12	2
42	13	3
42	14	4
42	15	2
42	16	1
42	17	2
42	18	2
42	19	6
42	21	2
42	23	5
42	24	3
42	26	2
42	27	6
42	28	13
42	29	3
42	30	5
42	31	14
42	32	7
42	33	6
42	34	2
42	35	4
42	36	1
42	37	6
42	38	10
42	39	4
42	40	15
42	41	11
43	1	1
43	2	1
43	3	1
43	4	7
43	5	5
43	6	3
43	7	2
43	8	4
43	9	3
43	10	2
43	11	2
43	12	3
43	13	2
43	14	1
43	15	4
43	16	3
43	18	2
43	19	2
43	20	3
43	21	3
43	22	5
43	23	4
43	24	3
43	26	1
43	27	3
43	28	11
43	29	6
43	30	11
43	31	13
43	32	4
43	33	7
43	34	3
43	35	5
43	36	2
43	37	5
43	38	5
43	39	3
43	40	2
43	41	9
43	42	14
44	0	4
44	1	3
44	2	7
44	3	4
44	4	6
44	5	2
44	7	3
44	8	3
44	9	2
44	10	3
44	11	5
44	12	4
44	13	1
44	14	3
44	16	3
44	17	3
44	18	3
44	19	2
44	20	4
44	21	2
44	27	2
44	28	3
44	29	2
44	30	6
44	31	9
44	32	8
44	33	5
44	34	5
44	35	11
44	36	2
44	37	4
44	38	3
44	39	3
44	40	4
44	41	7
44	42	11
44	43	12
45	0	3
45	1	4
45	2	4
45	3	4
45	4	4
45	5	2
45	6	3
45	7	6
45	8	3
45	9	1
45	10	3
45	11	3
45	12	2
45	13	2
45	14	1
45	17	4
45	18	2
45	23	2
45	24	1
45	26	1
45	27	3
45	28	1
45	29	1
45	30	4
45	31	8
45	32	5
45	33	5
45	34	3
45	35	5
45	36	5
45	37	2
45	38	5
45	39	5
45	40	10
45	41	5
45	42	8
45	43	23
45	44	20
46	1	4
46	2	4
46	3	1
46	4	5
46	5	1
46	7	3
46	8	5
46	9	4
46	11	2
46	12	4
46	13	2
46	14	1
46	15	4
46	18	3
46	19	3
46	21	3
46	22	6
46	26	2
46	27	3
46	28	5
46	29	4
46	30	1
46	31	3
46	32	3
46	33	3
46	34	4
46	35	6
46	36	1
46	38	7
46	39	2
46	40	2
46	41	7
46	42	4
46	43	14
46	44	7
46	45	11
47	1	4
47	3	6
47	4	1
47	5	3
47	7	1
47	8	2
47	9	4
47	10	2
47	11	4
47	12	4
47	13	3
47	14	2
47	15	5
47	16	1
47	17	1
47	19	1
47	20	2
47	23	4
47	24	1
47	27	5
47	28	8
47	29	1
47	30	4
47	31	2
47	32	6
47	33	2
47	34	6
47	35	2
47	36	7
47	37	5
47	38	9
47	39	6
47	40	4
47	41	6
47	42	4
47	43	6
47	44	4
47	45	5
47	46	9
48	1	4
48	3	1
48	4	4
48	6	2
48	8	2
48	10	8
48	12	2
48	14	3
48	15	2
48	20	4
48	22	1
48	24	1
48	27	2
48	30	1
48	31	4
48	35	1
48	36	3
48	37	6
48	38	7
48	39	4
48	40	2
48	41	4
48	42	4
48	43	3
48	44	5
48	45	3
48	46	6
48	47	20
49	0	5
49	1	3
49	2	2
49	3	2
49	4	4
49	5	1
49	6	1
49	7	3
49	8	4
49	9	3
49	10	5
49	11	1
49	12	5
49	13	1
49	14	2
49	15	4
49	16	4
49	17	2
49	18	3
49	19	6
49	20	2
49	21	4
49	23	2
49	24	3
49	27	4
49	28	9
49	29	3
49	30	1
49	31	3
49	32	4
49	33	2
49	34	4
49	35	6
49	36	1
49	37	2
49	38	7
49	39	5
49	40	5
49	41	5
49	42	10
49	43	5
49	44	2
49	45	9
49	46	7
49	47	15
49	48	18
50	1	1
50	3	2
50	4	3
50	5	2
50	8	3
50	9	1
50	10	4
50	12	6
50	13	3
50	14	3
50	15	2
50	18	2
50	19	2
50	22	1
50	23	1
50	28	6
50	29	5
50	30	1
50	31	3
50	32	2
50	35	2
50	36	4
50	37	2
50	38	3
50	39	3
50	40	2
50	41	5
50	42	4
50	43	6
50	44	1
50	45	4
50	46	2
50	47	6
50	48	4
50	49	8
51	1	4
51	5	2
51	8	10
51	9	3
51	10	3
51	11	2
51	12	5
51	13	2
51	14	1
51	15	8
51	16	2
51	17	1
51	18	2
51	19	2
51	20	4
51	23	2
51	24	2
51	26	1
51	27	2
51	28	5
51	29	2
51	30	3
51	31	2
51	32	2
51	33	6
51	34	4
51	35	4
51	36	2
51	37	5
51	38	5
51	39	6
51	40	6
51	41	3
51	42	7
51	43	3
51	44	4
51	45	11
51	46	6
51	47	2
51	48	5
51	49	9
51	50	10
52	4	2
52	6	2
52	7	1
52	8	3
52	9	6
52	10	4
52	11	3
52	12	1
52	13	1
52	14	2
52	15	5
52	16	2
52	17	1
52	18	2
52	19	4
52	21	1
52	23	2
52	24	2
52	26	2
52	27	7
52	28	2
52	29	4
52	30	1
52	31	3
52	32	1
52	33	5
52	34	6
52	35	5
52	36	3
52	37	3
52	38	4
52	39	4
52	40	7
52	41	4
52	42	4
52	43	5
52	44	1
52	45	5
52	46	8
52	47	5
52	48	8
52	49	8
52	50	8
52	51	32
53	1	3
53	2	1
53	3	2
53	4	1
53	5	4
53	6	2
53	8	3
53	9	2
53	10	4
53	11	3
53	12	4
53	13	7
53	14	4
53	15	3
53	16	3
53	17	5
53	18	6
53	19	1
53	20	3
53	22	2
53	24	3
53	26	1
53	27	4
53	28	3
53	29	1
53	30	6
53	31	5
53	32	3
53	33	7
53	34	6
53	35	6
53	36	5
53	37	2
53	38	7
53	39	6
53	40	13
53	41	8
53	42	7
53	43	4
53	44	6
53	45	7
53	46	6
53	47	7
53	48	5
53	49	15
53	50	12
53	51	13
53	52	18
54	1	4
54	2	1
54	3	3
54	4	3
54	5	2
54	6	4
54	8	1
54	9	4
54	10	2
54	11	3
54	12	4
54	13	4
54	14	5
54	15	3
54	16	1
54	17	2
54	18	6
54	19	4
54	26	3
54	27	6
54	28	1
54	29	4
54	30	2
54	31	2
54	32	5
54	33	1
54	34	1
54	35	4
54	36	3
54	37	1
54	38	4
54	39	8
54	40	10
54	41	8
54	42	1
54	43	5
54	44	6
54	45	8
54	46	13
54	47	16
54	48	4
54	49	10
54	50	3
54	51	2
54	52	8
54	53	6
55	0	2
55	1	6
55	2	3
55	3	4
55	4	4
55	5	1
55	8	4
55	9	1
55	10	4
55	11	4
55	12	3
55	13	4
55	14	4
55	15	4
55	16	8
55	17	2
55	18	3
55	19	4
55	20	3
55	21	3
55	24	3
55	25	1
55	27	2
55	28	3
55	30	5
55	31	4
55	32	3
55	33	5
55	34	1
55	35	6
55	36	5
55	37	6
55	38	9
55	39	10
55	40	9
55	41	3
55	42	8
55	43	1
55	44	5
55	45	6
55	46	6
55	47	9
55	48	8
55	49	8
55	50	4
55	51	6
55	52	7
55	53	3
55	54	28
56	3	1
56	5	1
56	8	3
56	9	3
56	10	2
56	11	1
56	12	2
56	13	2
56	15	1
56	17	2
56	18	3
56	19	4
56	20	1
56	21	2
56	22	2
56	26	1
56	27	1
56	28	4
56	29	1
56	30	4
56	31	3
56	32	2
56	33	1
56	34	2
56	35	3
56	36	2
56	37	5
56	38	11
56	39	4
56	40	1
56	41	4
56	42	7
56	43	9
56	44	3
56	45	6
56	46	12
56	47	12
56	48	14
56	49	14
56	50	2
56	51	6
56	52	4
56	53	8
56	54	4
56	55	5
57	0	2
57	2	3
57	3	3
57	4	1
57	6	2
57	8	1
57	9	3
57	10	1
57	12	2
57	13	6
57	14	6
57	15	2
57	16	2
57	17	2
57	19	1
57	22	1
57	23	1
57	24	1
57	25	3
57	27	1
57	28	2
57	29	2
57	30	3
57	31	3
57	32	6
57	33	1
57	34	3
57	35	5
57	36	5
57	37	3
57	38	6
57	39	4
57	40	5
57	41	6
57	42	9
57	43	4
57	44	9
57	45	7
57	46	7
57	47	13
57	48	7
57	49	13
57	50	2
57	51	6
57	52	5
57	53	6
57	54	7
57	55	6
57	56	16
58	0	1
58	1	1
58	4	4
58	8	2
58	10	4
58	12	1
58	13	1
58	15	4
58	18	4
58	19	5
58	23	2
58	24	2
58	25	1
58	26	1
58	27	3
58	28	7
58	29	2
58	30	1
58	31	5
58	32	1
58	33	3
58	34	4
58	35	4
58	36	2
58	37	4
58	38	7
58	39	7
58	40	6
58	41	4
58	42	7
58	43	10
58	44	5
58	45	3
58	46	3
58	47	4
58	48	5
58	49	3
58	50	3
58	51	4
58	52	6
58	53	4
58	54	2
58	55	1
58	56	6
58	57	7
59	1	5
59	2	3
59	3	1
59	5	3
59	7	4
59	8	4
59	9	6
59	10	2
59	11	3
59	12	4
59	13	2
59	14	1
59	15	7
59	16	2
59	17	1
59	18	4
59	19	4
59	20	3
59	21	3
59	22	2
59	24	1
59	26	5
59	27	7
59	28	5
59	29	3
59	30	1
59	31	5
59	32	5
59	33	5
59	34	3
59	35	8
59	36	7
59	37	3
59	38	5
59	39	6
59	40	13
59	41	2
59	42	12
59	43	9
59	44	6
59	45	8
59	46	9
59	47	7
59	48	4
59	49	6
59	50	2
59	51	2
59	52	2
59	53	5
59	54	10
59	55	9
59	56	8
59	57	9
59	58	14
60	0	1
60	1	3
60	3	2
60	4	2
60	5	2
60	7	4
60	8	4
60	9	4
60	10	5
60	11	5
60	12	7
60	13	4
60	14	10
60	15	7
60	16	3
60	17	3
60	18	4
60	19	1
60	20	5
60	21	7
60	24	2
60	26	2
60	27	6
60	28	5
60	29	5
60	30	5
60	31	5
60	32	13
60	33	5
60	34	3
60	35	6
60	36	8
60	37	7
60	38	9
60	39	12
60	40	3
60	41	4
60	42	3
60	43	11
60	44	7
60	45	4
60	46	3
60	47	9
60	48	4
60	49	17
60	50	7
60	51	19
60	52	27
60	53	15
60	54	7
60	55	9
60	56	6
60	57	7
60	58	8
60	59	6
