1	0	18
2	0	2
2	1	15
3	0	4
3	1	5
3	2	14
4	0	5
4	1	6
4	2	2
4	3	9
5	0	6
5	1	7
5	2	5
5	3	9
5	4	18
6	0	1
6	1	1
6	2	6
6	3	1
6	4	11
6	5	13
7	1	2
7	2	3
7	3	5
7	4	11
7	5	8
7	6	12
8	0	2
8	1	9
8	2	5
8	3	9
8	4	28
8	5	12
8	6	18
8	7	16
9	0	2
9	1	2
9	2	4
9	3	12
9	4	17
9	5	13
9	6	4
9	7	9
9	8	17
10	0	3
10	1	3
10	2	3
10	4	8
10	5	3
10	6	8
10	7	3
10	8	8
10	9	24
11	1	2
11	2	1
11	3	3
11	4	7
11	5	5
11	6	3
11	7	6
11	8	9
11	9	8
11	10	21
12	1	5
12	2	4
12	3	5
12	4	8
12	5	5
12	6	3
12	7	5
12	8	8
12	9	4
12	10	21
12	11	19
13	1	4
13	3	4
13	4	11
13	5	5
13	6	6
13	7	5
13	8	5
13	9	7
13	10	7
13	11	9
13	12	9
14	1	4
14	2	1
14	3	1
14	4	5
14	5	2
14	6	1
14	8	8
14	9	4
14	10	9
14	11	3
14	12	6
14	13	10
15	0	2
15	3	5
15	4	2
15	5	2
15	6	7
15	7	2
15	9	3
15	10	4
15	11	3
15	12	4
15	13	6
15	14	9
16	1	3
16	2	3
16	3	1
16	4	2
16	5	2
16	6	4
16	7	1
16	8	5
16	9	3
16	10	9
16	11	3
16	12	8
16	13	15
16	14	8
16	15	3
17	1	1
17	3	2
17	4	5
17	5	6
17	6	1
17	7	4
17	8	4
17	9	6
17	10	7
17	11	4
17	12	5
17	13	7
17	14	21
17	15	9
17	16	11
18	0	1
18	1	3
18	2	3
18	3	3
18	4	6
18	5	3
18	6	4
18	7	2
18	8	8
18	9	4
18	10	9
18	11	4
18	12	8
18	13	3
18	14	6
18	15	4
18	16	7
18	17	8
19	0	2
19	1	3
19	2	6
19	3	2
19	4	8
19	5	8
19	6	6
19	7	4
19	8	14
19	9	7
19	10	9
19	11	5
19	12	1
19	13	10
19	14	5
19	15	5
19	16	8
19	17	10
19	18	13
20	1	5
20	2	3
20	3	4
20	4	5
20	5	11
20	6	5
20	7	4
20	8	11
20	9	10
20	10	7
20	11	1
20	12	2
20	13	1
20	14	5
20	15	2
20	16	5
20	17	9
20	18	15
20	19	14
21	0	1
21	1	1
21	2	3
21	3	4
21	4	9
21	5	9
21	6	5
21	7	3
21	8	6
21	9	1
21	10	2
21	11	4
21	12	3
21	13	5
21	14	7
21	15	2
21	16	5
21	17	4
21	18	3
21	19	13
21	20	15
22	0	5
22	1	3
22	3	3
22	4	7
22	5	4
22	6	5
22	7	2
22	8	12
22	9	4
22	10	4
22	11	4
22	12	10
22	13	6
22	14	3
22	15	2
22	16	4
22	17	5
22	18	8
22	19	10
22	20	12
22	21	17
23	0	2
23	1	2
23	2	2
23	3	1
23	4	5
23	5	7
23	6	8
23	7	3
23	8	6
23	9	3
23	10	4
23	11	1
23	12	1
23	13	3
23	14	2
23	15	6
23	16	1
23	17	2
23	18	2
23	19	8
23	20	6
23	21	11
23	22	11
24	1	1
24	2	7
24	3	1
24	4	8
24	5	7
24	6	4
24	7	3
24	8	7
24	9	3
24	10	4
24	12	2
24	13	1
24	14	4
24	15	4
24	16	4
24	17	3
24	18	3
24	19	4
24	20	6
24	21	11
24	22	5
24	23	15
25	0	1
25	5	1
25	8	3
25	9	3
25	12	1
25	16	1
25	19	2
26	1	3
26	6	2
26	8	2
26	10	2
26	13	5
26	14	7
26	15	1
26	16	2
26	17	2
26	18	2
26	19	1
26	20	4
26	22	4
26	24	2
27	3	3
27	4	8
27	5	6
27	6	1
27	8	4
27	9	2
27	10	4
27	11	1
27	12	1
27	13	5
27	14	4
27	15	5
27	16	4
27	17	6
27	18	5
27	19	10
27	20	3
27	21	3
27	22	9
27	23	2
27	24	2
27	25	1
27	26	4
28	0	4
28	1	5
28	2	4
28	3	8
28	4	6
28	5	7
28	6	2
28	7	2
28	8	2
28	9	7
28	10	9
28	11	3
28	12	4
28	13	11
28	14	4
28	15	3
28	16	8
28	17	6
28	18	6
28	19	5
28	20	7
28	21	9
28	22	7
28	23	2
28	24	5
28	26	2
28	27	10
29	1	2
29	2	2
29	3	3
29	4	5
29	5	3
29	6	2
29	7	3
29	8	8
29	9	2
29	10	3
29	11	3
29	12	2
29	13	3
29	14	2
29	16	3
29	17	4
29	18	4
29	19	3
29	20	4
29	21	8
29	22	4
29	23	4
29	24	7
29	27	2
29	28	1
30	0	4
30	1	5
30	2	6
30	3	2
30	4	4
30	5	3
30	6	3
30	7	2
30	8	7
30	9	4
30	10	3
30	11	2
30	12	1
30	13	2
30	14	1
30	15	1
30	16	2
30	17	3
30	18	4
30	19	6
30	20	3
30	21	5
30	22	3
30	23	1
30	24	6
30	26	1
30	27	4
30	28	7
30	29	16
31	1	2
31	2	4
31	3	4
31	4	4
31	5	3
31	8	2
31	9	3
31	10	2
31	11	2
31	12	4
31	13	6
31	14	2
31	15	5
31	16	3
31	17	2
31	18	4
31	19	2
31	20	1
31	21	4
31	22	1
31	24	3
31	26	1
31	27	4
31	28	9
31	29	7
31	30	14
32	0	3
32	1	2
32	4	2
32	5	2
32	6	3
32	8	1
32	10	2
32	11	2
32	12	3
32	13	8
32	14	6
32	15	3
32	16	1
32	17	3
32	18	4
32	19	5
32	20	2
32	21	6
32	22	6
32	23	4
32	24	1
32	26	4
32	27	5
32	28	9
32	29	4
32	30	9
32	31	8
33	1	1
33	2	3
33	3	3
33	4	5
33	5	2
33	6	4
33	7	1
33	8	7
33	9	1
33	10	3
33	12	5
33	13	2
33	14	2
33	15	3
33	16	1
33	17	3
33	18	6
33	19	8
33	20	5
33	21	11
33	22	11
33	23	1
33	24	4
33	26	1
33	27	2
33	28	10
33	29	5
33	30	9
33	31	4
33	32	15
34	0	1
34	1	2
34	2	3
34	3	1
34	4	9
34	5	8
34	6	10
34	7	2
34	8	3
34	9	2
34	10	1
34	11	4
34	12	3
34	13	6
34	14	5
34	15	4
34	16	6
34	17	2
34	18	8
34	19	6
34	20	7
34	21	7
34	22	8
34	23	4
34	24	12
34	26	4
34	27	10
34	28	13
34	29	6
34	30	6
34	31	9
34	32	7
34	33	20
35	1	1
35	2	3
35	3	7
35	4	7
35	5	5
35	6	3
35	7	3
35	8	5
35	9	4
35	10	5
35	11	5
35	12	5
35	13	9
35	14	7
35	15	4
35	16	11
35	17	8
35	18	16
35	19	9
35	20	6
35	21	8
35	22	3
35	23	4
35	24	3
35	26	3
35	27	9
35	28	20
35	29	7
35	30	7
35	31	8
35	32	4
35	33	5
35	34	11
36	1	1
36	2	2
36	3	4
36	4	6
36	5	4
36	6	2
36	8	4
36	9	4
36	10	11
36	11	5
36	12	6
36	13	6
36	14	4
36	15	4
36	16	4
36	17	3
36	18	14
36	19	8
36	20	7
36	21	5
36	22	4
36	24	4
36	25	1
36	26	2
36	28	12
36	29	3
36	30	6
36	31	3
36	32	4
36	33	1
36	34	2
36	35	3
37	0	1
37	1	1
37	3	4
37	4	3
37	5	6
37	6	6
37	7	3
37	8	7
37	9	6
37	10	6
37	11	3
37	12	2
37	13	7
37	14	9
37	15	7
37	16	15
37	17	6
37	18	15
37	19	8
37	20	3
37	21	6
37	22	4
37	23	2
37	24	6
37	25	1
37	26	3
37	27	5
37	28	9
37	29	5
37	30	8
37	31	7
37	32	6
37	33	2
37	34	7
37	35	16
37	36	11
38	0	4
38	1	6
38	2	1
38	3	4
38	4	7
38	5	5
38	6	4
38	7	5
38	8	2
38	9	6
38	10	7
38	11	9
38	12	11
38	13	16
38	14	8
38	15	7
38	16	19
38	17	9
38	18	5
38	19	9
38	20	4
38	21	10
38	22	5
38	23	7
38	24	5
38	25	1
38	26	3
38	27	10
38	28	23
38	29	3
38	30	4
38	31	8
38	32	6
38	33	6
38	34	4
38	35	15
38	36	6
38	37	16
39	1	3
39	2	2
39	3	1
39	4	1
39	5	3
39	6	2
39	7	7
39	8	5
39	9	4
39	10	4
39	11	3
39	12	7
39	13	14
39	14	6
39	15	7
39	16	4
39	17	4
39	18	4
39	19	7
39	20	7
39	21	3
39	22	1
39	23	2
39	24	2
39	26	3
39	27	3
39	28	7
39	29	5
39	30	4
39	31	1
39	32	4
39	33	3
39	34	4
39	35	16
39	36	5
39	37	11
39	38	33
40	1	1
40	2	2
40	3	5
40	4	7
40	5	4
40	6	2
40	7	4
40	8	6
40	9	3
40	10	4
40	11	3
40	12	3
40	13	9
40	14	4
40	15	6
40	16	5
40	17	7
40	18	6
40	19	3
40	20	4
40	21	4
40	22	3
40	23	3
40	24	3
40	26	2
40	27	7
40	28	12
40	29	12
40	30	4
40	31	9
40	32	6
40	33	5
40	34	3
40	35	12
40	36	4
40	37	17
40	38	24
40	39	12
41	1	4
41	2	2
41	3	4
41	4	5
41	6	3
41	7	3
41	8	3
41	9	5
41	10	4
41	11	2
41	12	1
41	13	7
41	14	6
41	15	6
41	16	3
41	17	6
41	18	1
41	19	4
41	20	2
41	21	4
41	22	1
41	23	3
41	24	3
41	26	1
41	27	5
41	28	11
41	29	7
41	30	12
41	31	6
41	32	7
41	33	5
41	34	4
41	35	7
41	36	8
41	37	6
41	38	12
41	39	8
41	40	28
42	4	3
42	5	2
42	6	2
42	7	1
42	8	1
42	9	2
42	10	6
42	11	3
42	12	1
42	13	7
42	14	1
42	15	3
42	16	2
42	17	1
42	18	5
42	20	1
42	22	3
42	23	1
42	24	5
42	26	3
42	27	7
42	28	5
42	29	2
42	30	4
42	31	5
42	32	5
42	33	1
42	34	4
42	35	5
42	36	3
42	37	4
42	38	10
42	39	8
42	40	14
42	41	14
43	0	1
43	1	5
43	2	4
43	3	4
43	4	6
43	5	1
43	6	3
43	7	2
43	8	4
43	9	1
43	10	3
43	11	3
43	12	1
43	13	4
43	14	2
43	15	5
43	16	2
43	17	1
43	18	2
43	19	2
43	21	2
43	22	1
43	23	1
43	24	2
43	26	2
43	27	3
43	28	8
43	29	7
43	30	7
43	31	12
43	32	5
43	33	6
43	34	4
43	35	7
43	36	1
43	37	4
43	38	9
43	39	10
43	40	14
43	41	12
43	42	10
44	0	3
44	1	5
44	2	2
44	3	1
44	4	9
44	5	1
44	6	4
44	7	2
44	9	4
44	10	1
44	11	2
44	12	3
44	13	1
44	14	4
44	16	4
44	18	1
44	19	2
44	20	1
44	21	1
44	26	3
44	27	6
44	28	9
44	29	5
44	30	9
44	31	7
44	32	1
44	33	4
44	34	4
44	35	8
44	36	2
44	37	3
44	38	3
44	39	7
44	40	11
44	41	8
44	42	4
44	43	14
45	0	2
45	1	1
45	2	2
45	3	2
45	4	5
45	6	2
45	7	4
45	8	1
45	9	2
45	10	2
45	11	3
45	12	3
45	13	3
45	14	2
45	17	4
45	18	4
45	19	2
45	20	4
45	23	1
45	26	2
45	27	4
45	28	7
45	29	6
45	30	3
45	31	9
45	32	1
45	33	1
45	34	2
45	35	4
45	36	6
45	37	4
45	38	9
45	39	4
45	40	2
45	41	13
45	42	7
45	43	17
45	44	12
46	1	3
46	2	4
46	3	4
46	4	2
46	5	2
46	7	6
46	8	2
46	9	1
46	10	2
46	11	2
46	13	5
46	14	1
46	15	1
46	18	2
46	19	4
46	21	1
46	22	1
46	26	1
46	27	1
46	28	3
46	29	4
46	30	3
46	31	4
46	32	2
46	33	3
46	34	2
46	35	4
46	36	2
46	37	3
46	38	5
46	39	4
46	40	6
46	41	5
46	42	4
46	43	6
46	44	10
46	45	16
47	1	6
47	2	2
47	3	5
47	4	4
47	6	1
47	7	2
47	8	4
47	9	1
47	10	3
47	11	1
47	12	2
47	13	2
47	14	3
47	15	1
47	16	3
47	17	3
47	18	4
47	19	4
47	20	5
47	23	1
47	27	2
47	28	6
47	30	2
47	31	2
47	32	4
47	34	4
47	35	2
47	36	4
47	37	2
47	38	3
47	39	3
47	40	4
47	41	4
47	42	3
47	43	8
47	44	1
47	45	3
47	46	9
48	1	2
48	2	2
48	4	6
48	8	7
48	10	1
48	11	3
48	12	1
48	13	1
48	14	3
48	15	5
48	20	1
48	22	5
48	25	1
48	27	2
48	28	6
48	30	2
48	31	4
48	35	7
48	36	1
48	38	7
48	39	1
48	40	4
48	41	2
48	42	1
48	43	5
48	44	4
48	45	5
48	46	9
48	47	15
49	0	4
49	1	6
49	2	6
49	3	3
49	4	1
49	5	2
49	6	5
49	7	5
49	8	3
49	9	3
49	10	3
49	11	4
49	12	2
49	13	9
49	14	2
49	15	5
49	16	2
49	17	4
49	19	7
49	20	2
49	21	3
49	23	2
49	27	7
49	28	4
49	29	4
49	30	3
49	31	5
49	32	7
49	33	7
49	34	6
49	35	5
49	36	3
49	37	3
49	38	9
49	39	5
49	40	5
49	41	4
49	42	4
49	43	5
49	44	3
49	45	6
49	46	8
49	47	18
49	48	13
50	0	5
50	1	5
50	4	2
50	8	3
50	9	4
50	10	2
50	12	4
50	13	4
50	14	2
50	15	3
50	19	1
50	22	1
50	25	2
50	27	3
50	28	4
50	30	2
50	31	2
50	32	2
50	35	3
50	36	4
50	37	3
50	38	4
50	39	2
50	40	3
50	41	6
50	42	2
50	43	3
50	44	3
50	45	1
50	46	1
50	47	4
50	48	5
50	49	9
51	1	3
51	4	2
51	5	2
51	7	2
51	8	2
51	9	2
51	10	9
51	11	2
51	12	6
51	13	1
51	14	4
51	15	2
51	16	1
51	17	7
51	18	4
51	19	3
51	20	2
51	23	1
51	24	1
51	26	2
51	27	6
51	28	5
51	29	2
51	30	2
51	31	3
51	32	2
51	33	4
51	34	4
51	35	4
51	36	3
51	37	3
51	38	2
51	39	3
51	40	4
51	41	3
51	42	5
51	43	4
51	44	5
51	45	2
51	46	7
51	47	14
51	48	8
51	49	14
51	50	12
52	0	1
52	4	5
52	6	2
52	7	4
52	8	2
52	9	2
52	10	6
52	11	4
52	12	1
52	13	2
52	15	5
52	16	4
52	17	3
52	18	5
52	19	5
52	20	5
52	21	1
52	24	2
52	26	2
52	27	5
52	28	4
52	29	3
52	30	1
52	31	1
52	33	1
52	34	1
52	35	4
52	36	6
52	37	3
52	38	6
52	39	10
52	40	9
52	41	14
52	42	2
52	43	6
52	44	5
52	45	2
52	46	7
52	47	8
52	48	2
52	49	13
52	50	14
52	51	30
53	1	1
53	2	3
53	3	4
53	4	3
53	5	2
53	6	2
53	7	2
53	8	3
53	9	5
53	10	2
53	11	4
53	12	6
53	13	4
53	14	1
53	15	3
53	16	3
53	17	3
53	18	1
53	19	4
53	20	2
53	22	1
53	24	3
53	26	1
53	27	2
53	28	6
53	29	4
53	30	1
53	31	3
53	32	6
53	33	3
53	34	3
53	35	4
53	36	5
53	37	1
53	38	6
53	39	10
53	40	5
53	41	5
53	42	6
53	43	2
53	44	1
53	45	2
53	46	7
53	47	5
53	48	5
53	49	17
53	50	7
53	51	15
53	52	18
54	0	1
54	1	5
54	2	4
54	3	5
54	5	1
54	6	1
54	8	2
54	9	1
54	10	5
54	11	2
54	12	5
54	13	3
54	14	3
54	15	3
54	16	4
54	17	3
54	18	9
54	19	1
54	20	3
54	26	3
54	27	5
54	28	1
54	29	2
54	30	3
54	31	3
54	32	4
54	33	5
54	35	1
54	36	2
54	37	2
54	38	7
54	39	8
54	40	4
54	41	5
54	42	7
54	43	5
54	44	7
54	45	8
54	46	10
54	47	11
54	48	12
54	49	7
54	50	5
54	51	5
54	52	3
54	53	8
55	0	1
55	1	3
55	2	3
55	3	2
55	4	2
55	5	5
55	8	5
55	9	1
55	10	3
55	11	1
55	12	2
55	13	7
55	14	3
55	15	5
55	16	4
55	17	5
55	18	5
55	19	2
55	20	1
55	21	3
55	22	2
55	24	1
55	27	4
55	28	11
55	30	2
55	31	2
55	32	4
55	34	2
55	36	8
55	37	2
55	38	8
55	39	5
55	40	8
55	41	5
55	42	5
55	43	3
55	44	7
55	45	4
55	46	9
55	47	10
55	48	7
55	49	9
55	50	3
55	51	3
55	52	7
55	53	4
55	54	20
56	3	2
56	4	6
56	5	2
56	8	2
56	9	3
56	10	1
56	11	2
56	12	7
56	13	1
56	15	3
56	17	3
56	18	1
56	19	3
56	20	2
56	21	3
56	27	3
56	28	8
56	29	1
56	30	7
56	31	1
56	32	3
56	33	4
56	35	4
56	36	5
56	37	2
56	38	9
56	39	5
56	40	4
56	41	5
56	42	5
56	43	7
56	44	3
56	45	9
56	46	13
56	47	10
56	48	7
56	49	8
56	50	4
56	51	3
56	52	2
56	53	4
56	54	8
56	55	7
57	0	4
57	2	1
57	3	2
57	4	3
57	6	1
57	8	4
57	9	1
57	10	2
57	11	3
57	12	4
57	13	6
57	14	1
57	15	4
57	16	3
57	17	4
57	18	2
57	19	2
57	22	2
57	23	1
57	24	3
57	27	3
57	28	7
57	30	2
57	31	4
57	32	2
57	33	4
57	34	1
57	35	7
57	36	3
57	37	7
57	38	3
57	39	3
57	40	3
57	41	8
57	42	4
57	43	10
57	44	4
57	45	7
57	46	5
57	47	9
57	48	5
57	49	12
57	50	1
57	51	7
57	52	6
57	53	7
57	54	8
57	55	7
57	56	16
58	0	1
58	3	1
58	4	3
58	8	3
58	9	1
58	10	3
58	12	3
58	13	4
58	14	1
58	15	4
58	17	3
58	18	1
58	19	5
58	20	1
58	23	1
58	24	3
58	25	1
58	26	3
58	27	3
58	28	12
58	29	4
58	30	6
58	31	3
58	32	3
58	33	6
58	34	3
58	35	2
58	36	5
58	37	3
58	38	6
58	39	7
58	40	1
58	41	3
58	42	5
58	43	7
58	44	7
58	45	6
58	46	4
58	47	8
58	48	5
58	49	8
58	50	1
58	51	2
58	52	8
58	53	7
58	54	3
58	55	2
58	56	11
58	57	10
59	1	7
59	2	1
59	3	5
59	4	4
59	5	4
59	7	2
59	8	3
59	9	3
59	10	4
59	11	2
59	12	3
59	13	2
59	14	2
59	15	4
59	16	2
59	18	3
59	19	4
59	20	2
59	21	1
59	22	1
59	24	3
59	26	4
59	27	4
59	28	5
59	29	7
59	30	8
59	31	8
59	32	7
59	33	2
59	34	6
59	35	7
59	36	4
59	37	6
59	38	8
59	39	6
59	40	9
59	41	10
59	42	9
59	43	8
59	44	16
59	45	14
59	46	5
59	47	7
59	48	5
59	49	6
59	50	3
59	51	7
59	52	2
59	53	2
59	54	4
59	55	8
59	56	8
59	57	2
59	58	11
60	0	5
60	1	6
60	2	5
60	3	3
60	4	8
60	5	2
60	6	2
60	7	4
60	8	6
60	9	10
60	10	5
60	11	4
60	12	5
60	13	9
60	14	11
60	15	6
60	16	9
60	17	5
60	18	5
60	19	4
60	20	5
60	21	4
60	22	2
60	24	1
60	26	4
60	27	5
60	28	3
60	29	2
60	30	8
60	31	6
60	32	6
60	33	4
60	34	5
60	35	6
60	36	8
60	37	3
60	38	13
60	39	6
60	40	8
60	41	9
60	42	7
60	43	7
60	44	6
60	45	5
60	46	6
60	47	4
60	48	7
60	49	11
60	50	11
60	51	24
60	52	17
60	53	34
60	54	11
60	55	5
60	56	5
60	57	6
60	58	6
60	59	4
