1	0	22
2	0	7
2	1	11
3	0	4
3	1	15
3	2	10
4	0	3
4	1	5
4	2	3
4	3	12
5	0	3
5	1	6
5	2	2
5	3	11
5	4	20
6	0	1
6	1	3
6	2	4
6	3	2
6	4	10
6	5	14
7	1	1
7	3	3
7	4	6
7	5	9
7	6	15
8	0	2
8	1	6
8	2	4
8	3	8
8	4	33
8	5	21
8	6	16
8	7	12
9	0	1
9	1	6
9	2	4
9	3	6
9	4	12
9	5	5
9	6	4
9	7	7
9	8	4
10	0	3
10	1	3
10	2	3
10	3	2
10	4	11
10	5	2
10	6	5
10	7	4
10	8	2
10	9	9
11	0	7
11	1	3
11	2	3
11	3	1
11	4	5
11	5	2
11	7	2
11	8	5
11	9	6
11	10	15
12	3	2
12	4	6
12	5	7
12	6	5
12	7	4
12	8	10
12	9	6
12	10	18
12	11	13
13	0	1
13	1	3
13	2	3
13	3	5
13	4	5
13	5	6
13	6	1
13	7	5
13	8	8
13	9	3
13	10	12
13	11	6
13	12	5
14	1	3
14	2	1
14	3	2
14	4	7
14	5	4
14	6	2
14	7	7
14	8	3
14	9	4
14	10	8
14	11	4
14	12	7
14	13	6
15	0	1
15	2	3
15	3	2
15	4	3
15	5	3
15	6	3
15	7	1
15	8	1
15	9	3
15	10	5
15	11	6
15	12	4
15	13	14
15	14	14
16	1	5
16	2	1
16	3	2
16	4	2
16	5	2
16	6	3
16	7	4
16	8	9
16	9	5
16	10	6
16	11	8
16	12	4
16	13	12
16	14	13
16	15	7
17	2	2
17	4	3
17	5	5
17	6	3
17	7	1
17	8	2
17	9	4
17	10	6
17	11	4
17	12	4
17	13	5
17	14	7
17	15	7
17	16	8
18	0	1
18	2	2
18	3	3
18	4	4
18	5	2
18	6	2
18	7	5
18	8	7
18	9	6
18	10	3
18	11	3
18	12	5
18	13	13
18	14	7
18	15	2
18	16	5
18	17	6
19	1	2
19	2	6
19	3	6
19	4	6
19	5	6
19	6	3
19	7	6
19	8	8
19	9	7
19	10	11
19	11	6
19	12	2
19	13	7
19	14	4
19	15	6
19	16	10
19	17	14
19	18	13
20	1	5
20	2	3
20	3	6
20	4	3
20	5	4
20	6	5
20	7	6
20	8	9
20	9	6
20	10	5
20	11	4
20	12	6
20	13	4
20	14	6
20	15	2
20	16	3
20	17	13
20	18	10
20	19	21
21	0	2
21	1	1
21	2	4
21	3	3
21	4	2
21	5	5
21	6	3
21	7	2
21	8	5
21	9	4
21	10	4
21	11	4
21	12	3
21	14	5
21	15	1
21	16	6
21	17	3
21	18	15
21	19	12
21	20	15
22	1	4
22	2	5
22	3	2
22	4	9
22	5	2
22	6	4
22	7	4
22	8	4
22	9	6
22	10	2
22	11	1
22	12	4
22	13	1
22	14	1
22	15	1
22	16	5
22	17	7
22	18	13
22	19	8
22	20	15
22	21	13
23	0	1
23	2	3
23	3	2
23	4	4
23	5	7
23	6	2
23	7	3
23	8	6
23	9	6
23	10	6
23	11	2
23	12	3
23	13	2
23	14	3
23	16	2
23	17	2
23	18	7
23	19	2
23	20	8
23	21	11
23	22	12
24	1	1
24	2	1
24	4	8
24	5	10
24	6	5
24	7	5
24	8	5
24	9	4
24	10	6
24	11	3
24	12	2
24	13	4
24	14	4
24	15	3
24	16	5
24	17	5
24	18	4
24	19	8
24	20	6
24	21	6
24	22	10
24	23	19
25	3	1
25	4	1
25	5	5
25	8	1
25	11	2
25	15	1
25	21	1
25	22	1
26	1	1
26	2	4
26	3	4
26	6	2
26	8	2
26	10	1
26	13	2
26	14	5
26	15	4
26	16	2
26	17	2
26	18	1
26	20	4
26	22	2
26	24	3
27	3	1
27	4	1
27	5	1
27	6	1
27	7	6
27	8	4
27	9	4
27	10	5
27	11	3
27	12	6
27	13	6
27	14	7
27	15	5
27	16	7
27	17	7
27	18	3
27	19	6
27	20	2
27	21	2
27	22	3
27	23	2
27	24	5
27	25	1
27	26	5
28	0	2
28	1	8
28	2	5
28	3	3
28	4	5
28	5	3
28	6	4
28	7	1
28	8	7
28	9	7
28	10	7
28	11	3
28	12	7
28	13	7
28	14	2
28	15	7
28	16	5
28	17	6
28	18	5
28	19	10
28	20	4
28	21	6
28	22	6
28	23	2
28	24	3
28	26	4
28	27	12
29	1	3
29	2	1
29	3	2
29	4	5
29	5	5
29	6	5
29	7	8
29	8	6
29	9	4
29	10	11
29	11	3
29	12	5
29	13	2
29	14	5
29	15	3
29	16	3
29	17	3
29	18	1
29	19	3
29	20	4
29	21	3
29	22	4
29	23	5
29	24	2
29	27	4
29	28	6
30	0	2
30	1	6
30	2	3
30	3	2
30	4	5
30	5	4
30	6	4
30	8	4
30	10	6
30	11	3
30	12	3
30	13	5
30	14	1
30	15	1
30	16	2
30	17	2
30	18	4
30	19	4
30	20	4
30	21	2
30	22	3
30	23	6
30	24	2
30	26	3
30	27	8
30	28	7
30	29	4
31	1	1
31	2	3
31	3	1
31	4	2
31	5	4
31	8	1
31	9	3
31	10	2
31	11	3
31	12	2
31	13	9
31	14	2
31	15	2
31	16	3
31	17	6
31	18	1
31	20	3
31	21	4
31	22	5
31	23	5
31	24	4
31	26	4
31	27	5
31	28	8
31	29	3
31	30	11
32	1	2
32	2	3
32	4	5
32	5	1
32	6	1
32	8	4
32	9	2
32	10	2
32	11	1
32	12	1
32	13	6
32	14	3
32	15	2
32	16	5
32	17	6
32	18	3
32	19	4
32	20	2
32	21	2
32	22	3
32	23	2
32	24	7
32	26	3
32	27	8
32	28	8
32	29	5
32	30	8
32	31	8
33	1	2
33	2	4
33	3	4
33	4	7
33	5	8
33	6	2
33	7	6
33	8	3
33	9	4
33	10	3
33	11	4
33	12	6
33	14	1
33	15	3
33	16	3
33	17	4
33	19	4
33	20	6
33	21	3
33	22	5
33	23	1
33	24	5
33	26	5
33	27	4
33	28	10
33	29	4
33	30	9
33	31	5
33	32	13
34	0	2
34	1	3
34	2	3
34	3	4
34	4	2
34	5	3
34	6	3
34	7	4
34	8	1
34	9	6
34	10	5
34	11	2
34	12	3
34	13	5
34	14	4
34	15	1
34	16	1
34	17	4
34	18	8
34	19	7
34	20	7
34	21	10
34	22	12
34	23	6
34	24	8
34	25	1
34	26	2
34	27	7
34	28	10
34	29	3
34	30	6
34	31	2
34	32	6
34	33	10
35	1	2
35	2	2
35	3	6
35	4	5
35	5	7
35	6	1
35	7	2
35	8	8
35	9	7
35	10	3
35	11	4
35	12	4
35	13	8
35	14	5
35	15	6
35	16	10
35	17	9
35	18	19
35	19	10
35	20	9
35	21	16
35	22	2
35	23	5
35	24	8
35	26	2
35	27	3
35	28	18
35	29	8
35	30	6
35	31	9
35	32	10
35	33	12
35	34	7
36	0	4
36	1	5
36	2	4
36	3	3
36	4	4
36	5	2
36	7	2
36	8	6
36	9	10
36	10	8
36	11	3
36	12	10
36	13	4
36	14	4
36	15	3
36	16	4
36	17	1
36	18	4
36	19	2
36	20	7
36	21	4
36	22	3
36	25	2
36	26	1
36	27	7
36	28	5
36	29	1
36	30	2
36	31	3
36	32	3
36	33	1
36	34	2
36	35	7
37	0	1
37	1	3
37	2	3
37	3	4
37	4	3
37	5	3
37	6	4
37	7	2
37	8	6
37	9	4
37	10	4
37	11	3
37	12	3
37	13	11
37	14	7
37	15	4
37	16	8
37	17	4
37	18	16
37	19	7
37	20	8
37	21	4
37	22	3
37	23	4
37	24	2
37	26	2
37	27	8
37	28	14
37	29	2
37	30	8
37	31	4
37	32	3
37	33	7
37	34	9
37	35	15
37	36	6
38	0	3
38	1	6
38	2	4
38	3	4
38	4	10
38	5	2
38	6	3
38	7	6
38	8	6
38	9	5
38	10	6
38	11	2
38	12	4
38	13	8
38	14	2
38	15	8
38	16	5
38	17	4
38	18	9
38	19	10
38	20	1
38	21	10
38	22	5
38	23	8
38	24	5
38	26	2
38	27	10
38	28	20
38	29	11
38	30	13
38	31	5
38	32	7
38	33	5
38	34	5
38	35	13
38	36	4
38	37	8
39	1	6
39	2	2
39	3	5
39	4	8
39	5	4
39	6	6
39	7	2
39	8	8
39	9	6
39	10	7
39	11	5
39	12	6
39	13	12
39	14	4
39	15	7
39	16	7
39	17	6
39	18	7
39	19	3
39	20	2
39	21	9
39	22	2
39	24	3
39	26	2
39	27	2
39	28	13
39	29	7
39	30	8
39	31	7
39	32	4
39	33	5
39	34	1
39	35	10
39	36	6
39	37	24
39	38	36
40	1	2
40	2	3
40	3	3
40	4	5
40	5	6
40	6	4
40	7	2
40	8	5
40	9	7
40	10	7
40	11	2
40	12	7
40	13	11
40	14	3
40	15	3
40	16	8
40	17	6
40	18	4
40	19	8
40	20	2
40	21	4
40	22	2
40	23	1
40	24	3
40	26	1
40	27	3
40	28	13
40	29	7
40	30	6
40	31	5
40	32	4
40	33	8
40	34	6
40	35	12
40	36	6
40	37	11
40	38	22
40	39	12
41	1	2
41	2	5
41	3	4
41	4	9
41	5	4
41	6	3
41	7	3
41	8	6
41	9	4
41	10	6
41	11	8
41	12	4
41	13	3
41	14	1
41	15	3
41	16	2
41	17	7
41	18	2
41	19	7
41	20	6
41	21	4
41	22	2
41	23	1
41	24	8
41	25	4
41	26	1
41	27	7
41	28	17
41	29	7
41	30	11
41	31	8
41	32	9
41	33	7
41	34	5
41	35	8
41	36	6
41	37	7
41	38	26
41	39	8
41	40	27
42	0	3
42	4	5
42	5	2
42	6	1
42	7	4
42	8	3
42	9	3
42	10	1
42	11	1
42	12	2
42	13	5
42	14	4
42	15	2
42	16	4
42	17	1
42	18	4
42	19	1
42	20	2
42	21	1
42	22	2
42	23	3
42	24	3
42	26	2
42	27	4
42	28	9
42	29	7
42	30	7
42	31	7
42	32	2
42	33	6
42	34	4
42	35	6
42	36	9
42	37	3
42	38	10
42	39	9
42	40	8
42	41	13
43	1	3
43	2	5
43	3	3
43	4	2
43	5	3
43	6	5
43	7	1
43	8	3
43	9	5
43	10	1
43	11	2
43	12	2
43	13	1
43	14	1
43	15	5
43	16	2
43	18	1
43	19	9
43	20	3
43	21	2
43	22	2
43	23	4
43	24	3
43	25	1
43	26	1
43	27	6
43	28	7
43	29	3
43	30	7
43	31	6
43	32	5
43	33	7
43	34	2
43	35	5
43	36	5
43	37	3
43	38	4
43	39	2
43	40	7
43	41	9
43	42	12
44	0	3
44	1	6
44	2	2
44	4	2
44	5	4
44	7	4
44	8	5
44	9	2
44	10	6
44	11	1
44	12	3
44	13	1
44	18	4
44	19	3
44	20	2
44	21	1
44	26	3
44	27	1
44	28	4
44	29	4
44	30	7
44	31	9
44	32	7
44	33	3
44	34	1
44	35	1
44	36	4
44	37	1
44	38	5
44	39	2
44	40	8
44	41	3
44	42	5
44	43	20
45	0	1
45	1	1
45	2	5
45	3	3
45	4	7
45	6	2
45	7	2
45	8	2
45	10	3
45	11	2
45	12	1
45	13	4
45	14	2
45	18	2
45	20	1
45	24	1
45	25	1
45	26	1
45	27	5
45	28	7
45	29	2
45	30	6
45	31	2
45	32	5
45	33	1
45	34	6
45	35	4
45	36	3
45	37	3
45	38	6
45	39	6
45	40	6
45	41	8
45	42	7
45	43	15
45	44	11
46	1	1
46	2	3
46	3	3
46	4	2
46	5	1
46	7	2
46	8	1
46	9	6
46	10	3
46	11	3
46	12	5
46	13	6
46	14	2
46	15	3
46	18	3
46	19	5
46	21	3
46	22	1
46	26	4
46	27	3
46	28	1
46	29	5
46	30	3
46	31	3
46	32	3
46	33	1
46	34	4
46	35	4
46	36	4
46	37	3
46	38	4
46	40	9
46	41	5
46	42	9
46	43	12
46	44	12
46	45	21
47	1	2
47	2	6
47	3	2
47	4	4
47	5	5
47	7	1
47	8	2
47	9	3
47	10	3
47	11	4
47	12	3
47	13	1
47	14	1
47	15	1
47	16	2
47	18	4
47	19	3
47	20	1
47	23	2
47	24	4
47	27	3
47	28	4
47	29	8
47	30	3
47	31	5
47	32	3
47	33	3
47	34	3
47	35	2
47	36	6
47	37	5
47	38	4
47	39	7
47	40	2
47	41	5
47	42	4
47	43	4
47	44	7
47	45	8
47	46	17
48	1	2
48	2	1
48	3	2
48	4	3
48	7	1
48	10	1
48	11	2
48	12	2
48	13	3
48	14	3
48	15	3
48	19	1
48	20	1
48	23	1
48	25	1
48	27	1
48	28	1
48	30	3
48	31	3
48	35	4
48	36	2
48	37	2
48	38	4
48	39	6
48	40	6
48	41	5
48	42	5
48	43	4
48	44	3
48	45	4
48	46	12
48	47	20
49	0	1
49	1	6
49	2	2
49	3	1
49	4	7
49	5	4
49	6	3
49	7	2
49	8	4
49	9	2
49	10	2
49	11	3
49	12	4
49	13	9
49	14	3
49	15	4
49	16	1
49	17	3
49	18	4
49	19	1
49	20	3
49	21	1
49	23	2
49	27	11
49	28	5
49	29	1
49	30	4
49	31	6
49	32	4
49	33	2
49	34	5
49	35	6
49	36	4
49	37	4
49	38	10
49	39	5
49	40	6
49	41	6
49	42	6
49	43	4
49	44	4
49	45	6
49	46	7
49	47	18
49	48	15
50	0	2
50	3	2
50	4	4
50	5	5
50	8	5
50	9	4
50	10	2
50	13	3
50	14	2
50	15	2
50	18	4
50	23	3
50	26	2
50	27	1
50	28	3
50	29	2
50	30	2
50	31	2
50	32	1
50	35	4
50	36	2
50	37	5
50	38	6
50	39	6
50	40	2
50	41	4
50	42	1
50	43	3
50	44	1
50	45	3
50	46	2
50	47	9
50	48	6
50	49	10
51	1	3
51	4	3
51	8	2
51	9	3
51	10	4
51	11	2
51	12	3
51	13	2
51	14	2
51	16	2
51	17	4
51	18	8
51	19	3
51	20	3
51	26	2
51	27	3
51	28	3
51	29	2
51	30	4
51	31	4
51	32	1
51	33	2
51	35	4
51	36	2
51	37	3
51	38	4
51	39	4
51	40	11
51	41	7
51	42	1
51	43	9
51	44	3
51	45	2
51	46	4
51	47	10
51	48	7
51	49	8
51	50	13
52	0	4
52	4	1
52	6	3
52	7	3
52	8	3
52	9	3
52	10	4
52	11	1
52	12	3
52	13	6
52	14	5
52	15	5
52	16	3
52	17	2
52	18	2
52	19	2
52	20	4
52	21	1
52	23	1
52	24	1
52	25	1
52	26	1
52	27	5
52	28	5
52	29	2
52	30	4
52	31	2
52	32	2
52	33	1
52	34	4
52	35	1
52	36	5
52	37	1
52	38	7
52	39	7
52	40	4
52	41	8
52	42	1
52	43	3
52	44	5
52	45	5
52	46	6
52	47	4
52	48	6
52	49	12
52	50	12
52	51	27
53	1	2
53	2	2
53	3	1
53	4	2
53	5	3
53	6	2
53	7	3
53	8	1
53	9	5
53	10	4
53	11	4
53	12	4
53	13	2
53	14	3
53	15	4
53	16	1
53	17	4
53	18	7
53	19	4
53	20	2
53	22	3
53	24	5
53	26	4
53	27	7
53	28	3
53	29	2
53	30	2
53	31	1
53	32	3
53	33	6
53	34	4
53	35	4
53	36	2
53	37	4
53	38	6
53	39	4
53	40	5
53	41	11
53	42	7
53	43	7
53	44	3
53	45	5
53	46	5
53	47	12
53	48	3
53	49	17
53	50	9
53	51	17
53	52	19
54	0	4
54	1	2
54	2	2
54	3	5
54	4	2
54	5	4
54	6	1
54	8	3
54	9	4
54	10	3
54	11	5
54	12	5
54	13	2
54	14	4
54	15	1
54	16	5
54	17	2
54	18	7
54	19	3
54	20	2
54	27	5
54	28	7
54	29	4
54	30	5
54	31	6
54	32	4
54	33	4
54	34	4
54	35	3
54	36	1
54	37	5
54	38	8
54	39	5
54	40	7
54	41	6
54	42	6
54	43	4
54	44	6
54	45	6
54	46	6
54	47	13
54	48	6
54	49	8
54	50	2
54	51	4
54	52	6
54	53	11
55	0	1
55	1	5
55	2	3
55	3	7
55	4	2
55	5	4
55	8	2
55	9	2
55	10	1
55	11	3
55	12	8
55	13	6
55	14	2
55	15	4
55	16	2
55	17	2
55	19	4
55	20	4
55	22	1
55	24	2
55	25	2
55	27	4
55	28	7
55	29	4
55	30	4
55	31	2
55	32	5
55	33	3
55	34	4
55	35	7
55	36	7
55	37	2
55	38	4
55	39	5
55	40	5
55	41	8
55	42	8
55	43	5
55	44	7
55	45	12
55	46	12
55	47	9
55	48	6
55	49	17
55	50	15
55	51	5
55	52	5
55	53	3
55	54	25
56	3	1
56	4	4
56	5	4
56	6	3
56	8	2
56	9	2
56	10	9
56	11	3
56	12	1
56	13	3
56	15	4
56	17	1
56	18	3
56	19	6
56	20	4
56	21	1
56	23	8
56	26	2
56	27	3
56	28	5
56	29	1
56	30	4
56	31	3
56	32	2
56	34	3
56	36	3
56	37	3
56	38	4
56	39	4
56	40	5
56	41	7
56	42	9
56	43	6
56	44	6
56	45	4
56	46	13
56	47	10
56	48	5
56	49	5
56	50	6
56	51	5
56	52	5
56	53	4
56	54	10
56	55	8
57	0	2
57	2	1
57	3	1
57	4	5
57	10	2
57	11	2
57	12	2
57	13	3
57	14	5
57	15	3
57	16	2
57	17	3
57	18	1
57	19	2
57	22	2
57	23	1
57	24	2
57	25	2
57	27	4
57	28	4
57	29	2
57	30	3
57	31	5
57	32	1
57	33	1
57	34	4
57	35	2
57	36	8
57	37	4
57	38	6
57	39	7
57	40	7
57	41	2
57	42	5
57	43	5
57	44	2
57	45	9
57	46	8
57	47	7
57	48	7
57	49	9
57	50	3
57	51	7
57	52	6
57	53	8
57	54	8
57	55	4
57	56	14
58	0	1
58	1	2
58	3	3
58	4	3
58	8	3
58	9	1
58	12	4
58	13	1
58	14	5
58	15	5
58	17	3
58	18	6
58	19	1
58	23	4
58	24	2
58	25	1
58	26	1
58	27	1
58	28	7
58	29	4
58	30	3
58	31	1
58	32	4
58	33	4
58	34	2
58	35	2
58	36	4
58	37	6
58	38	8
58	39	4
58	40	6
58	41	5
58	42	6
58	43	2
58	44	7
58	45	8
58	46	5
58	47	9
58	48	1
58	49	2
58	50	2
58	51	8
58	52	7
58	53	2
58	54	3
58	55	6
58	56	6
58	57	9
59	2	3
59	3	2
59	4	4
59	5	2
59	7	2
59	8	5
59	9	2
59	10	3
59	11	3
59	12	5
59	13	5
59	15	5
59	16	5
59	17	4
59	19	5
59	20	1
59	21	5
59	22	2
59	24	6
59	26	3
59	27	5
59	28	4
59	29	5
59	30	5
59	31	4
59	32	6
59	33	6
59	34	10
59	35	5
59	36	4
59	37	4
59	38	10
59	39	7
59	40	10
59	41	11
59	42	11
59	43	12
59	44	8
59	45	10
59	46	8
59	47	7
59	48	6
59	49	7
59	50	5
59	51	2
59	52	6
59	53	11
59	54	8
59	55	3
59	56	9
59	57	12
59	58	13
60	0	2
60	1	7
60	2	4
60	3	5
60	4	5
60	5	4
60	6	4
60	7	1
60	8	4
60	9	5
60	10	3
60	11	3
60	12	4
60	13	8
60	14	6
60	15	8
60	16	7
60	17	7
60	18	6
60	19	4
60	21	2
60	22	3
60	24	1
60	26	4
60	27	3
60	28	8
60	29	4
60	30	1
60	31	3
60	32	2
60	33	3
60	34	1
60	35	5
60	36	7
60	37	10
60	38	15
60	39	12
60	40	11
60	41	6
60	42	4
60	43	8
60	44	8
60	45	4
60	46	7
60	47	8
60	48	4
60	49	14
60	50	11
60	51	15
60	52	23
60	53	18
60	54	8
60	55	9
60	57	3
60	58	9
60	59	9
