1	0	17
2	0	5
2	1	11
3	0	10
3	1	5
3	2	10
4	0	2
4	1	8
4	2	7
4	3	11
5	1	9
5	2	3
5	3	6
5	4	18
6	0	2
6	1	6
6	2	2
6	3	4
6	4	9
6	5	12
7	1	2
7	2	1
7	3	1
7	4	12
7	5	6
7	6	16
8	1	4
8	2	6
8	3	6
8	4	24
8	5	16
8	6	15
8	7	8
9	0	5
9	1	4
9	2	2
9	3	4
9	4	12
9	5	8
9	6	3
9	7	6
9	8	16
10	0	3
10	1	5
10	2	1
10	3	4
10	4	11
10	5	7
10	6	2
10	7	7
10	8	6
10	9	21
11	0	1
11	1	2
11	2	4
11	3	6
11	4	7
11	5	3
11	6	2
11	7	5
11	8	8
11	9	5
11	10	20
12	1	3
12	2	4
12	3	6
12	4	12
12	5	5
12	6	2
12	7	5
12	8	5
12	9	6
12	10	16
12	11	20
13	0	1
13	1	2
13	2	5
13	3	7
13	4	3
13	5	3
13	6	5
13	7	1
13	8	4
13	9	4
13	10	8
13	11	6
13	12	6
14	1	5
14	3	3
14	4	2
14	5	3
14	6	2
14	7	3
14	8	1
14	9	1
14	10	6
14	11	4
14	12	6
14	13	10
15	0	3
15	2	3
15	3	1
15	4	8
15	5	2
15	6	6
15	7	4
15	8	1
15	9	6
15	10	7
15	11	5
15	12	6
15	13	6
15	14	13
16	2	4
16	3	4
16	4	4
16	6	2
16	7	5
16	8	7
16	9	1
16	10	7
16	11	4
16	12	5
16	13	13
16	14	6
16	15	8
17	2	6
17	3	4
17	4	1
17	5	2
17	6	5
17	7	3
17	8	7
17	9	8
17	10	10
17	11	2
17	12	6
17	13	9
17	14	11
17	15	6
17	16	16
18	0	2
18	1	2
18	2	1
18	3	8
18	4	4
18	5	1
18	6	8
18	7	4
18	8	9
18	9	5
18	10	3
18	11	3
18	12	3
18	13	6
18	14	7
18	15	2
18	16	6
18	17	5
19	0	3
19	1	3
19	2	2
19	3	6
19	4	6
19	5	8
19	6	4
19	7	2
19	8	10
19	9	11
19	10	9
19	11	5
19	12	7
19	13	8
19	14	8
19	15	6
19	16	8
19	17	13
19	18	19
20	1	3
20	2	3
20	3	1
20	4	9
20	5	11
20	6	7
20	7	7
20	8	12
20	9	6
20	10	6
20	11	2
20	12	4
20	13	6
20	14	4
20	15	4
20	16	2
20	17	7
20	18	17
20	19	15
21	0	1
21	1	2
21	2	2
21	3	3
21	4	2
21	5	6
21	6	4
21	7	5
21	8	10
21	9	4
21	10	3
21	11	1
21	12	4
21	13	4
21	14	5
21	15	1
21	16	6
21	17	8
21	18	6
21	19	9
21	20	8
22	1	1
22	2	1
22	3	2
22	4	7
22	5	9
22	6	7
22	7	6
22	8	2
22	9	6
22	10	6
22	11	3
22	12	3
22	13	5
22	14	5
22	15	3
22	16	2
22	17	8
22	18	6
22	19	12
22	20	9
22	21	15
23	0	1
23	1	5
23	3	1
23	4	4
23	5	2
23	6	2
23	7	4
23	8	6
23	10	1
23	11	4
23	12	3
23	13	5
23	14	3
23	15	3
23	16	4
23	17	2
23	18	3
23	19	3
23	20	3
23	21	3
23	22	13
24	1	2
24	2	3
24	3	2
24	4	4
24	5	6
24	6	6
24	7	4
24	8	3
24	9	2
24	10	2
24	11	3
24	12	2
24	13	8
24	14	2
24	15	3
24	16	5
24	17	2
24	18	5
24	19	6
24	20	4
24	21	6
24	22	4
24	23	20
25	3	1
25	4	1
25	5	3
25	8	1
25	9	2
25	15	1
25	16	1
25	21	1
25	22	1
26	1	1
26	3	2
26	6	1
26	10	1
26	13	4
26	14	3
26	15	2
26	16	7
26	17	1
26	18	3
26	20	4
26	22	3
26	24	1
27	3	4
27	4	3
27	5	1
27	6	4
27	7	4
27	8	3
27	9	3
27	10	3
27	11	2
27	12	4
27	13	2
27	14	8
27	15	2
27	16	7
27	17	1
27	18	3
27	19	7
27	20	4
27	21	3
27	22	4
27	23	6
27	24	1
27	25	1
27	26	7
28	0	2
28	1	1
28	2	2
28	3	2
28	4	8
28	5	8
28	6	3
28	7	3
28	8	6
28	9	9
28	10	4
28	11	2
28	12	6
28	13	14
28	14	4
28	15	3
28	16	8
28	17	9
28	18	14
28	19	10
28	20	3
28	21	9
28	22	6
28	23	4
28	24	6
28	26	2
28	27	8
29	1	2
29	2	1
29	3	5
29	4	9
29	5	3
29	6	3
29	7	1
29	8	7
29	9	2
29	10	1
29	11	1
29	12	3
29	13	1
29	15	2
29	16	2
29	17	1
29	18	6
29	19	2
29	20	2
29	21	2
29	22	4
29	23	1
29	24	2
29	27	4
29	28	3
30	0	1
30	1	5
30	2	4
30	3	2
30	4	5
30	5	3
30	6	5
30	7	4
30	8	6
30	9	5
30	10	3
30	11	4
30	12	1
30	13	8
30	14	3
30	15	2
30	16	4
30	17	3
30	18	9
30	19	8
30	20	3
30	21	2
30	22	2
30	23	3
30	24	3
30	26	4
30	27	5
30	28	11
30	29	5
31	1	2
31	2	7
31	3	4
31	4	3
31	5	2
31	8	4
31	9	2
31	10	4
31	11	1
31	12	6
31	13	2
31	14	4
31	15	3
31	16	3
31	17	3
31	18	2
31	19	4
31	20	4
31	21	5
31	22	4
31	23	5
31	24	4
31	26	2
31	27	5
31	28	9
31	29	5
31	30	18
32	0	1
32	1	2
32	3	3
32	4	4
32	5	1
32	6	3
32	8	4
32	9	1
32	11	3
32	13	2
32	14	8
32	15	3
32	16	2
32	17	4
32	18	3
32	19	1
32	20	4
32	21	4
32	23	5
32	24	3
32	26	5
32	27	9
32	28	15
32	29	3
32	30	4
32	31	2
33	1	3
33	2	1
33	3	4
33	4	2
33	5	6
33	6	2
33	7	3
33	8	8
33	9	3
33	10	4
33	11	1
33	12	5
33	13	6
33	14	7
33	15	5
33	16	8
33	17	2
33	18	8
33	19	5
33	20	2
33	21	6
33	22	5
33	23	5
33	24	9
33	26	7
33	27	8
33	28	9
33	29	6
33	30	12
33	31	5
33	32	8
34	0	2
34	1	4
34	2	1
34	3	2
34	4	6
34	5	5
34	6	3
34	7	3
34	8	6
34	9	6
34	10	4
34	11	5
34	12	4
34	13	4
34	14	4
34	15	1
34	16	2
34	17	7
34	18	10
34	19	5
34	20	9
34	21	15
34	22	6
34	23	8
34	24	3
34	25	3
34	27	3
34	28	7
34	29	1
34	30	5
34	31	5
34	32	7
34	33	11
35	1	2
35	2	4
35	3	4
35	4	6
35	5	6
35	6	3
35	7	3
35	8	9
35	9	4
35	10	11
35	11	4
35	12	7
35	13	14
35	14	9
35	15	4
35	16	11
35	17	3
35	18	28
35	19	9
35	20	10
35	21	4
35	22	2
35	23	2
35	24	2
35	26	3
35	27	6
35	28	14
35	29	3
35	30	6
35	31	6
35	32	8
35	33	8
35	34	12
36	1	7
36	2	4
36	3	1
36	4	2
36	5	3
36	6	3
36	8	9
36	9	6
36	10	4
36	11	3
36	12	4
36	13	5
36	14	5
36	15	4
36	16	4
36	17	1
36	18	1
36	19	6
36	20	2
36	21	4
36	24	2
36	26	3
36	27	4
36	28	7
36	29	5
36	30	3
36	31	6
36	32	1
36	33	6
36	34	4
36	35	7
37	0	2
37	1	6
37	2	5
37	3	2
37	4	10
37	5	2
37	6	5
37	7	3
37	8	2
37	9	4
37	10	6
37	11	3
37	12	1
37	13	14
37	14	8
37	15	4
37	16	7
37	17	8
37	18	7
37	19	5
37	20	5
37	21	2
37	22	4
37	23	4
37	24	3
37	25	1
37	27	5
37	28	6
37	29	2
37	30	6
37	31	5
37	32	3
37	33	6
37	34	7
37	35	19
37	36	9
38	0	2
38	1	3
38	2	3
38	3	2
38	4	8
38	5	2
38	6	4
38	7	3
38	8	5
38	9	2
38	10	4
38	11	7
38	12	10
38	13	8
38	14	6
38	15	7
38	16	9
38	17	6
38	18	5
38	19	8
38	20	3
38	21	3
38	22	2
38	23	7
38	24	4
38	25	2
38	26	3
38	27	7
38	28	24
38	29	3
38	30	5
38	31	9
38	32	13
38	33	7
38	34	5
38	35	9
38	36	8
38	37	11
39	1	5
39	2	2
39	3	2
39	4	6
39	5	5
39	6	3
39	7	3
39	8	5
39	9	2
39	10	5
39	11	5
39	12	2
39	13	11
39	14	6
39	15	9
39	16	12
39	17	8
39	18	5
39	19	6
39	20	4
39	21	5
39	22	1
39	24	3
39	26	2
39	27	6
39	28	12
39	29	9
39	30	3
39	31	4
39	32	4
39	33	3
39	34	5
39	35	9
39	36	5
39	37	20
39	38	26
40	1	2
40	2	5
40	3	6
40	4	2
40	5	6
40	6	4
40	7	2
40	8	3
40	9	8
40	10	5
40	11	4
40	12	9
40	13	7
40	14	3
40	15	7
40	16	5
40	17	3
40	18	3
40	19	8
40	20	2
40	21	3
40	22	9
40	23	2
40	24	3
40	26	3
40	27	7
40	28	13
40	29	8
40	30	9
40	31	10
40	32	8
40	33	7
40	34	2
40	35	15
40	36	7
40	37	18
40	38	20
40	39	15
41	1	4
41	2	5
41	3	3
41	4	2
41	5	5
41	6	3
41	7	2
41	8	3
41	9	3
41	10	6
41	11	1
41	12	5
41	13	6
41	14	5
41	15	6
41	16	3
41	17	2
41	18	9
41	19	8
41	20	3
41	21	5
41	22	1
41	23	3
41	24	2
41	26	2
41	27	6
41	28	13
41	29	12
41	30	7
41	31	3
41	32	5
41	33	6
41	34	2
41	35	11
41	36	5
41	37	8
41	38	16
41	39	12
41	40	34
42	0	3
42	4	8
42	5	2
42	6	3
42	7	4
42	8	7
42	9	4
42	10	1
42	11	1
42	12	5
42	13	3
42	14	2
42	15	2
42	16	3
42	17	4
42	18	4
42	19	6
42	20	2
42	21	2
42	22	1
42	23	1
42	24	3
42	26	1
42	27	2
42	28	7
42	30	6
42	31	4
42	32	4
42	33	3
42	34	6
42	35	5
42	36	6
42	37	3
42	38	9
42	39	7
42	40	16
42	41	17
43	0	3
43	1	6
43	2	1
43	3	1
43	4	3
43	5	5
43	7	4
43	8	3
43	9	2
43	10	3
43	11	3
43	12	2
43	13	4
43	14	4
43	15	1
43	16	2
43	17	4
43	18	3
43	19	4
43	20	7
43	21	6
43	22	5
43	24	2
43	25	2
43	26	1
43	27	5
43	28	7
43	29	3
43	30	2
43	31	9
43	32	5
43	33	4
43	34	8
43	35	8
43	36	4
43	37	2
43	38	6
43	39	7
43	40	3
43	41	12
43	42	9
44	0	2
44	1	2
44	3	2
44	4	7
44	6	2
44	7	4
44	8	2
44	9	6
44	10	1
44	11	2
44	12	3
44	13	5
44	16	2
44	17	2
44	18	4
44	20	2
44	21	8
44	26	3
44	27	3
44	28	8
44	29	5
44	30	11
44	31	6
44	32	6
44	33	2
44	34	5
44	35	4
44	36	2
44	37	2
44	38	6
44	39	2
44	40	5
44	41	7
44	42	5
44	43	12
45	0	1
45	1	3
45	2	2
45	3	4
45	4	3
45	5	4
45	6	3
45	8	3
45	10	9
45	11	3
45	12	2
45	13	4
45	14	6
45	17	3
45	20	1
45	24	4
45	26	1
45	27	1
45	28	3
45	29	4
45	30	2
45	31	4
45	32	2
45	33	3
45	34	7
45	35	6
45	36	5
45	37	8
45	38	5
45	39	4
45	40	6
45	41	4
45	42	1
45	43	27
45	44	19
46	0	1
46	1	1
46	2	6
46	3	2
46	4	4
46	5	4
46	7	1
46	8	4
46	9	5
46	10	1
46	11	5
46	12	3
46	14	6
46	15	1
46	18	1
46	19	2
46	21	2
46	22	1
46	26	2
46	27	4
46	28	2
46	29	4
46	30	6
46	31	1
46	32	3
46	33	2
46	34	3
46	35	4
46	36	3
46	37	2
46	38	8
46	39	6
46	40	7
46	41	11
46	42	8
46	43	10
46	44	8
46	45	15
47	1	8
47	2	3
47	3	1
47	4	3
47	5	5
47	7	3
47	8	4
47	9	4
47	10	3
47	11	1
47	12	2
47	13	3
47	14	2
47	17	4
47	18	3
47	19	5
47	20	3
47	23	3
47	27	3
47	28	8
47	29	1
47	30	5
47	31	2
47	32	3
47	33	1
47	34	1
47	35	6
47	36	5
47	37	2
47	38	9
47	39	3
47	40	5
47	41	5
47	42	5
47	43	7
47	44	8
47	45	8
47	46	15
48	1	3
48	2	4
48	3	5
48	4	3
48	6	2
48	8	5
48	10	4
48	11	4
48	12	3
48	13	3
48	14	1
48	15	2
48	20	2
48	22	1
48	23	7
48	24	3
48	27	1
48	28	2
48	30	1
48	31	3
48	35	2
48	36	5
48	37	2
48	38	5
48	39	6
48	40	6
48	41	5
48	42	4
48	43	4
48	44	4
48	45	7
48	46	8
48	47	14
49	0	2
49	1	2
49	2	2
49	3	3
49	4	3
49	5	2
49	6	2
49	8	6
49	9	4
49	11	4
49	12	9
49	13	4
49	14	4
49	15	1
49	16	4
49	18	3
49	19	3
49	20	1
49	23	3
49	24	2
49	25	1
49	27	6
49	28	7
49	29	4
49	30	3
49	31	7
49	32	3
49	33	5
49	34	2
49	35	9
49	37	1
49	38	6
49	39	5
49	40	8
49	41	6
49	42	7
49	43	8
49	44	2
49	45	4
49	46	12
49	47	21
49	48	17
50	1	4
50	3	2
50	5	1
50	8	2
50	9	1
50	10	3
50	12	2
50	13	1
50	14	2
50	15	5
50	18	4
50	22	1
50	23	1
50	27	3
50	29	2
50	30	2
50	31	3
50	35	6
50	36	5
50	37	3
50	38	3
50	39	3
50	40	3
50	41	4
50	42	3
50	43	3
50	44	3
50	45	1
50	46	4
50	47	8
50	48	5
50	49	11
51	1	2
51	4	2
51	5	3
51	8	6
51	10	1
51	11	4
51	12	4
51	13	2
51	14	4
51	15	6
51	16	3
51	17	1
51	19	4
51	20	2
51	23	2
51	24	4
51	26	3
51	27	7
51	28	4
51	29	4
51	31	2
51	32	3
51	33	3
51	34	2
51	35	5
51	36	3
51	37	5
51	38	5
51	39	7
51	40	3
51	41	4
51	43	3
51	44	5
51	45	5
51	46	6
51	47	1
51	48	7
51	49	13
51	50	11
52	0	1
52	4	1
52	6	4
52	7	2
52	8	2
52	9	2
52	10	2
52	11	1
52	12	5
52	13	5
52	14	3
52	15	3
52	16	5
52	17	3
52	18	4
52	19	4
52	20	1
52	21	1
52	24	5
52	26	3
52	27	2
52	28	8
52	29	4
52	30	5
52	32	4
52	33	1
52	34	3
52	35	5
52	36	2
52	37	2
52	38	8
52	39	3
52	40	5
52	41	6
52	42	2
52	43	5
52	44	3
52	45	2
52	46	4
52	47	9
52	48	8
52	49	11
52	50	15
52	51	30
53	1	1
53	2	3
53	4	7
53	5	2
53	6	1
53	7	2
53	8	2
53	9	3
53	10	3
53	11	2
53	12	4
53	13	6
53	14	4
53	15	1
53	16	2
53	17	1
53	18	4
53	19	6
53	20	1
53	22	3
53	24	3
53	26	1
53	27	5
53	28	3
53	29	4
53	30	2
53	31	2
53	32	4
53	33	5
53	34	5
53	35	3
53	36	2
53	37	5
53	38	8
53	39	9
53	40	9
53	41	8
53	42	5
53	43	7
53	44	3
53	45	4
53	46	2
53	47	10
53	48	6
53	49	25
53	50	7
53	51	8
53	52	14
54	0	3
54	1	2
54	2	2
54	3	3
54	4	5
54	5	5
54	7	1
54	9	2
54	10	3
54	11	1
54	12	4
54	13	2
54	14	4
54	15	2
54	16	3
54	17	2
54	19	6
54	23	1
54	26	3
54	27	3
54	28	4
54	29	3
54	30	5
54	31	6
54	32	3
54	34	3
54	35	6
54	36	4
54	37	6
54	38	7
54	39	7
54	40	7
54	41	5
54	42	3
54	43	7
54	44	7
54	45	9
54	46	8
54	47	22
54	48	6
54	49	10
54	50	2
54	51	3
54	52	4
54	53	7
55	0	2
55	1	5
55	2	2
55	3	2
55	4	3
55	5	4
55	8	3
55	9	5
55	10	3
55	11	2
55	12	4
55	13	3
55	14	1
55	15	3
55	16	3
55	17	5
55	18	2
55	19	3
55	20	3
55	21	5
55	22	3
55	24	4
55	27	4
55	28	5
55	29	2
55	30	8
55	31	6
55	32	1
55	33	7
55	34	3
55	35	8
55	36	7
55	37	2
55	38	7
55	39	1
55	40	5
55	41	4
55	42	7
55	43	7
55	44	1
55	45	5
55	46	7
55	47	10
55	48	10
55	49	5
55	50	6
55	51	3
55	52	6
55	53	9
55	54	32
56	3	1
56	5	2
56	8	1
56	9	3
56	10	1
56	11	1
56	12	3
56	13	4
56	15	2
56	17	4
56	19	1
56	22	3
56	23	1
56	27	4
56	28	4
56	29	3
56	30	4
56	31	5
56	32	1
56	33	2
56	35	2
56	36	2
56	37	5
56	38	7
56	39	4
56	40	4
56	41	3
56	42	2
56	43	6
56	44	8
56	45	5
56	46	17
56	47	17
56	48	10
56	49	8
56	50	5
56	51	9
56	52	9
56	53	8
56	54	10
56	55	7
57	0	1
57	2	2
57	3	1
57	4	2
57	8	2
57	9	1
57	10	3
57	11	4
57	12	7
57	13	2
57	14	4
57	15	1
57	16	4
57	17	5
57	18	4
57	19	5
57	22	4
57	24	2
57	25	1
57	27	7
57	28	7
57	29	4
57	30	5
57	31	3
57	32	1
57	33	4
57	34	3
57	35	5
57	36	3
57	37	4
57	38	3
57	39	3
57	40	3
57	41	7
57	42	2
57	43	10
57	44	4
57	45	4
57	46	4
57	47	9
57	48	7
57	49	7
57	50	1
57	51	10
57	52	8
57	53	9
57	54	6
57	55	5
57	56	11
58	4	3
58	8	3
58	9	1
58	10	3
58	12	1
58	13	5
58	14	2
58	15	3
58	17	5
58	18	4
58	23	2
58	24	4
58	26	4
58	27	2
58	28	7
58	29	3
58	30	2
58	31	6
58	32	5
58	33	1
58	34	3
58	35	1
58	36	5
58	37	2
58	38	3
58	39	2
58	40	4
58	41	5
58	42	5
58	43	10
58	44	7
58	45	7
58	46	6
58	47	7
58	48	2
58	49	3
58	50	4
58	51	1
58	52	5
58	53	1
58	54	2
58	55	5
58	56	9
58	57	6
59	1	1
59	2	4
59	3	1
59	4	5
59	5	3
59	7	2
59	8	5
59	9	2
59	10	2
59	11	6
59	12	4
59	13	7
59	15	2
59	16	5
59	17	3
59	18	3
59	19	3
59	20	4
59	21	2
59	22	3
59	24	6
59	26	2
59	27	5
59	28	5
59	29	4
59	30	7
59	31	12
59	32	4
59	33	4
59	34	4
59	35	5
59	36	3
59	37	4
59	38	4
59	39	6
59	40	9
59	41	12
59	42	18
59	43	16
59	44	10
59	45	12
59	46	10
59	47	7
59	48	6
59	49	9
59	50	2
59	51	3
59	52	3
59	53	5
59	54	4
59	55	8
59	56	5
59	57	14
59	58	9
60	0	2
60	1	7
60	2	6
60	3	5
60	4	6
60	5	4
60	6	4
60	7	1
60	8	7
60	9	4
60	10	4
60	11	4
60	12	6
60	13	3
60	14	7
60	15	9
60	16	3
60	17	1
60	18	3
60	19	3
60	20	2
60	21	6
60	22	3
60	24	3
60	26	4
60	27	5
60	28	7
60	29	6
60	30	5
60	31	3
60	32	4
60	33	5
60	34	3
60	35	5
60	36	2
60	37	12
60	38	13
60	39	16
60	40	12
60	41	3
60	42	8
60	43	3
60	44	5
60	45	4
60	46	8
60	47	5
60	48	8
60	49	25
60	50	9
60	51	23
60	52	32
60	53	20
60	54	4
60	55	10
60	56	6
60	57	9
60	58	9
60	59	5
