1	0	29
2	0	4
2	1	15
3	0	4
3	1	9
3	2	17
4	0	3
4	1	6
4	2	6
4	3	4
5	0	1
5	1	4
5	2	2
5	3	5
5	4	14
6	0	2
6	1	3
6	2	4
6	4	4
6	5	5
7	2	1
7	3	10
7	4	11
7	5	7
7	6	11
8	0	1
8	1	7
8	2	4
8	3	2
8	4	26
8	5	11
8	6	12
8	7	15
9	0	3
9	1	5
9	3	5
9	4	16
9	5	7
9	6	7
9	7	5
9	8	10
10	0	3
10	1	2
10	2	4
10	3	6
10	4	9
10	5	8
10	6	4
10	7	3
10	8	9
10	9	13
11	1	1
11	2	4
11	4	4
11	5	2
11	6	2
11	7	3
11	8	9
11	9	5
11	10	21
12	1	3
12	2	3
12	3	7
12	4	4
12	5	1
12	6	1
12	7	4
12	8	10
12	9	8
12	10	17
12	11	27
13	0	1
13	1	4
13	3	6
13	4	3
13	5	2
13	6	7
13	7	1
13	8	9
13	9	11
13	10	11
13	11	8
13	12	6
14	2	5
14	4	6
14	5	2
14	6	2
14	7	3
14	8	2
14	9	5
14	10	3
14	11	2
14	12	7
14	13	7
15	0	1
15	2	3
15	3	2
15	4	3
15	6	4
15	7	1
15	8	5
15	9	3
15	10	7
15	11	2
15	12	7
15	13	8
15	14	19
16	1	6
16	2	2
16	3	4
16	4	5
16	5	1
16	7	2
16	8	3
16	9	5
16	10	6
16	11	5
16	12	5
16	13	13
16	14	9
16	15	7
17	1	3
17	3	2
17	4	3
17	5	9
17	6	3
17	7	4
17	8	6
17	9	9
17	10	9
17	11	6
17	12	5
17	13	10
17	14	8
17	15	5
17	16	14
18	0	1
18	1	1
18	2	4
18	3	4
18	4	4
18	5	4
18	7	4
18	8	11
18	9	5
18	10	6
18	11	3
18	12	6
18	13	7
18	14	4
18	15	3
18	16	11
18	17	14
19	0	1
19	1	3
19	2	6
19	3	4
19	4	9
19	5	2
19	6	7
19	7	4
19	8	4
19	9	10
19	10	4
19	11	5
19	12	3
19	13	5
19	14	3
19	15	5
19	16	7
19	17	9
19	18	17
20	1	4
20	2	6
20	3	3
20	4	8
20	5	5
20	6	5
20	7	6
20	8	15
20	9	7
20	10	9
20	11	5
20	12	9
20	13	4
20	14	4
20	15	2
20	16	2
20	17	9
20	18	8
20	19	15
21	0	1
21	1	1
21	2	1
21	3	3
21	4	8
21	5	8
21	6	6
21	7	5
21	8	6
21	9	9
21	10	9
21	11	1
21	12	3
21	13	2
21	14	4
21	15	3
21	16	2
21	17	4
21	18	11
21	19	8
21	20	18
22	1	2
22	2	4
22	3	2
22	4	7
22	5	4
22	6	8
22	7	4
22	8	5
22	9	5
22	10	7
22	11	2
22	12	4
22	13	5
22	14	1
22	15	3
22	16	3
22	17	3
22	18	6
22	19	12
22	20	9
22	21	18
23	0	1
23	1	3
23	3	5
23	4	3
23	5	9
23	6	4
23	7	5
23	8	4
23	9	2
23	10	6
23	11	5
23	12	3
23	13	3
23	14	2
23	15	2
23	16	1
23	17	4
23	18	4
23	19	6
23	20	11
23	21	5
23	22	17
24	2	2
24	3	3
24	4	9
24	5	7
24	6	11
24	7	4
24	8	10
24	9	3
24	10	5
24	11	4
24	13	4
24	14	3
24	15	1
24	16	3
24	17	1
24	18	4
24	19	7
24	20	5
24	21	4
24	22	12
24	23	20
25	0	2
25	3	1
25	12	1
25	15	1
25	17	1
25	19	1
25	21	1
26	2	2
26	6	2
26	8	4
26	10	3
26	14	4
26	15	2
26	16	1
26	17	3
26	18	5
26	19	1
26	20	1
26	22	2
26	24	5
27	3	2
27	4	2
27	5	2
27	6	2
27	7	2
27	8	2
27	9	2
27	10	2
27	11	1
27	12	3
27	13	4
27	14	12
27	15	7
27	16	4
27	17	4
27	18	9
27	19	3
27	21	3
27	22	3
27	23	4
27	24	3
27	26	6
28	0	3
28	1	4
28	2	4
28	3	8
28	4	3
28	5	3
28	6	1
28	7	1
28	8	5
28	9	5
28	10	3
28	11	4
28	12	2
28	13	4
28	14	5
28	15	6
28	16	5
28	17	9
28	18	12
28	19	3
28	20	7
28	21	10
28	22	3
28	23	1
28	24	4
28	26	2
28	27	5
29	1	3
29	3	2
29	4	3
29	5	6
29	6	1
29	7	1
29	8	2
29	10	3
29	11	1
29	12	4
29	13	4
29	14	2
29	15	4
29	16	2
29	17	4
29	18	4
29	19	5
29	20	4
29	21	4
29	22	7
29	23	3
29	24	4
29	27	3
29	28	7
30	0	5
30	1	3
30	2	5
30	3	1
30	4	5
30	5	2
30	6	3
30	7	1
30	8	3
30	9	4
30	10	3
30	11	4
30	12	5
30	13	5
30	14	1
30	16	2
30	17	5
30	18	6
30	19	3
30	20	1
30	21	3
30	22	4
30	23	2
30	24	2
30	26	3
30	27	5
30	28	11
30	29	8
31	1	1
31	2	2
31	3	2
31	4	5
31	5	2
31	8	3
31	9	3
31	10	6
31	11	5
31	12	4
31	13	2
31	14	5
31	15	3
31	16	3
31	18	4
31	19	4
31	20	4
31	21	3
31	22	5
31	23	1
31	24	3
31	26	5
31	27	5
31	28	11
31	29	7
31	30	10
32	0	3
32	1	2
32	2	1
32	4	5
32	5	1
32	6	2
32	8	1
32	9	1
32	10	5
32	12	3
32	13	4
32	14	4
32	15	4
32	16	6
32	17	2
32	18	7
32	19	4
32	20	2
32	21	2
32	22	2
32	23	4
32	24	4
32	26	3
32	27	7
32	28	10
32	29	2
32	30	9
32	31	7
33	1	3
33	2	2
33	3	1
33	4	1
33	5	3
33	6	3
33	7	1
33	8	4
33	9	9
33	10	5
33	11	2
33	12	4
33	13	1
33	14	6
33	15	2
33	16	1
33	17	1
33	18	4
33	19	5
33	20	4
33	21	4
33	22	5
33	23	6
33	24	3
33	26	5
33	27	7
33	28	11
33	29	7
33	30	8
33	31	9
33	32	12
34	0	3
34	1	1
34	2	3
34	3	4
34	4	8
34	5	5
34	6	2
34	7	3
34	8	3
34	9	5
34	10	9
34	11	3
34	12	1
34	13	6
34	14	3
34	15	2
34	16	5
34	17	4
34	18	5
34	19	4
34	20	6
34	21	11
34	22	3
34	23	5
34	24	5
34	26	1
34	27	7
34	28	4
34	29	4
34	30	3
34	31	7
34	32	7
34	33	13
35	1	2
35	2	6
35	3	7
35	4	9
35	5	6
35	6	6
35	7	2
35	8	6
35	9	7
35	10	4
35	11	10
35	12	7
35	13	8
35	14	7
35	15	5
35	16	10
35	17	11
35	18	8
35	19	14
35	20	11
35	21	8
35	22	2
35	23	2
35	24	4
35	26	3
35	27	3
35	28	11
35	29	13
35	30	8
35	31	7
35	32	5
35	33	12
35	34	12
36	0	1
36	1	2
36	2	7
36	3	8
36	4	11
36	5	3
36	6	2
36	7	7
36	8	12
36	9	5
36	10	9
36	11	2
36	12	7
36	13	3
36	14	1
36	15	3
36	16	6
36	17	2
36	18	6
36	19	3
36	20	4
36	21	5
36	22	4
36	24	2
36	25	1
36	26	4
36	27	4
36	28	5
36	29	5
36	30	2
36	31	3
36	33	4
36	34	3
36	35	5
37	0	3
37	1	3
37	2	2
37	3	4
37	4	3
37	5	5
37	6	4
37	7	2
37	8	5
37	9	5
37	10	5
37	11	2
37	12	7
37	13	10
37	14	5
37	15	3
37	16	8
37	17	6
37	18	8
37	19	10
37	20	8
37	21	3
37	22	8
37	23	5
37	24	6
37	26	2
37	27	7
37	28	19
37	29	9
37	30	3
37	31	4
37	32	2
37	33	5
37	34	2
37	35	22
37	36	4
38	0	3
38	1	1
38	2	4
38	3	7
38	4	3
38	5	8
38	6	3
38	7	2
38	8	4
38	9	8
38	10	8
38	11	5
38	12	3
38	13	10
38	14	12
38	15	5
38	16	7
38	17	6
38	18	7
38	19	6
38	20	8
38	21	6
38	22	3
38	23	5
38	24	5
38	25	2
38	26	8
38	27	8
38	28	18
38	29	5
38	30	9
38	31	1
38	32	8
38	33	5
38	34	7
38	35	10
38	36	14
38	37	22
39	1	2
39	2	6
39	3	7
39	4	3
39	5	3
39	6	3
39	7	5
39	8	6
39	9	6
39	10	3
39	11	2
39	12	4
39	13	15
39	14	5
39	15	6
39	16	9
39	17	10
39	18	4
39	19	5
39	20	5
39	21	3
39	22	3
39	23	4
39	24	1
39	26	2
39	27	2
39	28	14
39	29	4
39	30	2
39	31	4
39	32	1
39	33	1
39	34	5
39	35	15
39	36	10
39	37	13
39	38	27
40	1	2
40	2	5
40	3	1
40	4	5
40	5	1
40	6	3
40	7	1
40	8	4
40	9	3
40	10	3
40	11	5
40	12	1
40	13	13
40	14	4
40	15	4
40	16	5
40	17	3
40	18	9
40	19	5
40	20	2
40	21	5
40	22	2
40	23	4
40	24	3
40	26	6
40	27	7
40	28	15
40	29	11
40	30	6
40	31	6
40	32	12
40	33	8
40	34	7
40	35	12
40	36	6
40	37	11
40	38	23
40	39	22
41	1	1
41	2	2
41	3	6
41	4	6
41	5	3
41	6	1
41	7	4
41	8	3
41	9	1
41	10	9
41	11	1
41	12	4
41	13	5
41	14	4
41	15	3
41	16	3
41	17	4
41	18	10
41	19	7
41	20	3
41	21	1
41	22	2
41	24	1
41	26	2
41	27	6
41	28	17
41	29	9
41	30	7
41	31	8
41	32	8
41	33	7
41	34	6
41	35	5
41	36	3
41	37	14
41	38	11
41	39	7
41	40	22
42	0	3
42	4	7
42	5	3
42	8	6
42	9	4
42	10	1
42	11	2
42	12	4
42	13	4
42	14	3
42	15	2
42	16	4
42	17	3
42	18	3
42	19	6
42	20	2
42	21	1
42	22	3
42	23	5
42	24	5
42	26	3
42	27	2
42	28	8
42	29	3
42	30	10
42	31	7
42	32	5
42	33	3
42	34	3
42	35	7
42	36	2
42	37	3
42	38	13
42	39	4
42	40	8
42	41	10
43	0	3
43	1	4
43	2	4
43	3	4
43	4	3
43	5	3
43	6	1
43	7	4
43	8	2
43	9	4
43	10	4
43	11	1
43	12	2
43	13	4
43	14	5
43	15	3
43	16	3
43	18	5
43	19	1
43	22	1
43	23	1
43	24	3
43	25	1
43	26	3
43	27	4
43	28	11
43	29	3
43	30	7
43	31	12
43	32	10
43	33	5
43	34	3
43	35	6
43	36	3
43	37	8
43	38	7
43	39	7
43	40	7
43	41	9
43	42	6
44	0	3
44	1	2
44	2	5
44	3	5
44	4	6
44	5	4
44	8	5
44	9	2
44	10	3
44	12	1
44	13	4
44	14	1
44	16	2
44	17	2
44	18	4
44	19	1
44	20	1
44	26	3
44	27	2
44	28	7
44	29	7
44	30	10
44	31	5
44	32	6
44	33	1
44	34	3
44	35	2
44	36	2
44	37	4
44	38	5
44	39	5
44	40	10
44	41	4
44	42	14
44	43	15
45	0	2
45	1	2
45	2	2
45	3	3
45	5	2
45	6	2
45	7	4
45	8	2
45	9	1
45	10	3
45	11	4
45	12	2
45	13	4
45	14	2
45	17	2
45	18	4
45	19	4
45	20	1
45	24	2
45	26	2
45	27	1
45	28	4
45	29	6
45	30	3
45	31	5
45	33	1
45	35	6
45	36	2
45	37	1
45	38	5
45	39	2
45	40	3
45	41	4
45	42	5
45	43	12
45	44	11
46	0	1
46	1	1
46	2	3
46	3	2
46	4	2
46	5	1
46	7	1
46	8	3
46	10	4
46	11	3
46	12	2
46	13	1
46	14	1
46	15	4
46	18	5
46	19	5
46	21	3
46	22	1
46	26	2
46	27	2
46	28	4
46	29	3
46	30	5
46	31	3
46	32	6
46	33	5
46	34	6
46	35	5
46	36	1
46	37	4
46	38	1
46	39	4
46	40	6
46	41	10
46	42	6
46	43	12
46	44	13
46	45	16
47	1	5
47	2	1
47	3	2
47	4	5
47	5	2
47	9	4
47	10	4
47	11	6
47	12	1
47	13	3
47	14	3
47	15	3
47	16	2
47	17	5
47	18	2
47	19	2
47	20	1
47	23	2
47	24	2
47	27	4
47	28	1
47	29	3
47	30	6
47	31	2
47	32	2
47	33	1
47	34	1
47	35	4
47	36	2
47	37	1
47	38	6
47	39	6
47	40	4
47	41	7
47	42	3
47	43	5
47	44	8
47	45	10
47	46	12
48	1	6
48	2	1
48	3	2
48	4	1
48	8	1
48	10	3
48	11	3
48	12	3
48	14	2
48	15	1
48	20	2
48	22	1
48	23	1
48	24	2
48	28	3
48	30	5
48	31	3
48	35	5
48	36	2
48	37	2
48	38	3
48	39	3
48	40	4
48	41	8
48	42	2
48	43	5
48	44	3
48	45	2
48	46	10
48	47	29
49	0	1
49	1	1
49	2	3
49	3	4
49	4	3
49	5	2
49	6	2
49	7	3
49	8	1
49	9	4
49	10	2
49	11	2
49	12	3
49	13	2
49	14	4
49	15	1
49	16	4
49	17	3
49	18	4
49	19	8
49	20	3
49	21	2
49	23	1
49	24	2
49	27	3
49	28	7
49	29	6
49	30	5
49	31	2
49	32	3
49	33	1
49	34	2
49	35	7
49	36	7
49	37	3
49	38	6
49	39	8
49	40	4
49	41	5
49	42	7
49	43	6
49	44	9
49	45	5
49	46	9
49	47	22
49	48	13
50	1	1
50	4	2
50	8	2
50	9	2
50	10	4
50	13	3
50	14	1
50	15	1
50	18	1
50	22	1
50	26	2
50	28	1
50	29	1
50	30	3
50	31	2
50	32	6
50	35	2
50	37	2
50	38	4
50	39	2
50	40	1
50	41	2
50	42	1
50	43	3
50	44	4
50	46	5
50	47	10
50	48	2
50	49	9
51	1	2
51	4	5
51	5	4
51	7	2
51	8	1
51	9	4
51	10	2
51	11	1
51	12	4
51	13	4
51	14	4
51	15	7
51	16	5
51	17	4
51	18	3
51	19	3
51	20	1
51	23	1
51	24	4
51	25	1
51	26	2
51	28	8
51	29	1
51	30	1
51	31	3
51	32	6
51	33	6
51	34	3
51	35	3
51	36	6
51	37	4
51	38	10
51	39	5
51	40	10
51	41	3
51	42	2
51	43	8
51	44	1
51	45	5
51	46	6
51	47	10
51	48	4
51	49	12
51	50	15
52	4	4
52	7	1
52	8	4
52	9	4
52	10	5
52	11	6
52	12	3
52	13	7
52	14	8
52	15	2
52	16	2
52	17	1
52	18	3
52	19	2
52	20	2
52	21	1
52	23	1
52	24	3
52	26	2
52	27	4
52	28	7
52	29	2
52	30	4
52	31	3
52	32	4
52	33	5
52	34	2
52	35	5
52	36	7
52	37	2
52	38	8
52	39	3
52	40	9
52	41	5
52	42	7
52	43	1
52	44	2
52	45	4
52	46	5
52	47	5
52	48	8
52	49	11
52	50	11
52	51	36
53	1	4
53	2	4
53	3	4
53	4	2
53	5	7
53	6	3
53	7	1
53	8	1
53	9	5
53	10	3
53	11	3
53	12	8
53	13	3
53	14	2
53	15	1
53	16	2
53	17	2
53	18	1
53	19	1
53	20	4
53	22	1
53	24	2
53	26	1
53	27	1
53	28	3
53	29	4
53	30	1
53	31	5
53	32	5
53	33	1
53	34	1
53	35	5
53	36	9
53	37	5
53	38	13
53	39	5
53	40	3
53	41	6
53	42	4
53	43	3
53	44	3
53	45	12
53	46	6
53	47	3
53	48	8
53	49	13
53	50	15
53	51	16
53	52	22
54	0	2
54	1	1
54	2	5
54	3	5
54	4	4
54	5	4
54	6	4
54	8	2
54	9	8
54	10	5
54	11	4
54	12	3
54	13	1
54	14	2
54	15	3
54	16	6
54	17	5
54	18	2
54	19	3
54	20	1
54	26	4
54	27	3
54	28	3
54	29	5
54	30	3
54	31	4
54	32	1
54	33	4
54	34	6
54	35	6
54	36	3
54	37	1
54	38	14
54	39	6
54	40	7
54	41	8
54	42	4
54	43	5
54	44	4
54	45	8
54	46	10
54	47	10
54	48	6
54	49	9
54	50	7
54	51	6
54	52	8
54	53	9
55	0	4
55	1	4
55	2	3
55	3	4
55	4	2
55	5	3
55	8	2
55	9	7
55	10	4
55	11	2
55	12	3
55	13	4
55	14	5
55	15	1
55	16	8
55	17	3
55	18	3
55	19	2
55	20	4
55	21	2
55	22	4
55	24	3
55	25	1
55	27	2
55	28	7
55	29	5
55	30	4
55	31	6
55	32	3
55	33	6
55	35	8
55	36	6
55	37	8
55	38	4
55	39	4
55	40	7
55	41	5
55	42	3
55	43	6
55	44	11
55	45	13
55	46	7
55	47	14
55	48	5
55	49	12
55	50	5
55	51	8
55	52	7
55	53	13
55	54	23
56	3	2
56	4	1
56	5	1
56	8	1
56	9	2
56	10	4
56	11	1
56	13	5
56	15	1
56	17	1
56	18	4
56	19	2
56	20	2
56	21	2
56	23	1
56	26	2
56	27	2
56	28	5
56	29	1
56	30	5
56	31	3
56	32	4
56	33	2
56	34	2
56	35	2
56	36	2
56	37	2
56	38	7
56	39	3
56	40	2
56	41	5
56	42	2
56	43	12
56	44	3
56	45	8
56	46	19
56	47	15
56	48	9
56	49	13
56	50	4
56	51	6
56	52	5
56	53	7
56	54	10
56	55	3
57	0	3
57	3	4
57	4	3
57	6	1
57	10	5
57	11	8
57	12	2
57	13	4
57	14	1
57	15	1
57	16	3
57	17	1
57	18	2
57	19	4
57	22	3
57	27	1
57	28	5
57	29	3
57	30	3
57	31	7
57	32	1
57	33	2
57	34	2
57	35	1
57	36	5
57	37	1
57	38	11
57	39	7
57	40	2
57	41	4
57	42	5
57	43	2
57	44	6
57	45	5
57	46	12
57	47	5
57	48	7
57	49	10
57	50	3
57	51	6
57	52	4
57	53	14
57	54	9
57	55	5
57	56	21
58	0	2
58	3	4
58	4	3
58	8	1
58	9	2
58	10	3
58	12	1
58	13	2
58	14	2
58	15	1
58	17	2
58	18	2
58	19	2
58	23	2
58	24	6
58	26	5
58	27	5
58	28	9
58	29	2
58	30	2
58	31	5
58	32	4
58	33	4
58	34	3
58	35	1
58	36	9
58	37	3
58	38	5
58	39	4
58	40	7
58	41	4
58	42	2
58	43	9
58	44	5
58	45	4
58	46	7
58	47	4
58	48	8
58	49	2
58	50	4
58	51	7
58	52	3
58	53	2
58	54	2
58	55	4
58	56	6
58	57	12
59	1	2
59	2	5
59	3	3
59	5	4
59	7	1
59	8	3
59	9	4
59	10	3
59	11	5
59	12	3
59	13	6
59	15	4
59	17	4
59	18	2
59	19	4
59	20	5
59	21	1
59	22	1
59	24	2
59	26	6
59	27	6
59	28	8
59	29	4
59	30	5
59	31	6
59	32	2
59	33	3
59	34	4
59	35	4
59	36	1
59	37	4
59	38	1
59	39	6
59	40	4
59	41	4
59	42	5
59	43	10
59	44	9
59	45	2
59	46	9
59	47	3
59	48	8
59	49	5
59	51	8
59	52	8
59	53	6
59	54	6
59	55	9
59	56	4
59	57	11
59	58	13
60	0	4
60	1	1
60	2	2
60	3	5
60	4	3
60	5	1
60	6	3
60	7	6
60	8	6
60	9	1
60	10	3
60	11	8
60	12	7
60	13	9
60	14	5
60	15	6
60	16	7
60	17	2
60	18	8
60	19	6
60	20	2
60	21	6
60	22	5
60	24	1
60	26	1
60	27	6
60	28	4
60	29	2
60	30	4
60	31	2
60	32	9
60	33	6
60	34	4
60	35	4
60	36	2
60	37	6
60	38	13
60	39	13
60	40	11
60	41	6
60	42	7
60	43	4
60	44	3
60	45	4
60	46	9
60	47	9
60	48	5
60	49	12
60	50	5
60	51	13
60	52	21
60	53	19
60	54	3
60	55	4
60	56	6
60	57	10
60	58	3
60	59	9
