1	0	3
3	0	2
3	1	1
3	2	2
4	1	5
4	2	10
4	3	8
5	0	1
5	3	2
5	4	2
6	0	4
6	3	1
6	5	4
7	1	1
7	2	3
7	3	1
7	4	2
7	6	1
8	1	4
8	2	1
8	3	2
8	4	2
8	6	3
8	7	6
9	0	2
9	1	1
9	2	4
9	3	1
9	5	1
9	6	5
9	7	2
9	8	1
10	1	3
10	2	3
10	3	2
10	4	2
10	5	5
10	6	2
10	7	3
10	8	3
10	9	1
11	0	3
11	1	1
11	2	3
11	4	1
11	5	3
11	6	2
11	7	1
11	8	3
11	9	1
11	10	5
12	1	3
12	2	1
12	3	1
12	4	2
12	5	3
12	6	5
12	7	1
12	8	3
12	10	5
12	11	2
13	0	5
13	1	2
13	2	1
13	3	1
13	4	1
13	5	4
13	6	2
13	7	1
13	8	2
13	9	4
13	10	7
13	11	5
13	12	4
14	1	4
14	2	2
14	3	1
14	4	3
14	5	2
14	7	2
14	8	3
14	9	1
14	10	3
14	11	3
14	12	4
14	13	3
15	0	1
15	1	6
15	2	1
15	3	2
15	4	3
15	5	2
15	6	1
15	7	1
15	8	6
15	10	3
15	11	4
15	12	11
15	13	6
15	14	3
16	0	1
16	2	2
16	4	2
16	5	1
16	6	2
16	8	1
16	10	1
16	12	2
16	13	1
16	14	1
16	15	1
17	0	1
17	1	1
17	2	3
17	3	1
17	4	1
17	5	1
17	6	2
17	8	2
17	9	3
17	10	1
17	11	2
17	12	5
17	13	4
17	15	5
17	16	2
18	0	3
18	1	2
18	2	2
18	3	3
18	4	4
18	5	4
18	6	2
18	8	2
18	9	1
18	11	2
18	12	2
18	13	2
18	14	3
18	15	1
18	16	1
18	17	1
19	1	2
19	2	2
19	3	3
19	4	1
19	7	1
19	8	2
19	9	2
19	11	4
19	12	3
19	13	2
19	14	3
19	15	2
19	16	1
19	18	1
20	0	1
20	1	3
20	2	5
20	3	4
20	4	9
20	5	1
20	6	2
20	7	1
20	8	1
20	9	4
20	11	4
20	12	3
20	13	4
20	14	6
20	15	4
20	16	1
20	17	1
20	18	3
21	0	1
21	1	1
21	2	3
21	3	1
21	5	7
21	6	3
21	7	1
21	8	3
21	10	3
21	11	2
21	12	2
21	13	1
21	14	1
21	15	2
21	17	2
21	18	1
21	19	4
21	20	5
22	1	2
22	2	3
22	3	1
22	5	3
22	6	1
22	7	2
22	8	3
22	10	1
22	11	2
22	12	1
22	13	3
22	14	2
22	15	2
22	17	1
22	18	2
22	19	2
22	20	2
22	21	1
23	0	1
23	1	3
23	3	5
23	4	2
23	5	1
23	7	2
23	8	2
23	9	1
23	10	1
23	12	3
23	15	2
23	17	2
23	19	4
23	20	3
23	21	1
23	22	1
24	0	5
24	1	2
24	2	4
24	3	1
24	4	5
24	6	1
24	9	1
24	11	5
24	12	3
24	13	5
24	14	4
24	15	2
24	16	2
24	18	2
24	20	1
24	21	2
24	22	1
24	23	4
25	1	3
25	2	2
25	4	2
25	5	7
25	6	1
25	8	3
25	9	2
25	10	4
25	11	5
25	13	4
25	15	2
25	16	1
25	18	1
25	19	1
25	20	1
25	21	2
25	24	2
26	0	1
26	1	1
26	4	1
26	7	3
26	8	1
26	10	1
26	12	1
26	13	1
26	14	2
26	18	1
26	19	1
26	24	2
26	25	2
27	4	1
27	5	1
27	7	1
27	8	2
27	9	1
27	11	2
27	12	3
27	13	2
27	14	1
27	15	3
27	17	3
27	22	1
27	23	4
27	24	3
27	25	4
27	26	1
28	2	2
28	4	3
28	8	3
28	9	1
28	10	3
28	11	2
28	12	3
28	14	2
28	15	1
28	16	1
28	17	2
28	19	4
28	20	5
28	21	2
28	22	2
28	23	3
28	24	2
28	25	1
28	26	2
28	27	1
29	4	1
29	12	1
29	19	1
29	23	1
29	27	1
29	28	3
30	5	1
30	9	1
30	10	1
30	11	3
30	13	1
30	14	1
30	18	1
30	19	1
30	20	1
30	22	1
30	25	1
30	29	3
31	4	1
31	8	1
31	10	1
31	11	2
31	21	1
31	22	1
31	24	1
31	26	1
31	27	2
31	29	9
31	30	3
32	1	1
32	2	1
32	4	1
32	9	1
32	12	1
32	14	2
32	18	1
32	20	1
32	25	2
32	26	1
32	27	2
32	28	1
32	29	4
32	30	3
32	31	2
33	0	1
33	1	1
33	2	1
33	8	2
33	10	1
33	11	1
33	18	3
33	19	1
33	23	1
33	24	1
33	25	4
33	26	3
33	27	3
33	28	1
33	29	1
33	30	2
33	31	3
33	32	6
34	1	2
34	2	1
34	3	1
34	5	1
34	6	1
34	8	2
34	9	1
34	10	4
34	13	2
34	14	2
34	16	1
34	17	2
34	18	1
34	19	1
34	20	2
34	22	5
34	23	3
34	24	2
34	25	1
34	27	2
34	28	2
34	29	1
34	30	2
34	33	4
35	0	1
35	3	2
35	4	3
35	5	1
35	6	1
35	8	2
35	10	3
35	11	2
35	13	1
35	15	1
35	17	1
35	18	1
35	20	1
35	23	1
35	24	1
35	26	2
35	27	4
35	29	4
35	30	4
35	32	5
35	33	5
35	34	2
36	0	1
36	1	1
36	4	1
36	6	1
36	11	1
36	16	1
36	23	1
36	24	2
36	26	2
36	27	1
36	28	1
36	29	1
36	30	2
36	31	1
36	33	2
36	34	1
36	35	4
37	1	1
37	2	1
37	3	2
37	4	1
37	5	1
37	6	1
37	7	1
37	8	3
37	9	1
37	10	1
37	11	2
37	12	1
37	13	1
37	14	2
37	18	1
37	24	3
37	26	1
37	28	1
37	29	1
37	30	2
37	32	5
37	33	1
37	34	1
37	35	5
38	1	1
38	3	2
38	4	1
38	7	1
38	8	1
38	10	2
38	11	2
38	13	1
38	14	2
38	15	1
38	17	1
38	19	3
38	20	2
38	21	1
38	23	2
38	24	3
38	26	3
38	27	4
38	28	3
38	29	1
38	30	1
38	31	1
38	32	1
38	33	1
38	34	1
38	35	1
38	36	1
38	37	4
39	0	1
39	1	2
39	3	2
39	9	2
39	11	3
39	12	1
39	16	1
39	19	1
39	20	2
39	21	1
39	23	1
39	24	2
39	25	1
39	28	1
39	29	3
39	30	1
39	31	1
39	32	3
39	35	2
39	37	1
39	38	9
40	0	1
40	1	2
40	2	2
40	3	1
40	5	2
40	6	1
40	8	1
40	9	1
40	10	3
40	11	2
40	12	2
40	14	1
40	15	3
40	16	3
40	17	2
40	18	2
40	20	1
40	21	1
40	23	1
40	24	2
40	25	2
40	27	3
40	29	1
40	30	2
40	31	4
40	32	3
40	33	6
40	35	4
40	36	4
40	37	5
40	38	6
40	39	4
41	4	3
41	5	4
41	6	1
41	7	2
41	8	2
41	9	3
41	10	2
41	11	1
41	14	1
41	22	1
41	24	1
41	28	3
41	29	2
41	30	1
41	31	1
41	32	2
41	33	3
41	35	2
41	36	2
41	37	3
41	39	3
41	40	2
42	2	1
42	4	1
42	5	1
42	8	2
42	9	2
42	10	1
42	11	2
42	12	1
42	14	1
42	17	1
42	20	1
42	25	2
42	27	1
42	28	3
42	30	1
42	31	1
42	32	1
42	34	1
42	36	1
42	37	1
42	38	4
42	39	2
42	41	3
43	1	1
43	5	2
43	9	1
43	10	2
43	11	1
43	12	1
43	18	2
43	20	3
43	23	1
43	25	2
43	28	3
43	29	1
43	30	1
43	31	1
43	32	3
43	33	2
43	34	1
43	35	3
43	36	2
43	37	4
43	39	2
43	40	3
43	41	3
43	42	3
44	4	1
44	5	2
44	8	1
44	9	2
44	10	1
44	18	1
44	20	1
44	23	1
44	26	1
44	27	1
44	28	2
44	30	2
44	31	1
44	32	1
44	33	1
44	34	2
44	35	1
44	36	1
44	37	3
44	38	4
44	39	4
44	40	1
44	41	2
44	42	2
44	43	6
45	0	1
45	9	2
45	11	1
45	15	1
45	16	1
45	22	1
45	25	3
45	26	2
45	28	2
45	30	3
45	31	1
45	32	1
45	33	1
45	34	2
45	35	4
45	36	3
45	37	1
45	38	4
45	39	3
45	40	2
45	41	2
45	42	1
45	43	4
45	44	4
46	0	1
46	4	1
46	8	1
46	10	2
46	11	1
46	13	1
46	14	1
46	18	1
46	22	1
46	23	1
46	24	2
46	25	1
46	27	2
46	28	3
46	29	1
46	31	5
46	32	1
46	33	1
46	34	2
46	35	3
46	36	3
46	37	3
46	38	3
46	39	3
46	40	2
46	41	2
46	43	2
46	44	2
46	45	1
47	2	1
47	3	1
47	4	1
47	9	3
47	11	3
47	13	1
47	20	3
47	23	1
47	24	2
47	25	2
47	26	5
47	27	3
47	29	3
47	30	6
47	31	1
47	32	3
47	33	2
47	34	1
47	35	1
47	37	3
47	38	2
47	39	1
47	41	2
47	45	1
47	46	3
48	1	1
48	3	1
48	4	1
48	7	1
48	8	1
48	9	2
48	10	1
48	11	4
48	12	2
48	13	1
48	14	1
48	15	1
48	18	1
48	20	1
48	22	1
48	23	3
48	24	3
48	25	2
48	28	2
48	29	1
48	30	1
48	32	5
48	33	1
48	34	5
48	35	2
48	36	5
48	37	3
48	38	1
48	39	1
48	40	3
48	41	1
48	43	1
48	44	1
48	45	2
48	46	2
48	47	1
49	1	3
49	2	1
49	4	3
49	5	2
49	6	3
49	7	1
49	9	1
49	10	1
49	11	2
49	12	1
49	13	2
49	14	2
49	15	1
49	17	1
49	18	2
49	19	2
49	21	1
49	22	2
49	24	4
49	25	4
49	26	2
49	27	2
49	28	7
49	29	1
49	30	1
49	32	1
49	33	1
49	34	5
49	35	2
49	36	1
49	37	5
49	38	3
49	39	2
49	40	4
49	41	2
49	42	1
49	43	1
49	44	1
49	46	1
49	47	2
49	48	7
50	3	1
50	4	2
50	8	1
50	9	2
50	11	2
50	12	1
50	13	2
50	14	2
50	15	1
50	19	1
50	20	1
50	23	1
50	24	6
50	25	1
50	26	2
50	27	4
50	29	3
50	31	1
50	32	2
50	33	2
50	34	2
50	35	2
50	36	1
50	40	1
50	41	1
50	43	1
50	45	1
50	47	1
50	48	2
50	49	3
51	1	2
51	5	1
51	8	2
51	10	2
51	11	1
51	12	1
51	14	4
51	19	2
51	20	3
51	23	1
51	24	4
51	28	2
51	29	1
51	31	1
51	32	3
51	34	3
51	35	2
51	36	5
51	37	4
51	38	7
51	40	3
51	44	1
51	47	2
51	48	2
51	49	8
51	50	1
52	2	2
52	3	1
52	4	1
52	5	1
52	7	1
52	9	3
52	11	1
52	12	1
52	15	1
52	16	1
52	17	1
52	19	3
52	20	2
52	22	1
52	23	1
52	24	2
52	26	1
52	27	5
52	28	2
52	30	2
52	31	2
52	32	1
52	33	1
52	34	4
52	35	1
52	36	4
52	37	4
52	38	4
52	39	1
52	40	3
52	41	1
52	42	3
52	43	1
52	45	1
52	46	1
52	47	2
52	48	1
52	49	4
52	51	5
53	1	1
53	2	2
53	3	1
53	5	3
53	7	4
53	8	1
53	10	2
53	11	3
53	13	1
53	14	3
53	15	1
53	16	1
53	18	1
53	19	1
53	20	3
53	21	5
53	22	2
53	23	2
53	24	2
53	25	2
53	28	5
53	29	1
53	30	1
53	32	4
53	34	5
53	35	3
53	36	4
53	37	5
53	38	3
53	39	2
53	40	3
53	42	7
53	43	2
53	44	2
53	46	2
53	48	2
53	49	4
53	51	7
53	52	3
54	0	1
54	1	1
54	3	1
54	4	4
54	5	1
54	8	1
54	10	1
54	12	2
54	14	2
54	15	2
54	18	6
54	19	1
54	20	2
54	21	2
54	22	2
54	23	1
54	24	1
54	25	2
54	26	1
54	28	2
54	29	1
54	30	1
54	31	1
54	32	1
54	33	1
54	35	3
54	36	5
54	37	3
54	38	4
54	39	3
54	40	1
54	41	1
54	42	1
54	43	1
54	44	2
54	46	1
54	49	3
54	52	7
55	0	2
55	1	2
55	2	1
55	3	1
55	4	1
55	7	3
55	8	1
55	10	1
55	11	4
55	12	2
55	13	2
55	14	1
55	15	1
55	16	1
55	17	3
55	18	1
55	20	2
55	21	2
55	23	2
55	24	2
55	26	1
55	27	1
55	28	4
55	29	1
55	30	1
55	32	1
55	34	2
55	35	1
55	36	3
55	37	2
55	38	2
55	39	2
55	40	2
55	41	4
55	42	4
55	43	1
55	44	4
55	45	3
55	46	3
55	47	3
55	49	3
55	51	5
55	52	4
55	53	2
55	54	5
56	1	1
56	2	1
56	3	2
56	5	2
56	9	1
56	10	2
56	11	2
56	12	4
56	13	2
56	14	1
56	15	1
56	18	4
56	19	1
56	20	2
56	21	1
56	22	2
56	23	2
56	24	1
56	26	2
56	28	3
56	31	1
56	32	1
56	33	1
56	36	1
56	37	2
56	38	9
56	39	2
56	40	2
56	41	4
56	42	3
56	44	2
56	46	1
56	47	1
56	48	2
56	49	3
56	50	2
56	51	3
56	52	7
56	53	5
56	54	2
56	55	5
57	1	1
57	2	1
57	4	4
57	6	1
57	8	2
57	11	1
57	12	2
57	13	1
57	14	1
57	22	1
57	23	2
57	24	1
57	26	2
57	28	1
57	29	2
57	30	1
57	31	4
57	32	1
57	33	1
57	34	1
57	36	4
57	37	4
57	38	6
57	39	2
57	40	1
57	42	1
57	43	1
57	44	1
57	45	4
57	46	4
57	47	5
57	49	3
57	50	2
57	51	3
57	52	2
57	53	1
57	54	1
57	55	3
57	56	2
58	1	1
58	3	3
58	4	1
58	9	1
58	11	1
58	17	1
58	20	2
58	22	1
58	24	1
58	25	1
58	26	1
58	27	2
58	30	1
58	31	1
58	33	1
58	34	1
58	35	2
58	36	1
58	37	2
58	38	7
58	39	1
58	40	2
58	41	1
58	42	2
58	43	2
58	44	1
58	45	5
58	46	3
58	47	1
58	48	1
58	49	7
58	50	2
58	51	2
58	52	3
58	53	1
58	54	3
58	55	3
58	56	1
58	57	3
59	1	1
59	2	1
59	3	1
59	4	1
59	6	1
59	9	4
59	10	2
59	11	2
59	12	1
59	13	1
59	14	1
59	17	1
59	18	1
59	19	5
59	20	1
59	23	1
59	24	3
59	25	3
59	26	2
59	27	1
59	28	1
59	29	1
59	31	1
59	32	1
59	33	1
59	35	2
59	36	4
59	37	3
59	38	1
59	39	1
59	40	1
59	41	3
59	42	1
59	43	1
59	44	1
59	45	1
59	46	2
59	47	1
59	49	3
59	51	3
59	52	3
59	53	3
59	54	7
59	55	5
59	56	2
59	57	2
59	58	3
60	0	1
60	1	1
60	2	1
60	4	1
60	7	1
60	8	2
60	10	1
60	11	2
60	14	1
60	17	1
60	18	3
60	20	3
60	24	3
60	26	5
60	27	1
60	28	3
60	29	2
60	30	3
60	32	3
60	33	2
60	34	2
60	35	3
60	36	2
60	37	3
60	38	4
60	42	3
60	43	3
60	44	1
60	45	2
60	46	2
60	47	2
60	49	1
60	51	5
60	53	3
60	54	2
60	55	3
60	56	1
60	57	1
60	58	2
60	59	3
