1	0	4
2	0	2
2	1	1
3	1	2
3	2	2
4	1	2
4	2	8
4	3	7
5	2	2
5	4	1
6	0	2
6	1	2
6	2	1
6	4	1
6	5	2
7	1	2
7	2	1
7	3	4
7	5	1
7	6	2
8	1	3
8	2	1
8	3	2
8	4	3
8	5	2
8	6	3
8	7	5
9	0	1
9	1	1
9	2	2
9	4	3
9	5	2
9	6	1
9	7	5
9	8	5
10	0	1
10	1	3
10	4	3
10	5	4
10	6	6
10	7	2
10	8	1
10	9	5
11	0	2
11	1	3
11	3	2
11	4	2
11	6	1
11	7	4
11	8	1
11	9	5
11	10	5
12	1	3
12	2	3
12	3	2
12	4	4
12	5	1
12	6	2
12	7	3
12	8	6
12	9	4
12	10	4
12	11	3
13	0	2
13	1	2
13	2	1
13	6	3
13	7	2
13	8	7
13	9	5
13	10	2
13	11	5
13	12	3
14	0	1
14	1	3
14	2	3
14	3	2
14	4	1
14	5	3
14	6	1
14	7	1
14	8	5
14	9	2
14	10	1
14	11	3
14	12	3
14	13	5
15	0	1
15	1	3
15	2	6
15	3	2
15	4	1
15	6	3
15	7	4
15	8	5
15	9	2
15	10	4
15	11	4
15	12	2
15	13	7
15	14	6
16	1	1
16	2	2
16	4	2
16	5	2
16	8	1
16	9	3
16	11	4
16	12	1
16	13	1
16	14	1
16	15	2
17	0	2
17	1	2
17	2	4
17	3	1
17	4	1
17	5	4
17	8	2
17	9	1
17	10	3
17	12	3
17	13	1
17	15	1
17	16	1
18	0	1
18	1	1
18	2	2
18	3	2
18	4	2
18	5	3
18	6	2
18	7	1
18	8	2
18	9	4
18	10	3
18	11	2
18	12	6
18	13	3
18	14	3
18	15	2
18	16	2
18	17	1
19	0	4
19	1	1
19	2	1
19	4	3
19	6	1
19	8	1
19	11	1
19	12	2
19	13	3
19	14	2
19	15	6
19	16	3
19	17	2
19	18	1
20	1	1
20	2	2
20	3	2
20	4	2
20	5	1
20	6	1
20	7	1
20	9	1
20	10	1
20	11	4
20	12	2
20	13	1
20	14	2
20	15	2
20	16	2
20	17	1
20	19	1
21	1	2
21	2	3
21	3	2
21	4	1
21	5	3
21	6	2
21	7	1
21	8	1
21	9	1
21	10	2
21	12	3
21	13	5
21	14	3
21	15	2
21	16	3
21	17	2
21	18	2
21	19	1
21	20	3
22	1	1
22	2	3
22	3	1
22	4	1
22	5	1
22	6	1
22	7	2
22	9	1
22	10	1
22	11	1
22	12	2
22	14	1
22	15	1
22	16	1
22	17	2
22	18	1
22	20	7
22	21	5
23	1	1
23	3	4
23	4	1
23	5	1
23	11	1
23	13	2
23	14	3
23	15	2
23	17	1
23	18	2
23	19	4
23	20	1
23	22	2
24	0	2
24	1	2
24	2	2
24	4	2
24	7	3
24	8	1
24	9	1
24	10	2
24	11	2
24	12	3
24	13	2
24	14	4
24	15	1
24	16	1
24	17	3
24	18	2
24	19	1
24	20	1
24	21	2
24	23	2
25	1	3
25	2	2
25	4	2
25	5	3
25	6	1
25	7	1
25	8	2
25	9	3
25	10	5
25	11	1
25	12	3
25	13	6
25	14	1
25	15	1
25	18	4
25	20	2
25	22	2
25	24	1
26	0	1
26	1	1
26	2	3
26	4	2
26	5	3
26	8	2
26	11	1
26	12	1
26	13	1
26	14	2
26	17	3
26	18	1
26	20	1
26	22	1
26	24	1
26	25	1
27	1	2
27	2	1
27	4	2
27	5	2
27	6	1
27	8	1
27	11	1
27	12	2
27	17	2
27	18	2
27	19	1
27	24	1
27	25	1
27	26	2
28	0	1
28	1	2
28	2	2
28	3	1
28	4	1
28	5	3
28	6	1
28	7	2
28	8	1
28	9	4
28	10	1
28	11	1
28	13	2
28	14	6
28	15	2
28	16	2
28	17	1
28	18	2
28	20	3
28	21	2
28	22	2
28	23	1
28	24	2
28	25	2
28	26	3
28	27	1
29	0	1
29	1	2
29	4	1
29	8	1
29	12	1
29	13	3
29	16	1
29	19	1
29	24	1
29	26	1
29	28	3
30	1	2
30	5	1
30	10	1
30	11	2
30	13	1
30	17	1
30	20	1
30	22	1
30	24	1
30	26	2
30	27	1
30	28	1
30	29	4
31	5	3
31	8	1
31	9	1
31	10	1
31	11	2
31	14	1
31	23	1
31	24	1
31	26	1
31	29	1
31	30	6
32	2	1
32	4	1
32	10	3
32	12	2
32	13	2
32	18	1
32	25	1
32	26	1
32	27	2
32	28	1
32	29	4
32	31	2
33	1	1
33	2	1
33	3	2
33	4	2
33	8	3
33	9	2
33	10	4
33	11	1
33	12	2
33	13	1
33	14	1
33	17	1
33	18	3
33	22	1
33	23	1
33	24	2
33	25	3
33	26	1
33	30	1
33	31	3
33	32	1
34	1	3
34	2	3
34	4	1
34	5	4
34	9	1
34	10	2
34	11	2
34	14	2
34	16	1
34	18	1
34	19	1
34	23	2
34	24	5
34	25	1
34	26	4
34	27	3
34	29	3
34	30	3
34	31	4
34	32	7
34	33	9
35	0	2
35	1	2
35	2	2
35	5	2
35	6	2
35	8	1
35	9	2
35	10	1
35	11	1
35	12	1
35	13	3
35	14	6
35	15	1
35	18	2
35	19	2
35	20	2
35	21	2
35	24	3
35	25	3
35	27	5
35	28	1
35	29	2
35	31	2
35	32	4
35	33	2
35	34	5
36	0	2
36	1	1
36	3	1
36	4	2
36	6	1
36	11	1
36	12	1
36	13	1
36	16	2
36	18	3
36	23	1
36	25	2
36	26	1
36	27	2
36	29	1
36	31	2
36	34	4
36	35	1
37	0	1
37	1	2
37	2	1
37	3	1
37	4	2
37	5	1
37	6	1
37	7	2
37	8	1
37	9	1
37	11	2
37	13	3
37	18	4
37	19	2
37	24	2
37	25	1
37	27	1
37	29	2
37	30	1
37	31	1
37	32	2
37	33	4
37	34	1
37	35	7
37	36	2
38	1	2
38	2	1
38	3	2
38	5	2
38	8	2
38	9	1
38	10	2
38	14	1
38	16	2
38	18	3
38	19	3
38	20	2
38	22	2
38	24	2
38	25	3
38	26	1
38	27	2
38	28	6
38	30	2
38	31	3
38	32	4
38	34	5
38	35	2
38	36	1
38	37	1
39	1	1
39	3	1
39	4	1
39	5	3
39	8	1
39	10	2
39	13	1
39	14	1
39	16	2
39	18	1
39	19	1
39	20	2
39	21	1
39	22	1
39	24	2
39	25	2
39	30	1
39	31	1
39	32	1
39	33	3
39	35	1
39	36	3
39	37	1
39	38	10
40	0	1
40	1	1
40	2	1
40	4	1
40	5	1
40	6	1
40	7	2
40	8	4
40	9	1
40	11	2
40	12	1
40	13	1
40	16	2
40	17	2
40	18	2
40	19	2
40	20	2
40	23	1
40	24	2
40	25	2
40	26	3
40	27	3
40	28	3
40	29	1
40	30	4
40	31	2
40	32	1
40	33	3
40	34	3
40	35	1
40	36	3
40	37	2
40	38	1
40	39	4
41	1	3
41	6	2
41	8	2
41	10	2
41	11	1
41	13	1
41	14	1
41	15	1
41	20	2
41	22	3
41	24	3
41	25	1
41	28	2
41	30	1
41	31	4
41	32	1
41	34	1
41	35	2
41	36	2
41	37	2
41	38	2
41	39	3
41	40	6
42	2	2
42	3	1
42	4	1
42	13	1
42	17	1
42	19	1
42	20	2
42	24	2
42	25	1
42	26	1
42	28	2
42	31	1
42	35	1
42	36	2
42	37	3
42	38	4
42	39	2
42	40	2
42	41	2
43	1	1
43	3	1
43	4	2
43	5	1
43	9	2
43	10	2
43	11	1
43	13	1
43	14	2
43	15	2
43	18	2
43	20	1
43	21	2
43	22	1
43	26	1
43	27	3
43	29	2
43	30	2
43	31	5
43	32	4
43	33	2
43	35	3
43	36	2
43	37	7
43	38	1
43	39	4
43	40	1
43	41	5
44	3	1
44	5	1
44	7	1
44	8	1
44	10	2
44	20	1
44	21	1
44	28	2
44	29	4
44	31	2
44	32	1
44	33	2
44	35	2
44	37	2
44	38	3
44	39	4
44	41	1
44	42	3
44	43	3
45	5	1
45	11	3
45	19	1
45	24	1
45	25	2
45	28	2
45	29	1
45	30	1
45	31	2
45	33	2
45	34	1
45	35	3
45	36	1
45	37	5
45	38	2
45	39	3
45	41	2
45	42	1
45	43	8
45	44	4
46	0	1
46	4	2
46	15	1
46	17	1
46	18	2
46	19	1
46	24	1
46	25	1
46	26	2
46	29	4
46	30	1
46	31	1
46	32	3
46	33	2
46	34	2
46	35	3
46	36	1
46	38	4
46	39	3
46	40	2
46	43	1
46	44	5
46	45	1
47	1	1
47	2	1
47	3	1
47	9	1
47	10	1
47	15	2
47	17	1
47	23	2
47	24	3
47	27	3
47	29	2
47	31	3
47	32	3
47	33	2
47	34	1
47	35	3
47	36	1
47	37	2
47	38	3
47	39	1
47	40	1
47	41	2
47	42	1
47	43	2
47	44	2
47	45	3
47	46	3
48	1	1
48	8	2
48	9	2
48	11	1
48	13	3
48	14	2
48	15	1
48	19	2
48	20	2
48	22	2
48	23	2
48	24	3
48	25	3
48	26	2
48	27	2
48	28	2
48	30	2
48	31	1
48	33	1
48	34	4
48	37	1
48	38	2
48	40	3
48	41	1
48	43	2
48	44	3
48	46	2
48	47	3
49	0	1
49	1	3
49	3	1
49	5	1
49	8	1
49	9	1
49	10	3
49	11	1
49	12	1
49	13	3
49	14	1
49	15	2
49	18	2
49	19	4
49	20	1
49	21	2
49	22	1
49	23	1
49	24	6
49	25	4
49	26	1
49	27	2
49	30	1
49	31	1
49	32	1
49	34	9
49	35	5
49	36	5
49	37	2
49	38	6
49	39	1
49	40	2
49	41	5
49	43	2
49	44	3
49	45	2
49	46	2
49	48	9
50	1	1
50	3	1
50	4	1
50	7	2
50	8	1
50	9	1
50	10	3
50	12	1
50	14	1
50	18	1
50	23	1
50	24	2
50	25	2
50	26	2
50	27	4
50	28	3
50	32	3
50	33	1
50	34	3
50	35	3
50	36	1
50	37	2
50	38	2
50	39	1
50	40	2
50	41	2
50	42	2
50	46	1
50	48	3
50	49	5
51	2	1
51	3	1
51	4	3
51	5	2
51	6	2
51	8	1
51	9	3
51	12	1
51	13	1
51	14	4
51	15	1
51	18	1
51	20	3
51	21	2
51	22	2
51	23	2
51	25	2
51	26	3
51	27	1
51	28	1
51	29	1
51	30	1
51	31	2
51	32	2
51	33	1
51	34	5
51	35	3
51	36	3
51	37	2
51	38	3
51	39	3
51	40	6
51	41	2
51	42	1
51	43	2
51	45	2
51	46	4
51	47	5
51	48	3
51	49	6
51	50	3
52	2	1
52	3	3
52	4	1
52	5	1
52	7	1
52	8	1
52	10	1
52	11	2
52	12	1
52	13	1
52	15	1
52	18	3
52	19	1
52	20	3
52	23	4
52	24	4
52	25	1
52	26	2
52	27	2
52	28	4
52	29	1
52	30	1
52	31	2
52	32	3
52	34	3
52	35	3
52	36	2
52	37	1
52	38	4
52	39	3
52	40	3
52	42	3
52	43	4
52	45	1
52	46	3
52	48	1
52	49	6
52	50	2
52	51	6
53	1	2
53	2	1
53	3	3
53	4	2
53	5	2
53	6	2
53	9	2
53	10	2
53	11	1
53	12	1
53	13	2
53	14	1
53	15	2
53	16	2
53	17	2
53	18	2
53	19	1
53	21	1
53	22	1
53	23	1
53	24	2
53	25	2
53	26	3
53	27	2
53	28	2
53	29	1
53	30	1
53	32	1
53	33	1
53	34	4
53	35	2
53	37	3
53	38	6
53	39	2
53	40	5
53	41	3
53	43	1
53	44	1
53	45	2
53	47	3
53	48	1
53	49	5
53	50	1
53	51	1
53	52	2
54	2	1
54	5	2
54	9	1
54	10	2
54	12	2
54	13	2
54	14	2
54	15	1
54	16	1
54	17	1
54	19	2
54	20	2
54	21	2
54	22	1
54	24	1
54	26	2
54	27	2
54	28	2
54	30	2
54	32	2
54	33	1
54	34	1
54	35	3
54	36	1
54	38	3
54	39	2
54	41	1
54	43	1
54	44	1
54	45	1
54	47	3
54	48	2
54	49	1
54	51	3
54	52	6
55	1	4
55	2	2
55	4	1
55	5	3
55	6	1
55	7	2
55	8	2
55	10	2
55	11	1
55	13	2
55	14	4
55	15	2
55	17	1
55	18	2
55	19	2
55	20	4
55	21	2
55	22	1
55	23	1
55	24	3
55	25	2
55	27	2
55	28	2
55	29	1
55	30	2
55	32	3
55	34	2
55	35	3
55	36	1
55	37	1
55	38	4
55	39	3
55	40	2
55	42	1
55	43	3
55	44	1
55	47	1
55	48	5
55	49	5
55	50	1
55	51	3
55	52	5
55	53	4
55	54	8
56	1	1
56	3	1
56	4	1
56	8	1
56	12	5
56	14	2
56	15	2
56	17	1
56	19	1
56	20	1
56	22	1
56	24	1
56	25	1
56	26	1
56	28	1
56	30	1
56	32	3
56	33	1
56	34	1
56	35	2
56	36	1
56	38	4
56	39	2
56	40	2
56	41	1
56	42	1
56	43	1
56	44	4
56	45	2
56	48	5
56	50	3
56	51	3
56	52	1
56	53	5
56	54	6
56	55	2
57	1	2
57	2	1
57	4	3
57	6	1
57	9	1
57	10	1
57	11	1
57	12	4
57	13	1
57	14	1
57	15	4
57	16	1
57	18	2
57	22	2
57	23	1
57	24	2
57	25	3
57	33	1
57	34	1
57	35	5
57	36	4
57	37	5
57	38	4
57	39	1
57	42	6
57	43	2
57	44	3
57	45	3
57	46	1
57	47	3
57	48	1
57	49	1
57	51	2
57	52	4
57	53	1
57	54	5
57	55	2
57	56	1
58	1	1
58	4	1
58	6	1
58	10	3
58	11	2
58	18	3
58	25	1
58	26	1
58	27	1
58	28	2
58	29	1
58	30	1
58	31	2
58	32	4
58	33	2
58	34	2
58	35	3
58	36	3
58	37	2
58	38	2
58	40	4
58	41	4
58	42	1
58	43	2
58	44	4
58	45	2
58	46	4
58	47	7
58	48	1
58	49	1
58	51	3
58	52	3
58	53	2
58	54	3
58	55	1
58	56	3
58	57	4
59	6	2
59	8	1
59	9	2
59	10	2
59	11	2
59	12	1
59	14	1
59	15	1
59	19	2
59	21	1
59	22	2
59	23	5
59	24	1
59	25	1
59	26	2
59	27	1
59	28	3
59	31	1
59	33	1
59	34	3
59	35	2
59	36	3
59	38	3
59	39	4
59	42	3
59	43	1
59	46	4
59	47	1
59	48	2
59	49	2
59	50	1
59	51	4
59	52	4
59	54	6
59	55	5
59	56	1
59	57	4
59	58	1
60	1	1
60	3	2
60	10	1
60	11	1
60	12	1
60	14	1
60	15	2
60	17	2
60	18	1
60	19	1
60	20	2
60	24	2
60	25	2
60	26	3
60	27	4
60	29	1
60	30	1
60	31	2
60	32	2
60	33	1
60	34	1
60	35	1
60	36	1
60	37	1
60	38	3
60	39	1
60	40	2
60	41	2
60	43	2
60	44	1
60	45	2
60	46	4
60	47	4
60	48	3
60	49	2
60	50	1
60	51	1
60	52	1
60	53	3
60	55	1
60	56	2
60	57	3
60	58	3
60	59	2
