1	0	2
2	0	1
2	1	1
3	0	2
3	2	1
4	0	1
4	1	3
4	2	2
4	3	9
5	0	2
5	1	1
5	2	5
5	3	1
5	4	1
6	0	1
6	1	1
6	2	1
6	3	1
6	4	2
6	5	4
7	0	5
7	1	5
7	2	3
7	3	1
7	4	2
7	5	1
7	6	4
8	0	2
8	2	2
8	4	1
8	5	6
8	6	2
8	7	3
9	0	2
9	1	2
9	3	3
9	4	1
9	5	2
9	6	4
9	7	3
9	8	2
10	0	1
10	1	3
10	2	2
10	3	1
10	4	4
10	5	3
10	6	2
10	7	2
10	8	2
10	9	9
11	0	2
11	1	5
11	3	1
11	4	1
11	5	3
11	6	1
11	7	3
11	8	3
11	9	6
11	10	6
12	0	1
12	2	2
12	3	3
12	4	3
12	5	2
12	6	2
12	7	1
12	8	4
12	9	2
12	10	5
12	11	4
13	0	4
13	1	2
13	2	1
13	3	2
13	4	1
13	5	2
13	6	2
13	7	3
13	8	2
13	9	4
13	11	2
13	12	4
14	1	4
14	2	1
14	4	6
14	5	3
14	6	3
14	7	1
14	8	2
14	9	2
14	10	1
14	11	1
14	12	5
14	13	5
15	0	3
15	1	4
15	2	6
15	3	2
15	4	1
15	5	3
15	6	1
15	7	1
15	8	7
15	9	3
15	10	1
15	11	3
15	12	3
15	13	5
15	14	5
16	1	2
16	2	5
16	3	1
16	4	1
16	5	1
16	7	1
16	9	1
16	10	2
16	11	1
16	13	1
16	15	2
17	0	2
17	1	4
17	2	2
17	3	3
17	4	2
17	5	3
17	6	1
17	7	4
17	9	1
17	10	1
17	11	1
17	12	1
17	13	2
17	14	1
17	15	3
17	16	5
18	0	1
18	1	1
18	3	1
18	4	1
18	5	1
18	6	1
18	7	1
18	8	2
18	9	1
18	10	4
18	11	1
18	12	3
18	13	3
18	14	1
18	15	3
18	16	1
18	17	2
19	1	4
19	2	1
19	3	5
19	4	6
19	7	2
19	8	4
19	9	1
19	10	1
19	11	3
19	13	1
19	14	1
19	15	5
19	16	2
19	17	3
20	0	1
20	1	2
20	2	4
20	3	2
20	6	1
20	7	2
20	8	2
20	10	2
20	11	5
20	12	5
20	13	2
20	14	2
20	15	3
20	16	1
20	17	1
20	18	3
20	19	2
21	1	2
21	2	2
21	3	2
21	5	3
21	6	2
21	7	1
21	8	4
21	9	3
21	12	2
21	13	1
21	14	2
21	15	3
21	16	1
21	20	2
22	1	2
22	2	3
22	3	1
22	4	3
22	5	1
22	6	2
22	7	2
22	8	1
22	9	1
22	13	1
22	14	1
22	15	1
22	16	1
22	17	7
22	18	1
22	19	5
22	20	2
22	21	1
23	0	3
23	1	2
23	2	2
23	4	2
23	7	2
23	8	1
23	10	2
23	12	1
23	13	4
23	14	2
23	15	1
23	17	1
23	18	2
23	19	8
23	20	3
23	21	1
24	1	3
24	2	1
24	5	1
24	7	1
24	10	6
24	11	1
24	13	2
24	14	5
24	15	3
24	16	2
24	18	1
24	19	1
24	20	2
24	21	2
24	22	2
25	1	2
25	2	2
25	4	1
25	6	2
25	7	2
25	8	1
25	9	1
25	10	2
25	11	6
25	12	1
25	13	2
25	14	3
25	15	1
25	17	2
25	18	4
25	19	4
25	20	2
25	22	1
26	1	1
26	2	2
26	5	2
26	8	2
26	10	1
26	11	1
26	12	1
26	13	1
26	14	1
26	15	1
26	20	1
26	24	1
27	0	2
27	3	1
27	4	2
27	7	1
27	8	2
27	9	1
27	10	1
27	11	1
27	12	1
27	14	4
27	17	3
27	22	1
27	25	4
27	26	3
28	1	3
28	2	1
28	3	3
28	4	3
28	5	3
28	6	4
28	7	1
28	9	1
28	10	2
28	11	2
28	13	1
28	16	4
28	18	7
28	20	1
28	21	1
28	22	1
28	23	1
28	24	1
28	25	2
28	26	1
29	10	1
29	14	1
29	19	1
29	23	1
29	24	2
29	28	1
30	3	1
30	9	3
30	10	1
30	12	2
30	19	1
30	20	5
30	24	1
30	25	3
30	28	2
30	29	2
31	5	2
31	9	1
31	11	1
31	22	3
31	24	1
31	25	2
31	26	1
31	27	2
31	28	2
31	29	3
31	30	7
32	1	1
32	10	1
32	11	1
32	14	1
32	15	2
32	16	2
32	18	4
32	23	1
32	27	4
32	28	3
32	29	2
32	30	2
32	31	2
33	0	1
33	1	3
33	2	1
33	3	2
33	9	4
33	10	1
33	11	1
33	12	2
33	13	1
33	17	4
33	18	1
33	21	1
33	22	1
33	23	1
33	25	1
33	26	3
33	27	7
33	28	1
33	29	2
33	30	2
33	31	6
33	32	1
34	2	2
34	3	1
34	4	2
34	5	1
34	8	2
34	9	3
34	10	1
34	11	2
34	12	1
34	18	2
34	19	1
34	20	1
34	21	2
34	23	2
34	24	1
34	25	2
34	26	1
34	28	3
34	29	2
34	30	3
34	32	4
34	33	3
35	0	1
35	1	2
35	2	1
35	4	3
35	5	1
35	8	2
35	10	2
35	11	1
35	12	1
35	13	2
35	14	1
35	15	1
35	16	1
35	17	1
35	18	1
35	20	2
35	23	1
35	24	1
35	25	3
35	26	3
35	27	1
35	28	2
35	29	2
35	30	4
35	31	3
35	32	4
35	33	3
35	34	4
36	2	2
36	3	1
36	4	1
36	7	2
36	10	1
36	11	2
36	12	2
36	13	2
36	14	2
36	15	3
36	16	1
36	22	1
36	23	2
36	24	3
36	26	1
36	27	2
36	28	1
36	29	3
36	30	4
36	31	3
36	32	2
36	33	2
36	34	2
36	35	4
37	0	1
37	1	3
37	5	2
37	7	1
37	8	2
37	10	4
37	12	1
37	13	2
37	14	1
37	18	1
37	19	1
37	24	2
37	25	3
37	27	2
37	28	1
37	29	2
37	30	2
37	31	3
37	32	4
37	33	2
37	34	4
37	35	4
37	36	1
38	0	3
38	1	1
38	3	1
38	5	1
38	6	3
38	8	1
38	10	1
38	11	1
38	13	1
38	15	1
38	16	1
38	17	1
38	18	2
38	20	1
38	21	2
38	22	2
38	23	1
38	24	1
38	25	1
38	26	1
38	27	3
38	28	4
38	31	3
38	32	3
38	33	2
38	34	2
38	35	5
38	36	2
38	37	9
39	0	1
39	1	1
39	2	1
39	4	2
39	6	1
39	8	2
39	10	3
39	11	1
39	13	1
39	15	1
39	16	1
39	19	1
39	20	2
39	21	1
39	22	1
39	23	1
39	24	2
39	25	1
39	26	1
39	28	3
39	29	1
39	31	1
39	34	1
39	35	4
39	36	1
39	38	4
40	0	1
40	1	3
40	2	2
40	5	1
40	6	2
40	7	2
40	9	2
40	10	2
40	11	1
40	12	1
40	13	3
40	14	1
40	16	1
40	18	1
40	20	1
40	21	1
40	22	2
40	23	1
40	25	1
40	27	2
40	28	2
40	29	1
40	30	1
40	31	2
40	32	3
40	33	1
40	34	5
40	35	3
40	36	6
40	37	6
40	38	3
40	39	4
41	1	1
41	4	3
41	5	3
41	6	1
41	7	2
41	9	2
41	10	1
41	11	3
41	12	1
41	15	2
41	18	1
41	20	2
41	22	1
41	24	2
41	27	2
41	28	3
41	29	1
41	30	3
41	31	1
41	32	1
41	33	1
41	34	1
41	35	2
41	37	3
41	38	2
41	40	1
42	1	1
42	4	2
42	6	1
42	8	1
42	9	1
42	10	3
42	11	1
42	13	1
42	14	1
42	15	2
42	18	1
42	19	1
42	20	1
42	24	2
42	25	1
42	26	1
42	28	5
42	30	2
42	31	2
42	32	1
42	33	2
42	34	1
42	35	1
42	36	4
42	37	2
42	38	4
42	39	5
42	40	3
42	41	3
43	0	2
43	1	1
43	3	1
43	8	4
43	9	1
43	12	1
43	15	2
43	18	2
43	22	1
43	23	1
43	25	2
43	26	1
43	27	1
43	30	2
43	31	3
43	32	5
43	33	5
43	34	2
43	35	5
43	36	2
43	37	5
43	38	2
43	39	3
43	40	3
43	41	3
43	42	2
44	5	2
44	9	1
44	11	1
44	18	1
44	20	3
44	21	2
44	28	2
44	29	1
44	30	1
44	34	1
44	36	1
44	37	2
44	38	2
44	39	1
44	40	2
44	41	1
44	43	3
45	9	1
45	10	1
45	19	1
45	20	3
45	24	1
45	25	2
45	26	1
45	29	3
45	31	2
45	32	1
45	34	1
45	35	1
45	39	2
45	41	1
45	42	1
45	43	6
45	44	2
46	1	1
46	2	1
46	3	2
46	4	1
46	8	1
46	10	2
46	11	3
46	14	1
46	15	2
46	23	2
46	24	1
46	25	1
46	27	2
46	28	3
46	29	2
46	30	7
46	31	1
46	32	1
46	34	2
46	35	3
46	36	3
46	37	1
46	38	4
46	39	1
46	40	1
46	41	2
46	42	1
46	44	3
46	45	6
47	0	2
47	1	1
47	2	1
47	9	2
47	11	2
47	12	1
47	13	1
47	15	1
47	17	1
47	18	1
47	20	1
47	24	3
47	26	2
47	27	2
47	29	1
47	30	4
47	31	2
47	32	2
47	33	1
47	35	4
47	36	4
47	37	2
47	38	2
47	40	4
47	41	1
47	42	3
47	43	1
47	44	2
47	46	1
48	1	4
48	2	1
48	4	2
48	5	1
48	6	1
48	9	1
48	10	2
48	11	4
48	12	5
48	13	1
48	14	2
48	15	2
48	16	1
48	19	4
48	22	2
48	23	2
48	24	3
48	25	2
48	26	2
48	28	1
48	30	2
48	31	1
48	32	3
48	33	1
48	34	5
48	35	2
48	37	2
48	38	5
48	39	1
48	40	7
48	41	3
48	42	2
48	43	2
48	44	1
48	46	1
49	1	2
49	3	2
49	4	4
49	5	2
49	6	3
49	8	2
49	9	2
49	10	1
49	11	1
49	12	2
49	13	1
49	14	1
49	15	2
49	17	1
49	19	3
49	20	1
49	21	1
49	23	2
49	24	4
49	25	3
49	26	4
49	27	1
49	28	4
49	30	3
49	31	4
49	32	1
49	33	3
49	34	3
49	35	4
49	36	8
49	37	2
49	38	5
49	39	2
49	40	5
49	43	1
49	44	1
49	45	2
49	46	5
49	47	2
49	48	5
50	0	1
50	8	3
50	9	4
50	10	6
50	13	2
50	14	1
50	19	1
50	21	1
50	24	2
50	25	2
50	27	3
50	28	3
50	29	1
50	32	1
50	33	1
50	34	3
50	35	2
50	36	2
50	37	2
50	38	1
50	40	4
50	42	1
50	45	1
50	46	1
50	47	1
50	48	6
50	49	5
51	1	4
51	3	1
51	4	1
51	5	1
51	7	1
51	11	2
51	12	1
51	13	4
51	14	3
51	15	3
51	18	1
51	19	1
51	20	1
51	22	1
51	23	4
51	24	5
51	25	1
51	26	2
51	27	2
51	28	3
51	30	1
51	31	1
51	32	2
51	33	2
51	34	6
51	35	2
51	36	3
51	37	5
51	38	4
51	40	4
51	42	3
51	43	2
51	44	1
51	45	2
51	46	2
51	47	2
51	48	3
51	49	5
51	50	5
52	3	1
52	5	1
52	7	1
52	9	1
52	11	2
52	12	1
52	13	1
52	14	2
52	16	1
52	20	1
52	21	1
52	22	1
52	23	2
52	24	1
52	25	1
52	26	1
52	27	2
52	28	1
52	29	1
52	30	1
52	32	1
52	33	1
52	34	1
52	36	2
52	37	3
52	38	3
52	39	2
52	40	3
52	41	2
52	42	1
52	43	1
52	44	2
52	46	3
52	47	3
52	48	1
52	49	6
52	50	2
53	1	1
53	2	2
53	3	2
53	5	1
53	6	1
53	9	1
53	10	3
53	11	1
53	12	1
53	13	1
53	14	2
53	15	3
53	18	3
53	19	1
53	20	2
53	21	1
53	22	1
53	23	2
53	24	1
53	26	2
53	27	1
53	28	4
53	29	3
53	32	2
53	34	5
53	35	6
53	36	3
53	37	2
53	38	2
53	39	7
53	40	5
53	41	2
53	42	5
53	43	2
53	44	1
53	45	1
53	47	3
53	48	1
53	49	2
53	50	2
53	51	6
53	52	3
54	0	4
54	2	1
54	3	2
54	4	1
54	5	2
54	9	2
54	10	1
54	12	1
54	13	3
54	14	1
54	15	1
54	16	1
54	18	1
54	19	1
54	20	4
54	21	1
54	22	2
54	23	1
54	24	1
54	25	1
54	26	2
54	28	3
54	30	2
54	31	1
54	33	2
54	34	2
54	36	1
54	37	1
54	38	1
54	39	2
54	40	1
54	41	1
54	42	2
54	43	1
54	44	2
54	45	1
54	47	1
54	49	1
54	50	2
54	51	1
54	52	4
54	53	1
55	1	3
55	2	2
55	3	1
55	4	2
55	5	1
55	6	1
55	7	1
55	8	5
55	9	3
55	10	2
55	11	2
55	12	2
55	13	1
55	15	2
55	16	2
55	17	3
55	18	1
55	19	5
55	20	4
55	21	2
55	22	2
55	23	3
55	24	1
55	26	1
55	27	1
55	28	3
55	30	1
55	32	1
55	34	1
55	35	2
55	36	5
55	37	2
55	38	6
55	39	1
55	40	2
55	42	1
55	44	1
55	45	1
55	47	1
55	48	1
55	49	2
55	50	1
55	51	2
55	52	7
55	53	5
55	54	4
56	4	3
56	5	2
56	13	1
56	14	1
56	16	1
56	19	1
56	20	1
56	21	1
56	25	1
56	26	1
56	28	5
56	30	1
56	31	1
56	34	3
56	35	2
56	36	1
56	38	3
56	40	1
56	41	3
56	42	1
56	43	2
56	44	3
56	45	1
56	46	2
56	47	1
56	49	1
56	51	3
56	52	1
56	53	1
56	54	2
56	55	3
57	0	1
57	1	2
57	2	1
57	3	1
57	8	1
57	9	1
57	10	2
57	11	1
57	12	2
57	13	1
57	14	2
57	16	1
57	18	1
57	23	1
57	24	3
57	26	2
57	28	2
57	29	1
57	31	1
57	32	2
57	33	1
57	36	8
57	37	1
57	38	3
57	39	1
57	40	3
57	41	1
57	42	1
57	43	6
57	45	3
57	47	1
57	49	1
57	50	1
57	52	4
57	53	2
57	54	4
57	55	1
57	56	2
58	1	1
58	7	1
58	10	1
58	11	1
58	16	1
58	20	1
58	22	1
58	23	1
58	24	1
58	25	1
58	27	1
58	28	1
58	29	1
58	30	4
58	31	2
58	32	2
58	33	1
58	34	2
58	36	3
58	37	1
58	38	5
58	39	2
58	40	1
58	41	1
58	42	1
58	43	2
58	44	1
58	45	3
58	46	4
58	47	2
58	48	2
58	49	4
58	50	1
58	51	1
58	52	1
58	54	1
58	55	2
58	56	4
58	57	3
59	1	2
59	2	1
59	3	1
59	5	1
59	8	2
59	10	2
59	11	1
59	12	2
59	14	1
59	15	1
59	16	1
59	18	3
59	19	2
59	20	4
59	21	1
59	22	1
59	24	1
59	25	1
59	28	3
59	29	2
59	30	1
59	31	1
59	32	1
59	34	3
59	35	2
59	37	2
59	38	4
59	39	3
59	40	3
59	41	1
59	42	1
59	43	2
59	44	3
59	45	1
59	48	3
59	49	6
59	50	2
59	51	2
59	52	1
59	53	1
59	54	8
59	55	1
59	56	2
59	57	3
59	58	6
60	1	1
60	10	2
60	12	1
60	14	1
60	15	2
60	18	1
60	19	2
60	20	1
60	23	2
60	24	2
60	26	1
60	29	1
60	30	2
60	33	1
60	34	4
60	36	4
60	37	1
60	38	4
60	39	1
60	40	1
60	42	2
60	43	2
60	45	1
60	46	8
60	47	4
60	48	2
60	49	1
60	51	2
60	53	2
60	54	1
60	55	1
60	56	2
60	57	3
60	58	3
60	59	2
