1	0	2
2	0	2
2	1	2
3	2	1
4	1	1
4	2	4
4	3	2
5	0	1
5	2	2
5	3	2
5	4	3
6	0	2
6	2	1
6	3	3
6	5	1
7	2	1
7	4	1
7	5	1
7	6	3
8	0	2
8	1	2
8	3	2
8	4	1
8	5	2
8	6	3
8	7	1
9	1	2
9	2	1
9	4	1
9	5	3
9	6	3
9	7	5
9	8	2
10	0	3
10	1	2
10	2	1
10	3	3
10	4	3
10	5	4
10	6	3
10	7	2
10	8	4
10	9	2
11	0	3
11	1	1
11	2	1
11	5	1
11	6	3
11	7	1
11	8	2
11	9	4
11	10	3
12	1	2
12	2	1
12	4	2
12	6	4
12	7	3
12	8	2
12	9	5
12	10	8
12	11	2
13	0	2
13	1	3
13	2	3
13	3	1
13	4	1
13	6	1
13	7	1
13	8	3
13	9	5
13	10	5
13	11	5
13	12	5
14	0	1
14	1	5
14	2	1
14	3	1
14	4	2
14	5	6
14	6	2
14	7	1
14	8	5
14	9	3
14	10	5
14	11	4
14	12	3
14	13	2
15	0	1
15	1	4
15	2	3
15	4	2
15	5	2
15	6	4
15	7	2
15	8	3
15	9	1
15	10	3
15	11	3
15	12	2
15	13	9
15	14	2
16	1	4
16	2	1
16	3	1
16	4	4
16	5	2
16	6	1
16	12	2
16	13	1
16	14	2
16	15	5
17	0	1
17	1	1
17	2	2
17	3	3
17	4	2
17	5	2
17	6	3
17	8	2
17	10	1
17	11	7
17	12	1
17	14	2
17	15	2
17	16	2
18	1	3
18	2	1
18	5	1
18	6	1
18	7	3
18	8	5
18	9	4
18	10	1
18	12	4
18	13	3
18	15	2
18	16	1
19	0	1
19	1	1
19	2	1
19	3	2
19	4	1
19	5	2
19	6	2
19	8	1
19	10	1
19	11	2
19	12	5
19	13	4
19	14	1
19	15	4
19	16	1
19	17	3
20	1	2
20	2	1
20	3	5
20	4	6
20	5	5
20	6	2
20	8	3
20	9	3
20	10	2
20	11	1
20	12	4
20	13	1
20	14	7
20	15	2
20	17	1
20	18	2
20	19	1
21	0	3
21	1	2
21	2	2
21	3	1
21	4	3
21	5	1
21	6	2
21	7	4
21	8	1
21	9	2
21	10	5
21	11	1
21	12	3
21	13	2
21	14	5
21	15	4
21	17	7
21	18	2
21	20	2
22	1	1
22	2	4
22	3	2
22	4	2
22	5	5
22	6	1
22	7	4
22	8	2
22	10	2
22	12	1
22	13	1
22	14	2
22	15	4
22	16	2
22	17	3
22	18	3
22	19	2
22	20	3
22	21	8
23	1	2
23	2	2
23	3	1
23	4	4
23	7	1
23	8	5
23	9	1
23	10	1
23	11	1
23	12	1
23	13	1
23	14	1
23	15	2
23	19	2
23	21	1
23	22	3
24	0	1
24	2	4
24	3	1
24	4	1
24	8	2
24	9	1
24	10	1
24	11	2
24	12	1
24	14	6
24	15	1
24	16	1
24	19	3
24	20	2
24	23	4
25	0	1
25	1	3
25	3	2
25	4	2
25	5	1
25	6	2
25	7	1
25	8	3
25	9	5
25	10	5
25	11	3
25	12	2
25	13	1
25	14	2
25	16	2
25	18	1
25	20	1
25	21	2
25	23	3
25	24	1
26	1	1
26	2	2
26	4	2
26	7	1
26	10	2
26	11	1
26	13	4
26	14	2
26	15	1
26	19	1
26	23	1
26	24	1
26	25	1
27	1	1
27	5	2
27	8	2
27	9	1
27	10	1
27	11	1
27	14	2
27	15	2
27	18	3
27	19	3
27	22	3
27	23	1
27	24	1
27	25	3
27	26	6
28	0	1
28	3	4
28	4	3
28	5	1
28	8	1
28	10	4
28	11	4
28	12	2
28	13	1
28	14	1
28	15	2
28	16	2
28	17	2
28	18	8
28	20	1
28	21	2
28	22	2
28	23	1
28	24	1
28	25	2
28	26	2
29	1	2
29	2	1
29	4	1
29	5	2
29	12	1
29	13	1
29	25	1
29	27	2
30	1	1
30	3	1
30	8	2
30	11	1
30	17	1
30	18	2
30	20	1
30	22	2
30	25	1
30	27	1
30	28	5
30	29	1
31	4	1
31	8	1
31	10	3
31	14	3
31	23	1
31	24	1
31	27	3
31	28	1
31	29	3
31	30	5
32	1	1
32	2	2
32	4	2
32	9	1
32	10	2
32	11	4
32	14	1
32	15	2
32	16	1
32	17	1
32	18	1
32	22	1
32	24	1
32	25	2
32	26	2
32	27	1
32	29	5
32	30	1
32	31	6
33	2	1
33	4	2
33	5	2
33	8	1
33	9	3
33	14	1
33	18	1
33	21	1
33	23	1
33	24	1
33	25	4
33	27	2
33	28	1
33	29	2
33	30	2
33	31	2
33	32	5
34	1	1
34	2	1
34	3	1
34	5	1
34	8	1
34	9	1
34	10	1
34	11	2
34	13	1
34	14	2
34	17	2
34	19	2
34	20	1
34	21	2
34	23	1
34	24	2
34	25	3
34	26	3
34	27	3
34	28	2
34	29	3
34	30	1
34	31	3
34	32	3
34	33	2
35	0	1
35	1	2
35	2	1
35	4	1
35	6	1
35	9	1
35	11	1
35	12	1
35	13	1
35	14	3
35	15	2
35	18	3
35	19	1
35	20	2
35	21	3
35	23	3
35	24	2
35	25	2
35	26	2
35	27	2
35	28	2
35	29	4
35	30	1
35	31	5
35	32	2
35	33	5
35	34	3
36	2	3
36	3	4
36	4	3
36	6	1
36	8	2
36	10	1
36	11	3
36	12	3
36	13	1
36	23	1
36	24	4
36	25	1
36	26	2
36	29	2
36	31	1
36	32	1
36	33	1
36	34	5
36	35	6
37	0	1
37	2	1
37	3	2
37	5	1
37	6	1
37	7	2
37	10	3
37	11	1
37	13	1
37	15	1
37	18	2
37	19	1
37	21	1
37	24	2
37	25	2
37	28	1
37	29	4
37	30	3
37	31	2
37	32	4
37	33	3
37	34	1
37	35	3
37	36	4
38	2	2
38	3	4
38	5	2
38	6	1
38	7	3
38	8	1
38	9	1
38	10	2
38	11	3
38	12	3
38	13	4
38	15	2
38	16	1
38	18	1
38	19	1
38	21	1
38	22	4
38	23	2
38	24	1
38	26	1
38	27	3
38	28	2
38	29	1
38	30	1
38	31	1
38	32	1
38	34	4
38	35	4
38	36	3
38	37	3
39	1	1
39	2	1
39	5	1
39	8	2
39	12	1
39	13	2
39	15	1
39	19	1
39	20	1
39	22	1
39	24	2
39	27	1
39	28	5
39	30	4
39	32	2
39	33	1
39	37	1
39	38	2
40	1	2
40	2	1
40	7	2
40	8	1
40	9	2
40	10	2
40	11	3
40	12	3
40	13	3
40	14	2
40	15	6
40	16	1
40	17	2
40	18	1
40	19	2
40	20	3
40	21	3
40	23	1
40	24	1
40	25	1
40	28	2
40	30	1
40	31	1
40	33	1
40	34	3
40	35	1
40	37	1
40	38	7
40	39	2
41	1	1
41	4	1
41	6	1
41	8	2
41	10	3
41	12	3
41	13	1
41	15	1
41	18	2
41	22	1
41	24	1
41	26	1
41	27	2
41	28	2
41	30	4
41	31	1
41	32	2
41	33	1
41	35	2
41	36	1
41	37	4
41	38	1
41	39	4
41	40	6
42	1	2
42	2	1
42	4	1
42	6	1
42	9	1
42	10	2
42	13	1
42	14	1
42	17	1
42	18	1
42	24	1
42	25	2
42	26	1
42	27	2
42	28	4
42	31	2
42	32	1
42	34	2
42	35	2
42	37	2
42	38	4
42	39	4
42	40	3
42	41	3
43	1	1
43	2	1
43	3	2
43	5	1
43	8	2
43	10	1
43	11	1
43	12	3
43	16	1
43	17	1
43	18	2
43	23	1
43	24	1
43	25	1
43	26	3
43	27	1
43	29	1
43	30	4
43	31	1
43	32	3
43	33	2
43	34	2
43	35	4
43	37	4
43	38	7
43	39	4
43	40	4
43	41	3
43	42	2
44	5	2
44	7	2
44	10	3
44	11	1
44	20	1
44	21	1
44	23	1
44	25	1
44	27	1
44	28	2
44	29	4
44	31	1
44	33	1
44	34	1
44	36	2
44	37	2
44	38	2
44	39	3
44	40	2
44	41	2
44	42	2
44	43	1
45	0	1
45	6	1
45	10	1
45	15	2
45	23	1
45	25	2
45	26	1
45	30	4
45	31	3
45	32	2
45	33	2
45	35	3
45	36	1
45	37	3
45	38	1
45	39	2
45	40	5
45	42	1
45	43	6
45	44	3
46	8	2
46	10	3
46	11	3
46	13	1
46	14	1
46	15	1
46	19	1
46	24	2
46	26	1
46	27	1
46	28	1
46	29	2
46	31	2
46	34	3
46	35	2
46	36	2
46	37	5
46	38	3
46	39	1
46	40	2
46	41	1
46	42	2
46	43	2
46	45	3
47	2	1
47	3	1
47	4	1
47	11	1
47	12	2
47	16	1
47	18	2
47	20	1
47	23	1
47	24	3
47	25	2
47	26	2
47	27	2
47	28	2
47	29	1
47	30	3
47	32	2
47	33	3
47	34	3
47	35	9
47	36	1
47	37	1
47	38	2
47	39	1
47	41	1
47	42	1
47	44	3
47	45	2
47	46	5
48	3	2
48	5	1
48	6	2
48	7	1
48	8	2
48	9	2
48	10	2
48	11	3
48	12	1
48	13	3
48	14	1
48	15	3
48	18	1
48	19	1
48	20	1
48	24	1
48	25	3
48	27	3
48	28	2
48	29	1
48	31	1
48	34	7
48	35	6
48	36	1
48	38	1
48	39	2
48	41	1
48	44	5
48	45	1
48	47	1
49	0	1
49	1	1
49	2	1
49	4	2
49	5	1
49	6	2
49	9	1
49	10	2
49	11	1
49	12	2
49	13	2
49	14	1
49	17	1
49	18	1
49	19	3
49	20	3
49	22	2
49	23	2
49	24	2
49	25	2
49	26	4
49	27	2
49	28	4
49	29	3
49	30	2
49	31	3
49	32	1
49	33	5
49	34	6
49	35	4
49	36	2
49	37	4
49	38	4
49	39	2
49	40	1
49	41	2
49	42	1
49	43	1
49	46	1
49	48	3
50	1	1
50	3	2
50	7	1
50	9	1
50	11	1
50	13	1
50	15	1
50	18	2
50	19	2
50	20	3
50	23	2
50	24	2
50	25	3
50	26	4
50	27	4
50	28	1
50	31	1
50	32	2
50	33	1
50	34	5
50	35	2
50	36	2
50	37	1
50	38	4
50	39	1
50	41	2
50	42	1
50	43	2
50	45	1
50	46	1
50	48	1
50	49	6
51	1	2
51	2	1
51	3	1
51	4	1
51	6	1
51	7	1
51	8	4
51	9	2
51	10	3
51	11	1
51	12	2
51	13	2
51	14	1
51	18	2
51	19	1
51	20	1
51	21	1
51	23	1
51	24	2
51	26	1
51	28	1
51	30	1
51	32	2
51	33	1
51	34	5
51	35	2
51	36	2
51	37	2
51	38	3
51	39	1
51	40	3
51	42	1
51	43	2
51	44	3
51	45	1
51	46	1
51	47	3
51	48	2
51	49	5
51	50	4
52	1	2
52	2	1
52	4	1
52	8	1
52	10	2
52	12	1
52	13	3
52	14	2
52	15	1
52	16	3
52	18	2
52	19	2
52	21	1
52	23	1
52	24	1
52	25	1
52	26	2
52	27	1
52	28	5
52	29	2
52	30	1
52	31	1
52	32	1
52	33	1
52	34	1
52	37	1
52	38	3
52	41	1
52	42	1
52	45	2
52	46	1
52	48	1
52	49	6
52	51	6
53	1	1
53	2	1
53	3	1
53	4	2
53	5	2
53	7	1
53	8	1
53	9	2
53	10	2
53	11	1
53	12	2
53	14	1
53	17	2
53	18	1
53	19	2
53	20	3
53	22	4
53	23	1
53	24	1
53	25	3
53	26	1
53	27	1
53	28	5
53	30	2
53	31	2
53	32	1
53	33	2
53	35	2
53	37	3
53	38	6
53	39	4
53	40	3
53	41	4
53	42	3
53	43	2
53	44	3
53	45	2
53	46	1
53	47	1
53	49	3
53	50	1
53	51	7
53	52	2
54	0	1
54	1	3
54	2	4
54	3	1
54	4	3
54	5	2
54	8	1
54	9	1
54	10	1
54	11	1
54	12	2
54	13	3
54	14	1
54	15	3
54	17	2
54	18	2
54	19	2
54	20	1
54	22	1
54	23	3
54	24	1
54	27	1
54	28	3
54	30	1
54	31	2
54	34	2
54	35	1
54	38	5
54	39	1
54	40	3
54	41	1
54	42	1
54	43	1
54	44	1
54	47	3
54	48	3
54	49	3
54	50	1
54	51	1
54	52	7
54	53	2
55	1	2
55	2	1
55	3	2
55	5	2
55	6	2
55	7	2
55	8	2
55	9	1
55	10	1
55	11	2
55	12	2
55	13	1
55	14	2
55	15	2
55	16	2
55	18	3
55	19	5
55	20	4
55	21	1
55	22	1
55	23	4
55	24	2
55	25	1
55	26	3
55	28	4
55	29	1
55	30	1
55	31	2
55	33	1
55	35	1
55	36	1
55	37	2
55	38	4
55	39	6
55	40	4
55	42	1
55	44	2
55	45	1
55	46	2
55	47	1
55	48	2
55	49	5
55	50	1
55	51	5
55	52	1
55	53	6
55	54	8
56	3	1
56	4	2
56	5	1
56	8	2
56	11	2
56	12	4
56	18	3
56	19	1
56	20	2
56	21	1
56	22	2
56	24	1
56	25	1
56	26	2
56	28	2
56	30	1
56	33	1
56	34	2
56	35	1
56	37	3
56	38	8
56	39	4
56	40	5
56	41	2
56	42	1
56	43	2
56	44	2
56	46	2
56	47	1
56	48	1
56	49	3
56	51	1
56	53	2
56	54	2
56	55	2
57	1	1
57	4	1
57	8	1
57	11	2
57	12	1
57	13	2
57	14	2
57	15	1
57	16	1
57	18	1
57	19	1
57	22	1
57	24	3
57	25	1
57	29	1
57	32	1
57	33	1
57	34	2
57	35	2
57	36	1
57	37	1
57	38	7
57	39	4
57	41	2
57	42	2
57	43	2
57	44	3
57	45	2
57	46	3
57	47	1
57	49	1
57	51	2
57	52	4
57	53	1
57	55	3
57	56	5
58	1	2
58	3	1
58	6	1
58	7	1
58	17	1
58	18	1
58	20	2
58	22	2
58	24	1
58	26	2
58	28	1
58	29	2
58	30	2
58	34	2
58	35	3
58	36	4
58	37	3
58	38	5
58	39	1
58	40	3
58	41	2
58	44	2
58	45	2
58	46	4
58	47	4
58	48	2
58	51	3
58	52	4
58	53	4
58	54	2
58	55	1
58	56	1
58	57	3
59	1	1
59	2	1
59	3	1
59	5	1
59	8	1
59	9	2
59	10	4
59	11	4
59	12	1
59	13	1
59	14	1
59	15	1
59	16	1
59	17	1
59	18	2
59	19	3
59	21	1
59	22	2
59	23	2
59	24	3
59	25	2
59	26	3
59	28	3
59	30	1
59	31	3
59	32	1
59	33	2
59	34	2
59	35	1
59	36	2
59	37	2
59	38	5
59	39	2
59	40	1
59	41	5
59	42	4
59	43	2
59	46	2
59	47	3
59	48	2
59	49	4
59	50	4
59	51	1
59	52	6
59	53	5
59	54	1
59	55	3
59	56	3
59	57	4
59	58	4
60	1	1
60	2	1
60	4	3
60	7	1
60	8	1
60	10	1
60	11	2
60	12	1
60	13	2
60	14	1
60	15	1
60	17	4
60	18	1
60	19	1
60	20	1
60	23	2
60	24	1
60	26	3
60	27	2
60	28	2
60	30	2
60	32	2
60	33	2
60	34	1
60	35	2
60	36	3
60	37	3
60	38	2
60	39	2
60	42	1
60	43	1
60	44	2
60	45	2
60	46	3
60	47	2
60	48	2
60	49	2
60	50	2
60	51	5
60	52	5
60	53	2
60	54	2
60	55	2
60	56	2
60	57	3
60	58	2
60	59	1
