1	0	2
2	0	2
2	1	3
3	0	1
3	2	3
4	1	1
4	2	3
4	3	9
5	0	2
5	1	3
5	2	4
5	4	3
6	0	5
6	1	2
6	2	2
6	3	1
6	4	4
6	5	6
7	0	1
7	1	1
7	2	1
7	5	1
7	6	3
8	1	5
8	2	1
8	3	2
8	4	2
8	5	4
8	6	5
8	7	4
9	1	3
9	2	1
9	4	3
9	6	1
9	7	6
9	8	3
10	0	1
10	1	1
10	2	2
10	4	2
10	5	6
10	6	3
10	7	1
10	8	3
10	9	5
11	0	2
11	1	3
11	2	2
11	3	2
11	4	1
11	5	2
11	6	3
11	7	1
11	8	3
11	9	1
11	10	3
12	1	2
12	2	5
12	3	2
12	4	3
12	5	3
12	6	8
12	7	1
12	8	5
12	9	2
12	10	7
12	11	5
13	0	4
13	1	2
13	2	2
13	3	1
13	4	1
13	6	1
13	7	2
13	8	8
13	9	6
13	10	3
13	11	1
13	12	2
14	0	1
14	1	5
14	2	2
14	3	3
14	4	3
14	5	3
14	6	4
14	7	1
14	8	7
14	9	3
14	10	6
14	11	2
14	12	4
14	13	2
15	0	5
15	1	5
15	2	4
15	4	1
15	5	2
15	6	1
15	7	6
15	8	5
15	9	2
15	10	2
15	11	3
15	12	2
15	13	6
15	14	4
16	2	2
16	3	1
16	4	1
16	7	1
16	9	4
16	10	2
16	11	1
16	13	2
16	14	5
16	15	2
17	1	1
17	2	2
17	3	4
17	5	1
17	6	2
17	7	3
17	8	5
17	9	2
17	10	1
17	11	1
17	12	2
17	15	4
17	16	2
18	1	2
18	2	2
18	3	1
18	4	3
18	5	4
18	6	2
18	7	3
18	8	1
18	9	1
18	10	3
18	11	2
18	12	5
18	13	2
18	14	3
18	15	2
18	16	1
18	17	2
19	0	2
19	1	1
19	2	1
19	3	1
19	4	1
19	5	1
19	6	1
19	7	1
19	8	2
19	11	2
19	12	3
19	14	1
19	15	3
19	16	3
19	17	2
20	0	1
20	2	5
20	3	4
20	4	2
20	5	3
20	6	2
20	7	1
20	8	1
20	9	2
20	10	1
20	11	2
20	13	3
20	14	1
20	15	1
20	16	1
20	18	2
20	19	1
21	0	1
21	1	1
21	2	1
21	3	1
21	4	2
21	6	3
21	8	1
21	10	5
21	11	2
21	12	1
21	13	1
21	14	2
21	15	4
21	16	1
21	17	2
21	19	1
21	20	1
22	1	1
22	3	1
22	4	2
22	5	1
22	6	1
22	7	2
22	8	1
22	9	3
22	10	2
22	11	1
22	12	2
22	13	1
22	14	1
22	17	1
22	18	1
22	19	2
22	20	1
23	0	1
23	1	5
23	3	3
23	4	2
23	10	2
23	12	1
23	15	2
23	18	5
23	19	1
23	20	1
23	22	1
24	1	4
24	3	2
24	4	1
24	5	1
24	6	1
24	7	1
24	8	2
24	9	1
24	10	2
24	11	2
24	12	4
24	13	2
24	14	5
24	15	2
24	16	1
24	17	2
24	18	1
24	19	1
24	20	2
24	22	1
24	23	4
25	0	3
25	1	3
25	3	2
25	4	1
25	5	3
25	6	2
25	7	1
25	8	2
25	9	4
25	11	5
25	12	1
25	13	1
25	15	2
25	16	1
25	17	3
25	18	1
25	19	3
25	21	3
25	23	3
25	24	3
26	0	1
26	2	1
26	4	1
26	7	1
26	10	1
26	11	3
26	13	1
26	14	1
26	19	3
26	20	3
26	22	1
26	23	1
26	24	1
26	25	3
27	1	4
27	4	1
27	5	1
27	9	1
27	10	1
27	11	1
27	12	2
27	13	1
27	15	1
27	18	2
27	22	1
27	23	1
27	24	3
27	25	4
27	26	4
28	1	1
28	2	2
28	3	3
28	4	1
28	5	1
28	7	1
28	8	2
28	9	4
28	10	2
28	11	2
28	12	2
28	13	2
28	14	2
28	15	1
28	16	2
28	18	7
28	19	3
28	20	2
28	21	3
28	22	3
28	23	2
28	25	1
29	1	2
29	4	1
29	10	1
29	13	3
29	18	1
29	19	2
29	24	1
29	25	1
29	28	1
30	3	1
30	5	1
30	7	1
30	9	2
30	10	1
30	11	2
30	13	2
30	14	1
30	17	2
30	24	1
30	26	2
30	29	2
31	9	1
31	10	1
31	14	1
31	21	1
31	26	2
31	27	1
31	28	2
31	29	6
31	30	5
32	9	1
32	10	3
32	17	1
32	18	1
32	24	1
32	25	1
32	27	4
32	29	2
32	30	3
32	31	3
33	0	2
33	1	1
33	2	1
33	3	2
33	4	3
33	5	1
33	9	1
33	12	1
33	18	3
33	23	2
33	25	1
33	26	1
33	27	4
33	29	1
33	30	4
33	31	2
33	32	4
34	1	1
34	2	1
34	4	1
34	5	1
34	6	4
34	11	4
34	12	2
34	13	1
34	15	2
34	18	1
34	19	2
34	20	2
34	21	1
34	24	3
34	25	2
34	27	1
34	28	4
34	29	1
34	31	1
34	33	3
35	1	2
35	2	2
35	3	1
35	4	1
35	5	1
35	6	2
35	10	1
35	11	3
35	12	4
35	14	1
35	15	2
35	18	2
35	21	2
35	23	3
35	24	2
35	25	1
35	27	3
35	29	2
35	30	2
35	31	2
35	32	3
35	33	3
35	34	3
36	2	3
36	3	1
36	7	1
36	10	1
36	11	2
36	12	1
36	13	2
36	15	1
36	16	2
36	18	1
36	24	2
36	26	2
36	27	2
36	28	1
36	30	3
36	34	8
36	35	2
37	0	1
37	3	2
37	6	1
37	8	1
37	9	1
37	10	1
37	11	5
37	14	3
37	21	1
37	24	2
37	26	1
37	27	1
37	28	1
37	30	3
37	31	1
37	32	4
37	33	2
37	34	2
37	35	3
38	0	1
38	1	1
38	2	1
38	4	5
38	5	2
38	6	1
38	8	1
38	11	3
38	13	1
38	14	1
38	15	2
38	16	2
38	17	1
38	18	1
38	19	3
38	21	1
38	22	1
38	24	2
38	25	1
38	26	1
38	27	2
38	28	5
38	29	1
38	30	2
38	31	3
38	32	3
38	33	2
38	34	1
38	35	5
38	36	4
38	37	3
39	3	1
39	4	2
39	6	1
39	7	2
39	8	3
39	9	3
39	10	4
39	12	2
39	13	2
39	14	1
39	15	1
39	21	2
39	22	3
39	23	1
39	24	2
39	25	1
39	27	1
39	28	5
39	29	1
39	30	1
39	31	2
39	32	2
39	33	1
39	34	3
39	35	2
39	36	2
39	38	7
40	0	1
40	2	1
40	3	2
40	4	3
40	5	1
40	6	2
40	7	1
40	9	1
40	10	3
40	11	4
40	12	4
40	13	2
40	14	3
40	15	2
40	16	2
40	18	2
40	19	1
40	20	2
40	21	1
40	23	1
40	24	2
40	25	2
40	26	2
40	27	1
40	28	1
40	29	3
40	32	2
40	34	3
40	35	3
40	36	1
40	37	3
40	38	1
40	39	1
41	4	2
41	6	1
41	7	1
41	8	2
41	9	1
41	10	1
41	11	1
41	13	1
41	14	2
41	18	1
41	24	2
41	25	3
41	28	2
41	29	2
41	30	2
41	31	1
41	32	3
41	33	1
41	34	1
41	35	4
41	37	5
41	38	1
41	39	3
41	40	1
42	2	1
42	3	1
42	5	2
42	8	2
42	10	1
42	11	2
42	12	2
42	13	1
42	14	2
42	15	1
42	18	3
42	24	1
42	28	1
42	30	2
42	31	3
42	32	1
42	35	2
42	37	3
42	38	5
42	39	8
42	40	3
42	41	7
43	1	1
43	2	1
43	3	2
43	9	3
43	11	2
43	12	1
43	13	1
43	14	2
43	18	1
43	21	1
43	24	1
43	25	2
43	26	1
43	27	1
43	28	5
43	29	3
43	30	2
43	31	4
43	32	3
43	36	1
43	37	6
43	38	5
43	40	4
43	41	3
43	42	3
44	4	1
44	5	1
44	7	2
44	9	3
44	10	4
44	11	1
44	12	1
44	19	1
44	20	1
44	23	2
44	24	1
44	25	2
44	26	2
44	27	1
44	28	3
44	30	3
44	31	2
44	32	5
44	34	1
44	35	3
44	37	2
44	38	1
44	39	3
44	40	1
44	41	4
44	42	3
44	43	3
45	2	1
45	3	1
45	6	1
45	11	2
45	15	1
45	16	1
45	22	1
45	24	1
45	25	1
45	27	3
45	29	1
45	31	1
45	32	3
45	33	2
45	35	4
45	36	2
45	38	2
45	39	2
45	40	1
45	41	2
45	42	1
45	43	11
45	44	2
46	0	2
46	1	1
46	4	1
46	10	1
46	11	2
46	14	1
46	19	1
46	23	1
46	24	3
46	25	3
46	28	3
46	29	2
46	30	2
46	31	2
46	32	2
46	33	3
46	34	3
46	35	4
46	36	1
46	37	2
46	38	2
46	39	4
46	40	1
46	41	3
46	42	1
46	43	2
46	44	1
46	45	3
47	0	1
47	1	2
47	2	2
47	4	2
47	12	1
47	13	1
47	15	1
47	23	2
47	25	3
47	26	2
47	27	2
47	28	1
47	29	1
47	30	1
47	32	2
47	33	2
47	34	2
47	35	3
47	36	1
47	37	1
47	38	4
47	39	3
47	40	1
47	42	1
47	44	1
47	45	2
47	46	7
48	1	2
48	4	1
48	5	2
48	6	1
48	9	2
48	10	1
48	12	2
48	13	5
48	14	1
48	15	2
48	18	1
48	20	1
48	21	1
48	22	2
48	23	3
48	24	3
48	25	3
48	27	6
48	28	1
48	29	1
48	31	1
48	32	3
48	33	1
48	34	9
48	35	3
48	36	5
48	37	1
48	38	2
48	39	1
48	40	1
48	42	1
48	43	1
48	45	3
49	1	1
49	2	1
49	3	1
49	4	1
49	5	1
49	6	1
49	7	1
49	9	2
49	10	2
49	11	1
49	13	3
49	14	3
49	15	4
49	16	1
49	18	3
49	19	2
49	20	3
49	21	3
49	24	3
49	25	1
49	26	2
49	27	2
49	28	3
49	29	4
49	30	1
49	31	3
49	32	4
49	33	1
49	34	3
49	35	5
49	36	4
49	37	2
49	38	2
49	39	6
49	40	2
49	42	1
49	43	1
49	44	3
49	45	1
49	46	3
49	47	2
49	48	3
50	1	2
50	2	1
50	4	1
50	9	2
50	11	2
50	13	2
50	19	2
50	20	1
50	23	2
50	24	5
50	25	5
50	26	1
50	27	1
50	30	1
50	32	3
50	33	3
50	34	2
50	35	2
50	36	2
50	37	2
50	38	5
50	39	1
50	40	1
50	41	3
50	43	2
50	46	2
50	48	2
50	49	4
51	1	1
51	2	6
51	5	1
51	6	1
51	7	1
51	8	1
51	9	2
51	10	2
51	11	3
51	12	3
51	14	3
51	18	2
51	19	1
51	22	3
51	23	2
51	24	5
51	25	3
51	27	2
51	28	1
51	29	2
51	32	4
51	33	3
51	34	4
51	35	6
51	36	1
51	37	5
51	38	4
51	39	2
51	40	2
51	41	4
51	42	3
51	43	2
51	44	1
51	46	2
51	47	1
51	48	2
51	49	3
51	50	2
52	1	1
52	3	1
52	4	2
52	5	4
52	7	2
52	9	2
52	10	1
52	11	1
52	12	1
52	13	2
52	14	2
52	15	1
52	18	3
52	19	2
52	20	1
52	23	2
52	24	1
52	25	1
52	26	1
52	27	2
52	28	2
52	30	1
52	32	2
52	33	2
52	34	2
52	35	2
52	38	3
52	39	1
52	40	2
52	41	1
52	42	3
52	43	1
52	44	5
52	45	4
52	47	1
52	49	2
52	50	1
52	51	5
53	1	1
53	2	1
53	3	1
53	4	1
53	5	2
53	6	1
53	7	1
53	8	1
53	9	1
53	10	6
53	11	1
53	12	1
53	13	1
53	14	1
53	15	1
53	16	3
53	17	1
53	18	2
53	19	2
53	20	2
53	21	3
53	22	1
53	23	1
53	24	1
53	25	3
53	27	1
53	28	1
53	31	3
53	32	4
53	34	2
53	35	3
53	36	1
53	37	6
53	38	5
53	39	4
53	40	2
53	41	3
53	42	2
53	43	1
53	44	2
53	45	1
53	46	1
53	47	2
53	48	3
53	49	4
53	50	1
53	51	8
53	52	3
54	0	1
54	1	1
54	2	1
54	3	2
54	4	2
54	5	2
54	8	1
54	10	3
54	12	2
54	13	3
54	14	3
54	18	2
54	19	2
54	20	1
54	21	1
54	22	2
54	23	2
54	24	5
54	26	2
54	28	1
54	29	2
54	30	3
54	31	1
54	32	1
54	34	1
54	36	2
54	37	1
54	38	1
54	39	2
54	40	3
54	41	2
54	42	1
54	43	2
54	44	2
54	46	1
54	48	1
54	49	4
54	51	1
54	52	7
54	53	1
55	0	4
55	1	1
55	2	1
55	3	1
55	4	3
55	5	1
55	6	1
55	7	2
55	10	1
55	11	2
55	12	1
55	13	1
55	14	1
55	15	1
55	18	3
55	19	1
55	20	2
55	21	4
55	24	1
55	26	1
55	28	6
55	29	1
55	30	1
55	31	1
55	33	2
55	34	2
55	36	2
55	37	2
55	38	4
55	39	3
55	40	1
55	41	2
55	42	3
55	43	2
55	44	1
55	45	2
55	46	2
55	48	1
55	49	2
55	50	3
55	52	3
55	53	5
55	54	6
56	1	1
56	2	1
56	4	2
56	5	1
56	8	1
56	10	1
56	11	1
56	12	2
56	13	1
56	16	1
56	19	1
56	21	1
56	22	1
56	24	2
56	26	3
56	27	1
56	28	3
56	30	2
56	31	2
56	32	1
56	33	1
56	35	4
56	36	1
56	37	1
56	38	5
56	39	2
56	40	1
56	41	1
56	42	3
56	43	2
56	44	1
56	46	1
56	48	1
56	49	1
56	50	1
56	51	2
56	52	2
56	53	2
56	54	3
56	55	3
57	1	3
57	2	2
57	3	1
57	4	2
57	6	2
57	9	1
57	10	1
57	11	3
57	12	1
57	14	1
57	15	1
57	20	2
57	22	1
57	24	3
57	26	1
57	27	1
57	28	3
57	29	1
57	31	2
57	32	1
57	33	1
57	34	3
57	35	1
57	36	3
57	37	2
57	38	4
57	40	1
57	41	2
57	42	1
57	43	3
57	44	3
57	45	1
57	47	2
57	48	1
57	50	3
57	51	1
57	52	4
57	54	2
57	55	3
57	56	4
58	1	1
58	4	1
58	6	1
58	7	2
58	10	1
58	11	3
58	16	1
58	17	2
58	24	1
58	25	1
58	26	1
58	27	1
58	28	1
58	29	1
58	30	3
58	31	1
58	34	2
58	35	2
58	36	5
58	38	3
58	39	2
58	41	1
58	44	2
58	45	2
58	46	7
58	47	3
58	49	1
58	51	4
58	52	1
58	53	2
58	56	1
58	57	2
59	1	4
59	3	1
59	4	2
59	5	1
59	6	2
59	9	2
59	11	3
59	13	2
59	15	1
59	17	2
59	18	3
59	19	1
59	21	1
59	22	3
59	23	5
59	24	3
59	25	1
59	27	1
59	29	1
59	30	1
59	31	1
59	32	3
59	33	1
59	34	2
59	35	1
59	36	2
59	37	2
59	38	2
59	40	2
59	41	3
59	42	2
59	43	1
59	44	1
59	45	3
59	46	2
59	47	2
59	49	3
59	50	3
59	51	3
59	52	5
59	53	5
59	54	6
59	55	5
59	56	2
59	57	1
60	2	1
60	7	1
60	11	2
60	12	2
60	13	1
60	15	2
60	17	3
60	19	1
60	20	1
60	23	1
60	25	2
60	26	2
60	28	3
60	29	3
60	30	1
60	31	2
60	32	1
60	33	3
60	34	3
60	35	3
60	37	3
60	38	1
60	39	1
60	41	1
60	42	2
60	43	5
60	45	4
60	46	2
60	47	5
60	49	4
60	50	2
60	51	2
60	52	1
60	53	2
60	54	2
60	55	2
60	56	1
60	57	1
60	58	3
60	59	2
