1	0	1
2	0	2
2	1	1
3	0	1
3	2	1
4	0	1
4	1	2
4	2	4
4	3	5
5	0	2
5	1	2
5	2	1
5	3	1
5	4	3
6	1	1
6	2	1
6	4	1
6	5	1
7	0	2
7	1	1
7	5	1
7	6	4
8	0	1
8	1	3
8	2	3
8	3	1
8	4	2
8	5	2
8	6	2
8	7	5
9	0	2
9	1	2
9	2	3
9	4	1
9	5	2
9	6	2
9	7	8
9	8	3
10	0	2
10	1	2
10	2	2
10	4	1
10	5	3
10	6	5
10	7	3
10	8	6
10	9	5
11	0	1
11	1	2
11	2	2
11	4	1
11	6	3
11	7	4
11	8	5
11	9	5
11	10	7
12	0	2
12	1	1
12	2	2
12	3	1
12	4	1
12	5	3
12	6	3
12	7	3
12	8	2
12	9	3
12	10	2
12	11	2
13	0	1
13	1	3
13	2	2
13	4	3
13	5	2
13	6	4
13	7	2
13	8	9
13	9	6
13	10	2
13	11	4
13	12	8
14	0	2
14	2	3
14	3	2
14	6	2
14	7	2
14	8	4
14	10	1
14	11	2
14	12	4
14	13	3
15	0	3
15	1	4
15	2	1
15	3	3
15	4	1
15	5	1
15	8	4
15	9	3
15	11	3
15	12	3
15	13	4
15	14	1
16	2	2
16	3	1
16	4	3
16	5	1
16	6	1
16	9	1
16	10	2
16	12	2
16	13	2
16	14	1
16	15	5
17	0	3
17	1	2
17	2	3
17	3	2
17	6	1
17	7	2
17	8	4
17	9	1
17	10	3
17	11	2
17	12	1
17	13	3
17	14	2
17	15	2
17	16	6
18	0	1
18	1	2
18	2	5
18	3	1
18	4	1
18	5	3
18	6	1
18	8	1
18	9	5
18	10	2
18	11	4
18	12	3
18	13	2
18	14	2
18	15	2
18	16	2
18	17	1
19	0	2
19	1	2
19	2	2
19	3	7
19	4	1
19	6	4
19	7	2
19	9	1
19	10	5
19	11	3
19	13	4
19	14	5
19	15	5
19	16	1
19	17	2
20	1	1
20	2	1
20	3	2
20	4	4
20	5	1
20	6	6
20	7	1
20	8	2
20	9	2
20	10	1
20	11	1
20	12	3
20	13	1
20	14	3
20	15	3
20	16	3
20	18	2
20	19	3
21	0	3
21	1	2
21	2	2
21	3	4
21	4	2
21	5	2
21	7	1
21	9	2
21	10	5
21	11	1
21	12	4
21	13	2
21	15	1
21	16	1
21	17	2
21	18	4
21	19	1
21	20	2
22	1	1
22	2	2
22	4	3
22	5	6
22	6	1
22	7	2
22	8	1
22	9	2
22	10	2
22	11	4
22	12	2
22	13	1
22	15	1
22	16	1
22	17	1
22	19	1
22	20	3
22	21	1
23	0	2
23	1	2
23	2	2
23	3	4
23	4	2
23	5	1
23	8	2
23	9	1
23	10	4
23	11	1
23	13	1
23	14	1
23	15	1
23	17	2
23	18	2
23	20	1
23	21	3
23	22	1
24	1	5
24	3	4
24	4	1
24	8	2
24	9	1
24	10	3
24	11	1
24	12	4
24	13	4
24	14	7
24	15	2
24	17	1
24	18	2
24	19	5
24	20	2
24	23	1
25	1	1
25	2	1
25	3	1
25	4	4
25	5	1
25	6	2
25	9	2
25	10	2
25	11	3
25	13	3
25	15	3
25	16	1
25	17	1
25	18	1
25	19	1
25	20	2
25	21	1
25	22	2
25	23	2
25	24	4
26	0	1
26	2	3
26	4	1
26	5	1
26	7	1
26	10	3
26	11	2
26	12	1
26	13	1
26	15	2
26	19	1
26	24	4
26	25	3
27	1	1
27	2	2
27	3	1
27	4	1
27	5	1
27	7	2
27	8	1
27	9	2
27	11	4
27	13	1
27	14	1
27	15	1
27	18	1
27	19	1
27	24	3
27	26	5
28	0	1
28	1	2
28	2	3
28	3	1
28	5	5
28	8	2
28	10	6
28	11	1
28	12	1
28	13	1
28	14	1
28	15	4
28	16	1
28	18	2
28	20	3
28	22	5
28	23	2
28	24	1
28	25	2
28	26	2
28	27	2
29	10	1
29	12	2
29	25	1
29	26	1
29	28	1
30	3	2
30	5	1
30	9	1
30	11	2
30	12	3
30	13	1
30	14	1
30	17	1
30	18	1
30	24	1
30	25	2
30	27	3
30	28	1
30	29	1
31	8	2
31	10	2
31	11	2
31	14	1
31	19	1
31	21	1
31	25	2
31	26	1
31	28	1
31	29	5
31	30	5
32	1	1
32	11	1
32	12	2
32	16	1
32	22	1
32	25	1
32	26	1
32	27	4
32	28	1
32	29	2
33	1	1
33	5	1
33	8	1
33	11	2
33	12	1
33	13	1
33	14	3
33	18	1
33	25	3
33	26	2
33	27	3
33	28	1
33	29	1
33	30	3
33	31	5
33	32	4
34	1	2
34	4	1
34	5	1
34	6	1
34	9	2
34	12	1
34	13	2
34	18	2
34	19	2
34	21	1
34	22	1
34	23	1
34	24	3
34	25	1
34	26	3
34	27	2
34	28	3
34	30	2
34	31	5
34	32	2
34	33	4
35	0	1
35	1	3
35	8	2
35	9	5
35	10	1
35	11	1
35	12	1
35	13	1
35	14	1
35	15	1
35	16	1
35	17	1
35	18	2
35	19	1
35	20	1
35	22	2
35	24	5
35	25	4
35	26	1
35	27	1
35	28	1
35	29	4
35	30	2
35	31	2
35	32	2
35	33	5
35	34	3
36	2	2
36	3	1
36	4	1
36	10	3
36	11	1
36	12	1
36	13	2
36	14	1
36	15	1
36	16	1
36	18	1
36	22	1
36	24	3
36	26	1
36	29	1
36	31	2
36	32	4
36	33	1
36	34	4
36	35	1
37	4	2
37	5	1
37	7	1
37	8	2
37	9	2
37	10	1
37	11	2
37	13	1
37	15	1
37	18	1
37	19	1
37	20	2
37	21	1
37	24	1
37	25	1
37	26	1
37	27	3
37	28	6
37	29	2
37	30	2
37	32	4
37	33	3
37	34	2
37	35	2
37	36	1
38	3	1
38	5	1
38	6	1
38	7	1
38	11	1
38	12	2
38	13	1
38	14	2
38	15	2
38	16	1
38	17	1
38	18	1
38	19	1
38	20	1
38	21	1
38	22	1
38	23	1
38	25	2
38	28	7
38	31	1
38	32	3
38	33	6
38	34	2
38	35	4
38	36	3
38	37	7
39	1	2
39	2	3
39	3	2
39	4	2
39	6	1
39	7	2
39	8	1
39	9	1
39	10	3
39	11	2
39	13	3
39	14	1
39	18	3
39	20	2
39	21	4
39	26	3
39	28	4
39	29	2
39	30	1
39	31	1
39	32	2
39	33	2
39	34	1
39	35	3
39	36	1
39	37	2
39	38	3
40	2	2
40	3	2
40	4	2
40	5	2
40	8	1
40	9	2
40	10	2
40	12	2
40	13	2
40	15	2
40	16	1
40	17	1
40	18	1
40	19	1
40	20	1
40	22	1
40	24	1
40	25	1
40	26	1
40	28	2
40	29	2
40	32	2
40	33	1
40	35	3
40	36	1
40	37	2
40	38	5
40	39	3
41	1	1
41	4	2
41	5	1
41	7	2
41	8	1
41	9	3
41	10	4
41	11	1
41	12	1
41	13	2
41	14	1
41	15	1
41	20	2
41	22	1
41	24	1
41	26	1
41	28	1
41	29	3
41	30	3
41	31	1
41	33	1
41	34	2
41	35	6
41	36	2
41	37	3
41	39	2
41	40	2
42	2	2
42	4	1
42	5	1
42	6	2
42	8	1
42	9	1
42	10	3
42	15	2
42	18	1
42	19	2
42	20	3
42	24	1
42	26	1
42	27	1
42	28	3
42	31	1
42	32	3
42	33	3
42	35	1
42	37	4
42	38	3
42	39	5
42	40	1
42	41	5
43	1	1
43	4	2
43	7	1
43	8	4
43	10	2
43	11	1
43	12	2
43	13	2
43	17	1
43	20	2
43	21	1
43	24	1
43	28	4
43	29	2
43	30	2
43	31	1
43	32	3
43	33	1
43	34	2
43	35	3
43	36	1
43	37	7
43	38	2
43	39	2
43	40	2
43	41	5
43	42	4
44	5	3
44	10	2
44	11	1
44	18	2
44	19	2
44	25	1
44	26	2
44	28	3
44	30	1
44	32	2
44	33	3
44	34	1
44	37	3
44	38	3
44	39	4
44	41	2
44	42	2
44	43	3
45	3	2
45	5	2
45	9	1
45	10	1
45	15	1
45	19	1
45	20	1
45	22	3
45	23	2
45	26	1
45	29	1
45	30	3
45	31	1
45	35	3
45	38	3
45	39	1
45	40	4
45	41	2
45	42	3
45	43	6
45	44	2
46	1	1
46	2	2
46	3	2
46	4	1
46	10	1
46	15	2
46	18	1
46	19	1
46	24	4
46	26	1
46	29	4
46	30	2
46	31	1
46	32	3
46	33	1
46	34	3
46	35	7
46	36	2
46	37	3
46	38	2
46	39	1
46	40	1
46	41	1
46	42	3
46	43	5
46	44	2
46	45	3
47	0	1
47	1	1
47	3	2
47	11	2
47	12	1
47	20	1
47	21	1
47	23	1
47	24	1
47	25	1
47	27	2
47	28	1
47	29	2
47	32	3
47	33	4
47	34	1
47	35	2
47	37	1
47	38	3
47	40	3
47	41	2
47	43	2
47	44	2
47	45	1
47	46	9
48	1	2
48	2	1
48	4	3
48	6	2
48	10	2
48	11	3
48	12	3
48	13	3
48	14	2
48	15	1
48	16	2
48	18	3
48	19	1
48	20	1
48	22	1
48	23	1
48	25	3
48	26	2
48	27	3
48	28	2
48	29	1
48	33	3
48	34	1
48	35	2
48	36	3
48	37	2
48	38	1
48	40	1
48	41	2
48	43	1
48	46	1
49	1	3
49	3	2
49	4	2
49	6	2
49	8	1
49	10	1
49	11	1
49	12	2
49	14	3
49	16	1
49	17	1
49	18	2
49	19	2
49	20	1
49	21	1
49	24	4
49	25	4
49	26	1
49	27	3
49	28	2
49	29	2
49	30	1
49	31	1
49	32	3
49	33	2
49	34	7
49	35	3
49	36	4
49	38	4
49	39	1
49	40	1
49	42	1
49	45	1
49	46	1
49	48	6
50	1	1
50	2	1
50	4	2
50	8	1
50	9	1
50	10	2
50	11	3
50	12	1
50	13	1
50	15	1
50	19	2
50	20	2
50	21	3
50	23	1
50	24	1
50	25	1
50	26	3
50	27	1
50	28	2
50	29	1
50	31	1
50	32	1
50	33	1
50	34	3
50	35	1
50	36	2
50	38	2
50	39	1
50	40	1
50	42	1
50	46	3
50	48	6
51	1	2
51	3	1
51	5	1
51	6	1
51	8	1
51	9	2
51	10	3
51	11	2
51	12	3
51	14	2
51	15	2
51	18	1
51	19	3
51	20	2
51	21	1
51	22	1
51	24	3
51	25	2
51	26	1
51	27	2
51	28	2
51	30	2
51	32	1
51	33	1
51	34	5
51	35	3
51	36	5
51	37	2
51	38	6
51	39	2
51	42	2
51	43	2
51	44	5
51	45	3
51	46	6
51	47	1
51	48	1
51	49	7
51	50	2
52	1	1
52	2	2
52	3	2
52	4	2
52	5	1
52	7	1
52	8	1
52	10	1
52	11	3
52	12	2
52	13	1
52	14	1
52	15	1
52	16	1
52	17	2
52	18	2
52	19	1
52	20	3
52	23	1
52	24	3
52	25	4
52	26	1
52	27	2
52	28	2
52	29	1
52	30	3
52	31	2
52	32	1
52	33	1
52	34	2
52	35	3
52	36	1
52	37	3
52	38	3
52	39	4
52	40	2
52	41	2
52	42	1
52	43	3
52	44	3
52	46	2
52	47	2
52	48	1
52	49	3
52	50	2
52	51	2
53	4	4
53	7	1
53	8	1
53	9	3
53	10	2
53	11	1
53	13	1
53	14	3
53	15	1
53	18	4
53	20	3
53	21	1
53	22	1
53	23	2
53	28	5
53	30	2
53	32	3
53	33	2
53	34	2
53	35	3
53	36	2
53	37	1
53	38	7
53	39	3
53	40	3
53	41	2
53	43	1
53	44	2
53	45	1
53	49	2
53	50	3
53	51	1
53	52	1
54	1	2
54	2	1
54	4	3
54	5	1
54	8	2
54	9	2
54	10	1
54	11	1
54	12	1
54	14	2
54	17	1
54	20	4
54	21	1
54	22	2
54	23	1
54	25	1
54	26	1
54	27	1
54	28	2
54	31	1
54	34	1
54	35	2
54	36	2
54	37	2
54	38	3
54	39	1
54	40	1
54	41	1
54	42	1
54	43	1
54	47	1
54	49	5
54	51	1
54	52	4
54	53	2
55	1	3
55	2	1
55	3	1
55	4	1
55	5	5
55	6	3
55	8	1
55	9	1
55	10	2
55	11	1
55	12	1
55	13	1
55	14	1
55	15	5
55	17	1
55	18	3
55	19	1
55	20	2
55	22	4
55	23	1
55	24	3
55	25	1
55	26	1
55	27	2
55	28	11
55	29	1
55	30	2
55	31	1
55	32	1
55	33	1
55	34	1
55	35	2
55	36	3
55	37	4
55	38	3
55	39	4
55	41	1
55	42	1
55	43	1
55	44	2
55	45	2
55	46	1
55	47	1
55	48	3
55	49	2
55	50	2
55	51	1
55	52	3
55	53	7
55	54	4
56	0	1
56	3	1
56	5	1
56	8	1
56	10	4
56	12	2
56	13	1
56	14	2
56	16	1
56	18	3
56	19	2
56	20	1
56	21	4
56	23	1
56	24	2
56	27	1
56	28	2
56	30	1
56	32	1
56	33	1
56	36	2
56	37	2
56	38	4
56	39	5
56	40	2
56	42	4
56	43	1
56	44	4
56	45	2
56	46	1
56	48	1
56	49	3
56	51	4
56	52	3
56	53	2
56	54	2
56	55	3
57	0	1
57	1	1
57	4	1
57	6	1
57	8	1
57	9	1
57	10	1
57	11	2
57	12	1
57	13	1
57	15	1
57	18	1
57	19	1
57	22	1
57	24	3
57	28	1
57	29	1
57	31	2
57	32	1
57	34	1
57	35	2
57	36	5
57	37	1
57	38	2
57	39	1
57	41	1
57	44	2
57	45	1
57	46	4
57	47	3
57	48	3
57	49	1
57	50	1
57	51	4
57	52	1
57	53	2
57	54	5
57	55	2
57	56	2
58	2	1
58	3	1
58	6	1
58	7	1
58	14	2
58	17	2
58	18	2
58	20	3
58	24	2
58	25	1
58	27	2
58	28	1
58	29	2
58	30	2
58	31	1
58	32	2
58	33	2
58	34	3
58	35	6
58	37	2
58	38	3
58	41	4
58	42	1
58	43	3
58	44	2
58	45	1
58	46	2
58	47	5
58	48	1
58	49	5
58	50	2
58	51	2
58	53	1
58	54	4
58	55	3
58	56	1
58	57	1
59	1	1
59	2	1
59	3	2
59	4	1
59	5	1
59	6	1
59	9	3
59	10	3
59	12	2
59	13	2
59	14	5
59	15	1
59	17	1
59	18	1
59	19	1
59	20	3
59	21	3
59	22	1
59	23	1
59	25	2
59	26	2
59	27	2
59	30	3
59	32	1
59	34	6
59	35	3
59	36	3
59	37	1
59	38	2
59	39	2
59	41	2
59	43	3
59	44	1
59	45	2
59	46	2
59	47	5
59	49	1
59	50	3
59	51	3
59	52	8
59	53	1
59	54	2
59	55	5
59	56	2
59	57	5
59	58	3
60	0	1
60	1	1
60	3	2
60	4	1
60	7	1
60	8	3
60	10	1
60	11	1
60	12	1
60	13	1
60	23	2
60	25	1
60	26	1
60	27	1
60	28	3
60	29	1
60	31	1
60	33	1
60	34	1
60	35	1
60	36	3
60	37	1
60	38	2
60	40	1
60	41	1
60	42	2
60	43	1
60	44	1
60	45	2
60	46	2
60	47	5
60	48	2
60	49	1
60	50	1
60	52	3
60	54	1
60	55	4
60	56	4
60	57	3
60	58	2
60	59	2
