1	0	4
2	0	1
3	0	2
3	1	2
3	2	5
4	1	2
4	2	6
4	3	8
5	1	2
5	2	1
5	3	1
5	4	1
6	1	1
6	2	1
6	3	1
6	4	2
6	5	3
7	0	2
7	3	2
7	4	3
7	5	1
7	6	4
8	0	2
8	2	1
8	4	1
8	5	3
8	6	6
8	7	6
9	0	1
9	1	3
9	2	2
9	4	1
9	5	2
9	6	3
9	7	3
9	8	7
10	0	3
10	1	1
10	2	2
10	3	1
10	4	3
10	5	4
10	6	3
10	7	2
10	9	6
11	1	4
11	3	2
11	4	3
11	6	3
11	7	2
11	8	1
11	9	4
11	10	2
12	0	1
12	1	2
12	2	5
12	3	3
12	4	6
12	5	1
12	6	4
12	7	5
12	8	7
12	9	8
12	10	1
13	0	1
13	1	5
13	2	3
13	4	3
13	5	1
13	6	1
13	7	3
13	8	6
13	9	4
13	10	2
13	11	1
13	12	6
14	0	1
14	1	3
14	2	4
14	5	1
14	6	1
14	7	1
14	8	1
14	9	3
14	10	2
14	11	2
14	12	6
14	13	5
15	0	1
15	1	2
15	2	3
15	3	4
15	4	1
15	7	3
15	8	2
15	9	4
15	10	2
15	12	5
15	13	4
15	14	3
16	1	1
16	2	5
16	3	1
16	5	3
16	7	1
16	9	2
16	10	3
16	12	2
16	14	2
16	15	4
17	0	2
17	1	1
17	4	1
17	5	1
17	6	1
17	7	2
17	8	1
17	10	1
17	11	2
17	13	3
17	14	1
17	15	4
17	16	2
18	1	2
18	2	1
18	3	2
18	4	1
18	5	2
18	6	1
18	7	1
18	8	4
18	9	3
18	10	4
18	11	4
18	12	3
18	13	3
18	14	2
18	15	2
19	1	2
19	2	3
19	3	7
19	4	1
19	5	1
19	6	2
19	7	2
19	8	1
19	10	2
19	11	1
19	12	1
19	15	4
19	17	3
19	18	1
20	0	1
20	3	3
20	4	5
20	7	1
20	8	3
20	9	2
20	10	3
20	11	1
20	13	1
20	14	1
20	15	3
20	17	2
20	18	2
20	19	3
21	0	1
21	1	3
21	3	1
21	4	2
21	5	3
21	8	3
21	9	2
21	11	3
21	12	3
21	13	6
21	14	3
21	15	6
21	16	3
21	17	1
21	18	3
21	19	5
22	2	3
22	3	1
22	4	2
22	5	5
22	6	1
22	7	1
22	8	2
22	9	3
22	12	1
22	13	1
22	14	2
22	15	2
22	16	2
22	17	1
22	18	5
22	19	1
22	20	2
22	21	3
23	0	2
23	2	2
23	3	1
23	4	2
23	5	2
23	7	1
23	8	1
23	9	2
23	10	1
23	12	2
23	14	3
23	15	1
23	17	1
23	18	1
23	19	3
23	20	2
23	22	1
24	0	1
24	1	1
24	2	3
24	3	1
24	4	2
24	5	2
24	7	1
24	9	3
24	11	1
24	12	4
24	13	1
24	14	5
24	15	2
24	17	2
24	19	2
24	20	1
24	23	4
25	0	1
25	1	2
25	5	2
25	6	1
25	8	2
25	9	4
25	10	4
25	12	2
25	13	3
25	14	1
25	15	2
25	16	2
25	18	2
25	19	2
25	20	1
25	21	1
25	22	1
25	23	1
25	24	7
26	1	2
26	4	3
26	8	3
26	10	2
26	11	3
26	13	1
26	14	2
26	15	1
26	16	1
26	20	1
26	22	1
26	25	3
27	1	2
27	2	1
27	3	2
27	6	1
27	9	1
27	11	4
27	14	1
27	18	2
27	19	2
27	22	1
27	23	1
27	24	2
27	25	4
27	26	4
28	0	2
28	1	1
28	2	2
28	4	4
28	5	3
28	6	1
28	7	2
28	8	3
28	9	1
28	10	6
28	11	1
28	12	2
28	13	1
28	14	3
28	15	3
28	16	1
28	17	1
28	18	4
28	19	4
28	20	4
28	21	1
28	22	3
28	23	2
28	25	1
29	10	1
29	12	1
29	14	1
29	18	1
29	19	2
29	24	3
29	25	1
29	26	1
29	27	3
30	1	2
30	5	2
30	7	1
30	9	2
30	10	2
30	11	2
30	12	1
30	14	1
30	17	3
30	18	2
30	20	3
30	22	1
30	24	1
30	25	1
30	26	1
30	27	2
30	28	2
30	29	5
31	4	2
31	5	1
31	8	3
31	10	1
31	11	2
31	14	2
31	15	2
31	19	1
31	24	2
31	26	2
31	27	1
31	28	2
31	29	2
31	30	5
32	0	4
32	10	1
32	12	1
32	13	1
32	14	1
32	15	3
32	16	2
32	23	1
32	24	2
32	25	1
32	26	1
32	27	1
32	28	2
32	29	2
32	30	2
32	31	4
33	1	1
33	2	1
33	3	1
33	5	1
33	13	3
33	14	2
33	15	1
33	18	2
33	19	2
33	22	1
33	24	3
33	26	1
33	27	3
33	28	1
33	29	1
33	30	2
33	31	2
34	4	1
34	6	2
34	8	2
34	9	3
34	11	3
34	12	1
34	13	3
34	14	1
34	15	1
34	18	1
34	19	3
34	23	1
34	24	3
34	25	2
34	26	1
34	27	1
34	29	1
34	32	1
35	2	2
35	3	1
35	6	1
35	8	1
35	9	1
35	10	1
35	11	1
35	12	2
35	14	1
35	17	1
35	18	1
35	20	1
35	21	1
35	22	1
35	24	2
35	25	1
35	27	2
35	28	2
35	29	1
35	30	3
35	33	6
35	34	5
36	0	1
36	2	1
36	3	2
36	4	1
36	10	2
36	13	1
36	14	2
36	15	2
36	18	1
36	22	1
36	27	3
36	28	2
36	29	1
36	31	2
36	32	2
36	33	3
36	34	2
36	35	4
37	0	1
37	1	1
37	5	1
37	6	1
37	8	4
37	9	1
37	10	6
37	11	2
37	12	1
37	13	1
37	15	1
37	18	2
37	19	1
37	20	1
37	24	2
37	26	3
37	27	2
37	28	6
37	29	4
37	31	2
37	32	1
37	33	1
37	34	2
37	35	7
37	36	2
38	0	1
38	1	3
38	3	1
38	4	1
38	6	2
38	7	1
38	8	2
38	9	3
38	10	7
38	11	1
38	12	2
38	13	1
38	14	2
38	15	4
38	18	2
38	20	1
38	21	2
38	22	2
38	23	4
38	24	5
38	25	1
38	26	1
38	27	2
38	28	4
38	31	4
38	32	3
38	33	3
38	34	3
38	35	5
38	36	1
38	37	6
39	2	2
39	3	1
39	4	1
39	5	1
39	6	1
39	7	1
39	8	2
39	10	4
39	14	1
39	15	3
39	18	3
39	19	1
39	20	1
39	22	1
39	23	1
39	25	3
39	26	1
39	28	3
39	29	1
39	30	1
39	31	1
39	33	2
39	34	1
39	35	4
39	37	1
39	38	4
40	0	2
40	1	4
40	3	1
40	4	1
40	5	2
40	6	3
40	7	3
40	8	3
40	9	1
40	10	1
40	11	4
40	12	2
40	13	1
40	14	2
40	17	2
40	19	2
40	20	4
40	21	2
40	23	2
40	24	1
40	25	2
40	26	2
40	27	2
40	28	1
40	30	3
40	31	3
40	32	2
40	33	2
40	34	4
40	35	2
40	36	3
40	37	3
40	38	5
40	39	2
41	1	1
41	4	1
41	5	2
41	8	2
41	10	1
41	11	2
41	12	1
41	13	1
41	15	1
41	20	1
41	26	2
41	27	1
41	28	1
41	30	2
41	32	1
41	33	2
41	35	2
41	36	2
41	37	7
41	39	4
41	40	4
42	1	1
42	2	2
42	3	2
42	6	1
42	9	2
42	10	1
42	11	2
42	14	1
42	17	1
42	18	2
42	20	2
42	24	1
42	26	1
42	27	1
42	28	2
42	29	2
42	30	2
42	31	1
42	32	3
42	34	1
42	35	1
42	37	1
42	38	5
42	39	4
42	40	1
42	41	2
43	1	1
43	4	1
43	8	2
43	9	1
43	10	1
43	11	3
43	12	2
43	13	1
43	14	1
43	17	1
43	18	1
43	21	1
43	24	1
43	25	2
43	26	2
43	28	4
43	30	3
43	33	2
43	34	1
43	35	1
43	37	6
43	38	7
43	39	3
43	40	4
43	41	1
43	42	4
44	4	1
44	5	2
44	7	2
44	10	4
44	19	1
44	23	1
44	24	2
44	28	1
44	29	1
44	30	2
44	31	1
44	32	5
44	34	1
44	37	1
44	38	3
44	40	3
44	41	2
44	42	2
44	43	4
45	6	1
45	10	2
45	11	1
45	15	1
45	16	2
45	20	1
45	24	2
45	25	2
45	27	1
45	29	1
45	31	4
45	32	2
45	33	1
45	34	4
45	35	2
45	36	3
45	37	1
45	38	2
45	39	2
45	40	1
45	41	1
45	42	3
45	43	5
46	0	1
46	1	1
46	2	1
46	13	3
46	14	1
46	18	2
46	22	1
46	23	1
46	24	3
46	25	2
46	28	2
46	29	1
46	30	1
46	31	1
46	33	4
46	34	2
46	35	6
46	36	2
46	37	1
46	38	6
46	39	2
46	40	1
46	41	1
46	42	1
46	43	3
46	44	4
46	45	5
47	3	2
47	4	2
47	9	1
47	10	1
47	11	1
47	12	1
47	16	1
47	18	2
47	20	1
47	21	1
47	23	1
47	26	2
47	28	1
47	30	1
47	31	2
47	33	2
47	34	4
47	35	4
47	36	1
47	37	2
47	38	1
47	39	1
47	40	1
47	41	1
47	43	1
47	44	2
47	45	1
47	46	1
48	1	1
48	2	2
48	5	3
48	6	1
48	8	2
48	9	4
48	10	2
48	11	7
48	12	5
48	13	3
48	14	2
48	15	2
48	18	2
48	19	4
48	20	2
48	23	2
48	24	5
48	25	5
48	26	2
48	27	3
48	28	1
48	29	1
48	30	1
48	31	2
48	32	1
48	33	3
48	34	6
48	36	2
48	37	1
48	38	1
48	39	4
48	40	3
48	41	2
48	44	2
48	47	1
49	0	1
49	1	3
49	2	2
49	4	5
49	6	1
49	7	1
49	8	2
49	9	1
49	10	2
49	11	1
49	12	2
49	13	2
49	14	4
49	18	1
49	19	4
49	20	1
49	21	2
49	23	2
49	24	6
49	26	2
49	27	2
49	28	2
49	29	2
49	30	1
49	31	2
49	33	4
49	34	5
49	35	5
49	36	2
49	37	2
49	38	4
49	39	1
49	40	2
49	41	1
49	42	2
49	43	4
49	44	1
49	45	1
49	47	3
49	48	5
50	0	1
50	1	2
50	4	2
50	8	3
50	9	2
50	10	3
50	14	1
50	15	3
50	18	1
50	19	1
50	21	1
50	24	1
50	25	2
50	26	1
50	27	3
50	28	1
50	29	1
50	30	1
50	32	1
50	33	2
50	34	1
50	35	4
50	36	2
50	37	1
50	38	2
50	39	1
50	41	2
50	42	2
50	43	3
50	46	1
50	47	1
50	49	4
51	1	2
51	2	3
51	3	1
51	8	1
51	9	2
51	10	2
51	11	1
51	12	1
51	13	1
51	14	1
51	15	2
51	18	2
51	19	1
51	20	1
51	21	1
51	25	4
51	27	3
51	29	2
51	30	1
51	31	1
51	32	2
51	33	6
51	34	1
51	35	2
51	36	2
51	37	2
51	38	8
51	39	6
51	40	2
51	41	2
51	42	2
51	43	2
51	44	1
51	45	2
51	46	1
51	48	4
51	49	9
52	1	6
52	2	1
52	3	2
52	4	3
52	5	3
52	11	1
52	12	1
52	15	1
52	16	2
52	18	1
52	19	2
52	20	1
52	21	1
52	23	2
52	24	5
52	25	1
52	26	2
52	27	1
52	28	3
52	29	1
52	30	2
52	31	1
52	32	1
52	33	1
52	35	3
52	36	1
52	37	3
52	38	5
52	41	2
52	44	3
52	46	1
52	47	1
52	48	1
52	49	7
52	51	2
53	1	1
53	2	1
53	3	1
53	4	2
53	5	1
53	7	1
53	8	1
53	9	3
53	10	3
53	11	2
53	14	2
53	15	2
53	16	1
53	17	1
53	18	4
53	20	2
53	23	3
53	24	1
53	25	1
53	26	1
53	27	2
53	28	3
53	29	2
53	30	1
53	32	1
53	33	1
53	34	1
53	35	3
53	37	6
53	38	7
53	39	2
53	40	2
53	42	1
53	43	2
53	44	3
53	45	2
53	46	2
53	47	3
53	48	4
53	49	3
53	50	1
53	51	1
53	52	2
54	2	1
54	3	1
54	4	1
54	5	1
54	10	2
54	11	1
54	12	2
54	13	1
54	14	1
54	15	1
54	16	2
54	17	2
54	18	2
54	19	1
54	20	1
54	21	2
54	22	2
54	24	3
54	25	1
54	26	1
54	27	2
54	28	1
54	30	1
54	31	1
54	32	1
54	34	1
54	36	1
54	37	2
54	38	2
54	39	1
54	40	1
54	42	3
54	43	1
54	44	2
54	46	1
54	47	1
54	49	3
54	51	2
54	52	6
54	53	1
55	0	1
55	2	2
55	3	1
55	4	3
55	5	2
55	6	1
55	7	2
55	8	3
55	9	1
55	11	1
55	12	3
55	13	3
55	14	2
55	15	2
55	19	4
55	20	3
55	21	1
55	22	3
55	23	1
55	24	2
55	25	1
55	26	1
55	27	1
55	28	6
55	29	1
55	30	1
55	31	2
55	32	3
55	33	1
55	36	3
55	38	6
55	39	3
55	40	5
55	42	3
55	43	5
55	44	1
55	45	1
55	46	1
55	48	1
55	49	5
55	50	1
55	51	1
55	52	4
55	53	4
55	54	8
56	0	1
56	1	2
56	2	1
56	3	2
56	4	1
56	5	1
56	8	2
56	9	2
56	10	2
56	12	1
56	13	1
56	15	2
56	16	1
56	18	2
56	20	1
56	22	1
56	23	1
56	27	4
56	28	3
56	30	1
56	31	1
56	32	2
56	33	2
56	35	1
56	36	1
56	37	2
56	38	4
56	39	5
56	41	1
56	42	3
56	43	2
56	44	3
56	45	1
56	46	1
56	47	3
56	48	2
56	49	1
56	53	5
56	54	5
56	55	3
57	0	1
57	1	2
57	2	1
57	3	2
57	4	4
57	6	1
57	8	1
57	9	1
57	10	1
57	11	2
57	13	1
57	14	1
57	16	1
57	18	2
57	20	2
57	24	2
57	26	2
57	27	5
57	28	2
57	29	1
57	30	2
57	32	3
57	34	2
57	35	3
57	36	5
57	37	2
57	38	3
57	41	2
57	45	1
57	49	4
57	50	1
57	51	5
57	52	4
57	53	1
57	54	4
57	55	1
57	56	4
58	1	3
58	3	2
58	4	1
58	7	1
58	10	2
58	11	2
58	14	1
58	16	2
58	23	1
58	26	1
58	27	1
58	28	2
58	30	4
58	31	6
58	32	2
58	33	1
58	34	1
58	36	2
58	37	2
58	38	3
58	41	2
58	42	1
58	43	2
58	44	1
58	45	4
58	46	7
58	47	2
58	48	1
58	50	4
58	51	2
58	52	2
58	53	1
58	54	2
58	56	1
58	57	5
59	4	2
59	11	1
59	12	5
59	13	1
59	14	1
59	16	2
59	18	3
59	19	1
59	20	1
59	22	2
59	23	1
59	24	1
59	25	3
59	26	2
59	27	3
59	28	2
59	29	1
59	30	1
59	31	2
59	32	1
59	34	1
59	35	4
59	36	1
59	37	3
59	38	3
59	39	1
59	40	3
59	42	1
59	43	1
59	44	1
59	46	1
59	49	4
59	50	2
59	51	3
59	52	7
59	53	2
59	54	3
59	55	5
59	57	1
59	58	3
60	3	3
60	4	1
60	7	1
60	8	1
60	11	3
60	12	1
60	13	1
60	14	1
60	15	1
60	19	1
60	23	1
60	24	3
60	25	1
60	26	3
60	27	2
60	28	2
60	29	1
60	30	1
60	31	4
60	32	1
60	35	4
60	36	3
60	37	2
60	38	3
60	39	2
60	40	1
60	41	1
60	42	2
60	43	2
60	45	2
60	46	9
60	47	5
60	48	2
60	49	1
60	50	1
60	51	4
60	52	5
60	53	2
60	54	2
60	56	2
60	57	5
60	58	2
60	59	8
