1	0	2
2	0	1
3	1	2
3	2	5
4	0	1
4	1	2
4	2	6
4	3	9
5	0	1
5	1	2
5	2	4
6	0	1
6	1	2
6	2	1
6	5	5
7	1	1
7	2	1
7	4	1
7	6	2
8	0	3
8	1	1
8	2	6
8	3	1
8	4	2
8	5	2
8	6	2
8	7	6
9	0	1
9	1	4
9	2	3
9	5	4
9	6	3
9	7	2
9	8	3
10	0	1
10	1	1
10	2	1
10	3	2
10	4	2
10	5	1
10	6	1
10	7	4
10	8	4
10	9	5
11	0	1
11	1	6
11	2	3
11	5	1
11	6	3
11	8	2
11	9	1
11	10	3
12	0	2
12	1	4
12	2	3
12	4	2
12	5	4
12	6	3
12	8	6
12	9	2
12	10	3
13	0	1
13	2	1
13	4	3
13	5	4
13	6	1
13	7	3
13	8	2
13	9	4
13	11	1
13	12	8
14	0	2
14	1	1
14	2	2
14	3	5
14	4	3
14	5	1
14	6	3
14	7	2
14	8	3
14	9	3
14	10	3
14	11	3
14	12	4
14	13	3
15	0	6
15	1	5
15	2	3
15	3	1
15	4	2
15	5	2
15	6	3
15	7	1
15	8	1
15	9	3
15	10	2
15	11	2
15	12	6
15	13	4
15	14	7
16	0	1
16	2	4
16	3	1
16	4	1
16	5	2
16	6	1
16	7	2
16	8	5
16	9	2
16	12	4
16	13	1
16	15	3
17	0	3
17	3	2
17	4	1
17	5	1
17	6	4
17	7	2
17	8	1
17	9	3
17	10	3
17	11	2
17	12	3
17	13	3
17	15	4
17	16	5
18	1	1
18	2	2
18	3	3
18	5	4
18	6	4
18	7	2
18	8	4
18	9	3
18	10	2
18	11	1
18	12	2
18	14	2
18	15	2
18	17	1
19	0	1
19	2	4
19	3	2
19	4	4
19	7	1
19	8	1
19	10	1
19	11	1
19	12	3
19	13	3
19	14	2
19	15	7
19	16	1
19	18	2
20	0	1
20	2	1
20	3	1
20	4	5
20	5	1
20	6	1
20	7	1
20	8	1
20	9	1
20	10	1
20	11	2
20	12	3
20	13	2
20	14	2
20	15	2
20	17	3
20	18	3
20	19	3
21	0	2
21	1	1
21	2	3
21	3	2
21	4	2
21	5	3
21	6	1
21	7	2
21	8	3
21	9	2
21	10	2
21	12	3
21	13	2
21	14	1
21	15	5
21	17	3
21	18	2
21	19	2
21	20	1
22	1	1
22	2	1
22	3	1
22	4	2
22	5	2
22	6	1
22	7	1
22	10	2
22	11	2
22	12	2
22	13	2
22	14	1
22	15	2
22	17	1
22	18	2
22	20	3
22	21	3
23	1	1
23	2	4
23	3	1
23	4	1
23	8	1
23	11	1
23	12	1
23	13	1
23	14	3
23	15	4
23	17	2
23	18	4
23	19	2
23	20	1
23	21	4
23	22	1
24	0	4
24	1	3
24	2	2
24	3	2
24	4	2
24	5	2
24	8	1
24	9	1
24	10	1
24	11	6
24	12	4
24	13	4
24	14	2
24	15	3
24	18	1
24	22	3
24	23	1
25	0	1
25	4	1
25	7	2
25	8	4
25	9	4
25	10	1
25	11	3
25	12	1
25	14	3
25	15	1
25	17	1
25	18	1
25	19	1
25	21	3
25	23	1
25	24	3
26	0	1
26	1	2
26	2	1
26	4	2
26	7	1
26	10	1
26	11	2
26	13	1
26	14	1
26	17	1
26	18	1
26	19	1
26	22	1
26	24	1
26	25	2
27	2	3
27	5	1
27	10	2
27	11	1
27	13	1
27	14	1
27	15	1
27	17	2
27	18	2
27	23	2
27	24	1
27	25	2
27	26	1
28	0	1
28	1	4
28	2	3
28	3	1
28	4	5
28	5	1
28	6	3
28	8	1
28	9	2
28	10	1
28	11	3
28	12	1
28	13	1
28	14	3
28	15	2
28	18	6
28	19	2
28	20	4
28	21	2
28	22	3
28	25	6
28	26	1
28	27	1
29	0	2
29	1	1
29	5	3
29	7	1
29	10	1
29	16	1
29	18	1
29	24	1
29	27	1
30	1	1
30	3	2
30	5	1
30	7	1
30	9	1
30	10	1
30	11	1
30	12	1
30	13	3
30	18	1
30	19	1
30	20	1
30	24	1
30	25	1
30	26	1
30	27	4
30	28	2
30	29	3
31	4	2
31	8	1
31	9	3
31	10	1
31	11	1
31	14	2
31	15	1
31	19	2
31	21	1
31	23	1
31	25	2
31	26	1
31	28	1
31	29	4
31	30	8
32	1	2
32	2	1
32	4	2
32	8	1
32	9	2
32	10	3
32	12	1
32	13	3
32	15	2
32	17	1
32	22	2
32	24	1
32	25	1
32	26	1
32	27	1
32	28	1
32	29	1
32	30	3
32	31	2
33	1	1
33	2	1
33	8	3
33	10	1
33	11	1
33	12	2
33	17	1
33	21	1
33	22	2
33	23	3
33	24	1
33	25	5
33	26	1
33	27	3
33	28	2
33	29	2
33	30	4
33	31	2
33	32	4
34	1	1
34	4	2
34	5	1
34	9	2
34	10	2
34	11	1
34	12	2
34	13	1
34	14	3
34	15	1
34	17	2
34	18	1
34	19	3
34	21	2
34	22	2
34	23	1
34	24	1
34	25	2
34	26	1
34	27	1
34	28	1
34	29	2
34	31	3
34	32	8
34	33	1
35	0	1
35	1	1
35	2	1
35	3	1
35	4	2
35	5	1
35	6	3
35	8	2
35	9	2
35	10	2
35	12	1
35	14	2
35	15	1
35	17	1
35	18	1
35	19	1
35	20	1
35	21	3
35	23	1
35	24	4
35	25	4
35	26	3
35	28	4
35	29	5
35	30	2
35	31	4
35	32	5
35	33	4
35	34	3
36	0	1
36	4	2
36	6	1
36	7	1
36	8	1
36	11	1
36	12	1
36	13	1
36	14	1
36	15	1
36	23	2
36	24	3
36	25	1
36	26	1
36	27	1
36	28	1
36	29	2
36	30	2
36	32	2
36	33	3
36	34	3
36	35	2
37	0	1
37	1	1
37	4	1
37	6	1
37	7	2
37	8	1
37	9	1
37	10	1
37	11	1
37	13	1
37	14	2
37	15	1
37	19	1
37	21	1
37	24	2
37	26	2
37	28	3
37	29	1
37	30	4
37	31	2
37	32	2
37	33	4
37	34	1
37	35	1
37	36	2
38	2	1
38	3	1
38	4	3
38	5	3
38	8	2
38	9	1
38	10	2
38	11	2
38	12	2
38	13	3
38	15	2
38	18	1
38	19	1
38	20	1
38	21	1
38	22	2
38	25	3
38	26	2
38	27	2
38	28	7
38	30	1
38	31	2
38	32	1
38	33	3
38	34	6
38	35	3
38	37	5
39	0	1
39	1	1
39	2	1
39	3	1
39	6	1
39	7	1
39	8	1
39	9	1
39	10	3
39	11	3
39	12	2
39	13	1
39	14	2
39	19	1
39	20	1
39	23	2
39	24	2
39	25	1
39	26	1
39	28	4
39	29	1
39	30	1
39	31	1
39	32	2
39	34	1
39	35	1
39	38	2
40	1	2
40	2	1
40	3	2
40	5	1
40	6	5
40	7	1
40	8	1
40	9	3
40	10	3
40	11	2
40	12	2
40	13	3
40	14	1
40	16	1
40	18	1
40	19	1
40	20	3
40	23	2
40	25	1
40	26	2
40	27	3
40	29	3
40	30	2
40	31	1
40	33	3
40	34	5
40	35	2
40	36	3
40	37	3
40	38	2
40	39	1
41	1	1
41	5	2
41	6	1
41	8	2
41	9	2
41	12	1
41	13	1
41	14	1
41	20	2
41	24	1
41	25	2
41	27	2
41	28	4
41	29	1
41	30	2
41	31	2
41	32	1
41	33	1
41	36	2
41	37	3
41	38	6
41	39	3
41	40	3
42	4	1
42	5	1
42	9	1
42	10	2
42	14	1
42	15	1
42	18	2
42	25	3
42	26	1
42	27	2
42	29	1
42	30	2
42	31	1
42	32	2
42	33	1
42	34	1
42	35	1
42	36	3
42	38	7
42	39	3
42	40	4
42	41	8
43	3	1
43	5	2
43	7	3
43	9	1
43	10	4
43	12	3
43	13	2
43	15	2
43	18	4
43	20	2
43	23	1
43	24	2
43	25	1
43	27	3
43	28	3
43	30	1
43	31	3
43	32	2
43	33	2
43	34	7
43	35	1
43	36	1
43	37	2
43	38	4
43	39	2
43	40	2
43	41	3
43	42	3
44	4	2
44	5	1
44	8	1
44	9	1
44	10	2
44	18	2
44	20	1
44	21	1
44	25	1
44	27	1
44	28	2
44	29	3
44	31	2
44	32	2
44	33	1
44	34	1
44	35	2
44	36	1
44	37	4
44	38	3
44	39	2
44	40	1
44	41	1
44	42	4
44	43	1
45	3	1
45	9	2
45	10	3
45	15	2
45	20	2
45	23	1
45	24	1
45	25	2
45	26	2
45	27	1
45	28	3
45	29	1
45	30	2
45	31	3
45	32	4
45	33	2
45	34	1
45	35	3
45	36	1
45	38	2
45	40	1
45	41	1
45	42	2
45	43	3
45	44	2
46	0	2
46	4	3
46	8	2
46	10	3
46	18	1
46	23	1
46	24	2
46	27	1
46	29	4
46	30	4
46	31	6
46	32	2
46	33	3
46	34	3
46	35	8
46	36	1
46	38	2
46	39	1
46	40	3
46	41	2
46	43	2
46	44	2
46	45	7
47	1	1
47	2	1
47	4	1
47	10	2
47	20	1
47	21	1
47	23	1
47	24	1
47	25	1
47	26	1
47	27	2
47	28	1
47	29	2
47	30	1
47	31	2
47	32	1
47	33	3
47	34	3
47	35	2
47	36	1
47	37	2
47	38	4
47	41	1
47	42	2
47	43	1
47	44	1
47	45	1
47	46	4
48	1	3
48	2	2
48	3	1
48	4	2
48	5	2
48	6	1
48	8	1
48	9	1
48	10	2
48	12	1
48	13	4
48	15	1
48	16	1
48	18	1
48	20	1
48	22	1
48	23	1
48	24	6
48	25	1
48	26	1
48	27	3
48	28	2
48	30	1
48	32	2
48	33	1
48	34	6
48	35	1
48	36	2
48	37	2
48	38	6
48	39	1
48	40	1
48	41	1
48	42	1
48	45	1
48	47	1
49	0	1
49	1	3
49	2	2
49	3	1
49	4	5
49	5	1
49	6	2
49	7	1
49	9	3
49	10	1
49	11	1
49	13	1
49	14	5
49	15	1
49	16	3
49	17	1
49	18	1
49	19	1
49	20	3
49	21	1
49	22	1
49	23	4
49	24	4
49	25	2
49	26	1
49	27	3
49	28	4
49	29	2
49	30	2
49	31	2
49	32	1
49	33	1
49	34	5
49	35	3
49	36	2
49	38	5
49	39	2
49	40	2
49	41	2
49	42	5
49	43	4
49	46	1
49	47	1
49	48	6
50	0	2
50	1	2
50	2	1
50	9	1
50	11	2
50	13	1
50	14	4
50	19	1
50	21	2
50	23	2
50	24	2
50	25	4
50	26	3
50	27	2
50	28	1
50	29	1
50	30	2
50	32	1
50	33	5
50	34	2
50	36	1
50	38	3
50	40	1
50	42	1
50	43	2
50	46	3
50	47	1
50	49	4
51	1	1
51	2	1
51	4	3
51	5	2
51	6	2
51	8	2
51	9	1
51	10	1
51	11	1
51	12	1
51	19	2
51	20	1
51	21	3
51	22	1
51	24	6
51	25	2
51	26	1
51	28	1
51	29	1
51	30	1
51	32	2
51	33	2
51	34	1
51	35	2
51	36	2
51	37	3
51	38	5
51	40	1
51	41	1
51	42	2
51	43	1
51	45	3
51	46	1
51	48	3
51	49	1
51	50	2
52	1	1
52	2	2
52	3	2
52	4	1
52	7	2
52	11	1
52	12	1
52	14	1
52	19	2
52	20	1
52	22	1
52	23	1
52	24	1
52	25	1
52	26	1
52	28	1
52	30	1
52	32	1
52	33	3
52	35	3
52	36	1
52	38	6
52	39	5
52	40	5
52	41	2
52	42	2
52	44	1
52	47	1
52	48	2
52	49	3
52	50	3
52	51	2
53	2	1
53	4	1
53	5	5
53	6	1
53	7	2
53	8	2
53	9	2
53	10	1
53	11	4
53	13	2
53	14	4
53	15	1
53	16	1
53	17	3
53	18	4
53	19	3
53	21	1
53	22	1
53	23	1
53	25	2
53	26	1
53	27	1
53	28	5
53	29	4
53	30	1
53	32	2
53	33	4
53	34	2
53	35	2
53	36	2
53	37	3
53	38	7
53	39	5
53	40	4
53	41	4
53	42	3
53	44	1
53	45	1
53	47	1
53	49	2
53	50	2
53	51	3
53	52	1
54	0	1
54	1	1
54	2	1
54	3	1
54	4	1
54	5	1
54	10	2
54	11	1
54	14	1
54	15	2
54	20	1
54	21	1
54	22	1
54	23	1
54	24	1
54	26	1
54	27	1
54	28	2
54	29	1
54	30	1
54	31	2
54	33	2
54	34	3
54	35	4
54	36	2
54	38	5
54	40	2
54	41	2
54	42	2
54	43	1
54	44	1
54	45	1
54	46	2
54	47	1
54	49	1
54	50	3
54	51	3
54	52	4
55	1	1
55	2	3
55	3	1
55	4	1
55	5	1
55	6	1
55	7	2
55	8	1
55	10	5
55	11	2
55	12	1
55	13	1
55	14	1
55	16	1
55	18	1
55	19	2
55	20	1
55	21	3
55	22	2
55	23	3
55	24	5
55	25	3
55	26	1
55	27	1
55	28	5
55	30	1
55	31	1
55	33	2
55	35	1
55	36	1
55	38	3
55	39	3
55	40	2
55	41	1
55	42	1
55	43	1
55	44	2
55	45	1
55	46	1
55	47	1
55	48	3
55	49	1
55	50	1
55	51	3
55	52	11
55	53	2
55	54	8
56	0	3
56	2	1
56	3	1
56	5	2
56	8	1
56	9	1
56	11	4
56	12	1
56	15	1
56	16	1
56	18	2
56	19	2
56	21	1
56	22	2
56	24	1
56	25	2
56	26	1
56	27	1
56	28	4
56	31	4
56	33	1
56	34	1
56	36	1
56	37	1
56	38	4
56	39	5
56	40	2
56	42	2
56	43	3
56	44	2
56	45	2
56	46	1
56	48	1
56	49	3
56	50	3
56	51	2
56	52	4
56	53	5
56	54	1
56	55	1
57	3	1
57	4	2
57	9	1
57	10	2
57	11	1
57	12	1
57	13	2
57	14	1
57	15	1
57	18	3
57	19	1
57	20	1
57	23	1
57	27	2
57	28	1
57	29	1
57	35	1
57	36	3
57	37	1
57	38	5
57	39	2
57	40	2
57	41	2
57	42	1
57	43	2
57	44	1
57	45	2
57	46	1
57	49	3
57	50	1
57	51	2
57	52	3
57	53	1
57	54	3
57	55	5
57	56	5
58	3	1
58	6	1
58	10	2
58	14	1
58	17	1
58	18	1
58	20	1
58	26	2
58	27	1
58	29	1
58	30	1
58	33	1
58	35	1
58	36	2
58	38	1
58	39	3
58	40	4
58	41	1
58	42	2
58	44	1
58	46	7
58	47	2
58	48	3
58	49	4
58	51	2
58	52	3
58	53	1
58	54	1
58	55	4
58	56	2
58	57	7
59	2	1
59	3	1
59	4	4
59	8	1
59	9	1
59	11	3
59	13	2
59	14	5
59	15	1
59	17	1
59	18	2
59	19	2
59	20	3
59	21	2
59	22	2
59	23	3
59	24	2
59	25	3
59	26	2
59	27	2
59	28	3
59	30	3
59	31	2
59	32	3
59	33	5
59	34	2
59	35	3
59	36	3
59	37	1
59	38	5
59	39	3
59	40	2
59	41	1
59	42	2
59	43	1
59	45	2
59	46	4
59	47	2
59	48	1
59	49	3
59	51	5
59	52	6
59	53	1
59	54	7
59	55	2
59	56	3
59	57	6
60	0	3
60	1	1
60	2	1
60	3	1
60	4	1
60	13	1
60	14	3
60	15	1
60	18	1
60	20	1
60	24	3
60	26	3
60	27	2
60	28	2
60	31	1
60	33	1
60	35	2
60	37	2
60	38	2
60	39	1
60	40	3
60	41	3
60	43	1
60	46	4
60	47	2
60	49	3
60	50	1
60	52	2
60	53	3
60	55	1
60	56	2
60	57	3
60	58	4
60	59	3
