1	0	3
2	0	1
3	0	1
3	1	3
3	2	1
4	0	2
4	1	2
4	2	1
4	3	8
5	0	1
5	1	2
5	3	1
6	0	1
6	1	2
6	2	2
6	3	1
6	4	2
6	5	5
7	0	3
7	1	3
7	5	2
7	6	5
8	1	3
8	2	3
8	3	1
8	4	1
8	5	3
8	6	5
8	7	3
9	0	1
9	1	4
9	2	3
9	3	1
9	4	2
9	5	1
9	6	2
9	7	4
9	8	5
10	0	3
10	1	4
10	2	3
10	3	3
10	4	1
10	6	1
10	8	1
10	9	6
11	0	2
11	1	3
11	2	1
11	4	1
11	5	1
11	6	1
11	7	1
11	8	1
11	9	3
11	10	5
12	2	3
12	4	1
12	5	2
12	6	4
12	7	1
12	8	7
12	9	5
12	10	6
12	11	2
13	0	4
13	1	5
13	2	3
13	3	1
13	4	1
13	5	4
13	6	2
13	7	2
13	8	1
13	9	4
13	10	3
13	11	3
13	12	5
14	0	1
14	1	3
14	2	1
14	3	2
14	4	3
14	5	1
14	8	1
14	9	4
14	10	2
14	11	3
14	12	3
14	13	2
15	0	1
15	1	3
15	2	1
15	3	2
15	4	2
15	5	3
15	6	2
15	8	6
15	9	4
15	11	1
15	12	5
15	13	8
15	14	5
16	0	2
16	1	2
16	2	3
16	3	2
16	4	2
16	6	2
16	8	1
16	11	4
16	13	1
16	14	1
16	15	4
17	0	1
17	2	2
17	3	3
17	4	1
17	5	2
17	6	3
17	8	5
17	9	2
17	11	1
17	12	1
17	13	2
17	14	2
17	15	6
17	16	3
18	0	1
18	1	3
18	2	1
18	4	2
18	5	4
18	6	1
18	8	1
18	9	1
18	10	5
18	12	4
18	13	1
18	14	4
18	15	2
18	17	1
19	0	2
19	1	1
19	2	2
19	3	4
19	4	4
19	5	1
19	8	1
19	9	3
19	10	1
19	11	1
19	12	3
19	13	3
19	14	5
19	15	5
19	18	4
20	0	1
20	1	2
20	2	6
20	4	6
20	5	3
20	6	1
20	7	2
20	8	2
20	9	2
20	10	1
20	11	3
20	12	2
20	13	1
20	14	3
20	15	3
20	16	2
20	17	1
20	18	1
21	1	2
21	2	3
21	3	1
21	4	1
21	5	2
21	6	2
21	7	1
21	8	4
21	9	1
21	10	1
21	11	2
21	12	3
21	13	2
21	14	4
21	15	1
21	16	2
21	17	2
21	18	3
21	19	2
21	20	3
22	1	2
22	2	2
22	3	4
22	4	4
22	5	3
22	6	1
22	7	2
22	8	2
22	9	2
22	10	2
22	11	1
22	12	1
22	13	3
22	14	2
22	15	2
22	16	3
22	19	1
22	20	1
22	21	3
23	1	3
23	2	2
23	3	1
23	4	3
23	9	1
23	10	2
23	11	1
23	13	2
23	14	2
23	15	1
23	18	1
23	19	1
23	20	1
23	21	1
24	0	2
24	1	3
24	2	2
24	3	2
24	8	2
24	9	4
24	10	1
24	11	3
24	12	1
24	15	2
24	16	1
24	18	1
24	19	1
24	20	1
24	21	1
24	22	2
24	23	1
25	0	1
25	1	2
25	2	1
25	3	1
25	4	2
25	7	1
25	8	2
25	9	2
25	10	2
25	11	2
25	12	1
25	13	1
25	14	1
25	16	1
25	17	2
25	19	3
25	20	2
25	21	1
25	22	2
25	24	2
26	0	2
26	1	3
26	2	1
26	5	1
26	11	2
26	12	1
26	15	3
26	18	1
26	19	1
26	25	1
27	1	7
27	2	2
27	4	1
27	6	1
27	9	2
27	11	2
27	13	2
27	14	2
27	17	2
27	22	1
27	23	1
27	24	2
27	25	2
27	26	1
28	1	3
28	2	1
28	3	3
28	4	3
28	5	4
28	6	1
28	7	1
28	8	1
28	9	5
28	10	5
28	11	2
28	13	2
28	14	1
28	15	4
28	17	2
28	21	1
28	22	2
28	23	1
28	24	4
28	25	2
28	26	3
28	27	1
29	5	1
29	10	1
29	14	1
29	19	1
29	23	1
29	25	3
29	26	3
29	27	2
30	1	1
30	3	1
30	7	1
30	10	1
30	11	2
30	13	3
30	18	1
30	19	1
30	24	1
30	25	2
30	26	3
30	27	3
30	28	1
30	29	1
31	5	1
31	8	1
31	10	1
31	14	1
31	24	1
31	25	1
31	26	2
31	27	3
31	29	5
31	30	4
32	2	1
32	4	2
32	9	1
32	10	1
32	14	1
32	18	1
32	20	1
32	22	2
32	23	1
32	24	2
32	25	1
32	27	1
32	28	2
32	29	1
32	30	4
32	31	1
33	1	2
33	3	1
33	8	3
33	10	2
33	11	1
33	13	1
33	14	1
33	17	1
33	23	4
33	24	1
33	25	1
33	26	3
33	27	1
33	28	1
33	29	2
33	30	2
33	31	1
33	32	7
34	3	2
34	4	2
34	5	2
34	8	1
34	9	1
34	10	2
34	12	1
34	14	2
34	15	2
34	20	1
34	21	2
34	22	1
34	24	1
34	25	1
34	26	1
34	27	1
34	28	2
34	29	2
34	30	5
34	31	2
34	32	4
35	0	2
35	1	3
35	8	2
35	9	1
35	10	1
35	11	1
35	12	1
35	13	2
35	15	2
35	16	1
35	18	2
35	19	1
35	20	1
35	22	2
35	25	1
35	27	2
35	28	2
35	29	2
35	30	2
35	31	5
35	32	1
35	33	5
35	34	6
36	1	3
36	2	2
36	3	1
36	4	2
36	7	1
36	14	3
36	15	1
36	18	1
36	22	1
36	24	2
36	25	1
36	26	2
36	27	1
36	28	1
36	29	3
36	30	2
36	31	1
36	32	3
36	33	4
36	34	4
36	35	5
37	1	2
37	4	1
37	5	1
37	6	1
37	7	5
37	8	1
37	9	2
37	10	1
37	11	2
37	12	1
37	13	1
37	18	1
37	20	1
37	25	3
37	27	1
37	28	1
37	29	1
37	31	1
37	32	4
37	33	1
37	34	2
37	35	2
38	0	1
38	3	3
38	4	2
38	5	2
38	7	1
38	8	4
38	9	2
38	10	3
38	12	3
38	15	1
38	16	1
38	17	1
38	18	4
38	20	1
38	21	1
38	22	3
38	23	2
38	24	1
38	25	2
38	26	1
38	27	2
38	28	3
38	29	2
38	30	3
38	31	2
38	32	1
38	33	4
38	34	1
38	35	4
38	36	1
38	37	5
39	1	1
39	2	2
39	4	4
39	5	1
39	7	1
39	8	1
39	9	1
39	10	1
39	11	1
39	12	1
39	13	1
39	15	1
39	18	1
39	19	3
39	20	1
39	21	1
39	23	1
39	25	1
39	28	1
39	29	1
39	31	1
39	32	1
39	34	2
39	36	2
39	37	6
39	38	6
40	1	3
40	2	1
40	3	1
40	4	2
40	9	2
40	11	3
40	12	1
40	13	3
40	14	1
40	15	2
40	16	1
40	18	4
40	19	5
40	20	2
40	21	2
40	22	1
40	24	3
40	26	1
40	27	1
40	28	3
40	29	2
40	30	1
40	32	3
40	33	5
40	34	3
40	35	2
40	36	2
40	37	7
40	38	1
40	39	1
41	4	1
41	5	4
41	6	1
41	11	2
41	12	2
41	13	2
41	14	2
41	15	1
41	16	1
41	18	1
41	20	2
41	22	3
41	24	3
41	25	1
41	27	1
41	28	3
41	29	1
41	30	2
41	31	3
41	33	1
41	34	3
41	35	2
41	36	2
41	37	3
41	38	8
41	39	2
41	40	1
42	2	2
42	5	1
42	6	4
42	9	1
42	10	1
42	11	1
42	12	2
42	13	2
42	15	1
42	18	1
42	19	1
42	24	1
42	28	3
42	29	1
42	30	1
42	31	1
42	32	1
42	34	3
42	35	3
42	36	1
42	37	2
42	38	7
42	39	3
42	40	3
42	41	6
43	1	3
43	3	2
43	4	1
43	8	1
43	9	4
43	10	1
43	11	2
43	12	1
43	20	1
43	21	2
43	22	2
43	26	1
43	28	1
43	29	3
43	30	4
43	31	4
43	32	2
43	33	1
43	34	1
43	36	2
43	37	6
43	38	6
43	39	1
43	40	4
43	41	3
43	42	5
44	3	1
44	5	1
44	12	2
44	19	3
44	20	1
44	21	1
44	24	1
44	28	1
44	30	1
44	31	2
44	32	1
44	33	1
44	34	2
44	35	1
44	36	3
44	37	2
44	38	3
44	39	1
44	40	3
44	41	4
44	42	4
44	43	3
45	3	1
45	6	1
45	10	1
45	11	1
45	15	1
45	19	1
45	23	2
45	24	1
45	25	3
45	26	1
45	27	1
45	28	2
45	30	3
45	31	3
45	32	2
45	33	1
45	34	1
45	35	2
45	37	3
45	38	4
45	40	1
45	42	2
45	43	6
45	44	3
46	1	1
46	3	2
46	4	1
46	8	1
46	10	2
46	11	2
46	14	2
46	15	3
46	18	1
46	22	1
46	23	1
46	24	2
46	27	1
46	28	2
46	29	1
46	30	3
46	31	3
46	32	4
46	33	3
46	34	3
46	35	8
46	36	2
46	38	1
46	40	2
46	41	1
46	42	1
46	43	1
46	44	3
46	45	6
47	3	1
47	4	1
47	9	1
47	10	2
47	12	1
47	20	1
47	21	1
47	24	1
47	25	2
47	26	1
47	27	1
47	29	1
47	30	5
47	31	3
47	32	1
47	33	1
47	34	1
47	35	5
47	36	3
47	38	1
47	40	1
47	41	2
47	42	1
47	43	2
47	44	3
47	45	3
47	46	5
48	1	2
48	3	2
48	4	1
48	5	1
48	6	3
48	7	1
48	8	1
48	9	1
48	11	4
48	13	2
48	14	2
48	15	4
48	18	3
48	19	3
48	20	1
48	21	2
48	22	2
48	23	1
48	24	5
48	25	3
48	27	2
48	28	1
48	31	2
48	32	2
48	33	5
48	34	2
48	35	1
48	36	1
48	38	2
48	39	1
48	40	2
48	41	1
48	43	1
48	44	1
48	45	1
48	46	1
48	47	1
49	0	1
49	1	3
49	2	1
49	3	1
49	4	1
49	7	1
49	9	2
49	10	1
49	13	2
49	14	1
49	16	1
49	18	3
49	19	1
49	20	1
49	21	1
49	23	1
49	24	6
49	25	2
49	26	1
49	27	2
49	28	1
49	31	1
49	33	2
49	34	2
49	35	5
49	36	3
49	38	5
49	39	1
49	40	4
49	41	4
49	42	2
49	43	1
49	45	2
49	46	1
49	47	3
49	48	8
50	1	2
50	2	1
50	3	1
50	4	2
50	9	2
50	10	2
50	13	2
50	14	1
50	15	1
50	24	6
50	25	1
50	26	7
50	27	2
50	28	3
50	30	3
50	31	1
50	33	1
50	34	3
50	35	3
50	36	2
50	38	4
50	39	3
50	40	1
50	43	1
50	46	1
50	48	3
50	49	3
51	2	2
51	4	1
51	5	1
51	6	1
51	8	2
51	9	2
51	10	2
51	11	4
51	12	1
51	14	4
51	18	2
51	20	1
51	22	1
51	23	1
51	25	6
51	26	1
51	27	1
51	28	2
51	30	2
51	31	1
51	32	1
51	33	2
51	34	7
51	35	2
51	36	4
51	37	1
51	38	3
51	40	4
51	43	1
51	44	2
51	45	2
51	46	2
51	47	1
51	48	1
51	49	3
51	50	3
52	1	2
52	2	1
52	3	1
52	4	3
52	5	4
52	8	1
52	12	2
52	13	3
52	14	2
52	15	1
52	18	1
52	20	3
52	23	4
52	24	2
52	25	1
52	26	2
52	27	4
52	28	3
52	29	3
52	30	2
52	31	1
52	32	1
52	33	1
52	34	2
52	35	3
52	36	2
52	37	2
52	38	4
52	39	1
52	40	3
52	41	2
52	42	2
52	44	1
52	46	2
52	47	1
52	48	4
52	49	5
52	50	2
52	51	3
53	1	5
53	2	2
53	4	1
53	5	3
53	7	1
53	8	3
53	10	3
53	11	1
53	13	1
53	14	1
53	16	2
53	18	1
53	19	1
53	20	1
53	21	1
53	22	1
53	23	2
53	24	5
53	25	2
53	27	1
53	28	3
53	31	2
53	32	4
53	33	3
53	34	3
53	35	3
53	36	3
53	37	3
53	38	4
53	39	2
53	40	3
53	41	2
53	42	3
53	43	5
53	44	2
53	45	3
53	46	3
53	47	2
53	48	2
53	49	5
53	50	1
53	51	5
53	52	1
54	0	4
54	3	1
54	4	2
54	5	1
54	8	1
54	9	1
54	10	1
54	11	1
54	12	2
54	13	1
54	14	2
54	15	3
54	16	1
54	17	1
54	18	1
54	20	2
54	23	1
54	24	5
54	25	1
54	26	1
54	28	2
54	32	3
54	33	2
54	34	1
54	36	2
54	38	2
54	39	2
54	40	1
54	41	2
54	42	3
54	43	3
54	44	2
54	45	2
54	46	2
54	49	2
54	50	1
54	51	5
54	52	7
54	53	4
55	0	1
55	1	2
55	3	1
55	4	2
55	6	2
55	7	1
55	8	4
55	9	1
55	10	2
55	12	2
55	13	1
55	14	2
55	16	2
55	17	1
55	18	1
55	19	1
55	21	3
55	22	2
55	23	3
55	24	3
55	25	1
55	26	3
55	28	7
55	29	1
55	30	1
55	31	2
55	32	1
55	34	1
55	35	2
55	36	4
55	37	7
55	38	4
55	39	7
55	40	2
55	41	4
55	42	3
55	43	3
55	44	1
55	48	3
55	49	3
55	50	2
55	51	4
55	52	7
55	53	5
55	54	8
56	0	1
56	3	1
56	4	1
56	5	2
56	8	2
56	9	1
56	11	1
56	13	1
56	15	2
56	16	1
56	18	1
56	19	1
56	20	1
56	21	2
56	23	1
56	24	2
56	25	3
56	26	1
56	27	1
56	28	5
56	32	1
56	33	3
56	34	1
56	36	2
56	37	2
56	40	1
56	41	1
56	43	1
56	45	2
56	47	1
56	49	1
56	50	2
56	51	2
56	53	1
56	54	2
56	55	3
57	0	1
57	4	1
57	8	2
57	12	1
57	15	1
57	18	2
57	20	2
57	23	3
57	24	3
57	25	1
57	26	3
57	27	1
57	28	2
57	29	1
57	30	2
57	31	2
57	32	1
57	33	1
57	34	2
57	35	2
57	36	2
57	37	1
57	38	8
57	39	2
57	41	2
57	42	1
57	43	3
57	44	2
57	45	4
57	46	1
57	47	4
57	49	1
57	50	1
57	51	1
57	52	4
57	55	3
57	56	2
58	2	1
58	6	2
58	16	1
58	18	4
58	20	2
58	24	2
58	25	1
58	26	3
58	27	1
58	28	1
58	29	4
58	30	2
58	33	1
58	34	1
58	35	2
58	36	6
58	37	3
58	38	5
58	39	1
58	40	5
58	41	2
58	42	2
58	43	1
58	44	2
58	45	1
58	46	5
58	47	2
58	49	1
58	51	1
58	52	1
58	54	3
58	55	2
58	57	3
59	1	1
59	2	1
59	4	2
59	6	2
59	8	2
59	9	1
59	10	2
59	11	2
59	13	2
59	14	2
59	15	2
59	16	1
59	17	1
59	18	1
59	19	2
59	20	1
59	21	1
59	23	2
59	24	1
59	25	1
59	26	3
59	27	2
59	28	1
59	30	1
59	31	2
59	32	1
59	33	1
59	34	3
59	36	2
59	37	2
59	38	3
59	39	2
59	40	3
59	42	1
59	43	1
59	44	3
59	45	2
59	46	1
59	47	1
59	48	1
59	49	6
59	50	2
59	51	3
59	52	1
59	53	2
59	54	1
59	55	2
59	56	3
59	57	5
59	58	2
60	3	1
60	4	2
60	7	1
60	12	3
60	13	2
60	15	1
60	18	1
60	20	3
60	23	2
60	24	1
60	25	1
60	26	3
60	28	1
60	30	1
60	33	1
60	35	5
60	36	1
60	38	2
60	39	2
60	40	1
60	42	2
60	43	1
60	44	3
60	45	5
60	46	2
60	47	2
60	48	2
60	49	3
60	50	1
60	51	4
60	52	3
60	53	2
60	54	1
60	56	1
60	57	1
60	58	2
