2	1	1
3	1	1
3	2	2
4	1	1
4	2	7
4	3	7
5	0	2
5	1	4
5	2	3
5	4	2
6	0	2
6	2	3
6	3	2
6	5	4
7	0	1
7	1	2
7	2	1
7	3	1
7	5	1
7	6	4
8	0	3
8	1	2
8	2	3
8	4	4
8	5	3
8	6	5
8	7	2
9	0	2
9	1	1
9	2	1
9	4	1
9	5	2
9	6	2
9	7	2
9	8	4
10	0	1
10	1	3
10	4	2
10	5	1
10	6	2
10	7	3
10	8	2
10	9	2
11	0	1
11	1	6
11	2	1
11	3	1
11	4	1
11	5	1
11	6	2
11	7	2
11	8	3
11	9	2
11	10	2
12	0	2
12	1	2
12	2	2
12	3	1
12	4	2
12	5	1
12	6	5
12	8	4
12	9	2
12	10	2
13	0	2
13	1	4
13	2	5
13	3	3
13	4	1
13	5	2
13	6	3
13	8	4
13	9	7
13	10	3
13	11	2
13	12	1
14	0	3
14	1	4
14	3	3
14	4	1
14	5	1
14	6	2
14	7	2
14	8	2
14	9	1
14	10	4
14	11	4
14	12	4
14	13	4
15	0	1
15	1	3
15	2	4
15	3	1
15	4	2
15	5	1
15	6	2
15	7	2
15	8	2
15	9	1
15	10	2
15	11	2
15	12	3
15	13	4
15	14	5
16	0	1
16	1	2
16	2	3
16	3	1
16	4	4
16	6	1
16	7	4
16	8	3
16	9	1
16	10	2
16	13	2
16	14	1
16	15	1
17	0	1
17	1	1
17	2	1
17	3	1
17	4	1
17	5	2
17	6	2
17	8	1
17	10	3
17	12	2
17	13	3
17	14	2
17	15	1
17	16	4
18	2	3
18	3	1
18	4	1
18	5	1
18	6	2
18	7	2
18	8	1
18	9	2
18	10	2
18	11	1
18	12	1
18	14	1
18	16	1
18	17	1
19	0	1
19	1	1
19	2	1
19	3	7
19	4	3
19	8	6
19	10	2
19	11	1
19	12	1
19	14	1
19	15	3
19	16	1
19	17	2
19	18	1
20	1	4
20	2	2
20	3	1
20	4	4
20	5	2
20	6	2
20	7	2
20	8	2
20	9	2
20	10	5
20	14	7
20	15	1
20	17	2
20	18	4
20	19	2
21	1	1
21	2	2
21	3	3
21	4	4
21	5	3
21	6	4
21	7	1
21	8	1
21	9	1
21	10	2
21	12	2
21	13	1
21	14	2
21	15	2
21	16	3
21	17	2
21	18	2
21	20	1
22	2	3
22	4	2
22	5	2
22	6	2
22	7	1
22	9	1
22	10	1
22	11	1
22	13	2
22	14	3
22	15	1
22	16	1
22	17	2
22	20	8
22	21	4
23	1	4
23	2	1
23	3	2
23	4	2
23	7	1
23	8	6
23	9	1
23	10	3
23	12	2
23	13	1
23	14	2
23	15	2
23	17	4
23	18	2
23	19	1
23	20	2
23	21	1
23	22	1
24	0	1
24	1	1
24	2	4
24	4	3
24	5	2
24	7	2
24	9	2
24	10	3
24	11	6
24	12	3
24	13	2
24	14	1
24	15	2
24	16	1
24	17	1
24	18	1
24	20	3
24	21	1
24	23	3
25	0	3
25	1	3
25	2	1
25	3	2
25	4	1
25	5	2
25	6	1
25	8	7
25	9	3
25	10	3
25	11	4
25	12	2
25	13	2
25	14	1
25	15	1
25	16	2
25	20	1
25	23	2
25	24	3
26	1	2
26	5	1
26	7	1
26	10	2
26	12	1
26	13	1
26	14	2
26	18	1
26	19	3
26	20	1
26	22	1
26	23	1
27	3	1
27	4	1
27	8	1
27	9	1
27	10	1
27	15	1
27	18	2
27	19	1
27	23	1
27	24	3
27	25	2
27	26	4
28	0	1
28	3	1
28	4	1
28	5	1
28	6	1
28	7	1
28	8	1
28	9	2
28	10	1
28	11	2
28	12	1
28	13	2
28	14	3
28	15	1
28	16	1
28	17	1
28	18	3
28	19	3
28	20	2
28	21	1
28	23	1
28	24	2
28	25	2
28	26	2
28	27	1
29	0	2
29	2	2
29	4	1
29	7	1
29	10	3
29	12	1
29	14	1
29	19	1
29	20	1
29	26	1
29	27	4
29	28	2
30	7	1
30	8	1
30	10	1
30	11	1
30	13	2
30	14	1
30	18	4
30	19	1
30	22	1
30	25	4
30	26	2
30	27	3
30	28	1
30	29	1
31	5	1
31	11	1
31	14	1
31	22	1
31	25	2
31	26	1
31	27	1
31	29	2
31	30	3
32	1	2
32	4	3
32	9	1
32	10	2
32	11	1
32	14	2
32	16	1
32	24	2
32	25	2
32	26	2
32	27	2
32	29	2
32	30	4
32	31	5
33	0	1
33	3	1
33	8	1
33	9	1
33	10	3
33	11	1
33	13	1
33	15	1
33	17	1
33	18	2
33	19	1
33	22	1
33	24	2
33	25	4
33	26	1
33	27	2
33	28	2
33	29	3
33	30	2
33	31	2
33	32	2
34	1	2
34	2	3
34	3	2
34	5	1
34	6	1
34	8	1
34	9	2
34	11	2
34	13	4
34	14	2
34	15	1
34	21	1
34	23	2
34	24	1
34	25	4
34	26	2
34	27	2
34	29	1
34	30	5
34	31	1
34	32	5
34	33	9
35	0	1
35	3	1
35	4	1
35	5	2
35	6	1
35	8	1
35	9	1
35	10	1
35	12	2
35	13	1
35	14	2
35	15	1
35	19	1
35	23	2
35	24	2
35	25	3
35	27	1
35	28	2
35	29	3
35	30	1
35	31	4
35	32	5
35	33	5
35	34	5
36	0	2
36	1	2
36	2	1
36	3	1
36	4	3
36	10	3
36	12	3
36	13	1
36	15	1
36	23	2
36	24	2
36	25	3
36	26	2
36	27	1
36	30	2
36	31	1
36	32	3
36	34	1
36	35	3
37	1	3
37	2	2
37	3	2
37	4	1
37	6	1
37	8	2
37	10	2
37	11	3
37	13	1
37	14	2
37	21	2
37	24	1
37	25	2
37	26	2
37	28	1
37	29	3
37	30	2
37	31	1
37	32	5
37	33	1
37	34	1
37	35	1
37	36	2
38	2	1
38	3	1
38	4	3
38	5	4
38	7	1
38	8	2
38	9	1
38	10	1
38	11	2
38	13	2
38	14	2
38	15	4
38	18	1
38	20	1
38	22	1
38	24	2
38	25	1
38	26	1
38	27	1
38	28	4
38	29	2
38	30	1
38	31	2
38	32	1
38	33	3
38	34	4
38	35	2
38	36	6
38	37	3
39	1	2
39	2	1
39	3	2
39	6	2
39	7	1
39	8	2
39	9	2
39	10	2
39	12	1
39	13	2
39	14	3
39	15	1
39	16	1
39	18	1
39	20	1
39	21	1
39	25	1
39	27	1
39	28	6
39	29	2
39	31	1
39	32	1
39	33	1
39	34	1
39	35	2
39	36	1
39	38	3
40	0	1
40	3	1
40	4	2
40	5	3
40	6	4
40	7	2
40	8	1
40	9	1
40	10	4
40	11	1
40	12	1
40	13	3
40	14	4
40	15	3
40	16	2
40	17	2
40	19	1
40	20	3
40	22	1
40	23	1
40	24	1
40	25	5
40	26	2
40	27	1
40	28	2
40	29	1
40	31	1
40	32	5
40	33	1
40	34	2
40	35	7
40	36	1
40	37	1
40	38	4
40	39	3
41	4	1
41	5	3
41	7	1
41	8	1
41	10	2
41	13	1
41	16	1
41	18	1
41	22	1
41	24	1
41	25	4
41	26	2
41	27	2
41	28	1
41	30	6
41	31	2
41	33	1
41	34	3
41	35	1
41	37	3
41	38	2
41	39	3
41	40	2
42	1	3
42	3	1
42	4	2
42	5	1
42	6	3
42	8	1
42	9	3
42	10	2
42	11	1
42	12	1
42	13	1
42	14	1
42	15	1
42	17	2
42	19	1
42	20	2
42	24	1
42	28	5
42	29	1
42	30	2
42	31	3
42	32	3
42	33	1
42	35	1
42	36	1
42	37	3
42	38	2
42	39	3
42	40	3
42	41	7
43	0	2
43	5	4
43	9	1
43	10	2
43	11	1
43	12	3
43	13	1
43	15	1
43	18	4
43	20	3
43	21	3
43	22	1
43	24	1
43	28	1
43	29	1
43	31	5
43	32	1
43	33	1
43	34	2
43	35	2
43	36	2
43	37	1
43	38	3
43	39	1
43	40	2
43	41	2
43	42	4
44	4	2
44	8	1
44	10	2
44	11	1
44	12	1
44	18	3
44	20	3
44	24	1
44	25	1
44	26	2
44	27	1
44	28	1
44	30	3
44	31	1
44	33	2
44	34	1
44	35	3
44	36	1
44	37	2
44	38	5
44	39	3
44	40	3
44	42	2
44	43	7
45	5	1
45	6	1
45	9	1
45	10	1
45	19	1
45	22	1
45	24	1
45	26	2
45	27	1
45	28	3
45	29	2
45	31	2
45	33	1
45	34	1
45	35	4
45	37	1
45	38	1
45	39	2
45	40	1
45	41	2
45	42	2
45	43	4
45	44	5
46	0	1
46	1	1
46	2	2
46	10	2
46	11	1
46	13	1
46	14	2
46	18	1
46	19	1
46	24	1
46	25	3
46	26	4
46	27	2
46	28	3
46	29	2
46	30	3
46	31	1
46	33	3
46	34	3
46	35	8
46	36	1
46	37	3
46	38	2
46	40	2
46	41	1
46	42	2
46	43	2
46	44	2
46	45	6
47	2	2
47	3	2
47	11	2
47	13	2
47	18	1
47	21	1
47	23	1
47	24	2
47	25	1
47	26	1
47	27	2
47	28	1
47	29	1
47	30	1
47	31	1
47	32	1
47	33	2
47	34	1
47	35	3
47	36	1
47	40	1
47	42	2
47	44	1
47	45	2
47	46	3
48	4	2
48	7	2
48	10	2
48	11	1
48	13	1
48	14	2
48	18	1
48	19	2
48	20	1
48	24	2
48	25	1
48	26	1
48	27	1
48	28	2
48	29	1
48	30	2
48	31	1
48	32	3
48	33	4
48	34	5
48	35	1
48	36	2
48	37	1
48	38	3
48	39	2
48	40	1
48	42	3
48	43	1
48	44	4
48	45	1
48	47	1
49	0	3
49	1	1
49	2	3
49	3	4
49	4	4
49	8	1
49	10	1
49	11	1
49	14	3
49	15	1
49	18	5
49	19	3
49	21	2
49	22	3
49	23	2
49	24	3
49	25	2
49	26	3
49	28	4
49	29	3
49	30	4
49	32	3
49	34	3
49	35	3
49	36	6
49	37	3
49	38	4
49	40	2
49	41	1
49	43	3
49	44	2
49	45	1
49	47	3
49	48	5
50	0	1
50	1	2
50	2	1
50	4	2
50	8	1
50	9	1
50	10	5
50	11	2
50	13	1
50	15	1
50	18	1
50	20	1
50	24	4
50	25	2
50	26	1
50	27	3
50	28	2
50	29	1
50	30	1
50	31	2
50	32	1
50	33	2
50	34	2
50	35	3
50	36	4
50	37	1
50	38	1
50	40	1
50	42	1
50	46	1
50	47	3
50	48	3
50	49	2
51	1	2
51	2	1
51	3	2
51	4	1
51	5	2
51	6	1
51	8	3
51	10	1
51	11	6
51	12	1
51	14	3
51	15	2
51	18	1
51	19	1
51	20	1
51	23	2
51	24	3
51	25	1
51	26	1
51	27	1
51	28	4
51	30	1
51	31	3
51	32	1
51	33	2
51	34	6
51	35	5
51	36	4
51	37	3
51	38	4
51	39	1
51	40	3
51	42	2
51	43	1
51	44	1
51	46	1
51	47	2
51	48	6
51	49	5
51	50	1
52	1	1
52	2	1
52	3	1
52	4	3
52	8	2
52	9	1
52	10	2
52	11	2
52	12	1
52	13	2
52	14	1
52	17	2
52	18	1
52	19	1
52	20	3
52	21	3
52	22	1
52	23	1
52	24	2
52	25	1
52	28	2
52	29	1
52	31	2
52	32	2
52	35	3
52	36	1
52	37	3
52	38	6
52	39	3
52	40	3
52	42	4
52	43	2
52	44	3
52	45	1
52	46	1
52	47	4
52	48	3
52	49	4
52	50	1
52	51	6
53	1	3
53	3	2
53	4	1
53	6	2
53	8	1
53	10	3
53	11	1
53	12	1
53	14	1
53	15	4
53	17	3
53	18	1
53	19	1
53	23	1
53	24	3
53	25	2
53	26	1
53	27	4
53	28	3
53	30	2
53	31	1
53	32	2
53	33	2
53	34	3
53	35	1
53	36	2
53	37	3
53	38	4
53	39	1
53	40	1
53	41	2
53	42	4
53	43	1
53	44	3
53	46	1
53	47	1
53	49	3
53	50	5
53	51	2
53	52	1
54	2	3
54	4	1
54	5	1
54	8	1
54	9	2
54	11	3
54	12	3
54	13	2
54	17	2
54	18	1
54	20	2
54	21	1
54	23	1
54	24	2
54	25	1
54	28	5
54	31	1
54	32	2
54	33	2
54	34	2
54	35	3
54	36	1
54	37	1
54	39	2
54	40	1
54	41	2
54	43	1
54	44	1
54	45	1
54	46	2
54	47	1
54	49	1
54	50	1
54	51	2
54	52	5
54	53	3
55	1	2
55	2	2
55	3	2
55	4	2
55	6	1
55	9	2
55	10	1
55	12	5
55	13	2
55	14	3
55	15	1
55	18	2
55	19	2
55	20	3
55	21	3
55	22	1
55	24	2
55	25	3
55	26	2
55	27	6
55	28	7
55	29	1
55	31	1
55	32	1
55	33	2
55	34	4
55	35	2
55	37	2
55	38	4
55	39	1
55	40	2
55	42	3
55	43	3
55	44	1
55	45	3
55	46	2
55	47	4
55	49	4
55	50	1
55	51	4
55	52	3
55	53	4
55	54	9
56	1	2
56	3	1
56	4	1
56	8	1
56	9	1
56	10	3
56	12	1
56	15	1
56	16	1
56	17	1
56	18	1
56	19	1
56	20	1
56	21	1
56	22	1
56	23	1
56	27	2
56	28	5
56	31	2
56	32	1
56	36	1
56	37	3
56	38	2
56	39	2
56	40	2
56	41	1
56	42	5
56	43	1
56	44	2
56	45	1
56	48	1
56	49	3
56	50	1
56	51	2
56	52	5
56	53	3
56	54	6
56	55	1
57	1	2
57	2	2
57	3	1
57	6	1
57	9	1
57	10	2
57	11	1
57	13	1
57	14	1
57	15	1
57	18	1
57	20	2
57	23	1
57	24	2
57	25	2
57	26	1
57	27	2
57	28	1
57	29	1
57	31	3
57	32	2
57	33	3
57	34	1
57	36	3
57	37	1
57	38	2
57	40	1
57	41	3
57	43	1
57	44	4
57	45	4
57	46	1
57	47	2
57	49	2
57	50	1
57	51	3
57	52	3
57	53	2
57	54	3
57	55	2
58	0	1
58	3	1
58	11	1
58	14	1
58	17	1
58	22	1
58	23	3
58	24	2
58	25	1
58	26	2
58	29	2
58	31	1
58	32	2
58	33	2
58	34	1
58	35	3
58	36	4
58	38	4
58	40	1
58	42	3
58	43	4
58	45	3
58	46	4
58	47	4
58	48	2
58	49	1
58	50	3
58	51	4
58	52	2
58	53	4
58	54	2
58	55	1
58	56	3
58	57	4
59	2	1
59	3	1
59	4	2
59	6	1
59	8	1
59	9	1
59	11	2
59	12	1
59	14	1
59	15	1
59	18	2
59	19	1
59	20	3
59	21	1
59	22	1
59	23	1
59	24	6
59	25	1
59	27	1
59	28	1
59	30	1
59	31	1
59	32	2
59	33	3
59	34	1
59	35	2
59	36	7
59	37	3
59	38	3
59	39	2
59	42	1
59	43	1
59	45	1
59	47	6
59	49	6
59	50	1
59	51	2
59	52	6
59	53	3
59	54	7
59	55	1
59	56	4
59	57	2
59	58	1
60	0	2
60	1	1
60	3	1
60	4	2
60	7	1
60	8	2
60	10	3
60	13	1
60	14	1
60	15	1
60	17	2
60	19	1
60	23	2
60	24	5
60	25	1
60	26	3
60	27	1
60	28	1
60	29	3
60	30	1
60	31	1
60	34	2
60	35	2
60	36	5
60	37	2
60	38	3
60	39	3
60	40	1
60	41	3
60	43	1
60	44	5
60	46	1
60	47	3
60	49	2
60	50	3
60	51	1
60	52	2
60	53	3
60	55	2
60	56	2
60	57	5
60	58	3
60	59	1
