2	0	1
2	1	2
3	1	2
3	2	5
4	1	2
4	2	4
4	3	4
5	0	2
5	1	1
5	2	1
5	3	1
5	4	1
6	1	1
6	3	1
6	4	5
6	5	3
7	0	1
7	2	2
7	4	2
7	5	2
7	6	5
8	0	3
8	1	1
8	2	3
8	3	5
8	4	3
8	5	1
8	6	3
8	7	2
9	1	2
9	2	2
9	4	3
9	5	1
9	6	3
9	7	3
9	8	2
10	2	3
10	3	1
10	5	4
10	6	2
10	7	3
10	8	4
10	9	3
11	0	1
11	1	1
11	2	1
11	4	2
11	5	3
11	6	1
11	8	3
11	9	2
11	10	3
12	0	1
12	1	1
12	2	1
12	3	3
12	4	2
12	6	1
12	7	1
12	8	5
12	9	3
12	10	2
12	11	1
13	0	4
13	1	8
13	2	3
13	3	1
13	4	1
13	5	2
13	7	2
13	8	6
13	9	4
13	10	6
13	11	2
13	12	6
14	0	2
14	1	6
14	2	2
14	3	2
14	4	3
14	5	2
14	8	1
14	9	4
14	10	1
14	11	2
14	12	4
14	13	6
15	0	4
15	1	2
15	2	5
15	3	3
15	4	3
15	5	2
15	6	1
15	7	3
15	8	6
15	9	2
15	10	2
15	12	2
15	13	4
15	14	7
16	0	1
16	1	1
16	2	2
16	3	1
16	4	2
16	5	1
16	6	1
16	7	1
16	8	2
16	10	1
16	12	2
16	14	2
16	15	3
17	0	1
17	2	2
17	4	3
17	5	2
17	6	4
17	7	3
17	8	2
17	10	2
17	11	1
17	12	1
17	13	1
17	14	4
17	15	5
17	16	3
18	2	2
18	4	2
18	5	1
18	7	1
18	8	1
18	9	4
18	10	6
18	11	1
18	12	2
18	13	4
18	14	1
18	15	2
18	17	1
19	0	1
19	1	2
19	2	2
19	3	2
19	4	2
19	5	1
19	6	2
19	7	2
19	8	3
19	10	1
19	12	3
19	13	3
19	14	1
19	15	2
19	17	2
19	18	3
20	0	1
20	1	4
20	3	2
20	4	2
20	5	3
20	6	1
20	7	1
20	9	3
20	12	3
20	13	2
20	14	3
20	15	3
20	17	3
20	18	2
20	19	3
21	0	1
21	2	3
21	3	2
21	4	4
21	5	5
21	7	1
21	8	2
21	9	2
21	12	4
21	13	2
21	14	2
21	15	2
21	16	2
21	17	3
21	18	4
21	19	2
21	20	2
22	1	1
22	3	1
22	4	3
22	5	3
22	6	2
22	8	1
22	9	2
22	10	2
22	11	1
22	12	1
22	13	1
22	14	1
22	15	1
22	16	1
22	17	2
22	18	5
22	19	3
22	21	3
23	0	1
23	1	1
23	2	1
23	3	1
23	4	4
23	8	1
23	10	1
23	11	3
23	12	2
23	13	2
23	14	2
23	15	2
23	17	2
23	18	1
23	19	3
23	20	2
24	0	1
24	1	9
24	2	2
24	3	1
24	4	2
24	9	2
24	10	2
24	11	2
24	12	4
24	13	1
24	14	1
24	15	2
24	19	3
24	20	3
24	22	2
24	23	1
25	0	2
25	1	6
25	2	2
25	4	1
25	5	1
25	6	1
25	7	2
25	8	1
25	9	1
25	10	1
25	11	6
25	12	1
25	13	1
25	14	1
25	15	2
25	16	1
25	18	2
25	20	1
25	23	3
25	24	1
26	0	1
26	1	1
26	4	2
26	5	2
26	8	1
26	10	1
26	11	1
26	12	3
26	14	1
26	15	1
26	18	2
26	19	1
26	20	3
26	23	3
26	24	1
27	1	1
27	2	1
27	7	2
27	8	1
27	9	1
27	10	1
27	13	2
27	14	4
27	17	2
27	18	1
27	22	3
27	24	5
27	25	3
27	26	2
28	0	2
28	1	2
28	2	1
28	4	1
28	6	2
28	8	2
28	10	4
28	11	1
28	12	3
28	13	2
28	15	2
28	16	1
28	17	1
28	18	3
28	19	3
28	20	4
28	22	3
28	23	2
28	24	2
28	26	1
28	27	4
29	0	1
29	2	1
29	10	2
29	13	3
29	19	1
29	23	1
29	25	2
29	27	3
29	28	2
30	1	2
30	7	1
30	10	1
30	12	2
30	14	1
30	20	2
30	24	1
30	25	1
30	26	1
30	27	2
30	29	4
31	4	2
31	8	1
31	9	2
31	14	1
31	19	1
31	21	1
31	24	2
31	25	1
31	28	1
31	29	1
31	30	4
32	0	1
32	4	1
32	9	1
32	10	4
32	12	2
32	13	1
32	14	1
32	15	1
32	16	1
32	17	2
32	20	1
32	22	1
32	24	1
32	26	1
32	27	1
32	28	1
32	29	1
32	30	4
32	31	3
33	1	2
33	4	1
33	5	2
33	9	2
33	10	1
33	11	1
33	12	1
33	14	1
33	17	1
33	19	1
33	21	1
33	24	2
33	25	2
33	27	1
33	28	1
33	29	4
33	30	1
33	31	3
33	32	4
34	1	1
34	2	1
34	4	1
34	5	2
34	8	1
34	9	3
34	10	2
34	11	2
34	12	1
34	13	1
34	14	2
34	15	1
34	16	1
34	18	1
34	21	1
34	22	1
34	23	2
34	25	2
34	26	1
34	27	4
34	30	1
34	31	1
34	32	2
34	33	2
35	3	1
35	4	1
35	6	1
35	8	1
35	11	6
35	12	3
35	13	1
35	14	3
35	17	1
35	18	1
35	22	2
35	23	1
35	24	2
35	25	1
35	26	3
35	27	3
35	28	1
35	29	1
35	30	3
35	31	2
35	33	2
35	34	5
36	1	1
36	6	1
36	12	3
36	13	1
36	23	2
36	24	2
36	25	1
36	26	3
36	27	1
36	28	2
36	30	1
36	32	1
36	33	2
36	34	5
36	35	6
37	1	2
37	2	1
37	3	1
37	4	3
37	8	1
37	10	2
37	12	1
37	13	2
37	14	2
37	15	2
37	18	1
37	19	1
37	20	2
37	21	1
37	24	1
37	25	1
37	26	2
37	27	1
37	28	1
37	29	3
37	31	4
37	32	5
37	33	2
37	34	3
37	35	5
37	36	1
38	0	1
38	3	1
38	6	1
38	8	2
38	11	1
38	12	4
38	13	1
38	14	4
38	15	2
38	17	2
38	18	1
38	19	1
38	20	1
38	21	3
38	22	3
38	23	1
38	24	1
38	25	1
38	27	3
38	28	3
38	29	2
38	30	1
38	31	3
38	32	3
38	33	2
38	34	3
38	35	2
38	36	2
38	37	2
39	1	1
39	2	1
39	3	1
39	4	1
39	5	4
39	6	1
39	8	1
39	9	1
39	10	4
39	12	2
39	13	3
39	14	2
39	15	1
39	18	2
39	19	2
39	20	3
39	22	1
39	23	2
39	25	2
39	26	4
39	27	1
39	28	3
39	29	1
39	30	3
39	31	3
39	32	1
39	33	1
39	34	4
39	36	1
39	37	4
39	38	2
40	0	1
40	1	3
40	4	1
40	5	2
40	6	2
40	9	1
40	10	2
40	11	6
40	12	1
40	15	3
40	17	1
40	18	1
40	19	3
40	20	1
40	22	1
40	23	2
40	24	2
40	26	2
40	28	1
40	31	2
40	32	2
40	33	3
40	34	2
40	35	3
40	36	1
40	37	3
40	38	2
40	39	3
41	4	4
41	5	2
41	8	2
41	10	1
41	11	1
41	13	1
41	16	1
41	18	3
41	20	1
41	22	2
41	25	3
41	26	1
41	28	2
41	29	2
41	30	2
41	31	3
41	32	3
41	33	3
41	34	5
41	35	2
41	36	2
41	37	2
41	38	1
41	39	1
41	40	1
42	0	1
42	1	1
42	2	1
42	9	1
42	10	3
42	11	2
42	14	1
42	15	1
42	18	3
42	19	1
42	20	2
42	24	1
42	25	5
42	28	1
42	29	1
42	30	4
42	34	2
42	35	1
42	36	1
42	38	6
42	39	6
42	40	5
42	41	4
43	0	1
43	1	1
43	3	2
43	4	2
43	5	1
43	10	2
43	11	4
43	12	1
43	13	1
43	14	2
43	17	1
43	20	1
43	21	1
43	24	1
43	25	1
43	26	2
43	27	3
43	28	1
43	29	4
43	30	5
43	31	6
43	33	2
43	34	3
43	35	2
43	37	4
43	38	3
43	39	6
43	40	3
43	41	6
43	42	3
44	4	2
44	5	3
44	7	1
44	18	1
44	19	1
44	20	1
44	23	1
44	27	2
44	28	2
44	29	3
44	33	2
44	35	3
44	37	2
44	38	7
44	39	4
44	40	1
44	41	2
44	42	3
44	43	5
45	3	1
45	5	3
45	6	2
45	10	2
45	20	1
45	22	2
45	23	2
45	25	3
45	26	3
45	27	1
45	28	1
45	29	1
45	30	2
45	31	3
45	32	1
45	33	1
45	34	3
45	35	1
45	36	1
45	37	4
45	38	4
45	39	1
45	40	1
45	43	6
45	44	2
46	1	1
46	3	1
46	4	1
46	10	1
46	11	3
46	14	2
46	15	2
46	18	1
46	19	1
46	22	1
46	24	1
46	25	2
46	26	1
46	27	2
46	28	3
46	29	3
46	30	1
46	31	3
46	33	2
46	34	3
46	35	3
46	36	2
46	37	1
46	38	4
46	40	5
46	41	1
46	43	1
46	44	4
47	0	1
47	3	1
47	4	1
47	9	1
47	10	3
47	11	2
47	13	2
47	15	2
47	18	2
47	20	2
47	24	3
47	25	3
47	26	5
47	27	2
47	28	1
47	32	2
47	33	2
47	35	2
47	36	6
47	37	2
47	38	5
47	39	2
47	40	1
47	41	2
47	42	1
47	43	1
47	44	3
47	45	4
47	46	7
48	1	2
48	3	2
48	5	1
48	6	1
48	7	2
48	9	2
48	10	2
48	11	4
48	12	1
48	13	2
48	14	3
48	15	2
48	16	2
48	18	1
48	19	3
48	20	2
48	21	1
48	22	1
48	23	1
48	24	2
48	25	5
48	26	4
48	27	1
48	29	1
48	32	1
48	33	3
48	34	1
48	35	2
48	36	1
48	38	2
48	39	3
48	41	3
48	43	1
48	44	2
48	46	1
48	47	1
49	1	3
49	3	2
49	4	3
49	6	1
49	9	1
49	10	1
49	11	2
49	12	1
49	13	1
49	14	2
49	15	2
49	16	1
49	18	2
49	19	1
49	20	2
49	23	1
49	24	5
49	25	1
49	28	2
49	29	2
49	30	3
49	31	1
49	32	2
49	33	3
49	34	6
49	35	5
49	36	2
49	38	2
49	39	4
49	40	2
49	41	3
49	42	1
49	43	4
49	44	2
49	45	3
49	46	1
49	47	4
49	48	1
50	3	2
50	7	1
50	8	1
50	9	1
50	10	3
50	11	1
50	14	2
50	19	1
50	20	1
50	21	1
50	23	2
50	24	4
50	25	2
50	26	2
50	27	1
50	28	1
50	29	1
50	30	1
50	31	1
50	32	2
50	33	1
50	34	4
50	35	2
50	36	1
50	38	2
50	40	1
50	41	1
50	42	1
50	43	3
50	45	1
50	46	1
50	47	1
50	48	3
50	49	8
51	3	5
51	4	3
51	5	1
51	6	1
51	7	1
51	9	2
51	10	2
51	11	1
51	14	2
51	15	1
51	18	1
51	19	2
51	20	3
51	22	1
51	23	2
51	24	2
51	27	1
51	28	4
51	29	1
51	30	1
51	31	2
51	32	4
51	33	4
51	34	4
51	35	4
51	36	3
51	38	7
51	39	2
51	40	5
51	41	2
51	42	6
51	43	3
51	45	1
51	47	2
51	48	3
51	49	10
51	50	5
52	1	1
52	3	1
52	4	3
52	5	2
52	7	1
52	8	2
52	10	1
52	11	2
52	12	2
52	13	1
52	14	3
52	15	3
52	16	3
52	17	3
52	19	2
52	21	1
52	23	3
52	24	1
52	25	2
52	28	1
52	29	1
52	30	1
52	31	2
52	33	3
52	34	1
52	35	1
52	36	3
52	37	1
52	38	5
52	39	2
52	40	3
52	41	1
52	44	3
52	45	4
52	46	1
52	47	2
52	48	2
52	49	1
52	50	3
52	51	4
53	3	1
53	4	1
53	6	1
53	9	1
53	10	1
53	11	1
53	13	3
53	14	2
53	17	1
53	18	1
53	19	1
53	20	2
53	21	1
53	22	2
53	24	1
53	25	5
53	26	1
53	27	1
53	28	3
53	29	2
53	30	1
53	31	1
53	32	1
53	33	3
53	34	1
53	35	4
53	36	1
53	37	2
53	38	9
53	39	3
53	40	1
53	41	4
53	42	4
53	44	1
53	45	2
53	46	2
53	47	1
53	48	1
53	49	3
53	50	1
53	51	2
53	52	5
54	0	1
54	4	1
54	5	1
54	8	2
54	9	1
54	11	1
54	12	1
54	14	1
54	15	2
54	16	2
54	17	2
54	18	1
54	19	2
54	20	3
54	21	1
54	22	1
54	24	2
54	27	1
54	28	3
54	29	1
54	30	2
54	33	1
54	34	2
54	35	3
54	36	3
54	38	2
54	39	1
54	40	2
54	41	3
54	42	2
54	47	3
54	48	2
54	49	4
54	51	3
54	52	4
54	53	2
55	1	3
55	2	2
55	3	1
55	4	2
55	5	1
55	6	1
55	8	3
55	9	2
55	10	2
55	11	1
55	12	2
55	13	1
55	14	2
55	16	1
55	18	2
55	20	4
55	21	3
55	24	2
55	25	1
55	26	2
55	28	9
55	30	1
55	32	1
55	33	2
55	34	1
55	35	1
55	36	1
55	37	2
55	38	5
55	39	2
55	40	1
55	42	2
55	44	3
55	45	1
55	46	1
55	47	1
55	48	2
55	50	3
55	51	2
55	52	1
55	53	3
55	54	5
56	1	2
56	2	3
56	3	1
56	10	2
56	12	1
56	14	1
56	17	1
56	18	3
56	19	1
56	22	1
56	23	2
56	24	1
56	25	1
56	26	1
56	27	1
56	28	2
56	30	1
56	31	1
56	32	2
56	35	1
56	36	1
56	38	4
56	39	3
56	41	1
56	42	2
56	44	4
56	46	5
56	47	1
56	49	2
56	50	1
56	51	1
56	52	3
56	53	4
56	54	3
56	55	4
57	1	2
57	2	1
57	3	1
57	4	1
57	9	1
57	10	1
57	11	3
57	12	1
57	14	3
57	15	1
57	19	2
57	20	2
57	22	3
57	23	1
57	24	1
57	26	2
57	27	3
57	29	1
57	30	3
57	31	1
57	32	1
57	35	1
57	36	5
57	38	3
57	42	3
57	44	4
57	45	2
57	46	5
57	47	1
57	48	1
57	49	1
57	50	4
57	51	2
57	52	5
57	53	1
57	54	3
57	55	2
57	56	4
58	1	1
58	2	2
58	4	2
58	6	2
58	10	1
58	14	1
58	22	3
58	23	1
58	24	2
58	27	2
58	28	1
58	29	1
58	30	1
58	31	2
58	32	2
58	33	2
58	35	2
58	36	1
58	37	1
58	38	3
58	41	2
58	43	2
58	44	3
58	45	2
58	46	1
58	47	5
58	48	1
58	49	3
58	50	1
58	51	3
58	53	2
58	54	1
58	56	1
58	57	5
59	1	1
59	2	1
59	3	1
59	4	1
59	5	2
59	6	2
59	9	2
59	10	1
59	11	1
59	13	3
59	14	5
59	15	2
59	19	1
59	20	5
59	21	2
59	22	3
59	23	2
59	24	2
59	25	5
59	26	5
59	28	3
59	29	3
59	30	1
59	31	2
59	32	2
59	33	4
59	34	5
59	35	1
59	36	2
59	37	2
59	38	3
59	39	5
59	40	2
59	41	1
59	42	1
59	43	1
59	44	1
59	45	1
59	46	2
59	47	2
59	48	3
59	49	3
59	50	1
59	51	1
59	52	3
59	53	1
59	54	5
59	55	1
59	56	2
59	57	5
59	58	2
60	0	2
60	2	1
60	4	1
60	7	2
60	8	1
60	10	1
60	11	2
60	14	1
60	15	1
60	18	1
60	19	1
60	25	2
60	26	1
60	29	1
60	30	2
60	31	1
60	32	2
60	33	1
60	35	5
60	36	2
60	38	1
60	39	1
60	40	2
60	45	1
60	46	2
60	47	3
60	48	6
60	49	3
60	50	4
60	51	4
60	52	2
60	56	2
60	57	4
60	58	4
60	59	5
