1	0	3
2	0	2
2	1	1
3	0	2
3	1	1
3	2	2
4	1	2
4	2	5
4	3	7
5	0	1
5	1	3
5	2	2
5	3	5
5	4	2
6	2	2
6	4	2
6	5	2
7	0	3
7	2	2
7	3	1
7	4	3
7	6	3
8	0	6
8	1	1
8	2	3
8	3	1
8	4	1
8	5	3
8	6	3
8	7	2
9	0	4
9	1	1
9	3	1
9	5	1
9	6	2
9	7	2
9	8	5
10	0	2
10	1	1
10	2	1
10	3	1
10	4	1
10	5	1
10	6	2
10	7	3
10	8	2
10	9	7
11	0	1
11	1	3
11	2	2
11	3	3
11	5	2
11	6	3
11	7	5
11	10	7
12	0	4
12	1	2
12	2	2
12	3	2
12	6	2
12	7	1
12	8	7
12	9	4
12	11	3
13	0	2
13	1	4
13	2	4
13	3	2
13	4	2
13	5	3
13	6	1
13	7	3
13	8	5
13	9	3
13	10	3
13	11	3
13	12	6
14	0	3
14	1	5
14	2	4
14	3	1
14	4	5
14	6	1
14	7	1
14	8	6
14	9	4
14	10	5
14	11	2
14	12	3
14	13	4
15	0	6
15	1	3
15	2	3
15	4	5
15	5	1
15	7	2
15	8	5
15	9	3
15	10	3
15	11	3
15	12	4
15	13	5
15	14	4
16	0	2
16	1	4
16	2	1
16	3	2
16	4	1
16	6	1
16	7	1
16	8	2
16	9	1
16	11	1
16	13	4
16	14	3
16	15	3
17	1	1
17	2	3
17	3	1
17	4	1
17	5	1
17	6	2
17	8	3
17	9	1
17	11	2
17	12	4
17	13	1
17	14	1
17	15	6
17	16	3
18	0	1
18	1	1
18	2	1
18	3	2
18	4	4
18	5	4
18	6	2
18	7	4
18	8	2
18	9	2
18	10	6
18	11	3
18	12	4
18	13	2
18	14	1
18	15	2
18	16	2
18	17	3
19	0	2
19	1	3
19	2	3
19	3	2
19	4	6
19	6	3
19	7	2
19	8	3
19	11	2
19	12	2
19	14	3
19	15	1
19	16	1
19	17	7
19	18	1
20	1	3
20	2	2
20	3	2
20	4	4
20	6	1
20	8	3
20	9	2
20	10	3
20	11	5
20	12	1
20	13	3
20	14	4
20	15	2
20	18	5
20	19	1
21	0	3
21	1	1
21	2	5
21	4	1
21	5	3
21	6	1
21	8	2
21	9	2
21	10	5
21	11	1
21	12	3
21	13	3
21	14	4
21	15	1
21	16	1
21	17	2
21	18	2
21	20	3
22	2	4
22	3	2
22	4	4
22	6	3
22	7	2
22	8	1
22	10	1
22	11	4
22	12	3
22	14	3
22	16	2
22	18	1
22	19	1
22	20	2
22	21	2
23	0	1
23	1	1
23	2	1
23	3	3
23	4	3
23	8	1
23	9	4
23	10	1
23	12	1
23	13	2
23	14	2
23	15	3
23	19	3
23	20	1
23	21	1
24	1	4
24	2	2
24	4	1
24	8	3
24	9	1
24	10	4
24	11	6
24	12	1
24	13	2
24	14	3
24	15	1
24	17	2
24	18	1
24	19	2
24	21	2
24	22	3
24	23	3
25	0	1
25	1	1
25	2	1
25	3	3
25	4	1
25	5	1
25	6	2
25	7	5
25	9	1
25	10	3
25	11	5
25	12	3
25	13	4
25	14	4
25	17	1
25	19	2
25	20	1
25	21	1
25	22	1
25	23	2
25	24	3
26	0	3
26	1	1
26	2	1
26	4	1
26	7	1
26	8	2
26	10	2
26	11	1
26	13	1
26	14	1
26	17	2
26	18	1
26	22	1
26	23	3
26	24	4
26	25	1
27	1	1
27	2	1
27	3	1
27	4	2
27	8	1
27	11	1
27	14	1
27	15	3
27	17	1
27	18	1
27	19	1
27	22	1
27	23	1
27	24	1
27	25	5
27	26	3
28	0	1
28	1	1
28	2	4
28	3	2
28	4	1
28	5	3
28	6	1
28	7	1
28	9	1
28	11	2
28	12	2
28	13	1
28	14	3
28	15	2
28	19	1
28	21	1
28	22	3
28	24	2
28	27	1
29	4	1
29	5	1
29	7	1
29	10	1
29	14	1
29	18	1
29	19	1
29	23	2
29	25	1
29	27	1
30	5	1
30	7	2
30	9	2
30	11	2
30	13	1
30	14	1
30	17	2
30	18	1
30	19	2
30	20	1
30	24	2
30	25	3
30	27	2
30	29	2
31	4	1
31	5	1
31	8	1
31	11	2
31	14	1
31	23	3
31	25	2
31	29	3
31	30	2
32	2	1
32	8	2
32	9	3
32	12	2
32	16	1
32	22	1
32	23	2
32	25	3
32	26	1
32	28	2
32	29	2
32	30	3
32	31	4
33	2	1
33	3	1
33	4	2
33	5	1
33	10	1
33	11	2
33	12	1
33	14	2
33	15	2
33	18	3
33	19	2
33	22	1
33	24	2
33	25	1
33	26	1
33	27	1
33	29	1
33	30	4
33	31	3
33	32	5
34	1	1
34	2	1
34	3	1
34	4	2
34	5	1
34	6	1
34	8	2
34	9	1
34	10	1
34	12	1
34	14	1
34	15	1
34	18	2
34	20	1
34	22	1
34	23	2
34	24	3
34	25	4
34	26	2
34	27	3
34	28	2
34	29	2
34	31	2
34	33	1
35	0	2
35	1	2
35	3	1
35	4	2
35	5	1
35	6	1
35	9	1
35	11	4
35	13	1
35	14	2
35	15	2
35	17	1
35	18	5
35	19	1
35	20	1
35	21	1
35	23	1
35	24	4
35	25	4
35	26	3
35	27	1
35	28	2
35	29	2
35	30	2
35	31	2
35	32	5
35	33	7
35	34	3
36	0	1
36	1	1
36	3	3
36	4	2
36	6	2
36	7	2
36	10	2
36	11	2
36	18	1
36	23	2
36	25	3
36	26	1
36	28	1
36	29	1
36	30	1
36	31	1
36	32	3
36	33	3
36	34	1
36	35	3
37	0	1
37	1	4
37	3	1
37	5	1
37	9	2
37	11	1
37	12	2
37	13	2
37	15	1
37	19	2
37	20	1
37	21	1
37	26	1
37	29	1
37	30	1
37	31	3
37	32	2
37	33	3
37	34	3
37	35	2
37	36	2
38	2	2
38	4	3
38	5	1
38	7	1
38	8	2
38	9	1
38	10	2
38	11	1
38	12	1
38	14	2
38	15	1
38	18	1
38	19	1
38	20	1
38	22	1
38	23	4
38	24	2
38	25	3
38	26	1
38	27	3
38	28	2
38	30	2
38	32	2
38	33	1
38	34	3
38	35	3
38	36	3
38	37	3
39	0	1
39	2	2
39	3	2
39	4	2
39	5	2
39	7	1
39	10	3
39	11	1
39	13	1
39	14	2
39	15	1
39	20	1
39	21	1
39	22	1
39	24	1
39	26	2
39	28	4
39	29	1
39	30	2
39	31	1
39	32	3
39	34	3
39	35	1
39	37	1
39	38	4
40	2	1
40	3	1
40	4	4
40	5	1
40	6	1
40	7	1
40	8	1
40	9	2
40	10	2
40	11	2
40	12	1
40	13	1
40	14	2
40	17	1
40	18	1
40	20	3
40	21	1
40	24	2
40	25	3
40	26	1
40	27	1
40	28	4
40	29	1
40	30	2
40	31	3
40	32	2
40	33	3
40	34	2
40	35	2
40	36	2
40	37	6
40	38	9
40	39	2
41	1	1
41	4	2
41	5	1
41	6	1
41	7	1
41	9	1
41	12	1
41	13	2
41	14	2
41	16	1
41	18	1
41	20	1
41	22	1
41	24	1
41	25	3
41	26	1
41	27	3
41	28	2
41	29	4
41	30	2
41	31	2
41	32	2
41	34	1
41	35	1
41	37	2
41	38	2
41	39	1
41	40	1
42	1	6
42	2	1
42	5	3
42	6	1
42	8	1
42	10	4
42	11	2
42	13	1
42	14	1
42	18	1
42	20	1
42	23	1
42	25	1
42	28	1
42	30	1
42	31	2
42	33	2
42	35	2
42	37	4
42	38	2
42	39	3
42	40	2
42	41	2
43	4	1
43	5	1
43	8	1
43	9	1
43	10	1
43	11	1
43	14	4
43	15	2
43	18	3
43	22	1
43	24	2
43	26	4
43	27	1
43	28	2
43	30	2
43	31	4
43	32	2
43	33	3
43	34	1
43	35	1
43	36	2
43	37	3
43	38	8
43	39	5
43	40	6
43	41	2
43	42	2
44	3	2
44	5	3
44	7	1
44	9	2
44	12	1
44	18	1
44	19	2
44	20	2
44	26	1
44	28	2
44	29	2
44	30	2
44	31	1
44	34	2
44	35	3
44	37	2
44	38	4
44	39	1
44	40	2
44	41	1
44	42	4
44	43	5
45	5	2
45	6	1
45	9	1
45	11	1
45	15	3
45	20	2
45	23	1
45	24	1
45	25	1
45	26	1
45	27	1
45	28	2
45	29	1
45	31	3
45	32	2
45	33	1
45	35	2
45	37	4
45	38	3
45	39	4
45	40	2
45	41	3
45	42	2
45	43	4
46	1	1
46	3	1
46	4	3
46	8	1
46	11	2
46	14	1
46	22	1
46	25	1
46	28	2
46	29	3
46	30	2
46	31	2
46	32	4
46	33	1
46	34	3
46	35	2
46	36	1
46	37	2
46	38	6
46	39	3
46	40	1
46	41	1
46	42	1
46	43	2
46	44	2
46	45	4
47	0	1
47	9	1
47	10	1
47	11	2
47	12	1
47	17	2
47	23	1
47	24	1
47	27	2
47	28	2
47	29	1
47	31	1
47	32	1
47	33	1
47	34	1
47	35	7
47	36	3
47	37	3
47	38	1
47	39	1
47	43	2
47	44	4
47	45	6
47	46	6
48	1	1
48	2	1
48	3	2
48	7	3
48	8	1
48	9	1
48	10	2
48	11	2
48	12	3
48	13	3
48	14	5
48	16	1
48	18	3
48	20	3
48	23	1
48	24	3
48	25	2
48	26	2
48	27	1
48	28	1
48	29	2
48	30	2
48	31	4
48	33	2
48	34	4
48	35	2
48	36	1
48	37	3
48	40	1
48	41	1
48	42	3
48	43	2
48	44	2
48	46	1
48	47	2
49	0	1
49	1	1
49	2	2
49	4	4
49	6	1
49	7	2
49	9	1
49	10	5
49	11	1
49	13	3
49	14	1
49	15	1
49	16	1
49	18	4
49	19	2
49	20	2
49	21	1
49	22	3
49	23	2
49	24	2
49	25	2
49	26	4
49	28	3
49	29	1
49	30	1
49	32	5
49	33	3
49	34	7
49	35	5
49	36	3
49	37	1
49	38	2
49	39	3
49	43	3
49	46	1
49	48	3
50	0	1
50	1	2
50	2	3
50	8	3
50	9	2
50	10	2
50	11	2
50	13	1
50	14	2
50	15	3
50	18	3
50	19	1
50	21	2
50	23	2
50	24	3
50	25	3
50	26	2
50	27	1
50	28	1
50	29	2
50	30	1
50	31	1
50	32	1
50	33	3
50	34	2
50	35	3
50	36	1
50	38	1
50	40	2
50	41	1
50	42	2
50	45	2
50	46	1
50	47	1
50	48	3
50	49	4
51	1	2
51	3	2
51	5	2
51	6	3
51	8	1
51	9	1
51	10	1
51	11	3
51	12	2
51	13	2
51	14	2
51	15	1
51	18	3
51	19	2
51	20	1
51	22	3
51	24	5
51	25	3
51	26	1
51	28	2
51	29	1
51	30	3
51	33	5
51	34	3
51	35	1
51	36	1
51	37	4
51	38	4
51	39	1
51	40	3
51	42	3
51	43	2
51	44	2
51	45	2
51	48	1
51	49	5
51	50	2
52	2	1
52	4	4
52	9	1
52	11	1
52	13	1
52	14	2
52	15	1
52	16	2
52	18	2
52	19	3
52	20	2
52	22	2
52	23	2
52	25	3
52	26	2
52	27	2
52	28	2
52	30	3
52	32	2
52	33	1
52	35	3
52	36	3
52	37	3
52	38	2
52	39	1
52	40	3
52	41	5
52	42	1
52	43	2
52	44	4
52	45	2
52	46	1
52	47	1
52	48	3
52	49	6
52	51	4
53	1	2
53	2	3
53	3	2
53	4	1
53	5	4
53	7	1
53	8	1
53	9	2
53	11	1
53	12	3
53	13	1
53	14	1
53	15	1
53	17	1
53	18	1
53	19	1
53	20	2
53	21	2
53	22	1
53	23	2
53	24	1
53	25	3
53	26	1
53	27	2
53	28	1
53	30	2
53	32	1
53	33	1
53	34	2
53	35	4
53	36	1
53	37	4
53	38	7
53	39	6
53	40	1
53	41	1
53	42	8
53	43	2
53	44	1
53	46	5
53	48	2
53	49	2
53	50	1
53	51	9
53	52	3
54	3	5
54	4	1
54	5	2
54	8	3
54	9	1
54	10	2
54	11	2
54	17	3
54	18	2
54	19	1
54	20	2
54	21	2
54	23	2
54	24	1
54	26	3
54	28	1
54	29	1
54	31	3
54	32	1
54	33	1
54	34	3
54	35	1
54	36	1
54	37	2
54	38	1
54	39	1
54	40	3
54	41	1
54	42	3
54	43	2
54	46	2
54	48	1
54	49	3
54	50	1
54	51	4
54	52	2
54	53	4
55	1	1
55	2	1
55	4	2
55	6	1
55	7	2
55	8	2
55	10	2
55	11	5
55	12	3
55	13	1
55	14	2
55	15	2
55	17	1
55	19	2
55	20	2
55	21	2
55	25	3
55	27	3
55	28	4
55	29	1
55	30	6
55	31	3
55	32	3
55	34	1
55	35	2
55	36	2
55	38	6
55	39	5
55	40	5
55	41	5
55	42	3
55	43	1
55	44	3
55	45	4
55	46	2
55	47	1
55	48	2
55	49	1
55	51	5
55	52	2
55	53	4
55	54	2
56	1	1
56	2	1
56	3	1
56	4	2
56	9	1
56	10	1
56	12	2
56	13	1
56	14	2
56	18	1
56	19	1
56	22	1
56	23	1
56	26	1
56	27	1
56	28	5
56	30	2
56	31	3
56	32	1
56	33	1
56	34	2
56	35	3
56	36	2
56	37	3
56	38	4
56	39	3
56	40	2
56	41	1
56	42	2
56	43	4
56	44	1
56	46	1
56	47	3
56	48	2
56	49	2
56	51	1
56	52	3
56	53	1
56	54	1
56	55	3
57	1	1
57	2	1
57	4	2
57	6	2
57	8	2
57	9	1
57	11	1
57	12	3
57	13	1
57	14	2
57	15	2
57	16	1
57	19	2
57	20	2
57	22	2
57	23	1
57	25	2
57	26	4
57	27	2
57	28	2
57	30	1
57	31	1
57	32	3
57	33	2
57	34	1
57	35	4
57	36	1
57	37	3
57	39	1
57	40	1
57	41	2
57	43	2
57	44	1
57	45	2
57	46	3
57	47	2
57	49	6
57	51	3
57	52	1
57	55	1
58	3	1
58	4	3
58	7	3
58	10	1
58	16	2
58	18	2
58	23	3
58	25	1
58	27	1
58	29	1
58	30	4
58	31	2
58	32	1
58	33	1
58	34	1
58	35	2
58	36	1
58	38	4
58	39	3
58	41	2
58	43	4
58	44	4
58	46	3
58	47	3
58	48	1
58	49	2
58	50	1
58	51	2
58	52	2
58	54	1
58	55	2
58	56	3
58	57	2
59	2	3
59	3	2
59	4	2
59	5	1
59	6	1
59	8	1
59	9	2
59	10	2
59	12	3
59	13	3
59	15	6
59	18	2
59	19	2
59	20	3
59	21	4
59	22	1
59	23	2
59	24	2
59	26	1
59	27	1
59	28	1
59	30	1
59	31	1
59	32	2
59	33	1
59	34	2
59	35	6
59	36	2
59	37	1
59	38	2
59	39	5
59	42	3
59	43	4
59	45	2
59	47	1
59	49	3
59	51	4
59	52	4
59	53	2
59	54	3
59	55	3
59	56	5
59	57	8
59	58	1
60	1	1
60	3	3
60	4	1
60	7	1
60	8	1
60	11	1
60	12	1
60	13	2
60	14	1
60	18	1
60	19	1
60	26	1
60	27	2
60	30	1
60	31	1
60	32	2
60	33	3
60	34	1
60	35	3
60	36	1
60	38	3
60	39	3
60	40	1
60	42	1
60	46	2
60	47	3
60	48	4
60	49	2
60	50	4
60	52	1
60	53	2
60	55	2
60	56	2
60	57	6
60	58	4
60	59	2
