1	0	1
2	1	4
3	1	1
3	2	1
4	2	2
4	3	10
5	0	1
5	3	2
5	4	1
6	0	1
6	1	1
6	2	3
6	4	1
6	5	4
7	0	1
7	1	1
7	2	1
7	4	1
7	5	1
8	0	3
8	1	3
8	2	4
8	3	1
8	4	4
8	5	4
8	6	3
8	7	5
9	0	1
9	1	3
9	2	3
9	4	1
9	5	1
9	6	5
9	7	4
9	8	1
10	0	1
10	1	5
10	2	1
10	3	2
10	4	2
10	5	3
10	6	1
10	7	1
10	8	2
10	9	8
11	0	1
11	3	2
11	4	1
11	5	1
11	6	1
11	7	2
11	8	1
11	9	3
11	10	2
12	1	7
12	2	3
12	3	1
12	4	2
12	5	4
12	6	5
12	7	3
12	8	5
12	9	6
12	10	3
12	11	4
13	0	2
13	1	4
13	2	4
13	3	2
13	4	1
13	5	4
13	6	2
13	7	1
13	8	4
13	9	8
13	10	3
13	11	3
13	12	7
14	0	1
14	1	4
14	2	3
14	3	2
14	4	3
14	5	2
14	6	4
14	8	2
14	9	2
14	10	1
14	11	2
14	12	8
14	13	4
15	0	2
15	1	5
15	2	4
15	3	3
15	4	1
15	5	1
15	6	3
15	7	1
15	8	1
15	9	1
15	10	1
15	11	4
15	12	3
15	13	4
15	14	5
16	0	3
16	2	1
16	3	2
16	4	4
16	5	3
16	6	1
16	7	1
16	8	1
16	10	1
16	11	2
16	12	3
16	14	2
16	15	1
17	0	1
17	1	1
17	3	1
17	5	1
17	6	2
17	7	1
17	8	1
17	9	2
17	10	1
17	12	1
17	13	3
17	14	3
17	15	5
17	16	5
18	0	2
18	2	1
18	3	3
18	4	2
18	5	4
18	6	2
18	7	2
18	8	5
18	9	2
18	10	5
18	11	1
18	12	3
18	13	4
18	14	4
18	15	2
18	16	1
18	17	1
19	0	1
19	1	2
19	2	4
19	3	4
19	4	4
19	5	1
19	8	1
19	9	1
19	11	3
19	12	2
19	13	2
19	14	4
19	15	2
19	16	3
19	17	4
19	18	3
20	0	2
20	1	1
20	3	1
20	4	5
20	5	2
20	7	1
20	8	1
20	9	1
20	10	3
20	11	2
20	12	3
20	14	3
20	18	3
21	1	3
21	2	4
21	3	1
21	4	2
21	5	1
21	6	1
21	7	1
21	8	2
21	9	1
21	11	1
21	12	5
21	14	4
21	15	4
21	16	3
21	19	4
21	20	5
22	1	1
22	2	1
22	4	2
22	5	4
22	6	2
22	8	2
22	9	2
22	10	1
22	11	2
22	12	3
22	13	2
22	14	2
22	15	2
22	16	2
22	17	1
22	18	2
22	19	2
22	20	3
22	21	2
23	2	1
23	3	1
23	4	2
23	7	1
23	8	1
23	9	2
23	10	1
23	12	2
23	13	2
23	14	2
23	15	2
23	17	1
23	18	1
23	19	1
23	20	3
24	0	1
24	1	3
24	2	1
24	3	4
24	4	3
24	5	1
24	7	2
24	8	3
24	9	1
24	10	1
24	11	1
24	12	2
24	13	1
24	14	4
24	15	2
24	16	1
24	17	3
24	18	1
24	19	1
24	20	1
24	23	2
25	0	4
25	1	5
25	4	1
25	5	2
25	7	1
25	8	2
25	9	2
25	10	4
25	11	4
25	12	1
25	13	2
25	14	3
25	17	1
25	18	2
25	19	2
25	20	2
25	21	2
25	22	1
25	23	1
25	24	3
26	1	1
26	2	1
26	5	2
26	7	1
26	8	1
26	11	1
26	14	1
26	16	1
26	18	1
26	19	1
26	20	1
26	23	2
26	25	2
27	1	1
27	3	1
27	4	2
27	5	2
27	7	1
27	8	1
27	10	2
27	13	1
27	15	1
27	17	1
27	18	2
27	19	2
27	23	1
27	24	3
27	25	6
27	26	1
28	0	1
28	2	1
28	3	1
28	4	6
28	5	2
28	7	2
28	8	1
28	10	2
28	11	1
28	13	2
28	14	4
28	15	3
28	17	2
28	18	2
28	20	1
28	21	2
28	22	1
28	23	3
28	25	5
29	2	1
29	7	1
29	8	2
29	10	1
29	13	1
29	14	2
29	18	1
29	19	1
29	25	1
29	26	1
29	27	1
30	1	1
30	3	1
30	7	1
30	8	2
30	9	2
30	20	1
30	24	1
30	26	2
30	27	1
30	28	2
31	4	1
31	5	3
31	11	2
31	14	4
31	19	1
31	22	2
31	24	2
31	25	1
31	26	1
31	27	1
31	28	1
31	29	4
31	30	9
32	2	1
32	4	1
32	8	2
32	9	1
32	10	2
32	11	2
32	13	3
32	14	2
32	15	1
32	18	2
32	23	1
32	24	1
32	25	2
32	26	2
32	28	2
32	30	3
32	31	2
33	0	1
33	1	1
33	4	1
33	5	1
33	8	1
33	9	1
33	10	1
33	12	1
33	13	1
33	15	2
33	18	2
33	19	1
33	21	1
33	22	1
33	25	1
33	27	2
33	28	1
33	29	1
33	30	1
33	31	4
33	32	5
34	1	1
34	4	1
34	5	3
34	6	2
34	9	1
34	10	5
34	11	2
34	12	1
34	13	5
34	16	1
34	17	1
34	18	1
34	19	1
34	20	2
34	21	1
34	22	1
34	23	1
34	24	1
34	27	2
34	28	2
34	30	2
34	31	1
34	32	3
34	33	4
35	2	1
35	3	4
35	6	1
35	10	2
35	11	1
35	14	3
35	15	2
35	17	1
35	18	1
35	20	1
35	22	1
35	23	2
35	24	1
35	25	1
35	26	1
35	28	2
35	29	4
35	30	5
35	31	3
35	32	5
35	33	7
35	34	5
36	0	2
36	1	2
36	3	2
36	4	2
36	6	1
36	7	3
36	10	3
36	11	5
36	12	1
36	13	1
36	15	1
36	18	1
36	22	1
36	23	1
36	24	2
36	25	4
36	26	1
36	28	1
36	29	2
36	30	2
36	32	1
36	33	2
36	34	2
36	35	2
37	0	2
37	5	1
37	8	1
37	9	1
37	10	2
37	11	1
37	12	3
37	13	1
37	14	2
37	15	1
37	19	2
37	20	1
37	21	1
37	24	2
37	26	1
37	27	1
37	28	4
37	29	2
37	30	3
37	31	4
37	32	3
37	33	4
37	35	3
37	36	1
38	1	1
38	3	1
38	4	3
38	5	1
38	6	1
38	8	2
38	11	4
38	13	1
38	14	1
38	15	1
38	18	1
38	19	2
38	20	1
38	21	3
38	22	1
38	23	3
38	24	4
38	25	1
38	26	2
38	27	1
38	28	1
38	29	1
38	30	1
38	31	1
38	32	1
38	33	8
38	34	2
38	35	3
38	36	7
38	37	2
39	1	1
39	5	1
39	6	1
39	8	2
39	10	2
39	11	1
39	12	2
39	13	2
39	15	2
39	16	1
39	18	1
39	19	2
39	20	3
39	21	1
39	22	1
39	24	2
39	25	4
39	27	1
39	28	2
39	30	1
39	31	1
39	32	2
39	34	2
39	35	1
39	36	1
39	37	1
39	38	4
40	0	2
40	3	1
40	4	2
40	5	1
40	8	4
40	9	7
40	10	3
40	11	1
40	12	1
40	13	3
40	14	3
40	16	1
40	18	2
40	21	1
40	22	1
40	24	3
40	27	3
40	28	4
40	29	1
40	30	1
40	31	1
40	32	1
40	33	4
40	34	5
40	35	3
40	36	2
40	37	5
40	38	3
40	39	3
41	1	2
41	5	1
41	7	1
41	8	3
41	9	1
41	10	5
41	11	3
41	12	1
41	13	2
41	15	2
41	18	1
41	20	1
41	22	1
41	24	1
41	25	1
41	27	1
41	28	1
41	29	2
41	30	2
41	31	2
41	32	1
41	33	1
41	34	2
41	35	2
41	36	2
41	37	2
41	38	4
41	39	1
41	40	1
42	1	3
42	2	2
42	5	1
42	6	1
42	8	1
42	10	2
42	12	1
42	14	1
42	15	1
42	18	1
42	26	2
42	28	3
42	29	1
42	30	2
42	33	2
42	34	1
42	37	3
42	38	1
42	39	3
42	40	2
42	41	1
43	0	1
43	2	2
43	3	5
43	5	2
43	8	3
43	9	1
43	10	1
43	17	2
43	18	1
43	22	1
43	24	3
43	26	3
43	27	1
43	28	1
43	29	2
43	30	3
43	31	2
43	33	1
43	34	2
43	35	3
43	36	2
43	37	3
43	38	3
43	39	2
43	40	3
43	41	8
43	42	3
44	3	1
44	4	1
44	5	1
44	18	1
44	21	1
44	23	3
44	24	2
44	26	1
44	27	1
44	29	1
44	31	2
44	32	1
44	33	2
44	34	1
44	35	2
44	37	5
44	38	3
44	39	3
44	40	2
44	41	3
44	43	4
45	6	1
45	9	1
45	11	2
45	15	1
45	19	1
45	20	1
45	22	1
45	24	1
45	25	2
45	26	1
45	27	2
45	28	1
45	30	2
45	31	1
45	32	2
45	33	2
45	35	3
45	36	1
45	37	1
45	38	1
45	39	1
45	40	2
45	41	1
45	42	3
45	43	5
45	44	5
46	0	2
46	1	1
46	4	3
46	10	4
46	11	1
46	13	1
46	15	1
46	18	1
46	19	2
46	22	1
46	23	1
46	24	1
46	26	1
46	27	1
46	28	1
46	29	4
46	31	2
46	33	1
46	34	6
46	35	2
46	36	1
46	37	2
46	38	2
46	40	1
46	41	3
46	42	1
46	43	4
46	45	2
47	2	1
47	3	2
47	9	2
47	10	1
47	12	1
47	13	2
47	16	1
47	17	2
47	20	1
47	25	1
47	26	1
47	27	1
47	28	2
47	29	5
47	30	2
47	31	2
47	32	3
47	33	1
47	34	3
47	35	5
47	36	1
47	37	1
47	38	4
47	39	3
47	40	2
47	41	2
47	42	1
47	45	2
47	46	2
48	1	3
48	3	2
48	5	1
48	8	2
48	10	3
48	11	4
48	12	4
48	13	4
48	14	1
48	15	2
48	16	2
48	18	2
48	19	1
48	20	2
48	21	2
48	22	2
48	23	1
48	24	6
48	25	2
48	27	2
48	28	1
48	31	2
48	32	2
48	33	1
48	34	3
48	35	3
48	36	3
48	37	2
48	38	1
48	39	1
48	40	2
48	41	1
48	42	2
48	43	2
48	45	1
48	46	1
49	0	1
49	3	2
49	4	3
49	5	1
49	8	1
49	10	5
49	11	2
49	12	2
49	13	2
49	14	3
49	15	1
49	16	1
49	17	2
49	18	3
49	20	2
49	21	2
49	22	3
49	23	3
49	24	5
49	25	1
49	26	2
49	28	1
49	29	2
49	30	3
49	31	1
49	33	4
49	34	2
49	35	1
49	36	3
49	37	7
49	38	1
49	39	3
49	40	5
49	42	4
49	43	6
49	44	2
49	45	3
49	47	4
49	48	6
50	2	1
50	4	1
50	8	2
50	9	1
50	10	1
50	11	2
50	13	2
50	14	1
50	15	1
50	18	1
50	20	2
50	21	1
50	23	1
50	24	3
50	25	3
50	26	1
50	27	2
50	28	3
50	29	1
50	30	2
50	31	1
50	33	2
50	34	3
50	35	5
50	36	1
50	37	2
50	38	2
50	39	1
50	40	1
50	41	2
50	45	2
50	46	1
50	48	5
50	49	3
51	1	1
51	2	2
51	3	1
51	4	2
51	5	3
51	6	1
51	8	2
51	9	2
51	10	6
51	11	1
51	13	1
51	14	1
51	18	3
51	19	3
51	20	3
51	22	2
51	23	2
51	24	5
51	26	2
51	27	2
51	28	1
51	29	3
51	30	3
51	31	3
51	34	5
51	35	4
51	36	2
51	37	2
51	38	3
51	39	2
51	40	2
51	42	3
51	43	4
51	44	1
51	45	2
51	46	2
51	48	2
51	49	7
51	50	1
52	2	1
52	9	1
52	11	1
52	12	4
52	13	1
52	14	4
52	16	2
52	19	1
52	20	3
52	25	1
52	26	2
52	28	2
52	29	1
52	32	1
52	33	1
52	34	3
52	35	2
52	36	3
52	37	5
52	38	4
52	40	2
52	41	2
52	42	1
52	46	1
52	47	1
52	48	3
52	49	4
52	50	1
52	51	6
53	1	1
53	2	1
53	3	1
53	5	2
53	8	2
53	10	2
53	11	1
53	12	1
53	13	1
53	14	1
53	16	3
53	17	1
53	18	4
53	19	2
53	20	1
53	23	2
53	24	3
53	27	1
53	28	2
53	30	1
53	31	2
53	32	3
53	33	1
53	34	4
53	35	6
53	36	1
53	37	2
53	38	6
53	39	1
53	40	5
53	41	1
53	42	1
53	43	5
53	46	4
53	47	2
53	48	2
53	49	1
53	50	2
53	51	6
53	52	4
54	3	3
54	4	2
54	5	2
54	8	3
54	9	2
54	10	1
54	11	1
54	13	2
54	14	5
54	15	3
54	18	1
54	19	4
54	20	5
54	21	1
54	22	2
54	23	2
54	25	2
54	26	1
54	28	2
54	30	1
54	32	2
54	33	2
54	34	1
54	35	2
54	36	2
54	38	1
54	39	3
54	40	1
54	41	2
54	42	2
54	43	4
54	44	3
54	46	2
54	49	7
54	51	3
54	52	5
54	53	1
55	0	1
55	1	1
55	3	1
55	4	3
55	6	1
55	7	1
55	8	2
55	10	4
55	12	2
55	13	1
55	14	1
55	18	2
55	19	2
55	20	2
55	21	1
55	23	1
55	24	4
55	25	3
55	26	1
55	28	6
55	29	1
55	30	1
55	32	2
55	34	2
55	35	1
55	37	3
55	38	4
55	39	7
55	40	2
55	41	5
55	42	2
55	43	1
55	44	2
55	46	1
55	48	2
55	49	4
55	50	2
55	51	4
55	52	8
55	53	7
55	54	7
56	1	1
56	2	1
56	3	3
56	10	3
56	12	2
56	14	3
56	18	2
56	21	1
56	22	3
56	23	1
56	24	2
56	26	2
56	27	2
56	28	1
56	31	2
56	32	2
56	33	1
56	34	3
56	35	4
56	37	3
56	38	4
56	39	5
56	41	1
56	42	2
56	44	4
56	45	1
56	46	2
56	47	1
56	48	1
56	49	1
56	50	2
56	51	1
56	52	4
56	53	4
56	54	2
56	55	6
57	4	2
57	8	2
57	12	1
57	16	2
57	19	3
57	20	5
57	22	1
57	23	1
57	24	4
57	26	1
57	27	3
57	28	1
57	30	1
57	32	1
57	33	1
57	34	2
57	35	2
57	36	1
57	37	1
57	38	2
57	39	4
57	40	4
57	41	2
57	44	2
57	46	1
57	47	2
57	49	3
57	51	4
57	52	4
57	53	2
57	54	3
57	55	2
57	56	5
58	1	1
58	6	1
58	10	2
58	11	1
58	18	1
58	20	1
58	25	1
58	28	3
58	30	2
58	31	1
58	33	2
58	34	1
58	35	1
58	37	1
58	38	4
58	40	4
58	41	3
58	42	4
58	43	4
58	47	3
58	49	3
58	50	2
58	51	3
58	52	2
58	53	2
58	54	1
58	56	3
58	57	3
59	2	1
59	3	1
59	4	3
59	5	2
59	8	3
59	9	1
59	10	2
59	11	1
59	12	2
59	13	1
59	14	4
59	15	2
59	20	1
59	21	1
59	23	3
59	24	2
59	25	1
59	27	5
59	28	2
59	29	2
59	30	3
59	32	2
59	34	3
59	35	1
59	36	2
59	38	5
59	39	2
59	42	3
59	43	3
59	44	1
59	45	2
59	46	2
59	47	2
59	48	1
59	49	4
59	50	1
59	51	3
59	52	4
59	53	2
59	54	7
59	55	2
59	56	5
59	57	3
59	58	2
60	4	3
60	10	1
60	12	1
60	13	2
60	14	3
60	18	1
60	23	2
60	25	1
60	26	4
60	28	2
60	29	3
60	30	2
60	31	2
60	34	1
60	35	2
60	36	3
60	38	1
60	39	1
60	40	5
60	41	1
60	42	1
60	43	1
60	46	3
60	47	3
60	48	3
60	50	2
60	51	3
60	52	4
60	53	2
60	54	3
60	55	3
60	56	2
60	57	4
60	59	3
