1	0	3
2	0	1
2	1	1
3	1	2
3	2	3
4	2	3
4	3	11
5	0	2
5	2	1
6	1	2
6	2	2
6	4	1
7	0	1
7	1	3
7	2	1
7	3	2
7	4	2
7	6	2
8	0	4
8	1	1
8	2	2
8	3	1
8	4	2
8	5	1
8	6	4
8	7	2
9	0	1
9	2	3
9	5	1
9	6	1
9	7	5
9	8	4
10	0	2
10	1	4
10	3	1
10	4	4
10	5	3
10	6	3
10	7	2
10	8	2
10	9	1
11	0	1
11	1	4
11	2	1
11	3	1
11	5	1
11	6	3
11	9	3
11	10	5
12	0	3
12	1	2
12	2	2
12	3	2
12	4	5
12	5	4
12	6	4
12	7	1
12	8	2
12	9	4
12	10	3
12	11	2
13	0	2
13	1	1
13	2	7
13	3	1
13	4	4
13	5	1
13	6	3
13	7	1
13	8	3
13	9	8
13	10	1
13	11	3
13	12	3
14	1	2
14	2	1
14	3	2
14	4	5
14	6	2
14	7	2
14	8	3
14	9	1
14	10	2
14	11	2
14	12	4
14	13	6
15	0	4
15	1	5
15	2	1
15	3	2
15	4	3
15	5	3
15	6	4
15	7	2
15	8	5
15	9	3
15	10	1
15	11	1
15	12	4
15	13	7
15	14	5
16	1	1
16	2	3
16	3	3
16	4	1
16	5	2
16	10	1
16	11	2
16	12	2
16	13	3
16	15	3
17	0	1
17	1	1
17	2	4
17	3	2
17	4	1
17	5	3
17	6	1
17	7	2
17	8	2
17	9	1
17	10	2
17	11	2
17	12	2
17	13	2
17	14	1
17	15	2
17	16	4
18	0	1
18	2	3
18	3	2
18	4	3
18	5	3
18	6	2
18	7	1
18	8	4
18	10	4
18	11	2
18	13	3
18	14	2
18	15	1
18	16	1
19	0	1
19	2	1
19	3	2
19	4	1
19	5	3
19	6	3
19	8	2
19	11	1
19	12	1
19	13	2
19	14	6
19	15	1
19	16	2
19	17	4
20	1	3
20	2	1
20	3	1
20	4	3
20	5	2
20	6	3
20	7	1
20	9	1
20	10	1
20	12	6
20	13	2
20	14	1
20	15	3
20	17	1
20	18	1
20	19	1
21	1	1
21	2	4
21	3	1
21	4	1
21	5	2
21	6	3
21	8	2
21	9	2
21	10	2
21	11	2
21	13	2
21	14	2
21	15	5
21	16	3
21	17	5
21	18	2
21	19	3
21	20	2
22	1	1
22	2	2
22	4	5
22	5	2
22	6	3
22	7	1
22	8	2
22	9	1
22	10	3
22	11	2
22	12	2
22	13	1
22	14	1
22	17	1
22	18	1
22	19	4
22	20	4
22	21	2
23	1	2
23	2	1
23	3	2
23	4	4
23	5	3
23	7	3
23	10	1
23	13	1
23	14	1
23	15	1
23	18	1
23	19	4
23	20	2
24	1	4
24	2	3
24	3	1
24	4	1
24	5	2
24	6	2
24	7	1
24	9	2
24	10	1
24	11	2
24	12	2
24	13	2
24	14	2
24	15	3
24	16	1
24	18	1
24	19	2
24	20	2
24	21	2
24	23	2
25	0	2
25	1	3
25	2	2
25	5	1
25	6	2
25	7	1
25	8	2
25	9	6
25	10	4
25	11	3
25	12	4
25	13	1
25	14	1
25	16	2
25	17	3
25	19	2
25	20	1
25	21	2
25	22	1
25	23	3
25	24	3
26	0	1
26	1	1
26	2	1
26	5	2
26	8	1
26	12	1
26	14	1
26	15	3
26	18	2
26	24	1
27	1	2
27	2	1
27	4	2
27	6	1
27	9	2
27	10	3
27	15	1
27	17	1
27	19	3
27	22	2
27	23	1
27	24	4
27	25	4
27	26	3
28	2	1
28	3	1
28	4	2
28	5	1
28	6	4
28	7	2
28	8	2
28	9	1
28	10	3
28	11	3
28	13	3
28	14	1
28	15	1
28	16	4
28	17	3
28	18	1
28	19	1
28	20	2
28	22	1
28	23	4
28	24	2
28	25	2
28	26	1
29	0	1
29	1	1
29	2	2
29	5	1
29	7	1
29	13	1
29	14	1
29	18	1
29	24	1
29	25	1
29	26	1
29	27	4
29	28	1
30	1	4
30	3	1
30	7	1
30	9	1
30	10	1
30	12	1
30	13	1
30	22	1
30	24	1
30	25	3
30	27	2
30	28	1
30	29	1
31	5	1
31	10	2
31	19	2
31	25	1
31	26	3
31	27	1
31	28	1
31	29	4
31	30	4
32	1	2
32	9	1
32	10	2
32	12	2
32	15	3
32	18	2
32	20	1
32	24	2
32	25	3
32	26	1
32	29	1
32	30	3
32	31	2
33	1	1
33	2	1
33	8	1
33	9	1
33	10	5
33	11	2
33	12	3
33	13	2
33	15	1
33	17	1
33	18	3
33	19	2
33	22	1
33	24	1
33	25	1
33	26	2
33	29	3
33	30	2
33	31	4
33	32	6
34	1	4
34	3	1
34	8	2
34	9	1
34	11	2
34	12	3
34	13	2
34	15	1
34	18	2
34	19	1
34	20	1
34	21	1
34	23	2
34	24	3
34	25	1
34	26	2
34	27	5
34	28	4
34	29	3
34	30	2
34	31	4
34	33	4
35	2	1
35	6	1
35	8	2
35	9	1
35	10	2
35	11	1
35	13	1
35	14	3
35	15	3
35	18	1
35	19	3
35	22	2
35	25	4
35	26	1
35	27	3
35	28	2
35	29	2
35	30	4
35	31	3
35	32	6
35	33	5
35	34	5
36	2	2
36	3	2
36	6	1
36	12	1
36	13	2
36	14	1
36	16	1
36	18	2
36	23	3
36	24	2
36	25	2
36	26	2
36	27	2
36	28	1
36	29	1
36	30	1
36	32	3
36	34	1
36	35	3
37	2	2
37	3	2
37	6	2
37	9	1
37	10	2
37	11	4
37	12	1
37	13	1
37	14	2
37	15	1
37	18	1
37	19	2
37	21	2
37	24	1
37	25	3
37	26	1
37	27	1
37	29	1
37	30	3
37	31	6
37	32	1
37	33	3
37	34	1
37	35	2
37	36	3
38	0	1
38	2	3
38	3	1
38	4	1
38	5	1
38	6	3
38	7	2
38	8	1
38	9	1
38	10	4
38	11	3
38	14	1
38	15	2
38	16	2
38	17	1
38	18	2
38	19	1
38	20	2
38	21	2
38	26	2
38	28	5
38	29	1
38	31	1
38	32	3
38	33	2
38	34	4
38	35	3
38	36	3
38	37	2
39	2	1
39	4	1
39	5	1
39	6	1
39	7	3
39	10	2
39	11	2
39	14	1
39	15	2
39	18	2
39	22	2
39	23	2
39	25	4
39	28	3
39	29	2
39	33	1
39	35	1
39	36	4
39	37	2
39	38	3
40	0	2
40	1	2
40	3	2
40	4	1
40	5	1
40	6	2
40	7	3
40	8	1
40	9	3
40	10	6
40	11	4
40	12	2
40	13	1
40	14	4
40	17	2
40	18	1
40	19	1
40	24	7
40	29	1
40	31	1
40	32	4
40	33	2
40	34	4
40	35	3
40	37	4
40	38	2
40	39	2
41	4	1
41	9	2
41	10	4
41	11	2
41	12	2
41	13	5
41	14	1
41	18	1
41	22	1
41	26	1
41	27	1
41	30	1
41	32	4
41	33	1
41	34	5
41	35	2
41	36	1
41	37	2
41	38	3
41	39	4
41	40	1
42	3	1
42	9	1
42	10	2
42	11	2
42	12	3
42	14	2
42	15	2
42	24	3
42	25	1
42	26	2
42	27	2
42	28	3
42	29	1
42	30	3
42	31	1
42	34	2
42	35	1
42	36	3
42	37	5
42	38	6
42	39	8
42	40	4
42	41	4
43	0	1
43	1	1
43	2	2
43	3	3
43	4	2
43	5	1
43	7	1
43	9	1
43	10	1
43	11	3
43	13	1
43	14	2
43	15	1
43	16	1
43	18	1
43	23	1
43	25	2
43	28	4
43	29	2
43	31	1
43	32	1
43	33	1
43	35	3
43	36	1
43	38	4
43	39	1
43	40	2
43	41	3
43	42	6
44	10	1
44	11	2
44	12	1
44	19	1
44	23	1
44	25	1
44	27	1
44	28	2
44	29	1
44	31	1
44	32	2
44	33	3
44	34	1
44	35	2
44	36	2
44	38	1
44	39	2
44	41	3
44	43	7
45	5	2
45	6	1
45	10	3
45	11	1
45	16	1
45	20	1
45	24	2
45	25	2
45	26	2
45	27	3
45	28	1
45	30	2
45	31	2
45	32	1
45	33	3
45	35	1
45	36	2
45	37	1
45	38	2
45	39	4
45	40	1
45	41	3
45	42	1
45	43	4
45	44	3
46	0	2
46	1	2
46	2	1
46	11	2
46	15	3
46	19	2
46	22	1
46	24	1
46	25	2
46	26	3
46	27	1
46	28	1
46	30	3
46	31	2
46	33	1
46	34	3
46	35	5
46	36	5
46	37	2
46	38	2
46	40	2
46	41	4
46	42	2
46	43	2
46	44	2
46	45	4
47	0	2
47	3	1
47	4	2
47	10	1
47	12	1
47	15	2
47	16	1
47	18	1
47	23	1
47	25	1
47	26	2
47	27	1
47	28	3
47	29	2
47	30	1
47	31	1
47	32	2
47	33	2
47	34	2
47	35	2
47	36	3
47	37	1
47	38	5
47	40	3
47	41	2
47	42	1
47	43	3
47	44	1
47	45	2
47	46	1
48	1	1
48	3	2
48	4	1
48	5	1
48	6	1
48	7	1
48	8	1
48	9	1
48	10	1
48	11	1
48	12	2
48	14	4
48	16	2
48	18	2
48	19	2
48	20	2
48	22	2
48	24	4
48	25	2
48	26	1
48	27	3
48	28	1
48	29	3
48	30	1
48	32	2
48	33	2
48	35	3
48	36	2
48	37	2
48	39	2
48	40	2
48	41	2
48	42	1
48	45	1
48	46	1
48	47	2
49	1	2
49	2	2
49	3	2
49	4	2
49	5	2
49	6	1
49	7	1
49	8	3
49	9	2
49	10	4
49	11	3
49	12	3
49	13	3
49	14	3
49	16	2
49	17	2
49	18	3
49	19	2
49	23	2
49	24	5
49	25	1
49	26	4
49	27	1
49	28	1
49	29	2
49	32	1
49	34	4
49	35	4
49	36	4
49	37	3
49	38	1
49	39	1
49	40	2
49	42	1
49	43	7
49	47	2
49	48	5
50	0	2
50	1	3
50	2	1
50	4	1
50	7	1
50	8	1
50	9	2
50	10	1
50	11	4
50	12	2
50	14	1
50	15	2
50	19	1
50	23	1
50	24	2
50	25	1
50	26	1
50	27	4
50	28	3
50	29	2
50	30	3
50	32	1
50	33	1
50	34	3
50	35	1
50	36	1
50	37	2
50	41	1
50	42	1
50	45	2
50	47	1
50	48	2
50	49	4
51	1	2
51	3	1
51	4	5
51	5	1
51	6	3
51	8	1
51	9	3
51	10	2
51	12	1
51	13	2
51	14	2
51	15	2
51	19	2
51	20	1
51	21	2
51	23	5
51	24	2
51	26	1
51	28	1
51	29	1
51	30	2
51	31	1
51	32	3
51	33	1
51	35	2
51	36	3
51	37	6
51	38	3
51	39	2
51	40	4
51	42	3
51	43	1
51	44	4
51	45	1
51	46	2
51	47	3
51	49	4
52	1	2
52	2	2
52	4	4
52	5	1
52	8	1
52	9	1
52	10	4
52	12	2
52	15	2
52	18	1
52	20	2
52	22	3
52	23	2
52	24	1
52	25	2
52	27	1
52	28	1
52	32	1
52	33	1
52	34	1
52	35	2
52	36	2
52	37	3
52	38	4
52	39	3
52	40	4
52	41	2
52	42	1
52	43	6
52	44	2
52	45	2
52	47	1
52	48	4
52	49	1
52	50	2
52	51	3
53	1	2
53	2	1
53	3	3
53	4	1
53	5	3
53	6	1
53	7	1
53	8	1
53	9	3
53	10	3
53	11	3
53	12	2
53	13	3
53	14	1
53	16	1
53	18	1
53	19	1
53	20	2
53	23	2
53	24	2
53	25	3
53	26	1
53	28	3
53	30	1
53	32	2
53	34	4
53	35	2
53	36	1
53	37	2
53	38	7
53	39	4
53	40	9
53	42	4
53	43	3
53	44	4
53	45	3
53	47	2
53	48	1
53	49	2
53	50	2
53	51	3
53	52	5
54	1	2
54	2	2
54	3	3
54	4	2
54	5	1
54	8	1
54	9	1
54	10	1
54	11	1
54	12	2
54	14	1
54	18	2
54	20	1
54	22	1
54	23	3
54	24	1
54	26	1
54	27	1
54	28	2
54	29	1
54	30	1
54	32	1
54	34	3
54	35	2
54	36	1
54	38	1
54	39	3
54	40	1
54	41	1
54	42	2
54	43	1
54	44	1
54	45	2
54	46	3
54	47	2
54	49	1
54	51	3
54	52	5
54	53	2
55	1	2
55	2	2
55	3	3
55	4	3
55	5	1
55	6	2
55	8	2
55	9	4
55	10	3
55	11	2
55	12	1
55	14	3
55	15	1
55	16	1
55	17	1
55	20	2
55	21	2
55	23	2
55	24	1
55	25	1
55	26	2
55	27	1
55	28	2
55	29	1
55	30	1
55	31	2
55	32	1
55	34	2
55	35	3
55	37	1
55	38	4
55	39	5
55	40	5
55	42	5
55	43	1
55	44	2
55	45	1
55	46	3
55	47	4
55	48	3
55	49	3
55	50	1
55	51	2
55	52	9
55	53	5
55	54	2
56	4	1
56	5	2
56	9	2
56	10	3
56	11	2
56	12	1
56	13	2
56	14	3
56	16	1
56	18	1
56	19	1
56	21	1
56	22	1
56	25	1
56	30	1
56	31	1
56	32	2
56	33	3
56	34	1
56	35	1
56	36	3
56	37	2
56	38	2
56	39	7
56	41	3
56	42	1
56	43	7
56	44	3
56	45	2
56	46	2
56	48	2
56	51	3
56	52	1
56	53	7
56	54	1
56	55	8
57	0	2
57	4	1
57	8	2
57	11	1
57	13	1
57	15	2
57	16	1
57	20	2
57	22	2
57	23	1
57	24	3
57	26	1
57	27	1
57	28	3
57	33	1
57	34	3
57	35	1
57	36	3
57	37	1
57	38	8
57	40	2
57	41	2
57	42	1
57	43	2
57	44	2
57	45	1
57	46	6
57	47	2
57	48	2
57	49	2
57	50	2
57	51	2
57	52	2
57	54	2
57	55	1
57	56	2
58	3	1
58	4	3
58	9	1
58	10	5
58	11	1
58	18	2
58	22	1
58	23	2
58	24	1
58	25	1
58	26	1
58	27	1
58	28	2
58	30	2
58	31	4
58	32	2
58	35	3
58	36	1
58	37	1
58	38	2
58	39	3
58	40	2
58	41	2
58	43	3
58	44	1
58	45	3
58	46	2
58	47	5
58	49	3
58	50	2
58	51	2
58	52	1
58	53	5
58	55	1
58	56	2
58	57	3
59	1	3
59	2	1
59	3	3
59	6	2
59	8	1
59	9	1
59	10	2
59	11	3
59	12	2
59	14	3
59	15	3
59	16	1
59	17	1
59	18	2
59	19	2
59	20	2
59	22	1
59	23	1
59	24	3
59	25	2
59	26	1
59	27	3
59	28	4
59	29	1
59	30	4
59	32	1
59	33	2
59	34	1
59	35	4
59	37	2
59	40	1
59	41	1
59	43	2
59	44	2
59	46	1
59	48	2
59	49	5
59	51	2
59	52	5
59	53	2
59	54	10
59	55	7
59	56	2
59	57	2
60	2	1
60	3	1
60	4	2
60	7	1
60	10	4
60	11	1
60	12	4
60	13	3
60	18	1
60	19	3
60	20	1
60	24	1
60	25	1
60	26	3
60	28	3
60	30	4
60	31	2
60	32	1
60	34	3
60	35	1
60	36	3
60	37	4
60	38	2
60	41	1
60	42	2
60	45	1
60	46	4
60	47	3
60	48	3
60	49	1
60	50	1
60	51	1
60	52	4
60	53	4
60	55	2
60	57	2
60	58	5
60	59	4
