2	0	1
2	1	1
3	1	1
3	2	2
4	0	3
4	2	7
4	3	10
5	0	2
5	1	3
5	3	1
6	0	1
6	1	3
6	2	6
6	3	1
6	4	1
6	5	3
7	0	1
7	1	2
7	5	1
7	6	6
8	0	2
8	1	2
8	2	3
8	3	1
8	4	1
8	5	3
8	6	5
8	7	7
9	0	3
9	1	1
9	2	1
9	3	1
9	7	1
9	8	4
10	0	3
10	1	4
10	2	1
10	3	3
10	4	5
10	6	4
10	7	1
10	8	2
10	9	6
11	0	1
11	1	5
11	2	1
11	4	1
11	6	1
11	7	2
11	8	1
11	9	3
11	10	3
12	0	2
12	1	3
12	2	3
12	4	1
12	5	1
12	6	2
12	7	3
12	8	5
12	9	3
12	10	3
12	11	1
13	0	6
13	1	8
13	2	1
13	3	1
13	4	1
13	5	4
13	6	1
13	7	4
13	8	5
13	9	4
13	10	6
13	11	2
13	12	5
14	1	5
14	2	2
14	3	3
14	4	1
14	5	2
14	6	1
14	8	4
14	9	3
14	10	1
14	11	2
14	12	3
14	13	4
15	1	4
15	2	4
15	3	2
15	4	1
15	5	2
15	6	2
15	7	2
15	8	3
15	9	3
15	10	2
15	11	2
15	12	4
15	13	4
15	14	5
16	0	2
16	1	1
16	2	2
16	3	1
16	4	2
16	7	2
16	8	1
16	9	1
16	10	1
16	13	2
16	14	1
16	15	2
17	0	2
17	1	5
17	2	2
17	3	2
17	4	3
17	6	1
17	7	2
17	8	4
17	12	4
17	13	2
17	15	3
17	16	1
18	0	1
18	2	1
18	3	4
18	4	2
18	5	2
18	6	2
18	7	1
18	8	2
18	9	6
18	10	2
18	11	1
18	12	4
18	13	3
18	14	3
18	15	2
18	17	1
19	0	2
19	2	5
19	3	4
19	4	6
19	5	2
19	6	1
19	7	3
19	8	1
19	9	1
19	10	2
19	12	1
19	13	2
19	14	3
19	15	3
19	16	3
19	17	2
20	0	2
20	1	1
20	2	4
20	3	3
20	4	8
20	5	3
20	6	1
20	7	1
20	8	2
20	9	6
20	10	2
20	11	2
20	12	3
20	13	1
20	14	2
20	15	1
20	16	1
20	17	3
20	18	2
20	19	1
21	0	2
21	1	1
21	2	4
21	3	2
21	5	5
21	7	1
21	8	2
21	9	1
21	10	1
21	11	1
21	12	2
21	13	2
21	14	4
21	15	1
21	16	4
21	17	1
21	18	3
21	19	1
21	20	2
22	2	4
22	3	1
22	4	1
22	5	4
22	11	2
22	12	1
22	16	1
22	17	1
22	18	1
22	19	2
22	20	1
22	21	3
23	0	1
23	3	1
23	4	3
23	5	2
23	8	1
23	10	1
23	11	2
23	12	1
23	14	4
23	17	1
23	18	1
23	19	2
23	20	1
23	21	1
23	22	3
24	0	1
24	1	1
24	2	2
24	3	1
24	4	1
24	6	2
24	8	5
24	9	1
24	10	1
24	11	3
24	12	2
24	15	2
24	18	1
24	19	1
24	20	1
24	22	2
24	23	5
25	0	3
25	1	2
25	2	1
25	3	1
25	4	1
25	6	2
25	7	2
25	8	1
25	9	5
25	11	2
25	12	1
25	13	5
25	14	2
25	15	3
25	17	1
25	18	4
25	20	1
25	21	1
25	22	1
25	23	1
25	24	5
26	0	1
26	2	1
26	4	2
26	10	1
26	11	1
26	12	3
26	13	3
26	18	1
26	19	1
26	20	2
26	22	1
26	24	2
27	1	2
27	2	1
27	4	1
27	5	1
27	8	4
27	9	2
27	13	1
27	14	1
27	15	1
27	22	1
27	23	1
27	25	1
28	1	2
28	3	3
28	4	1
28	5	2
28	7	2
28	8	2
28	9	3
28	10	1
28	11	2
28	12	3
28	16	1
28	17	1
28	20	1
28	21	2
28	22	2
28	23	1
28	24	2
28	26	2
29	0	1
29	1	1
29	2	1
29	4	1
29	8	2
29	10	1
29	13	1
29	16	1
29	25	1
29	27	1
29	28	1
30	1	1
30	9	2
30	10	5
30	11	1
30	13	2
30	14	1
30	19	2
30	26	1
30	27	1
30	29	3
31	8	1
31	9	1
31	14	1
31	24	2
31	25	1
31	26	2
31	28	1
31	29	3
31	30	4
32	1	2
32	9	2
32	10	1
32	11	1
32	14	1
32	17	1
32	18	1
32	20	1
32	22	1
32	24	4
32	25	3
32	27	2
32	28	1
32	29	2
32	30	6
32	31	4
33	0	1
33	1	1
33	3	1
33	5	2
33	10	1
33	11	1
33	12	1
33	13	2
33	15	4
33	19	3
33	21	1
33	26	3
33	27	4
33	28	1
33	29	2
33	30	5
33	31	2
33	32	4
34	1	2
34	2	2
34	4	2
34	5	1
34	9	2
34	10	3
34	11	1
34	12	2
34	13	1
34	14	1
34	15	1
34	19	3
34	20	1
34	22	1
34	23	1
34	24	1
34	25	3
34	26	2
34	28	1
34	30	2
34	31	2
34	32	1
34	33	3
35	1	2
35	2	1
35	4	2
35	9	1
35	10	1
35	11	1
35	12	2
35	14	1
35	15	1
35	18	2
35	19	1
35	21	1
35	22	4
35	24	1
35	25	3
35	26	3
35	27	3
35	28	2
35	29	3
35	30	3
35	31	1
35	32	6
35	33	8
35	34	6
36	1	1
36	3	1
36	5	1
36	7	1
36	8	1
36	10	2
36	11	2
36	12	1
36	13	1
36	14	2
36	16	1
36	22	1
36	23	1
36	24	4
36	25	1
36	26	2
36	28	1
36	31	1
36	32	2
36	33	1
36	34	5
36	35	6
37	2	2
37	3	1
37	8	1
37	10	2
37	11	1
37	15	2
37	18	1
37	19	1
37	20	1
37	24	1
37	28	2
37	30	3
37	32	2
37	33	1
37	34	1
37	35	1
37	36	2
38	1	1
38	2	1
38	4	2
38	5	1
38	7	1
38	9	1
38	10	3
38	11	1
38	12	1
38	15	1
38	16	1
38	17	1
38	19	2
38	20	1
38	21	1
38	23	1
38	24	2
38	25	2
38	27	2
38	28	4
38	30	3
38	31	3
38	32	4
38	33	2
38	34	2
38	35	3
38	36	3
38	37	6
39	2	1
39	3	2
39	5	1
39	6	1
39	7	1
39	10	5
39	12	1
39	13	1
39	14	1
39	15	1
39	18	1
39	24	1
39	25	1
39	26	1
39	27	1
39	28	7
39	29	1
39	30	1
39	31	1
39	33	2
39	35	2
39	36	1
39	37	1
39	38	2
40	0	3
40	1	1
40	2	1
40	4	1
40	5	4
40	9	1
40	10	3
40	11	2
40	12	5
40	14	2
40	18	2
40	19	1
40	20	1
40	21	2
40	23	1
40	24	4
40	25	1
40	26	1
40	27	1
40	28	3
40	30	2
40	31	2
40	32	3
40	33	5
40	34	5
40	35	6
40	36	1
40	37	4
40	38	3
40	39	2
41	5	4
41	9	2
41	10	1
41	11	2
41	14	1
41	18	3
41	20	1
41	22	1
41	24	2
41	25	3
41	27	3
41	28	2
41	30	2
41	31	2
41	33	1
41	35	8
41	36	2
41	37	1
41	38	4
41	39	2
41	40	8
42	1	1
42	3	1
42	5	2
42	6	1
42	8	2
42	9	1
42	10	2
42	13	1
42	15	1
42	18	2
42	19	1
42	23	1
42	24	2
42	25	1
42	26	1
42	27	1
42	29	2
42	30	3
42	31	2
42	32	1
42	33	1
42	34	3
42	35	3
42	36	1
42	37	3
42	38	3
42	39	6
42	40	4
42	41	7
43	0	1
43	4	3
43	9	2
43	10	1
43	11	1
43	17	2
43	20	2
43	21	1
43	22	1
43	23	3
43	25	1
43	27	1
43	28	1
43	29	5
43	30	1
43	32	4
43	33	1
43	34	1
43	35	5
43	36	4
43	37	3
43	39	2
43	41	4
43	42	4
44	4	1
44	5	1
44	10	1
44	12	1
44	18	2
44	21	2
44	23	1
44	24	1
44	25	3
44	28	1
44	31	1
44	32	2
44	33	4
44	34	2
44	35	2
44	38	2
44	39	3
44	40	1
44	41	1
44	42	2
44	43	4
45	2	2
45	5	1
45	10	1
45	15	1
45	20	1
45	22	1
45	24	1
45	25	1
45	26	1
45	27	1
45	28	2
45	29	1
45	30	1
45	31	2
45	32	1
45	33	2
45	34	1
45	35	6
45	36	2
45	38	1
45	39	2
45	40	2
45	41	1
45	43	2
45	44	5
46	1	2
46	2	3
46	8	1
46	10	1
46	19	1
46	22	1
46	23	4
46	25	1
46	26	1
46	27	2
46	29	3
46	30	1
46	31	2
46	32	2
46	33	6
46	35	3
46	36	1
46	37	1
46	38	5
46	40	2
46	41	4
46	43	4
46	44	4
46	45	2
47	2	1
47	3	1
47	4	1
47	9	1
47	12	1
47	23	1
47	25	1
47	26	2
47	27	2
47	29	3
47	30	2
47	31	2
47	32	3
47	35	9
47	36	2
47	37	3
47	38	1
47	39	1
47	40	2
47	41	3
47	43	1
47	45	1
47	46	5
48	1	3
48	7	1
48	8	2
48	10	2
48	11	1
48	12	2
48	13	2
48	14	1
48	15	1
48	16	1
48	20	2
48	23	2
48	24	1
48	25	5
48	27	2
48	28	2
48	29	1
48	32	3
48	34	2
48	35	2
48	36	1
48	37	1
48	39	2
48	40	3
48	41	1
48	42	1
48	45	1
48	46	1
48	47	3
49	1	4
49	2	1
49	4	1
49	7	3
49	8	3
49	9	1
49	10	4
49	11	1
49	12	3
49	13	3
49	14	4
49	18	2
49	19	2
49	20	1
49	22	1
49	23	1
49	24	3
49	25	1
49	26	2
49	27	3
49	28	2
49	29	1
49	30	3
49	31	1
49	33	1
49	34	5
49	35	1
49	36	5
49	37	3
49	38	4
49	39	1
49	40	4
49	42	4
49	45	3
49	46	6
49	47	3
49	48	6
50	1	1
50	2	1
50	7	1
50	9	1
50	11	2
50	12	1
50	13	1
50	14	3
50	18	1
50	19	1
50	21	1
50	23	1
50	24	5
50	25	4
50	26	2
50	27	2
50	29	2
50	30	1
50	31	1
50	32	1
50	33	8
50	34	1
50	35	4
50	36	1
50	37	1
50	38	1
50	40	1
50	41	3
50	42	1
50	43	1
50	45	1
50	46	5
50	47	1
50	48	4
50	49	7
51	1	1
51	2	1
51	4	1
51	5	3
51	7	1
51	8	2
51	9	1
51	10	1
51	11	1
51	12	1
51	14	1
51	19	2
51	20	1
51	22	2
51	25	2
51	26	4
51	28	5
51	29	2
51	30	4
51	32	4
51	33	2
51	34	7
51	35	1
51	36	5
51	37	1
51	38	8
51	39	3
51	40	1
51	42	1
51	43	4
51	44	2
51	45	1
51	46	1
51	47	1
51	48	5
51	49	2
51	50	1
52	3	2
52	4	3
52	7	3
52	9	4
52	10	1
52	11	4
52	12	3
52	14	1
52	17	1
52	18	1
52	19	2
52	20	1
52	22	1
52	23	1
52	24	1
52	25	2
52	27	2
52	28	1
52	31	2
52	33	3
52	34	2
52	35	2
52	36	3
52	37	1
52	38	6
52	39	1
52	41	4
52	42	1
52	43	1
52	45	1
52	46	2
52	47	2
52	48	1
52	49	3
52	50	1
52	51	2
53	1	3
53	2	2
53	3	2
53	5	2
53	6	3
53	7	1
53	8	2
53	9	3
53	10	4
53	11	3
53	12	5
53	13	1
53	14	1
53	15	2
53	18	1
53	20	1
53	21	1
53	23	1
53	24	3
53	25	3
53	26	3
53	30	1
53	31	1
53	32	3
53	33	1
53	34	2
53	35	1
53	36	2
53	37	2
53	38	3
53	39	3
53	40	2
53	41	2
53	42	2
53	43	4
53	44	2
53	46	2
53	47	1
53	48	5
53	49	6
53	50	1
53	51	7
53	52	4
54	2	1
54	3	1
54	4	2
54	5	3
54	8	1
54	11	1
54	13	1
54	14	1
54	15	1
54	16	2
54	18	1
54	19	4
54	20	1
54	21	2
54	22	1
54	23	3
54	24	1
54	26	1
54	27	1
54	28	3
54	29	1
54	30	1
54	32	1
54	33	2
54	34	1
54	35	3
54	37	4
54	38	2
54	39	5
54	40	4
54	42	3
54	43	1
54	44	2
54	45	1
54	46	1
54	47	1
54	48	2
54	49	3
54	50	1
54	52	7
55	1	2
55	2	2
55	3	4
55	4	3
55	5	4
55	7	1
55	8	1
55	10	1
55	11	1
55	12	4
55	13	2
55	14	1
55	15	1
55	18	2
55	19	1
55	22	2
55	24	2
55	25	1
55	27	1
55	28	3
55	30	3
55	31	1
55	32	6
55	34	3
55	36	2
55	37	1
55	38	5
55	39	2
55	40	2
55	42	3
55	43	5
55	44	3
55	45	4
55	46	2
55	47	1
55	48	2
55	49	6
55	51	2
55	52	3
55	53	7
55	54	2
56	1	1
56	8	1
56	9	2
56	10	4
56	12	1
56	18	2
56	19	1
56	21	1
56	24	1
56	25	1
56	26	1
56	27	5
56	28	5
56	30	2
56	31	1
56	33	1
56	34	2
56	35	4
56	37	3
56	38	6
56	40	1
56	41	2
56	43	2
56	44	1
56	46	1
56	47	4
56	48	1
56	49	1
56	50	2
56	51	3
56	52	2
56	53	2
56	54	3
56	55	7
57	0	1
57	1	1
57	3	1
57	4	1
57	6	1
57	8	1
57	9	1
57	10	2
57	11	1
57	15	1
57	19	2
57	20	1
57	22	1
57	24	1
57	25	3
57	26	1
57	27	2
57	28	1
57	30	2
57	31	2
57	32	1
57	34	2
57	35	4
57	37	1
57	38	2
57	39	2
57	41	3
57	42	1
57	43	2
57	44	3
57	45	3
57	46	3
57	47	5
57	48	1
57	49	2
57	51	2
57	52	7
57	53	1
57	56	1
58	1	1
58	2	1
58	3	1
58	4	2
58	7	1
58	11	2
58	16	1
58	17	1
58	18	1
58	20	1
58	22	1
58	23	2
58	24	1
58	25	1
58	27	1
58	28	4
58	30	2
58	31	2
58	33	3
58	34	3
58	35	1
58	36	1
58	37	2
58	38	6
58	40	2
58	41	2
58	43	6
58	45	4
58	46	2
58	47	4
58	48	1
58	49	1
58	52	1
58	53	1
58	54	2
58	55	4
58	56	1
58	57	2
59	2	4
59	3	2
59	4	4
59	6	1
59	9	3
59	11	1
59	12	2
59	13	2
59	14	1
59	15	4
59	16	1
59	17	1
59	18	2
59	19	1
59	20	1
59	21	1
59	22	1
59	23	5
59	24	2
59	25	1
59	28	4
59	29	1
59	31	3
59	32	2
59	33	2
59	34	2
59	35	3
59	36	2
59	37	1
59	39	2
59	40	5
59	41	1
59	42	2
59	43	1
59	44	1
59	45	4
59	46	2
59	47	1
59	48	3
59	49	5
59	50	3
59	52	3
59	53	2
59	54	3
59	55	2
59	56	4
59	57	3
59	58	3
60	1	1
60	3	1
60	4	2
60	7	2
60	8	1
60	10	2
60	14	2
60	15	1
60	20	1
60	23	1
60	24	1
60	26	4
60	27	1
60	29	3
60	30	2
60	32	2
60	33	1
60	34	1
60	35	3
60	36	2
60	37	1
60	38	1
60	39	1
60	40	2
60	41	2
60	42	1
60	45	3
60	46	4
60	47	5
60	48	1
60	49	2
60	51	5
60	52	2
60	53	1
60	54	2
60	55	1
60	57	8
60	58	5
60	59	2
