1	0	1
2	0	1
2	1	2
3	0	1
3	1	1
3	2	3
4	0	2
4	1	1
4	2	4
4	3	10
5	0	2
5	2	2
5	3	1
5	4	2
6	0	2
6	1	2
6	4	2
6	5	5
7	0	1
7	1	2
7	2	1
7	5	2
7	6	3
8	0	4
8	2	2
8	3	2
8	4	3
8	6	2
8	7	4
9	1	1
9	2	2
9	3	1
9	6	5
9	7	3
9	8	3
10	0	1
10	1	5
10	2	2
10	3	2
10	4	1
10	5	2
10	6	3
10	7	3
10	8	2
10	9	8
11	0	1
11	1	2
11	2	1
11	3	1
11	4	1
11	5	1
11	6	1
11	7	1
11	8	3
11	9	3
11	10	8
12	0	2
12	1	3
12	2	1
12	3	1
12	4	4
12	5	4
12	6	6
12	7	1
12	8	7
12	9	4
12	11	1
13	0	3
13	1	2
13	2	1
13	4	1
13	5	3
13	6	3
13	7	4
13	8	2
13	9	2
13	10	2
13	11	4
13	12	6
14	0	2
14	1	2
14	2	5
14	3	3
14	4	3
14	5	1
14	6	2
14	7	3
14	8	2
14	9	3
14	10	2
14	11	6
14	12	9
14	13	4
15	0	1
15	1	1
15	2	2
15	3	3
15	4	5
15	5	3
15	6	2
15	8	7
15	9	2
15	10	1
15	11	3
15	12	4
15	13	1
15	14	2
16	0	1
16	1	1
16	2	2
16	3	1
16	4	1
16	5	2
16	6	1
16	7	3
16	9	2
16	12	1
16	13	1
16	14	2
16	15	6
17	0	1
17	1	1
17	2	1
17	3	1
17	4	2
17	5	2
17	7	2
17	8	3
17	9	2
17	10	2
17	12	4
17	13	1
17	14	5
17	15	1
17	16	3
18	0	1
18	2	3
18	4	2
18	5	3
18	6	4
18	7	1
18	8	5
18	9	2
18	10	1
18	12	3
18	13	2
18	14	4
18	15	3
18	16	2
19	0	1
19	1	2
19	2	2
19	3	1
19	4	2
19	5	2
19	6	2
19	8	2
19	9	1
19	10	1
19	11	1
19	12	1
19	14	5
19	15	1
19	17	1
19	18	1
20	2	2
20	3	1
20	4	1
20	5	4
20	6	2
20	8	1
20	10	3
20	11	3
20	12	4
20	13	3
20	14	2
20	15	1
20	17	4
20	18	2
20	19	1
21	0	1
21	2	2
21	3	2
21	4	3
21	5	2
21	7	1
21	8	5
21	9	2
21	10	2
21	11	1
21	12	3
21	13	3
21	14	1
21	15	4
21	16	1
21	17	4
21	18	4
21	19	1
21	20	4
22	2	2
22	3	2
22	4	1
22	5	1
22	6	1
22	8	3
22	9	1
22	12	1
22	13	3
22	14	3
22	15	1
22	16	3
22	17	1
22	18	4
22	19	1
22	20	1
23	1	1
23	2	1
23	3	4
23	4	3
23	5	1
23	7	1
23	8	1
23	10	4
23	11	2
23	12	1
23	13	1
23	14	3
23	17	1
23	18	1
23	19	2
23	20	1
23	22	3
24	0	1
24	1	4
24	2	1
24	3	3
24	4	2
24	5	1
24	6	4
24	8	1
24	9	2
24	10	1
24	11	7
24	12	4
24	14	1
24	15	2
24	17	2
24	18	2
24	19	1
24	21	1
24	23	1
25	1	1
25	2	1
25	7	2
25	8	2
25	9	2
25	10	2
25	11	5
25	13	2
25	14	2
25	15	4
25	16	2
25	17	1
25	18	1
25	19	2
25	20	3
25	21	2
25	23	1
25	24	1
26	0	1
26	1	1
26	4	2
26	5	1
26	7	1
26	12	2
26	13	2
26	14	1
26	16	1
26	19	1
26	20	1
26	22	1
26	24	2
26	25	1
27	1	3
27	3	1
27	4	3
27	5	1
27	6	1
27	7	1
27	10	3
27	12	1
27	13	2
27	14	1
27	18	2
27	23	2
27	24	3
27	25	3
27	26	3
28	0	3
28	2	1
28	4	2
28	5	3
28	6	1
28	7	1
28	8	1
28	9	2
28	10	4
28	13	1
28	14	2
28	17	2
28	18	2
28	19	2
28	20	1
28	21	3
28	22	3
28	23	3
28	24	2
28	25	1
28	26	2
28	27	1
29	2	1
29	4	1
29	5	1
29	8	2
29	10	1
29	12	1
29	14	2
29	18	1
29	23	1
29	24	1
29	25	1
29	27	2
29	28	1
30	1	1
30	7	1
30	10	1
30	12	1
30	14	2
30	18	1
30	25	2
30	26	1
30	27	1
30	28	3
30	29	5
31	5	2
31	8	1
31	9	2
31	19	1
31	21	1
31	23	1
31	24	2
31	26	1
31	27	1
31	28	1
31	29	4
31	30	5
32	2	3
32	9	2
32	11	1
32	12	1
32	13	2
32	14	1
32	15	3
32	18	3
32	23	2
32	24	1
32	25	1
32	26	1
32	27	3
32	28	1
32	29	3
32	30	6
32	31	3
33	0	1
33	1	2
33	2	2
33	4	1
33	8	2
33	10	1
33	11	2
33	12	3
33	13	1
33	17	1
33	18	2
33	19	1
33	24	2
33	25	1
33	26	1
33	27	2
33	28	1
33	29	5
33	30	1
33	31	2
33	32	2
34	2	2
34	3	1
34	4	3
34	5	2
34	6	1
34	8	2
34	9	1
34	10	1
34	11	2
34	13	1
34	14	2
34	15	2
34	19	1
34	21	1
34	23	1
34	24	2
34	25	2
34	28	2
34	31	1
34	32	2
34	33	2
35	0	1
35	1	3
35	3	1
35	4	1
35	5	1
35	8	2
35	9	2
35	10	1
35	12	1
35	13	1
35	14	2
35	18	1
35	20	3
35	21	1
35	22	2
35	23	2
35	24	2
35	25	2
35	26	2
35	27	2
35	28	3
35	29	3
35	30	3
35	31	5
35	32	3
35	33	6
35	34	7
36	0	1
36	1	2
36	2	1
36	3	2
36	7	3
36	8	1
36	10	1
36	12	1
36	13	2
36	14	2
36	23	1
36	24	1
36	25	2
36	26	1
36	27	2
36	28	2
36	29	3
36	31	1
36	32	1
36	33	1
36	34	3
37	1	2
37	4	1
37	7	2
37	8	3
37	9	2
37	10	2
37	11	3
37	12	2
37	13	1
37	18	2
37	20	1
37	21	1
37	24	2
37	25	2
37	26	1
37	27	1
37	28	3
37	29	1
37	30	1
37	31	2
37	32	1
37	33	3
37	34	3
37	35	5
37	36	2
38	2	1
38	3	3
38	4	2
38	5	2
38	7	1
38	8	1
38	10	3
38	12	3
38	13	3
38	14	1
38	16	3
38	17	1
38	19	2
38	20	1
38	21	2
38	22	2
38	23	1
38	25	3
38	26	2
38	27	3
38	28	3
38	30	2
38	31	7
38	32	2
38	34	4
38	35	6
38	37	6
39	0	2
39	2	2
39	3	1
39	4	2
39	8	1
39	9	2
39	11	4
39	13	3
39	15	1
39	18	1
39	20	1
39	21	1
39	22	1
39	24	2
39	25	1
39	27	1
39	28	1
39	29	1
39	31	1
39	32	2
39	33	1
39	34	2
39	36	1
39	38	4
40	0	3
40	1	1
40	2	1
40	3	1
40	5	2
40	8	1
40	9	1
40	10	2
40	11	2
40	14	1
40	15	2
40	16	1
40	18	1
40	19	1
40	20	2
40	22	1
40	23	1
40	25	4
40	26	2
40	27	3
40	28	2
40	29	2
40	30	2
40	31	3
40	32	4
40	33	2
40	34	2
40	35	4
40	37	3
40	38	5
40	39	1
41	7	2
41	8	1
41	9	1
41	11	1
41	12	2
41	13	1
41	16	1
41	18	2
41	20	3
41	26	3
41	28	2
41	30	2
41	31	3
41	32	1
41	33	2
41	34	2
41	35	1
41	37	1
41	38	2
41	39	3
41	40	4
42	0	1
42	1	1
42	5	1
42	10	1
42	11	1
42	12	2
42	13	1
42	18	1
42	19	1
42	20	1
42	24	2
42	25	2
42	26	1
42	27	1
42	28	1
42	30	1
42	32	1
42	33	1
42	36	1
42	38	5
42	39	3
42	40	3
42	41	4
43	4	1
43	8	2
43	9	1
43	10	2
43	12	1
43	13	1
43	14	2
43	15	1
43	20	2
43	21	1
43	22	1
43	23	1
43	26	1
43	27	1
43	28	3
43	29	2
43	30	1
43	31	3
43	32	1
43	33	2
43	34	2
43	36	1
43	38	5
43	39	2
43	40	1
43	41	5
43	42	2
44	4	2
44	5	2
44	7	1
44	8	1
44	9	1
44	10	2
44	12	2
44	18	2
44	21	1
44	23	1
44	24	1
44	25	2
44	27	1
44	28	1
44	29	3
44	30	1
44	31	2
44	32	1
44	33	1
44	36	1
44	37	2
44	38	5
44	40	3
44	41	2
44	42	4
44	43	2
45	2	1
45	10	1
45	11	1
45	22	1
45	25	2
45	28	1
45	29	1
45	32	2
45	34	2
45	35	2
45	36	1
45	37	4
45	38	3
45	39	1
45	40	4
45	41	4
45	42	3
45	43	5
45	44	4
46	1	1
46	2	1
46	8	1
46	10	2
46	13	2
46	22	2
46	24	1
46	27	4
46	30	2
46	31	3
46	32	5
46	33	6
46	34	2
46	35	3
46	36	3
46	37	1
46	38	3
46	39	3
46	41	1
46	42	3
46	43	2
46	44	1
46	45	2
47	1	2
47	3	1
47	4	1
47	10	1
47	11	1
47	12	1
47	16	1
47	18	1
47	20	1
47	23	1
47	24	3
47	25	4
47	27	3
47	28	3
47	29	1
47	32	3
47	33	2
47	35	4
47	36	3
47	37	1
47	38	5
47	39	2
47	40	1
47	41	3
47	42	3
47	43	3
47	44	1
47	46	2
48	1	1
48	2	2
48	3	1
48	7	3
48	8	1
48	9	1
48	10	2
48	11	1
48	15	2
48	16	2
48	18	1
48	20	3
48	21	1
48	23	1
48	24	3
48	25	6
48	26	1
48	28	3
48	31	3
48	32	1
48	33	4
48	34	2
48	36	4
48	37	1
48	38	3
48	39	3
48	40	2
48	43	3
48	46	1
49	1	2
49	2	2
49	3	3
49	4	2
49	5	3
49	6	3
49	8	1
49	9	1
49	10	2
49	11	3
49	12	1
49	13	1
49	14	3
49	15	2
49	16	1
49	18	1
49	19	1
49	20	3
49	22	1
49	23	6
49	24	2
49	25	3
49	26	1
49	27	6
49	28	2
49	29	1
49	30	1
49	31	1
49	32	1
49	34	3
49	35	3
49	36	3
49	37	4
49	38	1
49	39	1
49	40	3
49	43	3
49	44	2
49	46	2
49	47	1
49	48	6
50	2	2
50	4	1
50	8	1
50	9	1
50	10	2
50	11	2
50	12	2
50	13	1
50	14	1
50	19	2
50	24	1
50	25	4
50	26	1
50	27	1
50	32	1
50	33	1
50	34	2
50	35	3
50	36	2
50	38	2
50	39	1
50	40	2
50	41	1
50	42	2
50	45	1
50	48	2
50	49	2
51	6	5
51	7	1
51	8	1
51	9	2
51	10	6
51	11	2
51	12	2
51	13	2
51	14	2
51	15	1
51	19	2
51	21	1
51	22	1
51	23	3
51	24	1
51	25	5
51	27	2
51	28	4
51	30	1
51	31	2
51	32	3
51	33	4
51	34	4
51	35	6
51	36	5
51	37	2
51	38	6
51	40	2
51	41	2
51	42	3
51	44	1
51	45	3
51	46	1
51	47	2
51	48	1
51	49	1
51	50	1
52	1	1
52	2	2
52	4	2
52	5	1
52	7	2
52	8	3
52	10	4
52	11	2
52	13	1
52	14	2
52	15	1
52	18	2
52	21	1
52	22	1
52	23	1
52	24	4
52	25	1
52	26	3
52	27	1
52	28	1
52	29	1
52	30	1
52	31	1
52	32	1
52	33	2
52	34	3
52	35	3
52	36	3
52	37	1
52	38	3
52	39	4
52	40	1
52	41	2
52	42	2
52	43	2
52	44	1
52	45	1
52	46	1
52	47	1
52	48	3
52	49	3
52	50	2
52	51	6
53	2	2
53	4	1
53	8	1
53	9	1
53	10	5
53	13	1
53	15	2
53	19	3
53	20	2
53	21	1
53	23	2
53	25	2
53	28	2
53	30	3
53	31	3
53	32	3
53	33	5
53	34	2
53	35	3
53	36	1
53	37	3
53	38	5
53	39	4
53	40	4
53	41	3
53	42	2
53	43	2
53	45	1
53	47	3
53	48	2
53	49	2
53	50	2
53	51	4
53	52	4
54	0	2
54	1	3
54	4	3
54	8	3
54	11	2
54	12	2
54	13	1
54	14	2
54	18	1
54	19	1
54	20	2
54	21	1
54	22	1
54	23	1
54	24	2
54	25	1
54	27	3
54	28	2
54	30	1
54	33	1
54	35	5
54	37	1
54	38	2
54	39	1
54	40	1
54	41	1
54	44	1
54	46	1
54	48	2
54	49	4
54	50	1
54	51	2
54	52	5
54	53	5
55	1	1
55	2	1
55	3	1
55	4	2
55	5	3
55	6	1
55	8	1
55	9	2
55	13	2
55	14	2
55	15	1
55	16	1
55	17	1
55	18	2
55	19	1
55	20	3
55	23	3
55	24	2
55	25	1
55	26	2
55	28	4
55	31	3
55	33	1
55	34	3
55	35	2
55	36	2
55	37	1
55	38	6
55	39	2
55	40	1
55	41	1
55	43	2
55	44	2
55	45	1
55	47	1
55	48	1
55	49	1
55	51	4
55	52	3
55	53	1
55	54	5
56	3	2
56	5	2
56	8	2
56	10	4
56	11	2
56	12	1
56	13	3
56	15	2
56	20	1
56	21	2
56	24	1
56	25	2
56	26	1
56	27	1
56	28	6
56	31	1
56	34	2
56	36	2
56	38	2
56	39	6
56	40	2
56	41	1
56	42	2
56	43	1
56	44	7
56	45	2
56	47	3
56	48	1
56	49	1
56	50	1
56	51	1
56	52	3
56	53	4
56	54	7
56	55	2
57	0	1
57	1	2
57	2	1
57	4	2
57	6	1
57	9	1
57	10	2
57	11	2
57	13	3
57	14	1
57	22	1
57	30	2
57	31	1
57	33	2
57	34	1
57	35	5
57	37	4
57	38	3
57	42	2
57	43	1
57	44	2
57	45	2
57	46	4
57	47	4
57	48	1
57	49	3
57	51	4
57	52	3
57	53	1
57	54	3
57	55	3
58	1	2
58	3	1
58	4	4
58	11	1
58	14	1
58	16	1
58	17	2
58	18	2
58	22	1
58	24	3
58	26	2
58	27	1
58	28	1
58	29	2
58	30	1
58	31	3
58	33	2
58	34	2
58	35	3
58	36	6
58	37	1
58	38	5
58	39	2
58	40	1
58	41	2
58	42	1
58	43	4
58	44	1
58	45	2
58	46	4
58	47	5
58	48	3
58	49	2
58	50	1
58	51	3
58	52	1
58	53	3
58	54	1
58	55	2
58	56	4
58	57	6
59	1	2
59	2	1
59	5	1
59	6	1
59	10	2
59	11	1
59	12	4
59	13	2
59	14	1
59	15	1
59	16	1
59	18	1
59	19	1
59	20	1
59	21	2
59	22	1
59	24	4
59	26	2
59	31	2
59	34	2
59	35	6
59	36	3
59	37	1
59	38	3
59	39	2
59	40	2
59	41	1
59	42	1
59	46	2
59	47	1
59	49	5
59	50	4
59	51	5
59	52	11
59	53	1
59	54	6
59	55	4
59	56	1
59	57	3
59	58	1
60	0	1
60	1	2
60	3	1
60	4	1
60	7	1
60	8	1
60	10	2
60	11	1
60	14	2
60	15	1
60	18	2
60	23	1
60	24	1
60	25	3
60	26	4
60	28	2
60	29	1
60	30	4
60	31	2
60	32	3
60	33	2
60	34	2
60	35	3
60	37	1
60	38	3
60	40	2
60	42	3
60	43	3
60	44	2
60	45	1
60	46	3
60	47	4
60	49	1
60	53	3
60	54	1
60	55	2
60	56	3
60	57	6
60	58	2
60	59	4
