1	0	5
2	0	2
2	1	3
3	1	1
3	2	2
4	0	1
4	1	2
4	2	1
4	3	5
5	1	1
5	2	1
5	3	1
5	4	2
6	1	1
6	4	1
6	5	2
7	0	2
7	3	2
7	4	1
7	5	2
7	6	4
8	0	4
8	1	1
8	2	1
8	3	3
8	4	1
8	5	3
8	6	4
8	7	4
9	0	3
9	1	2
9	2	2
9	4	1
9	5	1
9	6	1
9	7	2
9	8	3
10	0	1
10	1	1
10	2	2
10	3	3
10	4	2
10	5	1
10	6	7
10	7	4
10	8	3
10	9	2
11	0	2
11	1	2
11	2	1
11	3	1
11	4	1
11	6	2
11	7	2
11	8	4
11	9	2
11	10	7
12	1	4
12	2	1
12	4	2
12	5	3
12	6	3
12	7	4
12	8	4
12	9	3
12	10	4
12	11	2
13	1	1
13	2	4
13	3	1
13	5	1
13	7	2
13	8	8
13	9	5
13	10	2
13	11	2
13	12	7
14	0	1
14	2	5
14	4	1
14	6	5
14	7	2
14	8	2
14	9	2
14	10	5
14	11	3
14	12	4
14	13	2
15	0	2
15	1	5
15	2	1
15	3	2
15	4	1
15	5	2
15	6	3
15	7	2
15	8	8
15	9	2
15	10	1
15	11	1
15	12	7
15	13	5
15	14	2
16	0	1
16	2	6
16	3	2
16	4	1
16	6	2
16	7	2
16	8	4
16	9	1
16	10	2
16	11	1
16	12	3
16	13	2
16	15	2
17	0	2
17	1	1
17	2	3
17	3	2
17	4	1
17	5	3
17	7	3
17	8	1
17	9	1
17	10	3
17	11	2
17	12	5
17	13	1
17	15	2
17	16	3
18	0	1
18	1	1
18	3	3
18	4	1
18	5	2
18	6	3
18	8	1
18	9	3
18	10	4
18	11	3
18	12	3
18	13	3
18	14	2
18	17	2
19	0	1
19	1	3
19	2	4
19	3	3
19	4	2
19	5	1
19	6	4
19	7	3
19	8	2
19	9	2
19	11	5
19	12	3
19	13	2
19	14	1
19	15	2
19	16	1
19	17	2
19	18	2
20	2	1
20	4	4
20	5	3
20	6	2
20	7	2
20	8	1
20	9	1
20	10	4
20	11	2
20	12	3
20	13	1
20	16	1
20	18	1
20	19	3
21	2	3
21	4	3
21	5	1
21	6	2
21	7	2
21	8	4
21	9	2
21	10	2
21	11	1
21	12	3
21	13	5
21	14	5
21	15	2
21	16	4
21	17	3
21	18	3
21	20	3
22	2	2
22	3	1
22	4	3
22	5	3
22	6	2
22	8	2
22	9	3
22	11	1
22	12	2
22	13	1
22	14	2
22	15	2
22	16	1
22	17	2
22	18	2
22	19	2
22	20	7
22	21	4
23	1	3
23	2	1
23	3	3
23	4	7
23	5	1
23	8	2
23	14	1
23	15	1
23	17	2
23	18	1
23	20	2
24	0	2
24	2	1
24	3	4
24	4	2
24	6	1
24	7	1
24	8	3
24	9	1
24	11	6
24	12	4
24	14	3
24	16	3
24	18	4
24	19	2
24	22	1
24	23	2
25	0	2
25	1	4
25	2	1
25	4	2
25	5	4
25	9	3
25	10	4
25	12	2
25	13	2
25	14	1
25	15	1
25	16	1
25	17	1
25	18	2
25	21	3
25	22	5
25	23	2
25	24	3
26	0	1
26	1	1
26	2	1
26	4	1
26	10	1
26	11	1
26	12	1
26	13	3
26	14	1
26	15	2
26	17	1
26	18	1
26	19	1
26	20	1
26	25	2
27	1	2
27	2	1
27	3	1
27	4	1
27	7	1
27	8	3
27	13	1
27	19	2
27	22	2
27	23	2
27	24	1
28	0	1
28	2	2
28	3	3
28	4	1
28	5	2
28	7	1
28	9	2
28	11	1
28	12	3
28	13	3
28	14	1
28	15	1
28	16	1
28	17	2
28	18	3
28	19	1
28	23	2
28	24	1
28	26	3
28	27	1
29	4	1
29	12	1
29	13	2
29	18	3
29	19	2
29	24	1
29	25	1
29	26	1
29	28	1
30	1	1
30	5	2
30	7	1
30	9	1
30	10	2
30	12	3
30	14	1
30	17	1
30	18	1
30	19	2
30	22	1
30	24	3
30	25	2
31	8	2
31	9	1
31	10	2
31	21	2
31	22	2
31	23	1
31	24	1
31	25	2
31	29	4
31	30	3
32	0	1
32	1	1
32	2	1
32	4	2
32	9	3
32	10	3
32	11	1
32	12	1
32	13	1
32	14	3
32	18	1
32	25	1
32	28	3
32	30	1
32	31	3
33	1	3
33	2	1
33	3	1
33	4	1
33	5	1
33	11	1
33	12	1
33	13	1
33	14	1
33	19	1
33	21	1
33	22	1
33	23	2
33	25	3
33	26	1
33	27	1
33	28	1
33	29	2
33	30	4
33	31	2
33	32	5
34	1	1
34	2	1
34	3	1
34	4	1
34	6	2
34	8	3
34	9	2
34	10	1
34	11	6
34	12	1
34	17	1
34	18	2
34	19	1
34	20	1
34	21	1
34	22	1
34	23	3
34	25	2
34	26	1
34	27	4
34	28	1
34	29	2
34	30	2
34	32	3
34	33	3
35	3	1
35	5	2
35	6	1
35	9	1
35	10	1
35	11	2
35	12	1
35	15	1
35	16	1
35	20	1
35	23	3
35	24	1
35	27	1
35	28	2
35	29	4
35	30	1
35	31	5
35	32	6
35	33	4
35	34	8
36	1	1
36	2	1
36	5	1
36	7	1
36	8	1
36	10	1
36	11	4
36	12	2
36	13	1
36	14	1
36	16	1
36	22	1
36	23	3
36	24	1
36	25	1
36	26	1
36	30	1
36	31	2
36	32	1
36	33	3
36	34	1
36	35	3
37	1	2
37	2	1
37	3	1
37	4	2
37	7	2
37	8	3
37	9	1
37	10	5
37	11	1
37	12	1
37	14	2
37	15	3
37	19	2
37	21	1
37	25	1
37	26	4
37	27	2
37	28	4
37	29	1
37	30	1
37	31	2
37	32	1
37	33	2
37	34	1
37	35	4
38	0	1
38	1	1
38	2	1
38	3	1
38	5	1
38	6	1
38	7	1
38	8	4
38	9	2
38	10	1
38	12	2
38	13	1
38	14	1
38	16	1
38	17	2
38	18	1
38	19	1
38	22	1
38	23	1
38	24	3
38	26	3
38	27	4
38	28	2
38	29	3
38	30	1
38	31	2
38	32	2
38	33	4
38	34	2
38	35	2
38	36	1
39	0	1
39	2	1
39	4	2
39	5	4
39	6	1
39	8	5
39	9	2
39	10	1
39	11	1
39	14	1
39	15	1
39	18	1
39	20	2
39	22	1
39	23	1
39	25	2
39	26	1
39	28	8
39	29	2
39	30	2
39	31	1
39	32	1
39	33	2
39	34	2
39	35	2
39	37	2
40	1	5
40	2	1
40	3	2
40	4	5
40	5	1
40	7	1
40	8	2
40	9	2
40	10	3
40	11	2
40	12	4
40	13	1
40	14	2
40	15	1
40	16	1
40	18	1
40	19	5
40	22	1
40	23	2
40	24	2
40	25	2
40	26	1
40	27	1
40	28	5
40	29	1
40	30	2
40	32	4
40	33	2
40	34	5
40	36	2
40	37	3
40	38	2
40	39	4
41	4	2
41	5	2
41	6	2
41	8	1
41	10	3
41	11	2
41	12	1
41	18	1
41	20	1
41	22	1
41	24	1
41	25	1
41	28	2
41	29	2
41	30	2
41	31	3
41	32	2
41	33	2
41	35	2
41	36	2
41	37	1
41	38	1
41	39	1
41	40	2
42	0	1
42	1	1
42	2	1
42	3	1
42	5	2
42	6	1
42	9	2
42	10	3
42	12	1
42	13	1
42	14	1
42	15	1
42	19	1
42	24	1
42	27	2
42	28	2
42	29	1
42	31	2
42	32	1
42	33	1
42	34	1
42	35	1
42	37	3
42	38	2
42	39	5
42	40	3
42	41	4
43	1	1
43	3	1
43	8	2
43	10	2
43	12	1
43	13	1
43	14	2
43	15	1
43	17	2
43	18	4
43	21	1
43	24	2
43	26	1
43	27	2
43	28	3
43	29	1
43	30	2
43	31	2
43	32	5
43	33	3
43	34	1
43	35	1
43	36	3
43	37	2
43	38	4
43	39	6
43	40	2
43	41	2
43	42	3
44	5	2
44	7	1
44	8	1
44	9	2
44	10	1
44	11	1
44	12	1
44	20	1
44	21	2
44	26	2
44	27	1
44	28	2
44	30	2
44	33	2
44	34	1
44	35	2
44	36	1
44	37	2
44	38	5
44	39	2
44	42	2
44	43	3
45	3	1
45	10	3
45	15	1
45	16	1
45	20	1
45	27	1
45	28	1
45	29	1
45	31	2
45	32	1
45	34	1
45	35	4
45	36	3
45	37	3
45	38	2
45	39	2
45	42	1
45	43	3
45	44	2
46	1	3
46	3	1
46	4	1
46	13	1
46	14	1
46	15	1
46	18	1
46	19	1
46	22	2
46	23	1
46	25	3
46	27	2
46	28	4
46	29	3
46	30	1
46	31	5
46	33	4
46	34	4
46	35	1
46	36	2
46	37	2
46	38	5
46	39	3
46	40	3
46	41	2
46	42	2
46	43	1
46	44	3
46	45	4
47	1	1
47	4	2
47	11	2
47	12	3
47	13	1
47	16	1
47	17	2
47	18	3
47	20	2
47	23	1
47	24	2
47	26	3
47	27	3
47	29	3
47	30	1
47	31	3
47	32	1
47	33	1
47	35	4
47	36	3
47	37	1
47	38	2
47	39	1
47	40	4
47	41	1
47	42	1
47	43	1
47	44	1
47	46	3
48	1	3
48	2	1
48	7	2
48	10	3
48	11	3
48	12	1
48	13	3
48	14	2
48	15	1
48	16	2
48	19	1
48	21	1
48	22	1
48	24	2
48	26	2
48	27	2
48	28	2
48	31	2
48	33	2
48	34	4
48	35	4
48	36	2
48	37	5
48	39	1
48	40	3
48	41	2
48	44	3
48	45	1
48	47	1
49	0	1
49	1	3
49	2	2
49	3	3
49	4	2
49	5	1
49	6	2
49	7	2
49	8	1
49	9	2
49	10	2
49	12	4
49	13	1
49	14	2
49	16	1
49	18	3
49	20	2
49	21	1
49	22	4
49	23	2
49	24	6
49	25	2
49	26	3
49	27	3
49	28	1
49	30	2
49	31	2
49	32	1
49	33	2
49	34	5
49	35	3
49	36	8
49	37	3
49	38	5
49	39	1
49	40	3
49	41	2
49	42	2
49	43	3
49	46	2
49	47	1
49	48	6
50	0	2
50	1	1
50	8	1
50	9	2
50	10	1
50	11	2
50	14	1
50	15	2
50	19	2
50	20	2
50	24	1
50	27	2
50	28	1
50	32	1
50	34	4
50	35	2
50	36	3
50	38	1
50	40	1
50	45	1
50	46	3
50	47	3
50	49	3
51	1	1
51	3	2
51	4	1
51	5	1
51	6	1
51	7	2
51	8	2
51	9	1
51	10	3
51	12	1
51	13	1
51	14	1
51	19	1
51	20	1
51	22	1
51	24	1
51	26	3
51	27	3
51	28	1
51	30	2
51	31	1
51	32	2
51	33	5
51	34	3
51	35	5
51	36	2
51	37	6
51	38	8
51	39	3
51	40	7
51	41	1
51	42	5
51	43	2
51	44	1
51	45	3
51	46	2
51	47	1
51	48	1
51	49	5
51	50	1
52	1	4
52	2	1
52	3	1
52	4	1
52	5	7
52	7	2
52	8	1
52	9	2
52	10	2
52	11	1
52	12	1
52	13	4
52	14	1
52	15	1
52	16	1
52	17	2
52	18	1
52	19	1
52	22	1
52	23	1
52	24	2
52	25	2
52	26	1
52	27	1
52	28	5
52	29	1
52	30	3
52	31	1
52	32	2
52	33	1
52	34	1
52	35	3
52	36	1
52	37	2
52	38	5
52	39	1
52	40	1
52	41	2
52	42	3
52	44	1
52	45	1
52	46	1
52	48	2
52	49	3
52	50	1
52	51	3
53	1	1
53	2	1
53	3	2
53	4	3
53	5	2
53	7	3
53	10	4
53	11	3
53	14	1
53	15	2
53	17	1
53	18	2
53	21	2
53	22	2
53	24	1
53	25	1
53	27	3
53	28	6
53	29	1
53	30	1
53	31	1
53	32	4
53	33	1
53	34	3
53	35	2
53	36	2
53	37	3
53	38	1
53	39	3
53	40	3
53	41	3
53	42	2
53	43	4
53	44	2
53	46	2
53	48	2
53	49	1
53	50	1
53	51	3
53	52	3
54	0	1
54	1	1
54	2	1
54	4	1
54	5	1
54	8	1
54	9	1
54	10	2
54	11	2
54	12	4
54	13	2
54	14	1
54	15	4
54	19	2
54	20	3
54	21	1
54	22	2
54	23	2
54	24	3
54	26	1
54	27	2
54	28	7
54	29	1
54	31	1
54	32	1
54	34	2
54	35	1
54	36	3
54	37	1
54	38	3
54	39	1
54	40	2
54	41	1
54	42	2
54	43	2
54	45	1
54	46	3
54	47	2
54	48	3
54	49	2
54	50	1
54	51	4
54	52	4
55	0	1
55	1	3
55	3	1
55	4	2
55	5	3
55	6	1
55	7	1
55	8	1
55	9	1
55	10	1
55	11	1
55	12	2
55	13	2
55	14	3
55	15	2
55	17	2
55	18	2
55	19	1
55	20	1
55	21	5
55	23	1
55	25	2
55	26	1
55	27	1
55	28	3
55	30	1
55	31	1
55	33	1
55	34	7
55	37	2
55	38	5
55	39	5
55	40	5
55	41	1
55	42	3
55	43	2
55	44	6
55	45	1
55	46	3
55	47	1
55	48	3
55	49	9
55	51	2
55	52	10
55	53	7
55	54	7
56	0	1
56	1	2
56	2	1
56	4	1
56	8	1
56	10	2
56	11	2
56	12	2
56	13	2
56	14	1
56	18	3
56	20	2
56	22	2
56	27	2
56	28	2
56	31	1
56	32	2
56	34	5
56	35	3
56	37	1
56	38	3
56	39	1
56	40	1
56	41	2
56	44	2
56	45	4
56	47	1
56	48	3
56	49	1
56	51	2
56	52	4
56	53	4
56	54	1
56	55	2
57	0	2
57	1	3
57	4	1
57	9	2
57	10	2
57	12	1
57	13	1
57	14	1
57	16	1
57	18	1
57	22	2
57	23	2
57	24	1
57	26	1
57	27	2
57	28	3
57	30	1
57	31	2
57	32	1
57	34	2
57	35	2
57	36	2
57	37	3
57	38	2
57	39	2
57	40	2
57	42	1
57	43	3
57	44	1
57	45	3
57	47	6
57	48	1
57	49	3
57	51	3
57	52	2
57	53	2
57	54	1
57	55	2
57	56	2
58	0	1
58	2	2
58	3	2
58	6	1
58	7	1
58	9	1
58	10	1
58	11	1
58	14	1
58	20	1
58	24	1
58	25	2
58	26	1
58	27	1
58	28	3
58	29	4
58	30	2
58	31	3
58	33	2
58	35	3
58	36	4
58	37	1
58	38	2
58	39	1
58	40	1
58	41	2
58	42	1
58	43	1
58	44	1
58	45	1
58	46	3
58	47	5
58	50	2
58	51	1
58	52	2
58	53	2
58	54	2
58	55	1
58	56	1
58	57	7
59	1	2
59	3	2
59	6	1
59	8	1
59	9	1
59	10	2
59	12	2
59	14	3
59	17	2
59	18	2
59	20	1
59	22	2
59	23	1
59	24	3
59	25	2
59	26	1
59	27	1
59	28	4
59	30	1
59	31	1
59	33	1
59	34	3
59	35	4
59	36	3
59	37	4
59	38	4
59	40	1
59	41	2
59	42	1
59	43	1
59	45	1
59	46	1
59	48	2
59	49	4
59	50	2
59	51	5
59	52	6
59	53	2
59	54	6
59	55	7
59	56	3
59	57	3
59	58	3
60	0	1
60	1	2
60	2	2
60	3	1
60	4	1
60	7	3
60	10	3
60	12	2
60	13	1
60	14	2
60	15	1
60	17	1
60	18	1
60	20	1
60	23	2
60	25	1
60	26	4
60	27	1
60	28	3
60	29	3
60	30	2
60	33	1
60	34	3
60	36	5
60	37	1
60	38	2
60	39	2
60	40	3
60	42	2
60	44	1
60	46	1
60	47	2
60	48	1
60	49	3
60	50	1
60	53	1
60	54	2
60	55	2
60	56	2
60	57	5
60	58	5
60	59	2
