1	0	6
2	0	1
3	1	4
3	2	5
4	2	5
4	3	6
5	0	1
5	1	1
5	2	3
5	3	1
6	0	1
6	1	1
6	2	2
6	3	1
6	4	1
6	5	1
7	4	1
7	5	2
8	0	6
8	1	3
8	4	2
8	5	1
8	6	1
8	7	2
9	0	1
9	1	2
9	2	4
9	3	2
9	4	2
9	5	1
9	6	5
9	7	3
9	8	3
10	1	2
10	3	2
10	4	1
10	5	4
10	6	4
10	7	4
10	8	3
10	9	10
11	1	1
11	3	1
11	5	1
11	6	3
11	7	3
11	8	2
11	9	1
11	10	3
12	0	4
12	1	2
12	2	3
12	3	3
12	4	2
12	5	5
12	6	3
12	7	2
12	8	4
12	9	1
12	10	1
12	11	4
13	0	4
13	1	2
13	3	2
13	4	2
13	5	3
13	6	2
13	8	7
13	9	2
13	10	2
13	11	4
13	12	4
14	1	1
14	2	4
14	3	1
14	4	3
14	6	2
14	7	1
14	8	3
14	9	7
14	10	1
14	11	3
14	12	2
14	13	4
15	0	3
15	1	3
15	2	2
15	3	3
15	4	2
15	5	2
15	6	2
15	7	1
15	8	3
15	9	2
15	10	2
15	11	2
15	12	4
15	13	3
15	14	1
16	0	1
16	1	5
16	2	3
16	3	1
16	5	1
16	6	1
16	7	2
16	8	2
16	9	2
16	10	2
16	11	2
16	12	1
16	15	2
17	0	2
17	1	1
17	3	1
17	4	2
17	5	5
17	6	1
17	8	2
17	9	3
17	10	1
17	12	4
17	13	2
17	15	5
17	16	6
18	0	1
18	1	1
18	2	1
18	4	2
18	5	3
18	6	2
18	7	2
18	8	1
18	9	2
18	10	3
18	11	2
18	12	4
18	13	1
18	15	2
18	16	1
19	1	4
19	2	1
19	3	2
19	4	3
19	6	1
19	8	2
19	9	1
19	10	2
19	12	1
19	13	3
19	14	5
19	15	4
19	16	1
19	17	3
19	18	1
20	0	2
20	1	1
20	2	3
20	3	2
20	4	1
20	5	1
20	6	3
20	7	1
20	8	6
20	9	1
20	11	1
20	12	4
20	13	5
20	14	5
20	15	4
20	16	1
20	17	1
20	18	1
21	1	3
21	2	5
21	3	4
21	4	2
21	5	2
21	6	4
21	7	1
21	8	1
21	9	4
21	11	2
21	12	2
21	13	3
21	15	3
21	16	3
21	17	4
21	18	1
22	2	2
22	4	1
22	5	2
22	6	2
22	7	2
22	10	3
22	11	3
22	12	6
22	13	1
22	14	3
22	15	3
22	16	4
22	17	1
22	18	2
22	19	1
22	20	3
22	21	2
23	1	1
23	2	3
23	3	3
23	4	2
23	5	5
23	8	1
23	9	1
23	10	1
23	12	2
23	13	1
23	14	1
23	15	1
23	17	1
23	19	1
23	20	2
24	0	2
24	1	2
24	2	1
24	3	4
24	4	1
24	5	1
24	6	1
24	7	2
24	8	2
24	9	1
24	10	3
24	11	2
24	12	1
24	13	3
24	14	2
24	15	1
24	17	1
24	19	4
24	21	1
24	22	2
24	23	1
25	1	2
25	4	2
25	5	1
25	6	1
25	7	1
25	8	1
25	9	2
25	10	4
25	11	1
25	12	4
25	13	2
25	14	3
25	15	4
25	16	1
25	17	1
25	18	2
25	20	2
25	21	2
25	22	1
25	24	3
26	0	1
26	1	2
26	4	2
26	5	1
26	8	1
26	10	2
26	13	1
26	14	2
26	15	1
26	17	1
26	18	1
26	19	1
26	22	1
26	23	2
26	24	3
27	1	1
27	2	1
27	3	1
27	4	1
27	8	1
27	11	1
27	14	2
27	17	1
27	18	1
27	24	1
27	25	3
27	26	2
28	2	2
28	3	2
28	4	3
28	5	2
28	6	1
28	8	1
28	9	1
28	10	2
28	11	2
28	12	2
28	13	5
28	14	1
28	15	1
28	17	1
28	18	5
28	19	1
28	20	2
28	21	1
28	22	2
28	24	4
28	25	1
28	26	1
29	0	2
29	1	2
29	7	1
29	8	1
29	10	1
29	12	2
29	13	2
29	14	1
29	16	1
29	19	1
29	27	2
30	1	1
30	3	1
30	5	2
30	7	2
30	8	2
30	9	1
30	10	2
30	11	1
30	14	1
30	18	1
30	20	2
30	24	3
30	25	3
30	26	1
30	29	4
31	9	2
31	10	4
31	19	1
31	21	2
31	24	1
31	28	1
31	29	3
31	30	4
32	1	1
32	2	1
32	8	2
32	10	1
32	11	1
32	12	1
32	22	1
32	24	3
32	26	1
32	28	2
32	29	5
32	30	4
32	31	2
33	0	1
33	1	1
33	2	1
33	5	2
33	8	1
33	9	1
33	10	1
33	11	1
33	13	1
33	14	1
33	15	2
33	22	1
33	24	2
33	25	3
33	26	1
33	27	3
33	28	3
33	29	9
33	30	3
33	31	1
33	32	5
34	1	2
34	2	2
34	3	2
34	4	1
34	5	1
34	6	1
34	8	1
34	10	2
34	11	1
34	12	1
34	13	1
34	14	2
34	17	1
34	18	3
34	21	2
34	22	1
34	23	4
34	24	1
34	25	2
34	26	3
34	27	4
34	28	1
34	29	2
34	30	2
34	31	2
34	32	1
34	33	2
35	1	1
35	2	2
35	3	2
35	5	1
35	10	1
35	12	1
35	13	1
35	14	1
35	15	1
35	17	1
35	18	1
35	21	2
35	22	1
35	23	1
35	24	1
35	26	1
35	27	5
35	28	1
35	30	3
35	31	5
35	32	1
35	33	5
35	34	3
36	1	4
36	3	1
36	4	2
36	5	1
36	10	1
36	11	2
36	12	1
36	13	1
36	23	1
36	24	2
36	25	2
36	26	2
36	28	4
36	30	1
36	32	1
36	34	2
36	35	6
37	0	3
37	1	1
37	2	1
37	4	2
37	9	1
37	10	2
37	11	1
37	13	1
37	14	1
37	15	1
37	18	1
37	20	3
37	21	1
37	24	1
37	25	2
37	26	1
37	27	1
37	28	1
37	29	1
37	30	3
37	31	1
37	33	1
37	34	6
37	35	5
37	36	2
38	0	1
38	1	1
38	2	3
38	4	1
38	5	2
38	6	1
38	7	3
38	8	3
38	9	2
38	10	3
38	11	3
38	14	1
38	15	1
38	16	2
38	17	1
38	19	3
38	20	1
38	21	2
38	22	1
38	23	3
38	24	3
38	25	3
38	26	1
38	27	1
38	28	4
38	30	2
38	31	2
38	32	2
38	33	3
38	34	2
38	35	3
38	36	1
38	37	4
39	3	2
39	4	2
39	5	2
39	6	1
39	7	2
39	10	5
39	11	2
39	12	2
39	13	1
39	14	2
39	15	1
39	18	2
39	19	3
39	21	2
39	24	2
39	25	1
39	26	2
39	28	6
39	29	2
39	30	1
39	31	4
39	32	1
39	37	1
39	38	2
40	1	3
40	2	1
40	6	1
40	8	2
40	9	1
40	10	2
40	11	4
40	13	3
40	15	2
40	16	1
40	18	1
40	19	2
40	20	2
40	22	1
40	23	3
40	24	2
40	25	4
40	26	2
40	27	1
40	28	3
40	29	1
40	30	1
40	31	4
40	32	3
40	33	4
40	34	1
40	35	4
40	36	1
40	37	4
40	38	4
40	39	3
41	1	1
41	4	1
41	5	1
41	6	2
41	7	2
41	8	1
41	10	1
41	12	2
41	13	1
41	18	2
41	20	1
41	22	1
41	24	1
41	25	2
41	26	1
41	28	2
41	29	2
41	30	1
41	32	4
41	33	2
41	34	2
41	35	3
41	37	3
41	38	1
41	39	4
41	40	3
42	4	2
42	6	1
42	8	1
42	12	1
42	13	1
42	18	1
42	24	1
42	28	1
42	29	1
42	30	1
42	31	1
42	33	1
42	35	3
42	36	3
42	37	4
42	38	5
42	39	2
42	40	5
42	41	14
43	1	2
43	5	1
43	9	2
43	11	1
43	12	1
43	13	1
43	14	3
43	15	1
43	18	1
43	23	1
43	24	1
43	25	3
43	26	1
43	29	2
43	30	1
43	31	1
43	32	1
43	33	5
43	34	1
43	35	1
43	36	5
43	37	2
43	38	2
43	39	2
43	40	2
43	41	1
43	42	5
44	4	1
44	5	2
44	7	2
44	8	2
44	9	1
44	10	1
44	11	1
44	19	2
44	20	3
44	23	1
44	24	2
44	25	2
44	28	1
44	29	3
44	31	3
44	32	1
44	33	1
44	34	1
44	36	2
44	37	5
44	38	1
44	39	6
44	41	2
44	42	1
44	43	5
45	0	3
45	3	1
45	9	1
45	10	1
45	11	1
45	15	2
45	19	3
45	20	1
45	23	1
45	24	2
45	26	2
45	27	3
45	29	2
45	30	1
45	31	3
45	32	1
45	33	3
45	34	1
45	35	1
45	36	2
45	37	2
45	38	3
45	39	3
45	41	3
45	42	1
45	43	6
45	44	3
46	0	2
46	3	1
46	8	1
46	10	3
46	14	1
46	15	1
46	19	1
46	23	1
46	25	1
46	26	2
46	27	1
46	28	2
46	29	4
46	30	1
46	31	4
46	32	4
46	33	3
46	34	3
46	35	4
46	36	2
46	37	1
46	38	4
46	39	4
46	40	1
46	42	3
46	43	2
46	44	1
46	45	2
47	1	2
47	3	1
47	11	2
47	12	1
47	16	1
47	23	1
47	24	1
47	26	2
47	27	1
47	28	2
47	30	1
47	31	1
47	32	1
47	33	5
47	34	2
47	35	4
47	36	1
47	37	1
47	38	4
47	40	1
47	43	2
47	44	4
47	45	2
47	46	4
48	1	1
48	2	2
48	3	2
48	5	1
48	6	1
48	7	3
48	8	2
48	9	1
48	10	5
48	11	3
48	12	2
48	13	4
48	15	2
48	16	1
48	19	1
48	20	1
48	21	1
48	22	2
48	23	2
48	24	1
48	25	2
48	27	2
48	28	4
48	31	2
48	32	1
48	33	2
48	34	3
48	35	4
48	37	2
48	38	2
48	40	6
48	41	1
48	43	3
48	44	2
48	45	2
48	46	2
48	47	1
49	1	4
49	3	1
49	5	1
49	7	1
49	8	1
49	10	1
49	11	2
49	12	3
49	13	1
49	15	5
49	16	1
49	17	3
49	18	3
49	19	1
49	20	2
49	23	1
49	24	3
49	26	5
49	27	1
49	28	2
49	29	1
49	31	1
49	32	1
49	33	3
49	34	5
49	35	2
49	36	4
49	37	4
49	38	3
49	40	2
49	41	2
49	42	3
49	43	2
49	45	1
49	46	6
49	47	3
49	48	2
50	1	2
50	2	2
50	4	2
50	7	2
50	8	1
50	9	2
50	11	1
50	12	2
50	14	1
50	18	1
50	19	2
50	20	1
50	21	1
50	24	2
50	25	2
50	27	2
50	28	1
50	29	1
50	31	1
50	32	1
50	33	1
50	34	8
50	35	4
50	36	3
50	37	2
50	38	1
50	39	1
50	41	3
50	43	2
50	45	1
50	48	5
50	49	4
51	1	3
51	3	1
51	4	1
51	5	3
51	9	1
51	14	2
51	18	2
51	19	2
51	23	2
51	24	4
51	25	4
51	26	3
51	27	4
51	28	5
51	29	5
51	30	1
51	31	1
51	32	2
51	33	1
51	34	6
51	35	4
51	36	2
51	37	2
51	38	7
51	39	2
51	40	2
51	41	1
51	42	3
51	43	1
51	45	1
51	46	3
51	47	1
51	48	6
51	49	7
51	50	1
52	1	1
52	2	1
52	4	2
52	5	1
52	7	1
52	9	2
52	10	4
52	12	2
52	13	1
52	14	8
52	15	1
52	16	1
52	18	2
52	19	1
52	21	1
52	23	2
52	24	2
52	25	1
52	26	5
52	28	3
52	29	2
52	30	1
52	32	1
52	33	1
52	35	2
52	36	5
52	37	2
52	38	8
52	39	2
52	40	1
52	42	3
52	47	6
52	49	2
52	50	2
52	51	9
53	1	3
53	4	2
53	5	3
53	6	2
53	7	4
53	8	2
53	9	1
53	11	2
53	13	3
53	14	1
53	15	1
53	16	1
53	18	2
53	20	1
53	22	2
53	23	1
53	24	3
53	25	1
53	27	1
53	29	2
53	30	2
53	31	1
53	32	2
53	33	3
53	34	4
53	35	1
53	36	3
53	37	4
53	38	7
53	39	1
53	40	4
53	41	8
53	42	4
53	44	3
53	45	2
53	47	1
53	48	3
53	49	5
53	50	3
53	51	4
53	52	1
54	2	2
54	5	1
54	8	2
54	9	1
54	12	3
54	13	1
54	14	2
54	16	1
54	17	1
54	18	2
54	19	2
54	20	1
54	21	1
54	22	1
54	23	3
54	24	3
54	26	3
54	27	1
54	28	3
54	30	1
54	32	3
54	33	1
54	34	1
54	36	5
54	38	3
54	39	2
54	40	1
54	41	2
54	43	1
54	44	1
54	47	2
54	48	1
54	49	5
54	51	2
54	52	1
54	53	3
55	0	1
55	1	2
55	3	1
55	4	1
55	5	3
55	6	2
55	8	2
55	10	2
55	11	2
55	12	1
55	13	4
55	16	4
55	17	1
55	18	1
55	20	4
55	21	1
55	24	2
55	25	3
55	26	1
55	27	1
55	28	4
55	30	1
55	31	1
55	33	1
55	35	2
55	36	1
55	37	2
55	38	8
55	39	1
55	40	1
55	41	2
55	42	3
55	44	2
55	45	2
55	47	1
55	48	4
55	49	4
55	51	5
55	52	5
55	53	7
55	54	6
56	0	2
56	1	1
56	3	1
56	5	2
56	9	1
56	10	2
56	14	1
56	18	3
56	20	1
56	22	1
56	23	2
56	24	1
56	25	2
56	28	1
56	30	1
56	31	1
56	32	2
56	33	1
56	34	2
56	36	1
56	37	1
56	38	6
56	39	6
56	40	2
56	41	2
56	42	2
56	43	2
56	44	6
56	45	2
56	46	1
56	48	2
56	49	1
56	50	1
56	51	3
56	52	6
56	53	2
56	54	1
56	55	3
57	3	3
57	4	2
57	8	2
57	9	1
57	11	1
57	12	1
57	13	1
57	14	1
57	15	1
57	19	1
57	22	1
57	23	1
57	24	1
57	25	1
57	29	2
57	34	4
57	35	4
57	36	1
57	37	1
57	38	2
57	39	2
57	40	1
57	41	2
57	42	1
57	43	1
57	44	2
57	45	3
57	46	2
57	47	2
57	48	1
57	49	3
57	50	3
57	51	5
57	52	8
57	54	4
57	55	2
58	0	1
58	1	1
58	3	2
58	4	2
58	10	3
58	14	1
58	18	2
58	24	1
58	25	1
58	26	2
58	27	1
58	28	1
58	29	1
58	30	2
58	31	2
58	32	2
58	33	3
58	34	1
58	35	1
58	36	3
58	37	1
58	38	2
58	39	1
58	40	3
58	41	1
58	42	4
58	43	3
58	44	1
58	45	3
58	46	3
58	48	1
58	49	2
58	50	1
58	51	2
58	54	4
58	55	1
58	56	2
58	57	9
59	1	2
59	4	4
59	5	1
59	6	1
59	8	1
59	9	1
59	10	2
59	11	1
59	12	1
59	15	2
59	16	1
59	17	1
59	19	4
59	21	1
59	23	2
59	24	2
59	25	1
59	28	1
59	29	1
59	30	2
59	31	3
59	32	3
59	34	3
59	35	2
59	36	2
59	37	1
59	38	1
59	39	1
59	40	2
59	41	2
59	42	2
59	44	2
59	45	3
59	46	7
59	47	1
59	48	3
59	49	2
59	50	3
59	51	3
59	52	3
59	53	1
59	54	5
59	55	5
59	57	3
59	58	3
60	0	1
60	1	2
60	7	1
60	8	2
60	10	1
60	12	1
60	13	1
60	15	1
60	17	1
60	18	2
60	20	1
60	24	3
60	25	2
60	26	2
60	27	2
60	28	2
60	29	1
60	30	3
60	33	1
60	34	2
60	35	1
60	36	2
60	38	1
60	39	2
60	40	1
60	42	1
60	43	3
60	44	3
60	45	3
60	46	1
60	47	4
60	48	3
60	49	3
60	50	1
60	51	3
60	52	2
60	55	1
60	57	4
60	58	2
