1	0	2
3	0	1
3	1	2
3	2	5
4	0	1
4	1	1
4	2	5
4	3	1
5	0	1
5	1	1
5	2	3
5	3	2
5	4	2
6	0	2
6	1	1
6	3	1
6	4	1
6	5	1
7	1	2
7	2	1
7	5	2
7	6	3
8	0	3
8	1	3
8	2	1
8	4	1
8	5	4
8	6	6
8	7	4
9	0	1
9	1	3
9	2	1
9	3	2
9	5	1
9	6	1
9	7	4
9	8	6
10	0	2
10	1	1
10	2	1
10	3	3
10	4	1
10	5	4
10	6	2
10	7	1
10	8	3
10	9	4
11	0	4
11	1	2
11	2	3
11	6	2
11	8	1
11	9	1
11	10	4
12	0	1
12	1	1
12	3	1
12	4	3
12	5	3
12	6	2
12	7	5
12	8	1
12	9	6
12	10	2
12	11	2
13	0	4
13	1	5
13	2	2
13	3	3
13	4	3
13	5	1
13	6	1
13	7	5
13	8	4
13	9	4
13	10	4
13	11	4
13	12	2
14	0	1
14	1	3
14	2	4
14	3	2
14	4	2
14	5	2
14	6	2
14	7	1
14	8	2
14	9	2
14	10	5
14	11	8
14	12	3
14	13	2
15	0	3
15	1	4
15	2	2
15	3	1
15	4	2
15	5	3
15	6	2
15	7	3
15	8	5
15	9	3
15	10	3
15	11	2
15	12	3
15	13	5
15	14	5
16	0	1
16	1	2
16	4	1
16	5	1
16	7	1
16	8	1
16	9	2
16	11	1
16	12	1
16	13	1
16	15	2
17	0	4
17	2	5
17	5	4
17	6	1
17	8	2
17	10	3
17	11	1
17	12	2
17	13	1
17	15	3
17	16	3
18	1	3
18	2	1
18	4	1
18	5	4
18	6	3
18	7	4
18	8	2
18	9	2
18	10	6
18	11	1
18	12	1
18	13	1
18	14	1
18	15	2
18	16	1
18	17	2
19	0	2
19	1	3
19	2	2
19	3	3
19	4	1
19	7	2
19	9	1
19	13	1
19	14	5
19	15	5
19	16	1
19	18	1
20	1	3
20	2	2
20	3	2
20	4	7
20	5	4
20	6	2
20	8	1
20	9	3
20	10	4
20	11	2
20	12	1
20	13	2
20	14	6
20	15	2
20	17	1
20	18	4
20	19	3
21	1	2
21	2	5
21	3	4
21	4	5
21	5	4
21	6	3
21	8	3
21	9	1
21	10	4
21	11	3
21	12	3
21	13	3
21	14	2
21	15	1
21	16	2
21	17	2
21	18	1
21	20	1
22	2	5
22	3	2
22	4	3
22	5	2
22	6	2
22	7	2
22	8	3
22	9	1
22	10	1
22	12	2
22	13	2
22	14	3
22	16	2
22	17	1
22	18	1
22	19	2
22	20	2
23	1	1
23	2	2
23	3	4
23	4	2
23	8	1
23	9	3
23	10	1
23	12	4
23	13	1
23	14	1
23	15	1
23	18	4
23	20	2
23	21	1
23	22	1
24	0	1
24	1	3
24	2	1
24	4	1
24	5	3
24	8	2
24	9	4
24	10	1
24	11	2
24	12	4
24	13	3
24	14	3
24	17	1
24	18	5
24	19	2
24	20	2
24	21	1
24	23	3
25	0	2
25	1	3
25	2	1
25	3	2
25	5	2
25	6	2
25	7	1
25	8	1
25	9	3
25	10	2
25	11	2
25	12	1
25	13	3
25	15	3
25	17	2
25	18	2
25	19	2
25	20	4
25	21	2
25	23	1
25	24	5
26	1	2
26	4	1
26	5	1
26	13	3
26	16	1
26	19	1
26	24	2
27	4	1
27	6	3
27	8	1
27	10	1
27	11	2
27	12	1
27	13	2
27	14	3
27	15	2
27	17	1
27	18	1
27	19	2
27	22	2
27	24	1
27	25	3
28	2	1
28	3	1
28	4	1
28	5	3
28	9	2
28	10	1
28	11	1
28	12	4
28	13	1
28	14	1
28	16	1
28	17	2
28	18	5
28	19	1
28	20	2
28	21	1
28	22	1
28	23	3
28	24	1
28	25	1
28	26	1
29	2	1
29	4	1
29	12	1
29	18	3
29	20	1
29	27	4
29	28	1
30	1	2
30	7	2
30	8	2
30	10	1
30	11	3
30	13	3
30	14	1
30	17	3
30	18	2
30	19	1
30	26	4
30	27	1
30	29	2
31	4	1
31	10	3
31	11	1
31	14	2
31	19	1
31	25	1
31	27	1
31	28	1
31	30	3
32	0	2
32	1	1
32	10	2
32	11	2
32	12	1
32	15	1
32	16	1
32	18	1
32	22	1
32	26	1
32	28	1
32	29	2
32	30	4
32	31	3
33	3	2
33	9	1
33	10	1
33	11	1
33	12	1
33	13	1
33	15	1
33	17	1
33	19	1
33	21	1
33	22	2
33	23	1
33	25	1
33	26	1
33	29	6
33	30	5
33	31	3
33	32	4
34	1	4
34	3	1
34	4	3
34	8	1
34	9	3
34	10	2
34	11	2
34	12	1
34	13	1
34	14	1
34	17	2
34	18	1
34	19	2
34	21	2
34	23	2
34	24	2
34	25	5
34	26	1
34	27	2
34	29	2
34	30	1
34	31	2
34	32	2
34	33	3
35	0	1
35	2	1
35	3	1
35	4	3
35	6	1
35	8	3
35	9	1
35	10	1
35	11	1
35	12	1
35	14	2
35	22	1
35	23	3
35	24	2
35	25	3
35	26	1
35	27	2
35	28	2
35	29	1
35	30	1
35	31	5
35	32	3
35	33	9
35	34	4
36	1	1
36	2	1
36	4	1
36	5	1
36	10	2
36	11	1
36	12	1
36	13	1
36	14	1
36	16	1
36	23	1
36	24	1
36	26	1
36	27	4
36	28	1
36	29	3
36	31	1
36	32	5
36	33	1
36	34	3
36	35	2
37	1	1
37	3	3
37	6	4
37	7	1
37	8	1
37	9	1
37	10	2
37	11	1
37	12	1
37	13	1
37	14	2
37	15	3
37	18	2
37	21	1
37	24	1
37	25	1
37	26	3
37	27	2
37	28	1
37	29	1
37	30	1
37	31	4
37	32	5
37	33	1
37	34	1
37	35	4
37	36	3
38	1	1
38	3	1
38	4	1
38	6	2
38	7	2
38	8	1
38	9	1
38	10	2
38	13	3
38	14	1
38	15	2
38	17	1
38	20	2
38	21	2
38	23	2
38	25	1
38	26	3
38	27	3
38	28	5
38	29	3
38	30	1
38	31	1
38	32	1
38	33	3
38	34	3
38	35	2
38	36	2
38	37	1
39	1	2
39	2	1
39	4	4
39	7	1
39	8	2
39	9	1
39	14	1
39	15	1
39	18	3
39	19	1
39	20	1
39	24	1
39	25	2
39	26	2
39	27	1
39	28	5
39	29	2
39	31	1
39	34	3
39	36	1
39	37	2
39	38	3
40	0	2
40	1	1
40	4	1
40	5	3
40	6	2
40	7	2
40	8	2
40	9	2
40	10	4
40	11	4
40	12	4
40	13	2
40	14	1
40	15	1
40	16	2
40	17	3
40	18	3
40	19	1
40	20	3
40	21	1
40	22	1
40	23	1
40	24	2
40	25	5
40	26	1
40	27	2
40	28	1
40	29	4
40	30	1
40	31	1
40	32	6
40	33	2
40	34	2
40	35	1
40	36	2
40	37	2
40	38	6
40	39	1
41	1	1
41	4	1
41	5	1
41	7	2
41	9	1
41	10	2
41	12	1
41	14	2
41	15	1
41	18	1
41	20	4
41	22	1
41	24	1
41	25	2
41	26	1
41	27	1
41	28	4
41	29	3
41	30	1
41	31	1
41	32	1
41	34	1
41	35	5
41	36	2
41	37	2
41	39	4
41	40	3
42	1	3
42	4	3
42	5	1
42	6	1
42	8	2
42	9	1
42	12	1
42	13	1
42	14	1
42	17	1
42	18	2
42	19	1
42	20	1
42	24	2
42	27	2
42	28	3
42	30	3
42	32	3
42	34	2
42	35	3
42	36	3
42	37	7
42	38	4
42	39	3
42	41	4
43	1	1
43	2	1
43	3	1
43	9	4
43	11	1
43	13	1
43	14	1
43	15	2
43	17	1
43	20	1
43	25	1
43	26	2
43	28	4
43	29	1
43	30	2
43	31	1
43	34	4
43	35	4
43	36	1
43	37	3
43	38	3
43	39	1
43	40	4
43	41	2
43	42	2
44	5	2
44	8	1
44	10	1
44	11	2
44	21	1
44	23	1
44	25	1
44	27	1
44	29	1
44	30	1
44	32	3
44	36	2
44	37	2
44	38	5
44	39	2
44	40	4
44	41	1
44	42	1
44	43	8
45	0	2
45	3	2
45	9	1
45	10	2
45	11	2
45	15	2
45	19	2
45	23	1
45	24	1
45	25	2
45	27	1
45	28	1
45	29	1
45	30	1
45	31	4
45	32	1
45	33	2
45	35	2
45	36	1
45	37	5
45	38	1
45	39	2
45	40	1
45	41	3
45	42	2
45	43	5
45	44	2
46	1	1
46	2	1
46	10	1
46	11	1
46	14	2
46	15	2
46	18	2
46	19	2
46	22	1
46	25	2
46	26	1
46	27	2
46	28	2
46	29	4
46	31	3
46	32	3
46	33	1
46	34	1
46	35	4
46	37	3
46	38	1
46	40	3
46	41	1
46	42	2
46	43	3
46	45	1
47	0	1
47	1	1
47	4	2
47	9	3
47	10	1
47	11	2
47	13	1
47	18	2
47	23	1
47	24	2
47	25	1
47	26	4
47	29	3
47	31	4
47	32	4
47	33	2
47	35	2
47	36	3
47	37	1
47	38	1
47	39	1
47	40	2
47	42	1
47	43	2
47	45	1
47	46	3
48	1	1
48	2	2
48	3	1
48	6	1
48	8	1
48	9	1
48	11	2
48	13	2
48	14	1
48	15	1
48	16	1
48	18	3
48	19	1
48	20	1
48	23	2
48	24	2
48	25	4
48	26	2
48	27	3
48	28	3
48	30	1
48	32	2
48	33	1
48	34	8
48	35	2
48	36	4
48	39	2
48	40	2
48	41	2
48	42	3
48	47	1
49	0	3
49	1	1
49	4	1
49	6	4
49	7	1
49	10	5
49	12	4
49	13	2
49	14	2
49	16	1
49	17	1
49	18	2
49	19	1
49	20	3
49	21	1
49	22	1
49	23	1
49	24	7
49	25	2
49	26	2
49	27	1
49	28	2
49	29	2
49	31	1
49	32	1
49	34	3
49	35	2
49	36	6
49	37	2
49	38	4
49	39	4
49	40	4
49	41	2
49	43	1
49	44	1
49	45	3
49	46	1
49	47	2
49	48	6
50	0	1
50	1	4
50	2	1
50	4	3
50	8	1
50	9	1
50	10	1
50	11	1
50	12	1
50	15	1
50	18	1
50	20	1
50	21	2
50	24	1
50	27	3
50	28	1
50	30	1
50	32	3
50	33	4
50	34	5
50	36	1
50	37	1
50	38	1
50	39	1
50	40	3
50	41	2
50	42	1
50	48	7
50	49	3
51	1	1
51	2	1
51	3	1
51	4	2
51	5	2
51	6	1
51	7	1
51	10	1
51	13	1
51	14	1
51	18	1
51	20	1
51	22	1
51	24	2
51	25	1
51	26	2
51	27	1
51	29	1
51	30	1
51	31	2
51	33	3
51	34	4
51	35	4
51	36	5
51	37	1
51	38	3
51	39	3
51	40	4
51	41	3
51	42	3
51	43	1
51	45	3
51	46	6
51	47	3
51	48	4
51	49	7
51	50	3
52	1	1
52	3	2
52	4	1
52	8	1
52	9	3
52	10	2
52	12	1
52	13	2
52	14	1
52	15	1
52	16	1
52	17	1
52	21	1
52	22	3
52	24	3
52	25	1
52	27	2
52	28	3
52	30	2
52	31	1
52	32	2
52	33	2
52	34	3
52	35	1
52	36	3
52	37	1
52	38	1
52	39	3
52	40	1
52	41	3
52	42	6
52	43	3
52	47	1
52	48	2
52	49	5
52	50	1
52	51	2
53	4	1
53	5	1
53	6	1
53	8	2
53	9	1
53	10	1
53	13	1
53	14	1
53	15	3
53	16	2
53	17	2
53	18	2
53	21	2
53	22	2
53	23	1
53	24	2
53	25	2
53	26	1
53	28	4
53	29	1
53	30	1
53	32	1
53	33	1
53	34	2
53	36	2
53	37	6
53	38	6
53	39	2
53	40	7
53	41	2
53	42	5
53	43	6
53	44	2
53	45	2
53	46	3
53	47	2
53	48	2
53	49	3
53	51	3
53	52	5
54	1	3
54	2	1
54	3	1
54	4	2
54	8	1
54	10	4
54	11	1
54	12	1
54	14	1
54	15	2
54	16	1
54	19	2
54	20	3
54	21	1
54	22	2
54	24	2
54	27	1
54	28	6
54	31	2
54	33	1
54	35	1
54	36	1
54	37	1
54	38	4
54	40	2
54	41	1
54	43	4
54	45	1
54	46	5
54	47	1
54	49	2
54	52	1
54	53	4
55	1	2
55	2	3
55	3	2
55	4	2
55	5	1
55	8	2
55	9	2
55	11	3
55	12	1
55	14	2
55	15	2
55	17	1
55	18	1
55	19	1
55	20	1
55	21	3
55	24	3
55	25	3
55	26	1
55	27	1
55	28	1
55	30	1
55	31	1
55	32	1
55	34	1
55	35	3
55	37	3
55	38	5
55	39	2
55	40	4
55	42	4
55	43	2
55	44	1
55	45	2
55	46	1
55	47	2
55	48	1
55	49	5
55	50	1
55	51	5
55	52	5
55	53	3
55	54	9
56	0	1
56	3	2
56	4	1
56	5	1
56	9	1
56	10	2
56	12	1
56	14	2
56	15	1
56	17	1
56	18	1
56	24	2
56	25	2
56	27	1
56	28	6
56	31	1
56	33	1
56	36	2
56	37	3
56	38	6
56	39	2
56	40	2
56	41	2
56	42	4
56	43	3
56	44	4
56	45	1
56	49	3
56	51	2
56	52	5
56	53	1
56	54	1
56	55	3
57	1	1
57	2	2
57	3	2
57	4	2
57	8	2
57	9	2
57	10	2
57	11	3
57	13	1
57	18	1
57	19	1
57	20	1
57	22	4
57	23	1
57	24	1
57	25	1
57	26	2
57	27	1
57	28	1
57	29	2
57	30	1
57	32	1
57	33	1
57	34	2
57	35	3
57	36	4
57	38	2
57	39	1
57	40	5
57	41	2
57	44	1
57	46	4
57	47	1
57	48	1
57	49	1
57	51	1
57	52	1
57	53	1
57	54	2
57	55	2
57	56	6
58	1	1
58	4	1
58	7	1
58	10	2
58	11	3
58	14	1
58	16	2
58	20	1
58	22	2
58	24	2
58	25	2
58	27	1
58	32	1
58	35	4
58	36	3
58	37	3
58	38	2
58	40	2
58	41	1
58	42	1
58	43	2
58	44	1
58	45	3
58	46	2
58	47	4
58	48	1
58	49	1
58	50	2
58	51	3
58	52	3
58	53	4
58	55	5
58	56	1
58	57	4
59	2	2
59	3	2
59	4	2
59	5	3
59	6	1
59	8	3
59	10	1
59	11	1
59	12	1
59	13	1
59	14	1
59	17	1
59	18	2
59	19	1
59	21	1
59	22	3
59	24	2
59	25	2
59	26	2
59	28	2
59	29	1
59	30	1
59	31	3
59	32	1
59	33	1
59	34	2
59	35	3
59	36	1
59	37	2
59	38	2
59	39	3
59	40	2
59	41	3
59	42	1
59	43	1
59	44	2
59	45	1
59	47	1
59	48	2
59	49	3
59	50	3
59	51	3
59	52	4
59	53	1
59	54	5
59	55	3
59	56	1
59	57	4
59	58	4
60	0	1
60	1	1
60	3	1
60	4	2
60	11	2
60	12	1
60	14	1
60	15	1
60	17	1
60	20	2
60	24	5
60	26	2
60	27	1
60	28	2
60	29	2
60	31	2
60	32	1
60	33	1
60	34	1
60	35	3
60	36	2
60	38	1
60	39	1
60	40	2
60	42	2
60	43	3
60	44	1
60	45	2
60	46	4
60	48	2
60	49	2
60	52	3
60	54	3
60	56	1
60	58	3
60	59	2
