1	0	4
2	1	4
3	0	2
3	1	1
3	2	2
4	0	1
4	1	2
4	2	5
4	3	8
5	1	1
5	2	1
5	3	1
5	4	1
6	4	2
6	5	4
7	0	2
7	1	3
7	2	2
7	4	1
7	5	1
7	6	2
8	0	1
8	1	2
8	2	4
8	3	2
8	4	1
8	5	2
8	6	5
8	7	5
9	1	1
9	2	2
9	5	3
9	6	3
9	7	1
9	8	1
10	1	2
10	2	1
10	3	2
10	4	5
10	5	5
10	6	1
10	7	2
10	8	5
10	9	3
11	0	2
11	1	3
11	2	1
11	4	2
11	6	2
11	7	3
11	8	1
11	9	1
11	10	2
12	0	3
12	1	3
12	2	4
12	4	4
12	6	6
12	7	2
12	8	11
12	9	3
12	10	3
12	11	4
13	0	7
13	1	3
13	2	2
13	3	2
13	4	2
13	5	2
13	8	6
13	9	5
13	10	1
13	11	3
13	12	2
14	0	4
14	1	2
14	2	4
14	3	2
14	4	2
14	6	2
14	7	1
14	8	2
14	9	2
14	10	7
14	11	2
14	12	4
14	13	3
15	0	3
15	1	2
15	2	4
15	3	2
15	4	4
15	6	4
15	8	4
15	9	4
15	11	2
15	12	5
15	13	2
15	14	3
16	2	2
16	3	1
16	4	1
16	5	1
16	6	1
16	8	2
16	9	4
16	11	1
16	12	1
16	13	1
16	14	2
16	15	2
17	0	2
17	1	2
17	2	2
17	3	2
17	7	2
17	8	1
17	12	4
17	13	3
17	14	1
17	15	5
17	16	3
18	1	2
18	3	1
18	5	6
18	6	4
18	7	1
18	8	3
18	9	2
18	10	4
18	11	1
18	12	4
18	13	1
18	14	2
18	15	2
18	16	1
19	0	1
19	1	1
19	2	4
19	3	4
19	4	3
19	5	1
19	7	1
19	8	1
19	9	1
19	10	1
19	11	1
19	12	3
19	13	2
19	14	2
19	15	5
19	16	1
19	17	2
19	18	5
20	1	1
20	2	3
20	3	4
20	4	5
20	5	4
20	6	2
20	7	1
20	8	3
20	9	1
20	10	1
20	11	3
20	12	2
20	13	1
20	14	1
20	15	1
20	17	2
20	18	3
20	19	2
21	1	3
21	2	4
21	3	1
21	4	1
21	5	2
21	6	2
21	8	1
21	9	4
21	12	3
21	13	2
21	14	1
21	15	4
21	16	3
21	17	2
21	18	1
21	19	1
21	20	4
22	1	1
22	2	3
22	4	3
22	5	2
22	6	1
22	7	2
22	8	1
22	12	2
22	13	2
22	14	2
22	15	1
22	16	2
22	17	2
22	18	2
22	20	4
22	21	5
23	0	3
23	1	1
23	4	3
23	5	2
23	7	1
23	8	2
23	9	1
23	10	2
23	11	2
23	12	2
23	13	3
23	14	1
23	15	2
23	18	2
23	19	2
23	21	1
23	22	1
24	0	1
24	1	3
24	2	1
24	4	3
24	5	1
24	6	2
24	7	1
24	8	2
24	11	1
24	12	1
24	13	1
24	14	4
24	15	1
24	16	1
24	17	1
24	18	3
24	19	2
24	20	2
24	22	1
24	23	3
25	0	1
25	1	3
25	2	2
25	3	1
25	4	1
25	6	1
25	7	2
25	8	1
25	9	3
25	10	1
25	11	5
25	12	1
25	13	3
25	14	2
25	17	1
25	18	2
25	19	2
25	20	1
25	22	1
25	23	1
25	24	3
26	1	1
26	2	1
26	5	1
26	7	1
26	10	1
26	11	2
26	12	2
26	13	2
26	14	1
26	15	1
26	18	1
26	19	1
26	20	1
26	24	1
26	25	3
27	1	1
27	2	2
27	3	1
27	7	2
27	10	4
27	11	4
27	12	1
27	13	1
27	18	1
27	19	1
27	22	1
27	23	2
27	24	2
27	25	1
27	26	2
28	1	3
28	2	3
28	4	4
28	7	1
28	8	2
28	9	1
28	10	4
28	12	2
28	13	2
28	14	2
28	15	4
28	16	1
28	18	3
28	19	1
28	22	1
28	23	1
28	24	3
28	25	1
28	27	1
29	1	2
29	2	1
29	5	1
29	8	1
29	10	2
29	14	1
29	18	1
29	20	1
29	23	2
29	24	1
29	25	1
29	27	1
30	1	1
30	11	2
30	12	1
30	14	2
30	17	1
30	20	1
30	24	1
30	26	1
30	27	1
30	28	1
30	29	4
31	8	3
31	9	1
31	10	1
31	11	3
31	14	1
31	22	1
31	23	3
31	24	1
31	25	1
31	26	1
31	27	2
31	28	2
31	29	4
31	30	4
32	2	1
32	4	1
32	8	2
32	9	2
32	11	1
32	12	1
32	13	3
32	14	1
32	15	1
32	18	1
32	23	1
32	24	3
32	25	1
32	26	1
32	27	1
32	29	3
32	30	1
32	31	3
33	1	1
33	2	1
33	5	3
33	8	1
33	10	3
33	12	1
33	13	1
33	14	1
33	18	2
33	19	1
33	21	1
33	22	2
33	24	1
33	25	2
33	27	1
33	28	1
33	29	4
33	30	2
33	32	3
34	1	1
34	2	1
34	6	3
34	9	1
34	10	3
34	11	3
34	12	1
34	13	1
34	14	4
34	18	3
34	20	1
34	21	1
34	22	1
34	23	1
34	24	3
34	25	4
34	26	1
34	27	6
34	28	2
34	29	1
34	31	1
34	32	1
34	33	2
35	2	1
35	4	1
35	6	1
35	9	3
35	12	2
35	13	3
35	14	4
35	15	1
35	17	1
35	19	1
35	20	1
35	21	3
35	22	1
35	23	1
35	24	1
35	25	2
35	26	2
35	27	3
35	28	1
35	29	3
35	30	3
35	31	2
35	32	5
35	33	3
35	34	4
36	0	1
36	1	4
36	4	1
36	6	1
36	7	1
36	11	4
36	12	1
36	13	1
36	14	6
36	15	2
36	16	1
36	23	1
36	24	1
36	25	3
36	26	1
36	28	2
36	29	1
36	30	1
36	31	3
36	32	1
36	33	1
36	34	2
36	35	7
37	0	3
37	1	2
37	6	1
37	8	1
37	10	2
37	12	1
37	13	2
37	15	1
37	18	1
37	24	1
37	25	2
37	28	3
37	29	2
37	30	1
37	31	5
37	32	4
37	33	3
37	34	2
37	35	1
37	36	2
38	1	1
38	3	2
38	4	1
38	5	1
38	6	2
38	8	1
38	9	2
38	11	4
38	12	2
38	13	1
38	14	2
38	15	1
38	16	1
38	18	3
38	20	3
38	21	1
38	22	2
38	24	1
38	25	1
38	26	1
38	27	2
38	28	4
38	29	2
38	31	2
38	33	2
38	34	3
38	35	4
38	36	2
38	37	2
39	0	1
39	1	1
39	2	1
39	3	2
39	5	1
39	6	1
39	7	1
39	8	3
39	11	1
39	12	2
39	14	1
39	18	1
39	20	1
39	21	1
39	28	4
39	29	2
39	30	1
39	32	2
39	34	1
39	35	1
39	36	2
39	37	2
39	38	2
40	0	2
40	1	1
40	2	1
40	3	1
40	4	2
40	5	1
40	6	1
40	8	2
40	10	4
40	11	4
40	13	3
40	14	2
40	15	2
40	16	1
40	17	1
40	18	1
40	19	5
40	20	1
40	21	1
40	22	1
40	24	3
40	26	4
40	27	4
40	28	2
40	30	4
40	32	4
40	33	4
40	34	2
40	35	4
40	36	3
40	37	5
40	38	4
40	39	2
41	6	1
41	8	1
41	9	1
41	10	2
41	13	4
41	15	1
41	16	3
41	18	2
41	20	1
41	24	2
41	25	1
41	26	2
41	27	1
41	28	2
41	29	1
41	30	1
41	31	3
41	32	4
41	33	1
41	34	2
41	35	2
41	36	3
41	37	2
41	38	3
41	39	2
41	40	5
42	0	2
42	1	1
42	2	2
42	3	1
42	4	2
42	8	1
42	11	4
42	12	1
42	14	3
42	15	2
42	18	1
42	19	1
42	20	1
42	24	2
42	25	1
42	26	1
42	27	3
42	28	3
42	30	2
42	32	1
42	33	1
42	35	1
42	37	4
42	38	7
42	39	5
42	40	3
42	41	5
43	3	3
43	9	1
43	10	2
43	13	1
43	14	2
43	15	1
43	24	2
43	25	1
43	27	3
43	30	1
43	32	3
43	33	1
43	34	2
43	35	3
43	36	2
43	37	4
43	38	2
43	39	2
43	40	1
43	41	9
43	42	3
44	5	1
44	18	3
44	19	1
44	20	1
44	21	2
44	24	2
44	25	1
44	28	2
44	29	2
44	30	1
44	31	3
44	33	3
44	34	3
44	35	2
44	37	2
44	38	8
44	39	5
44	40	1
44	41	4
44	42	1
44	43	4
45	2	1
45	11	1
45	15	1
45	24	2
45	26	1
45	27	1
45	28	4
45	29	1
45	30	2
45	31	1
45	32	2
45	34	2
45	35	4
45	36	4
45	37	1
45	38	2
45	39	1
45	41	1
45	42	3
45	43	2
45	44	1
46	0	1
46	1	2
46	2	1
46	3	2
46	4	2
46	15	3
46	18	1
46	19	2
46	25	2
46	26	1
46	27	1
46	28	3
46	29	3
46	30	1
46	31	3
46	32	2
46	33	1
46	34	3
46	35	6
46	36	1
46	37	2
46	38	2
46	39	2
46	40	1
46	41	1
46	43	2
46	44	5
46	45	5
47	0	1
47	2	2
47	3	1
47	4	2
47	10	1
47	11	1
47	13	1
47	15	1
47	20	2
47	21	1
47	25	2
47	26	3
47	29	1
47	30	2
47	31	3
47	32	1
47	33	2
47	34	1
47	35	8
47	36	3
47	38	3
47	40	2
47	41	2
47	42	1
47	43	1
47	45	1
47	46	7
48	1	2
48	2	1
48	3	1
48	5	1
48	9	1
48	10	1
48	11	5
48	12	3
48	13	4
48	14	2
48	15	2
48	18	2
48	19	2
48	20	1
48	22	2
48	24	4
48	25	1
48	26	1
48	27	2
48	28	1
48	29	2
48	30	1
48	32	2
48	33	2
48	34	6
48	35	1
48	37	1
48	38	3
48	40	2
48	41	2
48	42	1
48	43	3
48	44	1
48	45	1
48	46	1
48	47	2
49	0	2
49	1	4
49	3	2
49	4	5
49	5	1
49	6	1
49	8	1
49	9	2
49	10	1
49	11	5
49	12	2
49	14	1
49	15	2
49	16	1
49	18	1
49	19	4
49	21	2
49	22	1
49	24	6
49	25	5
49	26	2
49	27	1
49	28	4
49	29	2
49	30	2
49	32	1
49	33	2
49	34	1
49	35	2
49	36	5
49	37	3
49	38	4
49	39	3
49	40	5
49	41	1
49	42	1
49	43	2
49	44	1
49	45	1
49	46	3
49	47	4
49	48	3
50	1	2
50	8	2
50	10	3
50	11	6
50	12	1
50	13	2
50	15	1
50	18	1
50	19	1
50	20	2
50	23	2
50	29	2
50	30	1
50	31	1
50	32	2
50	33	2
50	34	1
50	35	2
50	36	2
50	37	1
50	38	4
50	40	2
50	43	2
50	47	1
50	48	2
50	49	2
51	2	3
51	5	1
51	8	1
51	10	2
51	11	2
51	12	1
51	13	1
51	14	4
51	18	3
51	19	2
51	20	2
51	22	1
51	23	3
51	24	4
51	25	2
51	28	5
51	29	2
51	30	1
51	31	1
51	33	3
51	34	6
51	35	2
51	36	3
51	37	2
51	38	8
51	39	2
51	40	5
51	41	1
51	43	1
51	44	1
51	46	1
51	47	1
51	48	3
51	49	4
51	50	4
52	1	3
52	2	2
52	3	1
52	4	2
52	9	1
52	10	1
52	15	1
52	16	2
52	18	3
52	19	3
52	20	3
52	21	2
52	22	1
52	23	1
52	24	2
52	25	2
52	27	1
52	28	2
52	31	1
52	32	2
52	33	1
52	34	2
52	35	4
52	36	6
52	37	3
52	38	6
52	40	3
52	42	1
52	44	2
52	45	1
52	46	2
52	47	1
52	48	1
52	49	1
52	50	2
52	51	6
53	1	1
53	3	2
53	4	2
53	7	2
53	8	6
53	9	1
53	11	3
53	13	1
53	14	2
53	16	1
53	17	1
53	18	1
53	19	1
53	20	1
53	21	2
53	24	4
53	25	2
53	26	4
53	28	3
53	30	4
53	31	2
53	32	3
53	33	2
53	34	4
53	35	5
53	36	1
53	37	5
53	38	6
53	39	5
53	40	2
53	41	3
53	42	1
53	44	3
53	45	1
53	47	1
53	48	2
53	49	5
53	50	2
53	51	6
53	52	1
54	0	1
54	1	1
54	3	1
54	4	2
54	5	1
54	10	3
54	12	1
54	13	2
54	14	1
54	15	1
54	19	1
54	20	2
54	21	2
54	22	2
54	24	2
54	25	3
54	27	1
54	28	4
54	29	1
54	30	1
54	31	2
54	32	1
54	34	3
54	35	1
54	36	2
54	37	1
54	38	3
54	39	1
54	40	2
54	42	1
54	43	1
54	44	3
54	46	2
54	47	1
54	48	1
54	49	4
54	50	1
54	51	1
54	53	2
55	1	2
55	4	4
55	5	2
55	6	1
55	8	1
55	9	2
55	10	1
55	12	1
55	13	3
55	14	4
55	17	1
55	20	1
55	21	1
55	22	1
55	23	2
55	24	2
55	25	2
55	27	1
55	28	2
55	29	1
55	30	1
55	32	3
55	33	1
55	34	2
55	35	1
55	36	2
55	38	3
55	39	3
55	40	4
55	41	4
55	42	3
55	43	4
55	44	1
55	45	2
55	47	1
55	48	2
55	49	6
55	50	2
55	51	11
55	52	6
55	53	5
55	54	6
56	1	4
56	3	1
56	4	1
56	8	2
56	13	1
56	15	2
56	16	2
56	18	2
56	20	4
56	22	2
56	23	1
56	24	2
56	25	1
56	27	1
56	28	6
56	30	1
56	31	1
56	32	1
56	33	1
56	34	1
56	36	1
56	38	2
56	39	5
56	40	4
56	41	1
56	42	2
56	44	1
56	45	1
56	49	1
56	51	3
56	52	3
56	53	4
56	54	4
56	55	6
57	2	2
57	8	1
57	10	1
57	11	2
57	12	1
57	14	1
57	15	1
57	18	1
57	20	1
57	25	1
57	26	1
57	27	2
57	28	2
57	30	1
57	31	3
57	33	1
57	35	2
57	36	1
57	37	1
57	38	2
57	40	2
57	41	1
57	42	2
57	43	2
57	44	1
57	45	1
57	47	1
57	49	5
57	51	2
57	52	4
57	53	5
57	54	1
57	56	2
58	1	1
58	2	1
58	3	1
58	4	2
58	7	1
58	16	1
58	17	1
58	23	4
58	25	2
58	26	2
58	27	1
58	30	1
58	32	2
58	34	2
58	35	4
58	36	1
58	37	1
58	38	1
58	40	1
58	41	1
58	43	1
58	44	1
58	45	2
58	46	7
58	47	4
58	48	1
58	49	2
58	50	2
58	51	6
58	52	3
58	53	1
58	54	1
58	55	3
58	56	1
58	57	2
59	1	1
59	2	1
59	4	1
59	6	1
59	10	3
59	11	1
59	12	2
59	13	1
59	14	1
59	15	1
59	16	3
59	17	1
59	18	3
59	20	1
59	22	1
59	23	1
59	24	2
59	25	2
59	26	2
59	27	2
59	28	4
59	30	3
59	31	1
59	32	1
59	33	1
59	34	2
59	37	2
59	38	3
59	39	2
59	40	2
59	41	1
59	42	2
59	43	2
59	44	3
59	47	2
59	48	4
59	49	7
59	50	2
59	51	6
59	52	6
59	53	4
59	54	4
59	55	4
59	56	3
59	57	4
59	58	3
60	3	2
60	8	1
60	11	1
60	12	3
60	15	2
60	17	1
60	18	1
60	20	1
60	23	1
60	24	1
60	26	3
60	27	4
60	28	2
60	30	3
60	31	1
60	32	2
60	33	1
60	34	1
60	35	1
60	37	2
60	38	4
60	39	1
60	40	2
60	41	1
60	44	1
60	46	2
60	47	4
60	50	2
60	51	5
60	52	1
60	53	3
60	54	5
60	55	2
60	56	1
60	57	5
60	58	4
60	59	1
