2	0	3
2	1	2
3	0	1
3	1	1
3	2	1
4	2	5
4	3	6
5	0	2
5	1	1
5	2	6
5	3	3
5	4	2
6	0	1
6	2	1
6	5	2
7	0	3
7	2	1
7	4	2
7	5	3
7	6	5
8	0	2
8	1	3
8	2	6
8	4	1
8	5	1
8	6	2
8	7	7
9	0	2
9	1	1
9	2	1
9	3	2
9	4	1
9	5	4
9	6	3
9	7	7
9	8	4
10	0	2
10	1	1
10	2	1
10	3	2
10	4	2
10	5	1
10	6	4
10	7	2
10	9	2
11	1	4
11	3	1
11	4	2
11	5	1
11	6	3
11	7	3
11	8	5
11	9	4
11	10	5
12	0	1
12	1	2
12	2	1
12	3	3
12	4	1
12	5	1
12	6	3
12	8	3
12	9	4
12	10	1
12	11	6
13	0	4
13	1	5
13	2	1
13	3	2
13	4	2
13	5	1
13	6	2
13	7	1
13	8	7
13	9	8
13	10	3
13	11	3
13	12	4
14	0	3
14	1	7
14	2	2
14	4	3
14	5	2
14	6	2
14	7	1
14	8	1
14	9	2
14	10	4
14	11	4
14	12	7
14	13	4
15	0	3
15	1	2
15	2	2
15	3	3
15	4	5
15	6	4
15	8	2
15	9	1
15	10	1
15	11	2
15	12	6
15	13	2
15	14	4
16	0	1
16	1	1
16	2	3
16	3	1
16	4	2
16	5	1
16	6	2
16	7	1
16	8	2
16	9	1
16	11	1
16	12	4
16	13	2
16	14	1
16	15	2
17	0	1
17	2	1
17	3	2
17	4	1
17	5	1
17	7	2
17	8	4
17	9	2
17	10	1
17	11	1
17	12	2
17	13	3
17	15	4
17	16	2
18	0	1
18	1	2
18	2	2
18	4	1
18	5	5
18	6	3
18	7	1
18	8	1
18	9	1
18	10	6
18	11	2
18	12	3
18	13	3
18	14	1
18	15	2
18	16	1
19	0	2
19	1	4
19	2	4
19	3	5
19	4	2
19	7	1
19	8	2
19	9	2
19	10	1
19	11	3
19	12	3
19	14	4
19	15	2
19	16	2
19	17	5
19	18	1
20	1	2
20	2	3
20	3	3
20	4	3
20	6	1
20	7	1
20	8	4
20	10	1
20	11	2
20	12	4
20	13	2
20	14	1
20	15	5
20	16	1
20	17	1
20	18	1
20	19	3
21	0	1
21	1	4
21	2	8
21	3	4
21	4	3
21	5	2
21	8	2
21	9	1
21	10	1
21	11	4
21	12	2
21	13	1
21	14	3
21	15	4
21	16	3
21	17	2
21	18	2
21	19	1
21	20	6
22	2	2
22	3	4
22	4	2
22	5	3
22	6	4
22	10	3
22	11	1
22	12	1
22	13	2
22	14	2
22	15	2
22	17	5
22	18	1
22	19	1
22	20	3
22	21	5
23	0	2
23	1	2
23	2	1
23	3	3
23	4	2
23	5	1
23	8	2
23	10	1
23	11	1
23	13	1
23	14	2
23	18	3
23	19	1
23	21	1
24	0	1
24	1	6
24	3	3
24	4	2
24	6	1
24	7	2
24	8	2
24	9	2
24	10	4
24	11	1
24	13	3
24	14	4
24	15	1
24	17	1
24	18	1
24	19	1
24	20	1
24	23	7
25	0	2
25	1	1
25	2	2
25	3	1
25	4	2
25	5	2
25	7	2
25	8	2
25	9	2
25	10	2
25	11	6
25	12	1
25	13	4
25	14	2
25	15	4
25	16	2
25	17	2
25	18	1
25	19	2
25	21	1
25	22	1
25	24	3
26	0	1
26	1	2
26	2	1
26	4	1
26	5	1
26	10	3
26	12	2
26	15	3
26	16	1
26	17	2
26	18	1
26	19	1
26	20	1
26	22	1
26	23	2
26	24	1
26	25	1
27	0	3
27	3	1
27	4	1
27	5	1
27	6	2
27	7	2
27	8	1
27	11	5
27	12	2
27	14	3
27	15	1
27	18	2
27	19	2
27	22	2
27	23	2
27	24	2
27	25	1
27	26	3
28	0	1
28	1	2
28	2	3
28	4	3
28	6	2
28	8	1
28	9	2
28	11	1
28	12	1
28	13	2
28	14	2
28	15	2
28	17	1
28	18	5
28	19	1
28	20	1
28	21	4
28	22	3
28	23	2
28	24	2
28	25	2
28	26	1
29	0	1
29	2	1
29	12	2
29	14	1
29	16	1
29	18	2
29	19	1
29	23	2
29	24	1
29	25	1
29	27	2
30	3	1
30	9	2
30	10	2
30	13	1
30	17	1
30	18	1
30	24	1
30	25	2
30	27	1
30	29	2
31	4	1
31	10	2
31	11	1
31	15	1
31	19	2
31	21	1
31	22	1
31	24	1
31	25	1
31	26	1
31	27	1
31	28	3
31	29	3
31	30	4
32	1	2
32	4	2
32	11	1
32	13	1
32	14	1
32	15	2
32	20	1
32	22	1
32	23	2
32	25	1
32	28	2
32	29	1
32	30	1
32	31	1
33	1	2
33	2	1
33	5	2
33	9	1
33	10	3
33	11	1
33	12	1
33	14	2
33	15	1
33	18	1
33	19	2
33	23	1
33	24	2
33	25	2
33	26	5
33	27	3
33	29	4
33	30	4
33	32	2
34	2	1
34	3	2
34	4	1
34	6	2
34	8	2
34	9	3
34	10	1
34	11	2
34	12	1
34	13	1
34	15	1
34	16	2
34	18	2
34	19	1
34	20	3
34	22	1
34	24	2
34	25	2
34	26	1
34	27	1
34	28	1
34	29	1
34	30	2
34	31	2
34	32	5
34	33	11
35	0	1
35	3	2
35	4	1
35	8	1
35	10	3
35	11	1
35	13	1
35	14	4
35	15	3
35	16	1
35	17	1
35	18	1
35	20	2
35	21	1
35	23	1
35	24	2
35	26	2
35	27	5
35	28	3
35	29	2
35	30	2
35	31	3
35	32	4
35	33	9
35	34	1
36	0	2
36	1	1
36	6	1
36	10	4
36	14	1
36	15	2
36	22	2
36	23	1
36	24	3
36	26	3
36	31	2
36	32	3
36	33	2
36	34	3
36	35	4
37	0	1
37	2	1
37	3	2
37	4	1
37	5	3
37	6	1
37	7	1
37	8	2
37	10	3
37	14	3
37	15	1
37	19	1
37	20	2
37	24	2
37	25	1
37	26	1
37	27	1
37	28	1
37	29	1
37	30	1
37	31	6
37	32	5
37	33	2
37	34	3
37	35	2
37	36	1
38	2	2
38	5	1
38	6	1
38	7	1
38	8	1
38	9	3
38	10	3
38	11	2
38	12	1
38	15	1
38	17	1
38	18	2
38	19	2
38	20	1
38	21	1
38	22	1
38	23	2
38	24	4
38	26	2
38	28	5
38	29	2
38	30	4
38	31	2
38	32	1
38	33	2
38	34	2
38	35	3
38	36	4
38	37	3
39	1	1
39	2	1
39	4	1
39	6	1
39	9	1
39	10	2
39	11	1
39	13	1
39	14	2
39	18	1
39	20	1
39	22	2
39	24	2
39	25	1
39	26	1
39	27	3
39	28	5
39	29	2
39	31	2
39	32	1
39	34	1
39	35	2
39	36	1
39	37	1
40	0	1
40	1	1
40	3	1
40	4	1
40	5	1
40	6	1
40	8	2
40	10	3
40	11	4
40	13	2
40	15	2
40	17	1
40	18	4
40	20	1
40	22	1
40	25	2
40	26	1
40	27	1
40	28	1
40	29	2
40	30	3
40	31	2
40	32	1
40	33	1
40	34	5
40	35	2
40	36	1
40	37	4
40	38	1
41	4	2
41	5	2
41	8	2
41	9	1
41	10	3
41	11	2
41	12	1
41	18	1
41	20	1
41	22	2
41	24	1
41	25	2
41	27	1
41	28	2
41	29	2
41	30	2
41	31	3
41	32	4
41	33	1
41	34	2
41	35	3
41	36	1
41	37	3
41	39	2
41	40	3
42	0	1
42	2	2
42	5	1
42	6	1
42	8	1
42	9	2
42	10	4
42	14	1
42	17	1
42	18	2
42	19	1
42	20	3
42	23	2
42	25	2
42	28	6
42	29	2
42	31	1
42	33	1
42	34	1
42	35	2
42	36	1
42	37	3
42	38	7
42	39	4
42	40	3
42	41	3
43	0	1
43	1	3
43	3	5
43	4	1
43	7	3
43	8	1
43	9	1
43	10	2
43	11	1
43	12	1
43	13	2
43	14	1
43	15	3
43	16	2
43	17	2
43	18	1
43	20	2
43	24	1
43	25	1
43	26	1
43	27	1
43	29	3
43	30	3
43	31	4
43	32	1
43	33	1
43	34	3
43	35	3
43	36	4
43	37	7
43	38	3
43	39	5
43	40	1
43	41	6
43	42	2
44	4	1
44	8	1
44	9	1
44	11	1
44	18	1
44	23	1
44	25	1
44	26	3
44	28	2
44	29	1
44	30	1
44	32	4
44	33	1
44	36	1
44	37	1
44	38	2
44	40	1
44	41	1
44	42	1
44	43	5
45	10	2
45	11	1
45	15	1
45	22	1
45	23	1
45	25	1
45	26	2
45	27	2
45	28	3
45	29	1
45	30	1
45	31	1
45	33	2
45	34	2
45	35	2
45	36	2
45	37	3
45	38	4
45	39	2
45	40	1
45	41	1
45	42	1
45	43	3
45	44	7
46	1	1
46	3	1
46	10	2
46	15	1
46	23	1
46	25	1
46	26	3
46	27	1
46	29	2
46	30	3
46	31	1
46	32	1
46	33	1
46	35	7
46	36	2
46	37	8
46	38	2
46	40	1
46	41	2
46	42	3
46	43	5
46	44	3
46	45	5
47	0	1
47	1	2
47	4	1
47	10	1
47	11	1
47	16	1
47	20	1
47	21	1
47	23	1
47	24	4
47	25	1
47	26	1
47	27	2
47	28	3
47	29	1
47	30	1
47	31	2
47	32	1
47	33	2
47	34	2
47	35	3
47	36	2
47	37	1
47	38	1
47	40	1
47	41	1
47	42	1
47	43	1
47	45	1
47	46	4
48	1	1
48	2	3
48	5	1
48	6	2
48	8	1
48	9	1
48	11	2
48	12	1
48	13	1
48	14	3
48	15	2
48	18	1
48	20	1
48	21	2
48	23	1
48	24	5
48	25	2
48	26	2
48	27	1
48	28	2
48	29	2
48	30	1
48	31	3
48	33	1
48	34	4
48	35	3
48	36	2
48	37	3
48	38	2
48	39	2
48	40	7
48	41	1
48	43	1
48	44	1
48	46	1
48	47	1
49	1	1
49	2	3
49	5	1
49	6	3
49	7	3
49	9	2
49	10	2
49	12	4
49	14	1
49	16	3
49	17	2
49	18	3
49	19	2
49	20	2
49	21	1
49	23	2
49	24	2
49	25	1
49	26	4
49	27	2
49	30	1
49	32	1
49	33	1
49	34	5
49	35	3
49	36	1
49	38	3
49	40	5
49	41	1
49	42	4
49	43	1
49	44	3
49	45	2
49	47	4
49	48	4
50	0	1
50	1	2
50	2	1
50	8	1
50	9	2
50	10	1
50	13	1
50	14	1
50	15	2
50	19	1
50	21	1
50	23	2
50	24	2
50	25	1
50	26	2
50	27	2
50	28	1
50	29	1
50	30	2
50	31	1
50	32	1
50	33	2
50	34	3
50	35	4
50	36	3
50	37	1
50	38	1
50	39	1
50	40	3
50	45	1
50	46	1
50	48	1
50	49	5
51	3	1
51	4	1
51	5	2
51	9	1
51	10	1
51	11	2
51	12	3
51	13	1
51	14	1
51	15	3
51	18	1
51	19	1
51	20	2
51	23	1
51	24	4
51	25	1
51	26	2
51	27	3
51	28	2
51	29	1
51	30	3
51	31	2
51	32	1
51	33	2
51	34	2
51	35	1
51	36	2
51	37	2
51	38	2
51	39	1
51	41	4
51	42	2
51	43	3
51	44	1
51	46	1
51	47	3
51	48	4
51	49	5
51	50	1
52	1	2
52	2	2
52	4	3
52	9	1
52	10	1
52	11	3
52	14	3
52	15	1
52	20	2
52	21	1
52	23	1
52	24	2
52	25	1
52	26	3
52	27	2
52	28	2
52	30	2
52	31	1
52	34	4
52	35	4
52	38	5
52	39	3
52	40	2
52	41	1
52	42	2
52	44	2
52	46	3
52	47	1
52	48	1
52	49	3
52	50	2
52	51	1
53	3	1
53	4	1
53	5	1
53	6	2
53	7	1
53	9	1
53	10	1
53	11	4
53	12	2
53	13	1
53	15	1
53	16	3
53	17	1
53	20	1
53	21	2
53	22	2
53	23	2
53	24	3
53	28	2
53	30	1
53	31	2
53	32	1
53	33	1
53	34	1
53	35	3
53	36	2
53	37	2
53	38	7
53	39	5
53	40	4
53	41	4
53	42	4
53	44	4
53	46	2
53	47	3
53	48	2
53	49	3
53	50	5
53	51	4
53	52	3
54	0	2
54	1	1
54	2	2
54	4	3
54	8	1
54	12	1
54	13	2
54	14	2
54	15	1
54	16	2
54	17	1
54	18	2
54	20	3
54	21	3
54	22	2
54	24	1
54	26	1
54	27	1
54	28	6
54	32	2
54	33	1
54	34	1
54	37	1
54	38	3
54	39	3
54	40	3
54	41	3
54	42	3
54	43	2
54	45	1
54	46	2
54	50	2
54	51	1
54	52	5
54	53	2
55	1	2
55	2	2
55	3	2
55	4	5
55	5	1
55	6	1
55	7	2
55	8	2
55	9	2
55	11	2
55	12	1
55	13	3
55	18	3
55	20	4
55	21	2
55	23	1
55	25	1
55	27	1
55	28	5
55	30	2
55	31	1
55	33	1
55	35	3
55	36	1
55	37	1
55	38	11
55	41	1
55	42	1
55	43	3
55	44	3
55	46	2
55	48	2
55	49	3
55	50	1
55	51	2
55	52	8
55	53	5
55	54	5
56	0	1
56	1	1
56	4	2
56	5	1
56	8	2
56	9	2
56	11	2
56	12	2
56	14	1
56	16	1
56	18	1
56	20	1
56	22	1
56	23	3
56	24	1
56	25	2
56	27	2
56	28	3
56	32	1
56	35	1
56	36	1
56	37	3
56	38	4
56	40	2
56	41	1
56	42	2
56	43	2
56	44	2
56	45	2
56	46	1
56	49	2
56	50	1
56	51	2
56	52	4
56	53	5
56	54	2
56	55	2
57	1	1
57	3	1
57	6	2
57	9	1
57	10	2
57	11	4
57	12	1
57	14	2
57	18	1
57	20	1
57	23	1
57	24	1
57	26	1
57	27	4
57	28	6
57	30	5
57	31	1
57	33	2
57	34	2
57	35	1
57	38	3
57	39	1
57	40	2
57	41	3
57	43	1
57	44	2
57	45	1
57	46	1
57	48	1
57	49	4
57	50	2
57	51	3
57	52	2
57	53	3
57	54	1
57	55	2
57	56	2
58	1	2
58	4	1
58	7	1
58	11	1
58	14	1
58	17	1
58	20	2
58	23	1
58	24	1
58	25	1
58	27	1
58	28	2
58	29	4
58	33	2
58	35	2
58	36	2
58	37	4
58	38	6
58	39	3
58	40	2
58	41	1
58	42	2
58	43	1
58	44	2
58	45	2
58	46	2
58	47	1
58	48	3
58	49	2
58	50	1
58	51	1
58	52	2
58	53	4
58	55	1
58	56	1
58	57	1
59	1	2
59	2	1
59	3	1
59	4	3
59	5	2
59	6	1
59	10	4
59	11	2
59	14	1
59	15	1
59	16	1
59	17	1
59	19	1
59	23	7
59	24	3
59	25	2
59	26	1
59	27	1
59	28	2
59	30	1
59	33	2
59	34	1
59	35	1
59	36	1
59	38	2
59	39	2
59	40	2
59	42	1
59	44	1
59	46	2
59	48	1
59	49	3
59	51	5
59	52	8
59	53	3
59	54	4
59	55	2
59	56	3
59	57	3
59	58	2
60	1	2
60	3	1
60	4	5
60	8	2
60	10	1
60	11	2
60	12	1
60	13	1
60	18	2
60	19	1
60	23	1
60	24	1
60	26	1
60	28	1
60	29	4
60	30	2
60	31	1
60	32	2
60	33	5
60	34	1
60	35	4
60	37	3
60	38	1
60	39	1
60	41	1
60	42	2
60	43	1
60	44	1
60	45	4
60	46	4
60	47	4
60	48	1
60	49	2
60	50	1
60	52	1
60	53	1
60	54	1
60	55	2
60	56	1
60	57	2
60	58	3
60	59	3
