1	0	4
2	1	1
3	1	2
3	2	6
4	0	1
4	2	3
4	3	12
5	0	2
5	1	1
5	2	3
6	0	1
6	1	1
6	2	3
6	3	1
6	4	3
6	5	3
7	0	1
7	1	1
7	4	2
7	5	2
7	6	1
8	0	2
8	1	2
8	2	3
8	4	4
8	5	1
8	6	2
8	7	3
9	0	2
9	1	2
9	4	6
9	5	3
9	6	4
9	7	1
9	8	4
10	0	1
10	1	1
10	2	2
10	4	3
10	5	2
10	6	4
10	7	3
10	8	2
10	9	2
11	0	2
11	1	5
11	3	1
11	4	4
11	6	1
11	7	2
11	8	1
11	9	2
11	10	4
12	0	2
12	1	5
12	2	3
12	3	4
12	4	5
12	5	9
12	6	3
12	7	6
12	8	10
12	9	3
12	10	2
12	11	2
13	0	1
13	1	5
13	2	5
13	4	5
13	5	1
13	6	3
13	7	2
13	8	4
13	9	9
13	10	1
13	11	4
13	12	2
14	0	3
14	1	1
14	2	3
14	3	5
14	4	4
14	5	1
14	6	4
14	7	2
14	8	4
14	10	2
14	11	1
14	12	9
14	13	3
15	0	3
15	1	1
15	2	1
15	3	2
15	4	4
15	5	2
15	6	2
15	7	1
15	8	1
15	9	5
15	10	3
15	11	3
15	12	2
15	13	1
15	14	3
16	0	2
16	1	2
16	2	1
16	3	1
16	4	2
16	7	1
16	8	2
16	9	2
16	10	1
16	12	1
16	14	1
16	15	1
17	2	1
17	3	4
17	4	4
17	6	2
17	7	1
17	8	2
17	11	2
17	12	4
17	13	2
17	14	4
17	15	3
17	16	2
18	1	1
18	2	2
18	3	1
18	4	2
18	5	4
18	6	4
18	8	1
18	10	3
18	11	5
18	12	3
18	14	1
18	15	3
19	0	2
19	1	3
19	2	1
19	3	2
19	4	2
19	5	1
19	6	2
19	7	1
19	8	3
19	9	2
19	10	2
19	12	3
19	13	1
19	15	4
19	16	2
19	17	3
20	1	1
20	2	2
20	3	1
20	4	7
20	8	1
20	9	1
20	10	1
20	11	2
20	12	5
20	13	4
20	14	1
20	15	2
20	18	3
21	0	1
21	2	3
21	3	3
21	4	4
21	5	2
21	6	4
21	7	1
21	8	3
21	9	3
21	11	2
21	12	1
21	14	2
21	15	3
21	16	2
21	17	2
21	18	2
21	20	1
22	2	2
22	4	2
22	5	3
22	6	2
22	8	4
22	9	5
22	11	2
22	14	1
22	15	2
22	16	1
22	17	3
22	18	1
22	19	4
22	20	5
22	21	6
23	0	1
23	1	2
23	2	2
23	4	2
23	7	1
23	8	2
23	10	1
23	11	2
23	12	2
23	13	1
23	14	3
23	15	1
23	18	1
23	19	4
24	0	2
24	1	5
24	2	6
24	4	1
24	5	1
24	6	2
24	7	1
24	8	1
24	9	1
24	10	1
24	11	2
24	12	3
24	13	2
24	14	4
24	15	5
24	16	1
24	17	1
24	18	1
24	19	1
24	20	2
24	21	1
24	22	2
24	23	3
25	0	2
25	1	1
25	2	2
25	3	1
25	4	1
25	5	2
25	6	1
25	7	3
25	8	2
25	9	2
25	10	1
25	11	2
25	12	5
25	13	5
25	14	5
25	15	1
25	16	1
25	17	3
25	18	2
25	20	1
25	23	2
26	0	1
26	4	2
26	5	2
26	11	1
26	13	2
26	19	1
26	20	1
26	22	1
26	24	3
26	25	1
27	1	3
27	2	2
27	4	1
27	7	1
27	8	3
27	9	3
27	10	1
27	11	1
27	13	2
27	14	2
27	18	1
27	25	1
27	26	4
28	0	1
28	1	2
28	2	2
28	4	3
28	6	2
28	8	3
28	9	1
28	10	2
28	11	2
28	12	1
28	13	1
28	14	1
28	17	1
28	18	1
28	20	1
28	21	1
28	22	4
28	25	1
28	27	1
29	1	1
29	2	1
29	7	2
29	8	1
29	13	2
29	18	1
29	20	2
29	24	1
29	25	1
29	26	2
29	28	2
30	1	1
30	3	1
30	9	2
30	10	2
30	11	1
30	12	1
30	13	1
30	14	1
30	17	1
30	26	1
30	27	1
30	29	1
31	5	1
31	10	3
31	11	1
31	19	1
31	22	1
31	24	2
31	25	1
31	27	1
31	28	2
31	29	5
31	30	5
32	4	1
32	11	1
32	12	2
32	13	1
32	14	1
32	16	2
32	18	1
32	20	1
32	24	1
32	25	1
32	26	1
32	28	2
32	29	3
32	30	5
32	31	2
33	0	1
33	2	1
33	5	2
33	8	1
33	9	1
33	11	1
33	15	1
33	18	1
33	19	1
33	23	1
33	24	1
33	26	2
33	27	2
33	29	3
33	31	1
33	32	1
34	2	1
34	3	2
34	6	2
34	8	1
34	9	2
34	10	1
34	11	1
34	13	2
34	14	1
34	15	2
34	18	1
34	19	1
34	20	1
34	21	1
34	22	1
34	24	1
34	25	1
34	26	1
34	27	1
34	28	1
34	29	1
34	30	1
34	31	2
34	32	2
34	33	5
35	0	1
35	1	1
35	3	1
35	4	2
35	6	2
35	9	1
35	11	1
35	13	1
35	16	1
35	18	2
35	19	3
35	22	1
35	23	2
35	24	5
35	25	2
35	26	1
35	27	3
35	28	1
35	29	2
35	30	3
35	31	3
35	32	5
35	33	3
35	34	4
36	2	4
36	3	1
36	4	2
36	10	3
36	13	1
36	14	1
36	24	3
36	26	1
36	27	1
36	29	2
36	30	2
36	31	2
36	32	1
36	33	3
36	34	5
36	35	2
37	0	1
37	1	1
37	2	2
37	4	1
37	6	1
37	8	3
37	10	1
37	11	3
37	12	2
37	13	2
37	18	1
37	19	1
37	21	2
37	24	1
37	25	3
37	26	1
37	28	2
37	29	3
37	30	4
37	31	2
37	32	2
37	33	2
37	34	5
37	35	2
37	36	3
38	1	2
38	2	2
38	3	2
38	4	3
38	5	2
38	6	1
38	7	2
38	8	2
38	9	1
38	10	1
38	11	6
38	12	2
38	14	2
38	15	3
38	18	2
38	21	1
38	22	1
38	23	5
38	24	2
38	25	5
38	26	2
38	27	2
38	28	4
38	30	3
38	31	5
38	32	3
38	33	1
38	34	2
38	36	1
38	37	3
39	0	3
39	1	3
39	2	2
39	6	2
39	9	2
39	11	2
39	12	2
39	14	2
39	15	2
39	18	1
39	19	1
39	20	1
39	21	1
39	22	1
39	23	1
39	24	2
39	25	1
39	27	1
39	28	4
39	29	1
39	30	2
39	32	3
39	34	1
39	35	1
39	36	2
39	37	2
39	38	3
40	0	2
40	3	3
40	4	1
40	8	3
40	9	2
40	10	4
40	11	1
40	12	1
40	14	1
40	15	4
40	16	1
40	20	1
40	21	1
40	22	1
40	24	1
40	25	2
40	26	1
40	27	2
40	28	7
40	29	1
40	30	2
40	31	3
40	32	6
40	33	4
40	34	7
40	35	3
40	36	1
40	37	7
40	38	2
41	7	3
41	8	1
41	10	3
41	11	1
41	12	1
41	13	1
41	18	1
41	20	2
41	24	3
41	25	4
41	26	3
41	27	1
41	29	2
41	30	1
41	31	4
41	33	1
41	35	5
41	36	1
41	37	2
41	38	4
41	39	3
41	40	5
42	2	1
42	3	1
42	4	1
42	5	2
42	6	1
42	8	1
42	11	2
42	12	1
42	13	1
42	14	2
42	15	3
42	17	1
42	18	2
42	20	2
42	23	1
42	25	1
42	26	1
42	27	1
42	28	1
42	29	1
42	30	4
42	31	3
42	32	3
42	33	2
42	34	2
42	35	2
42	37	4
42	38	1
42	39	2
42	40	3
42	41	2
43	0	1
43	2	1
43	3	3
43	5	1
43	10	1
43	12	1
43	13	1
43	14	2
43	17	2
43	21	2
43	27	1
43	28	2
43	29	1
43	30	1
43	31	1
43	32	1
43	33	3
43	34	2
43	35	3
43	38	6
43	41	6
43	42	3
44	7	1
44	8	1
44	11	1
44	18	1
44	21	1
44	23	1
44	24	3
44	25	1
44	26	1
44	28	1
44	29	1
44	30	1
44	33	1
44	34	1
44	35	3
44	37	2
44	38	5
44	39	1
44	40	3
44	42	4
44	43	2
45	0	1
45	2	1
45	3	1
45	9	2
45	11	2
45	15	2
45	23	2
45	25	3
45	26	2
45	28	1
45	29	1
45	31	4
45	34	1
45	35	2
45	37	3
45	38	5
45	39	1
45	40	2
45	41	1
45	43	7
46	1	1
46	2	2
46	3	1
46	4	1
46	8	1
46	10	1
46	11	1
46	13	1
46	14	1
46	15	1
46	17	1
46	18	3
46	19	2
46	22	2
46	23	1
46	24	2
46	26	2
46	27	2
46	28	1
46	29	2
46	30	5
46	31	3
46	32	6
46	33	1
46	34	4
46	35	2
46	36	2
46	37	3
46	38	3
46	39	2
46	40	2
46	41	1
46	42	1
46	43	2
46	44	1
46	45	4
47	4	1
47	11	2
47	16	1
47	20	2
47	23	2
47	24	1
47	25	1
47	26	2
47	27	1
47	28	1
47	29	2
47	30	1
47	31	3
47	32	1
47	33	2
47	34	4
47	35	6
47	36	1
47	37	2
47	38	3
47	39	3
47	41	1
47	43	3
47	45	2
47	46	5
48	1	1
48	3	2
48	8	2
48	9	2
48	10	6
48	11	3
48	12	3
48	14	3
48	15	1
48	18	1
48	19	1
48	20	1
48	22	1
48	23	1
48	24	4
48	25	4
48	26	1
48	27	1
48	28	2
48	30	3
48	31	1
48	32	2
48	33	4
48	34	5
48	35	2
48	36	2
48	37	1
48	38	2
48	39	1
48	40	4
48	41	1
48	42	5
48	43	3
48	46	1
48	47	1
49	1	1
49	3	1
49	4	3
49	12	1
49	13	2
49	14	1
49	15	1
49	17	2
49	18	2
49	19	2
49	20	2
49	23	2
49	24	5
49	25	2
49	26	3
49	27	3
49	28	3
49	29	1
49	30	1
49	32	1
49	33	3
49	34	2
49	35	2
49	36	4
49	37	2
49	38	4
49	39	4
49	40	1
49	41	5
49	42	1
49	43	3
49	44	2
49	45	2
49	46	2
49	47	1
49	48	1
50	0	2
50	4	1
50	8	1
50	11	1
50	12	2
50	13	2
50	14	2
50	18	2
50	19	1
50	20	4
50	21	1
50	23	1
50	24	6
50	26	1
50	27	2
50	29	2
50	30	3
50	31	1
50	33	6
50	34	1
50	35	1
50	39	1
50	40	2
50	41	1
50	42	1
50	46	2
50	47	1
50	48	2
50	49	3
51	4	2
51	5	1
51	6	1
51	8	2
51	10	1
51	11	1
51	12	4
51	13	1
51	14	1
51	18	1
51	19	4
51	20	2
51	21	1
51	22	1
51	24	2
51	26	4
51	27	2
51	28	1
51	29	2
51	31	5
51	32	1
51	34	4
51	35	3
51	36	3
51	37	2
51	38	9
51	39	8
51	40	1
51	41	1
51	42	1
51	44	2
51	45	2
51	46	1
51	47	2
51	48	3
51	49	9
52	1	2
52	2	2
52	4	2
52	10	2
52	11	2
52	12	2
52	17	2
52	18	3
52	20	3
52	21	2
52	25	1
52	26	1
52	28	4
52	29	1
52	30	1
52	31	2
52	32	2
52	34	1
52	35	3
52	36	2
52	37	2
52	38	7
52	39	1
52	40	5
52	41	1
52	42	4
52	43	2
52	44	1
52	45	1
52	47	1
52	48	3
52	49	4
52	50	3
52	51	4
53	1	2
53	2	2
53	3	2
53	4	4
53	5	1
53	7	1
53	8	1
53	9	2
53	10	3
53	11	1
53	12	1
53	13	1
53	14	1
53	15	3
53	16	1
53	18	3
53	21	2
53	22	1
53	23	2
53	24	1
53	25	3
53	27	2
53	28	1
53	29	2
53	30	1
53	31	1
53	33	2
53	36	2
53	37	3
53	38	7
53	39	3
53	40	3
53	41	1
53	43	1
53	48	1
53	49	3
53	50	1
53	51	2
53	52	5
54	1	4
54	3	1
54	5	1
54	8	1
54	10	1
54	11	1
54	12	1
54	13	1
54	14	3
54	16	1
54	18	2
54	20	1
54	21	2
54	22	1
54	23	2
54	24	1
54	25	1
54	26	1
54	28	2
54	29	1
54	31	1
54	32	1
54	34	1
54	35	3
54	36	3
54	38	5
54	40	3
54	41	3
54	42	1
54	43	3
54	44	1
54	46	1
54	47	2
54	48	1
54	49	6
54	50	2
54	51	1
54	52	5
55	1	4
55	2	1
55	3	4
55	4	1
55	5	2
55	7	2
55	9	1
55	10	1
55	11	2
55	12	3
55	13	5
55	14	1
55	15	1
55	17	1
55	18	2
55	19	2
55	20	2
55	21	1
55	24	1
55	25	3
55	26	1
55	28	6
55	30	1
55	31	2
55	32	1
55	34	2
55	36	1
55	38	6
55	39	4
55	40	5
55	41	2
55	42	1
55	43	1
55	44	2
55	45	3
55	46	1
55	47	1
55	48	3
55	50	2
55	51	5
55	52	8
55	53	4
55	54	5
56	1	1
56	3	5
56	5	1
56	8	2
56	9	1
56	10	2
56	12	1
56	13	1
56	16	1
56	18	3
56	19	1
56	21	1
56	22	1
56	23	1
56	25	1
56	28	3
56	30	1
56	31	2
56	33	2
56	34	1
56	36	1
56	37	5
56	38	6
56	39	2
56	40	2
56	41	2
56	42	4
56	43	2
56	44	3
56	45	1
56	46	1
56	47	2
56	48	1
56	49	2
56	51	1
56	52	4
56	53	5
56	54	2
56	55	2
57	2	1
57	3	1
57	4	2
57	9	1
57	10	1
57	11	1
57	12	1
57	18	1
57	19	1
57	22	1
57	23	2
57	25	2
57	26	1
57	27	1
57	28	1
57	29	2
57	30	1
57	31	1
57	32	1
57	33	1
57	34	4
57	35	1
57	36	1
57	37	1
57	38	4
57	39	2
57	40	2
57	41	2
57	42	2
57	43	3
57	44	1
57	45	2
57	46	2
57	49	3
57	51	5
57	52	4
57	54	2
57	55	1
57	56	1
58	1	2
58	2	1
58	3	1
58	6	1
58	10	1
58	17	2
58	18	2
58	20	1
58	22	1
58	25	1
58	27	3
58	28	1
58	29	1
58	30	1
58	31	1
58	33	1
58	34	2
58	35	2
58	36	3
58	37	1
58	38	2
58	39	2
58	40	4
58	43	2
58	44	1
58	45	5
58	46	2
58	48	1
58	49	2
58	50	1
58	51	4
58	52	1
58	54	1
58	55	4
58	56	3
58	57	6
59	1	2
59	2	1
59	3	2
59	4	3
59	8	1
59	9	1
59	11	1
59	13	2
59	15	1
59	18	3
59	19	5
59	20	1
59	21	1
59	22	1
59	23	3
59	24	3
59	25	2
59	26	2
59	27	2
59	28	2
59	30	1
59	31	1
59	32	1
59	33	1
59	34	3
59	35	1
59	36	1
59	39	2
59	40	1
59	41	2
59	43	3
59	44	1
59	45	2
59	47	2
59	48	1
59	49	2
59	50	2
59	51	4
59	52	2
59	53	2
59	54	4
59	55	2
59	57	3
59	58	1
60	2	1
60	3	1
60	4	1
60	7	3
60	10	1
60	11	2
60	12	1
60	15	2
60	17	1
60	19	1
60	20	2
60	23	1
60	24	1
60	25	1
60	26	2
60	27	2
60	28	3
60	29	1
60	30	1
60	31	1
60	32	1
60	33	1
60	34	1
60	35	3
60	36	2
60	38	3
60	39	3
60	40	1
60	42	3
60	43	2
60	44	1
60	45	1
60	46	1
60	47	1
60	48	2
60	49	3
60	51	3
60	52	1
60	53	2
60	54	2
60	55	1
60	56	2
60	57	7
60	58	7
60	59	3
