2	0	2
2	1	1
3	0	2
3	1	2
4	0	1
4	2	5
4	3	3
5	0	1
5	2	3
5	3	3
5	4	7
6	2	2
6	4	1
6	5	3
7	0	2
7	1	1
7	2	1
7	3	1
7	4	1
7	6	4
8	1	2
8	2	1
8	3	2
8	4	2
8	5	2
8	6	1
8	7	1
9	0	2
9	1	4
9	3	3
9	4	1
9	5	2
9	6	1
9	7	5
9	8	4
10	0	2
10	1	1
10	2	3
10	4	1
10	5	2
10	6	7
10	7	2
10	8	2
10	9	4
11	0	2
11	1	3
11	2	1
11	3	1
11	4	1
11	5	1
11	6	3
11	7	3
11	8	4
11	9	3
11	10	1
12	1	5
12	2	10
12	4	2
12	5	2
12	6	3
12	7	3
12	8	9
12	9	4
12	10	3
13	0	3
13	1	4
13	2	3
13	4	4
13	5	1
13	6	3
13	7	1
13	8	2
13	9	1
13	10	4
13	11	3
13	12	3
14	0	3
14	1	6
14	2	3
14	3	1
14	4	2
14	5	3
14	6	1
14	9	1
14	10	5
14	12	5
14	13	2
15	0	4
15	1	3
15	2	2
15	3	3
15	4	6
15	5	3
15	6	2
15	7	2
15	8	3
15	9	2
15	10	2
15	12	6
15	13	3
15	14	6
16	0	2
16	2	2
16	3	3
16	4	1
16	5	1
16	6	3
16	8	1
16	10	1
16	12	1
16	14	1
16	15	2
17	0	1
17	1	2
17	2	1
17	3	2
17	5	2
17	6	2
17	7	2
17	8	1
17	10	1
17	11	1
17	13	5
17	14	2
17	15	6
17	16	2
18	0	1
18	2	2
18	3	1
18	4	1
18	5	2
18	7	1
18	8	2
18	9	4
18	12	1
18	13	3
18	14	4
18	16	2
18	17	1
19	0	1
19	1	3
19	2	3
19	3	1
19	4	1
19	6	2
19	8	4
19	9	1
19	10	1
19	12	2
19	13	1
19	14	1
19	15	5
19	16	1
19	17	2
19	18	1
20	0	1
20	1	1
20	2	2
20	3	1
20	4	5
20	5	2
20	6	4
20	7	1
20	8	5
20	9	2
20	10	4
20	11	2
20	12	5
20	14	4
20	15	4
20	16	1
20	17	1
20	18	1
20	19	2
21	0	1
21	1	1
21	2	3
21	3	2
21	4	1
21	5	6
21	6	2
21	7	2
21	8	5
21	9	4
21	10	2
21	11	1
21	12	2
21	13	3
21	14	1
21	15	4
21	16	1
21	17	1
21	18	1
21	19	1
21	20	2
22	1	1
22	2	4
22	4	6
22	5	3
22	6	3
22	7	1
22	8	1
22	9	1
22	10	1
22	13	1
22	15	3
22	16	2
22	17	3
22	18	2
22	19	2
22	20	2
22	21	1
23	1	1
23	2	1
23	4	2
23	7	1
23	8	1
23	10	1
23	11	2
23	14	1
23	15	2
23	17	1
23	18	1
23	19	5
23	20	3
23	21	3
23	22	2
24	1	5
24	2	3
24	3	1
24	5	1
24	9	3
24	10	4
24	11	2
24	12	1
24	13	1
24	14	3
24	15	2
24	17	3
24	18	2
24	20	3
24	21	1
24	22	2
25	0	1
25	1	2
25	2	1
25	4	3
25	6	2
25	7	1
25	8	1
25	9	4
25	10	4
25	11	4
25	12	2
25	13	3
25	15	3
25	16	1
25	17	1
25	21	2
26	0	1
26	2	1
26	4	1
26	5	1
26	7	1
26	8	1
26	10	1
26	11	1
26	12	2
26	14	1
26	17	1
26	20	3
26	22	1
26	24	1
26	25	1
27	1	2
27	4	1
27	11	1
27	12	1
27	13	1
27	14	1
27	15	1
27	17	2
27	18	1
27	19	1
27	22	1
27	24	1
27	25	3
27	26	1
28	1	3
28	2	3
28	4	2
28	6	3
28	7	1
28	8	1
28	9	1
28	10	4
28	11	2
28	12	4
28	13	1
28	14	3
28	15	1
28	17	1
28	18	2
28	19	3
28	20	4
28	22	6
28	23	2
28	24	2
28	27	1
29	4	1
29	8	1
29	10	1
29	12	1
29	13	1
29	23	2
30	1	1
30	3	1
30	5	1
30	7	3
30	8	2
30	9	1
30	10	1
30	11	1
30	12	1
30	13	1
30	14	2
30	22	1
30	25	2
30	26	1
30	27	2
30	28	1
30	29	2
31	5	1
31	8	1
31	10	3
31	14	1
31	15	1
31	19	1
31	21	1
31	22	1
31	23	1
31	24	3
31	25	1
31	26	1
31	27	2
31	29	1
31	30	7
32	1	4
32	2	1
32	4	1
32	9	2
32	10	3
32	11	2
32	12	2
32	14	2
32	16	2
32	18	1
32	22	1
32	23	1
32	24	4
32	25	3
32	26	1
32	27	3
32	29	3
32	30	2
32	31	2
33	1	1
33	2	1
33	3	2
33	5	1
33	8	1
33	9	1
33	11	3
33	13	2
33	18	2
33	19	1
33	24	1
33	25	1
33	27	2
33	29	4
33	30	2
33	31	3
34	1	4
34	4	1
34	6	1
34	12	3
34	13	4
34	14	1
34	15	1
34	17	1
34	18	1
34	19	1
34	21	1
34	23	3
34	24	3
34	25	2
34	26	3
34	27	1
34	28	1
34	29	2
34	30	1
34	31	3
34	32	3
34	33	4
35	0	1
35	1	1
35	6	1
35	8	1
35	10	2
35	11	2
35	13	1
35	14	2
35	17	1
35	21	2
35	22	2
35	23	1
35	25	1
35	26	1
35	27	4
35	29	1
35	30	2
35	31	5
35	32	7
35	33	4
35	34	5
36	1	1
36	4	1
36	11	2
36	12	1
36	15	3
36	16	1
36	23	1
36	25	4
36	26	3
36	27	3
36	28	2
36	29	1
36	30	1
36	33	4
36	34	2
36	35	3
37	0	1
37	4	1
37	5	2
37	6	1
37	9	2
37	10	1
37	11	2
37	12	1
37	14	1
37	15	1
37	18	1
37	19	1
37	24	1
37	25	3
37	26	3
37	27	2
37	28	1
37	29	1
37	30	4
37	31	2
37	32	6
37	33	2
37	34	2
37	36	1
38	0	2
38	1	1
38	2	2
38	4	2
38	5	1
38	6	1
38	7	1
38	8	1
38	9	2
38	10	5
38	11	2
38	12	1
38	13	5
38	14	2
38	15	2
38	18	1
38	19	3
38	20	1
38	24	2
38	25	1
38	26	2
38	27	4
38	28	4
38	29	1
38	31	1
38	33	5
38	34	1
38	35	4
38	36	3
39	3	1
39	5	1
39	8	3
39	9	1
39	10	5
39	11	2
39	13	2
39	18	1
39	21	2
39	24	1
39	25	1
39	26	3
39	27	2
39	28	4
39	31	1
39	32	1
39	33	2
39	34	1
39	35	2
39	36	2
39	38	3
40	1	1
40	3	2
40	4	1
40	5	2
40	6	3
40	7	1
40	9	1
40	10	4
40	11	5
40	13	3
40	14	1
40	15	2
40	16	4
40	18	4
40	20	2
40	21	1
40	24	1
40	25	1
40	26	2
40	27	1
40	28	1
40	29	3
40	30	3
40	31	2
40	32	2
40	33	1
40	34	3
40	35	2
40	36	2
40	37	4
40	38	3
40	39	4
41	1	1
41	5	2
41	7	1
41	9	3
41	10	1
41	11	3
41	12	1
41	14	3
41	16	1
41	20	2
41	22	2
41	27	1
41	28	2
41	30	3
41	31	1
41	32	5
41	33	1
41	34	5
41	36	2
41	37	8
41	38	3
41	39	3
42	1	3
42	3	1
42	5	1
42	6	1
42	8	1
42	10	2
42	13	1
42	15	1
42	24	2
42	28	2
42	29	1
42	30	1
42	31	1
42	32	1
42	33	2
42	34	1
42	35	2
42	37	2
42	38	2
42	39	2
42	40	2
42	41	4
43	0	1
43	1	2
43	4	1
43	10	2
43	12	1
43	17	2
43	18	1
43	23	2
43	25	1
43	26	4
43	27	4
43	28	3
43	29	3
43	31	2
43	32	2
43	33	2
43	34	2
43	35	1
43	36	3
43	37	1
43	38	4
43	39	6
43	40	2
43	41	6
43	42	4
44	4	1
44	5	2
44	7	1
44	8	2
44	11	4
44	12	1
44	19	1
44	20	1
44	23	1
44	26	1
44	28	4
44	30	1
44	31	1
44	32	3
44	34	2
44	35	1
44	37	1
44	38	2
44	39	5
44	40	2
44	41	3
44	42	6
44	43	3
45	0	1
45	2	3
45	5	1
45	9	1
45	20	1
45	23	1
45	26	1
45	28	2
45	29	2
45	30	4
45	32	2
45	33	1
45	34	1
45	35	2
45	37	3
45	40	1
45	41	2
45	42	1
45	43	2
46	1	4
46	2	2
46	4	1
46	10	2
46	11	2
46	13	2
46	19	1
46	24	1
46	26	2
46	27	1
46	29	6
46	30	1
46	31	1
46	32	3
46	33	1
46	34	1
46	35	3
46	36	3
46	37	4
46	38	3
46	39	2
46	40	2
46	43	9
46	44	1
46	45	6
47	1	1
47	2	2
47	3	1
47	4	1
47	9	1
47	10	2
47	13	2
47	16	1
47	23	1
47	24	2
47	25	3
47	26	3
47	27	3
47	29	3
47	31	2
47	32	2
47	33	2
47	35	7
47	37	1
47	38	4
47	40	1
47	42	2
47	43	1
47	44	3
47	45	3
47	46	8
48	1	7
48	4	1
48	5	4
48	9	1
48	10	2
48	11	3
48	13	1
48	14	2
48	15	1
48	16	1
48	18	2
48	19	1
48	20	1
48	21	1
48	22	2
48	23	1
48	24	4
48	26	3
48	27	2
48	28	4
48	29	1
48	30	2
48	32	2
48	33	1
48	34	3
48	35	4
48	36	3
48	37	1
48	38	2
48	39	3
48	41	2
48	42	1
48	43	2
48	44	2
48	46	2
48	47	1
49	0	1
49	1	3
49	4	1
49	5	1
49	9	2
49	10	3
49	11	4
49	12	2
49	14	4
49	15	1
49	16	1
49	18	2
49	19	3
49	21	2
49	22	1
49	24	7
49	26	1
49	27	1
49	28	3
49	29	1
49	30	3
49	31	1
49	32	3
49	33	4
49	34	5
49	35	2
49	36	5
49	37	3
49	38	4
49	39	3
49	40	4
49	41	1
49	43	3
49	45	1
49	47	4
49	48	5
50	1	1
50	2	1
50	8	3
50	9	1
50	10	2
50	13	1
50	14	2
50	15	2
50	18	2
50	20	1
50	24	3
50	25	1
50	26	2
50	27	1
50	28	1
50	30	1
50	31	1
50	32	2
50	34	1
50	36	3
50	38	1
50	39	1
50	40	1
50	42	2
50	43	1
50	45	1
50	46	2
50	47	1
50	48	2
50	49	4
51	1	1
51	2	1
51	3	2
51	4	1
51	5	1
51	7	1
51	8	1
51	10	1
51	11	3
51	12	1
51	13	2
51	14	2
51	18	1
51	19	1
51	20	1
51	21	1
51	24	8
51	25	4
51	26	2
51	30	4
51	31	1
51	32	2
51	34	4
51	35	4
51	36	4
51	37	3
51	38	7
51	39	5
51	40	1
51	41	1
51	42	2
51	43	4
51	44	2
51	45	3
51	46	2
51	47	3
51	48	2
51	49	8
51	50	4
52	2	1
52	4	1
52	5	1
52	9	1
52	11	2
52	12	3
52	14	2
52	15	2
52	18	2
52	22	1
52	23	1
52	24	5
52	26	1
52	27	1
52	28	3
52	29	2
52	30	2
52	32	1
52	33	1
52	34	1
52	35	4
52	36	5
52	38	6
52	39	1
52	40	2
52	42	1
52	45	1
52	46	1
52	47	6
52	48	1
52	49	3
52	50	2
52	51	2
53	1	2
53	4	1
53	7	3
53	8	1
53	9	3
53	10	2
53	12	1
53	14	5
53	15	1
53	16	1
53	17	1
53	18	1
53	19	1
53	20	3
53	21	2
53	22	1
53	24	7
53	25	2
53	27	2
53	28	1
53	30	1
53	31	1
53	33	1
53	35	3
53	36	1
53	37	2
53	38	8
53	39	3
53	40	4
53	42	5
53	43	1
53	44	3
53	46	3
53	47	3
53	48	1
53	49	3
53	50	2
53	51	4
53	52	6
54	2	2
54	3	2
54	4	1
54	8	1
54	9	2
54	10	2
54	11	1
54	12	1
54	17	2
54	18	2
54	20	2
54	21	1
54	22	1
54	23	2
54	24	3
54	25	1
54	26	2
54	27	2
54	28	1
54	29	1
54	30	1
54	31	1
54	33	4
54	34	2
54	35	1
54	36	2
54	37	2
54	38	3
54	39	3
54	40	3
54	41	4
54	43	4
54	44	4
54	45	1
54	47	1
54	48	1
54	51	4
54	52	4
54	53	1
55	1	3
55	2	2
55	3	1
55	5	1
55	6	1
55	7	1
55	8	2
55	9	3
55	10	2
55	11	1
55	12	7
55	13	1
55	14	1
55	18	2
55	20	2
55	22	3
55	23	1
55	24	1
55	26	1
55	27	1
55	28	3
55	30	2
55	31	1
55	33	1
55	34	5
55	35	1
55	36	1
55	38	2
55	39	7
55	40	3
55	41	3
55	43	4
55	44	1
55	45	1
55	47	2
55	48	1
55	49	5
55	50	1
55	51	3
55	52	5
55	54	3
56	2	1
56	3	2
56	12	1
56	14	1
56	15	1
56	17	2
56	18	1
56	19	1
56	20	2
56	22	1
56	28	3
56	30	1
56	31	3
56	33	1
56	34	1
56	35	1
56	37	2
56	38	5
56	39	5
56	40	1
56	41	2
56	42	3
56	43	1
56	44	1
56	45	1
56	46	2
56	47	1
56	48	2
56	49	2
56	51	1
56	52	4
56	53	4
56	55	3
57	1	2
57	2	1
57	3	1
57	4	1
57	6	1
57	8	1
57	10	3
57	11	1
57	13	1
57	14	1
57	16	1
57	18	1
57	20	1
57	22	1
57	23	2
57	24	1
57	25	1
57	26	4
57	27	2
57	28	1
57	29	1
57	30	2
57	31	3
57	32	3
57	33	3
57	34	3
57	36	1
57	38	3
57	40	2
57	41	1
57	42	1
57	43	1
57	44	1
57	45	1
57	46	2
57	47	1
57	48	1
57	49	3
57	50	1
57	51	6
57	52	3
57	54	2
57	55	2
57	56	2
58	0	1
58	3	1
58	4	2
58	6	1
58	18	1
58	24	5
58	25	1
58	26	1
58	27	1
58	28	1
58	29	1
58	30	1
58	31	3
58	32	1
58	33	1
58	35	5
58	36	1
58	37	2
58	38	9
58	39	1
58	40	2
58	41	1
58	42	2
58	43	1
58	44	2
58	45	1
58	46	4
58	47	7
58	48	1
58	49	1
58	50	1
58	51	3
58	52	4
58	53	1
58	54	2
58	55	3
58	57	3
59	1	1
59	4	3
59	6	1
59	8	3
59	10	3
59	11	2
59	14	1
59	15	1
59	16	2
59	18	1
59	19	2
59	21	1
59	22	1
59	23	5
59	24	1
59	25	1
59	26	2
59	27	1
59	28	3
59	33	1
59	35	3
59	36	2
59	37	1
59	38	3
59	39	1
59	40	1
59	41	1
59	42	1
59	43	3
59	44	3
59	45	2
59	47	1
59	48	2
59	49	4
59	50	2
59	51	2
59	52	9
59	53	8
59	54	2
59	56	2
59	57	9
59	58	2
60	2	2
60	4	1
60	8	1
60	11	1
60	12	2
60	14	1
60	17	3
60	18	2
60	23	1
60	25	1
60	26	2
60	29	2
60	30	2
60	31	1
60	33	1
60	34	1
60	35	4
60	36	4
60	37	1
60	41	1
60	42	3
60	43	2
60	44	1
60	45	3
60	47	3
60	48	2
60	49	1
60	51	2
60	53	1
60	54	3
60	55	2
60	56	1
60	57	2
60	58	2
60	59	1
