1	0	14
2	0	6
2	1	21
3	2	1
4	3	10
5	0	1
5	1	2
5	2	1
5	3	4
5	4	19
6	3	3
6	4	6
6	5	5
7	0	2
7	1	2
7	3	4
7	4	2
7	5	11
7	6	10
8	0	4
8	2	3
8	3	3
8	4	7
8	5	6
8	6	25
8	7	12
9	0	1
9	2	2
9	3	2
9	4	5
9	5	4
9	6	7
9	7	8
9	8	17
10	0	1
10	1	2
10	2	1
10	3	4
10	4	6
10	5	5
10	6	6
10	7	7
10	8	9
10	9	19
11	2	2
11	3	4
11	4	3
11	5	1
11	6	1
11	7	6
11	8	11
11	9	18
11	10	11
12	3	3
12	4	2
12	5	3
12	6	5
12	7	7
12	8	18
12	9	17
12	10	23
12	11	20
13	1	3
13	2	2
13	3	6
13	4	6
13	5	5
13	6	7
13	7	11
13	8	15
13	9	5
13	10	18
13	11	13
13	12	8
14	3	3
14	4	5
14	5	1
14	6	3
14	7	5
14	8	7
14	9	6
14	10	7
14	11	8
14	12	5
14	13	7
15	1	2
15	3	4
15	4	8
15	6	7
15	7	11
15	8	1
15	9	8
15	10	9
15	11	3
15	12	8
15	13	10
15	14	21
16	0	1
16	1	1
16	3	2
16	4	6
16	5	3
16	6	4
16	7	6
16	8	6
16	9	3
16	10	4
16	11	7
16	12	10
16	13	9
16	14	10
16	15	15
17	1	2
17	2	1
17	3	9
17	4	7
17	5	10
17	6	6
17	7	6
17	8	8
17	9	4
17	10	3
17	11	4
17	12	4
17	13	6
17	14	4
17	15	6
17	16	2
18	0	1
18	2	1
18	3	17
18	4	6
18	5	8
18	6	6
18	7	2
18	8	4
18	9	4
18	10	4
18	11	1
18	12	5
18	13	3
18	14	3
18	15	6
18	16	4
18	17	10
19	2	3
19	3	13
19	4	4
19	5	6
19	6	5
19	7	1
19	8	9
19	9	6
19	10	5
19	11	2
19	12	1
19	13	2
19	14	9
19	15	4
19	16	7
19	17	7
19	18	16
20	3	3
20	4	5
20	5	2
20	6	3
20	7	6
20	8	5
20	9	12
20	10	2
20	11	4
20	12	3
20	13	9
20	14	12
20	15	5
20	16	3
20	17	10
20	18	6
20	19	14
21	0	1
21	1	2
21	3	1
21	4	3
21	5	3
21	6	5
21	7	4
21	8	5
21	9	3
21	10	3
21	11	2
21	12	6
21	13	3
21	14	13
21	15	10
21	16	7
21	17	4
21	18	6
21	19	10
21	20	17
22	2	1
22	3	2
22	4	3
22	5	4
22	6	6
22	7	2
22	8	3
22	9	5
22	10	5
22	11	6
22	12	4
22	13	1
22	14	5
22	15	9
22	16	3
22	17	12
22	18	5
22	19	4
22	20	5
22	21	5
23	1	5
23	3	4
23	4	4
23	5	7
23	6	4
23	7	4
23	8	9
23	9	2
23	10	5
23	11	2
23	12	6
23	13	7
23	14	2
23	15	6
23	16	2
23	17	7
23	18	4
23	19	4
23	20	3
23	21	4
23	22	7
24	0	2
24	3	8
24	4	9
24	5	5
24	6	12
24	7	6
24	8	16
24	9	8
24	10	11
24	11	10
24	12	10
24	13	7
24	14	5
24	15	4
24	16	4
24	17	7
24	18	3
24	19	6
24	20	6
24	21	5
24	22	6
24	23	12
25	1	1
25	2	1
25	3	3
25	4	8
25	5	6
25	6	4
25	7	5
25	8	7
25	9	10
25	10	5
25	11	7
25	12	2
25	13	4
25	14	4
25	15	7
25	16	2
25	17	4
25	18	10
25	19	4
25	21	7
25	22	10
25	23	9
25	24	11
26	3	4
26	4	2
26	5	5
26	8	1
26	9	4
26	10	7
26	11	1
26	12	4
26	13	1
26	14	2
26	15	2
26	17	2
26	18	3
26	19	1
26	20	3
26	21	3
26	22	6
26	23	5
26	24	4
26	25	12
27	1	2
27	3	3
27	4	6
27	5	3
27	6	8
27	7	9
27	8	8
27	9	10
27	10	13
27	11	8
27	12	8
27	13	8
27	14	6
27	15	3
27	16	5
27	17	5
27	18	6
27	19	3
27	20	7
27	21	2
27	22	10
27	23	6
27	24	12
27	25	20
27	26	6
28	2	2
28	3	4
28	4	3
28	5	13
28	6	7
28	7	6
28	8	3
28	9	16
28	10	8
28	11	11
28	12	5
28	13	4
28	14	4
28	15	3
28	16	4
28	17	5
28	18	3
28	19	3
28	20	6
28	21	1
28	22	4
28	23	6
28	24	7
28	25	7
28	26	4
28	27	19
29	0	1
29	3	4
29	4	4
29	5	5
29	6	2
29	7	3
29	8	6
29	9	4
29	10	2
29	11	3
29	12	8
29	13	2
29	14	2
29	17	2
29	19	3
29	21	2
29	22	2
29	23	5
29	24	7
29	25	8
29	26	3
29	27	6
29	28	21
30	1	2
30	2	2
30	3	3
30	4	4
30	5	7
30	6	2
30	7	3
30	8	4
30	9	3
30	10	7
30	11	4
30	12	6
30	13	3
30	14	4
30	15	1
30	16	5
30	19	5
30	21	4
30	23	3
30	24	4
30	25	6
30	27	7
30	28	8
30	29	1
31	2	2
31	4	1
31	5	3
31	6	6
31	7	3
31	8	1
31	9	3
31	11	4
31	12	4
31	13	4
31	15	2
31	18	3
31	19	2
31	21	1
31	22	5
31	24	3
31	25	1
31	27	6
31	28	10
31	29	4
31	30	11
32	2	1
32	4	3
32	5	2
32	6	3
32	8	3
32	9	4
32	10	3
32	11	1
32	12	3
32	16	2
32	18	1
32	21	1
32	22	2
32	23	3
32	24	1
32	25	4
32	27	1
32	28	1
32	29	4
32	30	14
32	31	7
33	1	3
33	2	4
33	4	3
33	5	4
33	6	5
33	7	5
33	8	5
33	9	3
33	10	6
33	11	1
33	12	4
33	13	4
33	15	4
33	16	3
33	22	1
33	24	2
33	25	1
33	26	3
33	27	2
33	28	3
33	29	2
33	30	7
33	31	6
33	32	9
34	0	1
34	2	1
34	4	3
34	5	2
34	6	1
34	7	2
34	8	4
34	9	1
34	10	4
34	11	4
34	12	2
34	13	4
34	15	2
34	16	2
34	17	7
34	21	1
34	22	2
34	23	3
34	24	3
34	25	3
34	26	2
34	27	2
34	28	5
34	29	2
34	30	8
34	31	15
34	32	7
34	33	25
35	3	2
35	4	7
35	5	5
35	6	9
35	7	6
35	8	11
35	9	4
35	10	9
35	11	9
35	12	2
35	13	5
35	14	8
35	15	3
35	16	2
35	17	3
35	18	3
35	19	3
35	20	2
35	21	2
35	22	3
35	23	8
35	24	5
35	25	13
35	26	3
35	27	10
35	28	9
35	29	4
35	30	6
35	31	2
35	32	2
35	33	3
35	34	3
36	3	2
36	4	2
36	5	4
36	6	5
36	7	4
36	8	6
36	9	3
36	10	8
36	11	9
36	12	8
36	13	10
36	14	5
36	15	4
36	16	5
36	17	4
36	18	1
36	19	3
36	20	2
36	21	4
36	22	2
36	23	5
36	24	4
36	25	4
36	26	2
36	27	5
36	28	5
36	29	2
36	30	1
36	31	1
36	32	3
36	33	1
36	35	17
37	3	1
37	4	4
37	5	5
37	6	2
37	7	1
37	8	6
37	9	5
37	10	8
37	11	1
37	12	2
37	13	6
37	14	1
37	15	1
37	16	5
37	17	4
37	18	5
37	19	3
37	20	1
37	21	2
37	22	8
37	23	4
37	24	5
37	25	5
37	26	8
37	27	14
37	28	11
37	29	2
37	30	5
37	31	4
37	33	4
37	34	1
37	35	22
37	36	13
38	0	1
38	1	1
38	2	2
38	3	3
38	4	3
38	5	11
38	6	6
38	7	12
38	8	9
38	9	8
38	10	11
38	11	13
38	12	10
38	13	6
38	14	1
38	15	2
38	16	3
38	17	4
38	19	5
38	20	4
38	21	2
38	22	2
38	23	5
38	24	9
38	25	15
38	26	5
38	27	20
38	28	11
38	29	6
38	30	5
38	31	5
38	32	3
38	33	5
38	34	4
38	35	27
38	36	7
38	37	18
39	3	6
39	4	6
39	5	6
39	6	5
39	7	1
39	8	5
39	9	6
39	10	7
39	11	7
39	12	7
39	13	8
39	14	2
39	15	2
39	16	5
39	18	1
39	19	3
39	20	1
39	22	6
39	23	4
39	24	5
39	25	6
39	26	4
39	27	7
39	28	3
39	29	5
39	30	3
39	31	4
39	32	1
39	33	5
39	34	5
39	35	20
39	36	6
39	37	10
39	38	23
40	0	1
40	1	1
40	3	1
40	4	2
40	5	6
40	7	2
40	8	3
40	9	4
40	10	6
40	11	13
40	12	5
40	13	6
40	14	1
40	15	5
40	16	1
40	17	4
40	18	1
40	19	1
40	20	4
40	21	2
40	22	2
40	23	5
40	24	11
40	25	4
40	26	7
40	27	12
40	28	10
40	29	13
40	30	7
40	31	6
40	32	7
40	33	5
40	34	7
40	35	6
40	36	4
40	37	9
40	38	6
40	39	7
41	1	2
41	2	2
41	3	3
41	4	7
41	5	5
41	6	4
41	7	1
41	8	7
41	9	6
41	10	9
41	11	3
41	12	5
41	13	3
41	14	1
41	15	1
41	16	2
41	17	3
41	18	1
41	19	4
41	21	2
41	22	5
41	23	2
41	24	5
41	25	5
41	26	1
41	27	5
41	28	6
41	29	11
41	30	14
41	31	6
41	32	3
41	33	5
41	34	6
41	35	9
41	36	3
41	37	8
41	38	5
41	39	6
41	40	15
42	1	2
42	3	2
42	4	3
42	5	3
42	6	4
42	7	2
42	8	6
42	9	7
42	10	5
42	11	3
42	12	2
42	13	2
42	14	1
42	15	4
42	18	2
42	20	2
42	21	1
42	22	1
42	24	2
42	25	2
42	27	6
42	28	7
42	29	3
42	30	21
42	31	13
42	32	6
42	33	14
42	34	11
42	35	2
42	36	4
42	38	5
42	39	2
42	40	4
42	41	9
43	2	1
43	4	3
43	5	4
43	6	2
43	7	5
43	8	9
43	9	4
43	10	4
43	11	1
43	12	3
43	14	2
43	15	1
43	16	2
43	17	2
43	18	1
43	24	3
43	25	4
43	27	4
43	28	7
43	29	2
43	30	12
43	31	4
43	32	13
43	33	11
43	34	3
43	35	3
43	37	3
43	38	2
43	39	5
43	40	2
43	41	4
43	42	12
44	0	1
44	2	4
44	5	3
44	6	4
44	7	2
44	8	6
44	9	1
44	10	1
44	11	3
44	12	4
44	13	6
44	14	1
44	15	3
44	16	1
44	17	2
44	19	4
44	20	3
44	22	4
44	23	2
44	24	4
44	27	2
44	28	6
44	29	2
44	30	5
44	31	2
44	32	9
44	33	14
44	34	12
44	35	4
44	36	1
44	40	2
44	41	4
44	42	6
44	43	18
45	1	4
45	2	1
45	3	2
45	4	5
45	7	1
45	8	3
45	9	1
45	10	3
45	12	1
45	13	4
45	14	4
45	16	2
45	18	1
45	22	2
45	25	2
45	27	5
45	28	4
45	29	1
45	30	5
45	31	6
45	32	8
45	33	7
45	34	3
45	35	2
45	38	2
45	39	5
45	40	3
45	41	6
45	42	1
45	43	11
45	44	16
46	0	4
46	1	2
46	2	7
46	4	3
46	5	2
46	6	2
46	8	4
46	9	3
46	10	8
46	11	3
46	12	5
46	15	4
46	18	4
46	19	1
46	20	1
46	22	2
46	25	4
46	27	3
46	28	4
46	29	1
46	30	7
46	31	9
46	32	9
46	33	5
46	34	9
46	35	3
46	36	2
46	38	1
46	39	1
46	40	3
46	41	2
46	42	6
46	43	4
46	44	11
46	45	11
47	0	4
47	3	3
47	4	5
47	5	2
47	6	1
47	7	3
47	8	5
47	9	7
47	10	5
47	11	3
47	12	13
47	13	4
47	14	4
47	15	1
47	16	5
47	17	3
47	18	1
47	19	1
47	20	2
47	21	3
47	22	3
47	23	3
47	24	1
47	25	5
47	27	8
47	28	6
47	29	3
47	30	4
47	31	6
47	32	4
47	33	3
47	34	7
47	35	3
47	36	6
47	37	4
47	38	3
47	39	3
47	40	7
47	41	6
47	42	13
47	43	5
47	44	4
47	45	7
47	46	3
48	1	1
48	2	2
48	3	4
48	4	8
48	5	4
48	6	6
48	7	6
48	8	11
48	9	5
48	10	12
48	11	8
48	12	11
48	13	9
48	14	8
48	15	7
48	16	8
48	17	4
48	18	5
48	19	5
48	20	4
48	21	3
48	22	1
48	23	5
48	24	2
48	25	6
48	27	6
48	28	5
48	29	1
48	30	5
48	31	4
48	32	6
48	33	4
48	34	2
48	35	2
48	36	5
48	37	1
48	38	5
48	39	6
48	41	1
48	42	7
48	43	4
48	44	5
48	45	6
48	46	6
48	47	11
49	3	2
49	4	9
49	5	2
49	6	7
49	7	14
49	8	39
49	9	15
49	10	11
49	11	8
49	12	14
49	13	11
49	14	7
49	15	9
49	16	8
49	17	7
49	18	6
49	19	6
49	20	8
49	21	6
49	22	5
49	23	6
49	24	8
49	25	5
49	26	3
49	27	3
49	28	3
49	29	4
49	30	9
49	31	8
49	32	2
49	33	4
49	34	3
49	35	8
49	36	3
49	37	4
49	38	4
49	39	8
49	40	6
49	41	6
49	42	4
49	43	2
49	44	3
49	45	3
49	46	3
49	47	8
49	48	20
50	2	1
50	3	4
50	4	6
50	5	8
50	6	6
50	7	13
50	8	12
50	9	6
50	10	6
50	11	8
50	12	8
50	13	8
50	14	6
50	15	4
50	16	7
50	17	5
50	18	4
50	19	6
50	20	2
50	21	6
50	22	2
50	23	2
50	24	4
50	25	2
50	27	2
50	28	3
50	29	1
50	30	2
50	31	2
50	33	4
50	34	3
50	35	4
50	37	2
50	38	4
50	39	2
50	40	1
50	41	5
50	42	2
50	43	6
50	44	7
50	45	3
50	46	5
50	47	6
50	48	8
50	49	5
51	1	3
51	3	4
51	4	2
51	5	3
51	6	14
51	7	10
51	8	5
51	9	2
51	10	8
51	11	5
51	12	8
51	13	8
51	14	9
51	15	6
51	16	10
51	18	4
51	19	4
51	20	3
51	21	2
51	22	2
51	23	3
51	24	5
51	25	3
51	27	6
51	28	3
51	29	5
51	30	5
51	31	4
51	33	4
51	34	3
51	35	3
51	36	1
51	37	7
51	38	4
51	39	2
51	40	5
51	41	6
51	42	3
51	43	3
51	44	5
51	45	1
51	46	4
51	47	6
51	48	10
51	49	16
51	50	18
52	2	2
52	3	2
52	4	5
52	5	3
52	6	5
52	7	7
52	8	9
52	9	1
52	10	6
52	11	3
52	12	5
52	13	7
52	14	5
52	15	14
52	16	10
52	17	4
52	18	1
52	19	4
52	20	7
52	21	1
52	22	1
52	23	3
52	24	4
52	25	2
52	26	2
52	27	2
52	28	3
52	30	5
52	31	1
52	32	4
52	33	2
52	34	1
52	35	5
52	36	5
52	37	4
52	38	2
52	39	5
52	40	5
52	41	3
52	42	3
52	43	3
52	45	1
52	46	3
52	47	8
52	48	6
52	49	4
52	50	15
52	51	27
53	1	1
53	2	2
53	3	4
53	4	5
53	5	6
53	6	2
53	7	8
53	8	17
53	9	11
53	10	5
53	11	10
53	12	8
53	13	6
53	14	4
53	15	8
53	16	4
53	17	6
53	18	4
53	19	6
53	20	7
53	21	3
53	22	4
53	23	4
53	24	8
53	25	2
53	26	4
53	27	9
53	28	11
53	29	5
53	30	5
53	31	4
53	32	3
53	33	4
53	34	5
53	35	6
53	36	5
53	37	4
53	38	7
53	39	2
53	40	8
53	41	5
53	42	2
53	43	6
53	44	8
53	45	4
53	46	2
53	47	7
53	48	4
53	49	15
53	50	5
53	51	3
53	52	5
54	0	1
54	3	4
54	4	6
54	5	7
54	6	4
54	7	3
54	8	7
54	9	6
54	10	6
54	11	6
54	12	3
54	13	2
54	14	6
54	15	4
54	16	5
54	17	5
54	18	5
54	19	3
54	20	2
54	21	5
54	22	1
54	23	1
54	24	4
54	25	4
54	26	2
54	27	6
54	28	6
54	29	5
54	30	3
54	31	9
54	32	3
54	33	4
54	34	13
54	35	3
54	36	3
54	37	1
54	38	2
54	39	3
54	40	6
54	41	3
54	42	10
54	43	7
54	44	7
54	45	7
54	47	8
54	48	5
54	49	8
54	50	5
54	51	6
54	52	3
54	53	20
55	0	2
55	1	2
55	2	3
55	3	1
55	4	6
55	5	6
55	6	9
55	7	10
55	8	3
55	9	5
55	10	6
55	11	2
55	12	4
55	13	2
55	14	6
55	15	2
55	16	7
55	17	5
55	18	4
55	19	2
55	20	3
55	21	4
55	22	1
55	23	3
55	24	5
55	25	5
55	26	2
55	27	6
55	28	14
55	29	2
55	30	6
55	31	5
55	32	5
55	33	5
55	34	3
55	35	3
55	36	3
55	37	3
55	38	4
55	39	4
55	40	3
55	41	8
55	42	3
55	43	9
55	44	7
55	45	3
55	46	3
55	47	5
55	48	3
55	49	9
55	50	8
55	51	9
55	52	6
55	53	9
55	54	28
56	0	2
56	1	1
56	3	3
56	4	3
56	5	4
56	6	5
56	7	7
56	8	6
56	9	5
56	10	3
56	11	7
56	12	1
56	13	4
56	14	4
56	15	7
56	17	2
56	18	6
56	19	6
56	20	4
56	21	3
56	22	3
56	23	3
56	24	3
56	25	6
56	26	2
56	27	2
56	28	4
56	29	3
56	30	6
56	31	5
56	32	3
56	33	3
56	34	4
56	35	5
56	36	1
56	37	1
56	38	1
56	39	4
56	40	2
56	41	5
56	42	2
56	43	6
56	44	1
56	45	1
56	46	4
56	47	13
56	48	6
56	49	10
56	50	9
56	51	7
56	52	11
56	53	7
56	54	5
56	55	26
57	3	5
57	4	6
57	5	11
57	6	15
57	7	13
57	8	11
57	9	5
57	10	5
57	11	4
57	12	4
57	13	4
57	14	2
57	15	4
57	16	4
57	17	4
57	18	2
57	19	6
57	20	6
57	21	5
57	22	4
57	23	4
57	24	10
57	25	2
57	26	3
57	27	4
57	28	4
57	29	2
57	30	2
57	31	3
57	32	5
57	33	4
57	34	4
57	35	3
57	36	1
57	38	7
57	39	5
57	40	3
57	41	5
57	42	7
57	43	2
57	44	6
57	45	7
57	46	4
57	47	10
57	48	2
57	49	5
57	50	11
57	51	13
57	52	7
57	53	3
57	54	4
57	55	8
57	56	12
58	0	1
58	3	2
58	4	5
58	5	8
58	6	2
58	7	3
58	8	7
58	9	4
58	10	2
58	11	4
58	12	4
58	13	6
58	14	2
58	15	4
58	16	2
58	17	2
58	18	1
58	19	5
58	20	2
58	21	2
58	22	5
58	23	2
58	24	2
58	25	3
58	26	1
58	27	7
58	28	7
58	29	4
58	30	3
58	31	5
58	32	6
58	33	1
58	34	4
58	35	4
58	36	2
58	37	3
58	38	3
58	39	4
58	40	4
58	42	10
58	43	3
58	44	3
58	45	4
58	46	2
58	47	5
58	48	6
58	49	9
58	50	9
58	51	7
58	52	5
58	53	5
58	54	4
58	55	16
58	56	11
58	57	21
59	0	2
59	2	3
59	3	4
59	4	3
59	5	4
59	6	1
59	8	2
59	9	2
59	10	2
59	12	4
59	13	2
59	14	3
59	15	3
59	16	1
59	17	2
59	18	1
59	19	3
59	22	4
59	23	1
59	24	1
59	25	3
59	26	2
59	27	5
59	28	2
59	29	1
59	30	4
59	31	2
59	33	2
59	34	2
59	35	3
59	38	1
59	40	6
59	41	2
59	43	3
59	44	3
59	46	3
59	47	4
59	49	4
59	50	3
59	51	1
59	52	1
59	53	4
59	54	3
59	55	2
59	56	6
59	57	5
59	58	7
60	0	3
60	1	5
60	2	10
60	4	2
60	5	1
60	7	3
60	8	2
60	9	4
60	10	3
60	11	5
60	12	4
60	13	3
60	15	2
60	20	2
60	21	2
60	25	1
60	27	4
60	28	1
60	30	6
60	31	5
60	32	3
60	33	4
60	34	6
60	35	4
60	38	5
60	39	4
60	40	2
60	41	5
60	42	3
60	43	4
60	45	10
60	46	12
60	47	5
60	48	6
60	49	1
60	51	2
60	52	2
60	53	2
60	54	4
60	55	6
60	57	3
60	58	3
60	59	1
