1	0	14
2	0	5
2	1	18
3	0	1
4	3	13
5	1	2
5	2	1
5	3	9
5	4	10
6	1	1
6	3	5
6	4	4
6	5	4
7	0	1
7	1	1
7	3	6
7	4	4
7	5	6
7	6	11
8	1	1
8	2	1
8	3	4
8	4	8
8	5	10
8	6	18
8	7	25
9	2	1
9	3	2
9	4	2
9	5	3
9	6	6
9	7	8
9	8	22
10	0	1
10	1	1
10	3	2
10	4	3
10	5	3
10	6	10
10	7	8
10	8	15
10	9	25
11	0	2
11	3	1
11	4	1
11	5	3
11	6	5
11	7	4
11	8	14
11	9	20
11	10	18
12	1	1
12	3	2
12	4	6
12	5	4
12	6	9
12	7	8
12	8	11
12	9	18
12	10	24
12	11	26
13	1	6
13	2	1
13	3	4
13	4	2
13	5	4
13	6	9
13	7	6
13	8	9
13	9	5
13	10	15
13	11	10
13	12	7
14	0	1
14	1	1
14	3	5
14	4	3
14	5	3
14	6	2
14	7	1
14	8	3
14	9	5
14	10	10
14	11	1
14	12	3
14	13	6
15	3	4
15	4	3
15	5	4
15	6	4
15	7	4
15	8	7
15	9	4
15	10	10
15	11	3
15	12	8
15	13	12
15	14	22
16	1	1
16	3	3
16	4	1
16	6	5
16	7	7
16	8	13
16	9	6
16	10	5
16	11	5
16	12	8
16	13	7
16	14	7
16	15	15
17	1	3
17	2	2
17	3	10
17	4	9
17	5	7
17	6	4
17	7	6
17	8	5
17	9	5
17	10	8
17	11	6
17	12	3
17	13	7
17	14	2
17	15	3
17	16	6
18	0	1
18	2	1
18	3	16
18	4	9
18	5	6
18	6	7
18	7	4
18	8	3
18	9	1
18	10	3
18	11	1
18	12	5
18	13	3
18	14	4
18	15	5
18	16	5
18	17	11
19	1	2
19	2	1
19	3	12
19	4	10
19	5	6
19	6	4
19	7	5
19	8	4
19	9	9
19	10	6
19	11	1
19	12	2
19	13	4
19	14	2
19	15	3
19	16	9
19	17	14
19	18	16
20	3	3
20	4	8
20	5	8
20	6	3
20	7	4
20	8	3
20	9	5
20	10	9
20	11	2
20	12	3
20	13	4
20	14	7
20	15	9
20	16	5
20	17	7
20	18	7
20	19	12
21	0	2
21	1	1
21	3	3
21	4	3
21	5	4
21	6	2
21	7	5
21	8	3
21	9	3
21	10	7
21	11	3
21	12	4
21	13	3
21	14	5
21	15	10
21	16	5
21	17	7
21	18	3
21	19	12
21	20	18
22	3	4
22	4	7
22	5	2
22	6	3
22	7	3
22	8	5
22	9	7
22	10	2
22	11	3
22	13	3
22	14	5
22	15	4
22	16	2
22	17	8
22	18	1
22	19	7
22	20	9
22	21	5
23	1	1
23	3	2
23	4	4
23	5	5
23	6	3
23	7	3
23	9	3
23	10	7
23	11	7
23	12	4
23	13	4
23	14	6
23	15	2
23	16	3
23	17	12
23	18	5
23	19	4
23	20	2
23	21	4
23	22	13
24	3	5
24	4	4
24	5	8
24	6	15
24	7	3
24	8	9
24	9	9
24	10	12
24	11	7
24	12	10
24	13	5
24	14	11
24	15	8
24	16	10
24	17	10
24	18	6
24	19	8
24	20	6
24	21	8
24	22	6
24	23	11
25	0	2
25	3	4
25	4	4
25	5	8
25	6	2
25	7	1
25	8	6
25	9	4
25	10	5
25	11	1
25	12	4
25	13	3
25	14	7
25	15	5
25	16	7
25	17	5
25	18	2
25	19	6
25	20	3
25	21	7
25	22	8
25	23	10
25	24	4
26	1	2
26	3	4
26	4	3
26	5	1
26	8	1
26	9	2
26	10	6
26	11	3
26	12	3
26	13	3
26	14	4
26	15	1
26	17	1
26	18	3
26	19	2
26	20	4
26	21	2
26	22	4
26	23	8
26	24	4
26	25	16
27	2	2
27	3	3
27	4	6
27	5	3
27	6	11
27	7	2
27	8	9
27	9	9
27	10	7
27	11	6
27	12	5
27	13	7
27	14	7
27	15	5
27	16	4
27	17	6
27	18	7
27	19	2
27	20	3
27	21	2
27	22	5
27	23	10
27	24	6
27	25	4
27	26	5
28	2	4
28	3	6
28	4	5
28	5	7
28	6	8
28	7	6
28	8	8
28	9	2
28	10	7
28	11	3
28	12	5
28	14	2
28	15	6
28	16	4
28	17	2
28	18	4
28	19	3
28	20	2
28	21	3
28	22	5
28	23	8
28	24	11
28	25	7
28	26	2
28	27	17
29	0	2
29	3	2
29	4	4
29	5	4
29	6	4
29	7	2
29	8	5
29	9	4
29	10	6
29	11	1
29	12	6
29	13	3
29	14	1
29	17	4
29	19	2
29	21	2
29	22	1
29	23	1
29	24	5
29	25	7
29	26	5
29	27	5
29	28	19
30	2	2
30	4	1
30	5	4
30	6	4
30	7	3
30	8	2
30	9	2
30	10	6
30	11	5
30	12	3
30	13	1
30	14	4
30	15	1
30	16	3
30	18	1
30	19	2
30	21	2
30	23	3
30	25	3
30	27	3
30	28	6
30	29	5
31	3	4
31	4	5
31	5	2
31	6	6
31	7	2
31	8	4
31	9	5
31	10	3
31	11	7
31	12	2
31	13	1
31	15	5
31	18	2
31	19	2
31	21	4
31	23	3
31	24	3
31	25	3
31	27	7
31	28	7
31	29	2
31	30	8
32	2	4
32	4	2
32	5	3
32	6	3
32	8	1
32	9	1
32	10	3
32	11	3
32	12	4
32	15	2
32	16	1
32	17	1
32	18	1
32	19	1
32	22	2
32	23	5
32	25	2
32	26	1
32	27	7
32	28	1
32	29	4
32	30	6
32	31	5
33	0	3
33	1	1
33	2	2
33	3	2
33	4	4
33	5	3
33	6	2
33	7	1
33	8	4
33	9	5
33	10	4
33	11	2
33	12	6
33	13	1
33	15	1
33	16	3
33	17	1
33	23	2
33	25	6
33	26	3
33	27	6
33	28	4
33	29	5
33	30	9
33	31	8
33	32	11
34	0	1
34	1	1
34	2	1
34	4	7
34	5	5
34	6	1
34	7	4
34	8	2
34	9	5
34	10	2
34	12	3
34	13	2
34	16	4
34	17	1
34	20	3
34	21	1
34	22	1
34	23	1
34	24	6
34	25	2
34	27	3
34	28	8
34	29	4
34	30	5
34	31	12
34	32	9
34	33	21
35	3	2
35	4	6
35	5	5
35	6	4
35	7	6
35	8	7
35	9	6
35	10	11
35	11	15
35	12	9
35	13	3
35	14	4
35	15	5
35	16	5
35	17	7
35	18	2
35	19	5
35	20	4
35	21	6
35	22	5
35	23	12
35	24	9
35	25	13
35	26	1
35	27	12
35	28	7
35	29	5
35	30	5
35	31	6
35	32	1
35	33	5
35	34	7
36	3	3
36	4	1
36	5	2
36	6	4
36	7	7
36	8	3
36	9	6
36	10	8
36	11	11
36	12	10
36	13	11
36	14	5
36	15	3
36	16	4
36	17	4
36	18	4
36	19	2
36	20	7
36	21	2
36	22	3
36	23	6
36	24	12
36	25	7
36	26	2
36	27	2
36	28	6
36	30	2
36	31	2
36	32	1
36	33	2
36	35	12
37	2	1
37	3	2
37	4	2
37	5	6
37	7	4
37	8	7
37	9	3
37	10	6
37	11	4
37	12	3
37	13	4
37	14	4
37	15	4
37	16	4
37	17	8
37	18	7
37	19	4
37	20	2
37	21	4
37	22	5
37	23	5
37	24	3
37	25	12
37	26	6
37	27	16
37	28	6
37	29	3
37	30	4
37	31	3
37	33	5
37	34	1
37	35	19
37	36	5
38	3	5
38	4	1
38	5	3
38	6	4
38	7	5
38	8	3
38	9	5
38	10	7
38	11	11
38	12	7
38	13	8
38	14	1
38	15	2
38	16	7
38	17	4
38	18	3
38	19	4
38	20	7
38	21	6
38	22	5
38	23	6
38	24	14
38	25	11
38	26	13
38	27	23
38	28	18
38	29	9
38	30	3
38	31	8
38	32	2
38	33	7
38	34	4
38	35	22
38	36	14
38	37	29
39	3	2
39	4	4
39	5	1
39	6	1
39	7	4
39	8	8
39	9	6
39	10	5
39	11	7
39	12	2
39	13	10
39	14	1
39	15	5
39	16	2
39	17	6
39	18	2
39	19	2
39	20	4
39	21	4
39	22	1
39	23	6
39	24	4
39	25	7
39	26	2
39	27	6
39	28	6
39	29	1
39	30	7
39	31	3
39	32	1
39	33	3
39	34	3
39	35	20
39	36	7
39	37	10
39	38	19
40	0	1
40	1	4
40	3	6
40	4	1
40	5	4
40	6	5
40	7	3
40	8	3
40	9	3
40	10	3
40	11	5
40	12	6
40	13	5
40	14	2
40	15	2
40	16	2
40	17	7
40	18	7
40	19	7
40	20	1
40	21	1
40	22	8
40	23	7
40	24	6
40	25	4
40	26	3
40	27	8
40	28	17
40	29	6
40	30	5
40	31	7
40	32	3
40	33	4
40	34	4
40	35	12
40	36	5
40	37	6
40	38	15
40	39	7
41	1	1
41	2	1
41	3	2
41	4	2
41	5	4
41	6	4
41	7	6
41	8	7
41	9	6
41	10	7
41	12	8
41	13	6
41	14	4
41	15	2
41	17	2
41	18	2
41	19	6
41	22	3
41	23	4
41	24	8
41	25	4
41	26	3
41	27	9
41	28	12
41	29	2
41	30	11
41	31	6
41	32	2
41	33	9
41	34	7
41	35	6
41	36	4
41	37	7
41	38	10
41	39	11
41	40	12
42	1	5
42	3	2
42	4	4
42	5	2
42	6	5
42	7	4
42	8	3
42	9	4
42	10	3
42	11	2
42	12	8
42	13	2
42	14	2
42	15	3
42	16	3
42	17	3
42	18	4
42	21	1
42	24	6
42	25	2
42	27	2
42	28	7
42	29	4
42	30	17
42	31	9
42	32	2
42	33	5
42	34	14
42	35	4
42	36	2
42	37	2
42	38	4
42	39	6
42	40	4
42	41	8
43	2	2
43	4	7
43	5	2
43	6	3
43	7	2
43	8	6
43	9	4
43	10	5
43	11	5
43	12	4
43	13	7
43	14	2
43	15	2
43	16	4
43	17	1
43	18	1
43	19	3
43	20	1
43	24	1
43	25	2
43	27	3
43	29	4
43	30	7
43	31	6
43	32	6
43	33	8
43	34	7
43	35	4
43	37	1
43	38	6
43	39	3
43	40	3
43	41	3
43	42	8
44	0	1
44	1	1
44	2	1
44	4	4
44	5	2
44	6	3
44	7	3
44	8	3
44	9	2
44	10	2
44	11	3
44	12	3
44	13	2
44	14	2
44	15	2
44	16	2
44	17	1
44	19	3
44	22	1
44	23	2
44	24	1
44	27	2
44	28	3
44	29	3
44	30	6
44	31	4
44	32	8
44	33	9
44	34	7
44	35	2
44	36	1
44	38	3
44	40	5
44	41	4
44	42	2
44	43	23
45	1	2
45	2	2
45	3	2
45	8	2
45	9	2
45	10	3
45	12	2
45	13	1
45	14	1
45	16	1
45	17	3
45	18	2
45	22	2
45	25	1
45	27	3
45	28	1
45	30	4
45	31	2
45	32	9
45	33	9
45	34	7
45	35	1
45	38	2
45	39	5
45	41	1
45	42	4
45	43	10
45	44	14
46	0	3
46	1	3
46	2	2
46	3	4
46	4	4
46	5	5
46	6	2
46	8	5
46	9	6
46	10	2
46	11	9
46	12	3
46	13	2
46	15	2
46	18	3
46	19	4
46	20	1
46	22	1
46	23	2
46	25	1
46	27	5
46	28	3
46	29	4
46	30	6
46	31	6
46	32	5
46	33	6
46	34	4
46	35	1
46	36	6
46	38	3
46	39	1
46	40	1
46	41	2
46	42	6
46	43	6
46	44	8
46	45	17
47	0	2
47	2	2
47	3	4
47	4	2
47	5	2
47	6	8
47	7	1
47	8	2
47	9	6
47	10	6
47	11	4
47	12	6
47	13	12
47	14	4
47	15	4
47	16	5
47	17	2
47	18	4
47	19	5
47	20	3
47	21	3
47	22	2
47	23	2
47	24	4
47	25	3
47	28	4
47	29	4
47	30	6
47	31	6
47	32	2
47	33	6
47	34	3
47	35	6
47	36	2
47	37	3
47	38	5
47	39	5
47	40	2
47	41	12
47	42	5
47	43	4
47	44	6
47	45	2
47	46	2
48	2	3
48	3	2
48	4	2
48	5	3
48	6	6
48	7	7
48	8	16
48	9	7
48	10	7
48	11	8
48	12	8
48	13	8
48	14	8
48	15	6
48	16	5
48	17	3
48	18	4
48	19	6
48	20	1
48	21	2
48	22	3
48	23	3
48	24	9
48	25	4
48	27	3
48	28	8
48	29	3
48	30	6
48	31	1
48	32	4
48	33	4
48	34	5
48	35	6
48	36	2
48	37	2
48	38	3
48	39	8
48	40	3
48	41	4
48	42	9
48	43	3
48	44	3
48	45	2
48	46	7
48	47	14
49	2	2
49	3	3
49	4	3
49	5	6
49	6	12
49	7	10
49	8	31
49	9	13
49	10	20
49	11	10
49	12	18
49	13	11
49	14	3
49	15	9
49	16	5
49	17	6
49	18	2
49	19	6
49	20	3
49	21	2
49	22	3
49	23	8
49	24	7
49	25	6
49	26	4
49	27	8
49	28	13
49	29	2
49	30	14
49	31	9
49	32	3
49	33	6
49	34	7
49	35	5
49	36	6
49	37	7
49	38	7
49	39	6
49	40	6
49	41	7
49	42	11
49	43	9
49	44	4
49	45	5
49	46	4
49	47	11
49	48	23
50	3	2
50	4	4
50	5	2
50	6	12
50	7	10
50	8	21
50	9	6
50	10	6
50	11	4
50	12	6
50	13	11
50	14	3
50	15	6
50	16	4
50	18	2
50	19	3
50	20	3
50	21	4
50	22	1
50	23	4
50	24	5
50	25	2
50	27	3
50	28	3
50	30	3
50	31	3
50	33	5
50	34	2
50	35	1
50	36	4
50	37	2
50	38	4
50	39	1
50	40	2
50	41	3
50	42	2
50	43	3
50	44	1
50	45	2
50	46	2
50	47	7
50	48	9
50	49	15
51	1	3
51	3	1
51	4	1
51	5	4
51	6	7
51	7	6
51	8	10
51	9	6
51	10	8
51	11	7
51	12	8
51	13	10
51	14	8
51	15	10
51	16	12
51	17	5
51	18	3
51	19	4
51	20	3
51	21	9
51	22	7
51	23	2
51	24	5
51	25	4
51	27	5
51	28	3
51	29	5
51	30	1
51	31	7
51	32	6
51	33	3
51	34	2
51	35	1
51	36	2
51	37	2
51	38	5
51	39	4
51	40	4
51	41	3
51	42	5
51	43	4
51	44	5
51	45	1
51	46	1
51	47	8
51	48	14
51	49	13
51	50	18
52	3	6
52	5	3
52	6	3
52	7	9
52	8	7
52	9	7
52	10	3
52	11	4
52	12	5
52	13	7
52	14	5
52	15	12
52	16	9
52	17	3
52	18	2
52	19	4
52	20	6
52	21	2
52	22	3
52	23	3
52	25	2
52	26	4
52	27	7
52	28	5
52	30	4
52	31	2
52	32	2
52	33	5
52	34	5
52	35	1
52	36	3
52	37	3
52	38	5
52	39	4
52	40	5
52	41	3
52	42	2
52	43	1
52	44	1
52	46	3
52	47	10
52	48	7
52	49	9
52	50	8
52	51	35
53	1	2
53	3	4
53	4	4
53	5	4
53	6	10
53	7	3
53	8	27
53	9	14
53	10	6
53	11	4
53	12	10
53	13	3
53	14	4
53	15	2
53	16	3
53	17	3
53	18	5
53	19	6
53	20	2
53	21	1
53	22	2
53	23	5
53	24	9
53	25	6
53	26	3
53	27	9
53	28	5
53	29	7
53	30	3
53	31	7
53	32	1
53	33	2
53	34	7
53	35	5
53	36	3
53	37	2
53	38	6
53	39	5
53	40	8
53	41	12
53	42	13
53	43	1
53	44	1
53	45	2
53	46	2
53	47	10
53	48	8
53	49	17
53	50	12
53	51	5
53	52	4
54	0	1
54	3	5
54	4	7
54	5	5
54	6	7
54	7	7
54	8	13
54	9	10
54	10	7
54	11	3
54	12	3
54	13	4
54	14	3
54	15	4
54	16	2
54	17	5
54	18	7
54	19	3
54	20	3
54	21	5
54	22	3
54	23	4
54	24	3
54	25	3
54	26	6
54	27	2
54	28	9
54	29	4
54	30	3
54	31	3
54	32	3
54	33	4
54	34	7
54	35	5
54	36	2
54	37	5
54	38	2
54	39	8
54	40	9
54	41	6
54	42	15
54	43	5
54	44	6
54	45	3
54	46	3
54	47	4
54	48	4
54	49	6
54	50	7
54	51	7
54	52	2
54	53	15
55	1	3
55	2	6
55	3	1
55	4	8
55	5	6
55	6	6
55	7	5
55	8	7
55	9	5
55	10	5
55	11	7
55	12	2
55	13	5
55	14	2
55	15	6
55	16	5
55	17	4
55	18	5
55	19	4
55	20	3
55	21	7
55	22	1
55	23	1
55	24	3
55	25	3
55	26	1
55	27	7
55	28	9
55	29	3
55	30	13
55	31	13
55	32	1
55	33	7
55	34	8
55	35	3
55	36	3
55	37	2
55	38	5
55	39	3
55	40	4
55	41	3
55	42	9
55	43	8
55	44	7
55	45	3
55	46	3
55	47	6
55	48	8
55	49	7
55	50	10
55	51	6
55	52	4
55	53	12
55	54	8
56	0	2
56	1	2
56	3	10
56	4	2
56	5	5
56	6	9
56	7	12
56	8	7
56	9	3
56	10	4
56	11	2
56	12	4
56	13	7
56	14	3
56	15	3
56	16	5
56	17	3
56	18	7
56	19	1
56	20	4
56	21	8
56	22	1
56	23	3
56	24	4
56	25	3
56	26	2
56	27	6
56	28	10
56	29	1
56	30	4
56	31	5
56	33	4
56	34	5
56	35	3
56	36	4
56	37	1
56	38	5
56	39	6
56	40	7
56	41	2
56	42	8
56	43	6
56	44	4
56	45	2
56	46	4
56	47	8
56	48	8
56	49	5
56	50	6
56	51	5
56	52	13
56	53	5
56	54	13
56	55	21
57	2	1
57	3	5
57	4	8
57	5	7
57	6	9
57	7	7
57	8	8
57	9	6
57	10	5
57	11	6
57	12	4
57	13	3
57	14	6
57	15	2
57	16	7
57	17	3
57	18	11
57	19	4
57	20	5
57	21	5
57	22	2
57	23	2
57	24	6
57	25	2
57	26	4
57	27	6
57	28	5
57	29	1
57	30	1
57	31	3
57	32	2
57	33	6
57	34	4
57	35	5
57	36	1
57	37	2
57	38	7
57	39	6
57	40	3
57	41	7
57	42	4
57	43	8
57	44	3
57	45	3
57	46	2
57	47	6
57	48	7
57	49	10
57	50	11
57	51	7
57	52	7
57	53	7
57	54	12
57	55	11
57	56	11
58	0	1
58	1	2
58	3	3
58	4	6
58	5	9
58	6	8
58	7	5
58	8	9
58	9	6
58	10	3
58	11	1
58	12	2
58	13	7
58	14	5
58	15	10
58	16	3
58	17	1
58	18	4
58	19	8
58	21	3
58	22	2
58	24	3
58	25	4
58	26	1
58	27	6
58	28	5
58	29	1
58	30	5
58	31	3
58	32	5
58	33	4
58	34	3
58	35	3
58	36	5
58	39	3
58	40	2
58	41	5
58	42	6
58	43	4
58	44	1
58	45	2
58	46	6
58	47	2
58	48	3
58	49	4
58	50	5
58	51	4
58	52	2
58	53	8
58	54	5
58	55	14
58	56	8
58	57	16
59	0	1
59	2	1
59	3	4
59	4	4
59	5	6
59	6	4
59	7	1
59	8	2
59	9	2
59	10	2
59	13	2
59	14	2
59	15	1
59	16	1
59	17	6
59	18	4
59	19	3
59	22	2
59	23	3
59	24	2
59	25	1
59	27	1
59	28	4
59	29	2
59	30	3
59	31	5
59	33	1
59	34	2
59	35	4
59	36	3
59	38	2
59	39	1
59	40	1
59	41	2
59	43	4
59	44	2
59	45	4
59	46	3
59	47	3
59	49	2
59	50	1
59	51	3
59	52	4
59	53	3
59	54	4
59	55	3
59	56	5
59	57	5
59	58	7
60	0	1
60	1	7
60	2	9
60	4	1
60	5	4
60	7	3
60	8	2
60	9	3
60	10	2
60	11	7
60	12	4
60	13	1
60	15	2
60	16	2
60	17	3
60	20	1
60	21	1
60	25	4
60	27	1
60	28	4
60	30	8
60	31	4
60	32	9
60	33	5
60	34	3
60	35	2
60	36	1
60	38	3
60	39	1
60	40	3
60	41	1
60	42	3
60	43	8
60	44	4
60	45	15
60	46	10
60	47	4
60	48	3
60	49	3
60	51	1
60	52	6
60	53	4
60	54	2
60	55	3
60	56	3
60	57	2
60	59	3
