1	0	15
2	0	7
2	1	21
3	0	1
3	2	2
4	1	4
4	3	13
5	0	3
5	1	1
5	2	2
5	3	6
5	4	26
6	1	2
6	3	6
6	4	4
6	5	2
7	0	2
7	3	1
7	4	4
7	5	7
7	6	19
8	3	10
8	4	3
8	5	4
8	6	14
8	7	19
9	3	3
9	4	3
9	5	6
9	6	4
9	7	7
9	8	15
10	0	1
10	1	2
10	3	6
10	4	5
10	5	3
10	6	9
10	7	11
10	8	13
10	9	19
11	0	1
11	2	1
11	3	4
11	4	8
11	5	7
11	6	2
11	7	4
11	8	12
11	9	14
11	10	23
12	1	2
12	3	2
12	4	2
12	5	4
12	6	6
12	7	5
12	8	13
12	9	20
12	10	25
12	11	19
13	1	1
13	2	1
13	3	1
13	4	2
13	5	4
13	6	2
13	7	5
13	8	14
13	9	12
13	10	15
13	11	12
13	12	10
14	1	1
14	3	3
14	4	1
14	5	3
14	6	2
14	7	7
14	8	4
14	9	7
14	10	3
14	11	4
14	12	3
14	13	8
15	1	3
15	3	4
15	4	5
15	5	2
15	6	6
15	7	8
15	8	6
15	9	4
15	10	8
15	11	3
15	12	4
15	13	4
15	14	24
16	0	2
16	1	1
16	4	8
16	5	2
16	6	5
16	7	12
16	8	6
16	9	4
16	10	9
16	11	5
16	12	2
16	13	13
16	14	6
16	15	20
17	1	1
17	3	10
17	4	9
17	5	3
17	6	4
17	7	8
17	8	6
17	9	4
17	10	5
17	11	5
17	12	3
17	13	3
17	14	5
17	15	5
17	16	9
18	0	1
18	3	14
18	4	10
18	5	4
18	6	5
18	7	5
18	8	7
18	9	3
18	10	1
18	11	3
18	12	5
18	13	2
18	14	3
18	15	2
18	16	4
18	17	13
19	1	2
19	2	1
19	3	4
19	4	9
19	5	7
19	6	6
19	7	4
19	8	6
19	9	4
19	10	4
19	11	6
19	12	7
19	13	3
19	14	6
19	15	5
19	16	3
19	17	13
19	18	17
20	3	9
20	4	7
20	5	2
20	6	5
20	7	3
20	8	4
20	9	4
20	11	2
20	12	3
20	13	4
20	14	14
20	15	7
20	16	5
20	17	8
20	18	6
20	19	10
21	0	1
21	1	2
21	2	3
21	3	2
21	4	2
21	5	4
21	6	5
21	7	2
21	8	6
21	9	4
21	10	4
21	11	4
21	12	3
21	13	8
21	14	4
21	15	10
21	16	7
21	17	9
21	18	3
21	19	8
21	20	15
22	2	3
22	3	8
22	4	9
22	5	8
22	6	3
22	7	5
22	8	6
22	9	5
22	10	4
22	11	3
22	12	2
22	13	4
22	14	2
22	15	4
22	16	6
22	17	15
22	18	5
22	19	4
22	20	6
22	21	3
23	1	1
23	3	5
23	4	4
23	5	6
23	6	1
23	7	5
23	8	3
23	9	6
23	10	7
23	11	6
23	12	7
23	13	3
23	14	1
23	15	1
23	16	6
23	17	10
23	18	8
23	19	4
23	20	4
23	21	3
23	22	7
24	0	3
24	3	3
24	4	5
24	5	9
24	6	12
24	7	7
24	8	9
24	9	13
24	10	9
24	11	6
24	12	4
24	13	14
24	14	3
24	15	9
24	16	5
24	17	9
24	18	8
24	19	10
24	20	3
24	21	7
24	22	7
24	23	9
25	0	2
25	1	1
25	3	6
25	4	3
25	5	6
25	6	5
25	7	4
25	8	8
25	10	7
25	11	5
25	12	3
25	13	8
25	14	3
25	15	10
25	16	3
25	17	4
25	18	4
25	19	6
25	20	5
25	21	4
25	22	8
25	23	10
25	24	4
26	1	1
26	3	3
26	4	3
26	5	5
26	8	2
26	9	4
26	10	4
26	11	6
26	12	3
26	13	3
26	14	2
26	15	3
26	17	6
26	18	4
26	19	2
26	20	7
26	21	1
26	22	7
26	23	4
26	24	7
26	25	12
27	1	2
27	3	3
27	4	5
27	5	4
27	6	8
27	7	5
27	8	10
27	9	13
27	10	14
27	11	8
27	12	6
27	13	6
27	14	4
27	15	4
27	16	2
27	17	7
27	18	1
27	19	9
27	20	2
27	21	4
27	22	3
27	23	6
27	24	10
27	25	11
27	26	5
28	2	3
28	3	4
28	4	6
28	5	10
28	6	7
28	7	6
28	8	6
28	9	10
28	10	8
28	11	6
28	12	8
28	13	5
28	14	3
28	15	5
28	16	6
28	17	1
28	18	2
28	19	2
28	20	5
28	21	4
28	22	6
28	23	10
28	24	7
28	25	11
28	26	6
28	27	15
29	0	1
29	3	3
29	4	4
29	5	6
29	7	1
29	8	1
29	9	3
29	10	2
29	11	4
29	12	2
29	14	3
29	15	3
29	17	6
29	19	2
29	21	2
29	22	6
29	23	5
29	24	5
29	25	2
29	26	9
29	27	8
29	28	19
30	1	2
30	3	4
30	4	2
30	5	3
30	6	2
30	7	4
30	8	5
30	9	8
30	10	5
30	11	4
30	12	10
30	13	5
30	14	3
30	15	1
30	16	2
30	17	1
30	18	1
30	21	2
30	23	1
30	24	4
30	25	5
30	27	6
30	28	6
30	29	4
31	1	1
31	3	1
31	4	4
31	5	6
31	6	1
31	7	2
31	8	3
31	9	5
31	10	4
31	11	3
31	12	1
31	13	2
31	18	2
31	20	2
31	21	4
31	22	1
31	23	2
31	24	2
31	25	5
31	27	7
31	28	9
31	29	7
31	30	14
32	2	4
32	4	1
32	5	2
32	6	2
32	8	4
32	9	5
32	10	2
32	11	3
32	12	4
32	15	1
32	16	2
32	17	1
32	18	4
32	19	2
32	21	3
32	22	1
32	23	4
32	24	4
32	25	6
32	26	3
32	27	4
32	28	4
32	29	4
32	30	7
32	31	10
33	1	1
33	4	6
33	5	6
33	6	1
33	7	2
33	8	5
33	9	4
33	10	3
33	11	4
33	12	4
33	13	2
33	15	4
33	16	1
33	17	1
33	22	2
33	23	1
33	25	4
33	26	1
33	27	3
33	28	6
33	29	4
33	30	13
33	31	14
33	32	13
34	0	1
34	1	3
34	2	2
34	4	5
34	5	6
34	6	2
34	7	1
34	8	5
34	9	4
34	10	9
34	11	2
34	12	3
34	13	3
34	15	3
34	16	1
34	17	2
34	20	1
34	21	2
34	24	3
34	25	1
34	27	5
34	28	3
34	29	2
34	30	15
34	31	16
34	32	9
34	33	26
35	2	2
35	3	2
35	4	3
35	5	1
35	6	5
35	7	10
35	8	8
35	9	14
35	10	11
35	11	16
35	12	6
35	13	4
35	14	2
35	15	6
35	16	3
35	17	6
35	18	4
35	19	2
35	20	2
35	21	7
35	22	6
35	23	7
35	24	9
35	25	16
35	26	7
35	27	12
35	28	5
35	29	4
35	30	2
35	31	4
35	32	4
35	33	6
35	34	2
36	3	4
36	4	2
36	5	3
36	6	4
36	7	4
36	8	6
36	9	7
36	10	16
36	11	7
36	12	15
36	13	7
36	14	2
36	15	3
36	16	3
36	18	1
36	19	5
36	20	3
36	21	4
36	22	8
36	23	4
36	24	9
36	25	7
36	26	3
36	27	5
36	28	1
36	29	3
36	30	4
36	31	2
36	32	3
36	33	1
36	35	23
37	2	1
37	3	5
37	4	4
37	5	6
37	6	3
37	8	2
37	9	8
37	10	8
37	11	10
37	12	5
37	13	2
37	14	5
37	15	4
37	16	1
37	17	8
37	18	2
37	19	5
37	20	4
37	21	2
37	22	4
37	23	7
37	24	6
37	25	10
37	26	8
37	27	7
37	28	7
37	29	3
37	30	5
37	31	4
37	33	3
37	34	4
37	35	26
37	36	8
38	1	2
38	2	1
38	3	3
38	4	5
38	5	1
38	6	5
38	7	2
38	8	4
38	9	6
38	10	5
38	11	13
38	12	7
38	13	4
38	14	3
38	15	7
38	16	5
38	17	3
38	18	4
38	19	7
38	20	6
38	22	6
38	23	5
38	24	6
38	25	12
38	26	9
38	27	23
38	28	8
38	29	10
38	30	2
38	31	6
38	32	2
38	33	4
38	34	5
38	35	18
38	36	7
38	37	21
39	0	1
39	3	1
39	4	6
39	5	4
39	6	5
39	7	2
39	8	3
39	9	5
39	10	5
39	11	7
39	12	5
39	13	8
39	14	3
39	15	4
39	16	3
39	17	3
39	18	3
39	19	2
39	20	3
39	21	4
39	22	4
39	23	2
39	24	7
39	25	8
39	26	7
39	27	4
39	28	8
39	29	3
39	30	8
39	31	2
39	32	2
39	33	3
39	34	6
39	35	19
39	36	3
39	37	9
39	38	18
40	1	2
40	3	1
40	4	7
40	5	4
40	6	3
40	7	2
40	8	8
40	9	6
40	10	7
40	11	8
40	12	5
40	13	3
40	14	3
40	15	3
40	16	2
40	17	6
40	18	1
40	19	2
40	20	2
40	21	1
40	22	4
40	23	2
40	24	9
40	25	2
40	26	4
40	27	12
40	28	10
40	29	21
40	30	4
40	31	5
40	32	5
40	33	3
40	34	6
40	35	8
40	36	6
40	37	6
40	38	15
40	39	12
41	1	1
41	3	3
41	4	3
41	5	2
41	6	6
41	7	5
41	8	9
41	9	2
41	10	4
41	11	4
41	12	8
41	13	4
41	14	2
41	15	1
41	16	6
41	17	3
41	18	1
41	19	1
41	20	1
41	21	1
41	23	1
41	24	5
41	25	4
41	26	1
41	27	2
41	28	6
41	29	6
41	30	11
41	31	7
41	32	8
41	33	3
41	34	4
41	35	4
41	36	2
41	37	4
41	38	7
41	39	4
41	40	15
42	0	1
42	1	1
42	4	2
42	5	2
42	6	4
42	7	2
42	8	4
42	9	4
42	10	8
42	11	5
42	12	4
42	13	2
42	14	1
42	15	3
42	16	5
42	17	1
42	18	3
42	20	2
42	21	2
42	22	3
42	24	7
42	25	6
42	27	7
42	28	7
42	29	2
42	30	17
42	31	5
42	32	7
42	33	10
42	34	5
42	35	2
42	36	5
42	37	7
42	38	5
42	39	2
42	40	7
42	41	6
43	1	1
43	2	1
43	4	2
43	5	3
43	6	1
43	7	2
43	8	7
43	9	7
43	10	5
43	11	2
43	12	2
43	13	3
43	14	2
43	15	3
43	16	1
43	17	1
43	20	1
43	24	5
43	25	1
43	27	3
43	28	1
43	29	2
43	30	9
43	31	7
43	32	7
43	33	4
43	34	8
43	35	2
43	37	2
43	38	6
43	39	4
43	40	3
43	41	7
43	42	16
44	1	1
44	4	4
44	5	5
44	6	1
44	7	1
44	8	3
44	9	4
44	10	2
44	11	4
44	12	4
44	13	3
44	14	2
44	15	4
44	16	2
44	17	3
44	19	3
44	20	1
44	22	1
44	23	2
44	27	6
44	28	5
44	29	3
44	30	18
44	31	5
44	32	8
44	33	17
44	34	2
44	35	5
44	36	1
44	38	4
44	40	3
44	41	4
44	42	1
44	43	24
45	1	1
45	2	3
45	3	1
45	7	3
45	8	3
45	9	1
45	10	3
45	12	4
45	13	3
45	14	2
45	15	2
45	16	3
45	18	2
45	22	2
45	25	2
45	27	3
45	28	4
45	29	2
45	30	3
45	31	4
45	32	4
45	33	5
45	34	6
45	35	2
45	38	4
45	39	2
45	40	1
45	41	3
45	42	6
45	43	11
45	44	23
46	0	1
46	1	2
46	2	2
46	3	2
46	4	3
46	5	7
46	6	3
46	8	3
46	9	1
46	10	5
46	11	2
46	12	2
46	13	4
46	15	6
46	18	2
46	19	1
46	20	2
46	22	1
46	23	3
46	25	1
46	27	3
46	28	1
46	29	3
46	30	5
46	31	6
46	32	9
46	33	5
46	34	11
46	35	1
46	36	2
46	38	4
46	39	1
46	40	1
46	41	1
46	42	9
46	43	11
46	44	9
46	45	19
47	0	3
47	2	4
47	4	3
47	5	4
47	6	3
47	7	5
47	8	12
47	9	8
47	10	5
47	11	8
47	12	6
47	13	5
47	14	3
47	15	2
47	16	8
47	17	3
47	19	3
47	20	1
47	21	1
47	22	3
47	23	3
47	24	5
47	25	4
47	27	5
47	28	3
47	29	4
47	30	5
47	31	5
47	32	2
47	33	5
47	34	5
47	35	3
47	36	2
47	37	2
47	38	2
47	39	9
47	40	2
47	41	8
47	42	9
47	43	6
47	44	4
47	45	4
47	46	2
48	3	2
48	4	3
48	5	1
48	6	4
48	7	6
48	8	12
48	9	7
48	10	6
48	11	8
48	12	11
48	13	7
48	14	7
48	15	5
48	16	6
48	17	2
48	19	1
48	20	3
48	21	2
48	22	2
48	23	4
48	24	3
48	25	4
48	26	4
48	27	7
48	28	6
48	29	2
48	30	4
48	31	3
48	32	5
48	33	5
48	34	3
48	35	3
48	36	4
48	37	5
48	38	4
48	39	1
48	40	4
48	41	6
48	42	9
48	43	5
48	44	2
48	45	5
48	46	3
48	47	8
49	3	8
49	4	10
49	5	6
49	6	9
49	7	13
49	8	28
49	9	12
49	10	17
49	11	17
49	12	17
49	13	5
49	14	4
49	15	8
49	16	6
49	17	6
49	18	4
49	19	6
49	20	4
49	21	3
49	22	3
49	23	8
49	24	15
49	25	6
49	26	4
49	27	10
49	28	13
49	29	1
49	30	8
49	31	7
49	32	3
49	33	7
49	34	3
49	35	8
49	36	6
49	37	8
49	38	14
49	39	6
49	40	4
49	41	4
49	42	3
49	43	12
49	44	5
49	45	2
49	46	6
49	47	10
49	48	25
50	3	4
50	4	4
50	5	5
50	6	3
50	7	8
50	8	17
50	9	7
50	10	6
50	11	4
50	12	4
50	13	4
50	14	6
50	15	3
50	16	7
50	17	3
50	18	5
50	19	3
50	20	2
50	21	5
50	22	1
50	23	2
50	24	4
50	25	3
50	27	6
50	28	6
50	29	4
50	30	7
50	31	1
50	33	4
50	34	3
50	35	4
50	36	1
50	37	3
50	38	4
50	39	1
50	40	3
50	41	1
50	42	4
50	43	3
50	44	4
50	45	1
50	46	2
50	47	1
50	48	7
50	49	12
51	1	4
51	3	7
51	4	1
51	5	2
51	6	3
51	7	12
51	8	7
51	9	7
51	10	6
51	11	4
51	12	7
51	13	7
51	14	6
51	15	14
51	16	13
51	17	2
51	18	2
51	19	1
51	20	4
51	21	7
51	22	2
51	23	2
51	24	5
51	25	6
51	27	3
51	28	2
51	29	2
51	30	4
51	31	4
51	32	1
51	33	4
51	34	3
51	35	5
51	36	6
51	37	2
51	38	4
51	39	2
51	40	5
51	41	3
51	42	3
51	43	8
51	44	1
51	45	5
51	46	2
51	47	4
51	48	11
51	49	9
51	50	18
52	2	2
52	3	1
52	4	4
52	5	2
52	6	6
52	7	6
52	8	4
52	9	8
52	10	8
52	11	2
52	12	3
52	13	8
52	14	5
52	15	10
52	16	8
52	17	2
52	18	4
52	19	3
52	20	6
52	21	5
52	22	1
52	23	3
52	24	3
52	25	3
52	26	2
52	27	5
52	28	5
52	29	4
52	30	2
52	31	3
52	32	3
52	33	2
52	34	6
52	35	4
52	36	2
52	38	5
52	39	2
52	40	4
52	41	5
52	42	3
52	43	3
52	44	6
52	45	5
52	46	2
52	47	6
52	48	11
52	49	9
52	50	9
52	51	24
53	1	1
53	2	1
53	3	6
53	4	5
53	5	7
53	6	14
53	7	6
53	8	24
53	9	7
53	10	10
53	11	9
53	12	13
53	13	4
53	14	7
53	15	4
53	16	4
53	17	1
53	18	2
53	19	6
53	20	2
53	21	2
53	22	3
53	23	1
53	24	8
53	25	4
53	26	5
53	27	9
53	28	5
53	29	9
53	30	5
53	31	7
53	32	3
53	33	3
53	34	2
53	35	9
53	36	3
53	37	2
53	38	5
53	39	3
53	40	3
53	41	4
53	42	8
53	43	8
53	44	4
53	45	2
53	46	4
53	47	5
53	48	10
53	49	16
53	50	15
53	51	5
53	52	6
54	3	4
54	4	1
54	5	4
54	6	2
54	7	3
54	8	9
54	9	3
54	10	6
54	11	1
54	12	6
54	13	7
54	14	6
54	15	2
54	16	4
54	17	2
54	18	3
54	19	3
54	20	3
54	21	2
54	22	1
54	23	4
54	24	4
54	25	2
54	26	1
54	27	4
54	28	5
54	29	6
54	30	6
54	31	6
54	32	4
54	33	2
54	34	6
54	35	5
54	36	6
54	37	4
54	38	9
54	39	5
54	40	2
54	41	6
54	42	15
54	43	6
54	44	10
54	45	4
54	46	4
54	47	4
54	48	2
54	49	8
54	50	5
54	51	5
54	52	5
54	53	9
55	0	1
55	1	3
55	2	2
55	3	4
55	4	5
55	5	8
55	6	9
55	7	2
55	8	10
55	9	7
55	10	4
55	11	4
55	12	4
55	13	1
55	14	4
55	15	8
55	16	4
55	17	5
55	18	2
55	19	4
55	20	6
55	21	4
55	22	3
55	23	6
55	24	6
55	25	4
55	26	4
55	27	3
55	28	10
55	29	4
55	30	1
55	31	9
55	32	9
55	33	8
55	34	6
55	35	3
55	36	3
55	37	3
55	38	6
55	39	4
55	40	3
55	41	3
55	42	9
55	43	7
55	44	3
55	45	9
55	46	2
55	47	8
55	48	9
55	49	11
55	50	6
55	51	9
55	52	5
55	53	10
55	54	19
56	1	1
56	3	6
56	4	7
56	5	5
56	6	7
56	7	8
56	8	17
56	9	7
56	10	6
56	11	3
56	12	3
56	13	6
56	14	3
56	15	3
56	16	7
56	17	2
56	18	1
56	19	3
56	20	1
56	21	4
56	22	1
56	23	2
56	24	2
56	25	4
56	26	1
56	27	3
56	28	13
56	29	1
56	30	6
56	31	3
56	32	2
56	33	5
56	34	1
56	35	2
56	36	3
56	37	2
56	38	3
56	39	5
56	40	3
56	41	4
56	42	2
56	43	5
56	44	2
56	45	5
56	46	3
56	47	6
56	48	6
56	49	4
56	50	9
56	51	10
56	52	2
56	53	4
56	54	10
56	55	19
57	2	3
57	3	4
57	4	8
57	5	14
57	6	12
57	7	9
57	8	5
57	9	5
57	10	7
57	11	5
57	12	5
57	13	4
57	14	4
57	15	7
57	16	4
57	17	6
57	18	2
57	19	3
57	20	3
57	21	4
57	22	3
57	23	4
57	24	3
57	25	5
57	26	3
57	27	4
57	28	2
57	29	3
57	30	5
57	31	4
57	32	1
57	33	4
57	34	4
57	35	2
57	36	2
57	37	1
57	38	5
57	39	4
57	40	6
57	41	6
57	42	3
57	43	2
57	44	4
57	45	3
57	46	3
57	47	4
57	48	3
57	49	8
57	50	6
57	51	12
57	52	7
57	53	4
57	54	9
57	55	12
57	56	14
58	1	3
58	3	4
58	4	6
58	5	9
58	6	8
58	7	8
58	8	7
58	9	6
58	10	4
58	11	5
58	12	5
58	13	1
58	14	4
58	15	2
58	16	3
58	17	2
58	18	4
58	19	2
58	20	1
58	21	3
58	22	4
58	23	3
58	24	3
58	25	4
58	27	5
58	28	6
58	29	4
58	30	2
58	32	2
58	33	1
58	34	3
58	35	3
58	36	1
58	37	3
58	38	3
58	39	6
58	40	5
58	41	6
58	42	2
58	43	2
58	44	1
58	45	1
58	46	4
58	47	1
58	48	2
58	49	6
58	50	7
58	51	4
58	52	4
58	53	8
58	54	12
58	55	19
58	56	20
58	57	19
59	0	2
59	2	2
59	3	5
59	4	2
59	5	3
59	6	3
59	7	5
59	8	2
59	9	4
59	10	5
59	12	7
59	14	1
59	15	6
59	16	1
59	17	5
59	18	3
59	19	4
59	22	3
59	23	4
59	24	3
59	25	2
59	26	1
59	27	1
59	28	3
59	29	3
59	30	2
59	31	2
59	33	4
59	34	1
59	35	3
59	36	3
59	38	2
59	40	6
59	41	2
59	43	4
59	44	7
59	45	2
59	46	4
59	47	1
59	49	1
59	50	4
59	51	2
59	52	1
59	53	3
59	54	3
59	55	4
59	56	3
59	57	3
59	58	4
60	0	4
60	1	5
60	2	9
60	4	6
60	5	2
60	8	7
60	9	3
60	10	4
60	11	2
60	12	1
60	13	4
60	15	3
60	16	4
60	17	5
60	20	1
60	21	2
60	22	2
60	25	2
60	27	1
60	28	4
60	30	7
60	31	6
60	32	5
60	33	3
60	34	6
60	35	2
60	38	2
60	39	5
60	40	2
60	41	6
60	43	5
60	44	8
60	45	10
60	46	11
60	47	3
60	48	4
60	49	4
60	51	2
60	52	2
60	53	2
60	54	3
60	55	7
60	56	1
60	57	3
60	58	2
60	59	1
