1	0	15
2	0	5
2	1	15
3	0	1
3	2	2
4	1	2
4	3	13
5	1	1
5	3	11
5	4	22
6	1	2
6	3	3
6	4	5
6	5	4
7	0	1
7	1	1
7	3	2
7	4	6
7	5	5
7	6	17
8	1	3
8	2	1
8	3	2
8	4	4
8	5	4
8	6	24
8	7	21
9	0	1
9	2	2
9	3	4
9	4	2
9	5	4
9	6	5
9	7	6
9	8	15
10	1	1
10	2	1
10	3	1
10	4	2
10	5	2
10	6	10
10	7	9
10	8	9
10	9	22
11	0	3
11	1	3
11	2	1
11	3	2
11	4	5
11	5	3
11	6	5
11	7	5
11	8	14
11	9	11
11	10	21
12	3	1
12	4	5
12	5	7
12	6	5
12	7	7
12	8	14
12	9	15
12	10	24
12	11	17
13	1	2
13	2	3
13	3	3
13	4	2
13	5	5
13	6	8
13	7	7
13	8	8
13	9	10
13	10	8
13	11	14
13	12	10
14	1	1
14	3	4
14	4	1
14	5	8
14	6	8
14	7	3
14	8	4
14	9	5
14	10	5
14	11	1
14	12	9
14	13	7
15	0	5
15	1	2
15	3	2
15	4	4
15	5	8
15	6	4
15	7	4
15	8	4
15	9	4
15	10	7
15	11	8
15	12	4
15	13	4
15	14	29
16	0	2
16	3	4
16	4	6
16	5	2
16	6	5
16	7	12
16	8	7
16	9	4
16	10	3
16	11	7
16	12	11
16	13	13
16	14	12
16	15	9
17	1	4
17	3	9
17	4	8
17	5	3
17	6	5
17	7	3
17	8	7
17	9	4
17	10	7
17	11	2
17	12	4
17	13	8
17	14	2
17	15	6
17	16	6
18	0	1
18	3	11
18	4	9
18	5	9
18	6	6
18	7	3
18	8	7
18	9	3
18	10	4
18	11	2
18	12	4
18	13	3
18	14	4
18	15	5
18	16	2
18	17	18
19	1	1
19	2	3
19	3	8
19	4	8
19	5	8
19	6	6
19	7	6
19	8	5
19	9	4
19	10	4
19	11	5
19	12	2
19	13	6
19	14	6
19	15	9
19	16	7
19	17	8
19	18	25
20	3	4
20	4	3
20	5	3
20	6	3
20	7	2
20	8	2
20	9	4
20	10	2
20	11	1
20	12	2
20	13	7
20	14	4
20	15	8
20	16	3
20	17	4
20	18	5
20	19	3
21	2	1
21	3	3
21	4	8
21	5	4
21	6	4
21	7	5
21	8	5
21	9	4
21	10	8
21	11	2
21	12	8
21	13	7
21	14	7
21	15	6
21	16	9
21	17	7
21	18	12
21	19	9
21	20	13
22	2	1
22	3	6
22	4	9
22	5	2
22	6	4
22	7	4
22	8	3
22	9	10
22	10	5
22	11	3
22	12	2
22	13	4
22	14	7
22	15	2
22	16	3
22	17	9
22	18	9
22	19	9
22	20	7
22	21	5
23	3	1
23	4	2
23	5	2
23	6	6
23	7	5
23	8	12
23	9	9
23	10	5
23	11	4
23	12	4
23	13	5
23	14	3
23	15	1
23	16	6
23	17	8
23	18	5
23	19	2
23	20	2
23	21	7
23	22	15
24	3	7
24	4	3
24	5	9
24	6	6
24	7	6
24	8	12
24	9	11
24	10	8
24	11	4
24	12	5
24	13	5
24	14	5
24	15	4
24	16	5
24	17	13
24	18	2
24	19	7
24	20	2
24	21	9
24	22	8
24	23	17
25	3	6
25	4	4
25	5	7
25	6	4
25	7	8
25	8	4
25	9	6
25	10	12
25	11	3
25	12	4
25	13	3
25	14	5
25	15	5
25	16	4
25	17	4
25	18	10
25	19	7
25	20	3
25	21	3
25	22	13
25	23	10
25	24	7
26	1	2
26	3	4
26	4	1
26	5	4
26	8	6
26	9	5
26	10	5
26	11	1
26	12	3
26	13	3
26	14	3
26	15	6
26	17	3
26	18	4
26	19	3
26	20	4
26	21	2
26	22	5
26	23	2
26	24	4
26	25	11
27	1	1
27	3	3
27	4	6
27	5	10
27	6	7
27	7	1
27	8	18
27	9	16
27	10	8
27	11	9
27	12	5
27	13	7
27	14	4
27	15	4
27	16	10
27	17	5
27	18	4
27	19	3
27	20	5
27	21	3
27	22	4
27	23	9
27	24	7
27	25	10
27	26	7
28	2	1
28	3	1
28	4	8
28	5	11
28	6	4
28	7	6
28	8	3
28	9	12
28	10	4
28	11	3
28	12	5
28	13	4
28	14	2
28	15	7
28	16	2
28	17	5
28	18	7
28	19	4
28	20	3
28	21	3
28	22	5
28	23	10
28	24	14
28	25	5
28	26	5
28	27	15
29	0	3
29	3	2
29	4	4
29	5	4
29	6	3
29	7	1
29	8	7
29	9	1
29	10	3
29	11	3
29	12	2
29	13	1
29	14	2
29	17	3
29	19	1
29	21	1
29	22	1
29	23	3
29	24	4
29	25	2
29	26	1
29	27	10
29	28	30
30	1	1
30	3	5
30	4	1
30	5	2
30	6	3
30	7	3
30	8	3
30	9	4
30	11	5
30	12	5
30	13	9
30	14	5
30	15	5
30	16	3
30	18	1
30	19	3
30	21	4
30	23	3
30	24	3
30	25	6
30	27	4
30	28	4
30	29	3
31	1	2
31	2	2
31	4	2
31	5	1
31	6	3
31	7	6
31	8	4
31	9	8
31	10	2
31	11	8
31	12	3
31	13	5
31	15	4
31	18	6
31	20	1
31	21	4
31	22	3
31	23	1
31	24	5
31	25	2
31	27	9
31	28	5
31	29	2
31	30	14
32	2	2
32	4	2
32	5	2
32	6	2
32	8	3
32	9	1
32	10	3
32	11	2
32	12	1
32	15	1
32	16	2
32	17	2
32	18	4
32	19	1
32	24	2
32	25	3
32	26	2
32	27	4
32	28	5
32	29	1
32	30	18
32	31	7
33	1	1
33	2	4
33	3	4
33	4	7
33	5	5
33	6	3
33	8	10
33	9	1
33	10	2
33	11	2
33	12	4
33	13	3
33	15	5
33	17	1
33	23	3
33	24	4
33	25	4
33	26	2
33	27	3
33	28	4
33	29	3
33	30	12
33	31	10
33	32	14
34	0	2
34	1	4
34	2	1
34	4	4
34	5	8
34	6	2
34	7	3
34	8	3
34	9	4
34	10	3
34	11	3
34	12	5
34	13	3
34	15	3
34	16	2
34	17	3
34	21	2
34	23	1
34	24	1
34	25	1
34	27	2
34	28	6
34	29	1
34	30	14
34	31	13
34	32	8
34	33	26
35	3	4
35	4	5
35	5	5
35	6	3
35	7	2
35	8	8
35	9	8
35	10	15
35	11	8
35	12	11
35	13	6
35	14	4
35	15	2
35	16	1
35	17	2
35	18	6
35	19	5
35	20	1
35	21	4
35	22	7
35	23	5
35	24	11
35	25	15
35	26	8
35	27	12
35	28	6
35	29	4
35	30	2
35	31	4
35	32	2
35	34	4
36	3	3
36	4	4
36	5	2
36	6	4
36	7	4
36	8	6
36	9	1
36	10	20
36	11	20
36	12	13
36	13	5
36	14	1
36	15	9
36	16	2
36	17	4
36	18	4
36	19	2
36	20	6
36	21	5
36	22	2
36	23	8
36	24	2
36	25	6
36	26	2
36	27	13
36	28	4
36	29	5
36	30	2
36	31	5
36	32	2
36	35	17
37	2	2
37	3	3
37	4	2
37	5	5
37	6	3
37	7	1
37	8	4
37	9	1
37	10	5
37	11	8
37	12	5
37	13	4
37	14	6
37	15	4
37	16	2
37	17	1
37	18	4
37	19	3
37	20	1
37	21	9
37	22	3
37	23	6
37	24	8
37	25	14
37	26	3
37	27	12
37	28	11
37	29	7
37	30	4
37	31	5
37	33	3
37	34	3
37	35	24
37	36	10
38	1	1
38	2	2
38	3	2
38	4	3
38	5	3
38	6	10
38	7	3
38	8	9
38	9	5
38	10	9
38	11	8
38	12	4
38	13	5
38	14	4
38	15	1
38	16	4
38	17	4
38	18	7
38	19	2
38	20	3
38	21	1
38	22	5
38	23	3
38	24	5
38	25	11
38	26	6
38	27	10
38	28	14
38	29	8
38	30	10
38	31	5
38	32	2
38	33	8
38	34	4
38	35	22
38	36	10
38	37	17
39	3	3
39	4	3
39	5	4
39	6	1
39	7	2
39	8	9
39	9	5
39	10	6
39	11	5
39	12	8
39	13	7
39	14	5
39	15	3
39	16	5
39	17	1
39	18	4
39	19	3
39	20	4
39	21	2
39	22	3
39	23	3
39	24	9
39	25	4
39	26	6
39	27	3
39	28	8
39	29	3
39	30	4
39	31	4
39	32	4
39	34	1
39	35	17
39	36	6
39	37	10
39	38	26
40	0	1
40	1	3
40	3	2
40	4	1
40	5	5
40	6	1
40	7	3
40	8	5
40	9	8
40	10	6
40	11	6
40	12	5
40	13	8
40	14	1
40	15	1
40	16	2
40	17	3
40	18	5
40	19	3
40	20	2
40	21	4
40	22	2
40	23	6
40	24	2
40	25	8
40	26	7
40	27	17
40	28	15
40	29	14
40	30	8
40	31	4
40	32	2
40	33	3
40	34	5
40	35	7
40	36	4
40	37	6
40	38	13
40	39	3
41	2	1
41	3	3
41	4	4
41	5	4
41	6	4
41	7	3
41	8	7
41	9	2
41	10	2
41	11	7
41	12	2
41	13	5
41	14	3
41	15	2
41	16	6
41	17	4
41	18	3
41	19	2
41	20	2
41	21	1
41	22	3
41	23	4
41	24	2
41	25	4
41	26	8
41	27	6
41	28	15
41	29	12
41	30	7
41	31	9
41	32	4
41	33	6
41	34	4
41	35	5
41	36	9
41	37	7
41	38	6
41	39	7
41	40	14
42	1	2
42	4	4
42	6	3
42	7	5
42	8	6
42	10	2
42	11	7
42	12	6
42	13	3
42	14	3
42	15	3
42	16	3
42	18	5
42	20	3
42	21	3
42	22	2
42	24	2
42	25	4
42	27	4
42	28	6
42	30	15
42	31	14
42	32	7
42	33	11
42	34	10
42	35	3
42	36	1
42	37	3
42	38	2
42	39	5
42	40	6
42	41	9
43	1	3
43	5	2
43	6	4
43	7	4
43	8	5
43	9	3
43	10	5
43	11	3
43	12	4
43	13	4
43	14	3
43	15	4
43	16	2
43	17	3
43	24	3
43	25	1
43	27	3
43	28	5
43	29	3
43	30	9
43	31	11
43	32	9
43	33	15
43	34	8
43	35	3
43	37	2
43	38	6
43	39	3
43	40	3
43	41	4
43	42	11
44	0	2
44	1	3
44	2	2
44	4	2
44	5	6
44	6	4
44	7	4
44	8	3
44	9	1
44	10	1
44	11	6
44	12	2
44	13	3
44	14	2
44	15	3
44	16	4
44	19	4
44	20	1
44	22	3
44	23	3
44	24	2
44	27	3
44	28	5
44	29	3
44	30	7
44	31	3
44	32	10
44	33	12
44	34	6
44	35	3
44	36	1
44	38	3
44	40	1
44	41	1
44	42	6
44	43	11
45	1	3
45	2	2
45	3	4
45	7	1
45	8	2
45	10	2
45	12	2
45	13	2
45	14	1
45	17	1
45	18	1
45	27	2
45	28	1
45	29	1
45	30	4
45	31	6
45	32	5
45	33	8
45	34	3
45	35	2
45	38	3
45	39	2
45	40	3
45	41	3
45	42	6
45	43	4
45	44	15
46	0	3
46	1	3
46	2	4
46	5	3
46	6	1
46	9	3
46	10	1
46	11	3
46	12	2
46	13	2
46	15	2
46	18	1
46	19	3
46	22	1
46	23	1
46	24	1
46	25	1
46	27	1
46	28	3
46	29	2
46	30	8
46	31	1
46	32	12
46	33	8
46	34	5
46	35	5
46	36	2
46	38	4
46	39	1
46	40	1
46	41	6
46	42	4
46	43	8
46	44	11
46	45	13
47	0	3
47	2	1
47	3	3
47	4	1
47	5	2
47	6	1
47	7	9
47	8	5
47	9	1
47	10	7
47	11	6
47	12	10
47	13	3
47	14	2
47	15	4
47	16	4
47	17	2
47	18	2
47	19	1
47	20	1
47	21	2
47	22	5
47	23	3
47	24	2
47	25	5
47	27	6
47	28	4
47	29	2
47	30	3
47	31	1
47	32	2
47	33	3
47	34	5
47	35	2
47	36	7
47	37	3
47	38	7
47	39	3
47	40	6
47	41	8
47	42	6
47	43	7
47	44	2
47	45	12
47	46	2
48	1	1
48	2	1
48	3	4
48	4	5
48	5	3
48	6	9
48	7	14
48	8	13
48	9	8
48	10	9
48	11	4
48	12	12
48	13	7
48	14	5
48	15	8
48	16	8
48	17	8
48	18	2
48	19	3
48	20	2
48	21	1
48	22	2
48	23	3
48	24	3
48	25	2
48	26	2
48	27	9
48	28	4
48	29	1
48	30	3
48	31	2
48	33	2
48	34	4
48	35	6
48	36	1
48	37	5
48	38	1
48	39	2
48	40	5
48	41	2
48	42	7
48	43	4
48	44	3
48	45	2
48	46	3
48	47	15
49	2	1
49	3	5
49	4	3
49	5	1
49	6	13
49	7	10
49	8	24
49	9	24
49	10	15
49	11	13
49	12	14
49	13	9
49	14	6
49	15	10
49	16	13
49	17	7
49	18	4
49	19	3
49	20	9
49	21	4
49	22	6
49	23	10
49	24	10
49	25	4
49	26	3
49	27	14
49	28	4
49	29	4
49	30	4
49	31	5
49	32	4
49	33	4
49	34	6
49	35	7
49	36	5
49	37	2
49	38	10
49	39	1
49	40	2
49	41	9
49	42	7
49	43	5
49	44	3
49	45	5
49	46	4
49	47	13
49	48	16
50	2	1
50	3	1
50	4	3
50	5	4
50	6	13
50	7	14
50	8	14
50	9	4
50	10	5
50	11	3
50	12	3
50	13	8
50	14	1
50	15	2
50	16	4
50	17	3
50	18	1
50	19	3
50	20	5
50	21	2
50	23	1
50	24	7
50	25	7
50	27	4
50	28	2
50	29	2
50	30	1
50	31	5
50	33	1
50	34	1
50	35	4
50	36	2
50	37	3
50	38	2
50	39	3
50	40	2
50	41	5
50	42	3
50	43	8
50	44	3
50	45	5
50	46	3
50	47	7
50	48	7
50	49	11
51	1	2
51	3	4
51	4	4
51	5	7
51	6	2
51	7	4
51	8	6
51	9	9
51	10	16
51	11	5
51	12	10
51	13	5
51	14	3
51	15	10
51	16	11
51	17	4
51	18	4
51	19	7
51	20	3
51	21	5
51	22	3
51	23	4
51	24	7
51	25	4
51	27	9
51	28	2
51	29	1
51	30	2
51	31	6
51	32	1
51	33	3
51	34	4
51	35	7
51	36	5
51	37	4
51	38	3
51	39	3
51	40	1
51	41	3
51	42	4
51	44	2
51	45	6
51	46	1
51	47	6
51	48	8
51	49	12
51	50	14
52	2	1
52	3	3
52	4	8
52	5	6
52	6	4
52	7	6
52	8	18
52	9	5
52	10	6
52	11	10
52	12	4
52	13	6
52	14	2
52	15	8
52	16	5
52	18	2
52	19	2
52	20	3
52	21	4
52	22	4
52	23	2
52	24	3
52	25	3
52	26	3
52	27	2
52	28	5
52	30	4
52	32	3
52	33	5
52	34	4
52	35	1
52	36	4
52	37	2
52	38	4
52	39	2
52	40	6
52	41	4
52	42	4
52	43	4
52	45	2
52	46	3
52	47	5
52	48	8
52	49	11
52	50	14
52	51	30
53	1	1
53	3	7
53	5	8
53	6	4
53	7	11
53	8	16
53	9	11
53	10	6
53	11	1
53	12	10
53	13	4
53	14	3
53	15	9
53	16	4
53	17	1
53	18	2
53	19	7
53	20	1
53	21	4
53	22	4
53	23	6
53	24	5
53	25	5
53	26	1
53	27	4
53	28	11
53	29	3
53	30	6
53	31	5
53	32	1
53	33	1
53	34	5
53	35	3
53	36	7
53	37	2
53	38	6
53	39	7
53	40	12
53	41	6
53	42	7
53	43	3
53	44	2
53	45	8
53	46	2
53	47	7
53	48	10
53	49	16
53	50	13
53	51	8
53	52	3
54	0	1
54	3	3
54	4	4
54	5	11
54	6	5
54	7	2
54	8	10
54	9	10
54	10	5
54	11	6
54	12	8
54	13	5
54	14	4
54	15	2
54	16	4
54	17	4
54	18	5
54	19	2
54	20	1
54	21	1
54	22	1
54	23	4
54	24	5
54	25	4
54	27	4
54	28	7
54	29	5
54	30	5
54	31	8
54	32	6
54	33	6
54	34	6
54	35	5
54	36	4
54	37	3
54	38	5
54	39	2
54	40	5
54	41	6
54	42	3
54	43	5
54	44	3
54	45	1
54	46	4
54	47	7
54	48	1
54	49	7
54	50	3
54	51	5
54	52	1
54	53	15
55	0	2
55	1	1
55	2	1
55	3	6
55	4	3
55	5	7
55	6	6
55	7	7
55	8	10
55	9	6
55	10	1
55	11	8
55	12	5
55	13	2
55	14	2
55	15	5
55	16	1
55	17	2
55	18	4
55	19	2
55	20	4
55	21	6
55	22	2
55	23	2
55	24	9
55	25	4
55	26	1
55	27	6
55	28	8
55	29	6
55	30	8
55	31	7
55	32	5
55	33	5
55	34	7
55	35	5
55	36	3
55	37	3
55	38	8
55	39	1
55	40	8
55	41	4
55	42	8
55	43	5
55	44	6
55	45	4
55	46	5
55	47	5
55	48	3
55	49	11
55	50	12
55	51	7
55	52	6
55	53	13
55	54	19
56	0	1
56	1	1
56	3	2
56	4	3
56	5	3
56	6	10
56	7	7
56	8	6
56	9	8
56	10	1
56	11	5
56	12	2
56	13	7
56	14	4
56	15	5
56	16	2
56	17	3
56	18	6
56	19	2
56	20	3
56	21	6
56	22	3
56	24	4
56	25	6
56	26	3
56	27	1
56	28	5
56	29	3
56	30	3
56	31	2
56	32	4
56	33	7
56	34	8
56	35	5
56	36	2
56	37	3
56	38	4
56	39	4
56	40	3
56	41	3
56	42	4
56	43	1
56	44	2
56	45	1
56	46	7
56	47	3
56	48	6
56	49	5
56	50	9
56	51	8
56	52	5
56	53	9
56	54	15
56	55	13
57	3	7
57	4	4
57	5	12
57	6	11
57	7	11
57	8	12
57	9	5
57	10	7
57	11	4
57	12	6
57	13	5
57	15	9
57	16	8
57	17	5
57	18	4
57	19	5
57	20	4
57	21	4
57	22	5
57	23	2
57	24	7
57	25	3
57	26	3
57	27	4
57	28	5
57	29	1
57	30	3
57	31	3
57	32	2
57	33	2
57	34	5
57	35	3
57	36	3
57	37	2
57	38	7
57	39	3
57	40	3
57	41	6
57	42	3
57	43	6
57	44	5
57	45	3
57	46	4
57	47	3
57	48	6
57	49	7
57	50	4
57	51	9
57	52	5
57	53	7
57	54	6
57	55	10
57	56	20
58	0	1
58	1	4
58	3	6
58	4	6
58	5	4
58	6	11
58	7	2
58	8	5
58	9	4
58	10	5
58	11	4
58	12	4
58	13	5
58	14	1
58	15	3
58	16	2
58	17	2
58	18	5
58	19	3
58	20	5
58	21	6
58	22	1
58	23	1
58	24	6
58	25	1
58	26	2
58	27	5
58	28	5
58	29	1
58	30	3
58	31	2
58	32	4
58	33	3
58	34	4
58	35	7
58	36	6
58	38	5
58	39	4
58	40	3
58	41	6
58	42	2
58	43	3
58	44	6
58	45	1
58	46	1
58	47	7
58	48	5
58	49	4
58	50	10
58	51	8
58	52	2
58	53	9
58	54	8
58	55	10
58	56	18
58	57	16
59	0	2
59	3	4
59	4	8
59	5	2
59	6	1
59	7	4
59	8	4
59	9	1
59	10	5
59	13	1
59	14	1
59	15	3
59	16	5
59	17	1
59	18	4
59	19	6
59	22	1
59	23	2
59	25	2
59	26	3
59	27	3
59	28	4
59	29	2
59	30	5
59	33	1
59	34	5
59	36	3
59	38	4
59	40	1
59	41	4
59	43	2
59	44	4
59	46	2
59	49	4
59	50	2
59	51	3
59	52	7
59	53	3
59	54	3
59	55	2
59	56	2
59	57	1
59	58	4
60	0	5
60	1	2
60	2	1
60	4	8
60	5	3
60	7	1
60	8	3
60	9	1
60	11	3
60	12	2
60	15	2
60	16	1
60	20	2
60	21	2
60	22	2
60	25	6
60	27	5
60	28	2
60	30	6
60	31	5
60	32	2
60	33	6
60	34	7
60	35	2
60	36	2
60	38	3
60	39	4
60	40	6
60	41	1
60	42	2
60	43	6
60	44	9
60	45	6
60	46	9
60	47	6
60	48	2
60	49	3
60	51	3
60	52	3
60	53	6
60	54	2
60	55	6
60	56	2
60	57	2
60	58	1
60	59	5
