1	0	8
2	0	6
2	1	14
3	0	1
3	2	4
4	3	9
5	0	1
5	1	4
5	3	8
5	4	16
6	1	3
6	3	7
6	4	6
6	5	6
7	0	1
7	1	3
7	3	5
7	4	5
7	5	4
7	6	10
8	0	1
8	2	3
8	3	7
8	4	6
8	5	12
8	6	22
8	7	18
9	0	1
9	2	2
9	3	3
9	4	5
9	5	3
9	6	6
9	7	6
9	8	18
10	1	1
10	2	4
10	3	3
10	4	4
10	5	8
10	6	4
10	7	4
10	8	12
10	9	16
11	2	3
11	3	2
11	4	3
11	5	2
11	6	1
11	7	4
11	8	9
11	9	15
11	10	18
12	1	5
12	3	1
12	4	3
12	5	7
12	6	6
12	7	5
12	8	10
12	9	15
12	10	16
12	11	20
13	1	2
13	2	2
13	3	5
13	4	6
13	5	6
13	6	7
13	7	11
13	8	7
13	9	13
13	10	19
13	11	3
13	12	13
14	0	2
14	3	2
14	4	3
14	5	5
14	6	2
14	7	8
14	8	7
14	9	3
14	10	6
14	11	5
14	12	6
14	13	15
15	0	1
15	1	3
15	3	6
15	4	2
15	5	3
15	6	2
15	7	5
15	8	7
15	9	6
15	10	3
15	11	1
15	12	5
15	13	14
15	14	23
16	0	2
16	1	1
16	3	5
16	4	3
16	5	2
16	6	5
16	7	10
16	8	6
16	9	6
16	10	4
16	11	1
16	12	4
16	13	15
16	14	8
16	15	17
17	3	9
17	4	7
17	5	6
17	6	3
17	7	3
17	8	8
17	9	7
17	10	3
17	11	5
17	12	7
17	13	7
17	14	5
17	15	5
17	16	3
18	0	1
18	2	1
18	3	9
18	4	9
18	5	7
18	6	6
18	7	9
18	8	7
18	9	4
18	10	3
18	11	2
18	12	5
18	13	4
18	14	3
18	15	7
18	16	2
18	17	19
19	1	2
19	2	1
19	3	7
19	4	10
19	5	5
19	6	7
19	7	7
19	8	6
19	9	5
19	10	3
19	11	4
19	12	2
19	13	6
19	14	7
19	15	10
19	16	4
19	17	16
19	18	20
20	0	2
20	3	3
20	4	5
20	5	7
20	6	2
20	7	5
20	8	5
20	10	4
20	11	2
20	12	3
20	13	6
20	14	10
20	15	10
20	16	2
20	17	12
20	18	10
20	19	11
21	0	2
21	1	1
21	2	2
21	3	6
21	4	8
21	5	5
21	6	6
21	7	3
21	8	4
21	9	4
21	10	2
21	11	2
21	12	7
21	13	4
21	14	8
21	15	10
21	16	9
21	17	8
21	18	4
21	19	9
21	20	17
22	3	6
22	4	5
22	5	3
22	6	3
22	7	8
22	8	6
22	9	9
22	10	6
22	11	2
22	12	6
22	13	3
22	14	2
22	15	2
22	16	3
22	17	14
22	18	7
22	19	9
22	20	3
22	21	1
23	1	3
23	3	2
23	4	6
23	5	5
23	7	6
23	8	7
23	9	4
23	10	7
23	11	1
23	12	3
23	13	5
23	14	4
23	15	7
23	16	4
23	17	3
23	18	4
23	19	3
23	20	5
23	21	6
23	22	12
24	3	6
24	4	6
24	5	11
24	6	3
24	7	7
24	8	19
24	9	13
24	10	14
24	11	5
24	12	8
24	13	5
24	14	6
24	15	7
24	16	3
24	17	7
24	18	9
24	19	6
24	20	1
24	21	4
24	22	6
24	23	8
25	0	1
25	2	3
25	3	4
25	4	7
25	5	9
25	6	1
25	7	1
25	8	3
25	9	8
25	10	4
25	11	8
25	12	5
25	13	1
25	14	2
25	15	3
25	16	5
25	17	3
25	18	7
25	19	2
25	20	5
25	21	5
25	22	11
25	23	10
25	24	8
26	1	2
26	3	2
26	4	4
26	5	8
26	8	1
26	9	2
26	10	4
26	11	4
26	12	4
26	13	3
26	15	3
26	17	5
26	18	5
26	19	8
26	20	1
26	21	3
26	22	2
26	23	9
26	24	2
26	25	8
27	1	1
27	2	3
27	3	5
27	4	8
27	5	9
27	6	6
27	7	11
27	8	12
27	9	10
27	10	13
27	11	4
27	12	5
27	13	2
27	14	8
27	15	8
27	16	4
27	17	6
27	18	1
27	19	6
27	20	3
27	21	6
27	22	2
27	23	5
27	24	9
27	25	5
27	26	5
28	2	1
28	3	3
28	4	6
28	5	8
28	6	9
28	7	7
28	8	10
28	9	6
28	10	7
28	11	9
28	12	8
28	13	2
28	14	1
28	15	5
28	16	5
28	17	4
28	18	3
28	19	8
28	20	6
28	21	2
28	22	4
28	23	5
28	24	10
28	25	5
28	26	1
28	27	11
29	3	3
29	4	5
29	5	6
29	6	1
29	7	1
29	8	3
29	9	4
29	10	3
29	11	3
29	12	4
29	13	2
29	14	1
29	19	4
29	21	1
29	22	1
29	23	1
29	24	8
29	25	5
29	26	2
29	27	6
29	28	17
30	3	3
30	4	1
30	5	3
30	6	1
30	7	4
30	8	6
30	9	2
30	10	4
30	11	4
30	12	4
30	13	2
30	14	1
30	15	4
30	16	3
30	17	3
30	18	4
30	19	1
30	21	2
30	23	2
30	24	5
30	25	3
30	27	7
30	28	4
30	29	7
31	1	1
31	3	2
31	4	6
31	5	2
31	6	1
31	7	4
31	8	4
31	9	1
31	10	1
31	11	3
31	12	4
31	13	3
31	15	4
31	18	2
31	19	3
31	21	7
31	22	4
31	23	2
31	24	2
31	25	2
31	27	3
31	28	6
31	29	4
31	30	10
32	2	2
32	4	3
32	5	2
32	6	1
32	8	4
32	9	4
32	10	4
32	11	5
32	12	6
32	15	5
32	17	2
32	18	1
32	19	1
32	21	1
32	23	2
32	24	3
32	25	3
32	26	1
32	27	5
32	28	4
32	29	4
32	30	8
32	31	6
33	1	4
33	2	5
33	3	1
33	4	1
33	5	6
33	6	2
33	7	1
33	8	3
33	9	4
33	10	3
33	11	7
33	12	2
33	13	2
33	15	1
33	16	1
33	17	6
33	22	2
33	23	4
33	24	3
33	26	1
33	27	5
33	28	1
33	29	5
33	30	7
33	31	5
33	32	11
34	0	1
34	1	2
34	4	1
34	5	2
34	6	2
34	7	6
34	8	6
34	9	3
34	10	6
34	11	5
34	12	4
34	13	4
34	15	2
34	16	1
34	17	3
34	20	4
34	21	2
34	23	2
34	24	5
34	25	2
34	27	4
34	28	9
34	29	3
34	30	9
34	31	15
34	32	10
34	33	19
35	1	3
35	3	4
35	4	6
35	5	6
35	6	3
35	7	2
35	8	5
35	9	13
35	10	15
35	11	8
35	12	8
35	13	9
35	14	4
35	15	12
35	16	5
35	17	9
35	18	5
35	19	6
35	20	6
35	21	3
35	22	7
35	23	6
35	24	5
35	25	9
35	26	5
35	27	7
35	28	11
35	29	5
35	30	6
35	31	1
35	32	4
35	33	3
35	34	4
36	3	2
36	4	4
36	5	2
36	6	1
36	7	4
36	8	5
36	9	11
36	10	14
36	11	8
36	12	8
36	13	5
36	14	3
36	15	7
36	16	3
36	17	4
36	18	1
36	19	3
36	20	1
36	21	5
36	22	3
36	23	7
36	24	9
36	25	8
36	26	2
36	27	6
36	28	5
36	29	5
36	30	3
36	31	3
36	33	5
36	35	19
37	3	6
37	4	7
37	5	5
37	6	3
37	7	1
37	8	7
37	9	6
37	10	4
37	11	3
37	12	7
37	13	4
37	14	2
37	15	2
37	16	4
37	17	6
37	18	4
37	19	4
37	20	3
37	21	1
37	22	6
37	23	4
37	24	3
37	25	11
37	26	5
37	27	4
37	28	7
37	29	4
37	30	2
37	31	5
37	33	2
37	34	2
37	35	17
37	36	5
38	1	4
38	2	3
38	3	6
38	4	4
38	5	6
38	6	3
38	8	7
38	9	11
38	10	12
38	11	12
38	12	6
38	13	5
38	14	2
38	15	6
38	16	3
38	17	2
38	18	6
38	19	8
38	20	3
38	21	3
38	22	8
38	23	4
38	24	11
38	25	13
38	26	7
38	27	14
38	28	17
38	29	5
38	30	12
38	31	8
38	32	1
38	33	2
38	34	4
38	35	14
38	36	13
38	37	31
39	4	3
39	5	2
39	6	1
39	7	4
39	8	6
39	9	6
39	10	8
39	11	18
39	12	4
39	13	9
39	14	4
39	15	1
39	16	3
39	17	2
39	19	7
39	20	1
39	21	3
39	22	3
39	23	7
39	24	9
39	25	7
39	26	7
39	27	12
39	28	7
39	29	4
39	30	3
39	31	3
39	32	3
39	33	1
39	34	2
39	35	12
39	36	7
39	37	12
39	38	17
40	0	4
40	1	2
40	3	2
40	4	9
40	5	2
40	6	3
40	7	5
40	8	2
40	9	6
40	10	9
40	11	7
40	12	3
40	13	3
40	14	7
40	15	3
40	16	2
40	17	2
40	18	2
40	19	2
40	20	3
40	21	6
40	22	4
40	23	5
40	24	4
40	25	9
40	26	3
40	27	10
40	28	11
40	29	13
40	30	2
40	31	13
40	32	3
40	33	4
40	34	6
40	35	10
40	36	4
40	37	7
40	38	13
40	39	8
41	1	1
41	3	2
41	4	4
41	5	3
41	6	6
41	7	3
41	8	8
41	9	6
41	10	11
41	11	1
41	12	1
41	13	4
41	14	2
41	15	6
41	16	2
41	17	4
41	18	1
41	19	3
41	21	1
41	22	2
41	23	2
41	24	5
41	25	4
41	26	4
41	27	4
41	28	4
41	29	5
41	30	10
41	31	8
41	32	3
41	33	8
41	34	8
41	35	4
41	36	5
41	37	5
41	38	9
41	39	4
41	40	8
42	0	3
42	1	1
42	3	1
42	4	1
42	5	4
42	6	6
42	7	2
42	8	9
42	9	3
42	10	1
42	11	3
42	12	7
42	13	5
42	14	1
42	15	2
42	16	1
42	18	1
42	20	4
42	21	1
42	22	3
42	24	2
42	25	3
42	27	2
42	28	5
42	29	6
42	30	11
42	31	7
42	32	3
42	33	9
42	34	14
42	35	2
42	36	3
42	37	4
42	38	4
42	39	5
42	40	8
42	41	4
43	2	3
43	4	3
43	5	2
43	6	3
43	7	2
43	8	3
43	10	9
43	11	4
43	12	2
43	13	3
43	14	3
43	15	1
43	16	2
43	17	5
43	24	5
43	25	2
43	27	2
43	28	4
43	29	2
43	30	7
43	31	7
43	32	5
43	33	8
43	34	9
43	35	3
43	37	2
43	38	4
43	39	1
43	40	1
43	41	4
43	42	9
44	0	1
44	1	1
44	2	2
44	5	1
44	6	4
44	7	4
44	8	8
44	9	2
44	10	4
44	11	2
44	12	4
44	13	4
44	14	2
44	15	2
44	16	3
44	17	1
44	19	4
44	22	1
44	23	2
44	24	3
44	27	4
44	28	4
44	29	3
44	30	3
44	31	3
44	32	7
44	33	10
44	34	5
44	35	4
44	36	2
44	38	5
44	40	2
44	41	4
44	42	6
44	43	18
45	1	3
45	2	1
45	3	2
45	7	1
45	8	5
45	9	3
45	10	3
45	12	5
45	13	2
45	14	1
45	16	2
45	17	2
45	18	4
45	22	1
45	25	2
45	27	4
45	28	5
45	29	2
45	30	3
45	31	4
45	32	13
45	33	6
45	34	7
45	38	1
45	39	1
45	40	1
45	41	1
45	42	2
45	43	16
45	44	13
46	1	3
46	2	3
46	3	2
46	4	2
46	5	1
46	6	1
46	8	7
46	9	2
46	10	4
46	11	8
46	12	2
46	13	2
46	15	2
46	19	1
46	20	1
46	22	2
46	25	4
46	27	3
46	28	3
46	29	3
46	30	7
46	31	3
46	32	13
46	33	9
46	34	11
46	35	3
46	36	1
46	38	3
46	39	2
46	40	2
46	41	2
46	42	3
46	43	8
46	44	11
46	45	10
47	0	2
47	2	2
47	3	1
47	4	3
47	5	6
47	6	8
47	7	11
47	8	9
47	9	5
47	10	6
47	11	4
47	12	6
47	13	1
47	14	4
47	15	6
47	16	7
47	17	4
47	18	2
47	19	1
47	20	3
47	21	3
47	22	5
47	23	1
47	24	4
47	25	4
47	28	5
47	29	1
47	30	12
47	31	6
47	32	6
47	33	5
47	34	7
47	35	2
47	36	2
47	37	3
47	38	5
47	39	7
47	40	3
47	41	4
47	42	15
47	43	5
47	44	6
47	45	2
47	46	5
48	0	2
48	1	2
48	2	1
48	3	3
48	4	7
48	5	1
48	6	5
48	7	5
48	8	9
48	9	3
48	10	4
48	11	6
48	12	14
48	13	4
48	14	5
48	15	3
48	16	5
48	17	1
48	18	2
48	19	2
48	20	3
48	21	6
48	23	3
48	24	3
48	25	6
48	27	5
48	28	3
48	29	4
48	30	4
48	31	6
48	32	4
48	33	1
48	34	3
48	35	5
48	36	3
48	37	5
48	38	3
48	39	7
48	40	4
48	41	2
48	42	7
48	43	4
48	44	1
48	45	1
48	46	4
48	47	16
49	3	4
49	4	3
49	5	7
49	6	11
49	7	15
49	8	26
49	9	18
49	10	17
49	11	6
49	12	21
49	13	12
49	14	4
49	15	7
49	16	5
49	17	4
49	18	2
49	19	7
49	20	5
49	21	4
49	22	4
49	23	3
49	24	7
49	25	5
49	26	1
49	27	13
49	28	4
49	29	1
49	30	10
49	31	5
49	32	3
49	33	3
49	34	6
49	35	12
49	36	9
49	37	7
49	38	7
49	39	10
49	40	6
49	41	5
49	42	3
49	43	4
49	44	4
49	45	2
49	46	3
49	47	13
49	48	19
50	2	1
50	3	5
50	4	5
50	5	8
50	6	8
50	7	13
50	8	16
50	9	6
50	10	4
50	11	6
50	12	7
50	13	7
50	14	3
50	15	5
50	16	4
50	17	6
50	18	2
50	19	6
50	20	3
50	21	5
50	22	4
50	24	1
50	25	1
50	27	10
50	28	4
50	29	1
50	30	3
50	31	4
50	33	1
50	34	3
50	35	11
50	36	3
50	37	9
50	38	4
50	39	6
50	40	4
50	41	4
50	42	6
50	43	2
50	44	4
50	45	4
50	46	2
50	47	5
50	48	6
50	49	10
51	1	2
51	3	3
51	4	7
51	5	1
51	6	8
51	7	11
51	8	13
51	9	5
51	10	4
51	11	9
51	12	6
51	13	11
51	14	7
51	15	7
51	16	9
51	17	8
51	18	4
51	19	6
51	20	2
51	21	4
51	22	2
51	23	2
51	24	4
51	25	5
51	27	8
51	28	4
51	29	3
51	30	10
51	31	1
51	32	4
51	33	6
51	34	3
51	35	6
51	36	3
51	37	2
51	38	6
51	39	6
51	40	4
51	41	2
51	42	6
51	43	4
51	44	2
51	45	1
51	46	1
51	47	7
51	48	8
51	49	10
51	50	16
52	4	1
52	5	5
52	6	8
52	7	9
52	8	8
52	9	7
52	10	10
52	11	3
52	12	9
52	13	11
52	14	10
52	15	7
52	16	8
52	17	3
52	18	2
52	19	4
52	20	4
52	21	5
52	22	2
52	23	1
52	24	3
52	25	3
52	26	2
52	27	7
52	28	7
52	30	7
52	31	4
52	32	2
52	33	2
52	34	5
52	35	4
52	36	2
52	37	3
52	38	6
52	39	5
52	40	1
52	41	4
52	42	5
52	43	3
52	44	5
52	45	2
52	46	2
52	47	8
52	48	12
52	49	11
52	50	11
52	51	33
53	1	3
53	2	1
53	3	2
53	4	2
53	5	2
53	6	8
53	7	2
53	8	15
53	9	11
53	10	6
53	11	7
53	12	7
53	13	6
53	14	10
53	15	2
53	16	5
53	17	7
53	18	3
53	19	5
53	20	3
53	21	1
53	23	3
53	24	3
53	25	2
53	26	4
53	27	10
53	28	18
53	29	3
53	30	7
53	31	8
53	32	1
53	33	5
53	34	3
53	35	6
53	36	6
53	37	7
53	38	4
53	39	5
53	40	7
53	41	8
53	42	7
53	43	4
53	44	4
53	45	5
53	46	1
53	47	10
53	48	6
53	49	19
53	50	11
53	51	7
53	52	4
54	0	2
54	3	5
54	4	3
54	5	7
54	6	7
54	7	3
54	8	10
54	9	4
54	10	4
54	11	7
54	12	5
54	13	3
54	14	4
54	15	4
54	16	5
54	17	4
54	18	3
54	19	4
54	20	4
54	21	2
54	22	4
54	23	5
54	24	6
54	25	3
54	26	4
54	27	4
54	28	8
54	29	2
54	30	11
54	31	11
54	32	9
54	33	5
54	34	9
54	35	3
54	36	2
54	37	2
54	38	5
54	39	2
54	40	5
54	41	4
54	42	7
54	43	5
54	44	6
54	45	2
54	46	6
54	47	10
54	48	7
54	49	10
54	50	4
54	51	5
54	52	8
54	53	17
55	0	1
55	1	5
55	2	5
55	3	4
55	4	3
55	5	5
55	6	7
55	7	8
55	8	10
55	9	9
55	10	2
55	11	7
55	12	5
55	13	5
55	14	5
55	15	5
55	16	5
55	17	3
55	18	3
55	19	2
55	20	2
55	21	1
55	22	3
55	23	2
55	24	7
55	25	4
55	26	2
55	27	2
55	28	8
55	29	7
55	30	2
55	31	4
55	32	2
55	33	7
55	34	7
55	35	6
55	36	2
55	37	1
55	38	4
55	39	6
55	40	1
55	41	10
55	42	4
55	43	3
55	44	5
55	45	6
55	47	6
55	48	8
55	49	9
55	50	6
55	51	11
55	52	8
55	53	18
55	54	16
56	0	2
56	1	1
56	3	4
56	4	3
56	5	6
56	6	7
56	7	8
56	8	11
56	9	5
56	10	1
56	11	6
56	12	6
56	13	4
56	14	3
56	15	5
56	16	2
56	17	2
56	18	2
56	19	2
56	20	1
56	21	5
56	22	1
56	23	1
56	24	3
56	25	3
56	26	5
56	27	2
56	28	4
56	29	5
56	30	4
56	31	5
56	32	5
56	33	3
56	34	5
56	35	2
56	36	3
56	37	1
56	38	4
56	39	3
56	40	2
56	41	4
56	42	3
56	43	9
56	44	3
56	45	3
56	46	4
56	47	14
56	48	4
56	49	4
56	50	5
56	51	5
56	52	4
56	53	8
56	54	9
56	55	17
57	3	7
57	4	5
57	5	16
57	6	11
57	7	5
57	8	8
57	9	2
57	11	1
57	12	4
57	13	6
57	14	4
57	15	2
57	16	8
57	17	8
57	18	4
57	19	7
57	20	11
57	21	5
57	22	8
57	23	5
57	24	5
57	25	1
57	27	3
57	28	7
57	29	1
57	30	4
57	31	5
57	32	4
57	33	5
57	34	4
57	35	3
57	36	5
57	37	1
57	38	4
57	39	5
57	40	3
57	41	6
57	42	3
57	43	3
57	44	3
57	45	5
57	46	3
57	47	4
57	48	4
57	49	11
57	50	7
57	51	7
57	52	8
57	53	5
57	54	5
57	55	10
57	56	15
58	3	4
58	4	7
58	5	6
58	6	6
58	7	7
58	8	6
58	9	7
58	10	4
58	11	3
58	12	4
58	13	2
58	14	5
58	15	2
58	16	8
58	17	3
58	18	2
58	19	2
58	21	3
58	22	6
58	23	1
58	24	5
58	25	2
58	26	1
58	27	4
58	28	6
58	29	4
58	30	5
58	31	1
58	33	5
58	34	3
58	35	4
58	36	3
58	37	1
58	38	2
58	39	5
58	40	2
58	41	3
58	42	3
58	43	2
58	44	4
58	45	3
58	46	2
58	47	3
58	48	6
58	49	5
58	50	5
58	51	5
58	52	5
58	53	5
58	54	10
58	55	13
58	56	14
58	57	15
59	0	4
59	2	2
59	3	2
59	4	3
59	5	3
59	6	2
59	7	2
59	8	5
59	9	2
59	10	1
59	12	4
59	13	4
59	14	3
59	15	3
59	16	2
59	17	3
59	18	2
59	19	5
59	22	1
59	24	4
59	25	4
59	26	1
59	27	4
59	28	5
59	29	1
59	30	1
59	31	1
59	33	2
59	34	3
59	35	1
59	36	3
59	38	2
59	39	3
59	40	3
59	41	3
59	43	2
59	44	4
59	45	2
59	46	2
59	49	1
59	50	5
59	51	3
59	52	3
59	53	4
59	54	1
59	55	6
59	56	3
59	57	4
59	58	5
60	0	7
60	1	6
60	2	6
60	4	3
60	7	5
60	8	2
60	9	1
60	10	1
60	11	4
60	12	1
60	13	5
60	15	1
60	16	2
60	21	2
60	22	4
60	25	4
60	28	2
60	30	4
60	31	6
60	32	3
60	33	4
60	34	7
60	35	2
60	36	1
60	38	1
60	39	3
60	40	2
60	41	1
60	42	5
60	43	6
60	44	8
60	45	9
60	46	10
60	48	3
60	49	4
60	51	1
60	52	4
60	53	2
60	54	3
60	55	4
60	56	2
60	57	4
60	58	2
60	59	1
