1	0	13
2	0	4
2	1	19
3	2	2
4	1	4
4	3	17
5	0	1
5	2	3
5	3	9
5	4	18
6	1	1
6	3	4
6	4	6
6	5	13
7	0	1
7	1	1
7	3	6
7	4	7
7	5	6
7	6	11
8	1	2
8	2	2
8	3	3
8	4	7
8	5	4
8	6	15
8	7	19
9	0	2
9	2	1
9	3	3
9	4	6
9	5	6
9	6	8
9	7	6
9	8	10
10	3	4
10	4	1
10	5	4
10	6	7
10	7	7
10	8	8
10	9	23
11	0	2
11	1	4
11	2	1
11	3	1
11	4	3
11	5	2
11	6	4
11	7	2
11	8	6
11	9	19
11	10	18
12	1	1
12	3	3
12	4	5
12	5	5
12	6	7
12	7	5
12	8	9
12	9	19
12	10	16
12	11	21
13	1	1
13	2	1
13	3	5
13	4	3
13	5	1
13	6	8
13	7	8
13	8	7
13	9	11
13	10	18
13	11	5
13	12	14
14	0	2
14	1	1
14	3	3
14	4	5
14	5	1
14	6	1
14	7	6
14	8	3
14	9	3
14	10	6
14	11	4
14	12	6
14	13	9
15	1	1
15	3	4
15	4	1
15	5	4
15	6	3
15	7	7
15	8	6
15	9	10
15	10	7
15	11	6
15	12	8
15	13	14
15	14	23
16	0	3
16	1	1
16	3	3
16	4	3
16	5	2
16	6	5
16	7	8
16	8	4
16	9	3
16	10	6
16	11	4
16	12	9
16	13	12
16	14	10
16	15	11
17	3	5
17	4	6
17	5	4
17	6	4
17	7	5
17	8	7
17	9	4
17	10	9
17	11	8
17	13	9
17	14	4
17	15	9
17	16	2
18	2	3
18	3	11
18	4	3
18	5	6
18	6	1
18	7	4
18	8	7
18	9	2
18	10	6
18	11	4
18	13	5
18	14	4
18	15	5
18	16	9
18	17	14
19	1	1
19	2	2
19	3	15
19	4	5
19	5	7
19	6	4
19	7	8
19	8	5
19	9	4
19	10	5
19	11	3
19	12	5
19	13	4
19	14	4
19	15	10
19	16	3
19	17	14
19	18	26
20	3	5
20	4	6
20	5	1
20	6	4
20	7	4
20	8	2
20	9	3
20	10	4
20	11	4
20	12	7
20	13	5
20	14	7
20	15	9
20	16	4
20	17	8
20	18	4
20	19	8
21	0	1
21	2	1
21	3	1
21	4	5
21	5	5
21	6	5
21	7	6
21	8	4
21	9	3
21	10	3
21	11	1
21	12	3
21	13	8
21	14	7
21	15	9
21	16	13
21	17	5
21	18	8
21	19	4
21	20	12
22	2	1
22	3	5
22	4	4
22	5	8
22	6	3
22	7	3
22	8	8
22	9	3
22	10	8
22	11	3
22	12	4
22	13	4
22	14	4
22	15	6
22	16	7
22	17	12
22	18	1
22	19	4
22	20	5
22	21	5
23	1	2
23	3	5
23	4	8
23	5	3
23	6	4
23	7	2
23	8	7
23	9	9
23	10	8
23	11	7
23	12	3
23	13	8
23	14	1
23	15	6
23	16	2
23	17	12
23	18	4
23	19	4
23	20	2
23	21	4
23	22	12
24	0	2
24	3	6
24	4	8
24	5	6
24	6	5
24	7	10
24	8	9
24	9	5
24	10	12
24	11	7
24	12	6
24	13	8
24	14	3
24	15	8
24	16	8
24	17	9
24	18	10
24	19	12
24	20	6
24	21	4
24	22	4
24	23	17
25	1	2
25	2	1
25	3	8
25	4	3
25	5	2
25	6	8
25	7	3
25	8	3
25	9	6
25	10	7
25	11	2
25	12	6
25	13	5
25	14	5
25	15	2
25	16	2
25	17	7
25	18	1
25	19	5
25	20	2
25	21	2
25	22	11
25	23	11
25	24	7
26	1	1
26	3	3
26	4	6
26	5	3
26	8	5
26	9	2
26	10	2
26	11	1
26	12	2
26	13	2
26	14	3
26	17	2
26	18	4
26	19	4
26	20	3
26	21	1
26	22	7
26	23	5
26	24	4
26	25	6
27	1	1
27	2	1
27	3	4
27	4	4
27	5	4
27	6	6
27	7	6
27	8	15
27	9	16
27	10	7
27	11	8
27	12	4
27	13	4
27	14	5
27	15	5
27	16	4
27	17	6
27	18	2
27	19	6
27	20	4
27	21	5
27	22	7
27	23	7
27	24	12
27	25	14
27	26	3
28	2	4
28	3	8
28	4	7
28	5	12
28	6	8
28	7	3
28	8	9
28	9	9
28	10	9
28	11	12
28	12	4
28	13	10
28	14	2
28	15	2
28	16	5
28	17	8
28	18	4
28	19	3
28	20	7
28	21	2
28	22	7
28	23	7
28	24	9
28	25	7
28	26	2
28	27	19
29	3	4
29	4	4
29	5	8
29	6	2
29	7	1
29	8	9
29	9	4
29	10	2
29	11	1
29	12	2
29	13	1
29	14	1
29	17	2
29	19	2
29	21	3
29	22	5
29	24	3
29	25	1
29	26	1
29	27	10
29	28	28
30	2	1
30	3	1
30	4	3
30	5	5
30	6	1
30	7	4
30	8	6
30	9	5
30	10	4
30	11	6
30	12	2
30	13	3
30	14	2
30	15	4
30	16	1
30	17	2
30	18	2
30	19	1
30	21	4
30	23	8
30	24	3
30	25	5
30	27	3
30	28	6
31	1	3
31	2	2
31	4	1
31	5	2
31	6	3
31	7	2
31	8	7
31	9	9
31	10	2
31	11	3
31	12	4
31	13	3
31	15	1
31	18	1
31	19	1
31	21	2
31	23	3
31	24	1
31	25	2
31	27	3
31	28	4
31	29	6
31	30	7
32	2	1
32	4	4
32	5	2
32	6	5
32	8	5
32	9	2
32	10	3
32	11	2
32	12	3
32	15	1
32	16	1
32	17	1
32	18	3
32	19	1
32	21	2
32	22	2
32	23	3
32	24	3
32	26	1
32	27	10
32	28	3
32	29	2
32	30	6
32	31	5
33	0	2
33	1	2
33	2	3
33	3	2
33	4	3
33	5	5
33	6	4
33	7	3
33	8	2
33	9	1
33	10	3
33	11	3
33	12	2
33	13	2
33	15	2
33	16	2
33	17	3
33	22	1
33	23	1
33	24	4
33	25	5
33	26	2
33	27	3
33	28	3
33	30	17
33	31	14
33	32	14
34	1	2
34	2	3
34	4	4
34	5	8
34	6	3
34	7	2
34	8	3
34	9	1
34	10	5
34	11	5
34	12	3
34	13	1
34	15	3
34	16	3
34	17	2
34	20	2
34	21	2
34	22	1
34	23	4
34	24	3
34	25	4
34	26	1
34	27	2
34	28	9
34	29	3
34	30	10
34	31	16
34	32	5
34	33	13
35	3	6
35	4	6
35	5	4
35	6	4
35	7	6
35	8	2
35	9	6
35	10	9
35	11	10
35	12	5
35	13	4
35	14	3
35	15	4
35	16	2
35	17	4
35	18	2
35	19	6
35	20	6
35	21	4
35	22	8
35	23	4
35	24	4
35	25	9
35	26	4
35	27	9
35	28	4
35	29	5
35	30	4
35	31	2
35	32	1
35	33	3
35	34	3
36	3	5
36	4	4
36	5	3
36	6	5
36	7	3
36	8	4
36	9	6
36	10	11
36	11	12
36	12	5
36	13	9
36	14	3
36	15	3
36	16	7
36	17	6
36	18	3
36	19	5
36	20	4
36	21	6
36	22	2
36	23	3
36	24	5
36	25	4
36	26	3
36	27	13
36	28	4
36	29	2
36	30	3
36	31	4
36	32	1
36	33	2
36	35	17
37	2	1
37	3	3
37	4	2
37	5	6
37	6	2
37	7	2
37	8	2
37	9	7
37	10	11
37	11	4
37	12	9
37	13	1
37	14	2
37	15	2
37	16	3
37	17	5
37	18	5
37	19	4
37	20	1
37	21	2
37	22	5
37	23	5
37	24	13
37	25	12
37	26	5
37	27	17
37	28	5
37	29	5
37	30	4
37	31	7
37	33	2
37	34	4
37	35	24
37	36	9
38	0	1
38	1	1
38	2	3
38	3	4
38	4	6
38	5	6
38	6	5
38	7	2
38	8	5
38	9	3
38	10	2
38	11	8
38	12	5
38	13	9
38	15	5
38	16	3
38	17	3
38	18	5
38	19	2
38	20	3
38	21	1
38	22	2
38	23	14
38	24	6
38	25	11
38	26	6
38	27	17
38	28	12
38	29	6
38	30	2
38	31	1
38	32	3
38	33	2
38	34	1
38	35	13
38	36	8
38	37	20
39	0	3
39	3	2
39	5	2
39	6	2
39	7	2
39	8	3
39	9	3
39	10	9
39	11	6
39	12	7
39	13	6
39	14	5
39	15	2
39	16	5
39	17	2
39	19	2
39	20	3
39	21	1
39	22	3
39	23	3
39	24	7
39	25	7
39	26	3
39	27	6
39	28	2
39	29	5
39	30	7
39	31	1
39	32	4
39	33	2
39	34	4
39	35	17
39	36	7
39	37	7
39	38	24
40	0	2
40	1	1
40	3	2
40	4	4
40	5	2
40	6	8
40	7	3
40	8	5
40	9	5
40	10	3
40	11	4
40	12	4
40	13	6
40	14	4
40	15	3
40	16	2
40	17	3
40	18	7
40	19	3
40	20	1
40	21	4
40	22	5
40	23	4
40	24	4
40	25	4
40	26	6
40	27	13
40	28	17
40	29	13
40	30	12
40	31	4
40	32	1
40	33	6
40	34	3
40	35	11
40	36	11
40	37	11
40	38	18
40	39	4
41	2	1
41	3	3
41	4	3
41	5	3
41	6	3
41	7	5
41	8	6
41	9	9
41	10	6
41	11	10
41	12	4
41	13	3
41	14	3
41	15	3
41	16	1
41	17	3
41	19	5
41	20	1
41	21	5
41	22	2
41	23	1
41	24	5
41	25	2
41	26	2
41	27	1
41	28	10
41	29	3
41	30	16
41	31	8
41	32	2
41	33	8
41	34	3
41	35	8
41	36	8
41	37	1
41	38	5
41	39	5
41	40	7
42	1	1
42	4	3
42	5	1
42	6	3
42	7	2
42	8	10
42	9	3
42	10	3
42	11	4
42	12	6
42	13	2
42	15	2
42	16	2
42	18	2
42	21	5
42	22	1
42	24	4
42	25	1
42	27	6
42	28	3
42	29	3
42	30	16
42	31	11
42	32	6
42	33	8
42	34	4
42	35	3
42	36	1
42	37	2
42	38	6
42	39	1
42	40	10
42	41	12
43	2	1
43	4	3
43	5	7
43	6	4
43	7	5
43	8	6
43	10	5
43	11	2
43	12	7
43	13	2
43	14	3
43	15	3
43	16	5
43	18	2
43	19	2
43	20	1
43	25	2
43	27	4
43	28	4
43	29	4
43	30	5
43	31	4
43	32	9
43	33	7
43	34	6
43	35	3
43	37	4
43	38	4
43	39	3
43	40	4
43	41	4
43	42	10
44	1	1
44	2	4
44	4	2
44	5	1
44	6	2
44	7	3
44	8	4
44	9	3
44	10	4
44	11	2
44	12	1
44	13	3
44	14	2
44	15	2
44	16	3
44	19	2
44	22	1
44	24	2
44	27	1
44	29	5
44	30	7
44	31	2
44	32	6
44	33	10
44	34	6
44	35	5
44	36	4
44	38	7
44	40	3
44	41	1
44	42	3
44	43	17
45	1	1
45	2	2
45	3	2
45	4	2
45	7	1
45	8	2
45	9	1
45	10	2
45	12	1
45	13	5
45	14	3
45	15	1
45	16	1
45	17	2
45	18	2
45	25	1
45	27	4
45	28	4
45	30	9
45	31	5
45	32	4
45	33	13
45	34	4
45	35	1
45	38	1
45	39	2
45	40	3
45	41	4
45	42	8
45	43	10
45	44	13
46	0	3
46	1	3
46	2	2
46	4	2
46	5	2
46	6	4
46	8	5
46	9	5
46	10	3
46	11	1
46	12	1
46	13	2
46	15	3
46	18	2
46	19	3
46	20	1
46	22	1
46	23	6
46	24	3
46	25	7
46	27	2
46	28	2
46	29	1
46	30	10
46	31	7
46	32	10
46	33	11
46	34	8
46	35	4
46	36	2
46	38	3
46	39	3
46	40	1
46	42	6
46	43	12
46	44	9
46	45	11
47	2	3
47	3	1
47	4	2
47	5	3
47	6	4
47	7	4
47	8	14
47	9	4
47	10	6
47	11	3
47	12	6
47	13	6
47	14	4
47	15	3
47	16	9
47	17	1
47	18	4
47	19	1
47	21	1
47	22	1
47	23	3
47	24	4
47	25	5
47	27	7
47	28	4
47	29	3
47	30	11
47	31	2
47	32	3
47	33	5
47	34	8
47	35	1
47	36	3
47	37	3
47	38	1
47	39	6
47	40	5
47	41	4
47	42	9
47	43	7
47	44	3
47	45	2
47	46	2
48	0	1
48	1	2
48	3	4
48	4	2
48	5	2
48	6	1
48	7	5
48	8	7
48	9	3
48	10	8
48	11	9
48	12	9
48	13	3
48	14	5
48	15	7
48	16	3
48	17	6
48	18	4
48	19	1
48	20	4
48	21	5
48	22	1
48	23	3
48	24	4
48	25	4
48	27	9
48	28	2
48	29	8
48	30	3
48	31	3
48	34	6
48	35	6
48	36	2
48	37	5
48	38	4
48	39	5
48	40	6
48	41	4
48	42	11
48	43	5
48	44	5
48	45	3
48	46	3
48	47	15
49	2	1
49	3	2
49	4	3
49	5	5
49	6	10
49	7	12
49	8	31
49	9	17
49	10	15
49	11	7
49	12	19
49	13	11
49	14	4
49	15	5
49	16	13
49	17	3
49	18	4
49	19	5
49	20	4
49	21	2
49	22	4
49	23	5
49	24	11
49	25	5
49	26	2
49	27	11
49	28	10
49	29	3
49	30	4
49	31	3
49	32	1
49	33	6
49	34	10
49	35	5
49	36	5
49	37	5
49	38	3
49	39	7
49	40	4
49	41	11
49	42	8
49	43	6
49	44	4
49	45	4
49	46	1
49	47	13
49	48	24
50	2	1
50	3	3
50	4	2
50	5	4
50	6	11
50	7	10
50	8	14
50	9	8
50	10	7
50	11	2
50	12	8
50	13	3
50	14	4
50	15	7
50	16	7
50	17	2
50	18	2
50	19	2
50	20	2
50	21	2
50	22	2
50	23	2
50	24	9
50	25	3
50	27	3
50	28	7
50	29	3
50	30	4
50	31	3
50	33	5
50	34	2
50	35	6
50	36	2
50	37	3
50	38	8
50	39	2
50	40	5
50	41	4
50	42	4
50	43	6
50	44	3
50	45	4
50	46	4
50	47	9
50	48	8
50	49	9
51	1	1
51	3	2
51	4	6
51	5	4
51	6	11
51	7	4
51	8	11
51	9	5
51	10	5
51	11	8
51	12	5
51	13	13
51	14	3
51	15	5
51	16	10
51	17	6
51	18	3
51	19	2
51	20	5
51	21	2
51	22	2
51	23	3
51	24	1
51	25	2
51	27	6
51	28	5
51	29	3
51	30	1
51	31	5
51	32	3
51	33	3
51	34	4
51	35	4
51	36	1
51	37	3
51	38	1
51	39	3
51	40	2
51	41	1
51	42	4
51	43	5
51	44	2
51	45	4
51	46	3
51	47	4
51	48	2
51	49	15
51	50	15
52	2	3
52	3	5
52	4	5
52	5	3
52	6	5
52	7	11
52	8	7
52	9	7
52	10	5
52	11	4
52	12	10
52	13	11
52	14	8
52	15	6
52	16	11
52	17	1
52	18	3
52	19	5
52	20	3
52	21	3
52	22	2
52	23	4
52	24	7
52	25	2
52	26	1
52	27	4
52	28	2
52	29	2
52	30	9
52	31	1
52	32	2
52	33	4
52	34	4
52	35	3
52	36	6
52	37	4
52	38	3
52	39	3
52	40	5
52	41	6
52	42	5
52	43	4
52	44	3
52	45	4
52	46	1
52	47	6
52	48	10
52	49	6
52	50	10
52	51	29
53	3	2
53	4	5
53	5	6
53	6	8
53	7	7
53	8	14
53	9	12
53	10	8
53	11	9
53	12	8
53	13	6
53	14	3
53	15	2
53	16	3
53	17	4
53	18	4
53	19	3
53	20	3
53	21	3
53	22	2
53	23	3
53	24	12
53	25	3
53	27	11
53	28	9
53	29	4
53	30	10
53	31	10
53	32	2
53	33	5
53	34	6
53	35	7
53	36	5
53	37	9
53	38	3
53	39	4
53	40	6
53	41	8
53	42	4
53	43	1
53	44	4
53	45	8
53	46	2
53	47	15
53	48	10
53	49	17
53	50	9
53	51	6
53	52	4
54	3	3
54	4	3
54	5	5
54	6	4
54	7	5
54	8	13
54	9	9
54	10	6
54	11	5
54	12	5
54	13	1
54	14	3
54	15	5
54	16	4
54	17	7
54	18	2
54	19	6
54	20	1
54	21	3
54	22	2
54	23	1
54	24	2
54	25	2
54	26	3
54	27	7
54	28	9
54	29	4
54	30	8
54	31	6
54	32	2
54	33	3
54	34	4
54	35	2
54	36	1
54	37	6
54	38	5
54	39	1
54	40	5
54	41	8
54	42	8
54	43	8
54	44	4
54	45	3
54	46	3
54	47	8
54	48	3
54	49	6
54	50	5
54	51	3
54	52	5
54	53	21
55	1	2
55	3	4
55	4	4
55	5	10
55	6	10
55	7	12
55	8	24
55	9	4
55	10	4
55	11	4
55	12	6
55	13	2
55	14	4
55	15	4
55	16	4
55	17	1
55	18	4
55	19	2
55	20	5
55	21	1
55	22	1
55	23	1
55	24	1
55	25	4
55	26	1
55	27	10
55	28	8
55	29	3
55	30	3
55	31	3
55	32	6
55	33	10
55	34	4
55	35	2
55	36	1
55	37	2
55	38	5
55	39	3
55	40	5
55	41	7
55	42	6
55	43	11
55	44	6
55	45	4
55	46	7
55	47	3
55	48	5
55	49	5
55	50	5
55	51	7
55	52	7
55	53	17
55	54	22
56	0	2
56	1	2
56	2	1
56	3	3
56	4	5
56	5	5
56	6	5
56	7	3
56	8	6
56	9	7
56	10	6
56	11	3
56	12	3
56	13	1
56	14	6
56	15	3
56	16	5
56	17	5
56	18	2
56	19	3
56	20	2
56	21	5
56	22	2
56	23	3
56	24	4
56	25	3
56	26	2
56	27	5
56	28	5
56	29	3
56	30	6
56	31	3
56	32	5
56	33	1
56	34	3
56	35	5
56	36	3
56	37	1
56	38	4
56	39	4
56	40	4
56	41	5
56	42	3
56	43	4
56	44	5
56	45	1
56	46	4
56	47	4
56	48	4
56	49	10
56	50	4
56	51	12
56	52	7
56	53	7
56	54	8
56	55	16
57	3	2
57	4	2
57	5	10
57	6	11
57	7	9
57	8	11
57	9	5
57	10	3
57	11	5
57	12	6
57	13	5
57	14	3
57	15	4
57	16	6
57	17	4
57	18	4
57	19	3
57	20	5
57	21	5
57	22	4
57	23	5
57	24	9
57	25	7
57	27	4
57	28	1
57	29	5
57	30	2
57	31	2
57	33	2
57	34	2
57	35	4
57	36	3
57	37	3
57	38	1
57	39	1
57	40	1
57	41	2
57	42	4
57	43	8
57	44	3
57	46	1
57	47	2
57	48	2
57	49	10
57	50	9
57	51	6
57	52	6
57	53	5
57	54	12
57	55	11
57	56	11
58	1	3
58	3	2
58	4	12
58	5	9
58	6	8
58	7	3
58	8	5
58	9	6
58	10	4
58	11	4
58	12	7
58	13	1
58	14	7
58	15	5
58	16	7
58	17	4
58	18	3
58	19	4
58	20	5
58	21	1
58	22	4
58	23	3
58	24	7
58	25	3
58	27	6
58	28	6
58	29	3
58	30	3
58	31	4
58	33	1
58	34	4
58	35	6
58	36	2
58	37	1
58	38	1
58	39	1
58	40	4
58	41	4
58	42	3
58	43	4
58	44	4
58	45	5
58	46	2
58	47	5
58	48	3
58	49	12
58	50	5
58	51	2
58	52	3
58	53	4
58	54	6
58	55	10
58	56	8
58	57	20
59	0	2
59	3	1
59	4	5
59	5	5
59	6	2
59	7	2
59	8	3
59	9	2
59	10	6
59	12	3
59	13	1
59	14	2
59	15	5
59	16	1
59	17	3
59	18	3
59	19	3
59	22	3
59	23	3
59	24	4
59	25	1
59	26	3
59	28	5
59	30	6
59	31	3
59	33	6
59	34	2
59	35	2
59	36	1
59	38	3
59	39	2
59	40	3
59	41	5
59	43	5
59	44	2
59	45	5
59	46	6
59	47	3
59	49	3
59	50	1
59	51	2
59	52	4
59	53	3
59	54	3
59	55	4
59	56	6
59	57	7
59	58	6
60	0	5
60	1	6
60	2	1
60	4	1
60	5	2
60	8	7
60	9	2
60	10	3
60	12	4
60	13	4
60	15	3
60	16	1
60	17	1
60	20	2
60	22	3
60	25	2
60	27	2
60	28	2
60	30	3
60	31	4
60	32	2
60	33	5
60	34	6
60	35	1
60	38	1
60	39	6
60	40	3
60	41	6
60	42	1
60	43	4
60	44	7
60	45	9
60	46	4
60	47	4
60	48	2
60	49	4
60	51	5
60	52	1
60	53	6
60	54	4
60	55	2
60	58	2
60	59	2
