1	0	12
2	0	12
2	1	21
3	2	3
4	1	1
4	3	17
5	0	1
5	1	3
5	3	6
5	4	16
6	3	5
6	4	4
6	5	10
7	0	1
7	3	8
7	4	5
7	5	2
7	6	17
8	0	2
8	1	3
8	3	2
8	4	7
8	5	6
8	6	21
8	7	16
9	0	2
9	2	1
9	3	2
9	4	2
9	5	6
9	6	6
9	7	7
9	8	14
10	1	2
10	2	3
10	3	3
10	4	4
10	5	3
10	6	6
10	7	10
10	8	9
10	9	17
11	0	1
11	2	1
11	3	2
11	4	2
11	5	4
11	6	4
11	7	9
11	8	9
11	9	13
11	10	23
12	1	2
12	3	2
12	4	7
12	5	5
12	6	4
12	7	5
12	8	10
12	9	9
12	10	21
12	11	20
13	1	1
13	3	4
13	4	3
13	5	5
13	6	10
13	7	6
13	8	10
13	9	9
13	10	24
13	11	5
13	12	13
14	0	3
14	1	1
14	3	3
14	4	2
14	5	4
14	6	6
14	7	6
14	8	8
14	9	5
14	10	2
14	11	5
14	12	9
14	13	17
15	3	6
15	4	2
15	5	8
15	6	4
15	7	9
15	8	12
15	9	7
15	10	9
15	11	5
15	12	6
15	13	8
15	14	17
16	1	1
16	3	4
16	4	5
16	5	5
16	6	6
16	7	6
16	8	3
16	9	6
16	10	5
16	11	3
16	12	5
16	13	14
16	14	8
16	15	19
17	1	1
17	2	1
17	3	9
17	4	6
17	5	7
17	6	5
17	7	5
17	8	5
17	9	6
17	10	7
17	12	5
17	13	8
17	14	5
17	15	1
17	16	6
18	0	1
18	2	2
18	3	13
18	4	7
18	5	3
18	6	4
18	7	8
18	8	6
18	9	6
18	10	4
18	11	2
18	12	4
18	13	5
18	14	4
18	15	3
18	16	4
18	17	13
19	1	1
19	2	1
19	3	8
19	4	1
19	5	6
19	6	9
19	7	10
19	8	7
19	9	5
19	10	5
19	12	1
19	13	7
19	14	7
19	15	8
19	16	6
19	17	7
19	18	14
20	3	5
20	4	5
20	5	3
20	6	3
20	7	5
20	8	4
20	9	4
20	10	6
20	11	1
20	12	5
20	13	2
20	14	4
20	15	8
20	16	7
20	17	5
20	18	9
20	19	7
21	1	3
21	2	4
21	3	4
21	4	4
21	5	7
21	6	3
21	7	10
21	8	3
21	9	10
21	10	7
21	11	2
21	12	6
21	13	3
21	14	10
21	15	13
21	16	13
21	17	11
21	18	1
21	19	13
21	20	19
22	3	8
22	4	3
22	5	4
22	6	2
22	7	2
22	8	5
22	9	6
22	10	10
22	11	3
22	12	1
22	13	9
22	14	3
22	15	6
22	16	4
22	17	14
22	18	9
22	19	3
22	20	3
22	21	5
23	3	3
23	4	4
23	6	3
23	7	2
23	8	9
23	9	6
23	10	7
23	11	6
23	12	2
23	13	4
23	14	2
23	15	2
23	16	2
23	17	10
23	18	6
23	19	9
23	20	4
23	21	4
23	22	11
24	0	3
24	3	6
24	4	9
24	5	7
24	6	7
24	7	7
24	8	9
24	9	8
24	10	6
24	11	8
24	12	5
24	13	5
24	14	4
24	15	5
24	16	5
24	17	10
24	18	5
24	19	6
24	20	4
24	21	5
24	22	7
24	23	10
25	0	1
25	3	6
25	4	6
25	5	3
25	6	6
25	7	3
25	8	3
25	9	4
25	10	7
25	11	5
25	12	2
25	13	6
25	14	6
25	15	5
25	16	2
25	17	12
25	18	2
25	19	2
25	20	6
25	21	8
25	22	4
25	23	12
25	24	6
26	3	1
26	4	8
26	5	4
26	8	3
26	9	3
26	10	4
26	11	2
26	12	2
26	13	4
26	14	3
26	15	3
26	17	3
26	18	2
26	19	2
26	20	2
26	21	1
26	22	6
26	23	5
26	24	5
26	25	7
27	2	3
27	3	5
27	4	6
27	5	3
27	6	8
27	7	2
27	8	7
27	9	10
27	10	16
27	11	7
27	12	12
27	13	8
27	14	5
27	15	4
27	16	2
27	17	7
27	18	4
27	19	4
27	20	1
27	21	4
27	22	6
27	23	10
27	24	16
27	25	8
27	26	10
28	2	3
28	3	4
28	4	9
28	5	8
28	6	4
28	7	2
28	8	13
28	9	7
28	10	4
28	11	10
28	12	4
28	13	3
28	14	1
28	15	2
28	16	4
28	17	4
28	18	4
28	19	6
28	20	5
28	21	2
28	22	4
28	23	3
28	24	7
28	25	7
28	26	7
28	27	18
29	0	2
29	3	2
29	4	5
29	5	4
29	6	2
29	7	3
29	8	3
29	9	4
29	10	4
29	11	1
29	12	5
29	13	4
29	14	1
29	19	4
29	21	1
29	22	2
29	24	3
29	25	5
29	26	8
29	27	12
29	28	23
30	1	3
30	2	1
30	3	2
30	4	7
30	5	5
30	6	3
30	7	2
30	8	7
30	9	5
30	10	2
30	11	1
30	12	4
30	14	3
30	15	5
30	16	4
30	21	1
30	23	1
30	24	6
30	25	3
30	27	3
30	28	7
30	29	6
31	1	3
31	2	2
31	4	4
31	5	3
31	6	3
31	7	5
31	8	4
31	9	3
31	10	5
31	11	5
31	12	6
31	13	1
31	15	4
31	18	5
31	20	1
31	21	1
31	22	1
31	23	2
31	24	1
31	25	2
31	27	3
31	28	6
31	29	6
31	30	18
32	2	8
32	4	1
32	5	2
32	6	2
32	8	3
32	9	3
32	10	2
32	11	3
32	12	3
32	15	3
32	18	4
32	19	5
32	21	2
32	23	3
32	24	1
32	25	2
32	26	2
32	27	4
32	28	6
32	29	1
32	30	8
32	31	3
33	1	5
33	2	2
33	4	3
33	5	3
33	6	1
33	7	2
33	8	6
33	9	2
33	10	5
33	11	3
33	12	6
33	13	5
33	15	2
33	16	2
33	17	1
33	22	2
33	23	3
33	24	2
33	25	5
33	26	1
33	27	5
33	28	3
33	29	3
33	30	5
33	31	5
33	32	18
34	0	1
34	1	6
34	4	3
34	5	4
34	6	2
34	8	12
34	9	2
34	10	3
34	11	2
34	12	3
34	13	2
34	15	2
34	16	4
34	17	7
34	21	1
34	23	1
34	24	3
34	25	3
34	27	6
34	28	5
34	30	6
34	31	17
34	32	10
34	33	26
35	1	1
35	2	2
35	3	7
35	4	4
35	5	7
35	6	5
35	7	4
35	8	10
35	9	6
35	10	12
35	11	10
35	12	5
35	13	7
35	14	2
35	15	2
35	16	4
35	17	8
35	18	4
35	19	4
35	20	4
35	21	6
35	22	7
35	23	8
35	24	8
35	25	13
35	26	5
35	27	9
35	28	8
35	29	3
35	30	3
35	31	3
35	32	2
35	33	4
35	34	1
36	4	4
36	5	8
36	6	2
36	7	3
36	8	10
36	9	8
36	10	20
36	11	6
36	12	9
36	13	2
36	14	3
36	15	1
36	16	4
36	17	2
36	18	3
36	19	2
36	20	6
36	21	2
36	22	5
36	23	8
36	24	3
36	25	5
36	26	4
36	27	13
36	28	4
36	29	3
36	30	1
36	31	4
36	32	4
36	33	1
36	35	14
37	2	2
37	3	1
37	4	7
37	5	4
37	6	2
37	7	4
37	8	6
37	9	2
37	10	6
37	11	9
37	12	6
37	13	5
37	14	3
37	15	4
37	16	3
37	17	4
37	18	2
37	19	4
37	20	3
37	21	3
37	22	2
37	23	5
37	24	7
37	25	11
37	26	6
37	27	10
37	28	11
37	29	8
37	30	1
37	31	2
37	33	2
37	34	2
37	35	24
37	36	12
38	1	2
38	3	5
38	4	6
38	5	9
38	6	5
38	7	5
38	8	4
38	9	9
38	10	10
38	11	12
38	12	8
38	13	9
38	14	4
38	15	4
38	16	4
38	17	3
38	18	3
38	19	1
38	20	4
38	21	3
38	22	4
38	23	7
38	24	9
38	25	13
38	26	5
38	27	19
38	28	18
38	29	6
38	30	8
38	31	3
38	32	2
38	33	5
38	34	2
38	35	18
38	36	9
38	37	28
39	0	1
39	3	1
39	4	2
39	5	6
39	6	2
39	7	1
39	8	5
39	9	3
39	10	5
39	11	10
39	12	6
39	13	6
39	14	1
39	15	4
39	16	3
39	17	2
39	18	7
39	20	1
39	21	2
39	22	5
39	23	5
39	24	5
39	25	3
39	26	4
39	27	4
39	28	8
39	29	2
39	30	5
39	31	2
39	32	2
39	33	1
39	34	2
39	35	13
39	36	12
39	37	14
39	38	20
40	0	1
40	1	1
40	3	3
40	4	3
40	5	2
40	6	5
40	7	6
40	8	5
40	9	8
40	10	3
40	11	3
40	12	8
40	13	5
40	15	1
40	16	1
40	17	4
40	18	4
40	20	5
40	21	5
40	22	2
40	23	4
40	24	7
40	25	6
40	26	6
40	27	12
40	28	17
40	29	5
40	30	4
40	31	7
40	32	3
40	33	3
40	34	6
40	35	9
40	36	8
40	37	4
40	38	19
40	39	7
41	2	1
41	3	6
41	4	3
41	5	5
41	6	3
41	7	5
41	8	6
41	9	7
41	10	6
41	11	5
41	12	9
41	13	4
41	14	2
41	15	3
41	16	3
41	17	2
41	18	2
41	20	3
41	22	3
41	23	2
41	24	6
41	25	4
41	26	3
41	27	5
41	28	5
41	29	6
41	30	11
41	31	10
41	32	1
41	33	7
41	34	7
41	35	11
41	36	5
41	37	8
41	38	12
41	39	7
41	40	12
42	1	2
42	4	3
42	5	1
42	6	6
42	8	4
42	9	3
42	11	7
42	12	6
42	13	2
42	14	1
42	15	2
42	16	4
42	20	2
42	21	1
42	22	1
42	24	1
42	25	2
42	27	4
42	28	7
42	29	3
42	30	19
42	31	6
42	32	1
42	33	6
42	34	9
42	35	4
42	36	1
42	37	6
42	38	3
42	39	2
42	40	5
42	41	7
43	2	3
43	4	2
43	5	2
43	7	4
43	8	4
43	9	4
43	10	4
43	11	4
43	13	2
43	14	5
43	15	5
43	16	1
43	17	2
43	18	1
43	19	1
43	20	1
43	25	6
43	27	6
43	28	3
43	29	4
43	30	10
43	31	6
43	32	7
43	33	11
43	34	13
43	35	2
43	37	4
43	38	3
43	39	3
43	40	2
43	41	11
43	42	12
44	1	4
44	2	3
44	4	1
44	5	4
44	6	6
44	7	4
44	8	5
44	9	6
44	10	2
44	11	1
44	12	3
44	13	1
44	15	1
44	16	4
44	20	2
44	22	2
44	23	2
44	24	1
44	27	2
44	28	4
44	29	1
44	30	7
44	31	2
44	32	7
44	33	8
44	34	6
44	35	1
44	36	1
44	38	4
44	41	2
44	42	8
44	43	23
45	1	3
45	2	1
45	3	1
45	7	1
45	8	4
45	9	1
45	12	3
45	13	4
45	14	2
45	18	5
45	22	3
45	25	1
45	27	3
45	28	3
45	30	7
45	31	5
45	32	6
45	33	8
45	34	6
45	35	1
45	38	4
45	39	2
45	40	5
45	41	2
45	42	4
45	43	7
45	44	11
46	0	2
46	1	3
46	2	4
46	4	3
46	5	2
46	6	2
46	8	3
46	9	4
46	10	3
46	11	1
46	12	9
46	13	4
46	15	1
46	18	6
46	19	1
46	20	2
46	23	2
46	24	3
46	25	4
46	27	1
46	28	2
46	29	2
46	30	6
46	31	2
46	32	10
46	33	9
46	34	3
46	35	2
46	36	2
46	38	3
46	39	2
46	40	3
46	42	1
46	43	10
46	44	17
46	45	19
47	0	2
47	2	1
47	3	2
47	4	3
47	5	2
47	6	4
47	7	7
47	8	3
47	9	4
47	10	6
47	11	2
47	12	6
47	13	5
47	14	5
47	15	4
47	16	7
47	17	1
47	18	3
47	19	4
47	20	7
47	21	1
47	22	3
47	23	4
47	24	5
47	25	2
47	27	3
47	28	7
47	29	5
47	30	6
47	31	6
47	33	3
47	34	4
47	35	1
47	36	4
47	37	3
47	38	8
47	39	6
47	40	3
47	41	2
47	42	8
47	43	3
47	44	3
47	45	1
47	46	2
48	0	1
48	1	6
48	3	4
48	4	2
48	5	4
48	6	4
48	7	7
48	8	16
48	9	6
48	10	7
48	11	8
48	12	11
48	13	3
48	14	3
48	15	4
48	16	8
48	17	3
48	18	3
48	19	8
48	20	1
48	21	5
48	22	3
48	23	2
48	24	7
48	25	4
48	27	9
48	28	5
48	29	1
48	30	7
48	31	4
48	32	2
48	33	1
48	34	4
48	35	4
48	36	7
48	37	4
48	38	3
48	39	8
48	40	5
48	41	1
48	42	4
48	43	6
48	44	4
48	46	2
48	47	15
49	2	1
49	3	3
49	4	4
49	5	5
49	6	5
49	7	18
49	8	44
49	9	17
49	10	6
49	11	17
49	12	20
49	13	11
49	14	6
49	15	11
49	16	9
49	17	4
49	18	4
49	19	10
49	20	2
49	21	6
49	22	4
49	23	6
49	24	11
49	25	4
49	26	3
49	27	8
49	28	6
49	30	4
49	31	2
49	32	4
49	33	5
49	34	3
49	35	9
49	36	3
49	37	3
49	38	7
49	39	4
49	40	4
49	41	8
49	42	3
49	43	7
49	44	4
49	45	3
49	46	4
49	47	12
49	48	14
50	2	1
50	4	4
50	5	3
50	6	9
50	7	7
50	8	21
50	9	4
50	10	5
50	11	7
50	12	3
50	13	7
50	14	7
50	15	8
50	16	3
50	17	3
50	18	4
50	20	1
50	21	1
50	22	1
50	23	5
50	24	4
50	25	6
50	27	5
50	28	5
50	29	4
50	30	3
50	33	1
50	34	2
50	35	4
50	36	4
50	37	2
50	38	8
50	39	8
50	40	3
50	41	5
50	42	1
50	43	3
50	44	2
50	45	3
50	46	2
50	47	9
50	48	8
50	49	13
51	1	3
51	3	6
51	4	5
51	5	4
51	6	7
51	7	14
51	8	11
51	9	8
51	10	7
51	11	4
51	12	4
51	13	10
51	14	5
51	15	10
51	16	8
51	17	1
51	18	6
51	19	3
51	20	5
51	21	2
51	22	3
51	23	1
51	24	5
51	25	2
51	27	11
51	28	5
51	29	2
51	30	1
51	31	4
51	32	1
51	33	5
51	34	2
51	35	6
51	36	5
51	37	4
51	38	5
51	39	7
51	40	2
51	41	5
51	42	6
51	43	1
51	45	6
51	46	3
51	47	4
51	48	10
51	49	12
51	50	17
52	2	1
52	3	2
52	4	4
52	5	8
52	6	6
52	7	5
52	8	7
52	9	9
52	10	9
52	11	2
52	12	5
52	13	6
52	14	13
52	15	12
52	16	10
52	17	2
52	18	4
52	19	3
52	20	2
52	21	4
52	22	6
52	23	9
52	24	1
52	25	4
52	26	2
52	27	2
52	28	5
52	29	1
52	30	7
52	31	2
52	32	1
52	33	2
52	34	9
52	35	3
52	36	2
52	37	3
52	38	7
52	39	2
52	40	7
52	42	5
52	43	3
52	44	5
52	45	3
52	46	1
52	47	7
52	48	11
52	49	8
52	50	10
52	51	26
53	1	1
53	2	1
53	3	4
53	4	4
53	5	8
53	6	10
53	7	13
53	8	16
53	9	11
53	10	6
53	11	8
53	12	10
53	13	4
53	14	2
53	15	4
53	16	4
53	17	4
53	18	5
53	19	2
53	20	4
53	21	5
53	22	4
53	23	6
53	24	6
53	25	4
53	26	2
53	27	4
53	28	10
53	29	4
53	30	7
53	31	5
53	32	3
53	33	5
53	34	8
53	35	3
53	36	2
53	37	1
53	38	7
53	39	6
53	40	5
53	41	8
53	42	10
53	43	4
53	44	4
53	45	2
53	46	3
53	47	6
53	48	10
53	49	22
53	50	9
53	51	7
53	52	6
54	0	1
54	3	3
54	4	2
54	5	7
54	6	11
54	7	2
54	8	13
54	9	4
54	10	6
54	11	4
54	12	1
54	13	4
54	14	1
54	15	3
54	16	7
54	17	5
54	18	6
54	19	2
54	20	5
54	21	3
54	22	3
54	23	1
54	24	7
54	25	4
54	26	2
54	27	4
54	28	8
54	29	7
54	30	6
54	31	11
54	32	2
54	33	5
54	34	10
54	35	4
54	36	2
54	37	8
54	38	9
54	39	6
54	40	6
54	41	9
54	42	5
54	43	7
54	44	8
54	45	4
54	46	5
54	47	5
54	48	6
54	49	12
54	50	7
54	51	5
54	52	4
54	53	13
55	0	4
55	1	2
55	2	1
55	3	3
55	4	7
55	5	5
55	6	10
55	7	4
55	8	9
55	9	7
55	10	3
55	11	8
55	12	3
55	13	7
55	14	3
55	15	12
55	16	3
55	17	2
55	18	4
55	19	1
55	20	2
55	21	3
55	22	5
55	23	5
55	24	5
55	25	8
55	26	3
55	27	6
55	28	8
55	29	8
55	30	4
55	31	4
55	32	2
55	33	7
55	34	9
55	35	4
55	36	3
55	38	8
55	39	3
55	40	5
55	41	8
55	42	8
55	43	4
55	44	4
55	45	3
55	46	3
55	47	7
55	48	9
55	49	13
55	50	5
55	51	3
55	52	3
55	53	9
55	54	21
56	0	2
56	1	2
56	3	1
56	4	10
56	5	3
56	6	7
56	7	3
56	8	10
56	9	11
56	10	7
56	11	4
56	12	4
56	13	3
56	14	3
56	15	5
56	16	6
56	17	3
56	18	6
56	19	3
56	20	4
56	21	2
56	22	3
56	23	7
56	24	3
56	25	2
56	26	2
56	27	5
56	28	9
56	29	5
56	30	6
56	31	3
56	33	8
56	34	4
56	35	4
56	36	4
56	37	3
56	38	6
56	39	5
56	40	5
56	41	1
56	42	5
56	43	7
56	44	2
56	45	3
56	46	7
56	47	6
56	48	7
56	49	3
56	50	15
56	51	2
56	52	6
56	53	6
56	54	6
56	55	15
57	2	1
57	3	6
57	4	7
57	5	15
57	6	11
57	7	3
57	8	6
57	9	5
57	10	4
57	11	2
57	12	4
57	13	5
57	14	4
57	15	5
57	16	7
57	17	4
57	18	2
57	19	5
57	20	6
57	22	3
57	23	4
57	24	4
57	25	2
57	26	2
57	27	6
57	28	9
57	29	5
57	30	1
57	31	2
57	32	3
57	33	2
57	34	2
57	35	6
57	36	4
57	37	1
57	38	6
57	39	4
57	40	4
57	41	1
57	42	3
57	43	3
57	44	4
57	45	2
57	46	3
57	47	8
57	48	8
57	49	13
57	50	8
57	51	3
57	52	2
57	53	7
57	54	3
57	55	17
57	56	17
58	0	1
58	1	1
58	3	3
58	4	3
58	5	5
58	6	8
58	7	5
58	8	7
58	9	5
58	10	4
58	11	4
58	12	7
58	13	4
58	14	4
58	15	6
58	16	6
58	17	3
58	18	7
58	19	3
58	20	3
58	21	3
58	22	1
58	23	5
58	24	4
58	25	5
58	26	3
58	27	3
58	28	5
58	29	5
58	30	3
58	31	3
58	32	3
58	33	4
58	34	4
58	35	1
58	36	3
58	37	5
58	38	4
58	39	3
58	40	1
58	41	3
58	42	5
58	43	6
58	44	5
58	45	4
58	46	2
58	47	8
58	48	4
58	49	2
58	50	6
58	51	6
58	52	5
58	53	6
58	54	12
58	55	13
58	56	11
58	57	17
59	2	5
59	3	1
59	4	2
59	5	7
59	6	4
59	7	6
59	8	2
59	9	1
59	10	1
59	12	1
59	13	3
59	14	2
59	15	7
59	16	1
59	17	2
59	18	2
59	19	3
59	22	1
59	23	1
59	24	4
59	25	1
59	26	1
59	27	1
59	28	7
59	29	1
59	30	3
59	31	2
59	33	1
59	34	2
59	35	3
59	36	1
59	38	6
59	39	2
59	41	2
59	43	3
59	44	2
59	45	4
59	46	2
59	47	3
59	49	4
59	50	1
59	51	5
59	52	6
59	53	4
59	54	2
59	56	3
59	57	3
59	58	6
60	1	5
60	2	10
60	4	5
60	5	2
60	7	3
60	8	3
60	9	1
60	10	5
60	11	3
60	12	2
60	13	3
60	15	2
60	16	1
60	20	2
60	21	1
60	25	1
60	27	6
60	30	6
60	31	4
60	32	9
60	33	4
60	34	3
60	35	3
60	38	2
60	39	5
60	40	3
60	41	4
60	42	4
60	43	4
60	44	4
60	45	6
60	46	7
60	47	2
60	48	2
60	49	3
60	51	5
60	52	3
60	53	4
60	54	2
60	55	4
60	56	6
60	57	3
60	58	5
60	59	3
