1	0	9
2	0	11
2	1	21
3	0	1
4	1	2
4	3	10
5	0	1
5	1	1
5	2	4
5	3	7
5	4	12
6	3	4
6	4	4
6	5	6
7	1	1
7	3	4
7	4	5
7	5	7
7	6	12
8	1	3
8	2	4
8	3	4
8	4	4
8	5	3
8	6	11
8	7	15
9	0	1
9	4	7
9	5	5
9	6	7
9	7	11
9	8	18
10	1	1
10	2	1
10	3	5
10	4	7
10	5	8
10	6	11
10	7	6
10	8	14
10	9	29
11	0	1
11	1	1
11	3	1
11	4	2
11	5	1
11	6	3
11	7	8
11	8	15
11	9	18
11	10	18
12	3	1
12	4	3
12	5	5
12	6	6
12	7	4
12	8	12
12	9	14
12	10	30
12	11	25
13	1	2
13	2	1
13	3	3
13	4	1
13	5	2
13	6	4
13	7	10
13	8	9
13	9	6
13	10	14
13	11	10
13	12	10
14	3	3
14	4	2
14	5	6
14	6	6
14	7	8
14	8	6
14	9	5
14	10	6
14	11	10
14	12	5
14	13	12
15	3	2
15	4	7
15	5	6
15	6	5
15	7	8
15	8	9
15	9	6
15	10	2
15	11	2
15	12	8
15	13	8
15	14	17
16	0	3
16	1	1
16	3	3
16	4	5
16	5	8
16	6	5
16	7	6
16	8	8
16	9	7
16	10	7
16	11	5
16	12	4
16	13	11
16	14	10
16	15	20
17	1	1
17	2	1
17	3	5
17	4	7
17	5	5
17	6	5
17	7	6
17	8	9
17	9	8
17	10	2
17	11	5
17	12	2
17	13	9
17	14	5
17	15	5
17	16	2
18	2	1
18	3	11
18	4	8
18	5	6
18	6	3
18	7	4
18	8	4
18	9	6
18	10	3
18	12	2
18	13	6
18	14	2
18	15	7
18	16	5
18	17	13
19	1	1
19	3	6
19	4	2
19	5	11
19	6	5
19	7	6
19	8	2
19	9	5
19	10	4
19	11	4
19	12	5
19	13	4
19	14	8
19	15	7
19	16	6
19	17	16
19	18	21
20	0	3
20	3	8
20	4	7
20	5	2
20	6	1
20	7	3
20	8	5
20	9	5
20	10	5
20	11	1
20	12	3
20	13	6
20	14	4
20	15	15
20	16	2
20	17	7
20	18	7
20	19	12
21	1	2
21	2	3
21	3	3
21	4	1
21	5	4
21	6	9
21	7	2
21	8	2
21	9	9
21	10	11
21	11	3
21	12	4
21	13	3
21	14	7
21	15	9
21	16	9
21	17	8
21	18	5
21	19	9
21	20	16
22	3	7
22	4	5
22	5	6
22	6	2
22	7	3
22	8	8
22	9	7
22	10	7
22	11	3
22	12	4
22	13	3
22	14	6
22	15	3
22	16	3
22	17	12
22	18	9
22	19	10
22	20	3
22	21	6
23	1	1
23	3	9
23	4	8
23	5	3
23	6	2
23	7	2
23	8	5
23	9	8
23	10	3
23	11	4
23	12	3
23	13	1
23	14	2
23	15	2
23	16	4
23	17	7
23	18	4
23	19	7
23	20	2
23	21	3
23	22	5
24	0	1
24	3	11
24	4	5
24	5	9
24	6	4
24	7	4
24	8	12
24	9	10
24	10	16
24	11	9
24	12	14
24	13	11
24	14	5
24	15	2
24	16	5
24	17	11
24	18	2
24	19	5
24	20	5
24	21	9
24	22	4
24	23	10
25	0	3
25	2	2
25	3	10
25	4	2
25	5	2
25	7	5
25	8	1
25	9	10
25	10	11
25	11	4
25	12	2
25	13	3
25	14	1
25	15	1
25	16	5
25	17	6
25	18	1
25	19	8
25	20	5
25	21	6
25	22	7
25	23	11
25	24	7
26	1	2
26	3	5
26	4	3
26	5	2
26	8	6
26	9	5
26	10	2
26	11	1
26	12	4
26	14	4
26	15	3
26	17	6
26	18	1
26	19	1
26	20	3
26	22	2
26	23	8
26	24	7
26	25	5
27	2	2
27	3	5
27	4	5
27	5	7
27	6	6
27	7	2
27	8	7
27	9	5
27	10	11
27	11	5
27	12	9
27	13	2
27	14	4
27	15	4
27	16	5
27	17	4
27	18	2
27	20	4
27	21	5
27	22	8
27	23	10
27	24	15
27	25	14
27	26	5
28	2	2
28	3	4
28	4	6
28	5	9
28	6	10
28	7	3
28	8	15
28	9	8
28	10	10
28	11	6
28	12	14
28	13	3
28	14	5
28	15	3
28	16	4
28	17	3
28	18	3
28	19	5
28	20	3
28	21	4
28	22	5
28	23	9
28	24	9
28	25	8
28	26	5
28	27	17
29	3	1
29	4	4
29	5	5
29	6	1
29	7	1
29	8	10
29	9	1
29	10	6
29	11	5
29	12	5
29	13	9
29	14	3
29	19	4
29	22	3
29	23	4
29	24	4
29	25	5
29	26	2
29	27	8
29	28	22
30	1	1
30	2	1
30	3	5
30	4	5
30	5	6
30	6	4
30	7	1
30	8	5
30	9	8
30	10	8
30	11	3
30	12	12
30	13	3
30	14	5
30	15	2
30	16	4
30	18	1
30	19	5
30	21	3
30	23	2
30	24	4
30	25	8
30	27	4
30	28	2
30	29	6
31	1	2
31	2	3
31	4	2
31	5	1
31	6	5
31	8	4
31	9	3
31	10	5
31	11	4
31	12	3
31	15	1
31	16	1
31	18	3
31	19	2
31	20	3
31	21	5
31	22	2
31	23	1
31	24	1
31	25	3
31	27	5
31	28	14
31	29	3
31	30	13
32	2	1
32	4	1
32	5	4
32	6	1
32	8	3
32	9	2
32	10	4
32	11	8
32	12	2
32	14	1
32	15	1
32	16	1
32	17	4
32	18	1
32	19	2
32	21	2
32	23	1
32	24	2
32	25	6
32	26	1
32	27	1
32	28	2
32	30	8
32	31	6
33	0	2
33	1	4
33	2	3
33	3	3
33	4	1
33	5	4
33	6	4
33	7	4
33	8	2
33	9	4
33	10	1
33	12	5
33	13	4
33	16	2
33	17	1
33	23	2
33	24	5
33	25	3
33	27	3
33	28	4
33	29	2
33	30	5
33	31	10
33	32	10
34	0	1
34	1	1
34	4	3
34	5	5
34	6	3
34	7	2
34	8	3
34	9	3
34	10	2
34	12	5
34	13	2
34	15	3
34	16	1
34	21	3
34	23	1
34	25	3
34	26	2
34	27	4
34	28	3
34	29	9
34	30	7
34	31	17
34	32	5
34	33	17
35	3	3
35	4	2
35	5	5
35	6	2
35	7	7
35	8	3
35	9	7
35	10	9
35	11	14
35	12	8
35	13	3
35	14	6
35	15	4
35	16	5
35	17	6
35	18	3
35	19	5
35	20	4
35	21	3
35	22	6
35	23	6
35	24	3
35	25	13
35	26	6
35	27	14
35	28	9
35	29	5
35	30	4
35	31	4
35	32	4
35	33	3
35	34	5
36	3	1
36	4	3
36	5	4
36	6	3
36	7	4
36	8	8
36	9	10
36	10	12
36	11	12
36	12	7
36	13	13
36	14	1
36	15	3
36	16	3
36	17	4
36	18	3
36	19	4
36	20	5
36	21	3
36	22	1
36	23	2
36	24	6
36	25	6
36	26	3
36	27	6
36	28	7
36	29	2
36	30	3
36	31	3
36	32	2
36	33	4
36	35	18
37	3	4
37	4	4
37	5	3
37	6	2
37	7	4
37	8	8
37	9	3
37	10	3
37	11	1
37	12	5
37	13	5
37	14	2
37	15	2
37	16	2
37	17	2
37	18	6
37	19	3
37	20	2
37	22	3
37	23	9
37	24	4
37	25	11
37	26	3
37	27	11
37	28	12
37	29	4
37	30	3
37	31	6
37	33	1
37	34	4
37	35	31
37	36	8
38	0	3
38	2	3
38	3	6
38	4	3
38	5	7
38	6	3
38	7	1
38	8	9
38	9	8
38	10	11
38	11	13
38	12	14
38	13	3
38	14	8
38	15	4
38	16	5
38	17	5
38	18	2
38	19	3
38	20	2
38	21	3
38	22	9
38	23	8
38	24	8
38	25	11
38	26	6
38	27	15
38	28	11
38	29	8
38	30	7
38	31	7
38	32	2
38	33	3
38	34	7
38	35	17
38	36	5
38	37	28
39	0	2
39	3	2
39	4	1
39	5	4
39	6	3
39	7	3
39	8	2
39	9	8
39	10	5
39	11	7
39	12	6
39	13	5
39	14	6
39	15	4
39	16	3
39	17	2
39	18	7
39	19	2
39	20	5
39	21	5
39	22	7
39	23	7
39	24	3
39	25	8
39	26	7
39	27	8
39	28	8
39	29	3
39	30	1
39	31	1
39	32	1
39	33	1
39	34	1
39	35	13
39	36	7
39	37	10
39	38	27
40	0	3
40	1	2
40	3	3
40	4	5
40	5	4
40	6	2
40	7	2
40	8	5
40	9	1
40	10	4
40	11	10
40	12	5
40	13	5
40	14	3
40	15	2
40	16	2
40	17	3
40	18	3
40	19	4
40	21	2
40	22	4
40	23	3
40	24	3
40	25	7
40	26	2
40	27	15
40	28	14
40	29	14
40	30	4
40	31	5
40	32	4
40	33	5
40	34	2
40	35	10
40	36	6
40	37	6
40	38	20
40	39	9
41	1	2
41	2	2
41	3	3
41	4	3
41	5	2
41	6	8
41	7	5
41	8	8
41	9	2
41	10	9
41	11	2
41	12	4
41	13	1
41	14	5
41	15	4
41	16	5
41	17	2
41	18	2
41	19	3
41	20	5
41	21	2
41	22	1
41	23	4
41	24	8
41	25	2
41	26	5
41	27	11
41	28	8
41	29	4
41	30	9
41	31	11
41	32	3
41	33	1
41	34	3
41	35	9
41	36	4
41	37	5
41	38	7
41	39	4
41	40	14
42	1	2
42	4	5
42	5	4
42	6	4
42	7	1
42	8	8
42	9	2
42	10	3
42	11	5
42	12	8
42	13	2
42	14	5
42	15	10
42	16	2
42	18	1
42	20	1
42	22	4
42	24	2
42	25	1
42	27	4
42	28	10
42	29	2
42	30	19
42	31	4
42	32	4
42	33	6
42	34	5
42	35	3
42	36	3
42	37	6
42	38	6
42	39	2
42	40	5
42	41	6
43	1	2
43	2	3
43	4	3
43	5	2
43	6	3
43	7	4
43	8	8
43	9	3
43	10	2
43	11	1
43	13	6
43	14	4
43	15	2
43	17	3
43	24	1
43	25	3
43	27	4
43	28	4
43	29	2
43	30	8
43	31	9
43	32	6
43	33	11
43	34	13
43	35	4
43	37	2
43	38	7
43	39	4
43	40	3
43	41	4
43	42	9
44	0	1
44	1	3
44	2	3
44	4	2
44	5	1
44	6	1
44	7	2
44	8	3
44	9	1
44	10	5
44	11	2
44	12	4
44	13	5
44	15	1
44	16	2
44	17	1
44	20	3
44	22	3
44	23	1
44	27	6
44	28	3
44	30	6
44	31	5
44	32	6
44	33	8
44	34	4
44	35	2
44	36	1
44	38	2
44	40	1
44	41	5
44	42	1
44	43	14
45	2	5
45	3	1
45	4	2
45	7	1
45	8	6
45	9	3
45	10	3
45	12	1
45	13	1
45	14	3
45	15	2
45	16	3
45	17	1
45	18	6
45	22	1
45	25	3
45	27	1
45	28	2
45	30	4
45	31	4
45	32	3
45	33	7
45	34	8
45	35	6
45	38	4
45	40	1
45	41	4
45	42	3
45	43	11
45	44	22
46	0	2
46	1	5
46	2	2
46	3	2
46	4	4
46	5	3
46	8	2
46	9	1
46	10	4
46	11	2
46	12	5
46	13	3
46	15	1
46	18	2
46	19	4
46	22	3
46	23	1
46	24	2
46	27	1
46	28	2
46	29	3
46	30	6
46	31	4
46	32	7
46	33	10
46	34	3
46	35	3
46	36	3
46	38	4
46	39	2
46	40	5
46	41	2
46	42	5
46	43	8
46	44	10
46	45	10
47	0	1
47	2	5
47	3	5
47	4	2
47	5	3
47	6	2
47	7	6
47	8	4
47	9	4
47	10	2
47	11	11
47	12	8
47	13	7
47	14	4
47	15	4
47	16	5
47	17	1
47	18	3
47	19	3
47	20	3
47	21	2
47	22	3
47	23	3
47	24	4
47	25	1
47	27	2
47	28	4
47	29	1
47	30	9
47	31	7
47	32	3
47	33	9
47	34	5
47	35	4
47	36	3
47	37	5
47	38	2
47	39	5
47	40	3
47	41	3
47	42	7
47	43	2
47	44	3
47	45	3
47	46	1
48	0	1
48	1	2
48	2	3
48	3	2
48	4	2
48	5	1
48	6	10
48	7	9
48	8	7
48	9	9
48	10	4
48	11	8
48	12	10
48	13	10
48	14	3
48	15	6
48	16	7
48	17	6
48	18	1
48	19	3
48	20	4
48	21	5
48	22	1
48	23	2
48	24	3
48	25	3
48	27	8
48	28	6
48	29	3
48	30	4
48	31	3
48	32	1
48	33	3
48	34	5
48	35	4
48	36	3
48	37	3
48	38	3
48	39	4
48	40	3
48	41	11
48	42	2
48	44	6
48	45	2
48	46	3
48	47	12
49	3	2
49	4	5
49	5	5
49	6	6
49	7	13
49	8	34
49	9	17
49	10	13
49	11	7
49	12	20
49	13	5
49	14	5
49	15	12
49	16	2
49	17	7
49	18	1
49	19	4
49	20	5
49	21	4
49	22	2
49	23	6
49	24	7
49	25	6
49	26	4
49	27	18
49	28	5
49	29	7
49	30	4
49	31	7
49	32	6
49	33	2
49	34	6
49	35	3
49	36	6
49	37	5
49	38	14
49	39	5
49	40	4
49	41	6
49	42	3
49	43	4
49	44	2
49	45	4
49	46	6
49	47	10
49	48	21
50	2	1
50	3	3
50	4	5
50	5	2
50	6	10
50	7	10
50	8	19
50	9	6
50	10	3
50	11	6
50	12	5
50	13	10
50	14	6
50	15	6
50	16	4
50	17	5
50	18	3
50	19	3
50	20	6
50	21	2
50	22	3
50	23	3
50	24	7
50	25	2
50	27	3
50	28	8
50	30	1
50	31	2
50	33	3
50	34	1
50	35	4
50	36	3
50	37	3
50	38	8
50	39	1
50	40	5
50	41	2
50	42	1
50	43	2
50	44	4
50	45	2
50	46	2
50	47	11
50	48	10
50	49	11
51	1	1
51	3	2
51	4	12
51	5	1
51	6	5
51	7	9
51	8	9
51	9	6
51	10	11
51	11	5
51	12	7
51	13	6
51	14	4
51	15	10
51	16	6
51	17	2
51	18	6
51	19	6
51	20	2
51	21	6
51	22	5
51	24	4
51	25	7
51	27	4
51	28	11
51	29	3
51	30	5
51	31	3
51	32	4
51	33	2
51	34	6
51	35	6
51	36	2
51	37	2
51	39	5
51	40	5
51	41	14
51	42	2
51	43	4
51	45	2
51	46	2
51	47	5
51	48	5
51	49	6
51	50	13
52	2	3
52	3	4
52	4	3
52	5	3
52	6	6
52	7	9
52	8	5
52	9	7
52	10	12
52	11	3
52	12	10
52	13	8
52	14	3
52	15	3
52	16	9
52	17	2
52	18	3
52	19	2
52	20	5
52	21	4
52	22	4
52	23	7
52	24	6
52	25	3
52	27	2
52	28	5
52	29	4
52	30	3
52	31	5
52	32	1
52	33	1
52	34	4
52	35	2
52	36	4
52	37	2
52	38	6
52	39	5
52	40	3
52	41	2
52	42	4
52	43	1
52	44	2
52	45	1
52	46	4
52	47	10
52	48	11
52	49	8
52	50	13
52	51	29
53	1	4
53	2	2
53	3	6
53	4	4
53	5	7
53	6	4
53	7	10
53	8	17
53	9	11
53	10	6
53	11	8
53	12	15
53	13	6
53	14	2
53	15	3
53	16	9
53	17	2
53	18	2
53	19	4
53	21	4
53	22	5
53	23	4
53	24	4
53	25	3
53	26	3
53	27	13
53	28	6
53	29	6
53	30	6
53	31	6
53	32	4
53	34	3
53	35	9
53	36	7
53	37	2
53	38	6
53	39	5
53	40	6
53	41	7
53	42	9
53	43	5
53	44	4
53	45	5
53	46	2
53	47	11
53	48	18
53	49	12
53	50	8
53	51	7
53	52	5
54	0	1
54	3	1
54	4	1
54	5	6
54	6	8
54	7	2
54	8	9
54	9	6
54	10	6
54	11	7
54	12	3
54	13	8
54	14	3
54	15	1
54	16	5
54	17	4
54	18	4
54	19	3
54	20	5
54	21	4
54	22	4
54	23	3
54	24	6
54	25	6
54	26	2
54	27	7
54	28	7
54	29	3
54	30	8
54	31	6
54	32	4
54	33	1
54	34	8
54	35	7
54	36	2
54	37	3
54	38	11
54	39	2
54	40	5
54	41	11
54	42	10
54	43	9
54	44	7
54	45	2
54	46	3
54	47	7
54	48	5
54	49	6
54	50	6
54	51	5
54	52	5
54	53	11
55	0	1
55	1	2
55	3	4
55	4	5
55	5	3
55	6	10
55	7	8
55	8	14
55	9	7
55	10	6
55	11	8
55	12	3
55	14	3
55	15	3
55	16	7
55	17	4
55	18	6
55	19	2
55	20	4
55	21	6
55	22	6
55	23	1
55	24	4
55	25	3
55	26	5
55	27	8
55	28	8
55	29	8
55	30	5
55	31	8
55	32	5
55	33	9
55	34	11
55	35	1
55	36	2
55	37	4
55	38	5
55	39	3
55	40	6
55	41	7
55	42	4
55	43	9
55	44	4
55	46	3
55	47	9
55	48	8
55	49	12
55	50	11
55	51	8
55	52	8
55	53	15
55	54	15
56	0	1
56	1	1
56	2	1
56	3	5
56	5	6
56	6	4
56	7	6
56	8	10
56	9	5
56	10	3
56	11	3
56	12	8
56	13	5
56	14	5
56	15	5
56	16	3
56	17	6
56	18	2
56	19	2
56	20	3
56	21	1
56	22	5
56	23	5
56	24	3
56	25	3
56	26	2
56	27	4
56	28	6
56	29	6
56	30	4
56	31	7
56	32	1
56	33	2
56	34	8
56	35	3
56	36	4
56	37	3
56	38	2
56	39	2
56	40	4
56	41	3
56	42	5
56	43	10
56	44	4
56	45	3
56	46	3
56	47	7
56	48	2
56	49	7
56	50	6
56	51	6
56	52	6
56	53	7
56	54	14
56	55	26
57	2	1
57	3	2
57	4	9
57	5	15
57	6	13
57	7	7
57	8	7
57	9	5
57	10	3
57	11	5
57	12	7
57	13	4
57	15	3
57	16	7
57	17	2
57	18	3
57	19	4
57	20	4
57	22	3
57	24	3
57	25	2
57	26	2
57	27	2
57	28	5
57	29	5
57	30	4
57	31	2
57	32	2
57	33	5
57	34	9
57	35	4
57	36	1
57	37	1
57	38	10
57	39	2
57	40	3
57	41	2
57	42	1
57	43	2
57	44	3
57	45	1
57	46	6
57	47	2
57	48	10
57	49	4
57	50	9
57	51	4
57	52	5
57	53	9
57	54	10
57	55	13
57	56	13
58	1	1
58	3	3
58	4	8
58	5	5
58	6	7
58	7	4
58	8	10
58	9	4
58	10	4
58	12	10
58	13	7
58	14	4
58	15	3
58	16	3
58	17	2
58	18	5
58	19	6
58	20	1
58	21	4
58	22	1
58	23	3
58	24	5
58	25	4
58	26	2
58	27	5
58	28	6
58	29	1
58	30	4
58	31	4
58	32	2
58	33	3
58	34	2
58	35	2
58	36	2
58	37	7
58	38	4
58	39	5
58	40	2
58	41	4
58	42	6
58	43	3
58	44	4
58	45	7
58	46	5
58	47	3
58	48	11
58	49	7
58	50	3
58	51	7
58	52	4
58	53	7
58	54	6
58	55	20
58	56	14
58	57	15
59	0	4
59	2	1
59	3	8
59	4	5
59	5	4
59	6	5
59	7	4
59	8	3
59	10	1
59	12	2
59	13	5
59	14	1
59	15	2
59	16	2
59	17	2
59	18	6
59	19	5
59	22	2
59	23	2
59	24	2
59	25	2
59	26	2
59	27	3
59	28	3
59	29	3
59	30	1
59	31	1
59	33	1
59	34	7
59	35	2
59	38	2
59	39	1
59	40	3
59	41	1
59	43	1
59	44	3
59	45	1
59	46	5
59	47	5
59	49	3
59	50	3
59	52	1
59	53	3
59	54	5
59	55	3
59	56	6
59	57	5
59	58	4
60	0	2
60	1	4
60	2	5
60	4	1
60	5	5
60	7	2
60	8	3
60	9	2
60	10	2
60	11	3
60	12	2
60	13	1
60	15	5
60	16	2
60	20	1
60	21	4
60	25	3
60	27	1
60	28	1
60	30	5
60	31	5
60	32	5
60	33	2
60	34	3
60	35	5
60	36	1
60	38	1
60	39	4
60	40	2
60	41	4
60	42	1
60	43	4
60	44	5
60	45	7
60	46	13
60	47	1
60	48	2
60	49	6
60	51	4
60	52	1
60	53	5
60	54	3
60	55	5
60	56	4
60	57	5
60	58	7
