1	0	13
2	0	6
2	1	20
3	2	1
4	3	4
5	1	1
5	3	4
5	4	10
6	1	3
6	3	4
6	4	6
6	5	8
7	3	4
7	4	7
7	5	7
7	6	12
8	0	3
8	1	1
8	2	1
8	3	5
8	4	9
8	5	6
8	6	14
8	7	20
9	2	2
9	3	5
9	4	4
9	5	6
9	6	4
9	7	14
9	8	10
10	1	2
10	2	2
10	3	1
10	4	4
10	5	5
10	6	5
10	7	7
10	8	5
10	9	24
11	1	1
11	2	1
11	3	3
11	4	5
11	5	4
11	6	2
11	7	6
11	8	7
11	9	17
11	10	16
12	1	2
12	3	4
12	4	5
12	5	1
12	6	5
12	7	6
12	8	16
12	9	11
12	10	22
12	11	33
13	1	3
13	2	2
13	3	2
13	4	1
13	5	4
13	6	9
13	7	13
13	8	8
13	9	12
13	10	9
13	11	10
13	12	11
14	0	2
14	1	2
14	3	3
14	4	5
14	5	4
14	6	5
14	7	5
14	8	5
14	9	6
14	10	11
14	11	9
14	12	5
14	13	11
15	0	3
15	1	2
15	3	4
15	4	3
15	5	8
15	6	3
15	7	7
15	8	3
15	9	8
15	10	7
15	11	6
15	12	5
15	13	13
15	14	31
16	0	3
16	1	1
16	3	4
16	4	3
16	5	3
16	6	8
16	7	7
16	8	9
16	9	17
16	10	12
16	12	6
16	13	16
16	14	11
16	15	22
17	2	2
17	3	9
17	4	8
17	5	2
17	6	7
17	7	3
17	8	6
17	10	5
17	11	2
17	12	5
17	13	6
17	14	5
17	15	10
17	16	5
18	3	15
18	4	6
18	5	5
18	6	4
18	7	6
18	8	3
18	9	5
18	10	2
18	11	3
18	12	7
18	13	2
18	14	6
18	15	5
18	16	3
18	17	11
19	1	1
19	2	1
19	3	6
19	4	2
19	5	6
19	6	3
19	7	2
19	8	10
19	9	5
19	10	6
19	11	4
19	12	5
19	13	6
19	14	3
19	15	4
19	16	8
19	17	13
19	18	27
20	0	1
20	3	2
20	4	5
20	5	4
20	6	2
20	7	6
20	8	2
20	9	5
20	10	7
20	11	4
20	12	3
20	13	8
20	14	6
20	15	8
20	16	4
20	17	10
20	18	4
20	19	13
21	0	1
21	1	2
21	2	1
21	3	5
21	4	1
21	5	4
21	6	6
21	7	7
21	8	8
21	9	6
21	10	12
21	11	3
21	12	6
21	13	6
21	14	4
21	15	7
21	16	6
21	17	5
21	18	4
21	19	12
21	20	16
22	3	9
22	4	10
22	5	5
22	6	5
22	7	2
22	8	2
22	9	3
22	10	9
22	11	3
22	12	3
22	13	3
22	14	2
22	15	5
22	16	5
22	17	8
22	18	3
22	19	6
22	20	3
22	21	2
23	1	2
23	3	4
23	4	1
23	5	3
23	6	6
23	7	6
23	8	3
23	9	4
23	10	4
23	11	2
23	12	7
23	13	4
23	14	8
23	15	5
23	16	4
23	17	6
23	18	7
23	19	4
23	20	6
23	21	4
23	22	13
24	0	1
24	3	9
24	4	6
24	5	8
24	6	8
24	7	6
24	8	13
24	9	10
24	10	21
24	11	2
24	12	5
24	13	2
24	14	3
24	15	7
24	16	1
24	17	10
24	18	7
24	19	9
24	21	4
24	22	4
24	23	8
25	2	2
25	3	7
25	4	4
25	5	6
25	6	5
25	7	2
25	8	5
25	9	6
25	10	5
25	11	7
25	12	7
25	13	6
25	14	5
25	15	3
25	16	6
25	17	8
25	18	4
25	19	6
25	20	3
25	21	6
25	22	10
25	23	9
25	24	8
26	1	3
26	3	2
26	4	5
26	5	3
26	8	2
26	9	1
26	10	6
26	11	2
26	12	5
26	13	5
26	17	2
26	19	4
26	20	4
26	21	3
26	22	4
26	23	6
26	24	4
26	25	6
27	1	1
27	2	1
27	3	3
27	4	2
27	5	9
27	6	9
27	7	3
27	8	7
27	9	12
27	10	12
27	11	8
27	12	9
27	13	9
27	14	5
27	15	4
27	16	2
27	17	4
27	18	5
27	19	8
27	20	7
27	21	2
27	22	7
27	23	4
27	24	11
27	25	11
27	26	2
28	2	3
28	3	2
28	4	10
28	5	5
28	6	7
28	7	4
28	8	12
28	9	9
28	10	6
28	11	5
28	12	7
28	13	8
28	14	3
28	15	2
28	16	2
28	17	6
28	18	6
28	19	6
28	20	5
28	21	4
28	22	4
28	23	7
28	24	11
28	25	7
28	26	7
28	27	16
29	0	1
29	3	3
29	4	5
29	5	7
29	6	7
29	7	2
29	8	3
29	9	2
29	10	2
29	11	2
29	12	2
29	13	3
29	14	2
29	17	1
29	19	4
29	21	1
29	22	3
29	23	2
29	24	6
29	25	3
29	26	2
29	27	6
29	28	20
30	1	2
30	2	1
30	3	3
30	4	6
30	5	5
30	6	6
30	7	2
30	8	5
30	9	4
30	10	5
30	11	3
30	12	2
30	13	2
30	15	2
30	16	4
30	17	2
30	18	1
30	19	3
30	21	2
30	23	1
30	24	2
30	25	2
30	27	6
30	28	7
30	29	7
31	1	1
31	2	2
31	3	2
31	4	3
31	5	4
31	6	4
31	7	4
31	8	2
31	9	2
31	10	4
31	11	1
31	12	5
31	13	1
31	15	5
31	18	2
31	19	7
31	20	5
31	22	2
31	24	1
31	25	7
31	27	3
31	28	5
31	29	6
31	30	6
32	2	2
32	5	1
32	6	3
32	8	6
32	9	3
32	10	2
32	11	2
32	12	1
32	15	1
32	16	3
32	17	2
32	18	2
32	21	1
32	22	1
32	23	2
32	24	3
32	25	1
32	26	1
32	27	4
32	28	2
32	29	4
32	30	6
32	31	4
33	1	2
33	4	2
33	5	4
33	6	1
33	7	3
33	8	5
33	9	4
33	10	6
33	11	2
33	12	4
33	13	1
33	16	5
33	17	7
33	22	1
33	23	4
33	24	2
33	25	2
33	27	4
33	28	3
33	29	5
33	30	8
33	31	14
33	32	6
34	1	3
34	2	2
34	4	2
34	5	3
34	6	6
34	8	4
34	9	5
34	10	4
34	11	4
34	12	6
34	13	1
34	15	3
34	17	2
34	23	3
34	24	1
34	25	4
34	26	3
34	27	4
34	28	6
34	29	2
34	30	4
34	31	7
34	32	6
34	33	14
35	1	2
35	2	2
35	3	4
35	4	5
35	5	1
35	6	5
35	7	9
35	8	7
35	9	3
35	10	7
35	11	15
35	12	8
35	13	9
35	14	1
35	15	5
35	16	8
35	17	5
35	18	7
35	19	2
35	20	6
35	21	4
35	22	3
35	23	7
35	24	11
35	25	16
35	26	7
35	27	14
35	28	12
35	29	6
35	30	2
35	31	2
35	32	5
35	33	1
35	34	4
36	3	7
36	4	3
36	5	1
36	6	3
36	7	3
36	8	2
36	9	7
36	10	17
36	11	12
36	12	9
36	13	10
36	14	3
36	15	3
36	16	2
36	17	2
36	18	1
36	19	3
36	21	4
36	23	5
36	24	5
36	25	6
36	26	3
36	27	9
36	28	3
36	29	3
36	30	2
36	31	2
36	32	3
36	33	5
36	35	10
37	2	1
37	3	2
37	4	5
37	5	7
37	6	3
37	7	2
37	8	3
37	9	5
37	10	7
37	11	12
37	12	8
37	13	6
37	14	4
37	15	2
37	16	3
37	17	4
37	19	2
37	20	2
37	21	3
37	22	10
37	23	8
37	24	7
37	25	10
37	26	9
37	27	13
37	28	7
37	29	5
37	30	1
37	31	1
37	33	3
37	34	2
37	35	24
37	36	7
38	2	1
38	3	1
38	4	3
38	5	4
38	6	6
38	7	5
38	8	5
38	9	4
38	10	4
38	11	6
38	12	8
38	13	6
38	14	4
38	15	2
38	16	1
38	17	6
38	18	4
38	19	4
38	20	3
38	21	5
38	22	5
38	23	3
38	24	7
38	25	14
38	26	4
38	27	20
38	28	9
38	29	9
38	30	6
38	31	7
38	32	1
38	33	3
38	34	4
38	35	22
38	36	12
38	37	24
39	3	4
39	4	4
39	5	5
39	6	4
39	7	2
39	8	1
39	9	6
39	10	8
39	11	8
39	12	9
39	13	6
39	14	4
39	15	4
39	16	4
39	17	1
39	18	6
39	19	3
39	20	5
39	21	2
39	22	3
39	23	8
39	24	4
39	25	8
39	26	1
39	27	12
39	28	8
39	29	7
39	31	2
39	32	2
39	33	2
39	34	1
39	35	17
39	36	7
39	37	9
39	38	18
40	0	2
40	1	2
40	3	3
40	4	7
40	5	3
40	6	6
40	7	3
40	8	9
40	9	5
40	10	7
40	11	7
40	12	3
40	13	5
40	14	3
40	15	4
40	16	1
40	17	3
40	18	2
40	20	3
40	21	1
40	22	2
40	23	6
40	24	2
40	25	3
40	26	6
40	27	10
40	28	13
40	29	10
40	30	5
40	31	4
40	32	4
40	33	5
40	34	4
40	35	5
40	36	5
40	37	10
40	38	9
40	39	8
41	4	4
41	5	3
41	6	5
41	7	1
41	8	5
41	9	6
41	10	8
41	11	7
41	12	6
41	13	5
41	14	1
41	15	2
41	16	2
41	17	3
41	18	4
41	19	2
41	20	4
41	21	2
41	22	3
41	23	3
41	24	3
41	25	2
41	27	5
41	28	13
41	29	5
41	30	7
41	31	9
41	32	3
41	33	5
41	34	6
41	35	4
41	36	4
41	37	3
41	38	5
41	39	8
41	40	10
42	0	1
42	1	2
42	3	3
42	4	2
42	5	6
42	6	3
42	7	5
42	8	7
42	9	2
42	10	7
42	11	4
42	12	7
42	13	3
42	14	4
42	15	2
42	18	3
42	20	2
42	21	2
42	22	1
42	24	4
42	25	2
42	27	6
42	28	7
42	29	3
42	30	11
42	31	10
42	32	7
42	33	10
42	34	10
42	35	4
42	38	5
42	40	3
42	41	5
43	2	5
43	4	7
43	5	1
43	6	1
43	7	6
43	8	2
43	9	5
43	10	4
43	11	3
43	12	5
43	13	2
43	15	6
43	17	3
43	18	1
43	24	2
43	25	2
43	27	4
43	28	1
43	29	2
43	30	9
43	31	6
43	32	8
43	33	9
43	34	12
43	35	4
43	37	2
43	38	5
43	39	2
43	41	3
43	42	11
44	0	1
44	1	4
44	2	5
44	5	2
44	6	1
44	7	3
44	8	1
44	9	2
44	10	3
44	11	3
44	12	8
44	13	3
44	14	4
44	15	4
44	16	3
44	17	1
44	20	5
44	23	1
44	24	4
44	27	1
44	28	1
44	29	3
44	30	9
44	31	4
44	32	3
44	33	10
44	34	12
44	35	1
44	36	2
44	38	3
44	40	1
44	41	3
44	42	7
44	43	29
45	1	3
45	2	3
45	3	1
45	7	1
45	8	5
45	9	4
45	10	2
45	12	1
45	13	1
45	14	1
45	16	5
45	17	1
45	18	1
45	22	2
45	25	4
45	27	2
45	28	7
45	29	3
45	30	8
45	31	5
45	32	11
45	33	4
45	34	3
45	35	4
45	38	1
45	39	1
45	40	1
45	41	6
45	42	3
45	43	10
45	44	21
46	0	2
46	1	4
46	2	3
46	4	4
46	5	1
46	8	3
46	9	1
46	10	3
46	12	1
46	13	2
46	15	2
46	19	1
46	20	1
46	22	2
46	23	2
46	25	5
46	27	3
46	28	4
46	29	2
46	30	8
46	31	5
46	32	9
46	33	7
46	34	9
46	35	4
46	36	2
46	38	3
46	40	3
46	41	4
46	42	4
46	43	9
46	44	6
46	45	11
47	0	2
47	2	1
47	3	2
47	4	6
47	5	7
47	6	4
47	7	3
47	8	10
47	9	3
47	10	11
47	11	2
47	12	9
47	13	4
47	14	3
47	15	6
47	16	6
47	17	2
47	18	1
47	19	5
47	20	1
47	21	4
47	22	1
47	24	4
47	27	3
47	28	4
47	29	5
47	30	7
47	31	3
47	32	1
47	33	7
47	34	7
47	35	3
47	36	2
47	37	4
47	38	2
47	39	5
47	40	3
47	41	10
47	42	5
47	43	6
47	44	5
47	45	3
47	46	10
48	0	1
48	1	2
48	2	1
48	3	2
48	4	6
48	5	3
48	6	6
48	7	6
48	8	11
48	9	9
48	10	7
48	11	15
48	12	12
48	13	12
48	14	2
48	15	7
48	16	3
48	17	3
48	18	2
48	19	1
48	20	3
48	21	3
48	22	2
48	23	3
48	24	5
48	25	3
48	26	1
48	27	5
48	28	8
48	29	1
48	30	8
48	31	2
48	32	2
48	33	3
48	34	2
48	35	4
48	36	2
48	37	6
48	38	5
48	39	3
48	40	2
48	41	3
48	42	5
48	43	2
48	44	2
48	45	2
48	46	4
48	47	15
49	2	3
49	3	2
49	4	4
49	5	12
49	6	4
49	7	15
49	8	32
49	9	13
49	10	10
49	11	12
49	12	24
49	13	19
49	14	3
49	15	6
49	16	10
49	17	8
49	18	6
49	19	8
49	20	9
49	21	4
49	22	4
49	23	1
49	24	11
49	25	2
49	26	4
49	27	7
49	28	5
49	29	4
49	30	5
49	31	4
49	32	3
49	33	3
49	34	6
49	35	5
49	36	7
49	37	4
49	38	9
49	39	4
49	40	7
49	41	4
49	42	11
49	43	5
49	44	3
49	45	3
49	46	2
49	47	9
49	48	16
50	3	3
50	4	1
50	5	1
50	6	9
50	7	9
50	8	9
50	9	4
50	10	6
50	11	5
50	12	8
50	13	10
50	14	2
50	15	4
50	16	10
50	17	2
50	18	4
50	19	5
50	20	4
50	21	6
50	22	1
50	23	3
50	24	1
50	25	3
50	27	3
50	28	6
50	29	1
50	30	3
50	31	1
50	33	1
50	34	6
50	35	2
50	36	3
50	37	6
50	38	3
50	39	2
50	40	3
50	41	4
50	42	5
50	43	4
50	44	3
50	45	3
50	46	4
50	47	6
50	48	10
50	49	15
51	3	2
51	4	4
51	5	4
51	6	7
51	7	13
51	8	10
51	9	4
51	10	9
51	11	7
51	12	10
51	13	10
51	14	5
51	15	11
51	16	12
51	17	4
51	18	3
51	19	3
51	20	5
51	22	1
51	23	1
51	24	6
51	25	2
51	27	2
51	28	5
51	29	1
51	30	5
51	32	1
51	33	1
51	34	4
51	35	9
51	36	3
51	37	5
51	38	5
51	39	4
51	41	4
51	42	6
51	43	3
51	44	6
51	45	4
51	46	1
51	47	5
51	48	5
51	49	9
51	50	14
52	2	3
52	3	4
52	4	5
52	5	9
52	6	8
52	7	7
52	8	8
52	9	5
52	10	5
52	11	3
52	12	5
52	13	8
52	14	6
52	15	14
52	16	11
52	18	2
52	19	4
52	21	1
52	22	1
52	23	1
52	24	3
52	25	6
52	26	2
52	27	4
52	28	3
52	30	3
52	31	4
52	32	2
52	33	5
52	34	6
52	35	2
52	36	1
52	37	4
52	38	4
52	39	1
52	40	4
52	41	2
52	42	3
52	43	4
52	44	4
52	45	2
52	47	3
52	48	10
52	49	10
52	50	14
52	51	34
53	1	1
53	3	3
53	4	2
53	5	7
53	6	6
53	7	7
53	8	26
53	9	7
53	10	10
53	11	6
53	12	15
53	13	9
53	14	2
53	15	6
53	16	3
53	17	6
53	18	6
53	19	3
53	20	2
53	21	3
53	22	6
53	24	3
53	25	5
53	26	2
53	27	5
53	28	11
53	29	4
53	30	7
53	31	6
53	32	3
53	33	4
53	34	2
53	35	6
53	36	2
53	37	2
53	38	10
53	39	10
53	40	2
53	41	7
53	42	8
53	43	6
53	44	3
53	45	2
53	46	3
53	47	10
53	48	10
53	49	11
53	50	8
53	51	5
53	52	3
54	3	3
54	5	3
54	6	8
54	7	3
54	8	7
54	9	3
54	10	7
54	11	7
54	12	8
54	13	7
54	14	7
54	15	2
54	16	6
54	17	3
54	18	3
54	19	2
54	20	4
54	21	3
54	22	4
54	23	5
54	24	7
54	25	2
54	26	2
54	27	6
54	28	5
54	29	3
54	30	5
54	31	6
54	32	5
54	33	6
54	34	6
54	35	5
54	36	2
54	37	5
54	38	2
54	39	1
54	40	5
54	41	7
54	42	6
54	43	5
54	44	4
54	45	8
54	46	6
54	47	6
54	48	7
54	49	6
54	50	7
54	51	9
54	52	7
54	53	18
55	1	1
55	2	3
55	3	4
55	4	3
55	5	9
55	6	8
55	7	8
55	8	10
55	9	5
55	10	3
55	11	5
55	12	2
55	13	4
55	14	5
55	15	3
55	16	6
55	17	5
55	18	3
55	19	4
55	20	3
55	21	2
55	22	2
55	23	4
55	24	4
55	25	10
55	26	2
55	27	3
55	28	11
55	29	3
55	30	6
55	31	3
55	32	3
55	33	6
55	34	3
55	35	3
55	36	1
55	37	1
55	38	10
55	39	6
55	40	4
55	41	3
55	42	5
55	43	6
55	44	4
55	45	4
55	46	4
55	47	6
55	48	8
55	49	10
55	50	10
55	51	5
55	52	4
55	53	11
55	54	14
56	0	2
56	1	2
56	3	6
56	4	2
56	5	5
56	6	10
56	7	9
56	8	14
56	9	2
56	10	5
56	11	1
56	12	11
56	13	10
56	14	4
56	15	2
56	16	7
56	17	2
56	18	2
56	19	5
56	20	5
56	21	1
56	22	2
56	23	1
56	24	7
56	25	4
56	26	4
56	27	3
56	28	7
56	29	2
56	30	5
56	31	4
56	32	3
56	33	5
56	34	3
56	35	2
56	36	2
56	37	1
56	38	2
56	39	3
56	40	1
56	41	1
56	42	3
56	43	5
56	46	4
56	47	6
56	48	1
56	49	19
56	50	4
56	51	14
56	52	4
56	53	10
56	54	7
56	55	18
57	2	2
57	3	8
57	4	5
57	5	5
57	6	11
57	7	5
57	8	10
57	9	4
57	10	4
57	11	6
57	12	7
57	13	7
57	14	1
57	15	6
57	16	4
57	17	2
57	18	3
57	19	6
57	20	5
57	21	6
57	22	6
57	23	7
57	24	5
57	25	3
57	26	4
57	27	6
57	28	10
57	29	1
57	30	7
57	31	4
57	32	1
57	33	2
57	34	8
57	35	3
57	36	3
57	37	4
57	38	2
57	39	1
57	40	4
57	41	5
57	42	3
57	43	6
57	44	1
57	45	3
57	46	6
57	47	6
57	48	2
57	49	6
57	50	5
57	51	3
57	52	2
57	53	6
57	54	8
57	55	13
57	56	14
58	3	5
58	4	5
58	5	5
58	6	2
58	7	6
58	8	6
58	9	4
58	10	4
58	11	5
58	12	5
58	13	2
58	14	3
58	15	5
58	16	6
58	17	3
58	18	5
58	19	10
58	20	3
58	21	3
58	22	3
58	23	2
58	24	7
58	25	1
58	26	1
58	27	6
58	28	6
58	29	1
58	30	3
58	31	9
58	32	3
58	33	2
58	34	1
58	35	6
58	36	4
58	37	2
58	38	4
58	39	2
58	40	1
58	41	1
58	42	4
58	43	5
58	45	5
58	46	3
58	47	3
58	48	3
58	49	9
58	50	7
58	52	5
58	53	7
58	54	11
58	55	13
58	56	16
58	57	13
59	3	7
59	4	3
59	5	6
59	6	1
59	7	5
59	8	2
59	9	2
59	10	2
59	12	3
59	13	3
59	14	2
59	15	5
59	16	1
59	17	1
59	18	1
59	19	2
59	22	1
59	24	1
59	25	2
59	27	5
59	28	2
59	29	4
59	30	3
59	31	2
59	33	2
59	34	4
59	35	2
59	36	4
59	38	1
59	39	3
59	40	4
59	43	1
59	44	3
59	46	3
59	47	3
59	49	3
59	50	2
59	51	1
59	52	1
59	53	2
59	54	4
59	55	7
59	56	1
59	57	3
59	58	3
60	0	1
60	1	4
60	2	7
60	4	4
60	5	2
60	7	1
60	8	3
60	9	3
60	10	2
60	11	2
60	12	2
60	13	5
60	15	3
60	16	1
60	20	1
60	21	4
60	25	2
60	28	2
60	30	7
60	31	2
60	32	4
60	33	6
60	34	3
60	35	5
60	36	2
60	38	1
60	39	3
60	40	8
60	41	5
60	42	1
60	43	6
60	44	4
60	45	5
60	46	16
60	47	6
60	48	3
60	49	5
60	51	3
60	52	2
60	53	3
60	54	5
60	55	3
60	56	1
60	57	4
60	58	1
60	59	2
