1	0	20
2	0	10
2	1	31
3	0	1
3	2	2
4	3	9
5	0	1
5	2	1
5	3	3
5	4	21
6	1	1
6	3	2
6	4	6
6	5	6
7	1	1
7	3	1
7	4	3
7	5	1
7	6	17
8	0	2
8	1	1
8	2	1
8	3	3
8	4	8
8	5	8
8	6	19
8	7	19
9	0	3
9	2	2
9	3	9
9	4	3
9	5	3
9	6	9
9	7	7
9	8	16
10	1	3
10	3	7
10	4	1
10	5	6
10	6	2
10	7	4
10	8	11
10	9	30
11	0	4
11	1	4
11	2	3
11	3	2
11	4	4
11	5	3
11	6	3
11	7	5
11	8	6
11	9	24
11	10	26
12	1	1
12	3	1
12	4	2
12	5	9
12	7	3
12	8	14
12	9	15
12	10	22
12	11	21
13	1	2
13	3	2
13	4	4
13	5	6
13	6	4
13	7	4
13	8	6
13	9	13
13	10	14
13	11	4
13	12	2
14	0	2
14	1	2
14	3	2
14	4	3
14	5	3
14	6	5
14	7	4
14	8	7
14	9	3
14	10	12
14	11	5
14	12	4
14	13	13
15	0	2
15	1	4
15	3	3
15	4	3
15	6	1
15	7	7
15	8	9
15	9	6
15	10	9
15	11	6
15	12	5
15	13	13
15	14	27
16	1	1
16	4	2
16	5	5
16	6	7
16	7	7
16	8	12
16	9	4
16	10	7
16	11	3
16	12	4
16	13	8
16	14	7
16	15	13
17	1	1
17	2	1
17	3	13
17	4	5
17	5	7
17	6	6
17	7	4
17	8	5
17	9	8
17	10	9
17	11	3
17	12	2
17	13	7
17	14	4
17	15	4
17	16	6
18	2	1
18	3	15
18	4	11
18	5	5
18	6	1
18	7	4
18	8	4
18	9	5
18	10	11
18	11	2
18	12	3
18	13	9
18	14	4
18	15	4
18	16	6
18	17	8
19	3	10
19	4	9
19	5	7
19	6	2
19	7	4
19	8	7
19	10	6
19	11	4
19	12	3
19	13	3
19	14	2
19	15	3
19	16	6
19	17	22
19	18	33
20	0	2
20	3	6
20	4	6
20	5	3
20	6	3
20	7	2
20	8	7
20	9	4
20	10	4
20	11	3
20	12	3
20	13	5
20	14	6
20	15	13
20	16	9
20	17	8
20	18	10
20	19	7
21	1	1
21	2	1
21	3	7
21	4	5
21	5	6
21	6	6
21	7	2
21	8	4
21	9	6
21	10	9
21	11	7
21	12	3
21	13	6
21	14	7
21	15	6
21	16	4
21	17	10
21	18	9
21	19	12
21	20	19
22	2	1
22	3	3
22	4	2
22	5	5
22	6	7
22	7	4
22	8	5
22	9	2
22	10	1
22	11	3
22	12	2
22	13	9
22	14	3
22	15	5
22	16	4
22	17	6
22	18	9
22	19	7
22	20	6
22	21	6
23	3	2
23	4	5
23	5	4
23	6	8
23	7	5
23	8	3
23	9	8
23	10	3
23	11	5
23	12	3
23	13	4
23	14	3
23	15	2
23	16	2
23	17	10
23	18	7
23	19	6
23	20	9
23	21	4
23	22	8
24	0	1
24	3	3
24	4	5
24	5	9
24	6	10
24	7	4
24	8	7
24	9	7
24	10	8
24	11	6
24	12	10
24	13	8
24	14	2
24	15	5
24	16	8
24	17	10
24	18	8
24	19	4
24	20	4
24	21	5
24	22	5
24	23	14
25	0	5
25	3	5
25	4	2
25	5	6
25	6	2
25	7	2
25	8	7
25	9	5
25	10	5
25	11	6
25	12	8
25	13	5
25	14	7
25	15	7
25	16	5
25	17	10
25	18	5
25	19	5
25	20	7
25	21	5
25	22	11
25	23	10
25	24	6
26	1	2
26	3	3
26	4	2
26	5	4
26	8	1
26	10	2
26	11	1
26	12	6
26	13	4
26	14	7
26	15	2
26	17	3
26	18	5
26	19	5
26	20	2
26	21	5
26	22	2
26	23	3
26	24	4
26	25	11
27	2	1
27	3	4
27	4	6
27	5	6
27	6	8
27	7	8
27	8	8
27	9	16
27	10	9
27	11	12
27	12	4
27	13	5
27	14	4
27	15	4
27	16	2
27	17	10
27	18	4
27	19	6
27	20	4
27	21	5
27	22	4
27	23	6
27	24	12
27	25	11
27	26	5
28	2	1
28	3	9
28	4	8
28	5	12
28	6	11
28	7	4
28	8	6
28	9	8
28	10	10
28	11	5
28	12	8
28	13	4
28	14	5
28	15	2
28	16	3
28	17	5
28	18	7
28	19	7
28	20	1
28	21	1
28	22	4
28	23	7
28	24	7
28	25	7
28	26	2
28	27	21
29	3	3
29	4	2
29	5	5
29	7	5
29	8	4
29	9	4
29	10	6
29	11	8
29	12	4
29	13	5
29	14	1
29	15	2
29	17	2
29	19	4
29	21	5
29	22	2
29	23	3
29	24	3
29	25	7
29	26	5
29	27	6
29	28	30
30	2	4
30	3	1
30	4	8
30	5	2
30	6	3
30	7	4
30	8	9
30	9	2
30	10	5
30	11	4
30	12	2
30	13	4
30	14	2
30	16	1
30	18	2
30	19	2
30	21	1
30	23	3
30	24	3
30	27	6
30	28	6
30	29	4
31	1	1
31	4	3
31	5	3
31	6	1
31	7	4
31	8	5
31	9	3
31	10	4
31	11	2
31	12	4
31	13	5
31	18	2
31	19	1
31	20	2
31	21	1
31	22	2
31	23	4
31	24	4
31	25	7
31	27	3
31	28	1
31	29	6
31	30	9
32	2	1
32	4	2
32	5	3
32	6	3
32	8	3
32	9	2
32	10	6
32	11	3
32	12	2
32	14	1
32	15	4
32	16	1
32	17	2
32	18	2
32	19	2
32	21	2
32	22	4
32	23	2
32	24	1
32	25	4
32	26	4
32	27	4
32	28	2
32	29	2
32	30	4
32	31	6
33	4	1
33	5	2
33	6	2
33	7	1
33	8	4
33	9	6
33	10	3
33	11	6
33	12	1
33	13	1
33	15	2
33	16	1
33	17	1
33	22	1
33	24	4
33	25	2
33	26	2
33	27	3
33	28	4
33	29	2
33	30	12
33	31	8
33	32	12
34	0	2
34	1	2
34	2	5
34	4	1
34	5	3
34	6	3
34	7	5
34	8	5
34	9	4
34	10	2
34	11	2
34	12	4
34	13	2
34	15	3
34	16	1
34	17	1
34	21	1
34	23	5
34	24	2
34	25	4
34	27	6
34	28	4
34	29	3
34	30	6
34	31	8
34	32	12
34	33	20
35	1	3
35	2	1
35	3	4
35	4	5
35	5	7
35	6	4
35	7	8
35	8	5
35	9	6
35	10	5
35	11	10
35	12	9
35	13	5
35	14	6
35	15	9
35	16	3
35	17	9
35	18	6
35	19	2
35	21	3
35	22	4
35	23	7
35	24	4
35	25	17
35	26	6
35	27	5
35	28	8
35	29	5
35	30	4
35	31	1
35	32	1
35	33	1
35	34	1
36	3	1
36	4	3
36	5	2
36	6	2
36	7	1
36	8	2
36	9	7
36	10	12
36	11	16
36	12	7
36	13	1
36	14	5
36	15	6
36	16	5
36	17	3
36	18	2
36	19	4
36	20	5
36	21	7
36	22	1
36	23	6
36	24	2
36	25	5
36	26	4
36	27	8
36	28	3
36	29	4
36	30	3
36	31	4
36	32	1
36	33	2
36	35	22
37	2	2
37	3	4
37	4	3
37	5	5
37	6	2
37	7	1
37	8	4
37	9	10
37	10	11
37	11	13
37	12	8
37	13	3
37	14	5
37	15	4
37	16	2
37	17	3
37	18	5
37	19	3
37	20	3
37	21	4
37	22	3
37	23	4
37	24	10
37	25	10
37	26	2
37	27	13
37	28	5
37	29	2
37	30	3
37	31	2
37	33	2
37	34	4
37	35	22
37	36	12
38	0	3
38	1	2
38	2	2
38	3	4
38	4	10
38	5	5
38	6	6
38	7	5
38	8	8
38	9	8
38	10	11
38	11	9
38	12	13
38	13	10
38	14	1
38	15	3
38	16	2
38	17	6
38	18	2
38	19	5
38	20	6
38	21	3
38	22	5
38	23	8
38	24	5
38	25	8
38	26	2
38	27	16
38	28	14
38	29	9
38	30	3
38	31	5
38	32	4
38	33	4
38	34	4
38	35	20
38	36	9
38	37	27
39	0	1
39	3	2
39	4	3
39	5	5
39	6	1
39	7	3
39	8	6
39	9	6
39	10	9
39	11	11
39	12	4
39	13	8
39	14	6
39	15	2
39	16	3
39	18	1
39	19	3
39	20	1
39	21	4
39	22	4
39	23	5
39	24	6
39	25	7
39	26	3
39	27	8
39	28	5
39	29	5
39	30	5
39	31	2
39	32	1
39	33	3
39	34	4
39	35	18
39	36	9
39	37	8
39	38	25
40	1	1
40	3	5
40	4	5
40	5	4
40	6	5
40	7	4
40	8	6
40	9	4
40	10	8
40	11	4
40	12	3
40	13	2
40	14	1
40	15	3
40	16	2
40	17	4
40	18	3
40	19	3
40	20	5
40	21	2
40	22	2
40	23	5
40	24	3
40	25	3
40	26	7
40	27	8
40	28	11
40	29	11
40	30	5
40	31	2
40	32	3
40	33	5
40	34	8
40	35	10
40	36	3
40	37	7
40	38	13
40	39	5
41	2	3
41	3	5
41	4	5
41	5	5
41	6	1
41	7	2
41	8	11
41	9	3
41	10	6
41	11	6
41	12	8
41	13	5
41	14	3
41	15	2
41	16	3
41	17	4
41	18	1
41	19	2
41	20	2
41	22	2
41	23	3
41	24	6
41	25	5
41	26	5
41	27	10
41	28	7
41	29	5
41	30	4
41	31	3
41	32	4
41	33	5
41	34	6
41	35	7
41	36	7
41	37	6
41	38	10
41	39	5
41	40	12
42	0	2
42	1	1
42	4	3
42	5	5
42	6	1
42	7	2
42	8	10
42	9	1
42	10	6
42	11	8
42	12	5
42	13	2
42	14	3
42	15	4
42	16	1
42	20	1
42	21	5
42	22	4
42	24	1
42	25	3
42	27	4
42	28	6
42	29	2
42	30	16
42	31	6
42	32	4
42	33	6
42	34	7
42	35	3
42	36	2
42	38	4
42	39	4
42	40	4
42	41	14
43	2	1
43	4	2
43	5	3
43	6	4
43	8	3
43	9	2
43	10	1
43	11	3
43	12	1
43	13	4
43	14	3
43	15	4
43	16	3
43	17	1
43	18	3
43	24	4
43	25	5
43	27	2
43	28	2
43	29	5
43	30	9
43	31	5
43	32	4
43	33	11
43	34	6
43	35	3
43	37	2
43	38	2
43	39	3
43	40	2
43	41	5
43	42	9
44	1	2
44	2	2
44	4	2
44	5	2
44	6	4
44	7	3
44	8	6
44	9	4
44	10	6
44	11	3
44	12	1
44	13	3
44	14	2
44	15	5
44	16	6
44	17	2
44	20	1
44	22	2
44	23	1
44	27	1
44	28	4
44	29	1
44	30	4
44	31	4
44	32	4
44	33	13
44	34	5
44	36	3
44	38	2
44	40	6
44	41	3
44	42	6
44	43	23
45	1	1
45	3	3
45	4	2
45	8	3
45	9	2
45	10	2
45	12	4
45	13	3
45	16	2
45	17	1
45	25	2
45	28	2
45	30	6
45	31	2
45	32	5
45	33	5
45	34	6
45	38	2
45	39	3
45	40	5
45	41	1
45	42	2
45	43	8
45	44	10
46	0	3
46	1	1
46	2	3
46	3	2
46	4	1
46	5	2
46	6	3
46	8	2
46	9	3
46	10	6
46	11	2
46	12	2
46	15	5
46	18	1
46	19	3
46	20	1
46	23	1
46	24	3
46	25	3
46	27	1
46	28	3
46	29	7
46	30	8
46	31	3
46	32	8
46	33	1
46	34	5
46	35	2
46	36	1
46	38	1
46	39	2
46	40	6
46	41	7
46	42	4
46	43	13
46	44	16
46	45	10
47	0	1
47	2	1
47	3	5
47	4	7
47	5	3
47	6	4
47	7	5
47	8	7
47	9	2
47	10	7
47	11	5
47	12	10
47	13	2
47	14	4
47	15	7
47	16	5
47	17	4
47	18	2
47	19	2
47	20	5
47	21	1
47	22	3
47	23	6
47	24	3
47	25	5
47	27	6
47	28	7
47	29	3
47	30	8
47	31	1
47	33	4
47	34	4
47	35	7
47	36	2
47	37	1
47	38	5
47	39	3
47	40	3
47	41	7
47	42	12
47	43	12
47	44	7
47	45	5
47	46	5
48	0	1
48	2	3
48	3	3
48	4	4
48	5	4
48	6	6
48	7	7
48	8	9
48	9	5
48	10	7
48	11	7
48	12	13
48	13	8
48	14	5
48	15	4
48	16	4
48	17	5
48	18	2
48	19	5
48	20	4
48	21	5
48	22	3
48	23	3
48	24	9
48	25	2
48	27	7
48	28	4
48	29	4
48	30	7
48	31	3
48	32	6
48	33	7
48	34	6
48	35	5
48	36	1
48	37	5
48	38	6
48	39	2
48	40	4
48	41	5
48	42	5
48	43	3
48	44	3
48	45	1
48	46	6
48	47	12
49	3	2
49	4	5
49	5	2
49	6	16
49	7	8
49	8	32
49	9	17
49	10	16
49	11	12
49	12	15
49	13	10
49	14	6
49	15	6
49	16	9
49	17	5
49	18	2
49	19	6
49	20	7
49	21	5
49	22	1
49	23	6
49	24	7
49	25	4
49	26	1
49	27	13
49	28	4
49	29	4
49	30	6
49	31	8
49	32	2
49	33	1
49	34	2
49	35	4
49	36	3
49	37	4
49	38	7
49	39	5
49	40	3
49	41	8
49	42	8
49	43	2
49	44	5
49	45	4
49	46	4
49	47	10
49	48	19
50	3	5
50	4	4
50	5	5
50	6	11
50	7	11
50	8	12
50	9	6
50	10	6
50	11	3
50	12	10
50	13	7
50	14	4
50	15	3
50	16	7
50	17	1
50	18	1
50	19	5
50	20	4
50	22	1
50	23	4
50	24	4
50	25	1
50	27	5
50	28	8
50	30	2
50	31	1
50	33	1
50	34	2
50	35	5
50	36	3
50	38	5
50	39	1
50	40	2
50	41	6
50	42	3
50	43	7
50	44	1
50	45	5
50	46	6
50	47	4
50	48	10
50	49	14
51	1	1
51	3	2
51	4	3
51	5	1
51	6	6
51	7	11
51	8	18
51	9	2
51	10	4
51	11	2
51	12	7
51	13	6
51	14	4
51	15	10
51	16	7
51	17	4
51	18	7
51	19	5
51	20	2
51	21	1
51	22	7
51	23	1
51	24	6
51	25	8
51	27	5
51	28	5
51	29	4
51	30	4
51	31	2
51	32	5
51	33	1
51	34	4
51	35	4
51	36	8
51	37	3
51	38	2
51	39	4
51	40	2
51	41	3
51	42	1
51	43	7
51	44	7
51	45	4
51	46	5
51	47	8
51	48	10
51	49	11
51	50	11
52	2	2
52	3	4
52	4	4
52	5	3
52	6	4
52	7	12
52	8	15
52	9	2
52	10	6
52	11	5
52	12	5
52	13	9
52	14	6
52	15	7
52	16	16
52	17	2
52	18	1
52	19	3
52	20	5
52	21	3
52	22	2
52	23	3
52	24	9
52	25	2
52	26	7
52	27	9
52	28	6
52	30	6
52	31	5
52	32	2
52	33	2
52	34	2
52	35	4
52	36	1
52	37	4
52	38	4
52	39	1
52	40	2
52	41	2
52	42	5
52	43	4
52	44	2
52	45	2
52	46	2
52	47	9
52	48	10
52	49	8
52	50	11
52	51	32
53	1	1
53	2	3
53	3	5
53	4	7
53	5	9
53	6	6
53	7	9
53	8	14
53	9	6
53	10	7
53	11	7
53	12	8
53	13	7
53	14	6
53	15	7
53	16	3
53	17	4
53	18	9
53	19	5
53	20	3
53	21	3
53	22	3
53	23	4
53	24	4
53	25	2
53	26	1
53	27	8
53	28	7
53	29	4
53	30	7
53	31	4
53	32	1
53	33	6
53	34	4
53	35	2
53	36	1
53	37	5
53	38	4
53	39	1
53	40	5
53	41	6
53	42	8
53	43	6
53	44	5
53	45	6
53	46	5
53	47	5
53	48	5
53	49	22
53	50	10
53	51	4
53	52	5
54	4	5
54	5	7
54	6	7
54	7	5
54	8	10
54	9	6
54	10	4
54	11	3
54	12	5
54	13	3
54	14	4
54	15	7
54	16	3
54	17	1
54	18	4
54	19	3
54	20	3
54	21	5
54	22	1
54	23	4
54	24	11
54	25	3
54	26	2
54	27	7
54	28	11
54	29	4
54	30	10
54	31	2
54	32	2
54	33	3
54	34	6
54	35	7
54	36	3
54	37	5
54	38	6
54	39	3
54	40	4
54	41	6
54	42	13
54	43	9
54	44	2
54	45	2
54	46	4
54	47	6
54	48	8
54	49	12
54	50	6
54	51	5
54	52	2
54	53	15
55	0	3
55	1	1
55	2	1
55	3	2
55	4	5
55	5	3
55	6	5
55	7	6
55	8	13
55	9	3
55	10	2
55	11	11
55	12	5
55	13	6
55	14	5
55	15	3
55	16	8
55	17	1
55	18	6
55	19	2
55	20	3
55	21	4
55	22	2
55	23	5
55	24	4
55	25	4
55	26	3
55	27	4
55	28	6
55	29	2
55	30	8
55	31	5
55	32	6
55	33	10
55	34	4
55	35	4
55	36	2
55	37	4
55	38	5
55	39	5
55	40	5
55	41	8
55	42	1
55	43	9
55	44	9
55	45	6
55	46	1
55	47	12
55	48	4
55	49	8
55	50	3
55	51	6
55	52	7
55	53	15
55	54	16
56	0	1
56	1	3
56	3	1
56	4	6
56	5	7
56	6	10
56	7	10
56	8	6
56	9	3
56	10	6
56	11	2
56	12	7
56	13	4
56	14	3
56	15	5
56	16	2
56	17	3
56	19	5
56	20	2
56	21	4
56	22	6
56	23	2
56	24	4
56	25	3
56	26	1
56	27	8
56	28	5
56	29	8
56	30	3
56	32	3
56	33	8
56	34	4
56	35	6
56	37	2
56	38	2
56	39	5
56	40	2
56	41	3
56	42	6
56	43	4
56	44	3
56	45	1
56	46	3
56	47	6
56	48	7
56	49	6
56	50	7
56	51	3
56	52	4
56	53	11
56	54	11
56	55	20
57	2	5
57	3	7
57	4	5
57	5	9
57	6	13
57	7	10
57	8	7
57	9	11
57	10	7
57	11	4
57	12	6
57	13	4
57	14	2
57	15	4
57	16	1
57	17	4
57	18	2
57	19	8
57	20	4
57	21	8
57	22	2
57	23	7
57	24	4
57	25	4
57	26	3
57	27	7
57	28	7
57	29	1
57	30	1
57	31	3
57	33	3
57	34	5
57	35	7
57	36	1
57	37	4
57	38	4
57	39	2
57	40	1
57	41	3
57	42	7
57	43	6
57	44	4
57	45	1
57	46	8
57	47	5
57	48	6
57	49	7
57	50	3
57	51	6
57	52	7
57	53	9
57	54	5
57	55	12
57	56	10
58	1	1
58	3	5
58	4	7
58	5	5
58	6	9
58	7	6
58	8	1
58	9	4
58	10	2
58	11	6
58	12	8
58	13	3
58	14	2
58	15	7
58	16	5
58	17	3
58	18	4
58	19	2
58	20	3
58	21	5
58	22	4
58	23	1
58	24	5
58	25	3
58	26	2
58	27	4
58	28	8
58	29	1
58	30	4
58	31	4
58	33	4
58	34	2
58	35	3
58	36	1
58	37	4
58	38	5
58	39	3
58	40	3
58	41	5
58	42	9
58	43	1
58	44	3
58	46	2
58	47	8
58	48	5
58	49	6
58	50	4
58	51	6
58	52	6
58	53	7
58	54	8
58	55	9
58	56	15
58	57	23
59	2	2
59	3	3
59	4	4
59	5	6
59	6	5
59	7	2
59	8	2
59	9	1
59	10	1
59	12	4
59	13	1
59	14	1
59	15	1
59	16	4
59	17	3
59	19	2
59	22	3
59	23	1
59	24	4
59	25	1
59	26	1
59	27	2
59	28	3
59	29	4
59	30	2
59	31	4
59	33	2
59	34	4
59	35	3
59	36	2
59	38	3
59	40	2
59	41	4
59	43	3
59	44	4
59	45	1
59	46	4
59	47	4
59	49	4
59	51	5
59	52	2
59	53	4
59	54	3
59	55	4
59	56	3
59	57	2
59	58	5
60	0	2
60	1	7
60	2	3
60	4	4
60	5	4
60	7	2
60	8	1
60	9	2
60	10	3
60	11	1
60	12	5
60	13	5
60	15	8
60	20	1
60	21	2
60	22	2
60	25	3
60	27	1
60	28	4
60	30	3
60	31	3
60	32	3
60	33	3
60	34	5
60	35	1
60	38	5
60	39	4
60	40	4
60	41	2
60	42	5
60	43	3
60	44	3
60	45	4
60	46	10
60	47	4
60	48	1
60	49	4
60	51	2
60	53	2
60	54	1
60	55	4
60	56	1
60	57	2
60	58	3
60	59	1
