1	0	16
2	0	12
2	1	16
3	2	3
4	1	1
4	3	18
5	1	3
5	2	2
5	3	7
5	4	22
6	3	2
6	4	1
6	5	4
7	0	3
7	1	1
7	3	1
7	4	2
7	5	4
7	6	13
8	1	2
8	2	3
8	3	5
8	4	6
8	5	11
8	6	16
8	7	20
9	3	1
9	4	6
9	5	9
9	6	3
9	7	7
9	8	12
10	1	2
10	3	5
10	4	2
10	5	7
10	6	6
10	7	5
10	8	8
10	9	21
11	0	1
11	1	1
11	2	2
11	3	4
11	4	2
11	5	4
11	6	4
11	7	5
11	8	7
11	9	23
11	10	15
12	1	1
12	3	4
12	4	7
12	5	2
12	6	2
12	7	1
12	8	13
12	9	11
12	10	20
12	11	16
13	2	1
13	3	2
13	4	4
13	5	2
13	6	2
13	7	3
13	8	9
13	9	15
13	10	12
13	11	10
13	12	8
14	0	2
14	1	1
14	3	3
14	4	4
14	5	7
14	6	3
14	7	2
14	8	2
14	9	3
14	10	8
14	11	4
14	12	10
14	13	5
15	0	1
15	3	2
15	4	1
15	5	5
15	6	1
15	7	6
15	8	3
15	9	9
15	10	11
15	11	7
15	12	5
15	13	8
15	14	18
16	1	2
16	3	3
16	4	5
16	5	3
16	6	11
16	7	10
16	8	8
16	9	8
16	10	9
16	11	3
16	12	9
16	13	10
16	14	9
16	15	20
17	1	2
17	3	8
17	4	7
17	5	5
17	6	2
17	7	3
17	8	3
17	9	5
17	10	7
17	11	4
17	12	6
17	13	2
17	14	3
17	15	7
18	2	1
18	3	14
18	4	7
18	5	7
18	6	8
18	7	9
18	8	6
18	9	2
18	10	4
18	11	4
18	12	1
18	13	2
18	14	1
18	15	10
18	16	5
18	17	12
19	1	2
19	2	2
19	3	7
19	4	8
19	5	5
19	6	5
19	7	3
19	8	6
19	9	3
19	10	6
19	11	2
19	12	3
19	13	2
19	14	5
19	15	6
19	16	4
19	17	9
19	18	22
20	3	4
20	4	1
20	5	4
20	6	3
20	7	1
20	9	4
20	10	5
20	11	6
20	12	6
20	13	7
20	14	6
20	15	3
20	17	10
20	18	7
20	19	10
21	0	1
21	2	1
21	3	1
21	4	1
21	5	3
21	6	8
21	7	5
21	8	8
21	9	5
21	10	3
21	11	8
21	12	2
21	13	9
21	14	9
21	15	6
21	16	6
21	17	11
21	18	4
21	19	8
21	20	19
22	2	1
22	3	3
22	4	2
22	5	6
22	6	1
22	7	6
22	8	4
22	9	4
22	10	5
22	11	6
22	12	3
22	13	4
22	14	4
22	15	3
22	16	2
22	17	11
22	18	12
22	19	7
22	20	1
22	21	5
23	1	1
23	3	7
23	4	3
23	5	1
23	6	6
23	7	1
23	8	7
23	9	6
23	10	10
23	11	6
23	12	5
23	13	7
23	14	3
23	15	3
23	16	2
23	17	16
23	18	3
23	19	6
23	20	4
23	21	3
23	22	14
24	3	4
24	4	8
24	5	8
24	6	6
24	7	9
24	8	10
24	9	6
24	10	9
24	11	7
24	12	3
24	13	6
24	14	4
24	15	7
24	16	3
24	17	7
24	18	7
24	19	10
24	20	4
24	21	6
24	22	7
24	23	5
25	0	2
25	1	2
25	2	2
25	3	4
25	4	4
25	5	5
25	6	4
25	7	6
25	8	1
25	9	6
25	10	9
25	11	3
25	12	3
25	13	3
25	14	7
25	15	4
25	16	4
25	17	5
25	18	3
25	19	2
25	20	1
25	21	6
25	22	7
25	23	12
25	24	4
26	1	1
26	3	4
26	4	2
26	5	5
26	9	2
26	10	3
26	11	3
26	12	4
26	13	2
26	14	5
26	15	4
26	17	4
26	18	4
26	19	2
26	20	1
26	22	3
26	23	6
26	24	3
26	25	12
27	4	4
27	5	7
27	6	5
27	7	6
27	8	7
27	9	10
27	10	14
27	11	14
27	12	8
27	13	10
27	14	3
27	15	3
27	16	4
27	17	8
27	18	9
27	19	2
27	20	3
27	21	5
27	22	5
27	23	10
27	24	11
27	25	8
27	26	7
28	3	6
28	4	4
28	5	6
28	6	4
28	7	10
28	8	8
28	9	5
28	10	10
28	11	7
28	12	8
28	13	6
28	14	4
28	15	3
28	16	1
28	17	4
28	18	2
28	19	8
28	20	1
28	21	3
28	22	5
28	23	2
28	24	4
28	25	7
28	26	10
28	27	9
29	0	1
29	3	2
29	4	3
29	5	5
29	6	7
29	7	1
29	8	3
29	9	6
29	10	3
29	11	2
29	12	2
29	13	2
29	17	4
29	19	3
29	21	2
29	22	1
29	23	1
29	24	1
29	25	4
29	26	1
29	27	6
29	28	15
30	1	1
30	2	4
30	3	1
30	4	3
30	5	3
30	6	3
30	7	5
30	8	3
30	9	4
30	10	3
30	11	7
30	12	7
30	13	3
30	15	4
30	16	4
30	17	4
30	18	1
30	19	1
30	21	1
30	23	1
30	24	1
30	25	3
30	27	8
30	28	4
30	29	2
31	1	5
31	3	1
31	4	3
31	5	4
31	6	5
31	7	7
31	8	3
31	9	3
31	10	1
31	11	3
31	12	2
31	13	6
31	15	1
31	18	2
31	21	1
31	22	1
31	23	1
31	24	2
31	27	6
31	28	2
31	29	5
31	30	18
32	2	2
32	4	3
32	5	1
32	6	4
32	8	1
32	9	2
32	10	2
32	11	6
32	12	2
32	14	2
32	15	3
32	16	3
32	17	1
32	18	1
32	19	2
32	21	1
32	22	1
32	24	2
32	25	4
32	26	2
32	27	8
32	28	2
32	29	3
32	30	10
32	31	7
33	0	1
33	1	3
33	2	2
33	3	1
33	4	1
33	5	4
33	6	4
33	7	5
33	8	8
33	9	2
33	10	2
33	11	6
33	12	1
33	13	1
33	15	2
33	22	4
33	24	9
33	25	2
33	26	3
33	27	1
33	28	5
33	29	6
33	30	5
33	31	6
33	32	15
34	0	2
34	1	6
34	2	1
34	4	3
34	5	4
34	6	3
34	7	5
34	8	7
34	10	3
34	11	3
34	12	1
34	13	5
34	15	2
34	16	1
34	17	1
34	21	2
34	23	1
34	24	3
34	25	4
34	27	1
34	28	4
34	29	1
34	30	10
34	31	9
34	32	8
34	33	24
35	1	2
35	2	2
35	3	1
35	4	7
35	5	5
35	6	5
35	7	6
35	8	6
35	9	12
35	10	13
35	11	12
35	12	13
35	13	5
35	14	5
35	15	4
35	16	6
35	17	1
35	18	3
35	19	5
35	20	2
35	21	4
35	22	4
35	23	8
35	24	10
35	25	17
35	26	6
35	27	12
35	28	6
35	29	3
35	30	7
35	31	2
35	32	3
35	33	3
35	34	4
36	3	4
36	4	3
36	5	1
36	6	8
36	7	4
36	8	5
36	9	11
36	10	16
36	11	10
36	12	7
36	13	11
36	14	2
36	15	3
36	16	3
36	17	2
36	18	3
36	19	3
36	20	2
36	21	3
36	22	6
36	23	5
36	24	8
36	25	12
36	26	3
36	27	11
36	28	4
36	29	2
36	30	2
36	31	5
36	32	1
36	33	1
36	35	11
37	2	1
37	3	4
37	4	5
37	5	2
37	6	4
37	7	6
37	8	2
37	9	8
37	10	5
37	11	7
37	12	8
37	13	5
37	14	5
37	15	1
37	16	3
37	17	3
37	18	3
37	19	3
37	20	7
37	21	2
37	22	4
37	23	9
37	24	7
37	25	11
37	26	2
37	27	7
37	28	15
37	29	2
37	30	2
37	31	3
37	33	3
37	35	25
37	36	9
38	0	1
38	1	4
38	2	1
38	3	4
38	4	7
38	5	7
38	6	1
38	7	6
38	8	6
38	9	11
38	10	10
38	11	12
38	12	12
38	13	5
38	14	6
38	15	7
38	16	7
38	17	4
38	18	7
38	19	6
38	20	1
38	21	2
38	22	4
38	23	10
38	24	5
38	25	11
38	26	7
38	27	15
38	28	11
38	29	7
38	30	4
38	31	3
38	32	2
38	33	6
38	34	2
38	35	16
38	36	8
38	37	28
39	0	1
39	3	3
39	4	4
39	5	2
39	6	4
39	7	3
39	8	4
39	9	9
39	10	6
39	11	6
39	12	4
39	13	4
39	14	2
39	15	3
39	16	6
39	17	4
39	18	7
39	19	3
39	20	5
39	21	4
39	22	5
39	23	5
39	24	10
39	25	10
39	26	1
39	27	3
39	28	4
39	29	3
39	30	8
39	31	4
39	32	2
39	33	4
39	34	3
39	35	26
39	36	14
39	37	14
39	38	13
40	0	1
40	1	2
40	4	6
40	5	5
40	6	4
40	7	1
40	8	2
40	9	7
40	10	1
40	11	5
40	12	5
40	13	2
40	14	1
40	16	1
40	17	6
40	18	5
40	19	1
40	20	4
40	21	5
40	22	8
40	23	4
40	24	5
40	25	6
40	26	5
40	27	9
40	28	17
40	29	12
40	30	5
40	31	6
40	32	6
40	33	7
40	34	2
40	35	6
40	36	7
40	37	10
40	38	15
40	39	7
41	1	5
41	2	3
41	3	2
41	4	6
41	5	4
41	6	3
41	7	4
41	8	3
41	9	3
41	10	7
41	11	4
41	12	3
41	13	2
41	14	3
41	15	3
41	17	2
41	19	2
41	20	1
41	21	2
41	23	2
41	24	5
41	25	7
41	26	4
41	27	7
41	28	9
41	29	3
41	30	9
41	31	11
41	32	7
41	33	3
41	34	5
41	35	4
41	36	5
41	37	6
41	38	9
41	39	6
41	40	17
42	0	1
42	1	1
42	3	2
42	4	2
42	5	1
42	6	2
42	7	4
42	8	5
42	9	6
42	10	3
42	11	3
42	12	4
42	13	1
42	14	5
42	15	10
42	16	2
42	17	1
42	18	2
42	20	2
42	21	3
42	22	2
42	24	7
42	25	1
42	27	3
42	28	3
42	29	4
42	30	19
42	31	7
42	32	7
42	33	4
42	34	5
42	35	3
42	36	3
42	37	1
42	38	7
42	39	5
42	40	4
42	41	5
43	1	2
43	2	2
43	4	5
43	5	1
43	6	1
43	7	5
43	8	5
43	9	1
43	10	2
43	11	7
43	12	2
43	13	4
43	14	2
43	15	2
43	18	1
43	24	2
43	25	4
43	27	3
43	28	7
43	29	5
43	30	9
43	31	5
43	32	10
43	33	10
43	34	7
43	35	6
43	37	2
43	38	3
43	39	4
43	40	6
43	41	7
43	42	9
44	0	2
44	2	3
44	4	2
44	5	1
44	6	2
44	7	1
44	8	1
44	9	1
44	10	2
44	11	3
44	12	3
44	13	6
44	14	1
44	15	2
44	16	1
44	17	2
44	20	3
44	22	1
44	23	1
44	24	2
44	27	3
44	28	3
44	30	8
44	31	2
44	32	4
44	33	5
44	34	3
44	35	2
44	36	4
44	38	1
44	40	1
44	41	2
44	42	8
44	43	15
45	1	3
45	2	8
45	3	3
45	7	3
45	8	3
45	9	3
45	10	3
45	12	4
45	13	2
45	16	1
45	18	4
45	22	4
45	25	1
45	27	3
45	28	4
45	29	2
45	30	6
45	31	2
45	32	10
45	33	2
45	34	4
45	35	3
45	38	1
45	40	2
45	41	4
45	42	4
45	43	11
45	44	25
46	0	2
46	1	4
46	2	6
46	4	1
46	5	1
46	6	2
46	8	2
46	9	3
46	10	3
46	11	3
46	12	5
46	13	2
46	15	1
46	18	1
46	19	1
46	20	4
46	22	2
46	23	2
46	25	1
46	27	3
46	28	5
46	29	3
46	30	9
46	31	3
46	32	9
46	33	4
46	34	9
46	35	3
46	36	2
46	38	3
46	39	1
46	40	1
46	41	2
46	42	5
46	43	6
46	44	6
46	45	11
47	0	1
47	2	2
47	3	3
47	4	5
47	5	3
47	6	4
47	7	5
47	8	9
47	9	7
47	10	6
47	11	3
47	12	12
47	13	4
47	14	2
47	15	4
47	16	5
47	17	5
47	18	2
47	19	4
47	20	2
47	21	9
47	22	6
47	23	3
47	24	1
47	25	3
47	27	4
47	28	5
47	30	8
47	31	7
47	32	5
47	33	7
47	34	8
47	35	8
47	36	5
47	37	7
47	38	3
47	39	2
47	40	3
47	41	4
47	42	5
47	43	9
47	44	7
47	45	2
47	46	5
48	0	1
48	2	1
48	3	3
48	4	6
48	5	4
48	6	6
48	7	5
48	8	7
48	9	8
48	10	9
48	11	7
48	12	6
48	13	5
48	14	3
48	15	9
48	16	4
48	17	5
48	18	6
48	19	4
48	20	4
48	21	3
48	22	4
48	23	1
48	24	5
48	25	3
48	27	1
48	28	1
48	29	5
48	30	8
48	31	3
48	32	4
48	33	5
48	34	3
48	35	8
48	36	4
48	37	2
48	38	3
48	39	2
48	40	1
48	41	2
48	42	4
48	43	4
48	44	3
48	45	4
48	46	3
48	47	11
49	3	2
49	4	5
49	5	5
49	6	9
49	7	12
49	8	31
49	9	15
49	10	13
49	11	13
49	12	20
49	13	11
49	14	2
49	15	7
49	16	6
49	17	2
49	18	13
49	19	6
49	20	6
49	21	6
49	22	5
49	23	9
49	24	8
49	25	5
49	26	2
49	27	7
49	28	5
49	29	3
49	30	3
49	31	2
49	32	3
49	33	3
49	34	1
49	35	3
49	36	3
49	37	6
49	38	5
49	39	4
49	40	6
49	41	5
49	42	5
49	43	3
49	44	2
49	45	2
49	46	5
49	47	10
49	48	17
50	3	5
50	4	3
50	5	8
50	6	9
50	7	11
50	8	14
50	9	10
50	10	6
50	11	3
50	12	6
50	13	10
50	14	2
50	15	5
50	16	7
50	17	6
50	18	5
50	19	1
50	21	3
50	22	3
50	23	6
50	24	7
50	25	1
50	27	6
50	28	5
50	29	4
50	30	7
50	31	5
50	33	3
50	35	3
50	36	1
50	37	5
50	38	4
50	39	2
50	40	5
50	41	5
50	42	4
50	43	2
50	44	2
50	45	2
50	46	2
50	47	4
50	48	7
50	49	17
51	1	4
51	3	4
51	4	1
51	5	4
51	6	5
51	7	10
51	8	18
51	9	7
51	10	5
51	11	2
51	12	11
51	13	13
51	14	4
51	15	10
51	16	13
51	17	5
51	18	4
51	19	7
51	20	4
51	21	5
51	22	3
51	23	1
51	24	6
51	25	8
51	27	6
51	28	3
51	30	3
51	31	4
51	32	2
51	33	3
51	34	2
51	35	3
51	37	3
51	38	1
51	39	2
51	40	3
51	41	4
51	42	2
51	43	7
51	44	5
51	45	4
51	46	2
51	47	6
51	48	8
51	49	9
51	50	15
52	3	2
52	4	4
52	5	5
52	6	9
52	7	6
52	8	10
52	9	7
52	10	6
52	11	4
52	12	4
52	13	14
52	14	7
52	15	9
52	16	6
52	17	3
52	18	6
52	19	1
52	20	3
52	21	7
52	22	3
52	24	4
52	25	5
52	26	2
52	27	1
52	28	5
52	29	4
52	30	5
52	32	2
52	33	3
52	34	3
52	35	5
52	36	3
52	37	5
52	38	7
52	39	5
52	40	5
52	41	3
52	42	6
52	43	4
52	44	3
52	45	5
52	47	8
52	48	8
52	49	8
52	50	14
52	51	32
53	1	5
53	2	1
53	3	2
53	4	2
53	5	7
53	6	6
53	7	4
53	8	18
53	9	14
53	10	10
53	11	5
53	12	6
53	13	8
53	14	4
53	15	4
53	16	8
53	17	1
53	18	3
53	19	6
53	20	5
53	21	5
53	22	3
53	23	7
53	24	5
53	25	5
53	26	1
53	27	9
53	28	14
53	29	5
53	30	5
53	31	10
53	32	2
53	33	7
53	34	7
53	35	4
53	37	8
53	38	5
53	39	3
53	40	6
53	41	5
53	42	9
53	43	3
53	44	3
53	45	6
53	46	4
53	47	13
53	48	6
53	49	15
53	50	7
53	51	7
53	52	10
54	0	2
54	3	5
54	4	6
54	5	3
54	6	6
54	7	2
54	8	13
54	9	1
54	10	10
54	11	5
54	12	6
54	13	2
54	14	2
54	15	3
54	16	2
54	17	4
54	18	3
54	19	4
54	20	1
54	21	2
54	22	4
54	23	5
54	24	6
54	25	2
54	27	6
54	28	7
54	29	5
54	30	6
54	31	5
54	32	4
54	33	2
54	34	7
54	35	4
54	36	3
54	37	2
54	38	4
54	39	3
54	40	3
54	41	8
54	42	6
54	43	8
54	44	4
54	45	3
54	46	5
54	47	8
54	48	7
54	49	10
54	50	8
54	51	4
54	52	5
54	53	20
55	0	1
55	3	4
55	4	5
55	5	2
55	6	9
55	7	6
55	8	12
55	9	5
55	10	5
55	11	6
55	12	7
55	13	12
55	14	3
55	15	7
55	16	8
55	17	3
55	18	5
55	19	2
55	20	3
55	21	3
55	22	3
55	23	5
55	24	6
55	25	10
55	26	7
55	27	5
55	28	1
55	29	3
55	30	5
55	31	8
55	32	4
55	33	8
55	34	5
55	35	3
55	36	3
55	37	5
55	38	5
55	39	2
55	40	2
55	41	10
55	42	5
55	43	3
55	44	3
55	45	5
55	46	4
55	47	5
55	48	8
55	49	5
55	50	4
55	51	4
55	52	4
55	53	18
55	54	18
56	1	3
56	3	1
56	4	5
56	5	3
56	6	5
56	7	8
56	8	12
56	9	5
56	10	2
56	11	4
56	12	4
56	13	6
56	14	4
56	15	6
56	16	8
56	17	5
56	18	1
56	19	4
56	20	2
56	21	4
56	22	6
56	23	2
56	24	7
56	25	3
56	26	2
56	27	3
56	28	3
56	29	2
56	30	8
56	31	9
56	32	1
56	33	2
56	34	8
56	35	5
56	36	1
56	37	4
56	38	3
56	39	6
56	40	7
56	41	4
56	42	8
56	43	5
56	44	4
56	45	5
56	46	2
56	47	5
56	48	6
56	49	6
56	50	11
56	51	8
56	52	6
56	53	8
56	54	6
56	55	18
57	2	2
57	3	5
57	4	5
57	5	6
57	6	8
57	7	10
57	8	7
57	9	10
57	10	2
57	11	5
57	12	1
57	13	9
57	14	3
57	15	2
57	16	8
57	17	5
57	18	5
57	19	5
57	20	3
57	21	2
57	22	4
57	23	4
57	24	5
57	25	1
57	26	3
57	27	8
57	28	7
57	29	2
57	30	4
57	31	1
57	32	4
57	33	2
57	34	5
57	35	4
57	36	3
57	37	2
57	38	1
57	39	4
57	40	6
57	41	4
57	42	3
57	43	7
57	44	4
57	45	1
57	46	4
57	47	4
57	48	4
57	49	11
57	50	7
57	51	6
57	52	10
57	53	5
57	54	7
57	55	10
57	56	17
58	1	1
58	3	4
58	4	7
58	5	5
58	6	8
58	7	9
58	8	8
58	9	2
58	10	5
58	11	6
58	12	3
58	13	5
58	14	4
58	15	7
58	16	3
58	17	2
58	18	3
58	19	5
58	20	1
58	21	1
58	22	2
58	23	3
58	24	3
58	25	1
58	26	3
58	27	8
58	28	4
58	29	4
58	30	4
58	31	2
58	32	1
58	33	2
58	34	6
58	35	2
58	36	3
58	37	5
58	38	4
58	39	3
58	40	2
58	41	5
58	42	4
58	43	3
58	44	2
58	45	3
58	46	4
58	47	5
58	48	5
58	49	7
58	50	6
58	51	7
58	52	4
58	53	7
58	54	9
58	55	12
58	56	13
58	57	23
59	0	2
59	2	3
59	3	4
59	4	7
59	5	5
59	6	4
59	7	2
59	8	2
59	10	3
59	12	2
59	13	4
59	14	1
59	15	3
59	16	1
59	18	1
59	19	3
59	22	2
59	23	1
59	24	2
59	25	3
59	26	4
59	27	1
59	28	1
59	29	3
59	30	3
59	31	1
59	33	7
59	34	2
59	35	3
59	36	2
59	38	1
59	40	1
59	41	1
59	43	2
59	44	1
59	45	1
59	47	4
59	49	1
59	50	4
59	51	4
59	52	1
59	53	3
59	54	2
59	55	5
59	56	2
59	57	1
59	58	5
60	0	4
60	1	4
60	2	5
60	4	1
60	5	4
60	7	2
60	8	4
60	9	5
60	10	2
60	11	2
60	12	2
60	13	2
60	15	4
60	16	2
60	17	2
60	20	3
60	21	3
60	22	3
60	25	2
60	27	1
60	28	4
60	30	3
60	31	1
60	32	8
60	33	7
60	34	5
60	35	4
60	36	2
60	38	2
60	39	5
60	40	1
60	41	8
60	42	5
60	43	7
60	44	9
60	45	7
60	46	9
60	47	2
60	48	1
60	49	1
60	51	2
60	52	6
60	53	6
60	54	1
60	55	6
60	56	2
60	57	3
60	58	5
60	59	1
