1	0	11
2	0	7
2	1	23
3	0	1
4	1	2
4	3	14
5	0	3
5	1	1
5	2	2
5	3	7
5	4	28
6	1	2
6	3	5
6	4	6
6	5	5
7	0	1
7	1	1
7	3	4
7	4	5
7	5	3
7	6	24
8	2	1
8	3	5
8	4	7
8	5	8
8	6	23
8	7	13
9	3	2
9	4	4
9	5	8
9	6	11
9	7	6
9	8	12
10	1	1
10	2	1
10	3	6
10	4	3
10	5	5
10	6	6
10	7	16
10	8	12
10	9	27
11	1	2
11	2	1
11	3	1
11	4	5
11	5	1
11	6	3
11	7	8
11	8	11
11	9	17
11	10	22
12	1	1
12	3	4
12	4	2
12	5	3
12	6	6
12	7	9
12	8	10
12	9	11
12	10	25
12	11	20
13	3	3
13	4	4
13	5	3
13	6	4
13	7	15
13	8	13
13	9	12
13	10	22
13	11	4
13	12	11
14	0	2
14	3	1
14	4	2
14	5	5
14	6	5
14	7	6
14	8	6
14	9	3
14	10	10
14	11	4
14	12	7
14	13	10
15	1	1
15	3	6
15	4	5
15	5	3
15	6	1
15	7	4
15	8	4
15	9	9
15	10	11
15	11	1
15	12	11
15	13	11
15	14	26
16	3	3
16	4	3
16	5	4
16	6	8
16	7	9
16	8	9
16	9	2
16	10	7
16	11	3
16	12	8
16	13	16
16	14	9
16	15	25
17	1	2
17	3	7
17	4	4
17	5	5
17	6	2
17	7	3
17	8	8
17	9	4
17	10	2
17	11	4
17	12	4
17	13	7
17	14	2
17	15	7
17	16	4
18	2	1
18	3	17
18	4	10
18	5	6
18	6	3
18	7	6
18	8	6
18	9	4
18	10	6
18	11	3
18	12	4
18	13	5
18	14	3
18	15	5
18	16	2
18	17	14
19	2	2
19	3	8
19	4	6
19	5	4
19	6	8
19	7	5
19	8	8
19	9	2
19	10	3
19	11	2
19	12	4
19	13	4
19	14	10
19	15	8
19	16	6
19	17	16
19	18	26
20	0	1
20	3	6
20	4	6
20	5	5
20	6	3
20	7	5
20	8	5
20	9	3
20	10	10
20	11	4
20	12	2
20	13	6
20	14	3
20	15	3
20	16	2
20	17	10
20	18	4
20	19	15
21	1	2
21	2	1
21	3	1
21	4	3
21	5	4
21	6	2
21	7	7
21	8	3
21	9	10
21	10	10
21	11	3
21	12	6
21	13	6
21	14	3
21	15	6
21	16	4
21	17	12
21	18	2
21	19	8
21	20	19
22	3	4
22	4	5
22	5	6
22	6	2
22	7	3
22	8	3
22	9	9
22	10	7
22	11	5
22	12	3
22	13	2
22	14	4
22	15	3
22	16	2
22	17	15
22	18	6
22	19	7
22	20	7
22	21	5
23	1	2
23	3	2
23	4	5
23	5	2
23	6	3
23	7	2
23	8	1
23	9	6
23	10	5
23	11	6
23	12	7
23	13	5
23	14	2
23	15	3
23	16	1
23	17	10
23	18	4
23	19	5
23	20	6
23	21	5
23	22	10
24	3	5
24	4	5
24	5	9
24	6	4
24	7	9
24	8	10
24	9	9
24	10	4
24	11	3
24	12	10
24	13	3
24	14	9
24	15	6
24	16	2
24	17	14
24	18	5
24	19	5
24	20	5
24	21	4
24	22	11
24	23	16
25	1	2
25	2	2
25	3	2
25	4	7
25	5	4
25	6	5
25	7	5
25	8	3
25	9	7
25	10	3
25	11	3
25	12	9
25	13	5
25	14	4
25	15	5
25	16	2
25	17	7
25	18	5
25	19	5
25	20	2
25	21	2
25	22	12
25	23	12
25	24	9
26	3	2
26	4	5
26	5	1
26	8	2
26	9	2
26	10	3
26	11	2
26	12	2
26	13	3
26	14	3
26	17	6
26	18	4
26	19	6
26	20	1
26	21	3
26	22	4
26	23	5
26	24	7
26	25	10
27	2	4
27	3	1
27	4	7
27	5	10
27	6	5
27	7	8
27	8	12
27	9	8
27	10	9
27	11	8
27	12	12
27	13	4
27	15	2
27	16	3
27	17	9
27	18	5
27	19	4
27	21	4
27	22	5
27	23	7
27	24	5
27	25	11
27	26	5
28	2	4
28	3	3
28	4	6
28	5	4
28	6	5
28	7	3
28	8	11
28	9	7
28	10	10
28	11	10
28	12	6
28	13	7
28	14	5
28	15	5
28	16	3
28	17	2
28	18	7
28	19	7
28	20	3
28	21	5
28	22	5
28	23	3
28	24	8
28	25	8
28	26	1
28	27	18
29	3	5
29	4	7
29	5	1
29	6	2
29	7	3
29	8	4
29	9	4
29	10	6
29	11	8
29	12	2
29	13	3
29	14	4
29	17	3
29	21	3
29	22	4
29	23	1
29	25	2
29	27	9
29	28	18
30	1	3
30	3	6
30	4	3
30	5	6
30	6	4
30	7	4
30	8	4
30	9	5
30	10	4
30	11	9
30	12	3
30	13	2
30	14	2
30	15	5
30	16	2
30	17	7
30	19	3
30	21	2
30	23	2
30	24	3
30	25	4
30	27	9
30	28	6
30	29	3
31	1	1
31	2	2
31	5	2
31	6	4
31	7	1
31	8	7
31	10	4
31	11	3
31	12	6
31	13	3
31	15	4
31	18	2
31	19	3
31	22	2
31	24	3
31	25	4
31	27	6
31	28	7
31	29	7
31	30	9
32	2	1
32	4	1
32	5	1
32	6	7
32	8	1
32	9	1
32	10	2
32	11	2
32	12	3
32	14	1
32	15	4
32	16	3
32	17	2
32	19	3
32	22	1
32	23	3
32	24	2
32	25	1
32	26	3
32	28	2
32	29	1
32	30	8
32	31	6
33	1	1
33	4	6
33	5	7
33	6	5
33	7	5
33	8	3
33	9	2
33	10	6
33	11	3
33	12	2
33	13	2
33	15	3
33	16	1
33	17	3
33	22	4
33	23	3
33	24	3
33	25	4
33	26	1
33	27	2
33	28	4
33	29	1
33	30	5
33	31	11
33	32	16
34	0	1
34	1	2
34	2	3
34	5	2
34	6	4
34	7	2
34	8	5
34	9	2
34	10	5
34	11	3
34	12	4
34	13	1
34	15	4
34	16	5
34	17	3
34	20	1
34	21	3
34	23	3
34	24	7
34	25	1
34	27	4
34	28	7
34	29	5
34	30	8
34	31	14
34	32	13
34	33	13
35	1	1
35	2	2
35	3	8
35	4	7
35	5	4
35	6	4
35	7	1
35	8	5
35	9	8
35	10	7
35	11	8
35	12	8
35	13	3
35	14	6
35	15	5
35	17	4
35	18	5
35	19	3
35	20	3
35	21	4
35	22	7
35	23	7
35	24	8
35	25	11
35	26	4
35	27	9
35	28	11
35	29	6
35	30	4
35	31	1
35	32	3
35	33	2
35	34	4
36	3	4
36	4	2
36	5	4
36	6	2
36	7	4
36	8	6
36	9	6
36	10	19
36	11	7
36	12	6
36	13	7
36	14	2
36	15	9
36	16	2
36	17	2
36	18	5
36	19	4
36	20	3
36	21	5
36	22	5
36	23	8
36	24	12
36	25	6
36	26	5
36	27	8
36	28	6
36	29	5
36	30	3
36	31	3
36	32	2
36	33	1
36	35	11
37	3	2
37	4	4
37	5	4
37	6	3
37	7	3
37	8	6
37	9	4
37	10	8
37	11	10
37	12	2
37	13	3
37	14	4
37	15	2
37	16	3
37	17	2
37	18	2
37	19	2
37	20	2
37	21	5
37	22	6
37	23	6
37	24	6
37	25	13
37	26	7
37	27	13
37	28	11
37	29	3
37	30	4
37	33	2
37	34	5
37	35	23
37	36	10
38	1	1
38	2	1
38	3	1
38	4	3
38	5	4
38	6	5
38	7	2
38	8	5
38	9	10
38	10	9
38	11	7
38	12	7
38	13	7
38	14	8
38	15	4
38	16	4
38	18	5
38	19	3
38	20	2
38	21	1
38	22	9
38	23	3
38	24	6
38	25	16
38	26	1
38	27	16
38	28	4
38	29	11
38	30	4
38	31	4
38	32	2
38	33	1
38	34	4
38	35	28
38	36	11
38	37	30
39	0	1
39	3	1
39	5	3
39	6	3
39	7	2
39	8	5
39	9	6
39	10	9
39	11	6
39	12	7
39	13	4
39	14	6
39	15	3
39	16	1
39	17	1
39	19	7
39	20	5
39	21	2
39	22	7
39	23	8
39	24	5
39	25	7
39	26	2
39	27	5
39	28	3
39	29	3
39	30	8
39	31	4
39	32	2
39	33	1
39	34	2
39	35	15
39	36	9
39	37	9
39	38	18
40	0	1
40	3	2
40	4	4
40	5	5
40	6	4
40	7	4
40	8	1
40	9	4
40	10	5
40	11	6
40	12	4
40	13	4
40	14	2
40	15	4
40	16	3
40	17	1
40	18	2
40	19	2
40	20	2
40	21	2
40	22	2
40	23	4
40	24	6
40	25	4
40	26	3
40	27	9
40	28	15
40	29	11
40	30	3
40	31	10
40	32	4
40	33	3
40	34	5
40	35	9
40	36	4
40	37	4
40	38	15
40	39	9
41	3	2
41	4	5
41	5	6
41	6	2
41	7	6
41	8	5
41	9	11
41	10	4
41	11	4
41	12	8
41	13	2
41	14	4
41	15	2
41	16	4
41	17	3
41	18	1
41	19	4
41	20	3
41	21	2
41	22	4
41	23	3
41	24	7
41	25	4
41	26	1
41	27	5
41	28	10
41	29	9
41	30	9
41	31	8
41	32	3
41	33	2
41	34	11
41	35	3
41	36	7
41	37	3
41	38	10
41	39	10
41	40	11
42	0	6
42	1	3
42	3	1
42	4	1
42	5	4
42	6	3
42	7	5
42	8	5
42	9	7
42	10	5
42	11	5
42	12	8
42	13	3
42	14	3
42	15	5
42	16	2
42	17	3
42	18	5
42	20	2
42	22	2
42	24	5
42	25	2
42	27	6
42	28	8
42	29	3
42	30	17
42	31	7
42	32	8
42	33	4
42	34	11
42	35	1
42	37	3
42	38	6
42	39	6
42	40	4
42	41	9
43	2	3
43	4	1
43	5	3
43	6	1
43	7	4
43	8	3
43	9	1
43	10	3
43	11	1
43	12	3
43	13	3
43	14	1
43	15	2
43	16	4
43	18	2
43	19	5
43	20	3
43	24	4
43	25	3
43	27	4
43	28	5
43	29	1
43	30	12
43	31	5
43	32	4
43	33	17
43	34	7
43	35	4
43	37	3
43	38	5
43	39	1
43	41	3
43	42	4
44	0	2
44	1	1
44	2	3
44	5	3
44	6	2
44	7	1
44	8	1
44	9	4
44	10	2
44	11	3
44	12	4
44	13	2
44	14	2
44	15	1
44	16	3
44	17	1
44	20	2
44	22	2
44	23	2
44	24	1
44	27	3
44	28	4
44	29	5
44	30	3
44	31	6
44	32	5
44	33	10
44	34	2
44	35	5
44	36	2
44	38	5
44	40	1
44	41	4
44	42	4
44	43	13
45	1	2
45	2	1
45	7	2
45	8	4
45	9	2
45	10	3
45	12	2
45	13	5
45	16	2
45	17	3
45	22	1
45	25	1
45	27	3
45	30	6
45	31	4
45	32	5
45	33	5
45	34	9
45	35	2
45	39	1
45	40	1
45	41	3
45	42	6
45	43	12
45	44	21
46	0	2
46	1	1
46	3	1
46	4	1
46	5	3
46	6	1
46	8	4
46	9	1
46	10	2
46	11	4
46	12	3
46	13	2
46	15	1
46	18	2
46	20	5
46	22	3
46	23	1
46	25	3
46	30	7
46	31	4
46	32	10
46	33	3
46	34	6
46	35	1
46	36	3
46	38	3
46	39	2
46	40	5
46	41	6
46	42	6
46	43	8
46	44	5
46	45	11
47	2	2
47	3	3
47	4	5
47	5	3
47	6	6
47	7	5
47	8	10
47	9	5
47	10	3
47	11	7
47	12	11
47	13	8
47	14	1
47	15	2
47	16	8
47	17	2
47	18	2
47	19	5
47	20	3
47	21	4
47	22	4
47	23	2
47	24	4
47	25	3
47	27	2
47	28	4
47	29	2
47	30	9
47	31	5
47	32	5
47	33	2
47	34	7
47	35	1
47	36	1
47	37	4
47	38	3
47	39	5
47	40	2
47	41	4
47	42	12
47	43	5
47	44	10
47	45	3
47	46	1
48	1	2
48	2	1
48	3	2
48	4	2
48	5	4
48	6	3
48	7	6
48	8	9
48	9	5
48	10	5
48	11	3
48	12	10
48	13	7
48	14	2
48	15	6
48	16	4
48	17	5
48	18	4
48	19	2
48	20	3
48	22	2
48	23	2
48	24	3
48	25	4
48	27	9
48	28	4
48	29	1
48	30	10
48	31	4
48	32	1
48	33	1
48	34	2
48	36	7
48	37	3
48	38	2
48	39	4
48	40	7
48	41	6
48	42	3
48	43	4
48	44	10
48	45	3
48	46	3
48	47	13
49	2	2
49	3	7
49	4	7
49	5	7
49	6	6
49	7	12
49	8	39
49	9	18
49	10	15
49	11	11
49	12	28
49	13	7
49	14	2
49	15	15
49	16	6
49	17	4
49	18	4
49	19	4
49	20	3
49	21	4
49	22	7
49	23	1
49	24	7
49	25	6
49	26	3
49	27	12
49	28	8
49	29	3
49	30	6
49	31	1
49	32	3
49	33	3
49	34	3
49	35	2
49	36	7
49	37	3
49	38	9
49	39	5
49	40	8
49	41	4
49	42	6
49	43	6
49	44	6
49	45	6
49	46	2
49	47	12
49	48	22
50	2	1
50	3	1
50	4	1
50	5	5
50	6	6
50	7	8
50	8	13
50	9	3
50	10	5
50	11	5
50	12	5
50	13	9
50	14	4
50	15	7
50	16	4
50	17	3
50	18	1
50	19	4
50	20	2
50	21	3
50	22	4
50	23	2
50	24	6
50	25	3
50	27	3
50	28	4
50	29	3
50	30	1
50	31	4
50	33	1
50	34	3
50	35	2
50	36	5
50	37	4
50	38	2
50	39	3
50	40	4
50	41	1
50	42	6
50	43	6
50	44	3
50	46	4
50	47	6
50	48	7
50	49	25
51	1	3
51	3	5
51	4	2
51	5	1
51	6	6
51	7	14
51	8	14
51	9	5
51	10	9
51	11	4
51	12	6
51	13	8
51	14	6
51	15	3
51	16	8
51	17	4
51	18	5
51	19	5
51	20	1
51	21	7
51	22	3
51	24	5
51	27	2
51	28	6
51	29	2
51	30	3
51	31	2
51	33	5
51	34	5
51	35	4
51	36	4
51	37	6
51	38	3
51	39	4
51	40	5
51	41	2
51	42	7
51	43	3
51	44	6
51	45	2
51	46	4
51	47	4
51	48	8
51	49	11
51	50	18
52	2	3
52	3	5
52	4	4
52	5	2
52	6	5
52	7	11
52	8	11
52	9	6
52	10	3
52	11	9
52	12	11
52	13	6
52	14	2
52	15	5
52	16	4
52	17	2
52	18	3
52	19	2
52	20	4
52	21	8
52	22	2
52	23	5
52	24	5
52	25	3
52	26	5
52	27	4
52	28	6
52	30	2
52	31	1
52	32	3
52	33	2
52	34	5
52	35	5
52	36	9
52	37	1
52	38	3
52	39	4
52	40	2
52	41	5
52	42	1
52	43	3
52	44	1
52	45	4
52	46	2
52	47	7
52	48	16
52	49	13
52	50	11
52	51	26
53	1	2
53	2	2
53	3	6
53	4	10
53	5	7
53	6	7
53	7	6
53	8	13
53	9	16
53	10	6
53	11	6
53	12	8
53	13	5
53	14	6
53	15	5
53	16	5
53	17	1
53	18	5
53	19	5
53	20	2
53	21	1
53	23	1
53	24	2
53	25	3
53	26	2
53	27	9
53	28	12
53	29	3
53	30	6
53	31	8
53	32	1
53	33	4
53	34	5
53	35	6
53	36	4
53	37	8
53	38	7
53	39	4
53	40	7
53	41	10
53	42	8
53	43	5
53	44	2
53	45	5
53	46	8
53	47	7
53	48	11
53	49	12
53	50	7
53	51	4
53	52	10
54	0	2
54	3	3
54	4	4
54	5	6
54	6	3
54	7	7
54	8	11
54	9	7
54	10	6
54	11	5
54	12	3
54	13	3
54	14	5
54	15	8
54	16	6
54	17	2
54	18	2
54	19	3
54	20	1
54	21	2
54	22	4
54	23	1
54	24	5
54	25	5
54	26	4
54	27	11
54	28	12
54	29	7
54	30	10
54	31	6
54	32	3
54	33	7
54	34	6
54	35	4
54	36	2
54	37	5
54	38	4
54	39	1
54	40	5
54	41	2
54	42	12
54	43	9
54	44	3
54	45	6
54	46	4
54	47	12
54	48	7
54	49	10
54	50	4
54	51	6
54	52	3
54	53	17
55	0	3
55	3	7
55	4	2
55	5	7
55	6	13
55	7	5
55	8	18
55	9	7
55	10	6
55	11	7
55	12	9
55	13	4
55	14	4
55	15	6
55	16	5
55	17	6
55	18	3
55	19	4
55	20	3
55	21	3
55	22	3
55	23	4
55	24	6
55	25	4
55	27	6
55	28	9
55	29	2
55	30	9
55	31	4
55	32	3
55	33	4
55	34	9
55	35	4
55	36	7
55	37	1
55	38	4
55	39	7
55	40	1
55	41	9
55	42	10
55	43	4
55	44	4
55	45	5
55	46	8
55	47	3
55	48	12
55	49	12
55	50	8
55	51	6
55	52	6
55	53	11
55	54	27
56	0	1
56	1	1
56	3	5
56	4	5
56	5	8
56	6	7
56	7	13
56	8	10
56	9	5
56	10	4
56	11	5
56	12	5
56	13	3
56	14	2
56	15	3
56	16	7
56	17	4
56	18	3
56	20	1
56	21	4
56	22	4
56	23	1
56	24	9
56	25	3
56	26	3
56	27	3
56	28	5
56	29	2
56	30	5
56	32	2
56	33	3
56	34	2
56	35	2
56	36	6
56	37	5
56	38	7
56	39	3
56	40	2
56	41	2
56	42	1
56	43	3
56	44	6
56	45	5
56	46	3
56	47	5
56	48	4
56	49	10
56	50	10
56	51	14
56	52	3
56	53	14
56	54	5
56	55	16
57	2	2
57	3	4
57	4	7
57	5	10
57	6	14
57	7	5
57	8	13
57	9	10
57	10	3
57	11	3
57	12	5
57	13	7
57	14	4
57	15	5
57	16	9
57	17	1
57	18	4
57	19	4
57	20	2
57	21	3
57	22	2
57	23	3
57	24	5
57	25	4
57	26	4
57	27	5
57	28	11
57	29	3
57	30	1
57	31	3
57	33	5
57	34	3
57	35	4
57	36	3
57	37	5
57	38	5
57	39	1
57	40	2
57	41	7
57	42	2
57	43	2
57	45	3
57	46	2
57	47	2
57	48	4
57	49	11
57	50	5
57	51	6
57	52	6
57	53	8
57	54	4
57	55	13
57	56	15
58	3	5
58	4	4
58	5	7
58	6	7
58	7	5
58	8	5
58	9	4
58	11	1
58	12	3
58	13	3
58	15	3
58	16	3
58	17	2
58	18	4
58	19	3
58	21	3
58	22	3
58	23	5
58	24	5
58	25	1
58	26	5
58	27	4
58	28	4
58	29	2
58	30	2
58	31	3
58	32	2
58	33	4
58	34	6
58	35	2
58	36	4
58	37	2
58	38	2
58	39	3
58	40	3
58	41	2
58	42	3
58	43	5
58	44	4
58	45	3
58	46	1
58	47	2
58	48	3
58	49	10
58	50	7
58	51	3
58	52	9
58	53	5
58	54	7
58	55	14
58	56	20
58	57	14
59	2	2
59	3	1
59	4	3
59	5	7
59	6	1
59	7	4
59	8	2
59	9	1
59	10	5
59	13	2
59	15	4
59	16	4
59	17	4
59	18	2
59	19	2
59	22	1
59	23	2
59	24	2
59	25	2
59	26	4
59	27	3
59	28	2
59	29	2
59	30	1
59	31	3
59	33	1
59	34	2
59	35	1
59	36	1
59	39	3
59	40	1
59	41	3
59	43	2
59	44	6
59	45	1
59	46	2
59	47	3
59	49	3
59	50	2
59	51	2
59	52	5
59	53	2
59	54	1
59	55	6
59	56	1
59	57	2
59	58	2
60	0	1
60	1	8
60	2	9
60	4	3
60	5	4
60	7	2
60	8	5
60	9	3
60	10	4
60	11	6
60	13	2
60	15	2
60	16	4
60	17	4
60	20	2
60	21	1
60	22	1
60	25	5
60	27	3
60	28	3
60	30	4
60	31	1
60	32	7
60	33	2
60	34	2
60	36	7
60	38	5
60	39	5
60	40	4
60	41	4
60	42	6
60	43	7
60	44	6
60	45	3
60	46	5
60	47	2
60	48	5
60	49	2
60	51	2
60	52	2
60	53	6
60	54	8
60	55	5
60	56	4
60	57	4
60	58	2
60	59	2
