1	0	14
2	0	11
2	1	22
3	0	1
3	2	1
4	1	4
4	3	16
5	0	2
5	3	6
5	4	20
6	1	2
6	3	2
6	4	5
6	5	9
7	0	1
7	1	3
7	3	5
7	4	1
7	5	3
7	6	19
8	0	2
8	1	2
8	2	1
8	3	7
8	4	5
8	5	2
8	6	23
8	7	22
9	0	2
9	3	5
9	4	2
9	5	2
9	6	5
9	7	8
9	8	22
10	0	3
10	1	5
10	2	1
10	3	4
10	4	5
10	5	8
10	6	5
10	7	7
10	8	10
10	9	22
11	0	2
11	1	2
11	4	1
11	5	9
11	6	5
11	7	6
11	8	10
11	9	17
11	10	33
12	1	1
12	3	3
12	4	5
12	5	6
12	6	4
12	7	5
12	8	11
12	9	18
12	10	18
12	11	26
13	1	2
13	2	2
13	3	7
13	4	6
13	5	6
13	6	6
13	7	8
13	8	14
13	9	13
13	10	13
13	11	7
13	12	9
14	0	1
14	1	4
14	3	4
14	4	1
14	6	4
14	7	7
14	8	7
14	9	1
14	10	6
14	11	4
14	12	6
14	13	9
15	0	1
15	1	3
15	3	3
15	4	2
15	5	5
15	6	4
15	7	11
15	8	8
15	9	5
15	10	4
15	11	6
15	12	6
15	13	18
15	14	22
16	1	2
16	3	3
16	4	4
16	5	4
16	6	5
16	7	8
16	8	7
16	9	4
16	10	6
16	11	7
16	12	6
16	13	15
16	14	10
16	15	13
17	1	1
17	2	2
17	3	10
17	4	8
17	5	6
17	6	5
17	7	3
17	8	6
17	9	5
17	10	5
17	11	6
17	12	3
17	13	2
17	14	9
17	15	10
17	16	3
18	2	3
18	3	8
18	4	9
18	5	8
18	6	4
18	7	2
18	8	6
18	9	5
18	10	1
18	12	4
18	13	4
18	14	3
18	15	5
18	16	5
18	17	11
19	1	2
19	3	11
19	4	9
19	5	4
19	6	8
19	7	8
19	8	6
19	9	2
19	10	11
19	11	7
19	12	2
19	13	8
19	14	6
19	15	7
19	16	8
19	17	12
19	18	19
20	3	4
20	4	4
20	6	2
20	7	6
20	8	3
20	9	1
20	10	3
20	12	2
20	13	7
20	14	7
20	15	5
20	16	4
20	17	8
20	18	8
20	19	8
21	1	1
21	2	1
21	3	3
21	4	1
21	5	6
21	6	9
21	7	4
21	8	6
21	9	4
21	10	4
21	11	3
21	12	2
21	13	4
21	14	6
21	15	3
21	16	13
21	17	5
21	18	7
21	19	11
21	20	11
22	2	1
22	3	1
22	4	7
22	5	6
22	6	5
22	7	1
22	8	6
22	9	4
22	10	12
22	11	5
22	12	4
22	13	13
22	14	3
22	15	6
22	16	3
22	17	15
22	18	11
22	19	3
22	20	3
22	21	5
23	1	1
23	3	2
23	4	5
23	5	6
23	6	5
23	7	4
23	8	7
23	9	6
23	10	9
23	11	3
23	12	2
23	13	4
23	14	2
23	15	3
23	16	3
23	17	6
23	18	7
23	19	6
23	20	2
23	21	2
23	22	11
24	3	6
24	4	7
24	5	4
24	6	9
24	7	6
24	8	12
24	9	9
24	10	6
24	11	3
24	12	3
24	13	6
24	14	3
24	15	8
24	16	8
24	17	8
24	18	2
24	19	7
24	20	5
24	21	5
24	22	3
24	23	14
25	0	1
25	1	3
25	2	2
25	3	3
25	4	4
25	5	4
25	6	2
25	7	2
25	8	7
25	9	3
25	10	7
25	11	6
25	12	9
25	13	5
25	14	2
25	15	6
25	17	6
25	18	2
25	19	8
25	20	1
25	21	2
25	22	14
25	23	14
25	24	5
26	3	2
26	4	2
26	5	1
26	8	4
26	9	6
26	10	6
26	11	2
26	12	2
26	13	3
26	14	1
26	15	5
26	17	1
26	18	2
26	19	2
26	20	6
26	21	7
26	22	4
26	23	6
26	24	2
26	25	8
27	1	3
27	3	6
27	4	5
27	5	4
27	6	9
27	7	5
27	8	6
27	9	7
27	10	5
27	11	9
27	12	10
27	13	7
27	14	8
27	15	3
27	16	6
27	17	4
27	18	2
27	19	6
27	20	3
27	21	3
27	22	8
27	23	6
27	24	10
27	25	12
27	26	5
28	2	3
28	3	5
28	4	2
28	5	6
28	6	2
28	7	3
28	8	8
28	9	9
28	10	4
28	11	5
28	12	3
28	13	6
28	14	3
28	15	2
28	16	2
28	17	4
28	18	1
28	19	4
28	20	1
28	21	5
28	22	3
28	23	5
28	24	12
28	25	4
28	26	1
28	27	20
29	3	1
29	4	3
29	5	2
29	6	4
29	8	4
29	9	2
29	10	4
29	11	5
29	12	5
29	13	3
29	14	1
29	17	3
29	19	4
29	21	1
29	22	4
29	24	2
29	25	4
29	26	1
29	27	8
29	28	19
30	1	2
30	2	2
30	3	2
30	4	3
30	5	6
30	6	6
30	7	1
30	8	3
30	9	4
30	10	5
30	11	8
30	12	7
30	13	2
30	14	4
30	15	7
30	16	4
30	18	3
30	19	6
30	23	2
30	24	7
30	25	6
30	27	8
30	28	8
30	29	3
31	2	2
31	4	7
31	6	1
31	7	2
31	8	3
31	9	2
31	10	2
31	11	1
31	12	1
31	13	3
31	15	4
31	18	2
31	19	1
31	20	3
31	22	1
31	23	2
31	24	1
31	25	3
31	27	7
31	28	2
31	29	1
31	30	13
32	2	4
32	4	4
32	5	2
32	6	2
32	8	6
32	9	4
32	10	2
32	11	1
32	12	4
32	15	2
32	16	1
32	17	3
32	18	2
32	19	1
32	22	2
32	23	2
32	26	1
32	27	2
32	28	4
32	30	7
32	31	10
33	1	4
33	2	1
33	3	3
33	4	6
33	5	2
33	6	1
33	7	4
33	8	5
33	10	1
33	11	2
33	12	6
33	13	2
33	15	3
33	16	3
33	17	1
33	22	1
33	24	2
33	25	2
33	26	2
33	28	5
33	29	4
33	30	5
33	31	14
33	32	9
34	0	2
34	1	2
34	2	2
34	4	5
34	6	2
34	7	1
34	8	2
34	9	3
34	10	3
34	11	1
34	12	2
34	13	2
34	15	3
34	16	4
34	17	5
34	20	1
34	21	3
34	22	1
34	23	3
34	24	3
34	25	2
34	26	3
34	27	2
34	28	5
34	29	2
34	30	5
34	31	20
34	32	6
34	33	25
35	2	1
35	3	5
35	4	5
35	5	1
35	6	4
35	7	1
35	8	6
35	9	10
35	10	8
35	11	14
35	12	5
35	13	5
35	14	2
35	15	9
35	16	4
35	17	8
35	18	1
35	19	3
35	20	2
35	21	5
35	22	7
35	23	7
35	24	9
35	25	22
35	26	7
35	27	6
35	28	7
35	29	6
35	30	2
35	31	3
35	32	3
35	33	3
35	34	1
36	3	1
36	4	3
36	5	1
36	6	4
36	7	6
36	8	5
36	9	6
36	10	20
36	11	18
36	12	9
36	13	7
36	14	1
36	15	6
36	16	4
36	17	4
36	18	3
36	19	2
36	20	2
36	22	4
36	23	5
36	24	3
36	25	10
36	26	3
36	27	14
36	28	2
36	29	3
36	30	5
36	31	3
36	33	3
36	35	17
37	3	1
37	4	2
37	5	3
37	6	4
37	7	2
37	8	3
37	9	15
37	10	10
37	11	9
37	12	8
37	13	4
37	14	3
37	15	5
37	16	2
37	17	6
37	18	1
37	19	2
37	20	2
37	21	3
37	22	4
37	23	3
37	24	9
37	25	13
37	26	7
37	27	8
37	28	10
37	29	4
37	30	4
37	31	2
37	33	2
37	34	5
37	35	19
37	36	10
38	0	1
38	2	1
38	3	4
38	4	4
38	5	7
38	6	6
38	7	8
38	8	11
38	9	10
38	10	13
38	11	8
38	12	13
38	13	6
38	14	6
38	15	6
38	16	3
38	17	2
38	18	5
38	19	3
38	20	2
38	21	4
38	22	10
38	23	1
38	24	7
38	25	9
38	26	9
38	27	14
38	28	9
38	29	8
38	30	6
38	31	5
38	32	8
38	33	5
38	34	4
38	35	19
38	36	8
38	37	21
39	0	1
39	3	2
39	4	2
39	5	5
39	6	1
39	7	1
39	8	5
39	9	1
39	10	3
39	11	11
39	12	6
39	13	4
39	14	3
39	15	2
39	16	2
39	18	4
39	19	2
39	21	1
39	22	3
39	23	5
39	24	5
39	25	9
39	26	8
39	27	8
39	28	7
39	29	8
39	30	7
39	31	3
39	32	2
39	33	2
39	34	1
39	35	18
39	36	6
39	37	8
39	38	21
40	0	1
40	3	3
40	4	5
40	5	5
40	6	3
40	7	3
40	8	5
40	9	10
40	10	4
40	11	4
40	12	4
40	13	4
40	14	4
40	15	7
40	16	2
40	17	4
40	18	6
40	19	4
40	20	1
40	22	5
40	23	2
40	24	9
40	25	2
40	26	5
40	27	6
40	28	17
40	29	13
40	30	7
40	31	3
40	33	2
40	34	5
40	35	10
40	36	6
40	37	4
40	38	10
40	39	12
41	1	1
41	2	1
41	3	3
41	4	3
41	5	5
41	6	1
41	7	3
41	8	3
41	9	3
41	10	9
41	11	8
41	12	6
41	13	5
41	14	2
41	15	3
41	16	4
41	17	5
41	18	1
41	19	2
41	20	2
41	21	4
41	22	3
41	23	4
41	24	7
41	25	2
41	26	4
41	27	7
41	28	6
41	29	3
41	30	9
41	31	5
41	32	3
41	33	7
41	34	9
41	35	5
41	36	3
41	37	7
41	38	9
41	39	8
41	40	8
42	0	2
42	1	1
42	4	4
42	5	6
42	6	7
42	8	5
42	9	5
42	10	5
42	11	5
42	12	4
42	13	4
42	14	3
42	15	4
42	16	5
42	17	1
42	20	3
42	21	1
42	22	2
42	24	5
42	25	4
42	27	7
42	28	6
42	29	3
42	30	18
42	31	7
42	32	11
42	33	9
42	34	9
42	35	6
42	36	2
42	37	2
42	38	3
42	39	3
42	40	5
42	41	3
43	2	5
43	4	4
43	5	1
43	6	6
43	7	2
43	8	4
43	9	6
43	10	4
43	11	2
43	12	3
43	13	2
43	14	2
43	15	3
43	16	1
43	17	1
43	19	2
43	24	2
43	25	6
43	27	5
43	28	3
43	29	2
43	30	3
43	31	7
43	32	10
43	33	15
43	34	10
43	35	7
43	37	2
43	38	1
43	39	1
43	40	4
43	41	4
43	42	5
44	0	2
44	1	5
44	2	2
44	4	2
44	5	5
44	7	2
44	8	3
44	9	3
44	10	2
44	11	2
44	12	4
44	13	2
44	15	4
44	16	3
44	17	3
44	19	2
44	22	3
44	23	2
44	24	2
44	27	2
44	28	2
44	29	2
44	30	12
44	31	7
44	32	8
44	33	7
44	34	9
44	35	7
44	36	3
44	38	7
44	40	3
44	41	1
44	42	6
44	43	24
45	1	4
45	2	2
45	3	1
45	4	2
45	8	3
45	10	2
45	12	7
45	13	2
45	14	1
45	15	4
45	16	1
45	17	2
45	18	1
45	25	4
45	27	2
45	28	8
45	30	5
45	31	2
45	32	5
45	33	10
45	34	6
45	35	2
45	38	3
45	39	3
45	40	4
45	41	4
45	42	3
45	43	8
45	44	11
46	0	4
46	1	2
46	2	3
46	4	1
46	5	4
46	6	5
46	8	4
46	9	2
46	11	2
46	12	5
46	13	1
46	15	6
46	18	1
46	19	2
46	20	1
46	22	2
46	23	1
46	24	1
46	25	8
46	27	1
46	28	1
46	30	8
46	31	2
46	32	10
46	33	4
46	34	6
46	35	1
46	36	3
46	38	6
46	39	2
46	40	3
46	41	2
46	42	10
46	43	8
46	44	9
46	45	14
47	0	3
47	2	4
47	4	3
47	5	1
47	6	5
47	7	3
47	8	8
47	9	4
47	10	5
47	11	8
47	12	10
47	13	6
47	14	7
47	15	2
47	16	3
47	17	6
47	18	2
47	19	4
47	20	2
47	21	3
47	23	2
47	24	5
47	25	6
47	27	8
47	28	8
47	29	4
47	30	6
47	31	2
47	32	4
47	34	4
47	35	3
47	36	8
47	37	1
47	38	2
47	39	6
47	40	2
47	41	2
47	42	12
47	43	11
47	44	7
47	45	5
47	46	3
48	0	1
48	1	1
48	2	4
48	3	5
48	4	4
48	5	4
48	6	1
48	7	6
48	8	10
48	9	8
48	10	12
48	11	10
48	12	11
48	13	3
48	15	6
48	16	6
48	17	2
48	19	6
48	20	2
48	21	8
48	22	1
48	23	3
48	24	2
48	25	5
48	27	4
48	28	1
48	29	2
48	30	4
48	31	2
48	32	3
48	33	1
48	34	1
48	35	1
48	36	1
48	37	2
48	38	8
48	39	5
48	40	8
48	41	6
48	42	5
48	43	6
48	44	7
48	45	3
48	46	5
48	47	12
49	3	3
49	4	6
49	5	9
49	6	7
49	7	9
49	8	31
49	9	14
49	10	19
49	11	12
49	12	10
49	13	8
49	14	5
49	15	8
49	16	6
49	17	5
49	18	6
49	19	5
49	20	7
49	21	9
49	22	3
49	23	12
49	24	11
49	25	2
49	26	6
49	27	8
49	28	7
49	29	5
49	30	9
49	31	6
49	32	1
49	33	7
49	34	2
49	35	5
49	36	4
49	37	1
49	38	6
49	39	5
49	40	7
49	41	7
49	42	9
49	43	2
49	44	4
49	45	2
49	46	1
49	47	14
49	48	10
50	2	1
50	3	5
50	4	4
50	5	5
50	6	8
50	7	11
50	8	14
50	9	4
50	10	5
50	12	4
50	13	2
50	14	3
50	15	7
50	16	8
50	17	1
50	18	2
50	19	5
50	20	1
50	21	3
50	22	4
50	23	5
50	24	8
50	25	5
50	27	6
50	28	1
50	29	2
50	30	5
50	31	8
50	33	3
50	34	3
50	35	6
50	36	3
50	37	2
50	38	3
50	39	2
50	40	5
50	41	4
50	42	3
50	43	9
50	44	5
50	45	2
50	46	1
50	47	2
50	48	9
50	49	17
51	1	2
51	3	4
51	4	5
51	6	9
51	7	6
51	8	15
51	9	6
51	10	7
51	11	3
51	12	8
51	13	10
51	14	4
51	15	6
51	16	12
51	17	2
51	18	5
51	19	6
51	20	6
51	21	3
51	22	1
51	23	3
51	24	6
51	27	2
51	28	6
51	29	1
51	30	3
51	31	7
51	32	2
51	33	2
51	34	4
51	35	4
51	36	3
51	37	6
51	38	1
51	39	2
51	40	2
51	41	5
51	42	1
51	43	4
51	44	5
51	45	2
51	46	2
51	47	6
51	48	10
51	49	9
51	50	16
52	2	4
52	3	4
52	4	3
52	5	4
52	6	4
52	7	5
52	8	13
52	9	2
52	10	9
52	11	4
52	12	5
52	13	11
52	14	4
52	15	11
52	16	4
52	17	4
52	18	4
52	19	4
52	20	2
52	21	5
52	22	4
52	23	3
52	24	7
52	25	2
52	26	3
52	27	6
52	28	5
52	29	2
52	30	3
52	31	3
52	32	4
52	33	1
52	34	2
52	35	3
52	37	1
52	38	5
52	39	3
52	40	4
52	41	5
52	42	4
52	43	7
52	44	8
52	46	3
52	47	5
52	48	13
52	49	8
52	50	7
52	51	31
53	2	1
53	3	4
53	4	3
53	5	11
53	6	7
53	7	7
53	8	11
53	9	9
53	10	7
53	11	4
53	12	7
53	13	3
53	14	1
53	15	4
53	16	7
53	17	2
53	18	2
53	19	1
53	20	2
53	21	1
53	22	1
53	23	7
53	24	5
53	25	3
53	26	5
53	27	14
53	28	8
53	29	3
53	30	7
53	31	3
53	32	4
53	33	2
53	34	6
53	35	7
53	36	5
53	37	4
53	38	4
53	39	8
53	40	7
53	41	11
53	42	6
53	43	3
53	44	4
53	45	2
53	46	2
53	47	10
53	48	9
53	49	15
53	50	11
53	51	6
53	52	6
54	0	1
54	3	4
54	4	4
54	5	8
54	6	5
54	7	5
54	8	10
54	9	3
54	10	9
54	11	3
54	12	8
54	13	3
54	14	1
54	15	7
54	16	4
54	17	2
54	18	7
54	19	1
54	20	2
54	21	2
54	22	1
54	23	2
54	24	4
54	25	4
54	26	2
54	27	4
54	28	5
54	29	4
54	30	7
54	31	6
54	32	5
54	33	4
54	34	5
54	35	3
54	36	3
54	37	5
54	38	5
54	39	4
54	40	8
54	41	10
54	42	8
54	43	5
54	44	4
54	45	2
54	46	4
54	47	7
54	48	6
54	49	6
54	50	6
54	51	5
54	52	4
54	53	18
55	0	2
55	1	3
55	2	4
55	3	5
55	4	3
55	5	6
55	6	13
55	7	8
55	8	8
55	9	6
55	10	5
55	11	6
55	12	4
55	13	8
55	14	3
55	15	5
55	16	3
55	17	2
55	18	4
55	19	5
55	20	5
55	21	2
55	22	3
55	23	5
55	24	5
55	25	2
55	26	3
55	27	8
55	28	10
55	29	5
55	30	8
55	31	5
55	33	4
55	34	6
55	35	1
55	36	1
55	37	4
55	38	3
55	39	6
55	40	8
55	41	7
55	42	8
55	43	8
55	44	11
55	45	6
55	46	4
55	47	8
55	48	7
55	49	8
55	50	3
55	51	6
55	52	6
55	53	11
55	54	18
56	1	1
56	3	5
56	4	5
56	5	7
56	6	6
56	7	9
56	8	10
56	9	2
56	10	4
56	11	6
56	12	3
56	13	3
56	14	1
56	15	6
56	16	4
56	17	1
56	18	5
56	19	5
56	20	4
56	21	5
56	22	5
56	23	1
56	24	11
56	26	2
56	27	3
56	28	7
56	29	3
56	30	4
56	31	8
56	32	3
56	33	4
56	34	8
56	35	6
56	36	2
56	37	3
56	38	5
56	39	3
56	40	2
56	41	3
56	42	5
56	43	4
56	44	12
56	45	4
56	46	2
56	47	4
56	48	3
56	49	4
56	50	8
56	51	7
56	52	5
56	53	9
56	54	14
56	55	26
57	3	3
57	4	5
57	5	11
57	6	5
57	7	9
57	8	7
57	9	4
57	10	7
57	11	5
57	12	6
57	13	2
57	14	5
57	15	13
57	16	6
57	17	9
57	18	6
57	19	4
57	20	4
57	21	4
57	22	3
57	23	2
57	24	7
57	25	2
57	26	1
57	27	5
57	28	3
57	29	3
57	30	6
57	31	4
57	32	5
57	33	2
57	34	4
57	35	7
57	36	3
57	37	2
57	38	3
57	39	1
57	40	4
57	41	4
57	42	4
57	43	4
57	44	3
57	45	3
57	46	1
57	47	3
57	48	8
57	49	9
57	50	8
57	51	7
57	52	4
57	53	6
57	54	6
57	55	7
57	56	14
58	0	1
58	1	3
58	4	2
58	5	8
58	6	10
58	7	8
58	8	6
58	9	7
58	10	4
58	11	2
58	12	4
58	13	3
58	14	4
58	15	5
58	16	3
58	17	2
58	18	2
58	19	4
58	20	2
58	23	2
58	24	6
58	25	3
58	26	2
58	28	6
58	29	2
58	30	3
58	31	4
58	32	3
58	33	8
58	34	2
58	35	2
58	37	3
58	38	3
58	39	3
58	40	5
58	41	6
58	42	2
58	43	4
58	44	7
58	45	1
58	46	2
58	47	3
58	48	6
58	49	8
58	50	9
58	51	3
58	52	5
58	53	8
58	54	5
58	55	15
58	56	12
58	57	24
59	0	5
59	2	2
59	3	9
59	4	3
59	5	4
59	6	1
59	7	2
59	8	2
59	9	4
59	10	4
59	12	2
59	13	1
59	14	1
59	15	5
59	16	3
59	17	1
59	18	2
59	19	3
59	22	3
59	23	3
59	24	1
59	25	3
59	27	4
59	28	6
59	29	2
59	30	1
59	31	6
59	33	3
59	34	1
59	35	2
59	36	2
59	38	2
59	41	1
59	43	5
59	45	4
59	47	2
59	49	3
59	51	2
59	52	1
59	53	7
59	54	7
59	55	4
59	56	5
59	57	5
59	58	4
60	0	5
60	1	6
60	2	9
60	4	4
60	5	5
60	7	2
60	8	3
60	9	5
60	10	1
60	11	1
60	12	4
60	13	3
60	15	4
60	16	4
60	20	2
60	21	1
60	22	2
60	25	3
60	27	5
60	28	6
60	30	4
60	31	5
60	32	9
60	33	9
60	34	6
60	35	2
60	36	1
60	38	5
60	39	5
60	40	2
60	41	5
60	42	4
60	43	4
60	44	5
60	45	12
60	46	9
60	47	4
60	48	5
60	49	4
60	51	3
60	52	3
60	53	4
60	54	6
60	55	4
60	56	1
60	57	3
60	58	1
60	59	3
