1	0	16
2	0	6
2	1	12
3	0	2
3	2	1
4	1	4
4	3	13
5	1	4
5	2	2
5	3	6
5	4	22
6	1	1
6	3	4
6	4	2
6	5	8
7	1	2
7	3	3
7	4	5
7	5	5
7	6	12
8	2	1
8	3	3
8	4	9
8	5	6
8	6	21
8	7	21
9	2	1
9	3	1
9	4	8
9	5	7
9	6	5
9	7	7
9	8	10
10	0	2
10	1	3
10	2	2
10	3	3
10	4	3
10	5	8
10	6	1
10	7	8
10	8	13
10	9	22
11	2	2
11	3	2
11	4	4
11	5	5
11	6	9
11	7	6
11	8	2
11	9	15
11	10	25
12	1	1
12	3	1
12	4	2
12	5	1
12	6	11
12	7	6
12	8	14
12	9	14
12	10	20
12	11	20
13	1	1
13	2	2
13	3	5
13	4	4
13	5	5
13	6	11
13	7	7
13	8	10
13	9	13
13	10	23
13	11	7
13	12	9
14	0	2
14	3	4
14	4	6
14	5	3
14	6	2
14	7	5
14	8	2
14	9	6
14	10	2
14	11	2
14	12	4
14	13	4
15	1	1
15	3	8
15	5	4
15	6	7
15	7	4
15	8	6
15	9	3
15	10	8
15	11	5
15	12	6
15	13	7
15	14	31
16	3	5
16	4	5
16	5	2
16	6	3
16	7	11
16	8	10
16	9	10
16	10	8
16	11	7
16	12	5
16	13	11
16	14	8
16	15	17
17	3	7
17	4	3
17	5	7
17	6	4
17	7	5
17	8	8
17	9	4
17	10	6
17	11	5
17	12	2
17	13	4
17	14	5
17	15	3
17	16	5
18	2	1
18	3	11
18	4	7
18	5	2
18	6	3
18	7	4
18	8	5
18	9	3
18	10	4
18	11	5
18	12	3
18	13	7
18	14	4
18	15	6
18	16	3
18	17	15
19	1	1
19	2	3
19	3	11
19	4	4
19	5	7
19	6	4
19	7	5
19	8	6
19	9	3
19	10	3
19	11	2
19	12	6
19	13	7
19	14	3
19	15	8
19	16	2
19	17	13
19	18	20
20	3	3
20	4	2
20	5	4
20	6	5
20	7	4
20	8	7
20	9	3
20	10	1
20	11	1
20	12	3
20	13	6
20	14	14
20	15	12
20	16	6
20	17	3
20	18	7
20	19	7
21	0	1
21	2	1
21	3	3
21	4	2
21	5	2
21	6	2
21	7	3
21	8	9
21	9	3
21	10	4
21	11	2
21	12	2
21	13	5
21	14	15
21	15	6
21	16	12
21	17	9
21	18	8
21	19	13
21	20	25
22	2	1
22	3	1
22	4	2
22	5	3
22	6	2
22	7	4
22	8	6
22	9	5
22	10	5
22	11	5
22	12	6
22	13	2
22	14	5
22	15	2
22	16	7
22	17	9
22	18	8
22	19	6
22	20	5
22	21	4
23	3	4
23	4	7
23	5	5
23	6	7
23	7	7
23	8	11
23	9	8
23	10	6
23	11	2
23	12	3
23	13	2
23	14	2
23	15	1
23	16	4
23	17	12
23	18	2
23	19	1
23	20	2
23	21	4
23	22	10
24	0	2
24	3	8
24	4	6
24	5	11
24	6	7
24	7	10
24	8	7
24	9	8
24	10	9
24	11	6
24	12	4
24	13	3
24	14	4
24	15	5
24	16	5
24	17	10
24	18	4
24	19	8
24	20	6
24	21	5
24	22	7
24	23	9
25	0	2
25	1	3
25	2	2
25	3	8
25	4	9
25	5	7
25	6	2
25	7	3
25	8	6
25	9	7
25	10	9
25	11	10
25	12	5
25	13	8
25	14	1
25	15	3
25	16	9
25	17	4
25	18	6
25	19	4
25	20	5
25	21	1
25	22	6
25	23	13
25	24	7
26	1	1
26	3	4
26	4	1
26	8	1
26	9	5
26	10	5
26	11	1
26	12	1
26	13	4
26	14	2
26	15	1
26	17	5
26	19	1
26	21	4
26	22	8
26	23	3
26	24	3
26	25	5
27	2	4
27	3	2
27	4	5
27	5	7
27	6	8
27	7	4
27	8	5
27	9	8
27	10	5
27	11	10
27	12	8
27	13	4
27	15	5
27	16	10
27	17	6
27	18	7
27	19	5
27	20	7
27	21	4
27	22	7
27	23	4
27	24	12
27	25	4
27	26	6
28	2	2
28	3	6
28	4	6
28	5	9
28	6	7
28	7	6
28	8	8
28	9	8
28	10	13
28	11	5
28	12	8
28	13	5
28	14	2
28	15	3
28	16	3
28	17	3
28	18	3
28	19	4
28	20	5
28	21	1
28	22	3
28	23	6
28	24	8
28	25	9
28	26	5
28	27	13
29	0	1
29	3	3
29	4	2
29	5	2
29	6	5
29	7	3
29	8	5
29	9	4
29	11	4
29	12	5
29	13	1
29	14	2
29	15	2
29	17	4
29	19	1
29	21	1
29	22	2
29	23	4
29	24	5
29	25	5
29	26	5
29	27	10
29	28	24
30	1	3
30	3	3
30	4	6
30	5	2
30	6	5
30	7	4
30	8	7
30	9	6
30	10	4
30	11	5
30	12	5
30	13	2
30	14	2
30	15	5
30	16	1
30	17	1
30	18	1
30	19	1
30	21	2
30	23	4
30	24	4
30	25	5
30	27	2
30	28	6
30	29	2
31	1	2
31	2	1
31	4	2
31	5	6
31	6	3
31	7	6
31	8	5
31	9	3
31	10	3
31	11	7
31	12	4
31	13	1
31	15	1
31	16	3
31	18	3
31	19	3
31	20	4
31	21	4
31	22	2
31	23	2
31	24	7
31	25	3
31	27	8
31	28	5
31	29	5
31	30	15
32	2	2
32	4	1
32	5	1
32	6	2
32	8	4
32	9	1
32	10	3
32	12	4
32	15	2
32	16	2
32	17	1
32	18	3
32	19	1
32	22	2
32	23	2
32	24	5
32	26	1
32	27	3
32	28	3
32	29	5
32	30	6
32	31	7
33	1	4
33	2	2
33	4	4
33	5	4
33	6	1
33	7	4
33	8	5
33	9	1
33	10	2
33	11	3
33	12	2
33	13	3
33	15	4
33	16	5
33	22	2
33	24	3
33	25	3
33	26	3
33	27	2
33	28	5
33	29	3
33	30	11
33	31	11
33	32	20
34	0	2
34	2	1
34	4	3
34	5	1
34	6	3
34	7	1
34	9	1
34	10	3
34	11	3
34	12	3
34	13	4
34	15	6
34	16	5
34	17	2
34	21	3
34	22	4
34	23	3
34	24	8
34	25	1
34	26	2
34	27	2
34	28	10
34	29	3
34	30	7
34	31	13
34	32	7
34	33	22
35	1	2
35	2	2
35	3	2
35	4	4
35	5	9
35	6	7
35	7	2
35	8	5
35	9	9
35	10	6
35	11	9
35	12	5
35	13	3
35	14	5
35	15	4
35	16	2
35	17	2
35	18	2
35	19	5
35	20	4
35	21	4
35	22	10
35	23	6
35	24	5
35	25	9
35	26	4
35	27	9
35	28	6
35	29	6
35	30	2
35	31	8
35	32	3
35	33	4
35	34	3
36	3	4
36	4	2
36	5	8
36	6	3
36	7	1
36	8	7
36	9	12
36	10	8
36	11	14
36	12	16
36	13	9
36	14	1
36	15	4
36	16	2
36	17	3
36	18	4
36	19	4
36	20	3
36	22	6
36	23	6
36	24	3
36	25	10
36	26	5
36	27	2
36	28	6
36	29	4
36	30	4
36	31	2
36	32	2
36	33	1
36	35	15
37	3	1
37	4	4
37	5	4
37	6	1
37	7	1
37	8	3
37	9	6
37	10	7
37	11	5
37	12	2
37	13	6
37	14	3
37	15	3
37	16	1
37	17	4
37	18	6
37	19	6
37	20	2
37	21	1
37	22	7
37	23	5
37	24	7
37	25	11
37	26	5
37	27	12
37	28	10
37	29	3
37	30	4
37	33	2
37	34	2
37	35	28
37	36	8
38	1	2
38	2	4
38	3	6
38	4	4
38	5	9
38	6	5
38	7	4
38	8	10
38	9	5
38	10	6
38	11	6
38	12	8
38	13	3
38	14	4
38	15	2
38	16	5
38	17	3
38	18	5
38	19	8
38	20	4
38	21	5
38	22	5
38	23	8
38	24	3
38	25	12
38	26	5
38	27	15
38	28	15
38	29	8
38	30	10
38	31	5
38	32	3
38	33	1
38	34	3
38	35	20
38	36	8
38	37	24
39	0	1
39	3	4
39	4	6
39	5	2
39	6	2
39	7	3
39	8	10
39	9	5
39	10	9
39	11	7
39	12	8
39	13	2
39	14	1
39	15	5
39	16	1
39	17	4
39	18	1
39	19	2
39	20	5
39	21	2
39	22	7
39	23	2
39	24	4
39	25	3
39	26	2
39	27	4
39	28	5
39	29	4
39	30	4
39	31	4
39	32	8
39	33	2
39	35	17
39	36	3
39	37	8
39	38	27
40	0	1
40	1	1
40	3	1
40	4	4
40	5	4
40	6	4
40	8	5
40	9	10
40	10	4
40	11	9
40	12	9
40	13	2
40	14	2
40	15	5
40	17	3
40	18	4
40	19	4
40	20	1
40	21	2
40	22	3
40	23	5
40	24	6
40	25	8
40	26	5
40	27	18
40	28	13
40	29	12
40	30	8
40	31	2
40	32	2
40	33	4
40	34	5
40	35	8
40	36	2
40	37	6
40	38	16
40	39	9
41	1	1
41	2	3
41	4	6
41	5	9
41	6	4
41	7	4
41	8	4
41	9	4
41	10	2
41	11	7
41	12	4
41	13	4
41	14	3
41	15	5
41	16	1
41	17	1
41	18	3
41	20	5
41	21	3
41	22	1
41	23	2
41	24	5
41	25	6
41	26	3
41	27	9
41	28	8
41	29	4
41	30	11
41	31	9
41	32	3
41	33	4
41	34	8
41	35	7
41	36	5
41	37	1
41	38	10
41	39	4
41	40	14
42	0	2
42	1	4
42	4	1
42	5	1
42	6	1
42	7	3
42	8	5
42	9	6
42	10	7
42	11	7
42	12	5
42	13	2
42	14	2
42	15	1
42	16	4
42	18	5
42	20	1
42	21	5
42	22	2
42	24	3
42	25	3
42	27	1
42	28	9
42	29	5
42	30	15
42	31	8
42	32	7
42	33	9
42	34	10
42	35	5
42	36	1
42	37	4
42	38	4
42	39	2
42	40	4
42	41	13
43	2	2
43	4	3
43	5	5
43	6	1
43	7	6
43	8	8
43	9	5
43	10	3
43	11	2
43	12	7
43	13	1
43	14	3
43	15	4
43	16	1
43	17	1
43	18	2
43	24	3
43	25	2
43	27	7
43	28	1
43	29	4
43	30	4
43	31	8
43	32	7
43	33	15
43	34	11
43	35	3
43	38	2
43	39	4
43	40	1
43	41	3
43	42	2
44	0	1
44	1	3
44	2	1
44	4	3
44	5	5
44	6	3
44	7	6
44	8	5
44	9	2
44	10	2
44	11	5
44	12	1
44	13	2
44	14	2
44	15	2
44	16	2
44	17	4
44	19	3
44	20	5
44	22	1
44	23	3
44	24	1
44	27	2
44	28	1
44	29	1
44	30	8
44	31	5
44	32	4
44	33	7
44	34	5
44	35	5
44	38	3
44	40	4
44	41	1
44	42	3
44	43	21
45	2	1
45	3	2
45	4	4
45	7	2
45	8	2
45	9	4
45	10	6
45	12	2
45	14	1
45	15	1
45	16	1
45	17	1
45	18	2
45	22	1
45	25	3
45	27	2
45	28	3
45	29	1
45	30	3
45	31	3
45	32	11
45	33	9
45	34	5
45	38	4
45	40	1
45	41	1
45	42	4
45	43	12
45	44	14
46	0	1
46	1	4
46	2	5
46	3	3
46	5	3
46	6	7
46	8	4
46	9	1
46	10	1
46	11	1
46	12	2
46	13	1
46	15	1
46	18	1
46	19	1
46	20	3
46	22	3
46	23	1
46	24	2
46	25	1
46	27	2
46	28	2
46	29	1
46	30	8
46	31	4
46	32	6
46	33	7
46	34	7
46	35	3
46	36	1
46	38	1
46	39	3
46	40	5
46	41	1
46	42	6
46	43	11
46	44	13
46	45	23
47	0	2
47	2	1
47	3	2
47	4	4
47	6	5
47	7	5
47	8	6
47	9	4
47	10	5
47	11	9
47	12	7
47	13	4
47	14	4
47	15	7
47	16	7
47	17	1
47	18	4
47	19	2
47	20	2
47	21	4
47	23	4
47	24	5
47	25	3
47	27	4
47	28	7
47	29	3
47	30	10
47	31	5
47	32	4
47	33	7
47	34	3
47	35	1
47	36	3
47	37	3
47	38	6
47	39	2
47	40	3
47	41	4
47	42	9
47	43	5
47	44	7
47	45	6
47	46	4
48	1	1
48	3	2
48	5	4
48	6	6
48	7	3
48	8	5
48	9	6
48	10	5
48	11	3
48	12	16
48	13	4
48	14	8
48	15	6
48	16	3
48	17	1
48	18	1
48	19	5
48	20	1
48	21	1
48	22	1
48	23	3
48	24	2
48	25	1
48	27	6
48	28	4
48	29	1
48	30	1
48	31	1
48	32	4
48	33	2
48	34	2
48	35	4
48	36	6
48	37	4
48	38	7
48	39	6
48	40	3
48	41	4
48	42	6
48	43	2
48	44	4
48	45	4
48	46	3
48	47	10
49	3	3
49	4	7
49	5	6
49	6	7
49	7	9
49	8	32
49	9	19
49	10	10
49	11	18
49	12	19
49	13	8
49	14	6
49	15	6
49	16	7
49	17	9
49	18	6
49	19	6
49	20	4
49	21	7
49	22	3
49	23	11
49	24	7
49	25	6
49	26	7
49	27	8
49	28	10
49	29	7
49	30	7
49	31	4
49	32	5
49	33	3
49	34	5
49	35	8
49	36	11
49	37	6
49	38	10
49	39	5
49	40	7
49	41	9
49	42	7
49	43	4
49	44	5
49	45	2
49	46	1
49	47	10
49	48	17
50	3	4
50	4	6
50	5	4
50	6	17
50	7	10
50	8	17
50	9	5
50	10	7
50	11	6
50	12	6
50	13	7
50	14	3
50	15	7
50	16	4
50	17	1
50	18	4
50	19	4
50	20	2
50	21	2
50	22	4
50	23	3
50	24	3
50	25	5
50	27	2
50	28	6
50	29	3
50	30	2
50	31	5
50	33	3
50	34	4
50	35	3
50	36	2
50	37	3
50	38	4
50	39	4
50	40	6
50	41	5
50	42	3
50	43	6
50	44	2
50	45	2
50	46	2
50	47	8
50	48	8
50	49	16
51	1	2
51	3	5
51	4	5
51	5	4
51	6	3
51	7	9
51	8	5
51	9	7
51	10	5
51	11	3
51	12	6
51	13	8
51	14	5
51	15	8
51	16	8
51	17	2
51	18	5
51	19	7
51	20	6
51	21	12
51	22	1
51	24	4
51	25	3
51	27	5
51	28	4
51	29	4
51	30	7
51	31	2
51	32	3
51	33	3
51	34	3
51	35	1
51	36	2
51	37	2
51	38	6
51	39	2
51	40	1
51	41	3
51	42	4
51	43	3
51	44	4
51	45	3
51	46	4
51	47	6
51	48	11
51	49	11
51	50	12
52	2	1
52	3	5
52	4	5
52	5	7
52	6	1
52	7	10
52	8	10
52	9	5
52	10	7
52	11	3
52	12	7
52	13	5
52	14	10
52	15	5
52	16	8
52	17	2
52	18	4
52	19	2
52	20	8
52	21	4
52	22	3
52	24	7
52	25	4
52	26	2
52	27	3
52	28	2
52	29	2
52	30	5
52	31	6
52	32	2
52	33	2
52	34	1
52	35	4
52	36	3
52	37	3
52	38	4
52	39	6
52	40	5
52	41	1
52	42	3
52	43	2
52	44	3
52	45	1
52	46	6
52	47	10
52	48	10
52	49	7
52	50	18
52	51	22
53	1	2
53	2	1
53	3	4
53	4	2
53	5	3
53	6	7
53	7	4
53	8	25
53	9	4
53	10	9
53	11	6
53	12	7
53	13	5
53	14	4
53	15	4
53	16	6
53	17	7
53	18	3
53	19	6
53	20	1
53	21	4
53	22	5
53	23	6
53	24	7
53	25	7
53	26	6
53	27	7
53	28	5
53	29	2
53	30	7
53	31	3
53	32	4
53	33	5
53	34	6
53	35	4
53	36	5
53	37	6
53	38	3
53	39	6
53	40	4
53	41	5
53	42	10
53	43	6
53	44	2
53	45	3
53	47	9
53	48	7
53	49	21
53	50	7
53	51	5
53	52	2
54	0	2
54	3	5
54	5	6
54	6	5
54	7	3
54	8	11
54	9	3
54	10	8
54	11	4
54	12	4
54	14	1
54	15	3
54	16	3
54	17	4
54	18	3
54	19	6
54	20	4
54	21	4
54	22	3
54	23	2
54	24	5
54	25	4
54	26	5
54	27	13
54	28	11
54	29	3
54	30	8
54	31	6
54	32	1
54	33	7
54	34	2
54	35	4
54	36	3
54	38	4
54	39	6
54	40	9
54	41	4
54	42	8
54	43	4
54	44	2
54	45	1
54	46	4
54	47	13
54	48	7
54	49	11
54	50	8
54	51	7
54	52	7
54	53	17
55	1	1
55	2	1
55	3	3
55	4	5
55	5	4
55	6	8
55	7	12
55	8	11
55	9	6
55	10	4
55	11	3
55	12	6
55	13	4
55	14	3
55	15	4
55	16	2
55	17	4
55	18	5
55	19	7
55	20	2
55	21	4
55	22	1
55	23	6
55	24	4
55	25	3
55	26	5
55	27	4
55	28	6
55	29	3
55	30	6
55	31	8
55	32	3
55	33	6
55	34	6
55	35	1
55	36	2
55	37	2
55	38	8
55	39	7
55	40	13
55	41	4
55	42	8
55	43	9
55	44	3
55	45	3
55	46	3
55	47	7
55	48	6
55	49	5
55	50	6
55	51	8
55	52	6
55	53	13
55	54	16
56	0	2
56	1	2
56	3	1
56	4	7
56	5	7
56	6	10
56	7	9
56	8	10
56	9	5
56	10	4
56	11	5
56	12	5
56	13	2
56	14	6
56	15	5
56	16	4
56	17	4
56	18	3
56	19	1
56	20	1
56	21	5
56	22	3
56	23	1
56	24	2
56	25	2
56	26	4
56	27	6
56	28	2
56	29	2
56	30	5
56	31	2
56	32	1
56	33	6
56	34	7
56	36	3
56	37	4
56	38	6
56	39	1
56	40	3
56	41	8
56	42	9
56	43	2
56	44	8
56	45	5
56	46	1
56	47	3
56	48	7
56	49	6
56	50	6
56	51	4
56	52	3
56	53	6
56	54	9
56	55	20
57	3	4
57	4	5
57	5	11
57	6	11
57	7	10
57	8	7
57	9	3
57	10	7
57	11	2
57	12	5
57	13	4
57	14	5
57	15	7
57	16	6
57	17	2
57	18	5
57	19	5
57	20	4
57	21	2
57	22	1
57	23	5
57	24	4
57	25	4
57	26	5
57	27	2
57	28	5
57	29	3
57	30	5
57	31	6
57	32	3
57	33	10
57	34	4
57	35	4
57	36	6
57	37	5
57	38	2
57	39	3
57	40	7
57	41	2
57	42	4
57	43	1
57	44	3
57	45	4
57	46	2
57	47	5
57	48	7
57	49	6
57	50	8
57	51	4
57	52	6
57	53	9
57	54	5
57	55	13
57	56	14
58	0	1
58	1	1
58	3	2
58	4	9
58	5	9
58	6	7
58	7	10
58	8	5
58	9	4
58	10	5
58	11	7
58	12	3
58	13	3
58	14	5
58	15	8
58	16	3
58	17	3
58	18	1
58	19	2
58	20	7
58	21	3
58	22	1
58	23	2
58	24	5
58	25	5
58	26	1
58	27	2
58	28	5
58	29	3
58	30	3
58	31	5
58	32	4
58	33	3
58	34	6
58	35	2
58	36	4
58	37	3
58	38	4
58	39	3
58	40	4
58	41	3
58	42	4
58	43	2
58	44	1
58	45	1
58	46	2
58	47	2
58	48	3
58	49	5
58	50	3
58	51	6
58	52	7
58	53	7
58	54	11
58	55	13
58	56	10
58	57	24
59	0	1
59	2	2
59	3	1
59	4	7
59	5	3
59	6	4
59	8	6
59	10	4
59	12	6
59	13	2
59	14	1
59	15	2
59	16	1
59	17	3
59	18	4
59	19	1
59	22	3
59	24	3
59	25	3
59	26	1
59	27	6
59	28	3
59	29	4
59	30	2
59	31	3
59	33	1
59	34	4
59	35	3
59	36	3
59	38	2
59	40	2
59	41	1
59	43	2
59	44	3
59	45	3
59	46	1
59	47	5
59	49	4
59	50	1
59	51	2
59	52	6
59	53	2
59	54	4
59	55	2
59	56	4
59	57	2
59	58	2
60	0	3
60	1	7
60	2	6
60	4	1
60	5	2
60	7	3
60	8	2
60	10	4
60	13	1
60	15	4
60	16	3
60	20	2
60	21	2
60	22	1
60	25	4
60	27	5
60	28	2
60	30	5
60	31	4
60	32	4
60	33	9
60	34	4
60	35	2
60	36	2
60	38	4
60	39	1
60	40	2
60	41	1
60	42	5
60	43	3
60	44	8
60	45	9
60	46	13
60	47	7
60	48	3
60	49	3
60	51	5
60	52	3
60	53	4
60	54	3
60	55	6
60	56	2
60	57	6
60	58	5
60	59	1
