1	0	19
2	0	5
2	1	18
3	0	2
3	2	2
4	1	4
4	3	11
5	0	1
5	1	2
5	2	2
5	3	6
5	4	21
6	1	1
6	3	3
6	4	5
6	5	10
7	0	1
7	3	6
7	4	11
7	5	4
7	6	7
8	0	1
8	1	4
8	2	1
8	3	6
8	4	6
8	5	8
8	6	19
8	7	11
9	0	1
9	2	1
9	3	4
9	4	6
9	5	2
9	6	10
9	7	10
9	8	17
10	0	4
10	2	2
10	3	3
10	4	7
10	5	3
10	6	5
10	7	5
10	8	12
10	9	19
11	2	2
11	3	6
11	4	4
11	5	7
11	7	3
11	8	14
11	9	23
11	10	20
12	3	2
12	4	3
12	5	1
12	6	7
12	7	4
12	8	7
12	9	12
12	10	24
12	11	19
13	1	1
13	2	2
13	3	3
13	4	6
13	5	4
13	6	5
13	7	6
13	8	10
13	9	6
13	10	17
13	11	5
13	12	6
14	0	2
14	3	3
14	4	1
14	5	3
14	6	3
14	7	5
14	8	5
14	9	4
14	10	8
14	11	6
14	12	5
14	13	11
15	1	1
15	3	4
15	4	5
15	5	3
15	6	4
15	7	7
15	8	6
15	9	4
15	10	8
15	11	4
15	12	6
15	13	11
15	14	30
16	0	1
16	1	2
16	3	6
16	4	2
16	5	4
16	6	5
16	7	11
16	8	9
16	9	11
16	10	5
16	11	1
16	12	3
16	13	18
16	14	15
16	15	13
17	1	1
17	2	1
17	3	4
17	4	6
17	5	4
17	6	3
17	7	2
17	8	4
17	9	2
17	10	4
17	11	3
17	12	3
17	13	8
17	15	1
17	16	5
18	2	1
18	3	17
18	4	8
18	5	3
18	6	3
18	7	8
18	8	7
18	9	1
18	10	5
18	11	2
18	12	3
18	13	2
18	14	2
18	15	7
18	16	4
18	17	15
19	1	2
19	2	1
19	3	7
19	4	6
19	5	8
19	6	4
19	7	4
19	8	8
19	9	4
19	10	3
19	11	2
19	12	3
19	13	5
19	14	7
19	15	8
19	16	5
19	17	15
19	18	13
20	3	2
20	4	4
20	5	4
20	6	9
20	7	3
20	8	8
20	9	3
20	10	4
20	11	3
20	12	5
20	13	3
20	14	8
20	15	5
20	16	6
20	17	6
20	18	6
20	19	7
21	0	3
21	1	1
21	2	2
21	3	6
21	4	5
21	6	7
21	7	12
21	8	6
21	9	7
21	10	8
21	11	5
21	12	4
21	13	4
21	14	5
21	15	17
21	16	7
21	17	13
21	18	3
21	19	8
21	20	16
22	2	1
22	3	5
22	4	3
22	5	2
22	6	2
22	7	2
22	8	1
22	9	4
22	10	2
22	11	7
22	12	4
22	13	6
22	14	3
22	15	4
22	16	3
22	17	16
22	18	3
22	19	7
22	20	5
22	21	6
23	3	2
23	4	7
23	5	4
23	6	3
23	7	3
23	8	2
23	9	2
23	10	2
23	11	9
23	12	4
23	13	5
23	14	1
23	15	2
23	16	1
23	17	5
23	18	8
23	19	7
23	20	2
23	21	3
23	22	11
24	0	2
24	3	3
24	4	6
24	5	8
24	6	5
24	7	11
24	8	12
24	9	13
24	10	12
24	11	8
24	12	7
24	13	11
24	14	2
24	15	7
24	16	1
24	17	15
24	18	6
24	19	6
24	20	7
24	21	3
24	22	7
24	23	9
25	1	1
25	2	1
25	3	4
25	4	7
25	5	3
25	6	8
25	7	4
25	8	3
25	9	5
25	10	13
25	11	5
25	12	7
25	13	4
25	14	8
25	15	5
25	16	6
25	17	4
25	18	6
25	19	4
25	20	2
25	21	6
25	22	7
25	23	12
25	24	6
26	3	1
26	4	6
26	5	5
26	8	4
26	9	2
26	10	4
26	11	2
26	12	6
26	13	1
26	14	1
26	15	1
26	17	3
26	18	2
26	19	1
26	21	4
26	22	11
26	23	7
26	24	4
26	25	7
27	2	1
27	3	4
27	4	6
27	5	7
27	6	7
27	7	5
27	8	11
27	9	9
27	10	14
27	11	6
27	12	4
27	13	5
27	14	3
27	15	6
27	16	2
27	17	5
27	18	2
27	19	2
27	20	5
27	21	3
27	22	2
27	23	1
27	24	10
27	25	9
27	26	3
28	3	3
28	4	7
28	5	11
28	6	7
28	7	6
28	8	11
28	9	4
28	10	7
28	11	4
28	12	4
28	13	1
28	14	6
28	15	8
28	16	2
28	17	4
28	18	8
28	19	2
28	20	3
28	21	4
28	22	4
28	23	6
28	24	7
28	25	13
28	26	3
28	27	17
29	3	2
29	4	5
29	5	9
29	6	5
29	7	1
29	8	3
29	9	7
29	10	7
29	11	3
29	12	4
29	13	7
29	14	1
29	17	2
29	19	1
29	21	3
29	22	2
29	23	2
29	24	3
29	25	4
29	26	3
29	27	10
29	28	22
30	1	2
30	2	1
30	3	3
30	4	4
30	5	2
30	6	1
30	7	4
30	8	4
30	9	4
30	10	5
30	11	3
30	12	3
30	13	4
30	14	1
30	15	4
30	16	1
30	18	2
30	19	3
30	21	2
30	23	2
30	24	4
30	25	1
30	27	5
30	28	4
30	29	2
31	1	4
31	2	3
31	4	5
31	5	6
31	6	1
31	7	2
31	8	5
31	9	3
31	10	4
31	11	1
31	12	3
31	13	2
31	16	5
31	18	1
31	19	2
31	21	2
31	22	1
31	23	2
31	24	1
31	25	3
31	27	3
31	28	6
31	29	4
31	30	10
32	2	1
32	4	5
32	5	1
32	6	1
32	8	8
32	9	2
32	10	1
32	11	2
32	12	3
32	15	2
32	16	1
32	17	4
32	19	1
32	21	3
32	22	2
32	23	1
32	24	3
32	25	1
32	26	1
32	27	2
32	28	4
32	29	3
32	30	12
32	31	6
33	2	2
33	4	2
33	5	1
33	6	1
33	7	8
33	8	5
33	9	6
33	10	6
33	11	1
33	12	3
33	13	4
33	15	2
33	16	1
33	17	3
33	22	1
33	23	1
33	24	2
33	25	2
33	26	1
33	28	6
33	29	4
33	30	9
33	31	7
33	32	9
34	0	2
34	1	2
34	2	3
34	4	4
34	6	3
34	7	3
34	8	2
34	9	4
34	10	2
34	11	3
34	12	7
34	13	4
34	15	3
34	16	3
34	20	1
34	21	3
34	22	2
34	23	3
34	24	4
34	25	4
34	27	1
34	28	6
34	29	6
34	30	8
34	31	16
34	32	5
34	33	18
35	1	3
35	3	3
35	4	4
35	5	4
35	6	4
35	7	4
35	8	11
35	9	9
35	10	13
35	11	4
35	12	12
35	13	9
35	14	4
35	15	5
35	16	9
35	17	9
35	18	6
35	19	4
35	20	4
35	21	6
35	22	4
35	23	7
35	24	6
35	25	10
35	26	6
35	27	13
35	28	10
35	29	4
35	30	6
35	31	1
35	32	2
35	33	6
35	34	3
36	3	7
36	4	7
36	5	4
36	6	3
36	7	3
36	8	9
36	9	11
36	10	20
36	11	11
36	12	11
36	13	9
36	14	5
36	15	9
36	16	2
36	17	3
36	18	1
36	19	2
36	20	6
36	21	2
36	22	2
36	23	3
36	24	8
36	25	2
36	26	5
36	27	6
36	28	5
36	29	6
36	30	3
36	32	4
36	33	2
36	35	17
37	3	3
37	4	2
37	5	5
37	6	1
37	7	5
37	8	5
37	9	13
37	10	5
37	11	5
37	12	7
37	13	6
37	14	2
37	15	5
37	16	6
37	17	4
37	18	2
37	19	2
37	20	1
37	21	1
37	22	5
37	23	6
37	24	3
37	25	18
37	26	6
37	27	12
37	28	5
37	29	4
37	30	3
37	31	1
37	33	2
37	34	3
37	35	30
37	36	10
38	1	2
38	3	7
38	4	4
38	5	3
38	6	9
38	7	2
38	8	7
38	9	4
38	10	8
38	11	10
38	12	8
38	13	3
38	14	3
38	15	2
38	16	2
38	17	7
38	18	3
38	19	5
38	20	4
38	21	3
38	22	8
38	23	7
38	24	4
38	25	13
38	26	4
38	27	11
38	28	18
38	29	3
38	30	7
38	31	1
38	32	1
38	33	2
38	34	2
38	35	18
38	36	11
38	37	21
39	0	1
39	3	3
39	4	3
39	5	7
39	6	6
39	7	3
39	8	3
39	9	5
39	10	7
39	11	8
39	12	7
39	13	3
39	14	6
39	15	2
39	16	3
39	17	4
39	18	7
39	19	2
39	20	2
39	21	1
39	22	4
39	23	1
39	24	2
39	25	7
39	26	3
39	27	6
39	28	6
39	29	5
39	30	2
39	31	1
39	32	3
39	33	1
39	34	1
39	35	10
39	36	9
39	37	9
39	38	11
40	0	4
40	1	4
40	3	5
40	4	6
40	5	3
40	6	7
40	7	2
40	8	10
40	9	8
40	10	10
40	11	2
40	12	3
40	13	3
40	14	3
40	15	2
40	16	2
40	17	5
40	19	5
40	20	3
40	21	6
40	22	5
40	23	4
40	24	2
40	25	6
40	26	4
40	27	11
40	28	11
40	29	17
40	30	6
40	31	5
40	32	4
40	33	6
40	34	3
40	35	4
40	36	2
40	37	10
40	38	16
40	39	3
41	2	3
41	3	5
41	4	4
41	5	6
41	6	6
41	7	2
41	8	4
41	9	9
41	10	3
41	11	5
41	12	8
41	13	8
41	14	3
41	15	4
41	16	3
41	18	2
41	19	4
41	20	2
41	21	6
41	22	3
41	23	1
41	24	9
41	25	3
41	26	3
41	27	8
41	28	11
41	29	12
41	30	10
41	31	12
41	32	5
41	33	10
41	34	5
41	35	8
41	36	3
41	37	3
41	38	6
41	39	2
41	40	13
42	0	1
42	1	1
42	4	4
42	6	6
42	7	4
42	8	4
42	9	6
42	10	1
42	11	9
42	12	6
42	13	2
42	14	1
42	15	2
42	16	4
42	18	2
42	20	1
42	24	4
42	25	3
42	27	7
42	28	1
42	29	3
42	30	20
42	31	10
42	32	5
42	33	8
42	34	5
42	35	2
42	36	2
42	37	3
42	38	3
42	39	2
42	40	6
42	41	4
43	2	4
43	4	1
43	5	1
43	6	2
43	7	6
43	8	1
43	9	1
43	10	2
43	11	1
43	12	5
43	13	2
43	14	3
43	15	1
43	16	3
43	17	4
43	18	3
43	19	1
43	20	1
43	24	3
43	25	1
43	27	7
43	28	3
43	29	4
43	30	5
43	31	5
43	32	10
43	33	10
43	34	5
43	35	3
43	38	6
43	39	3
43	40	2
43	41	5
43	42	6
44	1	3
44	2	2
44	6	3
44	7	2
44	8	5
44	9	3
44	10	4
44	11	2
44	12	1
44	13	4
44	14	2
44	16	4
44	17	1
44	20	2
44	22	1
44	23	3
44	24	4
44	27	4
44	28	4
44	29	1
44	30	5
44	31	5
44	32	6
44	33	9
44	34	2
44	35	1
44	36	1
44	38	2
44	40	2
44	41	4
44	42	7
44	43	17
45	1	2
45	2	1
45	3	1
45	7	2
45	8	1
45	9	4
45	10	4
45	12	2
45	13	4
45	14	2
45	15	3
45	16	4
45	17	1
45	18	1
45	22	4
45	25	1
45	27	3
45	28	3
45	30	8
45	31	4
45	32	5
45	33	6
45	34	6
45	35	3
45	38	3
45	40	4
45	41	8
45	42	2
45	43	15
45	44	16
46	0	4
46	1	2
46	2	5
46	4	2
46	5	1
46	6	1
46	8	6
46	9	1
46	10	4
46	11	1
46	12	4
46	13	2
46	18	4
46	19	1
46	20	1
46	22	1
46	23	3
46	24	1
46	25	4
46	27	1
46	28	2
46	30	4
46	31	6
46	32	14
46	33	4
46	34	7
46	35	2
46	38	3
46	39	1
46	40	2
46	41	1
46	42	3
46	43	8
46	44	6
46	45	13
47	0	1
47	2	2
47	3	3
47	4	2
47	5	2
47	6	4
47	7	4
47	8	4
47	9	5
47	10	10
47	11	7
47	12	4
47	13	3
47	14	3
47	15	9
47	16	6
47	17	5
47	18	4
47	19	1
47	20	2
47	21	3
47	22	2
47	23	3
47	24	5
47	25	1
47	27	5
47	28	7
47	29	6
47	30	9
47	31	4
47	32	8
47	33	6
47	34	5
47	35	2
47	36	4
47	37	2
47	38	3
47	39	2
47	40	2
47	41	7
47	42	10
47	43	3
47	44	3
47	45	8
48	0	2
48	1	2
48	2	2
48	3	3
48	4	1
48	5	2
48	6	7
48	7	13
48	8	11
48	9	2
48	10	2
48	11	7
48	12	8
48	13	11
48	14	10
48	15	8
48	16	3
48	17	3
48	18	1
48	19	3
48	20	2
48	21	3
48	24	3
48	25	1
48	26	1
48	27	4
48	28	4
48	29	1
48	30	6
48	31	6
48	32	1
48	33	1
48	34	1
48	35	5
48	36	6
48	37	3
48	38	5
48	39	4
48	40	3
48	41	5
48	42	5
48	43	2
48	44	3
48	45	5
48	46	4
48	47	9
49	2	1
49	3	4
49	4	4
49	5	4
49	6	7
49	7	14
49	8	35
49	9	19
49	10	13
49	11	11
49	12	26
49	13	13
49	14	5
49	15	6
49	16	9
49	17	3
49	18	4
49	19	5
49	20	5
49	21	5
49	22	5
49	23	4
49	24	6
49	25	4
49	26	1
49	27	11
49	28	10
49	29	4
49	30	5
49	31	1
49	32	1
49	33	5
49	34	5
49	35	3
49	36	2
49	37	8
49	38	9
49	39	3
49	40	8
49	41	9
49	42	4
49	43	3
49	44	3
49	45	4
49	46	9
49	47	10
49	48	19
50	2	2
50	3	1
50	4	3
50	5	5
50	6	9
50	7	7
50	8	11
50	9	4
50	10	10
50	11	6
50	12	6
50	13	6
50	14	2
50	15	1
50	16	6
50	17	3
50	18	3
50	19	6
50	20	3
50	21	2
50	22	3
50	23	1
50	24	2
50	25	1
50	27	7
50	28	6
50	29	2
50	30	5
50	31	3
50	34	3
50	35	4
50	36	3
50	37	3
50	38	4
50	39	1
50	40	2
50	41	8
50	42	5
50	44	3
50	45	4
50	46	2
50	47	5
50	48	12
50	49	15
51	1	2
51	3	1
51	4	7
51	5	6
51	6	4
51	7	10
51	8	6
51	9	9
51	10	8
51	11	3
51	12	11
51	13	6
51	14	10
51	15	5
51	16	7
51	17	4
51	18	4
51	19	1
51	20	7
51	21	1
51	22	3
51	23	5
51	24	5
51	25	5
51	27	4
51	28	4
51	29	3
51	30	3
51	31	2
51	32	1
51	33	1
51	34	4
51	35	7
51	36	6
51	37	3
51	38	3
51	39	3
51	40	2
51	41	5
51	42	2
51	43	3
51	44	3
51	45	2
51	46	1
51	47	12
51	48	3
51	49	17
51	50	10
52	2	2
52	3	3
52	4	3
52	5	3
52	6	6
52	7	9
52	8	9
52	9	7
52	10	9
52	11	6
52	12	4
52	13	4
52	14	3
52	15	8
52	16	9
52	17	2
52	18	4
52	19	5
52	20	2
52	21	5
52	22	2
52	23	6
52	24	4
52	25	7
52	26	4
52	27	5
52	28	2
52	30	4
52	31	5
52	32	2
52	33	4
52	34	4
52	35	4
52	36	3
52	37	2
52	38	2
52	39	2
52	40	3
52	41	3
52	42	4
52	43	6
52	44	2
52	45	4
52	46	5
52	47	7
52	48	7
52	49	8
52	50	11
52	51	34
53	2	1
53	3	5
53	4	7
53	5	3
53	6	8
53	7	6
53	8	15
53	9	5
53	10	7
53	11	5
53	12	8
53	13	4
53	14	3
53	15	6
53	16	8
53	17	5
53	18	2
53	19	2
53	20	1
53	21	2
53	23	4
53	24	7
53	25	7
53	26	7
53	27	11
53	28	8
53	29	6
53	30	4
53	31	7
53	32	5
53	33	7
53	34	6
53	35	3
53	37	3
53	38	4
53	39	2
53	40	5
53	41	7
53	42	11
53	43	5
53	44	3
53	45	4
53	46	4
53	47	8
53	48	13
53	49	17
53	50	8
53	51	7
53	52	6
54	0	3
54	3	3
54	4	5
54	5	3
54	6	8
54	7	8
54	8	11
54	9	7
54	10	11
54	11	4
54	12	6
54	13	8
54	14	3
54	15	5
54	16	1
54	17	2
54	18	3
54	20	2
54	21	2
54	23	4
54	24	6
54	25	5
54	26	2
54	27	9
54	28	6
54	29	3
54	30	5
54	31	6
54	32	3
54	33	5
54	34	2
54	35	6
54	36	2
54	37	1
54	38	8
54	39	3
54	40	6
54	41	7
54	42	10
54	43	4
54	44	4
54	45	4
54	46	4
54	47	6
54	48	7
54	49	7
54	50	6
54	51	2
54	52	3
54	53	23
55	0	2
55	1	2
55	2	3
55	3	4
55	4	4
55	5	13
55	6	7
55	7	7
55	8	9
55	9	5
55	10	4
55	11	2
55	12	7
55	13	8
55	14	5
55	16	2
55	17	7
55	18	2
55	19	2
55	20	3
55	21	3
55	22	2
55	23	2
55	24	2
55	25	4
55	26	3
55	27	10
55	28	6
55	29	2
55	30	3
55	31	5
55	32	2
55	33	5
55	34	6
55	35	1
55	36	1
55	37	5
55	38	6
55	39	5
55	40	1
55	41	6
55	42	4
55	43	6
55	44	6
55	45	6
55	46	4
55	47	4
55	48	6
55	49	7
55	50	10
55	51	8
55	52	3
55	53	14
55	54	20
56	0	3
56	2	2
56	3	4
56	4	9
56	5	8
56	6	11
56	7	10
56	8	10
56	9	4
56	10	4
56	11	4
56	12	4
56	13	6
56	14	4
56	15	5
56	16	4
56	17	5
56	18	1
56	19	6
56	20	1
56	21	3
56	22	3
56	23	4
56	24	7
56	25	3
56	26	1
56	27	8
56	28	3
56	29	4
56	30	6
56	31	3
56	32	3
56	33	2
56	34	1
56	35	2
56	36	3
56	37	4
56	38	6
56	39	5
56	40	3
56	41	5
56	42	3
56	43	4
56	44	4
56	45	1
56	46	2
56	47	7
56	48	5
56	49	13
56	50	5
56	51	10
56	52	2
56	53	8
56	54	11
56	55	15
57	2	1
57	3	7
57	4	7
57	5	9
57	6	7
57	7	7
57	8	9
57	9	6
57	10	6
57	11	5
57	12	8
57	13	3
57	14	1
57	15	5
57	16	8
57	17	6
57	18	5
57	19	3
57	20	3
57	22	1
57	23	2
57	24	8
57	25	4
57	26	2
57	27	6
57	28	6
57	29	1
57	30	4
57	31	2
57	32	1
57	33	2
57	34	3
57	35	1
57	36	7
57	37	4
57	38	7
57	39	2
57	40	4
57	41	1
57	42	4
57	43	3
57	44	2
57	45	3
57	46	4
57	47	5
57	48	4
57	49	8
57	50	7
57	51	6
57	52	2
57	53	6
57	54	6
57	55	14
57	56	15
58	1	3
58	3	3
58	4	6
58	5	10
58	6	11
58	7	4
58	8	7
58	9	5
58	10	2
58	11	6
58	12	4
58	13	4
58	14	1
58	15	2
58	16	3
58	17	3
58	18	2
58	19	10
58	20	2
58	21	4
58	22	2
58	23	4
58	24	4
58	25	1
58	26	1
58	27	4
58	28	6
58	29	3
58	30	2
58	31	7
58	32	2
58	33	5
58	34	2
58	35	5
58	36	4
58	37	2
58	38	1
58	39	5
58	40	5
58	41	4
58	42	1
58	43	2
58	44	3
58	45	4
58	46	4
58	47	4
58	48	5
58	49	10
58	50	4
58	51	10
58	52	5
58	53	6
58	54	8
58	55	12
58	56	20
58	57	13
59	0	4
59	3	3
59	4	6
59	5	3
59	6	2
59	7	4
59	8	3
59	9	2
59	10	3
59	12	3
59	13	4
59	14	5
59	15	3
59	16	1
59	17	7
59	18	2
59	19	3
59	22	1
59	23	3
59	24	5
59	25	2
59	26	2
59	27	2
59	28	1
59	29	1
59	33	2
59	34	3
59	35	3
59	38	6
59	40	4
59	41	1
59	43	3
59	44	3
59	45	4
59	46	5
59	47	3
59	49	4
59	50	2
59	51	2
59	52	2
59	53	2
59	54	3
59	55	5
59	56	3
59	57	11
59	58	5
60	0	3
60	1	2
60	2	8
60	4	6
60	5	3
60	7	4
60	8	3
60	9	6
60	11	4
60	12	1
60	13	4
60	15	2
60	16	1
60	17	2
60	20	3
60	21	2
60	22	1
60	25	3
60	27	3
60	28	5
60	30	4
60	32	5
60	33	4
60	34	2
60	35	1
60	36	1
60	38	1
60	39	2
60	40	6
60	41	5
60	42	1
60	43	7
60	44	4
60	45	6
60	46	12
60	47	6
60	48	1
60	49	2
60	51	5
60	52	3
60	53	3
60	54	4
60	55	3
60	56	3
60	57	2
60	58	2
60	59	1
