1	0	19
2	0	3
2	1	16
3	0	4
3	2	1
4	1	1
4	3	20
5	0	2
5	1	2
5	2	1
5	3	9
5	4	13
6	1	1
6	3	4
6	4	9
6	5	9
7	0	1
7	1	2
7	3	2
7	4	4
7	5	2
7	6	12
8	1	2
8	2	2
8	3	7
8	4	7
8	5	3
8	6	20
8	7	23
9	2	3
9	3	5
9	4	2
9	5	4
9	6	8
9	7	6
9	8	10
10	0	1
10	1	1
10	2	1
10	3	4
10	4	7
10	5	3
10	6	6
10	7	5
10	8	13
10	9	23
11	1	2
11	2	1
11	3	4
11	4	5
11	5	6
11	6	9
11	7	4
11	8	8
11	9	21
11	10	18
12	1	2
12	3	1
12	4	3
12	5	4
12	6	10
12	7	6
12	8	10
12	9	16
12	10	21
12	11	21
13	1	1
13	3	3
13	4	5
13	5	5
13	6	6
13	7	4
13	8	4
13	9	12
13	10	23
13	11	16
13	12	10
14	3	3
14	4	3
14	5	2
14	6	5
14	7	3
14	8	8
14	9	4
14	10	8
14	11	2
14	12	5
14	13	16
15	1	1
15	3	1
15	4	3
15	5	3
15	6	5
15	7	7
15	8	10
15	9	3
15	10	8
15	11	6
15	12	6
15	13	10
15	14	17
16	3	1
16	4	1
16	5	4
16	6	7
16	7	3
16	8	10
16	9	4
16	10	3
16	11	2
16	12	6
16	13	12
16	14	13
16	15	22
17	1	3
17	3	9
17	4	8
17	5	1
17	6	4
17	7	3
17	8	4
17	9	3
17	10	5
17	11	4
17	12	5
17	13	6
17	14	3
17	15	4
17	16	8
18	2	2
18	3	17
18	4	5
18	5	3
18	6	7
18	7	3
18	8	7
18	9	6
18	10	2
18	11	5
18	12	4
18	13	1
18	14	4
18	15	3
18	16	3
18	17	19
19	1	1
19	2	2
19	3	12
19	4	3
19	5	5
19	6	3
19	7	2
19	8	5
19	9	4
19	10	8
19	12	2
19	13	1
19	14	7
19	15	6
19	16	2
19	17	13
19	18	27
20	3	3
20	4	1
20	5	2
20	6	2
20	7	7
20	8	2
20	9	2
20	11	2
20	12	2
20	13	5
20	14	2
20	15	9
20	16	5
20	17	6
20	18	9
20	19	15
21	1	3
21	2	2
21	3	2
21	4	6
21	5	4
21	6	2
21	7	2
21	8	7
21	9	4
21	10	5
21	11	3
21	12	4
21	13	6
21	14	9
21	15	9
21	16	12
21	17	8
21	18	3
21	19	15
21	20	15
22	2	4
22	3	7
22	4	3
22	5	6
22	6	2
22	7	6
22	8	5
22	9	4
22	10	8
22	11	2
22	12	5
22	13	3
22	14	5
22	15	3
22	16	2
22	17	11
22	18	7
22	19	8
22	20	4
22	21	6
23	1	1
23	3	4
23	4	6
23	5	7
23	6	3
23	7	5
23	8	4
23	9	6
23	10	11
23	12	3
23	13	5
23	14	2
23	15	2
23	16	7
23	17	7
23	18	4
23	19	5
23	20	8
23	21	1
23	22	10
24	3	8
24	4	8
24	5	7
24	6	9
24	7	6
24	8	2
24	9	8
24	10	4
24	11	3
24	12	8
24	13	5
24	14	4
24	15	9
24	16	4
24	17	13
24	18	6
24	19	9
24	20	4
24	21	9
24	22	8
24	23	18
25	0	1
25	1	1
25	2	1
25	3	4
25	4	7
25	5	4
25	6	3
25	7	5
25	8	8
25	9	6
25	10	3
25	11	4
25	12	10
25	13	4
25	14	4
25	15	5
25	16	3
25	17	5
25	18	2
25	19	1
25	20	6
25	21	2
25	22	6
25	23	8
25	24	10
26	1	3
26	3	2
26	4	5
26	5	4
26	8	5
26	9	4
26	10	7
26	12	4
26	13	5
26	14	1
26	15	6
26	17	1
26	18	3
26	19	4
26	20	2
26	21	2
26	22	3
26	23	6
26	24	3
26	25	11
27	1	1
27	2	1
27	3	2
27	4	9
27	5	2
27	6	9
27	7	6
27	8	9
27	9	5
27	10	10
27	11	7
27	12	5
27	13	10
27	14	3
27	15	6
27	16	6
27	17	8
27	18	8
27	19	4
27	20	5
27	21	7
27	22	3
27	23	5
27	24	10
27	25	3
27	26	6
28	2	1
28	3	2
28	4	4
28	5	8
28	6	6
28	7	2
28	8	6
28	9	4
28	10	10
28	11	5
28	12	4
28	13	6
28	14	1
28	15	4
28	16	3
28	17	5
28	18	8
28	19	2
28	20	1
28	21	2
28	22	5
28	23	7
28	24	10
28	25	9
28	26	6
28	27	16
29	0	2
29	3	2
29	4	5
29	5	4
29	6	2
29	7	3
29	8	5
29	9	6
29	10	4
29	11	4
29	12	4
29	13	1
29	14	1
29	15	1
29	17	2
29	19	6
29	22	2
29	23	4
29	24	3
29	25	1
29	26	3
29	27	12
29	28	17
30	1	3
30	2	1
30	3	5
30	4	5
30	5	2
30	6	5
30	7	4
30	8	13
30	9	1
30	10	4
30	11	5
30	12	8
30	13	5
30	14	2
30	16	4
30	18	4
30	19	3
30	21	1
30	23	3
30	24	6
30	25	1
30	27	3
30	28	3
30	29	6
31	1	3
31	2	3
31	4	2
31	5	8
31	6	2
31	7	4
31	8	2
31	9	6
31	10	2
31	11	6
31	12	5
31	13	2
31	15	1
31	18	2
31	19	4
31	21	1
31	22	3
31	23	2
31	24	3
31	25	1
31	27	2
31	28	5
31	29	6
31	30	11
32	2	2
32	4	2
32	5	4
32	6	3
32	8	5
32	9	2
32	10	2
32	11	5
32	16	1
32	17	1
32	18	4
32	19	4
32	22	3
32	24	5
32	25	7
32	27	1
32	28	4
32	29	2
32	30	15
32	31	6
33	1	1
33	2	5
33	3	2
33	4	7
33	5	1
33	6	3
33	7	3
33	8	7
33	9	5
33	10	4
33	11	2
33	12	2
33	15	3
33	16	4
33	17	3
33	22	2
33	23	2
33	24	1
33	25	3
33	26	2
33	27	5
33	28	5
33	29	2
33	30	4
33	31	10
33	32	16
34	0	2
34	1	2
34	4	4
34	5	3
34	6	1
34	7	4
34	8	5
34	9	3
34	10	6
34	11	4
34	12	4
34	13	4
34	15	3
34	22	1
34	23	1
34	24	3
34	25	3
34	27	4
34	28	5
34	29	2
34	30	12
34	31	22
34	32	5
34	33	25
35	1	4
35	2	5
35	3	3
35	4	1
35	5	2
35	6	3
35	7	4
35	8	8
35	9	8
35	10	8
35	11	9
35	12	7
35	13	9
35	14	6
35	15	2
35	16	2
35	17	6
35	18	3
35	19	2
35	20	4
35	21	6
35	22	1
35	23	6
35	24	5
35	25	10
35	26	3
35	27	11
35	28	12
35	29	7
35	30	4
35	31	2
35	32	4
35	33	3
35	34	2
36	3	3
36	4	1
36	5	5
36	6	3
36	7	3
36	8	10
36	9	5
36	10	17
36	11	8
36	12	6
36	13	6
36	14	1
36	15	2
36	16	8
36	17	6
36	18	2
36	19	1
36	20	2
36	21	8
36	22	2
36	23	6
36	24	3
36	25	9
36	26	4
36	27	13
36	28	5
36	29	2
36	30	2
36	31	2
36	32	2
36	33	2
36	35	27
37	2	2
37	3	2
37	4	7
37	5	3
37	6	4
37	7	6
37	8	4
37	9	5
37	10	5
37	11	3
37	12	6
37	13	2
37	14	3
37	15	3
37	16	2
37	17	4
37	18	4
37	19	2
37	21	4
37	22	6
37	23	8
37	24	7
37	25	9
37	26	2
37	27	11
37	28	11
37	29	9
37	30	4
37	31	1
37	33	3
37	34	4
37	35	31
37	36	3
38	1	4
38	2	2
38	3	3
38	4	6
38	5	2
38	6	5
38	7	7
38	8	7
38	9	6
38	10	11
38	11	7
38	12	11
38	13	5
38	14	2
38	15	3
38	16	4
38	17	4
38	18	5
38	19	3
38	20	2
38	21	4
38	22	6
38	23	3
38	24	5
38	25	9
38	26	7
38	27	10
38	28	16
38	29	4
38	30	4
38	31	3
38	32	1
38	33	4
38	34	1
38	35	23
38	36	10
38	37	20
39	0	1
39	3	2
39	4	2
39	5	5
39	6	1
39	8	4
39	9	8
39	10	14
39	11	6
39	12	5
39	13	6
39	14	5
39	15	3
39	16	2
39	17	2
39	20	1
39	21	6
39	22	8
39	23	4
39	24	2
39	25	5
39	26	2
39	27	6
39	28	5
39	29	5
39	30	5
39	31	8
39	32	3
39	33	1
39	34	4
39	35	25
39	36	8
39	37	11
39	38	30
40	0	2
40	1	4
40	3	7
40	4	4
40	5	6
40	6	2
40	8	5
40	9	5
40	10	11
40	11	7
40	12	10
40	13	7
40	14	2
40	15	1
40	16	2
40	17	7
40	18	2
40	19	5
40	20	4
40	21	1
40	22	2
40	23	5
40	24	4
40	25	11
40	26	5
40	27	5
40	28	13
40	29	15
40	30	3
40	31	6
40	32	4
40	33	3
40	34	2
40	35	7
40	36	2
40	37	9
40	38	12
40	39	11
41	2	6
41	3	1
41	4	4
41	5	3
41	6	5
41	7	2
41	8	5
41	9	1
41	10	7
41	11	5
41	12	11
41	13	6
41	14	3
41	15	4
41	16	4
41	17	4
41	18	1
41	19	3
41	20	3
41	21	2
41	22	4
41	23	3
41	24	4
41	25	5
41	26	3
41	27	3
41	28	9
41	29	2
41	30	3
41	31	8
41	32	5
41	33	6
41	34	4
41	35	6
41	36	2
41	37	7
41	38	10
41	39	6
41	40	11
42	0	2
42	1	4
42	4	3
42	5	2
42	6	2
42	7	3
42	8	6
42	9	3
42	10	7
42	11	3
42	12	7
42	13	2
42	14	2
42	15	2
42	16	1
42	17	2
42	18	2
42	20	2
42	21	3
42	22	1
42	24	3
42	25	2
42	27	3
42	28	7
42	29	3
42	30	11
42	31	15
42	32	4
42	33	6
42	34	7
42	35	4
42	36	1
42	37	5
42	38	3
42	39	3
42	40	5
42	41	10
43	2	2
43	4	6
43	5	7
43	6	2
43	7	2
43	8	3
43	9	2
43	10	4
43	11	2
43	12	2
43	13	5
43	15	2
43	16	1
43	17	1
43	18	1
43	19	3
43	20	1
43	24	2
43	25	1
43	27	2
43	28	4
43	29	2
43	30	7
43	31	8
43	32	9
43	33	11
43	34	7
43	35	4
43	37	3
43	38	5
43	39	4
43	40	4
43	41	6
43	42	5
44	0	2
44	1	4
44	4	3
44	5	2
44	6	1
44	7	3
44	8	2
44	9	2
44	10	2
44	11	4
44	12	5
44	13	5
44	14	3
44	15	2
44	17	2
44	22	2
44	23	1
44	24	2
44	27	2
44	28	6
44	30	5
44	31	6
44	32	7
44	33	6
44	34	9
44	35	3
44	36	3
44	38	2
44	40	4
44	41	3
44	42	2
44	43	13
45	2	4
45	3	2
45	7	2
45	8	7
45	9	2
45	10	1
45	12	1
45	13	3
45	15	2
45	16	3
45	17	1
45	18	1
45	22	1
45	25	2
45	27	3
45	28	3
45	30	4
45	31	4
45	32	6
45	33	9
45	34	5
45	35	6
45	38	5
45	39	2
45	41	3
45	42	7
45	43	8
45	44	23
46	0	1
46	1	5
46	2	4
46	3	2
46	4	1
46	5	2
46	6	2
46	8	2
46	9	4
46	10	2
46	11	1
46	12	1
46	13	5
46	15	3
46	18	1
46	19	2
46	22	1
46	25	4
46	27	3
46	28	4
46	29	2
46	30	2
46	31	4
46	32	4
46	33	4
46	34	4
46	35	1
46	36	1
46	38	3
46	39	9
46	40	5
46	41	2
46	42	6
46	43	11
46	44	9
46	45	14
47	0	3
47	2	1
47	3	4
47	4	1
47	5	7
47	6	3
47	7	6
47	8	8
47	9	3
47	10	7
47	11	4
47	12	5
47	13	10
47	14	4
47	15	1
47	16	2
47	17	3
47	19	2
47	22	1
47	23	3
47	24	5
47	25	5
47	27	3
47	28	6
47	29	2
47	30	7
47	31	4
47	32	4
47	33	7
47	34	7
47	35	2
47	37	6
47	38	2
47	39	4
47	40	5
47	41	4
47	42	7
47	43	6
47	44	5
47	45	4
47	46	4
48	1	1
48	2	1
48	3	1
48	4	5
48	5	1
48	6	6
48	7	7
48	8	11
48	9	8
48	10	11
48	11	7
48	12	10
48	13	10
48	14	2
48	15	5
48	16	5
48	17	2
48	18	2
48	19	4
48	20	1
48	21	6
48	22	5
48	23	3
48	24	3
48	27	4
48	28	3
48	29	1
48	30	1
48	31	5
48	32	5
48	33	7
48	34	3
48	35	3
48	36	7
48	37	3
48	38	5
48	39	2
48	40	2
48	41	4
48	42	9
48	43	2
48	44	4
48	45	9
48	46	4
48	47	16
49	2	1
49	3	4
49	4	5
49	5	10
49	6	15
49	7	10
49	8	24
49	9	15
49	10	14
49	11	12
49	12	17
49	13	12
49	14	8
49	15	11
49	16	10
49	17	5
49	18	3
49	19	10
49	20	2
49	21	4
49	22	2
49	23	5
49	24	8
49	25	5
49	26	2
49	27	9
49	28	8
49	29	1
49	30	10
49	31	7
49	32	6
49	33	5
49	34	3
49	35	6
49	36	4
49	37	3
49	38	4
49	39	5
49	40	7
49	41	6
49	42	9
49	43	4
49	44	7
49	45	3
49	46	5
49	47	8
49	48	24
50	3	4
50	4	3
50	5	3
50	6	8
50	7	17
50	8	13
50	9	4
50	10	7
50	11	8
50	12	8
50	13	7
50	14	3
50	15	9
50	16	5
50	18	3
50	19	6
50	20	4
50	21	4
50	22	5
50	23	3
50	24	1
50	25	2
50	27	2
50	28	2
50	29	2
50	30	6
50	31	5
50	33	1
50	34	1
50	35	2
50	36	6
50	37	3
50	38	6
50	39	2
50	40	6
50	41	2
50	42	2
50	43	3
50	44	3
50	45	3
50	46	5
50	47	7
50	48	10
50	49	9
51	1	1
51	3	4
51	4	2
51	5	1
51	6	11
51	7	6
51	8	10
51	9	8
51	10	7
51	11	7
51	12	11
51	13	7
51	14	3
51	15	11
51	16	5
51	17	2
51	18	3
51	19	4
51	20	3
51	21	5
51	22	4
51	23	3
51	24	3
51	25	7
51	27	4
51	28	5
51	29	1
51	30	2
51	31	3
51	32	2
51	33	2
51	35	4
51	37	5
51	38	4
51	39	7
51	40	3
51	41	6
51	42	4
51	43	6
51	44	3
51	45	1
51	46	1
51	47	1
51	48	8
51	49	10
51	50	17
52	3	4
52	4	6
52	5	5
52	6	10
52	7	3
52	8	8
52	9	3
52	10	10
52	11	6
52	12	5
52	13	7
52	14	4
52	15	6
52	16	11
52	17	2
52	18	5
52	19	4
52	20	3
52	21	6
52	22	3
52	23	2
52	24	3
52	25	5
52	27	7
52	28	7
52	30	4
52	31	2
52	32	1
52	33	3
52	35	5
52	36	6
52	37	2
52	38	4
52	39	3
52	40	3
52	41	3
52	42	6
52	43	4
52	44	4
52	45	3
52	46	3
52	47	3
52	48	9
52	49	11
52	50	10
52	51	26
53	1	1
53	2	1
53	3	5
53	4	3
53	5	5
53	6	10
53	7	8
53	8	18
53	9	9
53	10	11
53	11	5
53	12	7
53	13	8
53	14	3
53	15	1
53	16	3
53	17	10
53	18	8
53	19	5
53	20	2
53	21	3
53	22	2
53	23	6
53	24	9
53	25	1
53	26	2
53	27	10
53	28	6
53	29	7
53	30	2
53	31	4
53	32	4
53	33	6
53	34	4
53	35	7
53	36	2
53	37	3
53	38	9
53	39	2
53	40	5
53	41	10
53	42	9
53	43	5
53	44	2
53	46	3
53	47	5
53	48	13
53	49	22
53	50	12
53	51	3
53	52	5
54	0	1
54	3	2
54	4	1
54	5	7
54	6	8
54	7	4
54	8	8
54	9	5
54	10	5
54	11	3
54	12	2
54	13	9
54	14	4
54	15	3
54	16	4
54	17	3
54	18	4
54	19	4
54	20	5
54	21	2
54	22	3
54	23	5
54	24	6
54	25	2
54	26	4
54	27	7
54	28	6
54	29	1
54	30	5
54	31	7
54	32	2
54	33	4
54	34	4
54	35	2
54	36	2
54	37	2
54	38	4
54	39	6
54	40	6
54	41	4
54	42	11
54	43	4
54	44	1
54	45	4
54	46	7
54	47	8
54	48	7
54	49	11
54	50	5
54	51	6
54	52	4
54	53	15
55	1	1
55	3	2
55	4	6
55	5	8
55	6	6
55	7	4
55	8	9
55	9	9
55	10	8
55	11	7
55	12	8
55	13	2
55	14	2
55	15	2
55	16	5
55	17	3
55	18	3
55	19	1
55	20	3
55	21	11
55	22	4
55	23	1
55	24	8
55	25	5
55	26	3
55	27	9
55	28	5
55	29	5
55	30	6
55	31	3
55	32	7
55	33	7
55	34	3
55	35	3
55	36	4
55	37	2
55	38	5
55	39	7
55	40	3
55	41	9
55	42	4
55	43	5
55	44	5
55	45	4
55	46	12
55	47	6
55	48	4
55	49	13
55	50	5
55	51	6
55	52	4
55	53	12
55	54	13
56	1	1
56	2	2
56	3	3
56	4	8
56	5	1
56	6	8
56	7	5
56	8	3
56	10	3
56	11	3
56	12	3
56	13	3
56	14	1
56	15	2
56	16	7
56	17	7
56	18	6
56	19	2
56	20	3
56	21	2
56	22	2
56	23	2
56	24	2
56	25	4
56	26	4
56	27	3
56	28	4
56	29	2
56	30	2
56	31	4
56	32	2
56	33	8
56	34	4
56	35	4
56	36	4
56	37	2
56	38	3
56	39	2
56	40	4
56	41	4
56	42	6
56	43	5
56	44	2
56	45	1
56	46	2
56	47	6
56	48	3
56	49	8
56	50	9
56	51	8
56	52	9
56	53	9
56	54	11
56	55	17
57	2	2
57	3	4
57	4	7
57	5	6
57	6	16
57	7	13
57	8	7
57	9	6
57	10	4
57	11	3
57	12	1
57	13	6
57	14	6
57	15	3
57	16	6
57	17	5
57	18	8
57	19	2
57	20	6
57	21	5
57	22	1
57	23	3
57	24	8
57	25	1
57	26	2
57	27	6
57	28	8
57	29	3
57	30	10
57	32	2
57	33	2
57	34	4
57	35	1
57	36	2
57	37	4
57	38	2
57	39	3
57	40	5
57	41	2
57	42	8
57	43	9
57	44	1
57	45	3
57	46	2
57	47	2
57	48	4
57	49	7
57	50	9
57	51	9
57	52	10
57	53	6
57	54	7
57	55	15
57	56	20
58	1	5
58	3	3
58	4	3
58	5	2
58	6	2
58	7	9
58	8	7
58	9	4
58	10	3
58	11	3
58	12	6
58	13	7
58	14	2
58	15	2
58	16	1
58	17	1
58	18	3
58	19	1
58	20	2
58	21	1
58	22	1
58	23	3
58	24	7
58	25	3
58	27	3
58	28	6
58	29	3
58	30	6
58	31	5
58	32	4
58	33	1
58	34	3
58	35	2
58	36	4
58	38	4
58	39	4
58	40	4
58	41	4
58	42	1
58	43	3
58	44	1
58	45	3
58	46	3
58	47	7
58	48	2
58	49	7
58	50	3
58	51	6
58	52	6
58	53	7
58	54	4
58	55	11
58	56	14
58	57	26
59	0	1
59	2	3
59	3	3
59	4	6
59	5	2
59	6	2
59	7	2
59	8	1
59	9	4
59	10	3
59	12	1
59	14	4
59	15	2
59	17	1
59	18	4
59	19	4
59	22	1
59	23	3
59	24	2
59	25	1
59	26	2
59	27	4
59	28	4
59	29	2
59	30	2
59	31	5
59	33	4
59	35	3
59	36	2
59	38	5
59	39	1
59	40	5
59	41	6
59	43	6
59	44	1
59	45	2
59	46	3
59	47	6
59	49	1
59	50	3
59	52	2
59	53	4
59	54	3
59	55	7
59	56	3
59	57	3
59	58	4
60	0	1
60	1	4
60	2	4
60	4	1
60	5	1
60	8	4
60	9	2
60	11	2
60	12	3
60	13	4
60	15	1
60	20	2
60	21	1
60	22	1
60	25	1
60	27	1
60	28	3
60	30	7
60	32	6
60	33	3
60	34	3
60	35	2
60	36	2
60	38	2
60	39	5
60	41	3
60	42	3
60	43	6
60	44	7
60	45	7
60	46	6
60	47	4
60	48	2
60	49	3
60	51	2
60	52	4
60	53	2
60	54	7
60	55	4
60	56	5
60	57	2
60	58	2
60	59	3
