1	0	20
2	0	7
2	1	19
3	2	2
4	3	14
5	0	1
5	2	1
5	3	8
5	4	20
6	1	3
6	3	5
6	4	2
6	5	7
7	1	4
7	3	4
7	4	4
7	5	4
7	6	11
8	2	3
8	3	7
8	4	10
8	5	7
8	6	8
8	7	20
9	2	1
9	3	2
9	4	3
9	5	8
9	6	5
9	7	8
9	8	11
10	0	1
10	1	1
10	2	2
10	3	2
10	4	7
10	5	8
10	6	5
10	7	12
10	8	16
10	9	27
11	0	2
11	2	1
11	3	2
11	4	4
11	5	4
11	6	3
11	7	7
11	8	7
11	9	15
11	10	23
12	1	1
12	3	3
12	4	9
12	5	1
12	6	6
12	7	2
12	8	11
12	9	16
12	10	17
12	11	24
13	1	2
13	2	1
13	4	4
13	5	1
13	6	4
13	7	15
13	8	7
13	9	11
13	10	18
13	11	12
13	12	12
14	1	1
14	3	4
14	4	4
14	5	4
14	6	5
14	7	5
14	8	9
14	9	4
14	10	6
14	11	4
14	12	4
14	13	8
15	0	2
15	1	5
15	3	3
15	4	7
15	5	2
15	6	4
15	7	6
15	8	7
15	9	6
15	10	6
15	11	3
15	12	6
15	13	12
15	14	17
16	1	1
16	3	2
16	4	5
16	5	2
16	6	5
16	7	11
16	8	13
16	9	6
16	10	5
16	11	7
16	12	8
16	13	12
16	14	11
16	15	16
17	2	1
17	3	1
17	4	8
17	5	3
17	6	4
17	7	8
17	8	5
17	9	2
17	10	11
17	11	4
17	12	4
17	13	3
17	14	5
17	15	4
17	16	5
18	2	3
18	3	11
18	4	12
18	5	10
18	6	5
18	7	3
18	8	9
18	9	7
18	10	7
18	11	2
18	12	5
18	13	5
18	14	4
18	15	7
18	16	4
18	17	10
19	1	1
19	3	8
19	4	10
19	5	6
19	6	5
19	7	2
19	8	6
19	9	5
19	10	3
19	11	4
19	12	4
19	13	3
19	14	8
19	15	11
19	16	5
19	17	15
19	18	29
20	3	4
20	4	1
20	5	4
20	6	4
20	7	2
20	8	5
20	9	5
20	10	4
20	11	4
20	12	2
20	13	2
20	14	8
20	15	6
20	16	5
20	17	3
20	18	8
20	19	6
21	3	4
21	4	7
21	5	3
21	6	5
21	7	6
21	8	2
21	9	6
21	10	1
21	11	2
21	12	4
21	13	6
21	14	6
21	15	16
21	16	11
21	17	12
21	18	4
21	19	13
21	20	10
22	3	7
22	4	3
22	5	2
22	6	2
22	7	6
22	8	6
22	9	3
22	10	9
22	11	3
22	12	1
22	13	5
22	14	2
22	15	3
22	16	2
22	17	10
22	18	3
22	19	6
22	20	7
22	21	7
23	3	8
23	4	1
23	5	7
23	6	5
23	7	3
23	8	5
23	9	7
23	10	6
23	11	4
23	12	4
23	13	5
23	14	3
23	15	2
23	16	2
23	17	14
23	18	7
23	19	5
23	20	6
23	21	4
23	22	15
24	0	1
24	3	2
24	4	6
24	5	10
24	6	11
24	7	6
24	8	10
24	9	6
24	10	8
24	11	7
24	12	10
24	13	9
24	14	5
24	15	1
24	16	11
24	17	15
24	18	10
24	19	5
24	20	5
24	21	10
24	22	9
24	23	13
25	0	3
25	3	6
25	4	6
25	5	6
25	6	4
25	7	7
25	8	4
25	9	4
25	10	7
25	11	9
25	12	5
25	13	6
25	14	7
25	16	6
25	17	4
25	18	6
25	19	6
25	20	4
25	21	4
25	22	12
25	23	9
25	24	12
26	3	1
26	4	5
26	5	3
26	8	3
26	9	6
26	10	5
26	11	2
26	12	4
26	13	3
26	14	2
26	15	1
26	17	4
26	18	4
26	19	3
26	20	3
26	21	4
26	22	5
26	23	1
26	24	5
26	25	6
27	1	1
27	2	3
27	3	1
27	4	6
27	5	6
27	6	9
27	7	5
27	8	11
27	9	9
27	10	16
27	11	9
27	12	11
27	13	5
27	14	3
27	15	2
27	16	6
27	17	2
27	18	2
27	19	6
27	20	1
27	21	5
27	22	4
27	23	11
27	24	7
27	25	10
27	26	6
28	2	1
28	3	4
28	4	12
28	5	2
28	6	6
28	7	5
28	8	8
28	9	8
28	10	8
28	11	6
28	12	5
28	13	8
28	15	6
28	16	6
28	17	3
28	18	5
28	19	8
28	20	4
28	21	6
28	22	3
28	23	8
28	24	4
28	25	11
28	26	5
28	27	19
29	3	1
29	4	4
29	5	6
29	6	2
29	7	3
29	8	7
29	9	1
29	10	3
29	11	5
29	12	3
29	13	2
29	14	1
29	17	3
29	19	2
29	21	1
29	22	1
29	23	2
29	24	4
29	25	1
29	26	3
29	27	8
29	28	23
30	1	2
30	2	3
30	3	3
30	4	5
30	5	1
30	6	6
30	7	4
30	8	6
30	9	2
30	10	8
30	11	7
30	12	9
30	13	7
30	15	6
30	16	2
30	17	4
30	18	2
30	19	1
30	21	1
30	23	4
30	24	4
30	25	3
30	27	4
30	28	6
30	29	6
31	1	2
31	2	1
31	3	3
31	4	5
31	5	1
31	6	2
31	7	3
31	8	9
31	9	2
31	10	5
31	11	1
31	12	5
31	13	2
31	15	3
31	18	1
31	19	6
31	20	2
31	21	2
31	22	1
31	23	3
31	24	5
31	25	2
31	27	5
31	28	4
31	29	3
31	30	12
32	2	2
32	4	7
32	5	3
32	6	4
32	8	3
32	9	2
32	10	1
32	11	8
32	12	3
32	14	2
32	15	1
32	17	1
32	19	2
32	21	1
32	22	2
32	23	1
32	24	1
32	25	1
32	26	1
32	27	2
32	28	8
32	29	2
32	30	7
32	31	7
33	1	4
33	2	2
33	3	3
33	4	1
33	5	2
33	6	3
33	7	3
33	8	4
33	9	1
33	10	8
33	11	2
33	12	4
33	13	3
33	15	4
33	16	2
33	17	4
33	22	3
33	23	1
33	24	1
33	25	4
33	26	1
33	27	3
33	28	1
33	29	3
33	30	15
33	31	9
33	32	14
34	1	1
34	2	1
34	4	3
34	5	4
34	6	3
34	7	3
34	8	4
34	9	1
34	10	5
34	11	2
34	12	2
34	13	6
34	15	2
34	16	6
34	21	1
34	22	1
34	24	1
34	25	1
34	26	2
34	27	4
34	28	5
34	29	5
34	30	6
34	31	10
34	32	8
34	33	19
35	1	1
35	3	1
35	4	6
35	5	5
35	6	6
35	7	2
35	8	4
35	9	9
35	10	9
35	11	4
35	12	5
35	13	8
35	14	3
35	15	1
35	16	4
35	17	5
35	18	8
35	19	3
35	20	5
35	21	4
35	22	3
35	23	5
35	24	7
35	25	15
35	26	6
35	27	13
35	28	10
35	29	7
35	30	5
35	31	3
35	32	1
35	33	2
35	34	5
36	3	2
36	4	4
36	5	2
36	6	6
36	7	7
36	8	10
36	9	10
36	10	10
36	11	8
36	12	11
36	13	5
36	14	2
36	15	4
36	16	4
36	17	2
36	18	3
36	19	3
36	20	5
36	21	3
36	22	5
36	23	4
36	24	6
36	25	6
36	26	1
36	27	6
36	28	5
36	29	3
36	30	1
36	31	1
36	32	1
36	33	3
36	35	15
37	2	3
37	3	5
37	4	5
37	5	1
37	6	2
37	7	1
37	8	2
37	9	7
37	10	7
37	11	4
37	12	8
37	13	5
37	14	2
37	15	1
37	16	3
37	17	5
37	18	3
37	19	2
37	20	1
37	21	3
37	22	5
37	23	8
37	24	9
37	25	20
37	26	6
37	27	9
37	28	5
37	30	5
37	31	3
37	33	2
37	34	3
37	35	30
37	36	8
38	1	5
38	2	2
38	3	1
38	4	4
38	5	7
38	6	5
38	7	1
38	8	6
38	9	12
38	10	3
38	11	8
38	12	6
38	13	3
38	14	3
38	15	6
38	16	6
38	17	7
38	18	3
38	19	3
38	20	5
38	21	4
38	22	2
38	23	9
38	24	6
38	25	7
38	26	5
38	27	12
38	28	10
38	29	5
38	30	2
38	31	4
38	32	2
38	33	6
38	34	2
38	35	22
38	36	8
38	37	23
39	3	3
39	4	4
39	5	2
39	6	2
39	7	4
39	8	4
39	9	4
39	10	8
39	11	8
39	12	11
39	13	3
39	14	3
39	15	5
39	17	3
39	18	2
39	19	4
39	20	4
39	21	1
39	22	4
39	23	2
39	24	7
39	25	6
39	26	3
39	27	7
39	28	7
39	29	4
39	30	4
39	31	3
39	32	3
39	34	2
39	35	9
39	36	11
39	37	11
39	38	19
40	1	4
40	3	4
40	4	3
40	5	5
40	6	5
40	7	3
40	8	5
40	9	3
40	10	6
40	11	7
40	12	3
40	13	10
40	15	2
40	16	2
40	17	3
40	18	3
40	19	4
40	20	4
40	21	4
40	22	5
40	23	5
40	24	1
40	25	12
40	26	3
40	27	10
40	28	10
40	29	13
40	30	11
40	31	6
40	32	2
40	33	8
40	34	2
40	35	5
40	36	2
40	37	8
40	38	13
40	39	13
41	2	3
41	4	5
41	5	7
41	6	7
41	7	8
41	8	9
41	9	5
41	10	6
41	11	5
41	12	4
41	13	4
41	14	2
41	15	4
41	16	5
41	17	1
41	18	4
41	19	2
41	20	2
41	21	2
41	22	2
41	23	4
41	24	5
41	25	2
41	26	3
41	27	5
41	28	8
41	29	7
41	30	12
41	31	11
41	32	3
41	33	5
41	34	6
41	35	6
41	36	4
41	37	3
41	38	15
41	39	8
41	40	10
42	0	2
42	1	3
42	5	3
42	6	6
42	7	2
42	8	8
42	9	5
42	10	5
42	11	4
42	12	5
42	13	5
42	14	1
42	15	3
42	16	4
42	18	1
42	20	1
42	21	3
42	22	1
42	24	6
42	25	4
42	27	3
42	28	3
42	29	1
42	30	12
42	31	6
42	32	8
42	33	7
42	34	8
42	37	2
42	38	2
42	39	3
42	40	7
42	41	8
43	1	2
43	2	4
43	4	3
43	5	1
43	6	4
43	7	3
43	8	7
43	9	3
43	10	4
43	11	1
43	12	5
43	13	5
43	14	4
43	15	3
43	16	2
43	17	1
43	18	1
43	19	1
43	20	3
43	24	4
43	25	2
43	27	4
43	28	2
43	29	2
43	30	8
43	31	8
43	32	12
43	33	12
43	34	12
43	35	4
43	37	2
43	38	1
43	39	5
43	41	3
43	42	12
44	0	4
44	1	2
44	2	1
44	4	4
44	5	4
44	6	1
44	7	3
44	8	3
44	9	2
44	10	3
44	11	3
44	12	2
44	13	4
44	14	2
44	15	4
44	16	2
44	17	1
44	20	2
44	22	2
44	23	6
44	24	1
44	27	3
44	28	5
44	29	1
44	30	4
44	31	1
44	32	5
44	33	3
44	34	5
44	35	3
44	36	1
44	38	4
44	40	6
44	41	3
44	42	4
44	43	25
45	2	4
45	3	1
45	4	2
45	7	2
45	8	3
45	9	3
45	10	4
45	12	3
45	13	3
45	14	1
45	16	1
45	17	1
45	18	1
45	22	3
45	27	2
45	28	2
45	30	3
45	31	5
45	32	8
45	33	10
45	34	2
45	35	3
45	38	5
45	39	1
45	40	4
45	41	4
45	42	6
45	43	13
45	44	21
46	0	1
46	1	2
46	2	3
46	4	4
46	5	5
46	6	5
46	8	2
46	9	3
46	10	2
46	12	2
46	15	2
46	18	7
46	19	2
46	20	2
46	22	2
46	23	2
46	25	2
46	27	2
46	28	1
46	30	5
46	31	7
46	32	9
46	33	8
46	34	8
46	35	2
46	38	4
46	39	1
46	40	1
46	41	1
46	42	5
46	43	9
46	44	14
46	45	15
47	0	1
47	2	1
47	3	5
47	4	2
47	5	4
47	6	10
47	7	6
47	8	1
47	9	9
47	10	3
47	11	4
47	12	3
47	13	6
47	14	3
47	15	2
47	16	3
47	17	2
47	18	3
47	19	3
47	20	1
47	21	2
47	22	2
47	23	3
47	25	4
47	27	3
47	28	7
47	29	3
47	30	11
47	31	4
47	32	3
47	33	3
47	34	6
47	35	6
47	36	3
47	37	7
47	38	2
47	39	4
47	40	2
47	41	3
47	42	12
47	43	6
47	44	4
47	45	4
47	46	5
48	0	1
48	1	3
48	2	1
48	3	4
48	4	1
48	5	3
48	6	7
48	7	15
48	8	5
48	9	7
48	10	9
48	11	8
48	12	9
48	13	4
48	14	3
48	15	7
48	16	10
48	17	5
48	18	4
48	19	1
48	20	2
48	21	4
48	22	2
48	23	1
48	24	3
48	25	4
48	27	4
48	28	3
48	29	2
48	30	2
48	31	3
48	32	3
48	33	3
48	34	4
48	35	3
48	36	3
48	37	6
48	38	5
48	39	1
48	40	3
48	41	4
48	42	5
48	43	7
48	44	1
48	45	2
48	46	2
48	47	11
49	3	7
49	4	6
49	5	5
49	6	13
49	7	12
49	8	30
49	9	10
49	10	13
49	11	13
49	12	11
49	13	14
49	14	7
49	15	6
49	16	13
49	17	6
49	18	6
49	19	3
49	20	3
49	21	4
49	22	9
49	23	6
49	24	9
49	25	4
49	26	4
49	27	9
49	28	10
49	29	8
49	30	5
49	31	1
49	32	4
49	33	1
49	34	5
49	35	6
49	36	6
49	37	8
49	38	11
49	39	8
49	40	9
49	41	6
49	42	6
49	43	7
49	44	5
49	45	1
49	46	4
49	47	12
49	48	18
50	2	1
50	3	3
50	4	3
50	5	6
50	6	6
50	7	14
50	8	12
50	9	7
50	10	10
50	11	3
50	12	2
50	13	6
50	14	5
50	15	6
50	16	8
50	17	2
50	18	1
50	19	5
50	20	7
50	21	3
50	22	5
50	23	3
50	24	5
50	25	1
50	27	4
50	28	1
50	29	3
50	30	3
50	31	3
50	33	5
50	34	4
50	35	10
50	36	5
50	37	3
50	38	7
50	39	3
50	40	5
50	41	5
50	42	2
50	43	3
50	44	7
50	45	3
50	46	5
50	47	6
50	48	10
50	49	16
51	1	1
51	3	3
51	4	6
51	5	3
51	6	10
51	7	5
51	8	9
51	9	5
51	10	7
51	11	3
51	12	15
51	13	7
51	14	8
51	15	6
51	16	10
51	17	1
51	18	3
51	19	7
51	20	3
51	21	2
51	22	5
51	23	2
51	24	9
51	25	6
51	27	5
51	28	3
51	29	2
51	30	2
51	31	6
51	32	1
51	33	2
51	34	3
51	35	3
51	36	4
51	37	5
51	38	3
51	39	1
51	40	4
51	41	2
51	42	4
51	43	7
51	44	6
51	45	1
51	46	3
51	47	7
51	48	9
51	49	13
51	50	13
52	2	1
52	3	7
52	4	4
52	5	2
52	6	7
52	7	3
52	8	10
52	9	2
52	10	8
52	11	4
52	12	7
52	13	10
52	14	3
52	15	5
52	16	13
52	17	2
52	18	5
52	19	6
52	20	10
52	21	3
52	22	2
52	23	3
52	24	2
52	25	3
52	26	3
52	27	6
52	28	2
52	29	2
52	30	8
52	31	3
52	32	1
52	33	1
52	34	2
52	35	3
52	36	6
52	38	1
52	39	2
52	40	2
52	41	4
52	42	3
52	43	4
52	44	1
52	45	2
52	46	3
52	47	16
52	48	6
52	49	8
52	50	8
52	51	26
53	1	2
53	2	2
53	3	5
53	4	5
53	5	6
53	6	6
53	7	3
53	8	16
53	9	8
53	10	3
53	11	8
53	12	9
53	13	7
53	14	2
53	15	4
53	16	5
53	17	4
53	18	5
53	19	3
53	20	5
53	21	2
53	22	2
53	23	5
53	24	9
53	25	7
53	26	3
53	27	6
53	28	8
53	29	2
53	30	3
53	31	1
53	32	2
53	33	1
53	34	5
53	35	4
53	36	3
53	37	4
53	38	6
53	39	2
53	40	5
53	41	8
53	42	12
53	43	6
53	44	2
53	45	3
53	46	2
53	47	5
53	48	8
53	49	22
53	50	8
53	51	12
53	52	8
54	0	3
54	3	5
54	4	4
54	5	1
54	6	6
54	7	8
54	8	11
54	9	9
54	10	4
54	11	7
54	12	5
54	13	5
54	14	3
54	15	6
54	16	4
54	17	3
54	18	2
54	19	1
54	21	2
54	22	1
54	23	2
54	24	5
54	25	2
54	26	3
54	27	5
54	28	10
54	29	6
54	30	2
54	31	8
54	32	2
54	33	4
54	34	7
54	35	3
54	36	6
54	37	4
54	38	6
54	39	4
54	40	6
54	41	9
54	42	7
54	43	7
54	44	2
54	45	4
54	46	5
54	47	9
54	48	6
54	49	15
54	50	6
54	51	6
54	52	6
54	53	11
55	1	1
55	2	1
55	3	1
55	4	8
55	5	12
55	6	9
55	7	4
55	8	12
55	9	6
55	10	5
55	11	4
55	12	7
55	13	6
55	14	4
55	15	2
55	16	3
55	17	2
55	18	4
55	19	3
55	20	5
55	21	5
55	22	3
55	23	6
55	24	4
55	25	4
55	26	3
55	27	5
55	28	13
55	29	6
55	30	5
55	31	3
55	32	6
55	33	6
55	34	2
55	35	5
55	36	4
55	37	3
55	38	5
55	39	5
55	40	3
55	41	9
55	42	8
55	43	6
55	44	5
55	45	4
55	46	4
55	47	6
55	48	6
55	49	6
55	50	6
55	51	9
55	52	3
55	53	15
55	54	19
56	0	1
56	1	2
56	2	2
56	3	6
56	4	5
56	5	10
56	6	19
56	7	2
56	8	8
56	10	3
56	11	3
56	12	4
56	13	5
56	14	4
56	15	3
56	16	4
56	18	4
56	19	1
56	20	2
56	21	4
56	22	2
56	23	2
56	24	7
56	25	7
56	26	7
56	27	3
56	28	2
56	29	5
56	30	2
56	31	5
56	32	3
56	33	4
56	34	6
56	35	3
56	36	2
56	38	2
56	40	2
56	41	5
56	42	6
56	43	5
56	44	2
56	45	3
56	46	4
56	47	10
56	48	6
56	49	6
56	50	15
56	51	7
56	52	11
56	53	12
56	54	8
56	55	22
57	2	2
57	3	2
57	4	8
57	5	6
57	6	10
57	7	6
57	8	11
57	9	7
57	10	8
57	11	2
57	12	11
57	13	6
57	14	2
57	15	4
57	16	8
57	17	3
57	18	1
57	19	8
57	20	3
57	21	3
57	22	4
57	23	6
57	24	6
57	25	3
57	26	1
57	27	3
57	28	5
57	29	3
57	30	6
57	31	1
57	32	2
57	33	3
57	34	6
57	35	5
57	36	4
57	37	3
57	38	6
57	39	5
57	40	6
57	41	8
57	42	4
57	43	1
57	44	3
57	45	3
57	46	2
57	47	5
57	48	4
57	49	6
57	50	8
57	51	3
57	52	8
57	53	10
57	54	5
57	55	12
57	56	15
58	0	1
58	1	2
58	3	4
58	4	9
58	5	5
58	6	5
58	7	4
58	8	6
58	9	3
58	10	4
58	11	6
58	12	3
58	13	2
58	14	4
58	15	2
58	16	5
58	17	2
58	18	3
58	19	9
58	20	2
58	21	2
58	22	4
58	23	2
58	24	8
58	25	2
58	26	1
58	27	6
58	28	6
58	29	4
58	30	5
58	31	5
58	32	2
58	33	3
58	34	9
58	35	7
58	36	5
58	37	4
58	38	7
58	39	4
58	40	4
58	41	3
58	43	8
58	44	4
58	45	1
58	46	5
58	47	3
58	48	4
58	49	5
58	50	4
58	51	4
58	52	4
58	53	6
58	54	7
58	55	7
58	56	13
58	57	22
59	0	1
59	2	3
59	3	4
59	4	3
59	5	2
59	6	1
59	7	2
59	8	3
59	9	2
59	10	3
59	12	1
59	13	3
59	15	2
59	16	2
59	17	1
59	18	2
59	19	2
59	22	2
59	23	2
59	24	5
59	26	2
59	27	2
59	28	1
59	29	2
59	30	4
59	31	4
59	33	4
59	34	3
59	35	3
59	36	2
59	38	1
59	40	2
59	41	2
59	43	5
59	44	6
59	45	2
59	46	4
59	47	1
59	49	4
59	50	1
59	51	5
59	52	3
59	53	6
59	54	5
59	55	7
59	56	4
59	57	5
59	58	6
60	0	5
60	1	6
60	2	6
60	4	2
60	5	1
60	7	1
60	8	4
60	9	1
60	10	8
60	11	5
60	12	5
60	13	2
60	15	2
60	16	5
60	17	2
60	20	1
60	25	1
60	27	3
60	28	1
60	30	2
60	31	1
60	32	6
60	33	7
60	34	3
60	35	1
60	36	3
60	38	6
60	39	1
60	40	1
60	41	7
60	42	5
60	43	9
60	44	6
60	45	7
60	46	10
60	47	1
60	48	5
60	51	2
60	52	1
60	53	1
60	54	1
60	55	5
60	56	3
60	57	3
60	58	1
60	59	2
