1	0	20
2	0	8
2	1	23
3	0	1
3	2	1
4	1	2
4	3	12
5	2	1
5	3	11
5	4	25
6	1	2
6	4	5
6	5	8
7	0	3
7	1	1
7	4	2
7	5	4
7	6	14
8	1	2
8	2	2
8	3	8
8	4	6
8	5	6
8	6	16
8	7	20
9	2	1
9	3	1
9	4	7
9	5	5
9	6	6
9	7	9
9	8	16
10	0	2
10	2	4
10	3	6
10	4	8
10	5	6
10	6	6
10	7	8
10	8	8
10	9	25
11	2	1
11	3	6
11	4	4
11	5	4
11	6	6
11	7	4
11	8	6
11	9	14
11	10	17
12	1	2
12	3	3
12	4	5
12	5	7
12	6	5
12	7	7
12	8	10
12	9	12
12	10	19
12	11	28
13	1	2
13	2	3
13	3	1
13	4	4
13	5	4
13	6	8
13	7	7
13	8	7
13	9	5
13	10	20
13	11	9
13	12	15
14	0	1
14	1	2
14	3	3
14	4	5
14	5	3
14	6	3
14	7	5
14	8	8
14	9	5
14	10	6
14	11	5
14	12	9
14	13	7
15	1	1
15	3	3
15	4	1
15	5	2
15	6	6
15	7	6
15	8	8
15	9	4
15	10	8
15	11	8
15	12	8
15	13	15
15	14	25
16	1	2
16	3	4
16	4	1
16	5	2
16	6	7
16	7	10
16	8	11
16	9	5
16	10	4
16	11	6
16	12	6
16	13	10
16	14	8
16	15	9
17	1	1
17	2	1
17	3	8
17	4	9
17	5	5
17	6	4
17	7	3
17	8	4
17	9	10
17	10	2
17	11	3
17	12	3
17	13	5
17	14	5
17	15	5
17	16	5
18	0	1
18	2	1
18	3	11
18	4	9
18	5	7
18	6	2
18	7	4
18	8	7
18	9	2
18	10	8
18	11	2
18	12	1
18	13	4
18	14	1
18	15	3
18	16	4
18	17	8
19	2	1
19	3	8
19	4	7
19	5	7
19	6	9
19	7	8
19	8	4
19	9	5
19	10	9
19	11	6
19	12	4
19	13	6
19	14	6
19	15	7
19	16	4
19	17	12
19	18	28
20	0	1
20	3	5
20	4	4
20	5	4
20	6	5
20	7	7
20	8	7
20	9	3
20	10	3
20	11	7
20	12	4
20	13	4
20	14	6
20	15	8
20	16	5
20	17	11
20	18	11
20	19	9
21	2	2
21	3	1
21	4	4
21	5	3
21	6	9
21	7	4
21	8	6
21	9	4
21	10	5
21	11	3
21	12	4
21	13	10
21	14	3
21	15	15
21	16	6
21	17	10
21	18	5
21	19	10
21	20	20
22	2	2
22	3	4
22	4	8
22	5	5
22	6	5
22	7	8
22	8	4
22	9	6
22	10	5
22	11	5
22	12	3
22	13	6
22	14	2
22	15	5
22	16	2
22	17	2
22	18	7
22	19	4
22	20	3
22	21	2
23	1	1
23	3	4
23	4	6
23	5	1
23	6	2
23	7	4
23	8	3
23	9	6
23	10	6
23	11	7
23	12	3
23	13	2
23	14	2
23	15	7
23	16	3
23	17	14
23	18	6
23	19	10
23	20	3
23	21	9
23	22	10
24	3	2
24	4	6
24	5	8
24	6	5
24	7	7
24	8	11
24	9	5
24	10	7
24	11	6
24	12	2
24	13	8
24	14	4
24	15	4
24	16	2
24	17	4
24	18	4
24	19	9
24	20	3
24	21	4
24	22	11
24	23	11
25	1	1
25	3	8
25	4	9
25	5	3
25	6	6
25	7	2
25	8	14
25	9	8
25	10	7
25	11	7
25	12	5
25	13	7
25	14	4
25	15	6
25	16	4
25	17	9
25	18	5
25	19	4
25	20	5
25	21	5
25	22	8
25	23	15
25	24	9
26	1	2
26	3	6
26	4	7
26	5	4
26	8	1
26	9	3
26	10	2
26	11	1
26	12	6
26	13	2
26	14	3
26	15	2
26	19	2
26	20	4
26	22	5
26	23	5
26	24	2
26	25	6
27	1	2
27	2	1
27	3	8
27	4	4
27	5	5
27	6	13
27	7	5
27	8	9
27	9	11
27	10	13
27	11	3
27	12	10
27	13	6
27	14	7
27	15	4
27	16	3
27	17	7
27	18	3
27	19	5
27	20	4
27	21	5
27	22	3
27	23	2
27	24	7
27	25	5
27	26	5
28	2	1
28	3	6
28	4	6
28	5	4
28	6	2
28	7	5
28	8	7
28	9	9
28	10	5
28	11	5
28	12	5
28	13	7
28	14	11
28	15	5
28	16	4
28	17	9
28	18	11
28	19	4
28	20	1
28	21	2
28	22	4
28	23	4
28	24	6
28	25	9
28	26	5
28	27	19
29	0	1
29	3	4
29	4	5
29	5	5
29	6	2
29	7	3
29	8	4
29	9	2
29	10	7
29	11	4
29	12	5
29	13	1
29	14	3
29	17	1
29	19	1
29	21	3
29	22	3
29	24	2
29	25	2
29	26	2
29	27	5
29	28	19
30	1	3
30	2	2
30	3	2
30	4	2
30	5	1
30	6	2
30	7	5
30	8	10
30	9	3
30	10	3
30	11	3
30	12	7
30	13	4
30	14	4
30	15	4
30	16	3
30	18	4
30	19	1
30	21	3
30	23	4
30	24	4
30	25	1
30	27	5
30	28	12
30	29	5
31	1	2
31	2	1
31	4	2
31	5	1
31	6	2
31	7	4
31	8	6
31	9	4
31	10	6
31	11	1
31	12	1
31	13	6
31	15	4
31	16	2
31	20	1
31	21	2
31	22	2
31	23	1
31	24	7
31	25	2
31	27	2
31	28	7
31	30	7
32	2	2
32	5	3
32	8	2
32	9	2
32	10	2
32	11	3
32	12	3
32	15	2
32	16	4
32	18	4
32	19	1
32	21	1
32	22	2
32	23	2
32	25	3
32	26	1
32	27	4
32	28	5
32	29	1
32	30	12
32	31	6
33	1	2
33	2	3
33	4	2
33	5	2
33	6	1
33	7	3
33	8	3
33	9	2
33	10	3
33	11	2
33	12	4
33	13	3
33	15	2
33	16	2
33	17	4
33	22	3
33	23	2
33	24	1
33	25	4
33	26	1
33	27	1
33	28	5
33	29	1
33	30	8
33	31	10
33	32	6
34	0	2
34	1	2
34	2	4
34	4	3
34	5	3
34	6	1
34	7	2
34	8	1
34	9	1
34	10	2
34	11	4
34	12	3
34	13	3
34	15	2
34	16	4
34	20	1
34	21	2
34	23	3
34	24	2
34	25	2
34	27	6
34	28	11
34	29	6
34	30	13
34	31	15
34	32	5
34	33	15
35	1	1
35	2	2
35	3	6
35	4	4
35	5	6
35	6	5
35	7	3
35	8	7
35	9	6
35	10	8
35	11	7
35	12	6
35	13	4
35	14	3
35	15	4
35	16	6
35	17	6
35	18	4
35	19	5
35	20	3
35	21	3
35	22	4
35	23	5
35	24	8
35	25	15
35	26	3
35	27	9
35	28	8
35	29	3
35	30	5
35	31	1
35	32	2
35	33	1
35	34	3
36	3	2
36	4	4
36	5	2
36	6	4
36	7	2
36	8	6
36	9	6
36	10	15
36	11	12
36	12	7
36	13	3
36	14	3
36	15	5
36	16	3
36	17	2
36	18	2
36	19	5
36	20	2
36	21	5
36	22	4
36	23	10
36	24	7
36	25	8
36	26	7
36	27	12
36	28	5
36	29	2
36	30	7
36	31	3
36	35	19
37	2	3
37	3	3
37	4	9
37	5	3
37	6	2
37	7	4
37	8	7
37	9	7
37	10	8
37	11	5
37	12	9
37	13	5
37	15	5
37	16	4
37	17	4
37	18	4
37	19	1
37	20	3
37	21	7
37	22	3
37	23	6
37	24	4
37	25	13
37	26	2
37	27	6
37	28	6
37	29	3
37	30	6
37	31	4
37	33	5
37	34	4
37	35	36
37	36	8
38	1	3
38	2	1
38	3	4
38	4	4
38	5	3
38	6	3
38	7	5
38	8	6
38	9	8
38	10	10
38	11	13
38	12	3
38	13	6
38	14	5
38	15	2
38	16	2
38	17	5
38	18	4
38	19	2
38	20	5
38	21	9
38	22	3
38	23	4
38	24	7
38	25	15
38	26	5
38	27	8
38	28	9
38	29	3
38	30	7
38	31	1
38	32	3
38	33	4
38	35	8
38	36	10
38	37	34
39	3	3
39	4	1
39	5	3
39	6	5
39	7	2
39	8	5
39	9	4
39	10	10
39	11	13
39	12	4
39	13	2
39	14	4
39	15	2
39	17	3
39	18	2
39	19	2
39	20	3
39	21	4
39	22	3
39	23	5
39	24	3
39	25	9
39	26	5
39	27	11
39	28	7
39	29	4
39	30	4
39	31	5
39	34	4
39	35	15
39	36	13
39	37	6
39	38	20
40	0	2
40	1	3
40	3	4
40	4	3
40	5	2
40	6	3
40	7	4
40	8	6
40	9	2
40	10	6
40	11	10
40	12	5
40	13	8
40	14	2
40	15	8
40	16	5
40	17	4
40	18	3
40	19	3
40	20	1
40	21	5
40	22	4
40	23	5
40	24	9
40	25	6
40	26	2
40	27	10
40	28	8
40	29	13
40	30	4
40	31	5
40	33	6
40	34	6
40	35	5
40	36	5
40	37	6
40	38	18
40	39	7
41	1	3
41	3	2
41	4	4
41	5	4
41	6	4
41	7	5
41	8	2
41	9	9
41	10	4
41	11	7
41	12	13
41	13	4
41	15	4
41	16	4
41	17	1
41	18	3
41	19	2
41	20	3
41	21	2
41	22	1
41	23	3
41	24	2
41	25	9
41	26	3
41	27	7
41	28	8
41	29	5
41	30	13
41	31	4
41	32	3
41	33	1
41	34	8
41	35	4
41	36	2
41	37	8
41	38	8
41	39	4
41	40	8
42	0	4
42	1	1
42	3	3
42	4	3
42	5	2
42	6	1
42	7	4
42	8	1
42	9	4
42	10	4
42	11	6
42	12	1
42	13	5
42	14	1
42	15	3
42	16	5
42	18	3
42	20	4
42	21	1
42	22	2
42	24	1
42	25	2
42	27	3
42	28	5
42	29	5
42	30	19
42	31	15
42	32	7
42	33	9
42	34	12
42	35	6
42	36	3
42	37	1
42	38	5
42	39	2
42	40	5
42	41	8
43	1	1
43	2	6
43	5	4
43	6	2
43	7	1
43	8	2
43	9	2
43	10	5
43	11	1
43	12	4
43	13	2
43	14	2
43	15	3
43	17	1
43	18	3
43	20	3
43	24	4
43	25	2
43	27	3
43	28	6
43	29	3
43	30	12
43	31	6
43	32	6
43	33	10
43	34	7
43	35	1
43	37	4
43	38	8
43	39	2
43	41	2
43	42	6
44	0	1
44	1	2
44	2	4
44	4	2
44	5	5
44	6	3
44	7	1
44	8	5
44	9	5
44	10	1
44	11	5
44	12	3
44	13	3
44	14	1
44	15	3
44	16	5
44	17	5
44	19	3
44	20	1
44	22	1
44	24	1
44	27	2
44	28	1
44	29	1
44	30	3
44	31	2
44	32	5
44	33	8
44	34	10
44	35	4
44	38	2
44	40	3
44	41	5
44	42	4
44	43	14
45	2	2
45	3	1
45	7	3
45	8	4
45	9	3
45	10	2
45	13	4
45	14	1
45	15	3
45	16	1
45	17	2
45	18	2
45	27	4
45	28	4
45	30	4
45	31	4
45	32	8
45	33	5
45	34	3
45	35	3
45	38	3
45	39	2
45	40	3
45	41	3
45	42	5
45	43	8
45	44	14
46	0	1
46	1	1
46	4	3
46	5	1
46	8	5
46	9	4
46	10	3
46	11	4
46	12	4
46	15	3
46	18	1
46	20	2
46	22	1
46	24	2
46	27	4
46	28	5
46	29	1
46	30	3
46	31	4
46	32	14
46	33	6
46	34	4
46	35	3
46	36	3
46	38	5
46	39	2
46	40	1
46	41	7
46	42	6
46	43	3
46	44	6
46	45	14
47	0	4
47	2	1
47	4	7
47	5	5
47	6	6
47	7	3
47	8	7
47	9	9
47	10	1
47	11	4
47	12	7
47	13	6
47	14	3
47	15	3
47	16	4
47	17	3
47	18	2
47	19	3
47	20	3
47	21	4
47	22	3
47	23	1
47	24	1
47	25	2
47	27	1
47	28	5
47	29	4
47	30	10
47	31	3
47	32	3
47	33	8
47	34	6
47	35	5
47	36	1
47	38	1
47	39	2
47	41	5
47	42	8
47	43	4
47	44	5
47	45	1
47	46	5
48	1	3
48	2	2
48	3	2
48	4	6
48	5	1
48	6	5
48	7	7
48	8	6
48	9	7
48	10	3
48	11	7
48	12	12
48	13	5
48	14	2
48	15	8
48	16	3
48	17	2
48	18	2
48	19	3
48	20	6
48	21	2
48	22	5
48	23	6
48	24	2
48	25	1
48	26	5
48	27	5
48	28	6
48	29	2
48	30	7
48	31	6
48	32	2
48	33	3
48	34	2
48	35	2
48	36	3
48	37	2
48	38	5
48	39	6
48	40	3
48	41	5
48	42	9
48	43	2
48	44	4
48	45	3
48	46	5
48	47	10
49	2	1
49	3	1
49	4	5
49	5	9
49	6	10
49	7	9
49	8	22
49	9	18
49	10	6
49	11	14
49	12	16
49	13	9
49	14	2
49	15	6
49	16	4
49	17	7
49	18	3
49	19	7
49	20	3
49	21	3
49	22	3
49	23	1
49	24	11
49	25	2
49	26	5
49	27	11
49	28	7
49	29	3
49	30	4
49	31	4
49	32	2
49	33	2
49	34	7
49	35	7
49	36	5
49	37	7
49	38	7
49	39	2
49	40	5
49	41	6
49	42	9
49	43	8
49	44	8
49	45	4
49	46	9
49	47	7
49	48	13
50	2	1
50	3	5
50	4	2
50	5	7
50	6	6
50	7	14
50	8	10
50	9	5
50	10	6
50	11	5
50	12	6
50	13	9
50	14	2
50	15	6
50	16	9
50	17	3
50	18	6
50	19	2
50	20	1
50	21	5
50	22	5
50	23	2
50	24	4
50	25	4
50	27	7
50	28	3
50	29	2
50	30	2
50	31	4
50	33	3
50	34	3
50	35	4
50	36	3
50	37	4
50	38	6
50	39	5
50	40	2
50	41	1
50	42	4
50	43	8
50	44	3
50	45	4
50	46	4
50	47	13
50	48	13
50	49	12
51	3	6
51	4	1
51	5	3
51	6	12
51	7	4
51	8	9
51	9	6
51	10	5
51	11	11
51	12	8
51	13	5
51	14	4
51	15	14
51	16	5
51	18	6
51	20	4
51	21	4
51	22	2
51	23	6
51	24	3
51	25	2
51	27	6
51	28	5
51	29	5
51	30	6
51	31	5
51	32	1
51	33	4
51	34	4
51	35	4
51	36	4
51	37	2
51	38	4
51	39	4
51	40	2
51	41	3
51	42	5
51	43	4
51	44	2
51	45	1
51	47	8
51	48	8
51	49	13
51	50	18
52	2	3
52	3	5
52	4	5
52	5	5
52	6	7
52	7	7
52	8	9
52	9	6
52	10	4
52	11	3
52	12	6
52	13	6
52	14	9
52	15	12
52	16	7
52	17	5
52	18	4
52	19	4
52	20	3
52	21	3
52	24	4
52	25	5
52	26	2
52	27	2
52	28	7
52	30	3
52	31	3
52	32	4
52	33	3
52	34	4
52	35	2
52	36	2
52	37	1
52	38	3
52	39	3
52	40	6
52	41	3
52	42	3
52	43	9
52	44	3
52	46	2
52	47	5
52	48	7
52	49	8
52	50	7
52	51	26
53	3	3
53	4	5
53	5	17
53	6	11
53	7	5
53	8	14
53	9	6
53	10	9
53	11	9
53	12	9
53	13	4
53	14	6
53	15	5
53	16	1
53	17	4
53	18	2
53	19	7
53	20	4
53	21	2
53	22	2
53	23	3
53	24	4
53	25	6
53	26	1
53	27	8
53	28	9
53	29	3
53	30	7
53	31	6
53	32	4
53	33	3
53	34	4
53	35	7
53	36	4
53	37	2
53	38	5
53	39	4
53	40	4
53	41	4
53	42	8
53	43	5
53	44	7
53	45	5
53	46	7
53	47	7
53	48	6
53	49	19
53	50	10
53	51	6
53	52	14
54	3	1
54	4	5
54	5	5
54	6	6
54	7	2
54	8	10
54	9	4
54	10	7
54	11	3
54	12	7
54	13	7
54	14	5
54	15	2
54	16	2
54	17	3
54	18	4
54	19	5
54	20	5
54	21	1
54	22	3
54	23	1
54	24	8
54	25	3
54	26	4
54	27	9
54	28	5
54	29	5
54	30	3
54	31	3
54	32	4
54	33	3
54	34	5
54	35	3
54	36	4
54	38	5
54	39	3
54	40	11
54	41	8
54	42	5
54	43	11
54	44	3
54	46	4
54	47	4
54	48	10
54	49	11
54	50	8
54	51	8
54	52	9
54	53	17
55	1	2
55	2	1
55	3	5
55	4	7
55	5	7
55	6	8
55	7	4
55	8	12
55	9	8
55	10	5
55	11	5
55	12	11
55	13	4
55	14	3
55	15	6
55	16	3
55	17	2
55	18	3
55	19	7
55	20	3
55	21	5
55	22	3
55	23	2
55	24	7
55	25	3
55	26	1
55	27	3
55	28	9
55	29	5
55	30	8
55	31	7
55	32	3
55	33	2
55	34	5
55	35	2
55	36	5
55	37	7
55	38	3
55	39	2
55	40	3
55	41	3
55	42	7
55	43	8
55	44	5
55	45	3
55	46	3
55	47	7
55	48	3
55	49	10
55	50	7
55	51	4
55	52	6
55	53	12
55	54	21
56	0	1
56	1	3
56	3	3
56	4	5
56	5	2
56	6	8
56	7	1
56	8	8
56	9	5
56	10	11
56	11	8
56	12	8
56	13	4
56	14	1
56	15	1
56	16	4
56	17	3
56	18	1
56	19	1
56	21	2
56	22	2
56	23	3
56	24	6
56	25	3
56	26	2
56	27	3
56	28	4
56	29	2
56	30	2
56	31	4
56	32	7
56	33	2
56	34	7
56	35	3
56	37	2
56	38	2
56	39	4
56	40	3
56	41	1
56	42	4
56	43	6
56	44	3
56	46	1
56	47	4
56	48	8
56	49	3
56	50	12
56	51	3
56	52	13
56	53	2
56	54	13
56	55	19
57	2	1
57	3	3
57	4	4
57	5	11
57	6	8
57	7	7
57	8	16
57	9	4
57	10	3
57	11	2
57	12	4
57	13	5
57	14	5
57	15	6
57	16	9
57	17	5
57	18	4
57	19	6
57	20	1
57	21	4
57	22	3
57	23	4
57	24	3
57	25	6
57	26	5
57	27	5
57	28	5
57	29	1
57	30	4
57	31	2
57	32	1
57	33	5
57	34	6
57	35	5
57	36	3
57	37	4
57	38	4
57	39	3
57	40	7
57	41	1
57	42	3
57	43	3
57	44	2
57	45	4
57	46	1
57	47	2
57	48	4
57	49	6
57	50	8
57	51	4
57	52	7
57	53	4
57	54	6
57	55	11
57	56	18
58	3	2
58	4	7
58	5	4
58	6	5
58	7	8
58	8	8
58	9	4
58	10	4
58	11	4
58	12	5
58	13	8
58	14	6
58	15	5
58	16	4
58	18	5
58	19	5
58	20	2
58	21	3
58	22	2
58	23	3
58	24	5
58	26	2
58	27	4
58	28	7
58	29	1
58	30	3
58	31	4
58	32	3
58	33	8
58	34	2
58	35	2
58	36	5
58	37	2
58	38	3
58	39	3
58	40	7
58	41	3
58	42	4
58	43	1
58	44	1
58	45	2
58	46	6
58	47	2
58	48	4
58	49	3
58	50	4
58	51	4
58	52	5
58	53	3
58	54	5
58	55	12
58	56	13
58	57	15
59	2	2
59	4	4
59	5	5
59	6	2
59	7	4
59	8	4
59	9	1
59	10	7
59	12	1
59	13	3
59	14	1
59	15	2
59	17	3
59	18	2
59	19	4
59	22	2
59	23	3
59	24	2
59	25	2
59	27	7
59	28	4
59	29	2
59	30	4
59	31	2
59	33	2
59	35	1
59	36	1
59	40	1
59	41	4
59	43	2
59	44	3
59	45	1
59	46	6
59	47	2
59	49	6
59	50	1
59	51	2
59	52	3
59	53	4
59	54	3
59	55	4
59	56	5
59	57	4
59	58	3
60	0	2
60	1	9
60	2	7
60	4	3
60	5	2
60	7	2
60	8	2
60	9	4
60	10	1
60	11	3
60	12	4
60	13	1
60	15	1
60	16	6
60	20	1
60	21	4
60	27	4
60	28	4
60	30	9
60	31	4
60	32	3
60	33	7
60	34	5
60	35	3
60	36	2
60	38	5
60	39	2
60	41	3
60	42	2
60	43	3
60	44	3
60	45	5
60	46	10
60	47	2
60	48	2
60	49	5
60	51	4
60	52	3
60	53	5
60	54	3
60	55	4
60	56	2
60	57	6
60	58	5
