1	0	21
2	0	11
2	1	17
3	0	2
4	3	12
5	1	1
5	2	3
5	3	11
5	4	22
6	1	1
6	3	5
6	4	7
6	5	6
7	0	1
7	1	1
7	3	3
7	4	1
7	5	4
7	6	11
8	1	1
8	2	2
8	3	5
8	4	7
8	5	6
8	6	16
8	7	23
9	0	3
9	2	2
9	3	2
9	4	5
9	5	4
9	6	7
9	7	8
9	8	16
10	1	4
10	2	2
10	3	8
10	4	4
10	5	5
10	6	5
10	7	4
10	8	14
10	9	12
11	1	1
11	2	6
11	3	4
11	4	1
11	5	6
11	6	3
11	7	7
11	8	16
11	9	14
11	10	19
12	1	2
12	4	5
12	5	2
12	6	6
12	7	6
12	8	9
12	9	16
12	10	13
12	11	22
13	1	1
13	2	4
13	3	3
13	4	1
13	5	4
13	6	7
13	7	11
13	8	8
13	9	8
13	10	22
13	11	4
13	12	12
14	1	2
14	3	3
14	4	7
14	5	2
14	6	1
14	7	3
14	8	7
14	9	3
14	10	3
14	11	5
14	12	9
14	13	9
15	0	1
15	1	1
15	3	1
15	4	4
15	5	4
15	6	3
15	7	5
15	8	11
15	9	9
15	10	16
15	11	6
15	12	7
15	13	14
15	14	22
16	1	1
16	3	2
16	4	2
16	5	6
16	6	8
16	7	11
16	8	7
16	9	4
16	10	12
16	11	2
16	12	9
16	13	9
16	14	9
16	15	15
17	1	1
17	2	2
17	3	6
17	4	3
17	5	9
17	6	5
17	7	4
17	8	7
17	9	6
17	10	4
17	11	7
17	12	5
17	13	9
17	14	7
17	15	3
17	16	6
18	0	1
18	2	1
18	3	11
18	4	8
18	5	6
18	6	3
18	7	8
18	8	6
18	9	2
18	10	2
18	11	4
18	12	2
18	13	6
18	14	5
18	15	3
18	16	4
18	17	10
19	1	3
19	2	1
19	3	8
19	4	6
19	5	6
19	6	6
19	7	6
19	8	10
19	9	3
19	10	8
19	11	1
19	12	2
19	13	8
19	14	7
19	15	4
19	16	9
19	17	6
19	18	19
20	0	1
20	3	8
20	4	4
20	5	4
20	6	4
20	7	3
20	8	5
20	9	3
20	10	7
20	11	1
20	12	3
20	13	6
20	14	3
20	15	11
20	16	6
20	17	7
20	18	5
20	19	12
21	0	1
21	3	3
21	4	6
21	5	5
21	6	7
21	7	4
21	8	4
21	9	4
21	10	8
21	11	8
21	12	6
21	13	3
21	14	15
21	15	6
21	16	4
21	17	9
21	18	10
21	19	12
21	20	13
22	2	1
22	3	11
22	4	5
22	5	7
22	6	5
22	7	7
22	9	4
22	10	6
22	11	2
22	12	5
22	13	7
22	14	5
22	15	3
22	16	4
22	17	12
22	18	5
22	19	2
22	20	5
22	21	3
23	3	6
23	4	2
23	5	5
23	6	2
23	7	4
23	8	4
23	9	5
23	10	7
23	11	2
23	12	5
23	13	4
23	14	1
23	15	2
23	16	5
23	17	7
23	18	4
23	19	5
23	20	8
23	21	6
23	22	23
24	3	10
24	4	6
24	5	7
24	6	10
24	7	9
24	8	13
24	9	15
24	10	7
24	11	6
24	12	6
24	13	16
24	14	7
24	15	9
24	16	4
24	17	9
24	18	7
24	19	13
24	20	2
24	21	9
24	22	7
24	23	16
25	1	2
25	3	5
25	4	3
25	5	5
25	6	3
25	7	6
25	8	7
25	9	5
25	10	5
25	11	7
25	12	1
25	13	6
25	14	7
25	15	5
25	16	3
25	17	7
25	18	8
25	19	2
25	20	7
25	21	2
25	22	11
25	23	7
25	24	12
26	1	3
26	3	3
26	4	2
26	5	4
26	8	4
26	9	3
26	10	5
26	11	5
26	12	4
26	13	3
26	15	2
26	17	2
26	18	2
26	19	3
26	20	1
26	21	1
26	22	4
26	23	3
26	24	8
26	25	5
27	1	3
27	2	2
27	3	3
27	4	5
27	5	7
27	6	6
27	7	4
27	8	9
27	9	10
27	10	11
27	11	10
27	12	8
27	13	9
27	14	2
27	15	5
27	16	3
27	17	6
27	18	4
27	19	6
27	20	6
27	21	3
27	22	3
27	23	6
27	24	10
27	25	7
27	26	5
28	2	1
28	3	4
28	4	13
28	5	10
28	6	4
28	7	8
28	8	7
28	9	10
28	10	5
28	11	5
28	12	12
28	13	5
28	14	5
28	15	3
28	16	7
28	17	4
28	18	4
28	19	4
28	20	2
28	21	4
28	22	5
28	24	5
28	25	3
28	26	2
28	27	12
29	0	2
29	3	2
29	4	4
29	5	3
29	6	4
29	7	1
29	8	5
29	9	5
29	10	6
29	11	2
29	12	4
29	13	2
29	14	1
29	15	1
29	17	6
29	19	1
29	21	4
29	22	2
29	23	2
29	24	5
29	25	6
29	26	4
29	27	4
29	28	7
30	1	5
30	2	3
30	3	1
30	4	4
30	5	1
30	6	2
30	7	5
30	8	8
30	9	3
30	10	4
30	11	4
30	12	3
30	13	5
30	14	5
30	15	4
30	16	3
30	17	4
30	18	2
30	19	2
30	21	2
30	23	3
30	24	3
30	25	3
30	27	6
30	28	10
30	29	4
31	1	2
31	2	3
31	4	2
31	5	5
31	6	1
31	7	5
31	8	5
31	9	7
31	10	2
31	11	2
31	12	7
31	13	5
31	15	5
31	16	5
31	18	1
31	19	3
31	20	2
31	21	1
31	22	3
31	24	2
31	25	5
31	27	4
31	28	7
31	29	4
31	30	8
32	2	1
32	4	1
32	5	1
32	6	2
32	8	2
32	9	3
32	11	4
32	12	6
32	14	2
32	15	3
32	16	2
32	17	1
32	19	2
32	22	2
32	23	3
32	24	3
32	25	2
32	26	1
32	27	6
32	28	1
32	29	1
32	30	10
32	31	5
33	0	1
33	1	1
33	2	1
33	3	3
33	4	3
33	5	3
33	6	3
33	7	3
33	8	5
33	9	5
33	10	6
33	12	6
33	13	2
33	15	4
33	17	1
33	23	4
33	24	2
33	25	4
33	27	5
33	28	2
33	29	6
33	30	13
33	31	13
33	32	9
34	0	2
34	2	2
34	4	4
34	5	2
34	6	3
34	7	2
34	8	9
34	9	3
34	10	1
34	11	2
34	12	3
34	13	1
34	15	2
34	16	2
34	17	3
34	20	3
34	23	4
34	24	2
34	25	3
34	26	1
34	28	4
34	29	2
34	30	6
34	31	15
34	32	10
34	33	18
35	1	1
35	2	2
35	3	6
35	4	9
35	5	3
35	6	2
35	7	2
35	8	4
35	9	14
35	10	17
35	11	7
35	12	9
35	13	4
35	14	7
35	15	3
35	16	2
35	17	3
35	18	1
35	19	5
35	20	2
35	21	4
35	22	5
35	23	6
35	24	9
35	25	13
35	26	4
35	27	14
35	28	12
35	29	3
35	30	2
35	31	5
35	32	1
35	33	2
35	34	2
36	3	3
36	4	3
36	5	2
36	6	1
36	7	2
36	8	10
36	9	13
36	10	13
36	11	7
36	12	9
36	13	9
36	14	4
36	15	3
36	16	2
36	17	4
36	18	3
36	19	7
36	20	1
36	21	3
36	22	4
36	23	6
36	24	3
36	25	4
36	26	1
36	27	6
36	28	7
36	29	3
36	30	3
36	31	2
36	33	1
36	35	18
37	3	1
37	4	3
37	5	2
37	6	2
37	7	3
37	8	2
37	9	7
37	10	4
37	11	11
37	12	5
37	13	5
37	14	2
37	15	3
37	16	2
37	17	4
37	18	6
37	19	4
37	20	3
37	21	3
37	22	10
37	23	11
37	24	5
37	25	13
37	26	4
37	27	10
37	28	5
37	29	4
37	30	2
37	31	4
37	33	4
37	34	2
37	35	24
37	36	19
38	0	1
38	1	1
38	2	4
38	3	3
38	4	6
38	5	7
38	6	4
38	7	4
38	8	6
38	9	5
38	10	15
38	11	7
38	12	3
38	13	7
38	14	4
38	15	7
38	16	5
38	17	6
38	18	5
38	19	4
38	20	9
38	21	4
38	22	7
38	23	7
38	24	8
38	25	9
38	26	5
38	27	9
38	28	10
38	29	11
38	30	3
38	31	9
38	32	4
38	33	5
38	34	4
38	35	17
38	36	7
38	37	20
39	3	4
39	4	3
39	5	4
39	6	4
39	7	2
39	8	1
39	9	7
39	10	10
39	11	5
39	12	5
39	13	6
39	14	4
39	15	2
39	16	4
39	17	4
39	18	1
39	19	1
39	20	4
39	21	3
39	22	3
39	23	5
39	24	5
39	25	6
39	26	9
39	27	4
39	28	9
39	29	9
39	30	4
39	31	3
39	32	3
39	33	4
39	34	4
39	35	12
39	36	15
39	37	11
39	38	12
40	1	1
40	3	3
40	4	6
40	5	4
40	6	6
40	7	5
40	8	6
40	9	7
40	10	5
40	11	3
40	12	6
40	13	4
40	14	2
40	15	2
40	16	3
40	17	3
40	18	2
40	19	6
40	20	1
40	21	1
40	22	1
40	23	5
40	24	7
40	25	4
40	26	3
40	27	9
40	28	15
40	29	17
40	30	5
40	31	6
40	32	1
40	33	2
40	34	7
40	35	8
40	36	4
40	37	4
40	38	10
40	39	8
41	3	2
41	4	5
41	5	4
41	6	3
41	7	2
41	8	5
41	9	6
41	10	6
41	11	7
41	12	4
41	13	2
41	14	2
41	15	1
41	16	1
41	17	4
41	18	2
41	19	5
41	20	5
41	21	1
41	23	7
41	24	9
41	25	5
41	26	2
41	27	11
41	28	10
41	29	6
41	30	15
41	31	7
41	32	6
41	33	6
41	34	13
41	35	5
41	36	8
41	37	6
41	38	6
41	39	6
41	40	10
42	1	3
42	3	3
42	4	3
42	5	2
42	7	5
42	8	1
42	9	2
42	10	6
42	11	4
42	12	4
42	13	7
42	14	1
42	15	1
42	16	3
42	18	4
42	20	2
42	21	3
42	22	3
42	24	9
42	25	2
42	27	8
42	28	4
42	29	3
42	30	13
42	31	6
42	32	6
42	33	5
42	34	8
42	35	3
42	36	5
42	37	3
42	38	5
42	39	9
42	40	3
42	41	11
43	1	5
43	2	2
43	4	3
43	5	7
43	6	8
43	7	3
43	8	2
43	9	4
43	10	6
43	11	2
43	12	6
43	13	2
43	14	1
43	15	3
43	16	6
43	17	2
43	18	5
43	20	2
43	24	2
43	25	3
43	27	1
43	28	4
43	29	1
43	30	4
43	31	8
43	32	9
43	33	8
43	34	10
43	35	3
43	38	1
43	40	8
43	41	9
43	42	14
44	0	2
44	1	1
44	2	1
44	4	3
44	5	1
44	7	2
44	8	5
44	9	6
44	10	2
44	11	2
44	12	4
44	13	4
44	14	2
44	15	2
44	16	2
44	17	4
44	20	2
44	22	2
44	23	3
44	24	4
44	27	2
44	28	3
44	30	5
44	31	3
44	32	8
44	33	7
44	34	8
44	35	3
44	36	1
44	38	7
44	40	1
44	41	4
44	42	4
44	43	13
45	1	4
45	2	1
45	3	2
45	4	2
45	7	1
45	8	1
45	9	5
45	10	2
45	12	1
45	13	3
45	14	1
45	16	2
45	17	4
45	18	2
45	25	3
45	27	3
45	28	2
45	30	5
45	31	1
45	32	3
45	33	8
45	34	4
45	35	3
45	38	5
45	40	3
45	41	2
45	42	5
45	43	6
45	44	17
46	0	1
46	1	2
46	2	3
46	4	3
46	5	4
46	6	1
46	8	1
46	10	1
46	11	3
46	12	3
46	13	4
46	15	6
46	19	2
46	22	3
46	23	2
46	24	1
46	25	4
46	27	2
46	28	6
46	29	3
46	30	6
46	31	4
46	32	11
46	33	4
46	34	6
46	35	3
46	36	3
46	38	3
46	39	3
46	40	3
46	41	1
46	42	9
46	43	11
46	44	11
46	45	19
47	0	1
47	3	1
47	4	3
47	5	4
47	6	6
47	7	5
47	8	7
47	9	1
47	10	3
47	11	5
47	12	6
47	13	2
47	14	7
47	15	3
47	16	3
47	17	2
47	18	2
47	19	2
47	20	3
47	21	2
47	23	5
47	24	3
47	25	2
47	27	3
47	28	7
47	29	5
47	30	7
47	31	6
47	32	2
47	33	6
47	34	3
47	35	2
47	36	4
47	37	5
47	38	6
47	39	5
47	40	4
47	41	1
47	42	11
47	43	16
47	44	3
47	45	2
47	46	5
48	0	2
48	1	3
48	2	1
48	4	4
48	6	10
48	7	7
48	8	10
48	9	4
48	10	8
48	11	6
48	12	19
48	13	8
48	14	2
48	15	10
48	16	4
48	17	3
48	18	3
48	20	4
48	21	7
48	22	3
48	23	2
48	24	9
48	25	2
48	26	2
48	27	3
48	28	6
48	29	2
48	30	2
48	31	5
48	32	3
48	33	5
48	34	3
48	35	5
48	36	2
48	37	3
48	38	3
48	39	5
48	40	4
48	41	1
48	42	4
48	43	4
48	44	5
48	45	3
48	46	1
48	47	8
49	3	4
49	4	5
49	5	5
49	6	12
49	7	13
49	8	21
49	9	20
49	10	16
49	11	14
49	12	22
49	13	9
49	14	6
49	15	3
49	16	10
49	17	6
49	18	3
49	19	3
49	20	5
49	21	7
49	22	4
49	23	3
49	24	7
49	25	6
49	26	2
49	27	8
49	28	3
49	29	5
49	30	5
49	31	6
49	32	6
49	33	5
49	34	3
49	35	9
49	36	6
49	37	7
49	38	5
49	39	8
49	40	6
49	41	14
49	42	6
49	43	3
49	44	3
49	45	4
49	46	1
49	47	10
49	48	20
50	2	3
50	3	3
50	4	3
50	5	2
50	6	9
50	7	11
50	8	7
50	9	7
50	10	7
50	11	3
50	12	9
50	13	1
50	14	4
50	15	14
50	16	4
50	17	5
50	18	4
50	19	4
50	20	4
50	21	3
50	22	2
50	23	4
50	24	2
50	25	4
50	27	4
50	28	6
50	29	2
50	30	7
50	31	2
50	33	3
50	34	2
50	35	3
50	36	3
50	37	5
50	38	2
50	39	4
50	40	3
50	41	3
50	42	1
50	44	3
50	45	2
50	46	1
50	47	7
50	48	5
50	49	19
51	3	1
51	4	3
51	5	4
51	6	11
51	7	6
51	8	17
51	9	9
51	10	8
51	11	7
51	12	6
51	13	7
51	14	8
51	15	11
51	16	7
51	17	2
51	18	6
51	19	7
51	20	8
51	21	2
51	22	4
51	23	1
51	24	5
51	25	5
51	27	6
51	28	7
51	29	1
51	30	6
51	31	4
51	32	1
51	33	2
51	34	5
51	35	3
51	36	2
51	37	6
51	38	1
51	39	5
51	40	3
51	41	6
51	42	5
51	43	7
51	44	4
51	45	1
51	46	4
51	47	13
51	48	7
51	49	13
51	50	23
52	3	2
52	4	4
52	5	5
52	6	3
52	7	6
52	8	9
52	9	5
52	10	4
52	11	3
52	12	9
52	13	15
52	14	9
52	15	10
52	16	11
52	17	3
52	18	8
52	19	3
52	20	3
52	21	2
52	22	1
52	23	1
52	24	6
52	25	3
52	26	4
52	27	4
52	28	1
52	29	2
52	30	4
52	31	3
52	32	4
52	33	2
52	34	4
52	35	5
52	36	3
52	37	5
52	38	5
52	39	5
52	40	4
52	41	3
52	42	5
52	43	3
52	44	1
52	45	3
52	46	3
52	47	9
52	48	9
52	49	7
52	50	16
52	51	30
53	1	2
53	2	5
53	3	1
53	4	6
53	5	4
53	6	6
53	7	8
53	8	18
53	9	12
53	10	6
53	11	9
53	12	5
53	13	5
53	14	5
53	15	9
53	16	5
53	17	3
53	18	3
53	19	8
53	20	3
53	21	3
53	22	1
53	23	3
53	24	5
53	25	1
53	26	2
53	27	5
53	28	10
53	29	9
53	30	9
53	31	8
53	32	5
53	33	3
53	34	5
53	35	3
53	36	2
53	37	4
53	38	5
53	39	3
53	40	6
53	41	9
53	42	5
53	43	7
53	44	5
53	45	5
53	46	1
53	47	7
53	48	9
53	49	23
53	50	5
53	51	7
53	52	8
54	0	1
54	3	2
54	4	7
54	5	6
54	6	2
54	7	2
54	8	9
54	9	6
54	10	8
54	11	6
54	12	2
54	14	3
54	15	4
54	16	4
54	17	4
54	18	1
54	19	5
54	20	2
54	21	3
54	22	2
54	23	3
54	24	3
54	25	3
54	26	2
54	27	5
54	28	9
54	29	5
54	30	13
54	31	6
54	32	2
54	33	8
54	34	4
54	35	4
54	36	6
54	37	3
54	38	4
54	39	4
54	40	9
54	41	10
54	42	9
54	43	2
54	44	3
54	45	4
54	46	4
54	47	7
54	48	5
54	49	10
54	50	5
54	51	2
54	52	3
54	53	21
55	0	2
55	1	1
55	2	1
55	3	3
55	4	3
55	5	8
55	6	5
55	7	5
55	8	7
55	9	4
55	10	8
55	11	8
55	12	2
55	13	4
55	14	4
55	15	4
55	16	3
55	17	4
55	18	2
55	19	5
55	20	5
55	21	4
55	22	2
55	23	5
55	24	7
55	25	3
55	26	5
55	27	11
55	28	6
55	29	3
55	30	6
55	31	8
55	32	5
55	33	2
55	34	6
55	35	7
55	36	8
55	37	2
55	38	6
55	39	5
55	40	3
55	41	2
55	42	7
55	43	9
55	44	3
55	45	3
55	46	8
55	47	14
55	48	6
55	49	8
55	50	6
55	51	3
55	52	5
55	53	9
55	54	16
56	0	1
56	1	2
56	3	1
56	4	5
56	5	7
56	6	6
56	7	10
56	8	9
56	9	4
56	10	7
56	11	2
56	12	9
56	13	4
56	14	2
56	15	5
56	16	8
56	18	8
56	19	6
56	20	2
56	21	4
56	22	6
56	23	3
56	24	7
56	25	4
56	27	9
56	28	3
56	29	1
56	30	4
56	31	4
56	32	3
56	33	7
56	34	2
56	35	5
56	36	2
56	37	4
56	38	3
56	39	2
56	40	3
56	41	1
56	42	6
56	43	4
56	44	7
56	45	6
56	46	3
56	47	5
56	48	1
56	49	6
56	50	12
56	51	6
56	52	7
56	53	9
56	54	6
56	55	22
57	2	2
57	3	4
57	4	2
57	5	9
57	6	8
57	7	4
57	8	12
57	9	6
57	10	4
57	11	4
57	12	4
57	13	4
57	14	2
57	15	4
57	16	3
57	17	1
57	18	5
57	19	1
57	20	4
57	21	6
57	22	4
57	23	1
57	24	10
57	25	1
57	26	4
57	27	7
57	28	9
57	29	4
57	30	6
57	31	1
57	32	3
57	33	1
57	34	3
57	35	1
57	36	1
57	37	9
57	38	5
57	39	4
57	40	3
57	41	5
57	42	2
57	43	3
57	44	5
57	45	1
57	46	2
57	47	5
57	48	6
57	49	5
57	50	6
57	51	7
57	52	9
57	53	9
57	54	4
57	55	16
57	56	10
58	1	2
58	3	7
58	4	6
58	5	8
58	6	12
58	7	10
58	8	1
58	9	4
58	10	3
58	11	6
58	12	8
58	13	3
58	14	4
58	15	4
58	16	1
58	18	2
58	19	5
58	20	3
58	21	4
58	22	3
58	23	4
58	24	3
58	25	1
58	26	4
58	27	6
58	28	11
58	29	4
58	30	3
58	31	3
58	32	2
58	33	4
58	34	5
58	35	5
58	36	3
58	38	5
58	39	1
58	40	3
58	41	6
58	42	4
58	43	3
58	44	6
58	45	3
58	47	9
58	48	5
58	49	4
58	50	4
58	51	1
58	52	4
58	53	9
58	54	5
58	55	21
58	56	19
58	57	22
59	0	1
59	2	1
59	3	3
59	4	4
59	5	2
59	6	2
59	7	2
59	8	2
59	9	1
59	10	2
59	12	3
59	13	2
59	14	1
59	15	1
59	16	5
59	17	3
59	18	2
59	19	5
59	23	1
59	24	2
59	25	6
59	26	2
59	27	5
59	28	4
59	29	3
59	30	1
59	31	3
59	33	5
59	34	4
59	35	2
59	36	3
59	38	3
59	40	1
59	41	7
59	43	7
59	44	1
59	45	3
59	46	1
59	47	1
59	49	1
59	50	2
59	51	3
59	52	2
59	53	4
59	54	5
59	55	5
59	56	6
59	57	4
59	58	2
60	0	2
60	1	2
60	2	7
60	4	2
60	7	2
60	8	4
60	9	1
60	10	2
60	11	3
60	12	3
60	13	1
60	15	2
60	16	3
60	20	1
60	21	2
60	22	4
60	25	3
60	27	3
60	28	3
60	30	3
60	31	5
60	32	6
60	33	4
60	34	4
60	35	2
60	36	2
60	38	2
60	39	2
60	40	1
60	41	4
60	43	7
60	44	3
60	45	8
60	46	12
60	47	4
60	48	1
60	49	2
60	51	4
60	52	5
60	53	7
60	54	2
60	55	8
60	56	6
60	57	3
60	58	1
60	59	4
