1	0	21
2	0	10
2	1	19
3	2	1
4	1	1
4	3	14
5	1	2
5	2	2
5	3	7
5	4	16
6	3	2
6	4	7
6	5	4
7	0	1
7	3	4
7	4	6
7	5	2
7	6	13
8	1	2
8	2	3
8	3	3
8	4	9
8	5	7
8	6	13
8	7	19
9	0	3
9	3	3
9	4	6
9	5	2
9	6	6
9	7	6
9	8	13
10	2	2
10	4	5
10	5	8
10	6	8
10	7	9
10	8	11
10	9	23
11	2	1
11	3	3
11	4	2
11	5	1
11	6	7
11	7	3
11	8	11
11	9	19
11	10	17
12	3	3
12	4	5
12	5	2
12	6	2
12	7	8
12	8	20
12	9	20
12	10	19
12	11	14
13	1	1
13	2	1
13	3	2
13	4	2
13	5	4
13	6	8
13	7	9
13	8	9
13	9	10
13	10	20
13	11	8
13	12	17
14	0	1
14	1	2
14	3	3
14	4	2
14	5	3
14	6	3
14	7	7
14	8	3
14	9	5
14	10	9
14	11	4
14	12	5
14	13	5
15	0	1
15	1	1
15	3	6
15	4	4
15	5	1
15	6	8
15	7	5
15	8	4
15	9	5
15	10	3
15	11	7
15	12	6
15	13	10
15	14	29
16	1	1
16	4	6
16	5	2
16	6	7
16	7	12
16	8	11
16	9	5
16	10	8
16	11	6
16	12	10
16	13	12
16	14	6
16	15	9
17	1	1
17	2	1
17	3	12
17	4	12
17	5	4
17	6	7
17	7	5
17	8	3
17	9	4
17	10	3
17	11	3
17	12	4
17	13	5
17	14	4
17	15	3
17	16	6
18	0	1
18	3	14
18	4	8
18	5	4
18	6	6
18	7	3
18	8	5
18	9	8
18	10	4
18	11	3
18	12	5
18	13	5
18	14	4
18	15	3
18	16	5
18	17	9
19	1	2
19	2	1
19	3	12
19	4	8
19	5	7
19	6	7
19	7	5
19	8	5
19	9	5
19	10	2
19	11	3
19	12	3
19	13	6
19	14	4
19	15	8
19	16	6
19	17	16
19	18	21
20	3	1
20	4	8
20	5	1
20	7	1
20	8	6
20	9	3
20	10	6
20	11	3
20	12	4
20	13	8
20	14	4
20	15	9
20	16	3
20	17	4
20	18	7
20	19	10
21	0	1
21	1	2
21	2	1
21	3	5
21	4	5
21	5	4
21	6	3
21	7	5
21	8	2
21	9	2
21	10	4
21	11	4
21	12	1
21	13	9
21	14	10
21	15	4
21	16	9
21	17	4
21	18	5
21	19	10
21	20	18
22	3	3
22	4	4
22	5	8
22	6	3
22	7	5
22	8	3
22	9	5
22	10	6
22	11	5
22	12	2
22	13	3
22	14	4
22	15	6
22	16	4
22	17	9
22	18	6
22	19	3
22	20	6
22	21	4
23	1	1
23	3	9
23	4	5
23	5	5
23	6	5
23	7	4
23	8	4
23	9	7
23	10	5
23	11	6
23	12	3
23	13	3
23	14	4
23	15	3
23	16	5
23	17	12
23	18	3
23	19	6
23	20	4
23	21	6
23	22	11
24	0	1
24	3	6
24	4	7
24	5	9
24	6	9
24	7	4
24	8	10
24	9	11
24	10	15
24	11	7
24	12	9
24	13	8
24	14	2
24	15	2
24	16	5
24	17	7
24	18	4
24	19	6
24	20	4
24	21	12
24	22	5
24	23	10
25	0	2
25	1	2
25	2	2
25	3	2
25	4	7
25	5	6
25	6	5
25	7	2
25	8	9
25	9	6
25	10	9
25	11	6
25	12	5
25	13	10
25	14	1
25	15	3
25	16	5
25	17	7
25	18	2
25	19	7
25	20	4
25	21	1
25	22	9
25	23	14
25	24	16
26	1	1
26	4	3
26	5	4
26	8	7
26	9	6
26	10	3
26	11	2
26	12	2
26	13	2
26	14	1
26	15	3
26	17	7
26	18	1
26	19	1
26	20	3
26	21	1
26	22	6
26	23	5
26	24	4
26	25	3
27	2	1
27	4	2
27	5	7
27	6	3
27	7	3
27	8	9
27	9	4
27	10	10
27	11	9
27	12	5
27	13	4
27	14	5
27	15	7
27	16	3
27	17	9
27	18	5
27	19	5
27	20	4
27	21	6
27	22	7
27	23	10
27	24	10
27	25	11
27	26	10
28	2	1
28	3	8
28	4	6
28	5	3
28	6	10
28	7	2
28	8	7
28	9	5
28	10	3
28	11	5
28	12	7
28	13	6
28	14	4
28	15	6
28	16	7
28	17	7
28	18	6
28	19	3
28	20	3
28	21	4
28	22	4
28	23	5
28	24	13
28	25	11
28	26	6
28	27	19
29	0	2
29	4	3
29	5	5
29	6	2
29	7	4
29	8	2
29	9	4
29	10	4
29	11	3
29	12	4
29	13	5
29	15	1
29	17	2
29	19	2
29	21	2
29	22	2
29	23	1
29	24	5
29	25	8
29	26	3
29	27	12
29	28	27
30	1	2
30	3	4
30	4	3
30	5	2
30	6	4
30	7	5
30	8	11
30	9	5
30	10	2
30	11	2
30	12	9
30	13	4
30	14	1
30	15	2
30	16	2
30	18	7
30	19	3
30	21	5
30	23	5
30	24	4
30	25	5
30	27	4
30	28	1
30	29	2
31	1	1
31	2	1
31	5	7
31	6	4
31	7	7
31	8	5
31	9	3
31	10	4
31	11	7
31	12	2
31	13	3
31	15	1
31	16	1
31	19	2
31	20	2
31	21	2
31	22	1
31	23	1
31	24	4
31	25	6
31	27	4
31	28	4
31	29	1
31	30	10
32	4	2
32	5	2
32	6	7
32	8	6
32	10	2
32	11	4
32	12	3
32	15	2
32	16	2
32	17	1
32	18	2
32	19	2
32	23	2
32	24	4
32	25	5
32	27	3
32	28	1
32	29	2
32	30	8
32	31	9
33	0	1
33	2	2
33	4	4
33	5	6
33	6	3
33	7	1
33	8	4
33	9	3
33	10	2
33	12	5
33	13	4
33	15	5
33	16	2
33	17	5
33	22	2
33	23	2
33	24	2
33	25	1
33	26	1
33	27	2
33	28	3
33	29	5
33	30	6
33	31	8
33	32	9
34	1	4
34	4	3
34	5	4
34	7	4
34	8	6
34	9	1
34	10	4
34	11	4
34	12	4
34	13	4
34	15	4
34	16	1
34	17	1
34	20	2
34	21	3
34	23	2
34	24	1
34	25	3
34	27	1
34	28	7
34	29	3
34	30	8
34	31	14
34	32	7
34	33	15
35	2	1
35	3	3
35	4	2
35	5	3
35	6	2
35	7	4
35	8	6
35	9	4
35	10	7
35	11	6
35	12	13
35	13	8
35	14	4
35	15	4
35	16	4
35	17	4
35	18	6
35	19	5
35	20	6
35	21	2
35	22	4
35	23	4
35	24	5
35	25	16
35	26	6
35	27	10
35	28	6
35	30	4
35	31	1
35	32	2
35	33	3
35	34	3
36	3	1
36	4	4
36	5	2
36	6	1
36	7	4
36	8	4
36	9	8
36	10	9
36	11	11
36	12	10
36	13	4
36	14	3
36	15	1
36	16	2
36	17	5
36	18	2
36	19	2
36	20	2
36	21	4
36	22	5
36	23	4
36	24	9
36	25	4
36	26	2
36	27	9
36	28	4
36	29	4
36	30	6
36	31	5
36	32	1
36	33	1
36	35	14
37	3	3
37	4	4
37	5	2
37	6	4
37	7	4
37	8	2
37	9	5
37	10	8
37	11	4
37	12	7
37	13	5
37	14	4
37	15	6
37	16	3
37	17	1
37	18	3
37	19	2
37	20	3
37	21	4
37	22	3
37	23	12
37	24	4
37	25	13
37	26	6
37	27	7
37	28	7
37	29	9
37	30	4
37	31	5
37	33	3
37	34	4
37	35	23
37	36	6
38	1	1
38	3	7
38	4	4
38	5	5
38	6	4
38	7	6
38	8	6
38	9	8
38	10	9
38	11	12
38	12	9
38	13	5
38	14	4
38	15	4
38	16	3
38	17	5
38	18	5
38	19	3
38	20	3
38	21	4
38	22	10
38	23	5
38	24	3
38	25	15
38	26	5
38	27	19
38	28	19
38	29	5
38	30	2
38	31	2
38	32	2
38	33	2
38	34	6
38	35	23
38	36	14
38	37	36
39	4	3
39	5	4
39	6	6
39	7	2
39	8	8
39	9	3
39	10	7
39	11	7
39	12	4
39	13	3
39	14	2
39	15	6
39	16	1
39	17	6
39	18	3
39	19	4
39	20	2
39	21	2
39	22	2
39	23	4
39	24	9
39	25	7
39	26	2
39	27	7
39	28	6
39	29	4
39	30	6
39	31	3
39	32	1
39	33	6
39	34	2
39	35	21
39	36	10
39	37	7
39	38	19
40	0	2
40	1	1
40	3	3
40	4	4
40	5	7
40	6	3
40	7	5
40	8	4
40	9	5
40	10	4
40	11	4
40	12	10
40	13	7
40	14	1
40	15	2
40	16	1
40	17	4
40	18	3
40	20	2
40	22	2
40	23	6
40	24	5
40	25	4
40	26	5
40	27	18
40	28	7
40	29	12
40	30	7
40	31	7
40	32	4
40	33	5
40	34	3
40	35	6
40	36	5
40	37	3
40	38	18
40	39	11
41	1	1
41	2	5
41	3	2
41	4	6
41	5	3
41	6	3
41	7	3
41	8	11
41	9	7
41	10	9
41	11	4
41	12	8
41	13	2
41	14	2
41	15	3
41	16	4
41	17	1
41	18	2
41	19	1
41	20	2
41	21	2
41	22	3
41	23	3
41	24	4
41	25	4
41	26	1
41	27	4
41	28	5
41	29	10
41	30	7
41	31	5
41	32	4
41	33	3
41	34	7
41	35	4
41	37	1
41	38	8
41	39	5
41	40	18
42	0	1
42	1	3
42	3	1
42	5	3
42	6	5
42	7	6
42	8	9
42	9	6
42	10	4
42	11	4
42	12	7
42	13	5
42	14	2
42	16	2
42	17	1
42	18	3
42	21	1
42	22	4
42	24	3
42	25	8
42	27	3
42	28	3
42	29	3
42	30	8
42	31	12
42	32	3
42	33	16
42	34	7
42	35	2
42	36	4
42	37	3
42	38	9
42	39	5
42	40	7
42	41	13
43	1	2
43	2	4
43	4	2
43	5	4
43	6	2
43	7	3
43	8	5
43	9	3
43	10	1
43	11	4
43	12	2
43	13	1
43	14	1
43	15	3
43	16	2
43	17	2
43	18	2
43	24	2
43	25	4
43	27	5
43	28	10
43	29	5
43	30	11
43	31	7
43	32	12
43	33	13
43	34	9
43	35	2
43	37	4
43	38	4
43	39	3
43	40	3
43	41	5
43	42	8
44	0	1
44	1	2
44	2	3
44	4	5
44	5	3
44	6	2
44	7	1
44	8	2
44	9	4
44	10	5
44	11	4
44	12	3
44	13	1
44	14	5
44	15	5
44	16	2
44	20	2
44	23	1
44	24	1
44	27	1
44	28	3
44	29	2
44	30	13
44	31	5
44	32	3
44	33	10
44	34	7
44	36	3
44	38	5
44	40	4
44	41	3
44	42	8
44	43	18
45	2	2
45	3	4
45	4	2
45	7	2
45	8	7
45	9	2
45	10	1
45	12	3
45	13	2
45	14	3
45	15	3
45	16	4
45	18	1
45	22	1
45	27	3
45	28	2
45	29	1
45	30	5
45	31	3
45	32	6
45	33	7
45	34	2
45	38	2
45	39	4
45	40	3
45	41	3
45	42	3
45	43	6
45	44	22
46	0	1
46	1	3
46	2	7
46	4	4
46	6	2
46	8	4
46	9	2
46	11	2
46	12	2
46	13	4
46	15	1
46	18	1
46	19	1
46	20	4
46	22	2
46	23	2
46	25	1
46	27	5
46	28	3
46	29	1
46	30	11
46	31	2
46	32	17
46	33	5
46	34	5
46	35	3
46	36	2
46	38	2
46	39	1
46	40	1
46	41	1
46	42	4
46	43	5
46	44	7
46	45	12
47	2	3
47	3	1
47	4	2
47	5	5
47	6	5
47	7	3
47	8	11
47	9	7
47	10	9
47	11	7
47	12	8
47	13	3
47	14	3
47	15	5
47	16	6
47	17	2
47	18	3
47	19	4
47	20	2
47	21	1
47	22	2
47	24	8
47	25	3
47	27	6
47	28	5
47	29	5
47	30	11
47	31	3
47	32	5
47	33	2
47	34	4
47	35	6
47	36	5
47	37	1
47	38	6
47	39	7
47	40	3
47	41	4
47	42	8
47	43	7
47	44	5
47	45	2
47	46	4
48	0	2
48	1	1
48	2	4
48	3	5
48	4	1
48	5	2
48	6	4
48	7	14
48	8	7
48	9	4
48	10	9
48	11	4
48	12	15
48	13	9
48	14	7
48	15	4
48	16	4
48	17	5
48	18	3
48	19	3
48	21	2
48	22	4
48	23	2
48	24	6
48	25	5
48	27	7
48	28	6
48	29	3
48	30	1
48	31	4
48	32	1
48	33	5
48	34	4
48	35	6
48	36	5
48	37	2
48	38	3
48	40	4
48	41	6
48	42	6
48	43	2
48	44	2
48	45	4
48	46	5
48	47	4
49	2	4
49	3	4
49	4	1
49	5	4
49	6	14
49	7	15
49	8	29
49	9	18
49	10	13
49	11	8
49	12	11
49	13	10
49	14	1
49	15	9
49	16	10
49	17	5
49	18	7
49	19	3
49	20	5
49	21	2
49	22	5
49	23	4
49	24	5
49	25	8
49	26	6
49	27	18
49	28	16
49	29	3
49	30	2
49	31	8
49	33	7
49	34	8
49	35	5
49	36	8
49	37	3
49	38	7
49	39	4
49	40	9
49	41	11
49	42	5
49	43	4
49	44	1
49	45	1
49	46	2
49	47	9
49	48	24
50	3	6
50	4	5
50	5	2
50	6	10
50	7	11
50	8	10
50	9	9
50	10	8
50	11	1
50	12	3
50	13	12
50	14	4
50	15	6
50	16	3
50	17	2
50	18	4
50	19	2
50	20	1
50	21	4
50	23	1
50	24	8
50	25	3
50	27	4
50	28	2
50	29	3
50	30	3
50	31	3
50	33	4
50	35	2
50	36	5
50	37	1
50	38	5
50	39	7
50	40	5
50	41	2
50	42	3
50	43	6
50	44	7
50	45	2
50	46	3
50	47	11
50	48	11
50	49	10
51	1	2
51	3	3
51	4	3
51	5	4
51	6	5
51	7	5
51	8	9
51	9	5
51	10	8
51	11	7
51	12	5
51	13	5
51	14	7
51	15	16
51	16	7
51	17	6
51	18	5
51	19	8
51	20	9
51	21	6
51	22	2
51	23	1
51	24	3
51	25	5
51	27	4
51	28	6
51	30	5
51	31	1
51	32	2
51	33	1
51	34	2
51	35	5
51	36	2
51	37	5
51	38	4
51	39	6
51	40	5
51	41	2
51	42	4
51	43	4
51	44	5
51	45	3
51	46	2
51	47	7
51	48	13
51	49	12
51	50	9
52	3	3
52	4	5
52	5	8
52	6	5
52	7	9
52	8	4
52	9	3
52	10	6
52	11	9
52	12	9
52	13	5
52	14	5
52	15	7
52	16	10
52	17	4
52	18	3
52	19	4
52	20	3
52	21	2
52	22	2
52	23	3
52	24	3
52	25	4
52	26	1
52	27	2
52	28	4
52	30	4
52	31	2
52	32	5
52	33	6
52	34	3
52	35	1
52	36	2
52	37	4
52	38	2
52	39	3
52	40	3
52	41	2
52	42	3
52	43	4
52	44	3
52	45	5
52	46	3
52	47	4
52	48	2
52	49	14
52	50	15
52	51	29
53	1	1
53	2	1
53	3	1
53	4	3
53	5	3
53	6	9
53	7	10
53	8	19
53	9	11
53	10	6
53	11	4
53	12	15
53	13	5
53	14	5
53	15	1
53	16	4
53	17	4
53	18	8
53	20	2
53	21	5
53	22	2
53	23	2
53	24	1
53	25	7
53	26	3
53	27	5
53	28	10
53	29	5
53	30	5
53	31	6
53	32	3
53	33	2
53	34	8
53	35	3
53	36	8
53	37	5
53	38	5
53	39	2
53	40	5
53	41	9
53	42	5
53	43	4
53	44	5
53	45	3
53	46	4
53	47	7
53	48	10
53	49	22
53	50	8
53	51	8
53	52	5
54	0	1
54	3	6
54	4	6
54	5	6
54	6	8
54	7	5
54	8	7
54	9	2
54	10	9
54	11	6
54	12	4
54	13	6
54	14	4
54	15	3
54	16	5
54	17	4
54	18	1
54	19	2
54	20	1
54	21	2
54	22	4
54	23	1
54	24	6
54	25	5
54	26	5
54	27	8
54	28	6
54	29	2
54	30	5
54	31	7
54	32	5
54	33	5
54	34	8
54	35	7
54	36	2
54	37	7
54	38	9
54	39	3
54	40	8
54	41	5
54	42	4
54	43	8
54	44	1
54	45	4
54	46	5
54	47	9
54	48	7
54	49	8
54	50	3
54	51	7
54	52	9
54	53	17
55	0	1
55	1	1
55	2	3
55	3	6
55	4	5
55	5	2
55	6	3
55	7	7
55	8	11
55	9	4
55	10	11
55	11	5
55	12	4
55	13	7
55	14	3
55	15	3
55	16	7
55	17	4
55	18	3
55	19	4
55	20	6
55	21	2
55	22	4
55	23	4
55	24	8
55	25	1
55	26	2
55	27	12
55	28	6
55	29	2
55	30	3
55	31	4
55	32	6
55	33	8
55	34	9
55	35	3
55	36	2
55	37	3
55	38	7
55	39	3
55	40	2
55	41	6
55	42	9
55	43	9
55	44	3
55	45	3
55	46	3
55	47	4
55	48	4
55	49	5
55	50	14
55	51	4
55	52	7
55	53	23
55	54	18
56	3	5
56	4	2
56	5	11
56	6	5
56	7	6
56	8	5
56	9	2
56	10	4
56	11	1
56	12	5
56	13	4
56	14	1
56	15	6
56	16	2
56	17	3
56	18	2
56	19	3
56	20	1
56	21	2
56	22	1
56	23	2
56	24	5
56	25	4
56	27	5
56	28	6
56	29	2
56	30	10
56	31	5
56	32	2
56	33	7
56	34	4
56	35	2
56	36	3
56	37	2
56	38	9
56	39	6
56	40	4
56	41	3
56	42	3
56	43	4
56	44	4
56	45	3
56	46	3
56	47	3
56	48	8
56	49	6
56	50	9
56	51	6
56	52	4
56	53	11
56	54	15
56	55	16
57	3	5
57	4	6
57	5	9
57	6	14
57	7	8
57	8	9
57	9	4
57	10	4
57	11	7
57	12	9
57	13	3
57	14	7
57	15	5
57	16	2
57	17	4
57	18	5
57	19	5
57	20	2
57	21	7
57	22	2
57	23	2
57	24	2
57	25	3
57	26	3
57	27	6
57	28	8
57	29	3
57	30	5
57	31	6
57	32	2
57	34	2
57	35	4
57	36	2
57	37	3
57	38	3
57	39	4
57	40	6
57	41	7
57	43	4
57	44	1
57	45	2
57	46	7
57	47	6
57	48	2
57	49	7
57	50	7
57	51	8
57	52	4
57	53	4
57	54	4
57	55	8
57	56	8
58	1	1
58	3	2
58	4	6
58	5	5
58	6	7
58	7	6
58	8	7
58	9	4
58	10	2
58	11	3
58	12	4
58	13	6
58	14	1
58	15	5
58	16	5
58	17	2
58	18	3
58	19	6
58	20	1
58	21	3
58	22	3
58	23	3
58	24	4
58	25	3
58	26	4
58	27	5
58	28	1
58	29	5
58	30	4
58	31	3
58	32	6
58	33	2
58	34	2
58	35	2
58	36	1
58	37	5
58	38	3
58	39	2
58	40	5
58	41	2
58	42	7
58	43	3
58	44	4
58	45	2
58	47	4
58	48	5
58	49	2
58	50	8
58	51	1
58	52	10
58	53	13
58	54	4
58	55	18
58	56	15
58	57	22
59	0	1
59	3	8
59	4	2
59	5	3
59	6	2
59	7	1
59	8	3
59	10	2
59	12	1
59	13	3
59	14	5
59	15	5
59	16	2
59	17	3
59	18	1
59	19	6
59	22	2
59	23	2
59	24	4
59	25	3
59	26	2
59	27	5
59	28	4
59	29	3
59	30	2
59	31	1
59	33	3
59	34	6
59	35	2
59	38	1
59	39	3
59	40	1
59	41	5
59	43	4
59	44	1
59	45	4
59	46	3
59	47	1
59	49	4
59	50	2
59	51	1
59	52	3
59	53	3
59	54	4
59	55	2
59	56	3
59	57	7
59	58	4
60	0	2
60	1	8
60	2	4
60	4	2
60	5	2
60	7	3
60	8	2
60	9	4
60	10	2
60	11	2
60	12	2
60	13	2
60	15	1
60	16	4
60	21	1
60	25	2
60	27	2
60	28	4
60	30	12
60	31	3
60	32	3
60	33	8
60	34	3
60	35	4
60	36	3
60	38	2
60	39	4
60	40	3
60	41	2
60	42	5
60	43	2
60	44	4
60	45	11
60	46	12
60	47	3
60	48	4
60	49	1
60	51	4
60	52	2
60	53	2
60	55	4
60	57	3
60	58	2
60	59	2
