1	0	21
2	0	5
2	1	17
3	2	4
4	1	2
4	3	18
5	0	1
5	2	2
5	3	5
5	4	31
6	3	4
6	4	2
6	5	4
7	0	1
7	3	7
7	4	7
7	5	5
7	6	7
8	1	3
8	2	2
8	3	5
8	4	7
8	5	10
8	6	18
8	7	19
9	0	1
9	2	1
9	3	2
9	4	3
9	5	6
9	6	7
9	7	6
9	8	16
10	1	3
10	2	2
10	3	6
10	4	3
10	5	4
10	6	9
10	7	6
10	8	10
10	9	17
11	1	2
11	2	3
11	3	2
11	4	2
11	5	8
11	6	6
11	7	2
11	8	8
11	9	13
11	10	29
12	1	4
12	3	3
12	4	4
12	5	7
12	6	7
12	7	7
12	8	13
12	9	19
12	10	19
12	11	21
13	2	3
13	3	2
13	4	5
13	5	1
13	6	5
13	7	7
13	8	12
13	9	4
13	10	13
13	11	7
13	12	12
14	1	3
14	3	3
14	4	5
14	5	5
14	6	6
14	7	4
14	8	6
14	9	7
14	10	5
14	11	1
14	12	9
14	13	8
15	3	6
15	4	8
15	5	2
15	6	9
15	7	10
15	8	4
15	9	6
15	10	10
15	11	5
15	12	8
15	13	13
15	14	20
16	0	4
16	1	2
16	3	6
16	4	4
16	5	2
16	6	8
16	7	12
16	8	9
16	9	3
16	10	4
16	11	3
16	12	8
16	13	15
16	14	10
16	15	15
17	2	1
17	3	6
17	4	4
17	5	5
17	6	4
17	7	4
17	8	6
17	9	3
17	10	3
17	11	5
17	12	2
17	13	6
17	14	3
17	15	4
17	16	3
18	0	1
18	2	2
18	3	12
18	4	8
18	5	6
18	6	5
18	7	3
18	8	8
18	9	3
18	10	3
18	11	2
18	12	2
18	13	9
18	14	5
18	15	4
18	16	2
18	17	14
19	1	2
19	3	7
19	4	9
19	5	2
19	6	2
19	7	4
19	8	4
19	9	3
19	10	4
19	11	2
19	12	2
19	13	5
19	14	5
19	15	9
19	16	4
19	17	12
19	18	16
20	0	1
20	3	8
20	4	9
20	5	5
20	6	6
20	7	5
20	8	3
20	9	6
20	10	6
20	11	1
20	12	7
20	13	4
20	14	6
20	15	4
20	16	8
20	17	7
20	18	6
20	19	12
21	0	2
21	1	2
21	2	6
21	3	6
21	5	1
21	6	1
21	7	6
21	8	8
21	9	4
21	10	5
21	11	2
21	12	3
21	13	5
21	14	9
21	15	8
21	16	3
21	17	14
21	18	7
21	19	11
21	20	16
22	3	9
22	4	6
22	5	5
22	6	1
22	7	5
22	8	3
22	9	5
22	10	7
22	11	2
22	12	4
22	13	2
22	14	2
22	15	3
22	16	1
22	17	7
22	18	8
22	19	10
22	20	8
22	21	1
23	3	5
23	4	4
23	5	11
23	6	3
23	7	4
23	8	5
23	9	2
23	10	11
23	11	5
23	12	3
23	13	1
23	14	8
23	15	7
23	16	3
23	17	11
23	18	4
23	19	4
23	20	7
23	21	6
23	22	12
24	0	1
24	3	9
24	4	7
24	5	8
24	6	8
24	7	5
24	8	15
24	9	7
24	10	6
24	11	8
24	12	7
24	13	11
24	14	10
24	15	7
24	16	7
24	17	7
24	18	8
24	19	9
24	20	6
24	21	9
24	22	9
24	23	13
25	1	3
25	2	1
25	3	3
25	4	6
25	5	7
25	6	4
25	7	6
25	8	4
25	9	6
25	10	4
25	11	4
25	12	1
25	13	5
25	14	4
25	15	6
25	16	5
25	17	6
25	18	3
25	19	7
25	20	3
25	21	3
25	22	7
25	23	11
25	24	11
26	1	3
26	3	3
26	4	6
26	5	4
26	8	2
26	9	5
26	10	3
26	11	5
26	12	4
26	13	4
26	14	1
26	15	1
26	17	3
26	18	4
26	19	4
26	21	5
26	22	2
26	23	7
26	24	5
26	25	9
27	2	1
27	3	2
27	4	5
27	5	4
27	6	6
27	7	3
27	8	5
27	9	10
27	10	6
27	11	6
27	12	10
27	13	8
27	14	2
27	15	6
27	16	3
27	17	7
27	18	6
27	19	3
27	20	4
27	21	8
27	22	8
27	23	3
27	24	13
27	25	7
27	26	1
28	2	2
28	3	5
28	4	5
28	5	8
28	6	6
28	8	8
28	9	12
28	10	7
28	11	4
28	12	6
28	13	4
28	14	1
28	15	3
28	16	5
28	17	5
28	18	3
28	19	6
28	20	1
28	21	3
28	22	3
28	23	5
28	24	7
28	25	13
28	26	3
28	27	18
29	0	1
29	3	5
29	4	4
29	5	5
29	6	2
29	7	2
29	8	5
29	9	9
29	10	5
29	11	6
29	12	3
29	13	5
29	15	6
29	17	3
29	19	1
29	21	2
29	22	5
29	23	4
29	24	3
29	25	6
29	26	2
29	27	10
29	28	16
30	1	2
30	2	1
30	3	4
30	4	1
30	5	3
30	7	3
30	8	2
30	9	2
30	10	4
30	11	4
30	12	3
30	13	1
30	14	1
30	15	3
30	16	1
30	18	4
30	19	4
30	21	1
30	23	1
30	24	2
30	25	6
30	27	4
30	28	3
30	29	2
31	1	1
31	2	4
31	3	3
31	4	4
31	5	5
31	6	8
31	7	2
31	8	3
31	9	4
31	10	3
31	11	2
31	12	2
31	13	5
31	15	3
31	16	2
31	19	2
31	20	2
31	22	1
31	23	1
31	24	2
31	25	1
31	27	2
31	28	3
31	29	2
31	30	11
32	2	2
32	4	4
32	5	2
32	6	4
32	8	4
32	9	1
32	10	3
32	11	1
32	12	4
32	16	1
32	18	1
32	19	7
32	21	3
32	23	4
32	24	1
32	25	3
32	26	1
32	27	3
32	28	2
32	29	3
32	30	7
32	31	10
33	1	1
33	2	2
33	3	2
33	4	3
33	5	3
33	6	4
33	7	5
33	8	3
33	9	3
33	10	3
33	11	3
33	12	4
33	13	1
33	15	1
33	16	1
33	22	1
33	23	3
33	25	1
33	26	3
33	27	7
33	28	3
33	29	5
33	30	7
33	31	13
33	32	7
34	0	3
34	1	1
34	2	1
34	4	1
34	5	3
34	6	4
34	7	2
34	8	5
34	10	4
34	11	4
34	12	2
34	13	1
34	15	4
34	17	1
34	21	2
34	23	3
34	24	1
34	25	4
34	27	2
34	28	5
34	29	2
34	30	5
34	31	10
34	32	9
34	33	21
35	1	2
35	2	1
35	3	2
35	4	2
35	5	5
35	6	5
35	7	3
35	8	9
35	9	10
35	10	8
35	11	3
35	12	7
35	13	8
35	14	2
35	15	4
35	16	6
35	17	4
35	18	1
35	19	3
35	20	6
35	21	1
35	22	6
35	23	11
35	24	10
35	25	7
35	26	7
35	27	14
35	28	7
35	29	3
35	30	4
35	31	2
35	32	2
35	33	4
35	34	3
36	5	3
36	6	4
36	7	5
36	8	3
36	9	5
36	10	8
36	11	12
36	12	5
36	13	9
36	14	3
36	15	4
36	16	2
36	17	2
36	18	7
36	19	2
36	20	7
36	21	6
36	22	5
36	23	5
36	24	4
36	25	3
36	26	2
36	27	10
36	28	2
36	29	4
36	30	4
36	31	5
36	32	3
36	33	1
36	35	14
37	2	1
37	3	5
37	4	3
37	5	3
37	6	5
37	7	3
37	8	7
37	9	3
37	10	10
37	11	6
37	12	6
37	13	10
37	14	3
37	16	1
37	17	4
37	18	2
37	19	1
37	20	3
37	21	2
37	22	3
37	23	6
37	24	5
37	25	6
37	26	3
37	27	25
37	28	10
37	29	6
37	30	4
37	31	3
37	33	1
37	34	4
37	35	30
37	36	6
38	1	1
38	3	7
38	4	3
38	5	6
38	6	4
38	7	3
38	8	6
38	9	5
38	10	10
38	11	7
38	12	9
38	13	7
38	14	4
38	15	6
38	16	1
38	17	4
38	18	6
38	19	2
38	20	3
38	21	1
38	22	4
38	23	7
38	24	3
38	25	12
38	26	10
38	27	14
38	28	13
38	29	4
38	30	4
38	31	5
38	32	8
38	33	7
38	34	4
38	35	16
38	36	10
38	37	24
39	0	1
39	3	3
39	4	2
39	5	4
39	6	3
39	7	4
39	8	2
39	9	4
39	10	10
39	11	5
39	12	4
39	13	4
39	14	5
39	15	2
39	16	7
39	17	2
39	18	2
39	19	3
39	20	1
39	21	2
39	22	5
39	23	3
39	24	9
39	25	10
39	26	5
39	27	9
39	28	4
39	29	5
39	30	4
39	31	1
39	32	4
39	33	3
39	34	4
39	35	18
39	36	13
39	37	4
39	38	24
40	0	1
40	3	1
40	4	3
40	5	6
40	6	5
40	7	1
40	8	5
40	9	5
40	10	5
40	11	3
40	12	5
40	13	11
40	14	2
40	15	2
40	16	3
40	17	1
40	18	2
40	19	4
40	20	2
40	21	3
40	22	5
40	23	4
40	24	4
40	25	6
40	26	6
40	27	10
40	28	14
40	29	13
40	30	9
40	31	5
40	32	1
40	33	5
40	34	3
40	35	7
40	36	3
40	37	2
40	38	14
40	39	13
41	1	2
41	2	3
41	3	4
41	4	2
41	5	5
41	6	2
41	7	2
41	8	9
41	9	1
41	10	11
41	11	8
41	12	4
41	13	6
41	14	1
41	15	4
41	16	2
41	17	3
41	18	2
41	19	1
41	21	2
41	22	3
41	23	5
41	24	8
41	25	3
41	26	5
41	27	7
41	28	12
41	29	6
41	30	8
41	31	6
41	32	1
41	33	2
41	34	6
41	35	4
41	36	2
41	37	8
41	38	13
41	39	8
41	40	15
42	0	1
42	3	3
42	4	1
42	5	4
42	6	3
42	7	5
42	8	8
42	9	4
42	10	4
42	11	4
42	12	5
42	13	2
42	14	1
42	15	8
42	16	4
42	17	5
42	20	3
42	21	1
42	22	3
42	24	3
42	25	3
42	27	9
42	28	8
42	29	1
42	30	12
42	31	6
42	32	11
42	33	9
42	34	8
42	35	4
42	36	5
42	37	3
42	38	7
42	39	3
42	40	4
42	41	7
43	2	1
43	4	3
43	5	4
43	6	2
43	7	3
43	8	8
43	9	1
43	10	3
43	11	2
43	12	2
43	13	5
43	14	5
43	15	3
43	16	2
43	17	2
43	18	2
43	24	3
43	25	2
43	27	2
43	28	6
43	29	5
43	30	11
43	31	5
43	32	9
43	33	6
43	34	11
43	35	1
43	37	2
43	38	4
43	39	4
43	40	3
43	41	4
43	42	8
44	0	1
44	1	2
44	2	2
44	5	5
44	6	2
44	7	2
44	8	1
44	9	2
44	10	2
44	11	1
44	12	4
44	13	1
44	14	1
44	15	7
44	16	3
44	19	3
44	20	2
44	22	2
44	23	3
44	24	2
44	27	6
44	28	5
44	30	4
44	31	2
44	32	3
44	33	7
44	34	7
44	35	2
44	38	4
44	40	2
44	41	2
44	42	6
44	43	17
45	1	4
45	2	6
45	3	2
45	8	2
45	9	5
45	10	4
45	12	3
45	13	1
45	14	1
45	15	2
45	17	1
45	18	4
45	27	2
45	28	4
45	30	5
45	31	2
45	32	5
45	33	7
45	34	5
45	35	4
45	38	5
45	39	3
45	40	1
45	41	3
45	42	3
45	43	10
45	44	8
46	1	5
46	2	6
46	3	3
46	4	2
46	5	3
46	6	2
46	8	4
46	9	4
46	10	1
46	11	2
46	12	1
46	13	4
46	15	7
46	18	1
46	19	2
46	20	1
46	22	4
46	23	2
46	24	1
46	25	2
46	27	1
46	28	2
46	29	1
46	30	3
46	31	4
46	32	12
46	33	2
46	34	6
46	35	2
46	36	2
46	38	3
46	39	1
46	40	6
46	41	5
46	42	8
46	43	4
46	44	16
46	45	9
47	0	1
47	2	2
47	3	1
47	4	2
47	5	2
47	6	5
47	7	2
47	8	9
47	9	8
47	10	7
47	11	6
47	12	8
47	13	11
47	14	3
47	15	8
47	16	6
47	17	4
47	18	1
47	19	2
47	21	2
47	22	3
47	23	2
47	24	3
47	25	4
47	27	1
47	28	6
47	29	4
47	30	3
47	31	7
47	32	3
47	33	3
47	34	3
47	35	6
47	36	4
47	37	3
47	38	7
47	39	5
47	40	7
47	41	7
47	42	4
47	43	5
47	44	7
47	45	4
47	46	6
48	1	1
48	2	1
48	3	1
48	4	2
48	5	3
48	6	5
48	7	7
48	8	9
48	9	9
48	10	7
48	11	10
48	12	9
48	13	8
48	14	2
48	15	4
48	16	3
48	17	4
48	18	1
48	19	4
48	20	3
48	21	5
48	22	1
48	23	2
48	24	7
48	25	5
48	27	7
48	28	5
48	29	4
48	30	4
48	31	5
48	32	4
48	33	4
48	35	3
48	36	2
48	37	5
48	38	5
48	39	5
48	40	1
48	41	3
48	42	7
48	43	6
48	44	3
48	45	3
48	46	2
48	47	14
49	2	1
49	3	6
49	4	6
49	5	8
49	6	15
49	7	9
49	8	33
49	9	16
49	10	22
49	11	9
49	12	18
49	13	15
49	14	4
49	15	7
49	16	5
49	17	5
49	18	4
49	20	5
49	21	5
49	22	3
49	23	8
49	24	6
49	25	8
49	26	3
49	27	7
49	28	7
49	29	4
49	30	6
49	31	6
49	32	1
49	33	6
49	34	5
49	35	10
49	36	8
49	37	6
49	38	7
49	39	5
49	40	6
49	41	13
49	42	4
49	43	2
49	44	5
49	45	5
49	46	2
49	47	10
49	48	23
50	2	1
50	3	4
50	5	2
50	6	7
50	7	9
50	8	13
50	9	8
50	10	4
50	11	4
50	12	7
50	13	8
50	14	5
50	15	5
50	16	5
50	17	5
50	18	3
50	19	4
50	20	4
50	21	7
50	22	5
50	23	1
50	24	10
50	25	2
50	27	4
50	28	3
50	29	4
50	30	4
50	31	4
50	33	3
50	34	4
50	35	4
50	36	1
50	37	2
50	38	4
50	39	1
50	40	2
50	41	4
50	42	2
50	43	4
50	44	2
50	45	2
50	46	4
50	47	8
50	48	9
50	49	18
51	1	1
51	3	4
51	4	6
51	5	3
51	6	1
51	7	9
51	8	11
51	9	6
51	10	9
51	11	5
51	12	10
51	13	8
51	14	4
51	15	11
51	16	9
51	17	4
51	18	2
51	19	5
51	20	4
51	21	5
51	22	7
51	23	5
51	24	3
51	25	7
51	27	6
51	28	5
51	29	3
51	30	5
51	31	2
51	32	3
51	33	1
51	34	4
51	35	3
51	36	7
51	37	1
51	38	1
51	39	3
51	40	4
51	41	6
51	42	5
51	43	4
51	44	1
51	45	1
51	46	4
51	47	10
51	48	6
51	49	9
51	50	13
52	2	2
52	3	1
52	4	5
52	5	4
52	6	3
52	7	5
52	8	13
52	9	2
52	10	7
52	11	6
52	12	6
52	13	3
52	14	2
52	15	9
52	16	9
52	17	3
52	18	2
52	19	5
52	20	1
52	21	4
52	22	2
52	23	2
52	24	4
52	25	1
52	26	3
52	27	3
52	28	3
52	30	2
52	31	7
52	32	4
52	33	5
52	34	7
52	35	1
52	36	2
52	37	6
52	38	4
52	39	1
52	40	4
52	41	4
52	42	8
52	43	5
52	44	5
52	45	5
52	46	1
52	47	9
52	48	7
52	49	12
52	50	9
52	51	31
53	1	1
53	3	5
53	4	1
53	5	3
53	6	9
53	7	11
53	8	18
53	9	7
53	10	10
53	11	8
53	12	9
53	13	8
53	14	5
53	15	8
53	16	9
53	17	6
53	18	2
53	19	8
53	20	2
53	21	4
53	22	4
53	23	4
53	24	7
53	25	5
53	26	1
53	27	6
53	28	5
53	29	4
53	30	5
53	31	7
53	32	5
53	33	7
53	34	4
53	35	7
53	36	5
53	37	7
53	38	5
53	39	5
53	40	5
53	41	4
53	42	9
53	43	6
53	44	6
53	45	3
53	46	4
53	47	8
53	48	11
53	49	21
53	50	6
53	51	6
53	52	3
54	0	2
54	3	6
54	4	7
54	5	4
54	6	10
54	7	6
54	8	4
54	9	9
54	10	8
54	11	2
54	12	8
54	13	6
54	14	6
54	15	4
54	16	2
54	17	7
54	18	4
54	19	3
54	20	3
54	21	4
54	22	2
54	23	2
54	24	7
54	25	3
54	27	6
54	28	9
54	29	3
54	30	5
54	31	5
54	32	7
54	33	9
54	34	3
54	35	6
54	36	4
54	37	4
54	38	2
54	39	1
54	40	8
54	41	11
54	42	10
54	43	6
54	44	1
54	45	1
54	46	5
54	47	11
54	48	3
54	49	5
54	50	4
54	51	4
54	52	3
54	53	16
55	0	2
55	1	1
55	3	1
55	4	9
55	5	5
55	6	4
55	7	8
55	8	14
55	9	7
55	10	7
55	11	4
55	12	3
55	13	4
55	14	3
55	15	3
55	16	1
55	17	4
55	18	3
55	19	2
55	20	3
55	21	3
55	22	3
55	23	5
55	24	2
55	25	5
55	26	4
55	27	3
55	28	9
55	29	2
55	30	7
55	31	4
55	32	6
55	33	7
55	34	7
55	35	7
55	36	1
55	37	4
55	38	7
55	39	4
55	40	2
55	41	4
55	42	7
55	43	1
55	44	2
55	45	6
55	46	5
55	47	10
55	48	7
55	49	15
55	50	6
55	51	9
55	52	11
55	53	11
55	54	16
56	0	1
56	3	4
56	4	7
56	5	3
56	6	10
56	7	6
56	8	9
56	9	3
56	10	5
56	11	3
56	12	1
56	13	4
56	14	6
56	15	5
56	16	8
56	17	5
56	18	3
56	19	2
56	20	4
56	21	1
56	22	1
56	23	2
56	24	2
56	25	3
56	26	1
56	27	2
56	28	10
56	29	7
56	30	5
56	31	5
56	32	4
56	33	6
56	34	4
56	35	2
56	36	1
56	37	3
56	38	2
56	39	3
56	40	7
56	41	5
56	42	6
56	43	2
56	44	4
56	45	8
56	46	1
56	47	11
56	48	4
56	49	10
56	50	6
56	51	5
56	52	10
56	53	15
56	54	10
56	55	19
57	2	2
57	3	7
57	4	9
57	5	3
57	6	7
57	7	6
57	8	10
57	9	6
57	10	4
57	11	5
57	12	6
57	13	2
57	14	6
57	15	7
57	16	4
57	17	5
57	18	4
57	19	6
57	20	2
57	21	4
57	22	2
57	23	4
57	24	4
57	25	4
57	26	5
57	27	6
57	28	7
57	30	2
57	31	2
57	33	4
57	34	3
57	35	5
57	37	5
57	38	4
57	40	7
57	41	3
57	42	3
57	43	1
57	44	1
57	45	5
57	46	1
57	47	4
57	48	3
57	49	8
57	50	4
57	51	7
57	52	6
57	53	6
57	54	6
57	55	18
57	56	15
58	1	1
58	3	6
58	4	8
58	5	9
58	6	8
58	7	4
58	8	5
58	9	5
58	10	2
58	11	3
58	12	3
58	13	6
58	14	1
58	15	5
58	16	3
58	17	3
58	18	3
58	19	4
58	20	6
58	21	3
58	22	4
58	23	2
58	24	2
58	25	5
58	26	2
58	27	2
58	28	7
58	29	2
58	30	3
58	31	1
58	32	9
58	33	3
58	34	6
58	35	4
58	36	1
58	37	2
58	38	5
58	39	3
58	40	4
58	41	6
58	42	4
58	43	3
58	44	3
58	45	2
58	46	1
58	47	4
58	48	4
58	49	10
58	50	3
58	51	3
58	52	3
58	53	8
58	54	7
58	55	9
58	56	9
58	57	24
59	0	3
59	2	1
59	3	2
59	4	2
59	5	3
59	6	2
59	8	1
59	9	3
59	10	4
59	12	2
59	13	4
59	14	2
59	15	6
59	16	1
59	17	1
59	18	1
59	19	1
59	22	2
59	23	2
59	24	10
59	26	4
59	27	3
59	28	6
59	30	1
59	31	3
59	33	2
59	34	3
59	35	1
59	36	2
59	38	3
59	39	1
59	41	3
59	43	4
59	44	1
59	45	3
59	46	3
59	47	4
59	49	4
59	50	2
59	51	4
59	52	2
59	53	1
59	54	2
59	55	6
59	56	7
59	57	3
59	58	6
60	0	1
60	1	5
60	2	8
60	4	3
60	5	7
60	7	5
60	8	1
60	9	4
60	10	5
60	11	1
60	12	5
60	16	4
60	20	1
60	22	1
60	25	2
60	27	3
60	28	2
60	30	3
60	31	2
60	32	5
60	33	6
60	34	8
60	35	2
60	36	1
60	38	3
60	39	2
60	41	1
60	42	1
60	43	4
60	44	6
60	45	6
60	46	13
60	47	4
60	48	2
60	49	2
60	51	3
60	52	4
60	53	2
60	54	4
60	55	6
60	56	2
60	57	3
60	58	4
60	59	1
