1	0	14
2	0	7
2	1	21
3	0	1
3	2	3
4	1	1
4	3	11
5	3	4
5	4	15
6	1	2
6	3	5
6	4	2
6	5	5
7	0	2
7	1	1
7	3	4
7	4	7
7	5	5
7	6	15
8	2	2
8	3	3
8	4	7
8	5	8
8	6	23
8	7	21
9	0	1
9	3	6
9	4	6
9	5	3
9	6	5
9	7	7
9	8	17
10	1	2
10	3	4
10	4	4
10	5	5
10	6	7
10	7	4
10	8	11
10	9	24
11	0	1
11	2	1
11	4	6
11	5	4
11	6	8
11	7	2
11	8	15
11	9	15
11	10	31
12	1	3
12	3	4
12	4	1
12	5	5
12	6	3
12	7	12
12	8	9
12	9	16
12	10	25
12	11	19
13	1	2
13	2	3
13	3	4
13	4	2
13	5	6
13	6	3
13	7	8
13	8	11
13	9	7
13	10	27
13	11	6
13	12	17
14	0	2
14	1	2
14	3	4
14	4	2
14	5	3
14	6	2
14	7	2
14	8	5
14	9	6
14	10	4
14	11	6
14	12	8
14	13	7
15	0	3
15	1	1
15	3	1
15	4	2
15	5	9
15	6	9
15	7	3
15	8	5
15	9	7
15	10	7
15	11	3
15	12	9
15	13	12
15	14	26
16	0	3
16	1	2
16	3	1
16	4	5
16	5	2
16	6	4
16	7	11
16	8	12
16	9	7
16	10	4
16	11	4
16	12	3
16	13	15
16	14	13
16	15	12
17	1	1
17	2	2
17	3	5
17	4	4
17	5	7
17	6	4
17	7	7
17	8	3
17	9	4
17	10	1
17	11	4
17	12	3
17	13	5
17	14	4
17	15	6
17	16	5
18	3	7
18	4	6
18	5	6
18	6	5
18	7	3
18	8	9
18	9	4
18	10	2
18	11	2
18	12	4
18	13	6
18	14	7
18	15	5
18	16	6
18	17	11
19	1	1
19	2	4
19	3	5
19	4	8
19	5	9
19	6	12
19	7	4
19	8	2
19	9	9
19	10	4
19	11	7
19	12	1
19	13	5
19	14	4
19	15	2
19	16	6
19	17	15
19	18	18
20	3	3
20	4	5
20	5	5
20	6	8
20	7	2
20	8	4
20	9	7
20	10	3
20	11	3
20	12	3
20	13	3
20	14	10
20	15	4
20	16	5
20	17	6
20	18	7
20	19	12
21	0	2
21	1	1
21	3	5
21	4	7
21	5	5
21	6	3
21	7	3
21	8	9
21	9	4
21	10	4
21	11	1
21	12	5
21	13	4
21	14	5
21	15	10
21	16	5
21	17	6
21	18	4
21	19	10
21	20	15
22	3	12
22	4	5
22	5	4
22	6	1
22	7	4
22	8	4
22	9	4
22	10	3
22	11	2
22	12	3
22	13	6
22	14	7
22	15	3
22	16	4
22	17	6
22	18	6
22	19	2
22	20	7
22	21	6
23	1	1
23	3	8
23	4	2
23	5	6
23	6	8
23	7	4
23	8	6
23	9	6
23	10	6
23	11	4
23	12	5
23	13	7
23	14	5
23	15	6
23	16	1
23	17	7
23	18	3
23	19	5
23	20	2
23	21	5
23	22	16
24	3	4
24	4	10
24	5	7
24	6	7
24	7	8
24	8	15
24	9	8
24	10	19
24	11	3
24	12	13
24	13	6
24	14	5
24	15	3
24	16	10
24	17	17
24	18	13
24	19	13
24	20	8
24	21	8
24	22	12
24	23	11
25	1	3
25	2	3
25	3	3
25	4	6
25	5	4
25	6	4
25	7	4
25	8	5
25	9	7
25	10	8
25	11	8
25	12	4
25	13	6
25	14	3
25	15	6
25	16	4
25	17	6
25	18	2
25	19	5
25	20	2
25	21	6
25	22	13
25	23	10
25	24	6
26	3	2
26	4	3
26	5	3
26	8	2
26	9	4
26	11	1
26	12	4
26	13	3
26	14	2
26	15	1
26	17	3
26	18	5
26	19	4
26	20	3
26	21	2
26	22	9
26	23	4
26	24	4
26	25	4
27	2	3
27	3	6
27	4	10
27	5	12
27	6	1
27	7	5
27	8	11
27	9	6
27	10	12
27	11	11
27	12	8
27	13	5
27	14	2
27	15	6
27	16	5
27	17	5
27	18	1
27	19	9
27	20	1
27	21	2
27	22	6
27	23	7
27	24	7
27	25	12
27	26	6
28	2	6
28	3	6
28	4	5
28	5	8
28	6	7
28	7	3
28	8	7
28	9	6
28	10	9
28	11	6
28	12	8
28	13	5
28	14	4
28	15	3
28	16	4
28	17	5
28	18	5
28	19	3
28	20	3
28	21	3
28	22	3
28	23	3
28	24	6
28	25	10
28	26	10
28	27	13
29	0	1
29	3	2
29	4	3
29	5	7
29	6	5
29	7	7
29	8	4
29	9	2
29	10	5
29	11	4
29	12	2
29	13	8
29	14	2
29	17	2
29	19	2
29	21	4
29	22	7
29	23	4
29	24	7
29	25	6
29	26	4
29	27	13
29	28	24
30	1	1
30	2	1
30	4	2
30	5	3
30	6	2
30	7	1
30	8	4
30	9	4
30	10	8
30	11	3
30	12	4
30	13	2
30	14	4
30	15	3
30	16	4
30	17	1
30	18	2
30	19	2
30	21	1
30	23	1
30	24	5
30	25	3
30	27	10
30	28	4
30	29	2
31	1	2
31	2	2
31	3	3
31	4	4
31	5	6
31	6	1
31	7	4
31	8	5
31	9	4
31	10	2
31	11	5
31	12	4
31	13	5
31	15	4
31	18	1
31	19	3
31	20	2
31	22	2
31	23	1
31	24	4
31	25	5
31	27	8
31	28	5
31	29	9
31	30	5
32	2	3
32	4	2
32	5	3
32	6	3
32	9	1
32	14	1
32	15	2
32	16	1
32	17	2
32	18	3
32	19	2
32	22	1
32	23	3
32	24	1
32	25	3
32	26	2
32	27	3
32	28	4
32	29	2
32	30	7
32	31	5
33	1	2
33	4	3
33	5	4
33	6	3
33	7	2
33	8	6
33	9	5
33	10	3
33	11	1
33	12	5
33	13	1
33	15	3
33	16	1
33	22	3
33	23	1
33	24	3
33	25	2
33	26	2
33	27	6
33	28	5
33	29	1
33	30	11
33	31	7
33	32	7
34	0	1
34	1	1
34	2	3
34	4	4
34	5	2
34	6	3
34	8	4
34	9	5
34	10	6
34	11	5
34	12	4
34	13	5
34	15	8
34	16	1
34	17	3
34	21	6
34	22	5
34	23	5
34	24	1
34	25	1
34	26	3
34	27	3
34	28	1
34	29	5
34	30	7
34	31	12
34	32	8
34	33	27
35	1	3
35	2	2
35	3	5
35	4	4
35	5	9
35	6	3
35	7	4
35	8	9
35	9	10
35	10	7
35	11	7
35	12	10
35	13	5
35	14	3
35	15	3
35	16	4
35	17	4
35	18	6
35	19	3
35	20	4
35	21	6
35	22	8
35	23	6
35	24	5
35	25	15
35	26	5
35	27	13
35	28	4
35	29	6
35	30	3
35	31	2
35	33	3
35	34	1
36	3	3
36	5	2
36	6	3
36	7	2
36	8	4
36	9	8
36	10	12
36	11	11
36	12	5
36	13	13
36	14	5
36	15	6
36	16	4
36	17	1
36	18	2
36	19	2
36	20	5
36	21	7
36	22	5
36	23	3
36	24	2
36	25	3
36	26	4
36	27	9
36	28	5
36	29	3
36	30	1
36	31	1
36	32	1
36	33	3
36	35	16
37	3	3
37	4	3
37	5	3
37	6	3
37	7	1
37	8	6
37	9	11
37	10	7
37	11	9
37	12	4
37	13	5
37	14	2
37	15	4
37	16	3
37	17	3
37	18	3
37	19	2
37	20	6
37	21	6
37	22	5
37	23	4
37	24	8
37	25	9
37	26	7
37	27	7
37	28	6
37	29	1
37	30	6
37	31	4
37	33	2
37	34	3
37	35	29
37	36	5
38	0	2
38	1	3
38	2	2
38	3	4
38	4	4
38	5	12
38	6	4
38	7	1
38	8	6
38	9	7
38	10	4
38	11	12
38	12	7
38	13	6
38	14	5
38	15	1
38	16	4
38	17	5
38	18	4
38	19	7
38	20	3
38	21	2
38	22	8
38	23	3
38	24	3
38	25	16
38	26	8
38	27	16
38	28	10
38	29	3
38	30	7
38	31	3
38	32	1
38	34	2
38	35	12
38	36	8
38	37	32
39	0	2
39	3	1
39	4	2
39	5	8
39	6	1
39	7	1
39	8	2
39	9	2
39	10	9
39	11	8
39	12	6
39	13	5
39	14	2
39	15	5
39	16	4
39	17	5
39	18	4
39	19	4
39	20	3
39	21	3
39	22	4
39	23	2
39	24	7
39	25	7
39	26	6
39	27	6
39	28	13
39	29	1
39	30	7
39	31	2
39	32	3
39	33	4
39	34	3
39	35	21
39	36	8
39	37	12
39	38	17
40	3	3
40	4	5
40	5	6
40	6	2
40	7	4
40	8	3
40	9	2
40	10	11
40	11	3
40	12	4
40	13	4
40	14	1
40	15	4
40	17	3
40	18	1
40	19	3
40	20	2
40	21	5
40	22	5
40	23	2
40	24	5
40	25	3
40	26	2
40	27	11
40	28	10
40	29	10
40	30	4
40	31	7
40	32	2
40	33	6
40	34	4
40	35	8
40	36	4
40	37	8
40	38	10
40	39	8
41	2	1
41	3	4
41	5	1
41	6	6
41	8	5
41	9	4
41	10	3
41	11	6
41	12	11
41	13	4
41	14	3
41	15	3
41	16	4
41	17	1
41	18	5
41	19	2
41	20	2
41	21	5
41	22	2
41	23	5
41	24	5
41	25	7
41	26	1
41	27	9
41	28	8
41	29	8
41	30	6
41	31	10
41	32	1
41	33	3
41	34	5
41	35	8
41	36	11
41	37	5
41	38	9
41	39	3
41	40	8
42	1	3
42	3	3
42	4	1
42	7	4
42	8	6
42	9	6
42	10	5
42	11	5
42	12	7
42	13	4
42	14	5
42	15	2
42	16	4
42	18	2
42	20	4
42	21	1
42	22	2
42	24	4
42	25	1
42	27	6
42	28	6
42	29	3
42	30	16
42	31	9
42	32	6
42	33	6
42	34	8
42	35	4
42	36	2
42	37	4
42	38	5
42	40	8
42	41	3
43	2	4
43	4	5
43	5	1
43	6	4
43	7	6
43	8	3
43	9	2
43	10	2
43	11	1
43	12	9
43	13	1
43	15	1
43	16	3
43	17	2
43	24	3
43	25	2
43	27	3
43	28	3
43	29	1
43	30	14
43	31	3
43	32	11
43	33	6
43	34	11
43	35	2
43	37	3
43	38	2
43	39	4
43	40	6
43	41	3
43	42	7
44	1	2
44	2	3
44	4	3
44	5	2
44	6	5
44	7	6
44	8	2
44	9	1
44	11	1
44	12	3
44	13	3
44	14	1
44	16	4
44	17	1
44	19	1
44	20	1
44	22	1
44	23	3
44	24	1
44	27	2
44	28	4
44	29	1
44	30	8
44	31	3
44	32	7
44	33	11
44	34	6
44	35	2
44	36	2
44	38	3
44	40	7
44	42	2
44	43	18
45	1	3
45	2	2
45	3	1
45	4	4
45	7	1
45	8	4
45	9	2
45	10	4
45	12	2
45	13	2
45	14	2
45	15	3
45	16	2
45	17	3
45	18	1
45	22	1
45	25	2
45	27	3
45	28	3
45	30	5
45	31	5
45	32	9
45	33	10
45	34	3
45	35	1
45	38	3
45	39	1
45	40	3
45	41	3
45	42	7
45	43	14
45	44	11
46	1	3
46	2	2
46	4	1
46	5	3
46	6	3
46	8	4
46	9	3
46	10	2
46	11	4
46	12	2
46	13	2
46	15	6
46	18	2
46	19	2
46	22	1
46	23	2
46	24	2
46	25	2
46	27	2
46	28	3
46	29	4
46	30	6
46	31	4
46	32	9
46	33	10
46	34	4
46	35	4
46	38	4
46	40	1
46	41	6
46	42	7
46	43	4
46	44	8
46	45	15
47	0	2
47	2	4
47	3	1
47	4	4
47	5	5
47	6	6
47	7	3
47	8	2
47	9	8
47	10	4
47	11	2
47	12	8
47	13	7
47	14	4
47	15	2
47	16	3
47	17	2
47	18	1
47	20	3
47	21	1
47	22	2
47	24	2
47	25	7
47	27	5
47	28	8
47	29	3
47	30	10
47	31	3
47	32	2
47	33	2
47	34	2
47	35	7
47	36	3
47	37	2
47	38	4
47	39	3
47	40	3
47	41	6
47	42	11
47	43	5
47	44	8
47	45	2
47	46	4
48	1	1
48	2	2
48	3	3
48	5	3
48	6	4
48	7	6
48	8	12
48	9	9
48	10	8
48	11	8
48	12	7
48	13	9
48	14	6
48	15	4
48	16	4
48	17	1
48	18	2
48	19	5
48	20	1
48	21	5
48	23	3
48	24	3
48	25	1
48	26	3
48	27	2
48	28	4
48	29	4
48	30	2
48	31	4
48	32	1
48	33	6
48	34	2
48	35	3
48	36	3
48	37	3
48	38	5
48	39	4
48	40	4
48	41	2
48	42	5
48	43	12
48	44	5
48	46	4
48	47	21
49	3	3
49	4	5
49	5	7
49	6	9
49	7	11
49	8	32
49	9	11
49	10	10
49	11	7
49	12	21
49	13	10
49	14	10
49	15	10
49	16	4
49	17	1
49	18	7
49	19	4
49	20	8
49	21	5
49	22	4
49	23	4
49	24	17
49	25	3
49	26	2
49	27	15
49	28	9
49	29	6
49	30	8
49	31	6
49	32	1
49	33	1
49	34	3
49	35	7
49	36	5
49	37	1
49	38	17
49	39	5
49	40	4
49	41	4
49	42	7
49	43	2
49	44	3
49	45	4
49	46	3
49	47	7
49	48	19
50	3	2
50	4	1
50	5	1
50	6	7
50	7	7
50	8	10
50	9	7
50	10	8
50	11	5
50	12	6
50	13	7
50	14	2
50	15	4
50	16	4
50	18	3
50	19	3
50	20	2
50	21	1
50	22	5
50	23	4
50	24	6
50	25	3
50	27	4
50	28	2
50	30	5
50	31	5
50	33	2
50	34	3
50	35	2
50	36	4
50	37	1
50	38	2
50	39	4
50	40	4
50	41	5
50	42	1
50	43	4
50	44	2
50	45	4
50	46	1
50	47	9
50	48	9
50	49	11
51	1	1
51	3	3
51	4	7
51	5	2
51	6	9
51	7	8
51	8	11
51	9	4
51	10	11
51	11	8
51	12	6
51	13	7
51	14	6
51	15	14
51	16	4
51	17	9
51	18	5
51	19	3
51	20	3
51	21	7
51	22	3
51	23	4
51	24	5
51	25	2
51	27	7
51	28	7
51	29	2
51	30	2
51	31	6
51	32	2
51	33	2
51	34	2
51	35	4
51	36	1
51	37	2
51	38	3
51	39	1
51	40	5
51	41	2
51	42	1
51	43	7
51	44	5
51	45	4
51	46	5
51	47	9
51	48	5
51	49	15
51	50	10
52	2	2
52	3	2
52	4	5
52	5	3
52	6	8
52	7	7
52	8	10
52	9	6
52	10	5
52	11	3
52	12	5
52	13	10
52	14	8
52	15	11
52	16	6
52	17	4
52	18	2
52	19	3
52	20	3
52	21	3
52	22	3
52	23	5
52	24	7
52	25	1
52	26	1
52	27	2
52	28	9
52	29	4
52	30	5
52	31	1
52	32	2
52	33	2
52	34	4
52	35	3
52	36	1
52	38	1
52	39	4
52	40	4
52	41	4
52	42	9
52	43	2
52	46	4
52	47	6
52	48	11
52	49	8
52	50	16
52	51	30
53	1	3
53	2	2
53	3	4
53	4	7
53	5	4
53	6	8
53	7	9
53	8	16
53	9	9
53	10	6
53	11	6
53	12	6
53	13	4
53	14	3
53	15	3
53	16	6
53	17	5
53	18	5
53	19	4
53	20	2
53	21	6
53	22	3
53	23	8
53	24	6
53	25	5
53	26	2
53	27	6
53	28	6
53	29	2
53	30	6
53	31	5
53	32	1
53	33	5
53	34	4
53	35	9
53	36	1
53	37	5
53	38	7
53	39	4
53	40	5
53	41	7
53	42	7
53	43	6
53	44	9
53	45	5
53	46	2
53	47	12
53	48	12
53	49	23
53	50	8
53	51	11
53	52	3
54	3	4
54	4	7
54	5	2
54	6	2
54	7	8
54	8	9
54	9	10
54	10	4
54	11	7
54	12	4
54	13	1
54	14	2
54	15	5
54	16	2
54	17	4
54	18	3
54	19	3
54	20	2
54	21	2
54	22	2
54	23	7
54	24	4
54	25	2
54	26	2
54	27	5
54	28	6
54	29	4
54	30	7
54	31	14
54	32	6
54	33	10
54	34	4
54	35	5
54	36	5
54	37	2
54	38	4
54	39	2
54	40	4
54	41	8
54	42	8
54	43	6
54	44	3
54	45	4
54	46	4
54	47	5
54	48	3
54	49	11
54	50	7
54	51	6
54	52	7
54	53	12
55	0	1
55	1	1
55	2	2
55	3	4
55	4	2
55	5	6
55	6	10
55	7	4
55	8	9
55	9	1
55	10	3
55	11	4
55	12	10
55	13	3
55	14	2
55	15	5
55	16	2
55	17	4
55	18	2
55	19	7
55	20	5
55	21	4
55	22	2
55	23	5
55	24	8
55	25	1
55	26	3
55	27	10
55	28	4
55	29	3
55	30	7
55	31	8
55	32	9
55	33	3
55	34	7
55	35	7
55	36	3
55	37	3
55	38	5
55	39	2
55	40	7
55	41	6
55	42	7
55	43	8
55	44	3
55	45	3
55	46	5
55	47	7
55	48	6
55	49	11
55	50	11
55	51	10
55	52	4
55	53	13
55	54	15
56	0	2
56	1	3
56	2	1
56	3	1
56	4	8
56	5	5
56	6	6
56	7	8
56	8	8
56	9	3
56	10	9
56	11	4
56	12	3
56	13	4
56	14	4
56	15	4
56	16	2
56	17	2
56	18	2
56	19	7
56	20	6
56	21	3
56	22	1
56	23	3
56	24	4
56	25	2
56	26	3
56	27	3
56	28	9
56	29	6
56	30	9
56	31	5
56	32	3
56	33	5
56	34	3
56	35	2
56	36	5
56	37	6
56	38	3
56	39	1
56	40	6
56	41	6
56	42	3
56	43	7
56	44	3
56	45	5
56	46	3
56	47	7
56	48	2
56	49	9
56	50	10
56	51	9
56	52	5
56	53	9
56	54	8
56	55	25
57	3	4
57	4	7
57	5	10
57	6	11
57	7	11
57	8	9
57	9	6
57	10	5
57	11	2
57	14	7
57	15	4
57	16	3
57	17	3
57	18	12
57	19	6
57	20	3
57	21	6
57	22	3
57	23	1
57	24	5
57	25	4
57	26	6
57	27	2
57	28	8
57	29	2
57	30	4
57	31	2
57	32	3
57	33	4
57	34	5
57	35	2
57	36	3
57	38	1
57	39	2
57	40	3
57	41	7
57	42	6
57	43	4
57	44	4
57	45	2
57	46	5
57	47	8
57	48	4
57	49	11
57	50	11
57	51	8
57	52	6
57	53	12
57	54	6
57	55	11
57	56	10
58	0	2
58	1	2
58	3	7
58	4	4
58	5	8
58	6	9
58	7	8
58	8	9
58	9	4
58	10	4
58	12	4
58	13	3
58	14	3
58	15	6
58	16	4
58	17	4
58	18	4
58	19	3
58	21	2
58	23	1
58	24	6
58	25	3
58	26	2
58	27	4
58	28	3
58	29	2
58	30	1
58	31	3
58	32	2
58	33	2
58	34	1
58	35	4
58	37	2
58	38	3
58	39	5
58	40	5
58	41	4
58	42	5
58	43	2
58	44	7
58	45	1
58	46	4
58	47	4
58	48	3
58	49	8
58	50	9
58	51	12
58	52	6
58	53	2
58	54	7
58	55	14
58	56	14
58	57	15
59	3	8
59	4	5
59	5	4
59	6	3
59	7	2
59	9	3
59	10	1
59	12	3
59	13	3
59	14	1
59	15	3
59	16	4
59	17	3
59	18	6
59	19	1
59	22	2
59	24	1
59	25	1
59	26	2
59	27	4
59	28	4
59	29	3
59	30	3
59	31	4
59	33	1
59	34	2
59	35	4
59	36	3
59	38	4
59	40	3
59	41	2
59	43	1
59	44	1
59	45	1
59	46	6
59	47	6
59	49	4
59	50	3
59	51	1
59	52	1
59	53	5
59	54	4
59	55	6
59	56	2
59	57	4
59	58	2
60	0	4
60	1	3
60	2	5
60	4	2
60	5	2
60	7	2
60	8	4
60	9	1
60	10	4
60	12	4
60	13	2
60	15	1
60	16	1
60	20	1
60	21	3
60	22	3
60	25	1
60	27	4
60	28	2
60	30	5
60	31	4
60	32	4
60	33	5
60	34	6
60	35	1
60	36	2
60	38	5
60	39	2
60	40	3
60	41	1
60	42	8
60	43	6
60	44	5
60	45	10
60	46	13
60	47	7
60	48	7
60	49	1
60	51	3
60	52	5
60	53	2
60	54	1
60	55	3
60	56	3
60	57	1
60	58	4
60	59	2
