1	0	15
2	0	6
2	1	25
3	2	1
4	1	1
4	3	11
5	0	2
5	2	1
5	3	4
5	4	20
6	1	2
6	3	5
6	4	2
6	5	7
7	0	1
7	3	2
7	4	3
7	5	5
7	6	12
8	2	2
8	3	6
8	4	4
8	5	9
8	6	21
8	7	20
9	0	2
9	2	1
9	4	5
9	5	1
9	6	4
9	7	8
9	8	21
10	0	2
10	1	2
10	2	3
10	3	3
10	4	9
10	5	2
10	6	8
10	7	9
10	8	10
10	9	24
11	0	3
11	2	2
11	3	5
11	4	2
11	5	3
11	6	1
11	7	4
11	8	10
11	9	19
11	10	16
12	1	2
12	3	3
12	4	2
12	5	3
12	6	6
12	7	5
12	8	14
12	9	20
12	10	23
12	11	16
13	1	1
13	2	3
13	3	3
13	4	4
13	5	5
13	6	7
13	7	5
13	8	10
13	9	9
13	10	24
13	11	10
13	12	9
14	0	2
14	3	7
14	4	3
14	5	3
14	6	6
14	7	5
14	8	6
14	9	6
14	10	5
14	11	6
14	12	2
14	13	10
15	0	2
15	3	3
15	4	2
15	5	4
15	6	4
15	7	6
15	8	10
15	9	3
15	10	10
15	11	4
15	12	6
15	13	8
15	14	15
16	0	2
16	3	2
16	4	3
16	5	10
16	6	7
16	7	6
16	8	9
16	9	6
16	10	6
16	11	4
16	12	1
16	13	16
16	14	8
16	15	18
17	1	3
17	2	3
17	3	9
17	4	2
17	5	4
17	6	2
17	7	3
17	8	6
17	9	1
17	10	3
17	11	2
17	12	1
17	13	3
17	14	5
17	15	6
17	16	6
18	2	2
18	3	9
18	4	12
18	5	4
18	6	3
18	7	4
18	8	4
18	9	1
18	10	3
18	11	4
18	12	2
18	13	7
18	14	2
18	15	1
18	16	7
18	17	20
19	1	3
19	2	1
19	3	5
19	4	6
19	5	7
19	6	6
19	7	3
19	8	7
19	9	3
19	10	5
19	11	2
19	12	6
19	13	5
19	14	7
19	15	3
19	16	4
19	17	12
19	18	26
20	3	3
20	4	2
20	5	1
20	6	8
20	7	5
20	8	5
20	9	5
20	10	13
20	11	6
20	12	4
20	13	8
20	14	4
20	15	7
20	16	11
20	17	10
20	18	6
20	19	10
21	0	1
21	3	3
21	4	3
21	5	3
21	6	3
21	7	2
21	8	5
21	9	3
21	10	5
21	11	9
21	12	4
21	13	4
21	14	5
21	15	6
21	16	7
21	17	5
21	18	7
21	19	2
21	20	24
22	2	1
22	3	7
22	4	3
22	5	2
22	6	3
22	7	2
22	8	8
22	9	7
22	10	7
22	11	2
22	12	4
22	13	4
22	14	5
22	15	4
22	16	3
22	17	10
22	18	10
22	19	8
22	20	8
22	21	10
23	1	1
23	3	4
23	4	4
23	5	4
23	6	2
23	8	5
23	9	4
23	10	7
23	11	5
23	12	3
23	13	6
23	14	1
23	15	5
23	16	4
23	17	8
23	18	10
23	19	2
23	20	6
23	21	3
23	22	8
24	0	1
24	3	13
24	4	10
24	5	9
24	6	5
24	7	14
24	8	10
24	9	10
24	10	8
24	11	10
24	12	5
24	13	7
24	14	3
24	15	3
24	16	2
24	17	9
24	18	9
24	19	7
24	20	3
24	21	8
24	22	5
24	23	15
25	1	1
25	2	2
25	3	4
25	4	6
25	5	5
25	6	4
25	7	6
25	8	5
25	9	2
25	10	5
25	11	3
25	12	3
25	13	4
25	14	3
25	15	3
25	16	1
25	17	6
25	18	2
25	19	5
25	20	6
25	21	9
25	22	12
25	23	15
25	24	9
26	3	5
26	4	4
26	5	2
26	8	3
26	9	5
26	10	3
26	11	2
26	12	4
26	13	3
26	14	1
26	15	3
26	17	3
26	18	8
26	19	4
26	20	4
26	22	4
26	23	6
26	24	6
26	25	11
27	2	1
27	3	4
27	4	3
27	5	7
27	6	6
27	7	7
27	8	5
27	9	12
27	10	16
27	11	5
27	12	7
27	13	13
27	14	4
27	15	2
27	16	4
27	17	5
27	18	6
27	19	5
27	20	1
27	21	5
27	22	5
27	23	3
27	24	5
27	25	11
27	26	5
28	2	3
28	3	6
28	4	5
28	5	8
28	6	7
28	7	4
28	8	10
28	9	7
28	10	11
28	11	7
28	12	3
28	13	4
28	14	1
28	15	4
28	16	2
28	17	8
28	18	7
28	19	7
28	20	2
28	22	4
28	23	6
28	24	13
28	25	9
28	26	2
28	27	15
29	3	4
29	4	1
29	5	4
29	6	3
29	8	4
29	9	3
29	10	7
29	11	5
29	12	6
29	13	2
29	14	2
29	15	1
29	17	1
29	19	3
29	21	3
29	22	1
29	23	4
29	24	4
29	25	2
29	26	2
29	27	6
29	28	26
30	1	3
30	2	3
30	3	4
30	4	4
30	5	4
30	6	3
30	8	2
30	9	1
30	10	3
30	11	4
30	12	2
30	13	2
30	14	1
30	15	1
30	16	2
30	17	1
30	18	5
30	19	2
30	21	1
30	23	1
30	24	3
30	25	6
30	27	2
30	28	4
31	1	3
31	4	4
31	5	4
31	6	3
31	7	1
31	8	7
31	9	1
31	10	4
31	11	7
31	12	3
31	15	2
31	18	3
31	19	3
31	21	1
31	22	2
31	23	3
31	25	1
31	27	10
31	28	5
31	29	4
31	30	13
32	2	2
32	4	5
32	5	1
32	6	4
32	8	3
32	9	2
32	10	2
32	11	2
32	14	3
32	15	2
32	16	1
32	18	5
32	19	2
32	22	2
32	23	1
32	24	2
32	25	3
32	28	5
32	29	2
32	30	8
32	31	8
33	2	1
33	5	4
33	6	2
33	7	3
33	8	2
33	9	1
33	10	3
33	11	1
33	12	1
33	13	2
33	15	3
33	16	2
33	17	1
33	22	1
33	23	2
33	24	2
33	25	4
33	26	2
33	27	3
33	28	6
33	29	3
33	30	9
33	31	13
33	32	7
34	0	4
34	1	2
34	2	2
34	4	4
34	5	8
34	6	2
34	7	4
34	8	6
34	9	6
34	10	2
34	11	3
34	13	2
34	15	1
34	17	2
34	20	2
34	21	1
34	22	2
34	23	1
34	24	4
34	25	2
34	27	5
34	28	5
34	29	3
34	30	10
34	31	13
34	32	6
34	33	29
35	1	1
35	2	5
35	3	3
35	4	9
35	5	5
35	6	3
35	7	8
35	8	5
35	9	7
35	10	9
35	11	14
35	12	5
35	13	3
35	14	4
35	15	4
35	16	3
35	17	2
35	18	1
35	19	4
35	20	2
35	21	3
35	22	5
35	23	12
35	24	4
35	25	15
35	26	7
35	27	6
35	28	15
35	29	5
35	30	5
35	31	3
35	32	4
35	33	2
35	34	4
36	4	5
36	5	2
36	6	5
36	7	4
36	8	2
36	9	18
36	10	6
36	11	10
36	12	7
36	13	6
36	14	8
36	15	4
36	16	7
36	17	7
36	18	1
36	19	5
36	20	2
36	22	4
36	23	4
36	24	8
36	25	8
36	26	2
36	27	9
36	28	6
36	29	2
36	30	2
36	31	1
36	35	14
37	2	1
37	3	4
37	4	3
37	5	5
37	6	1
37	7	2
37	8	3
37	9	8
37	10	10
37	11	4
37	12	5
37	13	5
37	14	1
37	15	3
37	16	3
37	17	4
37	18	2
37	19	2
37	20	1
37	21	6
37	22	7
37	23	5
37	24	4
37	25	12
37	26	7
37	27	13
37	28	4
37	29	4
37	30	1
37	31	2
37	33	2
37	35	28
37	36	6
38	1	1
38	2	2
38	3	3
38	4	6
38	5	5
38	6	2
38	7	6
38	8	13
38	9	6
38	10	10
38	11	12
38	12	4
38	13	5
38	14	9
38	15	1
38	16	2
38	17	4
38	18	5
38	19	1
38	20	3
38	21	5
38	22	7
38	23	3
38	24	4
38	25	15
38	26	6
38	27	13
38	28	14
38	29	8
38	30	6
38	31	6
38	32	3
38	33	2
38	34	3
38	35	36
38	36	17
38	37	28
39	0	1
39	3	1
39	4	3
39	5	3
39	6	3
39	7	5
39	8	6
39	9	8
39	10	12
39	11	8
39	12	8
39	13	7
39	15	3
39	16	4
39	17	3
39	18	5
39	19	6
39	20	2
39	21	1
39	22	5
39	23	8
39	24	6
39	25	4
39	26	3
39	27	7
39	28	6
39	29	4
39	30	4
39	31	4
39	32	3
39	33	1
39	35	13
39	36	8
39	37	8
39	38	20
40	0	1
40	1	1
40	3	2
40	4	4
40	5	4
40	6	1
40	7	3
40	8	10
40	9	5
40	10	12
40	11	3
40	12	4
40	13	4
40	15	6
40	16	2
40	17	1
40	18	2
40	19	3
40	20	2
40	21	2
40	22	1
40	23	5
40	24	7
40	25	8
40	26	3
40	27	10
40	28	15
40	29	11
40	30	6
40	31	5
40	32	5
40	33	4
40	34	3
40	35	5
40	36	4
40	37	7
40	38	19
40	39	3
41	3	4
41	4	5
41	5	4
41	6	3
41	7	3
41	8	10
41	9	6
41	10	6
41	11	3
41	12	7
41	13	3
41	14	3
41	15	4
41	16	3
41	17	2
41	18	4
41	19	3
41	20	1
41	21	4
41	22	3
41	23	4
41	24	6
41	25	3
41	27	8
41	28	10
41	29	7
41	30	4
41	31	12
41	32	4
41	33	9
41	34	5
41	35	8
41	36	3
41	37	4
41	38	8
41	39	7
41	40	12
42	0	1
42	1	1
42	3	2
42	4	3
42	7	4
42	8	3
42	9	2
42	10	7
42	11	5
42	12	2
42	13	6
42	14	2
42	15	6
42	16	2
42	18	1
42	20	5
42	24	5
42	25	4
42	27	5
42	28	3
42	29	1
42	30	12
42	31	9
42	32	4
42	33	6
42	34	2
42	35	2
42	36	1
42	37	2
42	38	5
42	39	5
42	40	5
42	41	8
43	1	4
43	2	6
43	4	3
43	5	3
43	7	2
43	8	5
43	9	4
43	10	7
43	11	4
43	12	3
43	13	5
43	14	4
43	16	3
43	17	3
43	18	2
43	20	2
43	24	5
43	25	3
43	27	4
43	28	5
43	30	10
43	31	4
43	32	6
43	33	5
43	34	13
43	35	5
43	37	1
43	38	3
43	39	2
43	40	4
43	41	1
43	42	6
44	0	3
44	2	1
44	5	2
44	6	2
44	7	4
44	8	6
44	9	3
44	10	4
44	11	2
44	12	3
44	13	2
44	14	4
44	15	1
44	16	1
44	24	3
44	27	3
44	28	3
44	29	2
44	30	5
44	31	2
44	32	2
44	33	5
44	34	4
44	35	1
44	38	1
44	40	2
44	41	2
44	42	4
44	43	20
45	1	3
45	3	1
45	7	3
45	8	5
45	9	2
45	10	4
45	12	4
45	13	1
45	14	1
45	15	2
45	16	3
45	17	2
45	18	5
45	22	1
45	25	2
45	27	4
45	28	6
45	30	5
45	31	5
45	32	3
45	33	7
45	34	7
45	39	2
45	40	4
45	41	1
45	42	5
45	43	15
45	44	23
46	0	1
46	1	5
46	2	3
46	4	2
46	5	2
46	6	3
46	8	3
46	9	3
46	10	3
46	11	4
46	12	3
46	13	4
46	15	1
46	20	3
46	22	1
46	23	1
46	24	4
46	25	2
46	27	1
46	28	3
46	29	4
46	30	7
46	31	4
46	32	10
46	33	10
46	34	4
46	35	1
46	36	1
46	38	4
46	39	2
46	40	2
46	41	3
46	42	3
46	43	6
46	44	7
46	45	21
47	0	1
47	2	2
47	3	4
47	4	3
47	5	5
47	6	3
47	7	4
47	8	7
47	9	4
47	10	4
47	11	4
47	12	8
47	13	13
47	14	4
47	15	5
47	16	3
47	17	2
47	18	5
47	20	3
47	21	7
47	22	1
47	23	4
47	24	6
47	25	3
47	27	6
47	28	7
47	29	1
47	30	11
47	31	2
47	32	7
47	33	5
47	34	1
47	35	4
47	36	1
47	37	6
47	38	3
47	39	4
47	40	5
47	41	5
47	42	10
47	43	12
47	44	5
47	45	4
47	46	1
48	0	1
48	1	2
48	2	2
48	3	2
48	4	1
48	5	3
48	6	3
48	7	10
48	8	16
48	9	5
48	10	10
48	11	6
48	12	11
48	13	9
48	14	3
48	15	9
48	16	7
48	17	3
48	18	4
48	19	2
48	20	2
48	21	2
48	22	2
48	23	6
48	24	4
48	25	7
48	27	8
48	28	5
48	29	5
48	30	2
48	31	7
48	32	1
48	33	1
48	35	8
48	36	3
48	37	2
48	38	6
48	39	8
48	40	6
48	41	4
48	42	7
48	43	3
48	44	5
48	46	2
48	47	10
49	3	1
49	4	2
49	5	7
49	6	6
49	7	8
49	8	27
49	9	20
49	10	22
49	11	20
49	12	24
49	13	18
49	14	8
49	15	6
49	16	8
49	17	7
49	18	5
49	19	6
49	20	2
49	21	5
49	22	2
49	23	9
49	24	4
49	25	7
49	26	3
49	27	9
49	28	2
49	29	3
49	30	6
49	31	3
49	32	4
49	33	3
49	34	6
49	35	4
49	36	4
49	37	2
49	38	3
49	39	6
49	40	7
49	41	9
49	42	10
49	43	8
49	44	4
49	46	3
49	47	6
49	48	22
50	3	4
50	4	2
50	5	6
50	6	6
50	7	11
50	8	9
50	9	9
50	10	8
50	11	2
50	12	5
50	13	7
50	14	2
50	15	9
50	16	6
50	17	1
50	18	3
50	19	5
50	20	1
50	21	3
50	23	5
50	24	9
50	25	2
50	27	3
50	28	5
50	29	5
50	31	4
50	33	4
50	34	2
50	35	2
50	36	2
50	37	3
50	38	4
50	39	6
50	40	4
50	41	1
50	42	4
50	43	1
50	44	2
50	45	3
50	46	2
50	47	6
50	48	7
50	49	16
51	1	2
51	5	2
51	6	7
51	7	10
51	8	10
51	9	5
51	10	7
51	11	5
51	12	12
51	13	10
51	14	4
51	15	8
51	16	12
51	17	4
51	18	3
51	19	5
51	20	3
51	21	11
51	22	4
51	23	3
51	24	5
51	25	3
51	27	7
51	28	5
51	29	5
51	30	2
51	31	1
51	33	2
51	34	2
51	35	3
51	36	1
51	37	3
51	38	2
51	39	8
51	40	4
51	41	2
51	42	5
51	43	6
51	44	4
51	45	2
51	46	1
51	47	7
51	48	10
51	49	14
51	50	19
52	2	1
52	3	3
52	4	1
52	5	2
52	6	7
52	7	6
52	8	12
52	9	5
52	10	8
52	11	3
52	12	6
52	13	8
52	14	9
52	15	12
52	16	4
52	17	2
52	18	3
52	19	3
52	20	4
52	21	5
52	22	2
52	24	3
52	25	5
52	26	3
52	27	5
52	28	5
52	31	3
52	32	4
52	33	5
52	34	6
52	35	3
52	37	4
52	38	4
52	39	3
52	40	5
52	42	4
52	43	1
52	44	1
52	45	6
52	46	3
52	47	3
52	48	6
52	49	13
52	50	14
52	51	32
53	1	1
53	3	2
53	4	2
53	5	2
53	6	8
53	7	7
53	8	17
53	9	5
53	10	9
53	11	3
53	12	7
53	13	8
53	14	5
53	15	10
53	16	3
53	17	4
53	18	6
53	19	4
53	20	6
53	21	3
53	22	9
53	23	2
53	24	6
53	25	4
53	26	4
53	27	9
53	28	14
53	29	5
53	30	4
53	31	6
53	32	6
53	33	4
53	34	2
53	35	3
53	36	7
53	37	2
53	38	9
53	39	6
53	40	5
53	41	5
53	42	6
53	43	4
53	44	6
53	45	3
53	46	2
53	47	10
53	48	6
53	49	13
53	50	10
53	51	7
53	52	8
54	0	1
54	3	2
54	4	3
54	5	4
54	6	7
54	7	11
54	8	7
54	9	3
54	10	4
54	11	5
54	12	7
54	13	2
54	14	2
54	15	1
54	16	2
54	17	3
54	18	1
54	19	3
54	20	1
54	21	3
54	22	2
54	23	1
54	24	2
54	25	5
54	26	1
54	27	6
54	28	9
54	29	3
54	30	2
54	31	4
54	32	7
54	33	7
54	34	5
54	35	8
54	37	4
54	38	7
54	39	3
54	40	2
54	41	8
54	42	14
54	43	2
54	44	6
54	45	3
54	46	4
54	47	4
54	48	7
54	49	6
54	50	7
54	51	3
54	52	8
54	53	19
55	1	1
55	2	2
55	3	3
55	4	8
55	5	7
55	6	7
55	7	6
55	8	11
55	9	7
55	10	9
55	11	3
55	12	9
55	13	3
55	14	2
55	15	6
55	16	3
55	17	7
55	18	1
55	19	6
55	20	1
55	21	9
55	22	4
55	23	6
55	24	5
55	25	4
55	26	5
55	27	2
55	28	7
55	29	6
55	30	3
55	31	6
55	32	6
55	33	5
55	34	3
55	35	8
55	36	4
55	37	1
55	38	10
55	39	4
55	40	5
55	41	8
55	42	9
55	43	8
55	44	3
55	45	2
55	46	3
55	47	11
55	48	7
55	49	15
55	50	6
55	51	8
55	52	3
55	53	12
55	54	15
56	1	3
56	3	4
56	4	7
56	5	3
56	6	7
56	7	4
56	8	8
56	10	2
56	11	2
56	12	6
56	13	5
56	15	1
56	16	2
56	17	4
56	18	3
56	19	3
56	20	3
56	21	1
56	23	1
56	24	6
56	25	3
56	26	4
56	27	3
56	28	5
56	29	5
56	30	4
56	31	4
56	32	2
56	33	5
56	34	3
56	35	1
56	36	1
56	37	3
56	38	3
56	39	1
56	40	1
56	41	3
56	42	1
56	43	9
56	44	3
56	45	2
56	46	5
56	47	5
56	48	7
56	49	6
56	50	7
56	51	12
56	52	5
56	53	5
56	54	8
56	55	16
57	2	1
57	3	6
57	4	6
57	5	9
57	6	9
57	7	7
57	8	11
57	9	2
57	10	6
57	11	4
57	12	6
57	13	2
57	14	4
57	15	5
57	16	7
57	17	5
57	18	3
57	19	3
57	20	2
57	21	4
57	22	1
57	23	5
57	24	4
57	25	4
57	26	2
57	27	5
57	28	7
57	29	3
57	30	5
57	31	2
57	33	4
57	34	1
57	35	2
57	36	5
57	37	2
57	38	6
57	39	5
57	40	6
57	41	4
57	42	3
57	43	6
57	44	4
57	45	3
57	46	2
57	47	2
57	48	8
57	49	4
57	50	7
57	51	3
57	52	3
57	53	9
57	54	7
57	55	11
57	56	8
58	1	1
58	3	7
58	4	9
58	5	6
58	6	6
58	7	6
58	8	4
58	9	5
58	10	7
58	11	2
58	12	4
58	13	4
58	14	3
58	15	1
58	16	3
58	17	1
58	18	5
58	19	3
58	20	1
58	21	3
58	22	3
58	23	2
58	24	9
58	25	1
58	26	1
58	27	7
58	28	2
58	29	3
58	30	1
58	31	5
58	33	7
58	34	5
58	35	2
58	36	1
58	37	2
58	38	3
58	39	3
58	40	4
58	41	3
58	42	3
58	43	3
58	44	2
58	45	2
58	46	3
58	47	5
58	48	5
58	49	2
58	50	6
58	51	5
58	52	4
58	53	8
58	54	7
58	55	13
58	56	15
58	57	17
59	0	1
59	2	2
59	3	5
59	4	2
59	5	2
59	6	2
59	7	2
59	8	5
59	9	1
59	10	6
59	12	2
59	13	1
59	14	4
59	15	2
59	16	3
59	17	3
59	18	2
59	19	3
59	22	2
59	24	3
59	25	2
59	26	1
59	27	2
59	28	3
59	29	3
59	30	3
59	31	2
59	33	2
59	34	2
59	35	7
59	38	2
59	39	2
59	40	5
59	41	3
59	43	3
59	44	2
59	45	1
59	46	1
59	47	2
59	49	3
59	50	1
59	51	4
59	52	7
59	53	5
59	54	1
59	55	4
59	56	2
59	57	4
59	58	3
60	0	5
60	1	6
60	2	8
60	4	3
60	5	1
60	7	2
60	8	4
60	9	3
60	10	5
60	12	4
60	13	6
60	15	5
60	16	3
60	17	1
60	20	1
60	21	2
60	22	1
60	25	1
60	27	3
60	28	5
60	30	3
60	31	7
60	32	7
60	33	4
60	34	1
60	35	2
60	36	1
60	38	4
60	39	1
60	41	2
60	42	8
60	43	5
60	44	9
60	45	8
60	46	10
60	47	3
60	48	2
60	49	3
60	51	4
60	52	3
60	54	4
60	55	5
60	56	3
60	58	2
60	59	1
