1	0	15
2	0	7
2	1	19
3	0	2
3	2	1
4	1	1
4	3	16
5	0	1
5	2	2
5	3	5
5	4	21
6	3	1
6	4	2
6	5	11
7	0	2
7	1	3
7	3	1
7	4	3
7	5	10
7	6	13
8	1	3
8	2	1
8	3	1
8	4	4
8	5	7
8	6	17
8	7	17
9	0	1
9	2	1
9	3	2
9	4	2
9	5	4
9	6	7
9	7	9
9	8	23
10	0	1
10	2	1
10	3	5
10	4	6
10	5	2
10	6	3
10	7	9
10	8	13
10	9	24
11	0	2
11	1	1
11	2	1
11	3	1
11	4	5
11	5	2
11	6	4
11	7	1
11	8	7
11	9	15
11	10	19
12	3	3
12	4	6
12	5	7
12	6	2
12	7	2
12	8	17
12	9	4
12	10	24
12	11	23
13	1	3
13	3	1
13	4	3
13	5	7
13	6	8
13	7	3
13	8	13
13	9	9
13	10	23
13	11	8
13	12	19
14	0	1
14	1	1
14	3	5
14	4	5
14	6	4
14	7	2
14	8	3
14	9	1
14	10	7
14	11	2
14	12	8
14	13	15
15	0	4
15	1	3
15	3	4
15	4	5
15	5	4
15	6	12
15	7	5
15	8	6
15	9	5
15	10	9
15	11	4
15	12	5
15	13	12
15	14	16
16	1	2
16	3	2
16	4	4
16	5	5
16	6	6
16	7	7
16	8	14
16	9	8
16	10	5
16	11	6
16	12	8
16	13	10
16	14	8
16	15	12
17	1	4
17	2	1
17	3	7
17	4	5
17	5	9
17	6	4
17	7	4
17	8	4
17	9	2
17	10	5
17	11	2
17	12	6
17	13	5
17	14	3
17	15	4
17	16	1
18	0	1
18	2	1
18	3	10
18	4	8
18	5	6
18	6	5
18	7	5
18	8	5
18	9	5
18	10	1
18	11	1
18	12	3
18	13	4
18	14	6
18	15	4
18	16	6
18	17	14
19	1	1
19	2	1
19	3	7
19	4	5
19	5	7
19	6	6
19	7	4
19	8	5
19	9	3
19	10	5
19	11	3
19	12	7
19	13	8
19	14	5
19	15	1
19	16	7
19	17	25
19	18	24
20	3	4
20	4	5
20	5	8
20	6	1
20	7	5
20	8	1
20	9	6
20	10	3
20	11	2
20	13	5
20	14	7
20	15	6
20	16	3
20	17	6
20	18	4
20	19	7
21	0	2
21	1	4
21	2	2
21	3	2
21	4	2
21	5	1
21	6	3
21	7	8
21	8	4
21	9	5
21	10	5
21	11	3
21	12	7
21	13	5
21	14	6
21	15	12
21	16	3
21	17	9
21	18	8
21	19	10
21	20	16
22	2	1
22	3	2
22	4	3
22	5	3
22	6	1
22	7	1
22	8	3
22	9	3
22	10	4
22	11	3
22	12	2
22	13	2
22	14	1
22	15	1
22	16	5
22	17	6
22	18	10
22	19	6
22	20	1
22	21	7
23	1	1
23	3	4
23	4	2
23	5	6
23	6	1
23	7	5
23	8	4
23	9	3
23	10	10
23	11	4
23	12	6
23	13	2
23	14	5
23	15	5
23	16	3
23	17	6
23	18	4
23	19	5
23	20	3
23	21	2
23	22	7
24	0	2
24	3	8
24	4	7
24	5	16
24	6	12
24	7	4
24	8	12
24	9	6
24	10	10
24	11	5
24	12	6
24	13	5
24	14	8
24	15	7
24	16	12
24	17	15
24	18	4
24	19	11
24	20	6
24	21	6
24	22	4
24	23	12
25	0	2
25	1	2
25	2	2
25	3	5
25	4	5
25	5	6
25	6	5
25	7	6
25	8	4
25	9	8
25	10	10
25	11	6
25	12	4
25	13	3
25	14	1
25	15	6
25	16	7
25	17	9
25	18	4
25	19	1
25	20	3
25	21	8
25	22	9
25	23	14
25	24	9
26	1	3
26	3	5
26	4	2
26	5	1
26	8	4
26	9	5
26	10	2
26	11	4
26	12	2
26	13	5
26	14	4
26	15	2
26	17	4
26	18	6
26	19	4
26	20	6
26	21	2
26	22	3
26	23	4
26	24	2
26	25	13
27	2	1
27	3	7
27	4	2
27	5	5
27	6	7
27	7	2
27	8	9
27	9	11
27	10	11
27	11	10
27	12	10
27	13	12
27	14	4
27	15	3
27	16	5
27	17	4
27	18	4
27	19	7
27	20	3
27	21	5
27	22	7
27	23	3
27	24	12
27	25	14
27	26	8
28	2	3
28	3	3
28	4	10
28	5	4
28	6	7
28	7	9
28	8	5
28	9	8
28	10	9
28	11	9
28	12	7
28	13	3
28	14	2
28	15	9
28	16	3
28	17	6
28	18	3
28	19	4
28	20	4
28	21	4
28	22	4
28	23	5
28	24	10
28	25	2
28	26	3
28	27	19
29	0	2
29	3	2
29	4	1
29	5	4
29	6	5
29	7	6
29	8	4
29	9	4
29	10	3
29	11	6
29	12	8
29	13	4
29	14	3
29	15	2
29	17	2
29	19	1
29	21	6
29	22	3
29	23	5
29	24	5
29	25	7
29	26	1
29	27	4
29	28	15
30	1	3
30	2	3
30	3	3
30	4	5
30	5	3
30	6	2
30	7	2
30	8	2
30	9	2
30	10	5
30	11	5
30	12	5
30	13	2
30	14	1
30	15	3
30	16	2
30	17	4
30	18	1
30	19	6
30	21	5
30	23	2
30	24	3
30	25	2
30	27	8
30	28	8
30	29	2
31	1	3
31	2	1
31	3	2
31	4	3
31	5	1
31	6	6
31	7	3
31	8	7
31	9	5
31	10	5
31	11	2
31	12	1
31	15	2
31	16	1
31	18	3
31	19	1
31	20	3
31	21	1
31	22	3
31	23	3
31	24	3
31	27	7
31	28	7
31	29	3
31	30	11
32	2	1
32	4	3
32	5	1
32	6	3
32	8	1
32	9	1
32	10	1
32	11	1
32	12	4
32	15	3
32	16	1
32	17	2
32	19	3
32	21	1
32	22	5
32	23	2
32	24	3
32	25	4
32	26	1
32	27	3
32	28	3
32	29	2
32	30	3
32	31	5
33	1	2
33	2	5
33	4	4
33	6	4
33	7	3
33	8	3
33	9	2
33	10	2
33	11	4
33	12	5
33	13	7
33	15	5
33	16	3
33	17	3
33	22	5
33	23	2
33	24	4
33	25	2
33	26	3
33	27	2
33	28	10
33	29	6
33	30	8
33	31	10
33	32	12
34	0	1
34	1	2
34	2	1
34	4	2
34	5	1
34	6	3
34	7	8
34	8	6
34	9	2
34	10	3
34	11	6
34	12	1
34	13	3
34	16	4
34	17	1
34	20	1
34	21	5
34	22	2
34	23	1
34	24	4
34	25	4
34	26	1
34	27	8
34	28	9
34	30	9
34	31	17
34	32	5
34	33	21
35	1	1
35	2	2
35	3	4
35	4	2
35	5	6
35	6	4
35	7	4
35	8	11
35	9	9
35	10	11
35	11	13
35	12	4
35	13	5
35	14	6
35	15	7
35	16	3
35	17	7
35	18	7
35	19	3
35	20	2
35	21	2
35	22	6
35	23	10
35	24	9
35	25	16
35	26	5
35	27	16
35	28	9
35	29	3
35	30	2
35	31	3
35	32	2
35	33	2
35	34	1
36	3	5
36	4	2
36	5	2
36	6	3
36	7	4
36	8	10
36	9	12
36	10	15
36	11	10
36	12	9
36	13	10
36	14	3
36	15	5
36	16	4
36	17	2
36	18	4
36	19	3
36	20	4
36	21	3
36	22	3
36	23	5
36	24	6
36	25	6
36	26	3
36	27	9
36	28	10
36	30	5
36	31	4
36	32	2
36	35	21
37	2	1
37	3	2
37	4	5
37	5	3
37	6	3
37	7	3
37	8	3
37	9	2
37	10	11
37	11	3
37	12	7
37	13	3
37	14	4
37	15	4
37	16	4
37	17	5
37	18	5
37	19	2
37	20	4
37	21	6
37	22	7
37	23	7
37	24	8
37	25	12
37	26	5
37	27	11
37	28	10
37	29	3
37	30	2
37	31	3
37	33	3
37	34	1
37	35	32
37	36	5
38	1	3
38	3	2
38	4	2
38	5	7
38	6	7
38	7	5
38	8	7
38	9	9
38	10	9
38	11	6
38	12	8
38	13	9
38	14	5
38	15	5
38	17	4
38	18	6
38	19	4
38	20	8
38	21	3
38	22	7
38	23	3
38	24	5
38	25	10
38	26	8
38	27	8
38	28	5
38	29	5
38	30	5
38	31	6
38	32	3
38	33	4
38	34	7
38	35	15
38	36	16
38	37	19
39	0	1
39	3	3
39	4	1
39	5	2
39	6	2
39	7	5
39	8	8
39	9	11
39	10	7
39	11	8
39	12	10
39	13	9
39	14	1
39	15	4
39	16	3
39	17	6
39	18	4
39	19	3
39	20	2
39	21	3
39	22	1
39	23	4
39	24	6
39	25	8
39	26	6
39	27	7
39	28	2
39	29	4
39	30	2
39	31	4
39	32	2
39	33	4
39	34	5
39	35	10
39	36	3
39	37	9
39	38	20
40	0	1
40	1	2
40	3	3
40	4	7
40	5	2
40	6	5
40	7	2
40	8	9
40	9	5
40	10	3
40	11	6
40	12	4
40	13	3
40	14	3
40	15	1
40	16	3
40	17	2
40	18	4
40	19	1
40	20	2
40	21	2
40	22	6
40	23	7
40	24	5
40	25	7
40	26	3
40	27	11
40	28	15
40	29	15
40	30	5
40	31	5
40	32	2
40	33	3
40	34	4
40	35	7
40	36	6
40	37	10
40	38	12
40	39	6
41	2	3
41	3	1
41	4	3
41	5	3
41	6	1
41	7	5
41	8	8
41	9	7
41	10	5
41	11	10
41	12	3
41	13	7
41	14	1
41	15	2
41	16	3
41	17	1
41	18	3
41	19	1
41	20	1
41	21	3
41	22	3
41	23	6
41	24	3
41	25	6
41	26	2
41	27	5
41	28	5
41	29	4
41	30	12
41	31	7
41	32	5
41	33	5
41	34	8
41	35	4
41	36	8
41	37	6
41	38	9
41	39	9
41	40	6
42	0	1
42	1	3
42	3	2
42	4	3
42	5	4
42	6	3
42	7	1
42	8	8
42	9	1
42	10	6
42	11	4
42	12	1
42	13	3
42	14	1
42	15	1
42	16	3
42	17	3
42	18	4
42	20	1
42	22	1
42	24	4
42	25	3
42	27	5
42	28	7
42	29	6
42	30	15
42	31	9
42	32	7
42	33	4
42	34	4
42	35	1
42	37	4
42	38	7
42	39	1
42	40	9
42	41	4
43	2	1
43	4	3
43	5	7
43	6	1
43	7	3
43	8	2
43	9	4
43	10	5
43	11	5
43	12	5
43	13	5
43	14	2
43	15	1
43	16	3
43	17	3
43	18	5
43	24	2
43	25	3
43	27	2
43	28	7
43	30	12
43	31	10
43	32	13
43	33	8
43	34	7
43	35	1
43	37	1
43	38	4
43	39	3
43	40	2
43	41	6
43	42	12
44	0	3
44	1	6
44	2	1
44	4	1
44	5	7
44	6	3
44	7	2
44	9	3
44	10	4
44	11	1
44	12	4
44	13	4
44	15	4
44	16	1
44	17	3
44	19	2
44	20	1
44	22	2
44	23	1
44	27	3
44	28	3
44	29	2
44	30	6
44	31	2
44	32	10
44	33	11
44	34	6
44	35	2
44	36	2
44	38	2
44	40	2
44	41	4
44	42	6
44	43	19
45	1	2
45	2	1
45	4	4
45	7	3
45	8	6
45	9	2
45	10	5
45	12	4
45	13	6
45	14	1
45	16	1
45	17	1
45	18	1
45	22	1
45	25	5
45	27	1
45	28	4
45	30	4
45	31	2
45	32	5
45	33	7
45	34	8
45	35	3
45	38	2
45	39	1
45	40	1
45	41	7
45	42	2
45	43	15
45	44	16
46	1	2
46	2	1
46	4	4
46	5	3
46	6	5
46	8	3
46	9	1
46	10	3
46	11	1
46	12	4
46	13	2
46	18	2
46	19	4
46	20	1
46	22	2
46	23	1
46	24	1
46	25	6
46	27	2
46	28	1
46	29	3
46	30	7
46	31	2
46	32	8
46	33	11
46	34	8
46	35	5
46	38	3
46	39	3
46	40	6
46	41	2
46	42	3
46	43	16
46	44	12
46	45	14
47	0	1
47	2	1
47	3	1
47	4	4
47	5	4
47	6	5
47	7	5
47	8	9
47	9	5
47	10	2
47	11	6
47	12	7
47	13	5
47	14	5
47	15	5
47	16	6
47	17	1
47	18	5
47	20	1
47	22	5
47	23	3
47	24	4
47	25	4
47	27	5
47	28	8
47	29	4
47	30	9
47	31	7
47	32	5
47	33	6
47	34	5
47	35	2
47	36	1
47	37	3
47	38	10
47	39	1
47	41	5
47	42	11
47	43	7
47	44	9
47	45	7
47	46	2
48	1	1
48	2	1
48	3	1
48	4	5
48	5	7
48	6	7
48	7	8
48	8	6
48	9	5
48	10	9
48	11	5
48	12	14
48	13	9
48	14	2
48	15	6
48	16	7
48	17	6
48	18	2
48	19	3
48	20	1
48	21	4
48	22	3
48	23	2
48	24	5
48	25	1
48	27	4
48	28	5
48	29	5
48	30	4
48	31	5
48	32	1
48	34	3
48	35	3
48	36	4
48	37	5
48	38	7
48	39	4
48	40	5
48	41	6
48	42	5
48	43	8
48	44	1
48	45	4
48	46	4
48	47	14
49	4	9
49	5	3
49	6	8
49	7	8
49	8	28
49	9	16
49	10	15
49	11	14
49	12	21
49	13	8
49	14	5
49	15	9
49	16	11
49	17	6
49	18	5
49	19	7
49	20	8
49	21	6
49	23	6
49	24	7
49	25	7
49	26	1
49	27	8
49	28	3
49	29	7
49	30	3
49	31	6
49	32	2
49	33	4
49	34	5
49	35	10
49	36	2
49	37	8
49	38	11
49	39	7
49	40	5
49	41	9
49	42	9
49	43	4
49	44	3
49	45	1
49	46	3
49	47	7
49	48	22
50	3	4
50	4	3
50	5	6
50	6	13
50	7	13
50	8	16
50	9	7
50	10	8
50	11	4
50	12	3
50	13	6
50	14	6
50	15	6
50	16	7
50	17	2
50	18	5
50	19	5
50	20	2
50	21	5
50	22	2
50	23	2
50	24	5
50	25	1
50	27	6
50	28	4
50	29	4
50	30	3
50	31	6
50	33	3
50	34	3
50	35	4
50	36	4
50	37	1
50	38	5
50	39	4
50	40	3
50	41	3
50	42	5
50	44	2
50	45	3
50	46	4
50	47	9
50	48	9
50	49	9
51	1	1
51	3	4
51	4	2
51	5	6
51	6	8
51	7	9
51	8	13
51	9	5
51	10	5
51	11	5
51	12	8
51	13	4
51	14	5
51	15	8
51	16	17
51	17	3
51	18	3
51	19	1
51	20	2
51	21	1
51	22	3
51	23	4
51	24	5
51	25	2
51	27	5
51	28	4
51	29	4
51	30	4
51	31	2
51	32	2
51	33	8
51	34	2
51	35	2
51	36	3
51	37	3
51	38	2
51	39	4
51	40	1
51	41	8
51	42	6
51	43	7
51	44	1
51	45	2
51	46	2
51	47	9
51	48	9
51	49	10
51	50	10
52	2	3
52	3	1
52	4	6
52	5	3
52	6	7
52	7	5
52	8	7
52	9	4
52	10	6
52	11	2
52	12	7
52	13	7
52	14	3
52	15	10
52	16	11
52	17	4
52	18	1
52	19	5
52	20	3
52	21	3
52	22	9
52	23	2
52	24	4
52	25	4
52	26	5
52	27	6
52	28	2
52	29	4
52	30	2
52	31	1
52	32	1
52	33	4
52	34	1
52	35	4
52	36	4
52	37	2
52	38	2
52	39	2
52	40	3
52	41	5
52	42	6
52	43	5
52	44	3
52	45	1
52	46	3
52	47	7
52	48	6
52	49	10
52	50	8
52	51	27
53	1	1
53	2	4
53	3	4
53	4	3
53	5	4
53	6	9
53	7	7
53	8	17
53	9	9
53	10	9
53	11	6
53	12	11
53	13	2
53	14	6
53	15	7
53	16	6
53	17	1
53	19	4
53	20	4
53	21	5
53	22	1
53	23	2
53	24	5
53	25	2
53	26	2
53	27	13
53	28	7
53	29	6
53	30	8
53	31	2
53	32	5
53	33	6
53	34	8
53	35	3
53	36	4
53	37	4
53	38	4
53	39	2
53	40	5
53	41	6
53	42	7
53	43	8
53	44	4
53	45	4
53	46	5
53	47	9
53	48	9
53	49	19
53	50	8
53	51	9
53	52	3
54	3	4
54	4	4
54	5	9
54	6	9
54	7	3
54	8	10
54	9	7
54	10	6
54	11	4
54	12	5
54	13	5
54	14	4
54	15	5
54	16	4
54	17	3
54	18	5
54	19	2
54	20	4
54	21	4
54	22	5
54	23	2
54	24	4
54	25	3
54	26	2
54	27	6
54	28	10
54	29	7
54	30	2
54	31	5
54	32	9
54	33	9
54	34	7
54	35	4
54	36	2
54	37	2
54	38	9
54	39	2
54	40	9
54	41	1
54	42	7
54	43	5
54	44	6
54	45	5
54	46	5
54	47	10
54	48	6
54	49	7
54	50	8
54	51	2
54	52	4
54	53	16
55	0	5
55	1	3
55	2	1
55	3	2
55	4	6
55	5	4
55	6	6
55	7	4
55	8	11
55	9	7
55	10	4
55	11	3
55	12	7
55	13	7
55	14	8
55	15	5
55	16	7
55	17	3
55	18	2
55	19	1
55	20	1
55	21	8
55	22	4
55	23	2
55	24	11
55	25	5
55	26	3
55	27	5
55	28	7
55	29	3
55	30	4
55	31	4
55	32	6
55	33	2
55	34	4
55	35	2
55	36	1
55	37	4
55	38	5
55	39	2
55	40	7
55	41	10
55	42	8
55	43	5
55	44	6
55	45	3
55	46	6
55	47	5
55	48	6
55	49	5
55	50	9
55	51	9
55	52	2
55	53	5
55	54	25
56	0	1
56	1	2
56	3	7
56	4	6
56	5	10
56	6	5
56	7	7
56	8	3
56	9	4
56	10	1
56	11	8
56	12	4
56	13	11
56	14	5
56	15	4
56	16	3
56	17	1
56	18	6
56	19	4
56	20	4
56	21	6
56	22	4
56	23	2
56	24	4
56	25	4
56	26	2
56	27	4
56	28	4
56	29	2
56	30	2
56	31	9
56	32	1
56	33	4
56	34	5
56	35	4
56	36	5
56	37	1
56	38	2
56	39	4
56	40	3
56	41	1
56	42	7
56	43	3
56	44	5
56	45	3
56	46	1
56	47	5
56	48	10
56	49	11
56	50	12
56	51	5
56	52	7
56	53	12
56	54	7
56	55	17
57	2	2
57	3	2
57	4	7
57	5	6
57	6	5
57	7	7
57	8	7
57	9	8
57	10	4
57	11	5
57	12	5
57	13	7
57	14	1
57	15	1
57	16	3
57	17	4
57	18	2
57	19	8
57	20	5
57	21	5
57	22	4
57	23	5
57	24	4
57	25	2
57	26	3
57	27	5
57	28	4
57	29	2
57	30	6
57	31	6
57	32	5
57	33	2
57	34	2
57	35	3
57	36	1
57	37	3
57	38	6
57	39	3
57	40	3
57	41	4
57	42	6
57	43	2
57	44	2
57	45	1
57	46	1
57	47	2
57	48	2
57	49	12
57	50	4
57	51	3
57	52	7
57	53	7
57	54	6
57	55	7
57	56	16
58	0	1
58	1	1
58	3	4
58	4	4
58	5	7
58	6	6
58	7	9
58	8	8
58	9	6
58	10	3
58	11	5
58	12	5
58	13	1
58	14	2
58	15	3
58	16	5
58	17	5
58	18	3
58	19	3
58	20	4
58	21	2
58	22	4
58	23	2
58	24	3
58	25	3
58	26	3
58	27	3
58	28	9
58	29	3
58	30	3
58	31	6
58	32	1
58	33	1
58	34	2
58	35	5
58	36	3
58	37	1
58	38	3
58	39	5
58	40	2
58	41	3
58	42	6
58	43	6
58	44	6
58	45	3
58	46	1
58	47	4
58	48	5
58	49	8
58	50	7
58	51	1
58	52	2
58	53	9
58	54	5
58	55	11
58	56	10
58	57	24
59	0	2
59	2	3
59	3	5
59	4	8
59	5	4
59	6	3
59	8	1
59	9	5
59	12	2
59	13	1
59	14	3
59	15	3
59	16	1
59	17	1
59	18	3
59	19	1
59	22	2
59	23	1
59	24	3
59	25	5
59	26	3
59	27	2
59	28	6
59	29	3
59	30	3
59	31	2
59	33	3
59	34	2
59	36	3
59	38	1
59	40	4
59	41	4
59	43	4
59	45	4
59	46	5
59	47	1
59	49	1
59	50	4
59	51	3
59	52	3
59	53	4
59	54	2
59	55	4
59	56	2
59	57	3
59	58	6
60	0	5
60	1	7
60	2	6
60	4	3
60	5	2
60	7	3
60	8	2
60	9	5
60	10	3
60	11	4
60	12	3
60	13	1
60	15	3
60	16	4
60	21	1
60	22	2
60	25	2
60	27	5
60	28	3
60	30	6
60	31	3
60	32	5
60	33	6
60	34	2
60	35	3
60	36	6
60	38	5
60	39	1
60	40	1
60	41	3
60	42	6
60	43	4
60	44	6
60	45	10
60	46	6
60	47	4
60	48	3
60	49	6
60	51	4
60	52	7
60	53	3
60	54	2
60	55	2
60	56	6
60	57	2
60	58	3
60	59	2
